DEF 18823088 {
Version {
0x2
}
Kb {
0.224, -31.637, 0.364, -56.550, 2.360, 0.488,
0.105, -40.899, 0.164, -78.303, 2.750, 7.417,
-0.143, 11.743, -0.133, 14.308, 2.894, -2.878,
0.044, -1.234, 0.069, -19.031, 2.103, -2.485,
0.115, 21.091, 0.176, -0.380, 2.795, -6.711,
-0.024, -33.829, 0.040, -30.716, 2.896, -1.274,
-0.015, 39.376, 0.035, 28.185, 2.877, 3.045,
0.175, -11.313, 0.258, -33.435, 2.319, -9.852,
0.109, -6.132, 0.208, -46.457, 2.284, -11.243,
0.020, 30.120, 0.053, 59.564, 2.894, -1.199,
0.064, 17.703, 0.092, 29.227, 2.081, -3.115,
0.022, 24.242, -0.000, 32.256, 2.468, 0.000
}
Fpn_lg {
96.611, 96.694, 105.139, 108.306, 139.056, 71.694, 85.694, 53.028, 114.083, 85.778, 151.389, 114.444
}
Fpn_hg {
120.500, 120.750, 128.917, 132.000, 162.333, 96.000, 108.722, 76.722, 134.444, 110.278, 173.778, 138.111
}
AutoV20_lg {
0x8
}
AutoV20_hg {
0xa
}
Rampgen {
0x94
}
Range {
0xf
}
AutoV15 {
0x6
}
Temp_calib {
29.500, -29.819, 0.000, 0.000, 0.000, 0.000, 0.000, 0.000, 0.000, 0.000, 0.000, 0.000
}
}

DEF 18823083 {
Version {
0x2
}
Kb {
-0.194, -10.212, -0.123, 7.264, 3.669, 2.146,
0.201, 69.462, 0.231, 44.090, 3.882, 0.505,
-0.117, -50.752, -0.005, -56.070, 2.773, 5.391,
0.370, 14.279, 0.431, 12.275, 2.108, 8.064,
0.093, -39.821, 0.150, -39.740, 2.586, 6.081,
0.029, 15.462, 0.061, 17.916, 3.814, 0.615,
0.290, 28.318, 0.341, 4.078, 3.675, -0.229,
-0.001, 78.215, 0.097, 45.582, 2.954, -1.673,
-0.535, 60.363, -0.515, 87.961, 3.311, -2.646,
0.101, -76.010, 0.160, -79.201, 2.860, 4.052,
-0.133, 39.670, -0.067, 46.302, 3.805, -4.692,
0.277, 2.278, 0.273, -6.824, 2.828, 0.000
}
Fpn_lg {
79.028, 164.306, 66.250, 137.250, 65.472, 169.556, 128.750, 98.028, 81.611, 46.889, 142.250, 91.861
}
Fpn_hg {
97.417, 181.833, 83.306, 156.194, 82.778, 187.917, 148.028, 114.528, 97.833, 65.167, 159.333, 109.306
}
AutoV20_lg {
0x8
}
AutoV20_hg {
0xa
}
Rampgen {
0xac
}
Range {
0xf
}
AutoV15 {
0x5
}
Temp_calib {
29.500, -30.247, 0.000, 0.000, 0.000, 0.000, 0.000, 0.000, 0.000, 0.000, 0.000, 0.000
}
}


DEF 18823101 {
Version {
0x2
}
Kb {
-0.309, -4.459, -0.188, 1.206, 3.234, -10.941,
0.039, -43.554, 0.190, -52.405, 2.929, 10.822,
0.442, -10.672, 0.584, -22.461, 2.152, 4.263,
0.164, -21.826, 0.350, -55.421, 2.510, 6.488,
0.112, 33.814, 0.219, 37.717, 2.820, 4.301,
0.294, -12.138, 0.446, -33.953, 2.915, 2.733,
-0.016, -35.507, 0.080, -68.789, 3.227, 2.630,
0.093, 13.303, 0.227, 18.711, 2.982, -4.214,
-0.157, 40.838, -0.055, 56.768, 3.435, 12.180,
0.265, -44.603, 0.399, -59.391, 2.474, 1.284,
0.107, 25.486, 0.196, 25.575, 3.094, -1.976,
0.056, 55.378, 0.148, 25.022, 3.849, 0.000
}
Fpn_lg {
118.083, 106.806, 93.222, 118.278, 211.833, 165.111, 145.917, 189.806, 53.250, 119.056, 147.917, 160.556
}
Fpn_hg {
133.250, 124.250, 108.056, 134.417, 228.556, 180.056, 164.139, 205.556, 70.472, 135.000, 164.778, 178.528
}
AutoV20_lg {
0x8
}
AutoV20_hg {
0xa
}
Rampgen {
0xa0
}
Range {
0xf
}
AutoV15 {
0x7
}
Temp_calib {
29.500, -21.289, 0.000, 0.000, 0.000, 0.000, 0.000, 0.000, 0.000, 0.000, 0.000, 0.000
}
}


DEF 18823102 {
Version {
0x2
}
Kb {
-0.029, -17.292, 0.029, -15.446, 2.384, 10.455,
-0.028, -2.624, -0.073, -1.110, 2.484, 7.011,
-0.136, 61.167, -0.232, 82.983, 3.060, 16.582,
-0.180, 0.007, -0.196, 13.486, 3.465, 6.334,
0.002, 32.837, 0.042, 40.530, 3.017, 0.000,
0.082, 12.689, 0.106, -40.168, 2.689, 14.842,
-0.221, 45.345, -0.222, 68.038, 4.008, 5.227,
-0.269, 26.480, -0.269, 49.554, 3.724, -5.045,
-0.322, 66.232, -0.243, 87.368, 4.508, -9.436,
0.044, -22.080, 0.060, -33.133, 2.845, 12.586,
-0.011, -22.983, -0.004, -2.481, 2.367, 10.437,
-0.472, 52.511, -0.446, 82.479, 2.632, 0.000
}
Fpn_lg {
384.389, 340.722, 396.250, 296.139, 450.083, 308.361, 276.111, 325.667, 311.472, 316.111, 360.833, 412.250
}
Fpn_hg {
401.722, 357.944, 413.500, 315.167, 467.306, 327.111, 284.917, 344.861, 330.444, 333.278, 379.833, 428.000
}
AutoV20_lg {
0x8
}
AutoV20_hg {
0xa
}
Rampgen {
0x93
}
Range {
0xf
}
AutoV15 {
0xd
}
Temp_calib {
29.500, -23.097, 0.000, 0.000, 0.000, 0.000, 0.000, 0.000, 0.000, 0.000, 0.000, 0.000
}
}
