Chip#1
103 97 102 101 106 106 105 97 99 91 98 96 0 222 123 69 23
105 100 112 113 112 106 115 111 103 99 100 103 1 0 0 0 0
102 93 106 105 111 106 116 102 99 98 101 96 2 0 0 0 0
100 97 110 107 106 109 106 102 102 100 91 98 3 0 0 0 0
108 100 107 111 109 113 128 120 103 103 105 101 4 0 0 0 0
100 92 106 108 106 105 125 116 99 99 95 96 5 0 0 0 0
106 98 111 108 107 106 110 100 96 96 99 99 6 0 0 0 0
100 98 105 105 107 105 107 101 107 113 107 100 7 0 0 0 0
100 92 97 105 106 106 103 96 94 108 106 95 8 0 0 0 0
104 101 111 108 109 109 107 103 102 103 105 102 9 0 0 0 0
100 95 106 100 101 103 100 97 96 107 101 96 10 0 0 0 0
132 97 111 102 106 105 106 99 106 113 131 15000 11 0 0 0 0
Chip#2
112 105 108 104 98 102 101 98 105 105 102 100 0 156 123 68 23
112 104 103 95 103 100 101 100 105 104 99 107 1 0 0 0 0
112 101 102 94 91 97 101 96 72 94 96 93 2 0 0 0 0
112 106 104 97 98 99 98 93 105 101 98 105 3 0 0 0 0
112 108 109 100 104 102 129 131 105 107 108 105 4 0 0 0 0
112 101 101 94 93 98 129 126 105 104 98 96 5 0 0 0 0
112 110 106 104 100 106 103 102 105 107 105 108 6 0 0 0 0
112 105 103 97 94 97 96 95 105 126 123 100 7 0 0 0 0
112 95 106 100 96 99 95 97 105 114 112 98 8 0 0 0 0
112 107 103 100 98 102 101 100 105 109 105 108 9 0 0 0 0
112 104 97 97 91 93 95 91 72 134 119 94 10 0 0 0 0
112 102 103 100 96 97 98 102 105 117 110 15000 11 0 0 0 0
