Chip#1
105 101 98 90 93 103 95 96 100 102 109 96 0
107 105 106 107 121 110 99 104 131 102 112 99 1
99 103 101 121 126 103 95 101 143 103 114 98 2
99 101 95 92 94 101 90 89 102 98 101 92 3
108 107 103 97 97 110 100 100 105 100 109 96 4
105 102 101 97 102 106 99 101 106 102 109 97 5
113 107 108 126 149 110 96 108 155 116 113 99 6
109 107 103 112 118 111 100 101 118 102 113 103 7
103 101 100 93 94 103 90 99 98 94 99 94 8
113 103 104 98 103 111 95 100 102 100 111 96 9
105 103 99 91 94 108 98 100 99 95 109 98 10
103 105 103 94 97 105 96 100 100 99 110 15000 11
Chip#2
109 105 100 105 111 112 102 102 108 96 94 110 0
104 99 101 96 111 108 101 98 110 96 96 105 1
105 100 100 107 121 106 102 105 121 100 98 110 2
109 102 103 134 121 114 105 102 122 99 98 115 3
109 105 109 105 111 110 102 104 116 101 97 112 4
108 99 99 96 111 108 103 100 107 96 96 106 5
110 108 108 109 118 113 104 110 118 106 105 116 6
105 103 101 110 125 103 102 101 121 101 100 109 7
102 99 103 103 113 109 100 101 113 102 94 105 8
110 111 106 107 115 115 106 106 116 103 100 113 9
108 105 102 104 110 116 107 105 108 99 102 117 10
97 99 96 95 107 107 99 99 105 96 92 15000 11
Chip#3
113 95 102 101 97 93 107 100 103 104 97 95 0
115 98 105 99 102 101 110 109 105 104 100 101 1
106 93 100 95 91 91 98 98 98 94 96 93 2
107 98 99 102 106 100 104 104 105 104 95 95 3
114 105 111 126 202 124 114 114 170 133 99 103 4
114 98 104 106 122 99 104 106 124 111 99 105 5
110 100 102 101 104 99 104 105 107 101 99 98 6
109 103 105 107 104 106 110 108 107 103 96 102 7
110 134 108 117 151 103 107 99 150 135 99 103 8
104 89 93 101 162 102 96 97 157 119 89 93 9
116 103 109 103 109 105 112 110 109 108 101 103 10
103 91 98 92 93 90 98 98 98 94 88 15000 11
Chip#4
102 101 98 98 103 105 107 97 106 99 96 133 0
107 109 99 104 108 116 116 101 112 104 105 133 1
106 103 96 96 108 108 108 100 110 99 104 101 2
108 106 102 105 109 116 109 106 114 112 109 133 3
101 102 101 99 109 114 112 99 107 102 103 133 4
99 105 95 94 105 106 109 98 111 96 98 101 5
106 101 100 100 105 105 110 102 115 112 102 133 6
102 101 99 99 105 108 107 96 107 112 98 133 7
106 109 99 99 111 114 113 102 117 112 104 133 8
101 103 100 98 106 110 112 99 111 102 99 133 9
104 99 99 100 108 110 108 98 110 102 102 101 10
111 113 108 105 115 120 119 106 120 117 110 15000 11
Chip#1
105 103 102 98 100 108 99 101 110 104 114 102 0
109 110 106 132 191 104 99 104 242 102 113 100 1
114 114 111 210 253 114 108 120 321 146 115 110 2
107 105 102 99 103 107 98 97 114 101 107 98 3
105 107 105 101 100 109 93 99 107 101 111 99 4
97 93 89 93 98 97 88 95 110 89 101 90 5
107 109 101 202 320 106 95 128 346 148 110 94 6
97 104 96 143 170 102 96 100 149 102 105 92 7
113 111 110 107 105 117 106 109 116 108 117 104 8
108 112 103 99 94 106 97 101 105 101 112 104 9
110 114 111 105 102 111 106 103 110 102 113 108 10
105 104 103 95 99 104 97 100 101 97 110 15000 11
Chip#2
105 104 105 104 112 108 102 101 108 100 100 106 0
106 101 99 104 111 108 99 99 107 99 100 101 1
105 104 106 150 158 110 103 116 165 109 101 105 2
95 96 96 134 132 101 99 102 151 103 96 101 3
109 109 109 134 117 109 107 104 112 106 107 110 4
99 99 103 98 101 103 103 94 103 96 97 98 5
105 105 105 114 124 112 103 102 123 103 102 110 6
99 107 102 146 194 106 103 104 159 110 98 105 7
104 101 101 107 120 108 101 98 127 101 100 105 8
109 106 104 105 111 114 107 104 111 106 107 108 9
101 101 100 102 110 109 105 102 105 101 101 111 10
108 105 104 134 114 108 103 101 112 103 104 15000 11
Chip#3
104 98 101 98 98 92 97 101 103 94 93 99 0
115 101 100 98 100 95 102 105 106 102 95 100 1
113 98 102 97 97 95 100 96 97 92 96 93 2
104 94 96 105 143 104 99 100 119 101 99 91 3
107 96 102 198 520 185 98 123 389 219 96 93 4
102 90 100 102 185 100 103 99 175 119 92 98 5
104 99 101 100 96 98 105 102 103 99 104 97 6
109 101 100 104 101 98 98 105 106 101 95 94 7
102 98 101 176 326 115 99 106 303 245 102 98 8
108 94 103 137 383 147 101 110 374 245 91 95 9
108 96 99 97 97 92 102 99 102 100 95 94 10
115 100 98 102 97 96 103 101 104 98 99 15000 11
Chip#4
102 102 99 100 109 107 113 105 110 101 106 101 0
101 99 95 95 103 105 103 100 106 97 101 101 1
93 93 92 98 99 105 105 92 106 96 96 101 2
102 98 96 102 108 106 106 101 112 102 102 101 3
99 98 97 97 109 108 107 100 107 102 103 101 4
105 97 98 98 105 110 111 98 108 103 106 101 5
99 94 99 97 102 106 109 98 106 98 102 101 6
98 95 98 95 106 103 105 93 106 97 99 101 7
97 97 94 100 104 103 101 93 111 98 99 101 8
97 94 98 100 103 106 98 98 108 97 99 101 9
101 98 96 102 102 106 109 94 106 102 102 101 10
98 97 98 99 102 105 103 94 106 94 98 15000 11
Chip#1
103 103 103 102 103 107 95 107 107 101 107 99 0
110 110 108 171 304 111 99 115 411 109 112 101 1
104 99 100 338 415 106 97 128 546 189 110 97 2
107 105 105 107 108 106 99 105 121 103 110 98 3
108 106 107 103 96 109 98 104 109 101 113 98 4
105 109 106 110 116 110 100 107 128 103 107 103 5
102 107 106 336 616 111 96 169 619 207 109 92 6
101 103 100 190 253 102 95 109 201 104 105 95 7
113 111 104 104 105 113 104 107 105 106 115 105 8
111 109 108 102 102 111 99 104 107 99 110 102 9
111 110 106 96 100 110 100 99 108 102 111 106 10
98 103 101 98 99 106 95 99 101 97 105 15000 11
Chip#2
99 97 92 97 103 100 96 92 101 91 93 103 0
98 99 99 102 111 101 100 93 105 97 93 103 1
102 107 99 174 202 110 111 128 226 109 99 106 2
109 112 109 175 202 114 110 111 224 123 103 113 3
110 109 102 110 115 114 110 104 114 103 103 111 4
104 101 100 103 105 108 106 99 108 100 94 104 5
105 106 103 134 137 112 105 101 148 102 102 108 6
115 106 119 214 278 122 116 128 230 138 108 117 7
106 107 108 116 125 113 110 99 149 103 97 107 8
105 106 106 107 109 114 110 102 114 101 102 112 9
98 100 99 96 103 106 101 92 103 93 96 104 10
112 110 110 114 116 116 114 102 116 109 108 15000 11
Chip#3
114 134 107 104 106 100 108 104 109 104 104 109 0
126 110 104 104 104 99 106 111 103 103 96 107 1
112 98 104 102 98 98 103 103 105 99 99 95 2
112 100 104 117 185 109 106 106 132 107 99 103 3
109 102 109 277 841 250 109 144 626 318 100 103 4
103 96 98 116 259 106 103 101 225 138 91 95 5
106 99 103 101 93 100 104 101 101 103 96 99 6
101 96 97 99 100 99 103 96 110 103 94 89 7
104 94 104 242 515 147 104 109 459 362 96 103 8
108 134 102 181 612 176 106 115 591 275 96 102 9
117 102 104 101 110 105 107 99 109 104 101 106 10
122 134 102 99 100 100 108 109 106 100 101 15000 11
Chip#4
106 101 105 100 106 108 108 103 110 98 99 101 0
107 102 100 99 104 107 108 101 112 99 103 133 1
104 99 100 97 101 108 108 101 110 97 99 133 2
110 99 106 104 112 115 112 107 116 114 105 133 3
99 87 95 102 107 97 101 97 106 96 96 101 4
105 99 100 105 109 105 106 104 113 103 100 101 5
105 99 106 101 104 107 106 103 106 98 102 133 6
101 102 101 99 100 106 106 99 109 97 100 101 7
100 95 98 101 106 103 100 103 115 99 103 101 8
99 97 98 98 102 105 104 97 106 97 100 133 9
108 102 102 103 107 111 113 101 107 102 110 133 10
108 101 104 102 107 111 110 102 110 112 103 15000 11
Chip#1
114 110 103 104 105 110 101 107 111 105 118 110 0
116 114 103 201 422 106 102 117 551 115 123 107 1
111 114 107 493 600 113 102 144 797 214 115 98 2
110 112 109 115 114 113 104 108 140 112 116 104 3
110 110 110 104 107 110 99 105 109 102 120 103 4
105 105 107 113 124 113 97 107 141 104 111 103 5
116 114 113 486 895 116 107 212 914 269 119 101 6
114 117 111 261 360 115 108 129 288 124 121 104 7
114 114 104 98 102 111 96 106 109 101 114 101 8
117 111 103 99 100 109 98 103 106 98 109 105 9
111 115 111 101 102 106 98 101 107 96 119 108 10
117 117 111 112 106 117 109 111 114 110 122 15000 11
Chip#2
106 101 103 105 108 104 109 98 108 101 100 109 0
106 104 105 107 107 112 104 99 110 101 98 107 1
104 103 101 202 245 110 103 137 286 113 98 109 2
108 109 108 202 213 112 109 118 262 127 104 111 3
113 105 106 104 117 116 108 99 117 101 107 111 4
109 111 103 110 118 110 108 105 116 103 110 112 5
109 107 105 134 150 115 111 107 161 110 105 106 6
108 104 106 250 337 108 104 118 268 137 103 106 7
108 107 105 134 132 112 108 105 162 103 101 110 8
108 106 105 111 114 115 108 107 114 106 102 113 9
106 107 109 107 108 108 109 101 112 100 102 107 10
106 105 103 107 114 108 103 101 111 103 102 15000 11
Chip#3
120 105 106 101 97 98 102 104 102 101 100 108 0
122 134 104 103 99 95 107 100 102 95 96 102 1
124 134 111 113 106 101 114 110 116 108 105 103 2
104 92 100 111 194 107 102 103 133 102 95 94 3
103 99 106 316 997 281 104 147 724 363 95 100 4
116 104 106 130 280 116 112 111 254 149 101 98 5
112 100 105 104 103 105 104 101 107 100 95 104 6
109 102 107 107 106 99 107 107 117 112 100 98 7
103 102 107 269 601 147 104 115 537 432 97 102 8
117 104 107 208 733 193 113 123 696 318 99 106 9
110 94 102 101 100 96 102 100 106 100 94 97 10
126 107 105 104 99 97 108 105 103 104 99 15000 11
Chip#4
112 111 106 108 113 108 114 105 116 109 115 101 0
108 106 110 106 108 111 116 102 115 116 106 133 1
110 111 110 108 112 111 114 105 111 114 115 133 2
107 106 101 106 108 109 111 105 116 104 105 101 3
101 101 104 108 115 107 109 102 117 101 104 133 4
102 99 100 104 105 106 109 101 110 101 103 133 5
111 106 110 106 115 114 113 108 115 117 106 133 6
104 103 102 99 106 109 109 104 112 103 105 101 7
104 101 108 110 119 110 110 111 128 102 106 133 8
108 109 105 109 112 109 109 108 118 103 113 101 9
106 105 108 106 109 108 110 101 109 108 110 133 10
105 105 100 102 107 108 107 105 112 112 109 15000 11
Chip#1
117 110 108 106 103 110 104 107 113 104 110 106 0
103 109 102 234 511 106 99 124 707 117 111 104 1
117 118 113 639 772 119 110 162 1043 263 125 109 2
109 112 108 117 117 112 103 107 147 107 109 102 3
113 116 109 102 103 114 102 107 111 109 116 104 4
116 120 115 126 145 121 107 115 163 114 115 109 5
110 116 109 644 1225 111 101 258 1239 340 111 102 6
115 116 112 328 465 114 109 138 362 129 114 109 7
114 109 112 105 107 114 104 105 109 103 111 103 8
124 119 109 108 102 109 102 108 110 103 111 111 9
118 130 113 107 104 112 110 112 115 109 124 117 10
122 125 120 110 113 118 106 115 118 117 126 15000 11
Chip#2
115 106 108 113 113 112 111 105 112 103 104 112 0
112 106 107 109 116 113 110 99 114 102 105 108 1
108 109 106 250 300 113 111 161 359 123 103 110 2
116 109 113 250 265 119 121 129 331 148 108 115 3
115 110 106 113 116 116 110 106 123 107 104 116 4
111 108 107 114 115 114 109 106 117 106 105 113 5
113 112 112 153 180 117 117 111 188 112 109 116 6
108 108 110 338 490 113 115 139 360 163 108 116 7
102 103 101 134 142 104 107 101 191 103 97 106 8
119 102 112 134 121 123 117 114 123 113 108 125 9
112 107 105 109 110 110 111 101 110 105 104 115 10
117 107 112 117 116 115 116 111 117 112 109 15000 11
Chip#3
121 134 107 109 103 103 106 106 110 103 101 113 0
122 134 103 103 101 99 103 101 107 102 100 105 1
114 101 100 103 100 98 101 104 109 98 99 99 2
110 102 106 120 214 118 106 109 152 107 98 102 3
114 134 108 339 1068 301 110 160 786 392 104 104 4
115 99 103 129 296 119 106 110 268 150 101 104 5
102 94 97 95 97 97 97 100 101 93 91 93 6
103 101 105 105 104 100 104 101 114 109 98 98 7
110 107 109 288 652 147 112 115 580 471 104 107 8
110 96 103 221 829 204 106 122 793 349 95 100 9
107 98 98 99 95 98 103 98 105 95 94 103 10
119 102 96 99 94 93 103 98 100 96 95 15000 11
Chip#4
111 114 113 108 113 116 119 110 119 108 109 133 0
104 102 104 100 113 110 115 103 108 103 104 133 1
111 111 110 110 118 114 115 106 116 116 109 133 2
112 114 106 113 120 116 119 110 127 118 108 133 3
110 103 105 118 127 115 115 111 129 107 109 133 4
107 109 105 106 113 112 116 105 113 110 103 101 5
111 114 110 109 115 120 120 112 117 120 110 133 6
113 111 111 111 114 114 117 110 118 118 111 133 7
115 111 114 137 136 121 121 126 151 123 109 133 8
110 105 105 110 119 109 118 110 120 108 105 133 9
111 113 110 110 114 119 120 112 118 118 116 133 10
113 114 108 108 115 116 120 106 120 115 111 15000 11
Chip#1
126 118 111 105 109 116 109 109 121 113 120 109 0
109 114 108 262 620 106 98 129 829 117 117 103 1
111 116 109 732 908 115 106 171 1247 297 120 107 2
110 110 107 120 122 111 98 109 156 115 115 101 3
115 117 116 112 110 116 109 112 119 112 124 111 4
114 117 108 125 152 116 104 119 173 112 117 109 5
120 120 115 741 1471 121 106 295 1494 399 122 107 6
118 117 111 376 538 116 108 146 414 137 121 106 7
115 117 106 105 114 114 104 107 113 105 111 103 8
133 123 110 105 106 115 103 111 117 107 119 112 9
121 123 107 99 103 108 99 101 109 105 119 117 10
114 120 114 109 113 113 104 110 116 112 127 15000 11
Chip#2
116 111 112 111 117 117 114 107 116 110 109 118 0
112 110 108 114 117 115 110 106 117 109 107 115 1
109 106 110 275 331 109 111 169 402 131 110 115 2
112 109 109 268 279 113 109 129 368 147 109 116 3
115 112 112 134 120 119 112 113 123 110 108 111 4
117 113 112 115 117 120 110 114 119 109 110 119 5
111 107 108 155 192 119 112 111 198 109 107 112 6
106 106 107 370 548 116 111 136 402 166 101 106 7
109 107 105 150 150 113 106 106 224 109 105 112 8
115 106 108 109 114 115 110 110 112 106 105 116 9
115 111 108 134 115 112 110 104 113 106 109 119 10
118 111 110 134 117 115 110 107 116 113 109 15000 11
Chip#3
119 110 103 102 98 98 106 101 105 100 101 110 0
121 103 95 101 94 96 100 99 106 99 93 100 1
121 105 105 107 103 107 110 109 114 102 102 104 2
107 100 100 118 209 116 103 103 142 107 96 102 3
116 109 114 343 1078 310 116 165 788 401 111 113 4
110 103 106 130 296 122 106 107 268 155 99 103 5
108 100 97 102 104 103 107 104 111 102 104 102 6
106 99 101 108 110 103 106 106 114 112 99 99 7
109 101 102 286 647 163 107 112 577 463 100 105 8
109 105 103 209 777 202 110 120 740 334 104 107 9
115 102 107 106 104 100 102 100 109 98 96 102 10
121 105 97 98 100 98 103 100 110 97 95 15000 11
Chip#4
108 113 111 108 113 111 115 107 116 116 109 133 0
117 113 114 111 121 119 125 113 123 122 116 133 1
119 118 116 134 118 118 125 117 123 121 116 133 2
117 118 114 117 127 123 121 114 130 125 115 133 3
108 113 111 125 137 111 118 112 129 103 110 133 4
111 109 114 109 117 115 119 112 120 118 110 133 5
110 111 109 104 113 114 114 112 115 111 110 101 6
107 109 108 106 112 109 119 108 117 108 109 133 7
117 115 116 142 140 120 124 129 152 125 116 133 8
112 109 106 113 120 113 115 113 123 111 111 133 9
112 109 111 106 112 112 115 107 115 107 111 133 10
118 114 114 116 113 117 120 114 119 110 115 15000 11
Chip#1
123 116 113 109 114 115 107 115 117 113 125 115 0
120 118 113 303 718 119 108 142 983 131 122 110 1
118 110 110 851 1058 115 107 177 1464 335 112 107 2
115 114 108 128 129 114 106 115 165 117 122 111 3
116 115 114 109 113 118 109 114 120 108 126 110 4
115 117 111 129 159 119 111 119 180 116 119 111 5
117 116 115 860 1706 123 109 329 1717 445 119 106 6
115 116 120 429 625 118 113 154 470 145 124 113 7
115 108 103 99 106 110 100 106 108 103 112 97 8
141 127 110 107 106 116 104 110 116 109 123 117 9
116 130 112 96 103 108 100 103 107 103 120 116 10
115 121 114 106 112 116 106 112 114 109 127 15000 11
Chip#2
119 109 109 111 115 120 109 107 117 109 109 116 0
119 112 108 116 122 117 115 107 119 113 109 115 1
115 111 110 305 366 117 115 189 454 137 107 117 2
112 109 108 292 306 121 110 130 407 156 103 115 3
117 112 108 115 122 120 116 112 126 110 105 113 4
118 113 109 114 118 122 116 112 123 113 115 123 5
106 103 102 155 198 114 108 101 205 107 102 107 6
115 113 115 410 614 120 117 141 449 189 111 119 7
110 110 107 146 156 110 110 105 224 112 104 111 8
115 111 105 114 120 120 115 111 121 108 108 121 9
117 111 108 134 120 116 112 110 117 109 109 117 10
119 111 114 117 123 113 117 111 119 114 112 15000 11
Chip#3
117 134 111 105 106 102 104 104 110 102 102 111 0
126 106 99 103 100 101 103 104 109 100 99 107 1
115 92 97 103 97 97 101 101 98 97 92 97 2
109 96 107 122 234 118 107 103 153 110 94 104 3
109 100 105 356 1146 314 107 159 839 412 98 97 4
112 101 105 135 318 122 113 114 281 161 102 107 5
113 106 105 113 109 110 114 112 118 111 104 105 6
112 101 102 108 113 103 111 112 116 115 99 104 7
110 103 106 295 692 163 107 117 615 491 101 102 8
110 101 101 214 834 206 106 122 790 349 99 103 9
117 106 105 108 109 107 112 107 112 104 106 105 10
130 103 102 102 100 99 101 105 103 102 94 15000 11
Chip#4
112 113 111 109 117 112 114 110 116 116 110 133 0
119 115 116 115 125 122 127 123 123 124 115 133 1
114 109 110 109 119 115 116 111 119 123 111 133 2
110 105 104 114 123 114 114 106 120 110 106 133 3
120 117 112 143 149 120 120 124 141 123 120 133 4
112 111 115 115 118 115 119 113 120 121 111 133 5
120 115 114 115 120 123 123 120 122 123 120 133 6
114 110 114 116 118 122 124 113 125 121 113 133 7
117 114 109 141 143 120 118 126 157 122 115 133 8
115 114 115 115 125 119 121 119 125 121 114 133 9
117 118 118 116 119 120 125 116 122 124 121 133 10
123 119 115 117 124 121 129 114 124 123 122 15000 11
Chip#1
122 121 112 107 113 114 108 118 115 114 120 111 0
132 131 124 347 808 124 116 151 1115 143 132 121 1
116 116 113 957 1217 117 113 195 1654 374 122 109 2
116 120 108 138 133 115 110 114 176 123 124 110 3
115 116 108 106 108 117 108 111 118 112 120 108 4
118 118 116 132 169 120 110 126 197 124 126 115 5
116 121 116 965 1948 124 115 365 1948 483 125 113 6
121 122 115 482 700 118 111 159 496 150 122 115 7
126 114 114 106 111 114 109 112 114 110 119 108 8
142 125 113 109 111 116 103 110 105 110 122 119 9
129 140 116 112 114 116 108 112 116 111 135 126 10
123 129 118 117 120 119 114 117 115 118 134 15000 11
Chip#2
113 111 105 113 109 112 109 106 114 103 109 115 0
113 111 108 111 118 115 108 106 121 108 102 111 1
122 111 116 340 414 126 118 204 519 146 115 123 2
112 109 108 321 335 121 112 137 455 177 108 118 3
115 112 106 114 123 116 110 110 123 110 104 112 4
115 112 110 111 118 123 117 111 122 108 107 118 5
118 112 116 180 221 126 117 118 230 121 113 124 6
108 107 110 451 682 119 110 147 499 197 103 112 7
111 112 110 149 170 120 109 111 241 114 108 115 8
124 112 112 116 117 124 114 113 123 113 112 121 9
126 112 114 115 118 121 116 114 121 118 114 123 10
118 112 110 107 114 115 110 106 116 106 108 15000 11
Chip#3
121 134 112 102 100 104 108 104 106 101 102 116 0
124 134 104 97 97 99 109 103 105 103 98 102 1
123 106 107 104 103 109 113 105 109 107 100 100 2
109 99 100 111 216 118 104 102 139 109 98 98 3
108 102 105 357 1149 318 106 153 835 414 102 104 4
110 98 103 129 327 116 101 110 292 157 95 98 5
112 101 108 106 104 108 112 109 112 104 102 102 6
110 134 109 107 113 107 111 111 118 116 105 103 7
112 103 107 294 697 163 107 115 615 493 101 103 8
107 93 102 215 821 208 103 117 783 347 98 98 9
120 102 102 102 108 103 104 103 106 101 101 104 10
129 134 110 104 110 107 113 111 111 108 104 15000 11
Chip#4
122 119 114 119 124 121 130 118 124 124 120 133 0
124 118 119 116 123 123 129 122 126 125 121 133 1
112 111 117 110 119 123 119 114 122 121 110 133 2
120 119 121 134 136 129 131 125 135 129 122 133 3
117 119 120 144 152 123 127 123 146 128 118 133 4
117 119 120 114 121 120 126 114 121 121 115 133 5
118 117 120 114 121 123 126 114 123 127 118 133 6
117 113 117 117 119 121 116 113 122 123 115 133 7
122 117 119 149 150 128 126 134 172 131 120 133 8
124 117 118 126 131 119 126 124 133 125 120 133 9
112 107 110 107 111 112 118 106 115 110 113 133 10
116 115 113 110 118 120 121 112 120 125 116 15000 11
Chip#1
123 117 110 107 110 113 106 111 120 109 121 109 0
120 123 117 371 904 123 109 157 1247 135 129 114 1
114 115 112 1059 1366 115 107 198 1872 411 117 109 2
118 121 116 148 138 120 115 120 195 125 127 115 3
111 115 112 109 109 115 105 112 118 112 114 110 4
115 114 115 135 172 113 107 124 201 117 114 110 5
117 119 111 1047 2189 121 105 398 2181 533 118 108 6
120 118 120 526 772 121 109 169 546 153 125 117 7
132 121 113 110 114 115 111 115 120 107 127 110 8
146 123 107 105 108 112 107 114 113 104 119 117 9
136 140 119 110 115 117 113 114 118 114 134 132 10
130 129 131 125 124 123 118 121 124 122 139 15000 11
Chip#2
119 112 114 117 122 121 121 110 122 112 115 127 0
113 112 107 110 122 114 110 108 121 110 102 115 1
112 112 110 363 463 122 112 209 556 147 110 117 2
116 112 109 348 363 119 111 154 492 178 108 117 3
115 113 113 134 123 120 115 112 126 112 112 116 4
116 113 117 134 122 123 121 113 123 113 115 121 5
117 113 114 184 228 127 121 116 234 120 120 125 6
109 111 110 493 746 117 111 152 539 208 110 112 7
111 111 110 159 173 121 116 106 254 115 108 118 8
112 109 105 110 112 117 112 102 112 103 104 111 9
125 109 109 116 117 115 113 106 114 113 109 122 10
153 127 116 134 124 120 121 118 124 124 116 15000 11
Chip#3
116 110 109 104 106 101 103 106 106 102 104 109 0
127 134 109 108 101 101 110 110 111 109 102 109 1
113 99 99 94 99 98 107 103 100 99 98 99 2
99 93 94 110 212 109 96 99 133 103 91 87 3
106 99 103 355 1145 313 106 155 834 414 98 99 4
106 99 101 127 309 113 103 105 274 160 99 97 5
110 104 111 108 106 107 110 113 112 108 101 104 6
101 93 97 102 102 97 100 99 106 111 91 95 7
106 101 103 296 690 147 110 114 611 491 98 95 8
112 100 100 215 830 201 107 126 782 350 100 98 9
113 134 100 105 101 100 106 105 110 103 96 95 10
128 134 107 105 99 103 111 103 107 108 101 15000 11
Chip#4
113 107 114 111 118 114 121 110 113 105 112 133 0
124 107 122 118 126 124 129 122 126 127 122 133 1
114 113 114 116 115 116 123 113 124 121 117 133 2
117 113 115 134 132 118 124 118 134 123 115 133 3
121 119 113 148 153 121 123 125 144 129 120 133 4
124 119 120 119 127 124 127 120 130 125 120 133 5
124 119 123 115 126 124 125 120 124 123 121 133 6
122 119 116 119 125 121 126 122 128 125 121 133 7
118 114 120 153 151 120 127 136 169 133 117 133 8
116 114 117 134 132 118 127 122 133 124 118 133 9
118 114 117 116 123 123 124 123 128 127 117 133 10
118 114 120 115 124 127 125 118 125 125 123 15000 11
Chip#1
138 128 120 124 125 124 118 122 130 123 136 119 0
120 119 117 400 982 119 113 150 1348 142 120 120 1
110 114 112 1152 1480 115 108 209 2032 436 116 107 2
121 126 121 152 151 128 114 122 240 131 131 115 3
116 117 109 110 112 117 104 110 123 108 121 104 4
111 118 117 137 178 116 108 122 210 123 119 110 5
122 123 122 1147 2384 129 117 425 2385 580 127 117 6
122 124 120 574 816 123 118 172 591 161 125 116 7
127 117 117 107 120 117 111 114 117 111 121 109 8
147 124 114 106 108 113 108 114 112 104 118 121 9
136 146 126 114 121 122 118 116 120 115 142 144 10
121 124 121 117 117 120 110 115 123 119 133 15000 11
Chip#2
153 118 125 134 128 126 122 116 128 121 124 129 0
118 118 115 134 123 121 115 117 127 115 112 118 1
112 118 114 390 489 121 115 219 591 150 108 116 2
118 118 116 366 380 123 116 154 521 181 114 117 3
120 113 119 134 128 122 117 117 132 116 114 124 4
123 113 119 134 129 122 118 118 128 119 116 121 5
122 113 115 187 232 120 118 113 248 119 117 122 6
109 109 109 517 786 117 114 149 568 205 109 112 7
118 109 115 166 194 120 117 114 268 124 113 113 8
123 109 115 117 122 121 115 114 123 110 114 123 9
118 109 109 109 117 119 115 106 111 110 109 118 10
153 127 116 134 122 117 116 114 117 113 115 15000 11
Chip#3
115 101 99 103 92 97 98 100 99 94 101 100 0
127 134 106 104 104 105 110 112 107 106 104 111 1
108 92 98 95 101 96 97 95 102 94 94 95 2
110 99 105 119 217 115 106 111 145 110 99 98 3
108 102 108 353 1144 316 106 162 844 432 99 102 4
115 100 102 136 314 119 108 112 283 158 100 100 5
102 100 102 97 94 100 100 100 102 100 95 94 6
107 98 106 103 109 103 110 108 117 119 95 98 7
110 100 106 297 690 163 106 112 619 495 101 104 8
107 100 106 217 820 204 107 122 786 345 99 98 9
119 102 102 101 104 103 106 108 112 106 98 98 10
128 114 106 109 104 100 107 112 107 109 100 15000 11
Chip#4
116 118 113 113 121 116 118 117 124 122 114 133 0
119 118 114 111 121 123 123 122 123 103 120 133 1
119 118 115 115 122 120 124 117 123 124 120 133 2
117 118 115 134 133 125 119 122 134 125 117 133 3
119 118 115 153 158 124 123 125 150 128 121 133 4
120 119 114 134 121 127 125 118 128 123 118 133 5
116 113 113 116 117 119 121 119 120 123 120 133 6
117 110 110 115 119 120 120 120 124 125 115 133 7
113 111 111 145 147 119 114 130 168 124 109 133 8
120 111 125 136 136 126 125 125 141 127 121 133 9
117 117 114 109 118 119 120 113 118 121 118 133 10
124 117 119 120 126 127 131 123 128 129 120 15000 11
Chip#1
128 117 111 109 114 114 107 108 120 115 121 113 0
115 113 108 416 1047 118 105 152 1455 133 122 111 1
110 113 112 1239 1584 117 108 218 2202 451 121 105 2
117 117 117 148 146 126 118 125 203 125 130 111 3
120 121 115 115 118 122 117 122 124 115 130 116 4
116 117 114 146 189 119 109 128 239 125 126 111 5
115 114 116 1224 2569 129 113 456 2563 616 122 110 6
120 117 114 607 884 124 112 178 628 162 125 116 7
124 118 109 109 115 120 108 110 115 109 122 109 8
160 131 118 114 112 120 118 117 119 116 126 126 9
140 145 124 116 117 120 113 118 120 118 137 138 10
110 117 112 107 102 112 100 106 109 110 123 15000 11
Chip#2
119 118 112 115 120 116 110 108 114 107 113 122 0
115 111 115 116 123 119 108 110 123 114 113 118 1
117 127 113 422 518 123 117 231 640 153 116 121 2
118 118 113 390 407 123 116 147 559 192 112 118 3
123 118 116 134 132 122 118 124 137 120 118 122 4
118 118 113 120 123 123 121 116 127 115 111 124 5
118 118 122 196 251 124 121 116 254 119 116 123 6
117 118 118 561 852 123 120 167 618 228 115 122 7
122 118 117 174 194 121 118 118 285 123 118 123 8
124 118 116 123 125 116 121 113 122 115 121 123 9
127 118 114 120 122 121 121 112 122 118 117 125 10
153 127 141 134 124 129 123 120 129 122 128 15000 11
Chip#3
117 109 103 101 93 97 104 104 104 100 100 110 0
126 115 102 101 101 101 104 101 105 102 99 108 1
120 103 105 105 104 105 107 106 111 107 105 107 2
110 100 102 121 214 120 109 106 150 109 100 102 3
107 101 102 352 1143 313 102 163 841 432 98 103 4
102 97 106 127 311 112 104 109 279 157 99 98 5
108 96 100 97 97 100 104 107 106 102 98 100 6
102 99 95 105 106 99 106 103 105 108 99 99 7
106 102 104 296 690 147 107 111 611 495 99 99 8
109 99 104 234 829 207 110 126 783 350 96 99 9
114 100 103 103 98 102 108 107 104 99 99 100 10
124 134 100 103 99 103 106 101 105 98 96 15000 11
Chip#4
125 117 121 118 125 124 129 118 129 128 115 133 0
121 118 118 118 121 124 126 113 125 122 117 133 1
122 117 120 119 121 128 124 119 125 125 127 133 2
120 117 120 136 137 125 126 124 136 125 123 133 3
118 118 115 153 163 127 120 125 151 125 117 133 4
119 118 120 121 127 127 121 119 131 127 123 133 5
119 115 118 115 120 121 124 120 123 123 115 133 6
126 115 126 134 128 125 124 123 132 128 124 133 7
119 115 116 160 159 128 122 141 180 130 118 133 8
118 115 121 134 138 125 122 124 141 129 121 133 9
122 118 125 125 126 128 121 122 128 124 125 133 10
116 115 117 114 115 120 115 112 120 118 116 15000 11
Chip#1
140 128 122 124 129 126 123 126 132 127 134 127 0
120 117 112 391 1142 119 118 157 1559 146 127 111 1
123 120 115 1341 1724 126 117 236 2373 482 125 108 2
121 117 116 152 144 119 113 120 223 124 121 115 3
118 114 112 113 113 120 110 114 122 113 121 108 4
120 120 117 151 199 128 122 128 234 131 129 116 5
123 123 122 1323 2769 136 117 489 2784 662 131 113 6
126 124 120 655 949 128 115 183 682 166 130 113 7
133 118 113 112 121 120 113 118 117 112 125 113 8
163 133 120 116 115 121 114 119 115 114 132 135 9
149 162 136 121 126 132 123 124 126 126 151 150 10
134 135 132 126 126 130 121 124 129 131 146 15000 11
Chip#2
126 118 120 134 125 120 116 116 119 120 116 128 0
117 118 109 115 124 117 117 107 123 112 111 118 1
120 118 116 424 550 124 118 240 671 157 110 121 2
119 118 112 423 425 120 120 147 584 194 113 118 3
113 112 109 160 120 123 117 111 123 113 107 116 4
113 113 113 116 117 120 116 111 119 109 109 122 5
113 111 114 200 251 117 114 118 259 118 111 119 6
119 111 122 591 894 126 118 169 645 237 115 119 7
116 111 114 174 197 120 119 117 290 123 114 121 8
123 111 116 134 122 126 121 122 128 121 117 128 9
118 113 113 115 116 119 114 107 111 109 110 119 10
153 128 121 134 128 127 123 119 130 125 121 15000 11
Chip#3
119 107 106 106 98 103 104 105 107 106 104 113 0
123 134 99 98 101 97 104 100 104 101 95 102 1
124 134 107 108 101 103 112 105 110 106 101 106 2
107 134 104 113 234 117 106 106 150 112 101 102 3
112 100 100 355 1146 315 103 158 839 412 97 98 4
113 100 105 136 310 118 106 109 286 158 100 100 5
116 103 111 105 107 109 108 114 110 109 101 100 6
102 96 97 99 103 100 101 103 109 106 92 99 7
106 102 104 289 689 163 103 114 612 495 98 100 8
108 103 99 217 823 207 104 123 788 350 101 100 9
109 99 97 99 100 99 103 99 104 99 99 100 10
133 134 102 106 106 106 107 111 111 108 104 15000 11
Chip#4
120 115 117 134 124 123 125 116 127 124 118 133 0
124 115 120 134 127 127 126 117 125 124 117 133 1
119 115 119 117 127 124 125 120 130 128 122 133 2
118 119 116 134 138 124 124 122 141 128 117 133 3
126 119 125 165 171 131 157 131 163 135 126 133 4
126 119 122 125 134 133 130 125 139 131 123 133 5
123 119 125 121 128 132 127 124 131 135 122 133 6
119 119 120 121 125 123 127 120 133 129 117 133 7
128 119 128 173 172 134 134 147 195 138 127 133 8
124 119 122 135 139 128 130 128 146 134 122 133 9
129 119 126 137 134 135 136 125 135 135 133 133 10
124 119 125 134 132 135 134 125 131 133 129 15000 11
Chip#1
133 123 118 121 123 120 116 117 127 117 134 113 0
128 125 125 490 1224 132 120 174 1688 156 137 125 1
124 124 122 1446 1832 128 116 249 2545 514 130 118 2
128 129 122 163 160 126 124 125 246 134 131 119 3
128 124 120 121 125 129 118 126 131 124 129 115 4
122 122 120 152 202 122 113 136 248 126 127 118 5
123 122 118 1411 2959 134 116 510 2964 701 129 114 6
132 128 127 697 1018 131 120 207 735 189 131 120 7
134 117 113 116 121 119 114 118 117 109 129 113 8
157 128 113 112 112 120 112 115 120 108 124 123 9
135 149 123 113 112 114 117 115 122 112 138 142 10
126 128 128 121 125 126 115 126 125 123 166 15000 11
Chip#2
153 127 119 134 124 126 119 117 121 119 116 128 0
124 118 119 134 135 127 121 122 139 122 120 124 1
122 118 117 456 580 123 122 256 714 166 116 127 2
118 118 115 428 475 122 118 153 623 205 113 121 3
122 118 119 134 129 119 118 118 138 120 116 121 4
122 118 115 134 130 122 122 118 128 116 117 121 5
153 127 141 215 277 129 127 122 285 125 120 124 6
117 118 120 630 962 123 124 171 693 249 117 125 7
108 112 109 173 200 121 117 110 303 121 113 118 8
153 112 122 134 131 131 128 125 132 123 125 128 9
125 112 119 118 123 123 120 116 126 114 113 127 10
123 127 117 134 118 119 121 112 122 119 117 15000 11
Chip#3
127 134 113 109 107 111 113 111 115 116 111 122 0
128 134 106 106 100 100 105 106 110 101 104 107 1
122 134 112 110 108 106 113 116 112 109 106 104 2
113 102 104 119 234 118 109 108 151 109 99 98 3
110 105 105 359 1145 318 108 162 842 412 102 107 4
107 100 99 128 310 115 105 110 275 176 99 96 5
100 98 97 98 95 96 101 104 105 98 98 98 6
109 134 105 110 114 106 107 112 119 115 105 102 7
115 134 104 304 697 163 112 120 617 497 102 104 8
104 95 99 204 820 200 100 120 780 340 92 92 9
120 101 104 105 105 104 108 111 110 106 104 103 10
123 134 103 103 106 101 107 106 111 102 100 15000 11
Chip#4
125 119 129 136 130 127 128 129 130 128 127 133 0
126 119 118 124 126 125 126 124 124 125 123 133 1
133 119 126 134 130 135 134 129 133 128 132 133 2
123 119 117 135 140 127 124 125 140 127 116 133 3
124 119 124 166 178 127 124 132 165 133 123 133 4
128 119 125 134 132 129 130 129 136 131 122 133 5
125 119 124 124 130 131 133 125 131 133 125 133 6
124 117 118 124 127 125 126 122 135 127 123 133 7
122 117 121 168 166 127 127 146 194 133 122 133 8
129 117 126 142 141 129 131 130 147 133 127 133 9
132 117 129 134 136 131 133 126 135 133 131 133 10
136 117 130 134 137 134 134 130 135 136 133 15000 11
Chip#1
142 126 122 124 124 125 115 122 132 123 132 122 0
122 123 118 508 1302 126 116 173 1770 151 127 115 1
123 118 115 1547 1974 125 118 257 2704 546 130 116 2
121 121 119 166 153 125 119 129 239 131 124 122 3
124 129 124 124 125 129 124 125 132 120 129 117 4
127 127 127 159 210 130 126 141 263 138 131 122 5
121 120 122 1507 3152 135 117 540 3160 721 125 109 6
117 118 115 693 1064 124 115 190 735 172 119 114 7
136 125 123 124 123 127 117 120 127 120 127 122 8
159 141 115 113 113 121 116 118 117 111 124 128 9
148 155 131 121 123 124 122 121 123 121 140 152 10
121 124 122 117 117 120 116 115 120 119 133 15000 11
Chip#2
153 118 119 134 127 124 121 117 126 122 121 131 0
118 118 114 134 126 121 115 112 126 107 113 119 1
153 127 141 474 605 133 123 259 754 171 121 127 2
113 118 117 443 490 124 121 153 654 206 115 121 3
126 118 122 134 135 133 130 125 144 124 124 130 4
120 118 117 121 130 123 124 120 129 115 117 125 5
119 118 141 213 275 126 123 124 283 124 117 126 6
118 118 119 646 1001 126 124 181 711 252 116 124 7
118 118 116 179 205 128 116 116 311 121 110 123 8
122 118 116 118 124 126 121 118 124 118 116 123 9
131 118 115 120 122 122 123 116 123 118 109 125 10
133 128 120 134 130 129 117 118 122 122 118 15000 11
Chip#3
120 134 105 108 101 101 102 105 106 104 99 107 0
124 134 105 100 100 98 100 104 109 101 98 108 1
115 99 105 100 100 101 104 99 102 99 94 99 2
104 98 100 118 234 117 104 103 150 107 94 97 3
104 103 103 370 1227 331 106 164 891 448 94 100 4
109 96 104 129 324 117 103 107 293 160 96 100 5
110 97 105 104 97 100 103 97 112 101 102 98 6
113 105 102 106 113 105 110 103 116 116 101 104 7
108 134 104 309 734 163 107 112 653 519 105 101 8
103 99 99 216 877 207 104 120 836 363 97 92 9
121 134 111 107 104 105 113 110 117 107 101 106 10
129 134 100 101 101 102 101 107 105 102 100 15000 11
Chip#4
123 117 121 134 132 128 126 126 127 133 125 133 0
126 117 123 120 128 130 131 126 131 133 129 133 1
124 117 122 119 125 127 124 123 129 123 126 133 2
126 117 117 143 140 125 122 128 141 129 117 133 3
129 117 124 168 181 129 126 132 166 134 124 133 4
123 117 124 138 134 132 128 126 139 133 127 133 5
129 117 133 135 131 132 134 130 133 131 129 133 6
137 117 134 143 143 143 141 135 150 140 139 133 7
125 117 126 173 173 134 129 152 198 137 129 133 8
131 117 126 145 146 132 136 136 150 135 127 133 9
127 117 128 136 134 133 134 128 134 137 126 133 10
132 117 129 134 133 136 157 125 137 133 128 15000 11
Chip#1
140 123 115 119 124 117 108 117 127 115 125 114 0
135 132 128 539 1367 129 121 181 1873 161 137 130 1
132 130 133 1625 2073 132 127 276 2851 574 141 127 2
120 122 123 166 159 121 120 120 241 132 122 111 3
120 121 123 121 120 125 118 124 131 118 126 118 4
122 128 127 163 219 127 122 141 276 131 130 119 5
133 128 126 1586 3304 141 117 570 3310 760 125 115 6
132 134 126 752 1132 136 123 198 777 180 132 125 7
139 125 124 124 128 125 118 120 123 117 130 117 8
167 135 118 116 116 123 112 120 118 115 129 136 9
149 162 135 117 121 127 121 119 127 119 143 155 10
133 135 133 127 124 127 118 125 127 134 141 15000 11
Chip#2
153 127 141 134 129 127 126 123 130 123 120 137 0
119 118 114 134 129 126 117 118 129 112 112 118 1
117 118 115 486 628 126 122 266 781 170 112 124 2
153 128 125 473 516 133 130 167 688 221 125 131 3
123 118 115 120 133 123 118 119 135 120 115 125 4
123 118 121 134 130 123 121 122 128 119 118 127 5
110 113 106 210 276 120 116 116 286 115 105 113 6
126 128 127 689 1050 133 128 189 765 259 125 131 7
120 118 122 189 217 127 121 123 327 128 120 123 8
153 118 120 134 123 129 123 118 128 114 114 127 9
153 128 119 134 122 127 121 114 123 115 116 133 10
133 118 128 126 129 130 123 119 125 124 124 15000 11
Chip#3
115 134 112 110 104 103 107 116 105 106 106 112 0
129 134 107 107 101 101 104 104 107 103 98 108 1
121 105 102 109 101 101 108 104 105 101 95 104 2
110 134 100 120 234 118 102 106 150 109 101 106 3
104 99 100 351 1139 309 100 153 834 404 96 98 4
109 102 105 128 309 117 104 105 281 159 94 99 5
104 103 106 104 100 102 107 103 110 102 101 107 6
113 104 105 113 115 109 110 105 118 117 102 104 7
104 96 100 297 696 147 106 113 613 492 98 95 8
110 101 106 216 825 206 103 124 790 354 99 107 9
106 98 97 102 104 100 98 103 105 100 94 97 10
135 134 104 108 104 101 107 108 111 104 101 15000 11
Chip#4
124 117 128 120 127 122 127 119 129 131 126 133 0
129 117 117 121 131 129 131 126 129 131 128 133 1
128 117 129 135 133 135 133 129 133 130 126 133 2
126 117 130 147 147 133 133 137 151 134 131 133 3
129 117 129 176 188 138 138 142 168 141 131 133 4
129 117 129 138 138 135 132 131 144 137 127 133 5
124 117 125 123 127 135 127 124 129 128 126 133 6
126 117 125 134 133 134 132 126 140 133 128 133 7
124 117 122 172 178 136 133 152 202 135 126 133 8
120 117 125 140 145 129 126 130 141 129 124 133 9
130 117 128 134 132 136 137 131 137 134 132 133 10
136 146 130 136 136 142 157 134 139 136 133 15000 11
Chip#1
145 128 121 121 124 124 114 117 131 119 133 117 0
134 133 126 567 1440 129 121 182 1983 159 136 123 1
126 130 127 1721 2200 132 125 281 3023 603 137 123 2
128 134 124 174 161 130 122 131 249 142 133 129 3
126 127 121 127 125 129 118 127 136 125 133 124 4
129 126 122 163 219 130 124 140 272 135 133 122 5
128 126 119 1673 3497 137 115 589 3516 798 129 118 6
123 125 121 786 1186 129 121 198 811 189 129 115 7
146 129 123 126 128 129 122 124 126 122 132 123 8
176 147 124 124 121 122 117 124 121 119 132 138 9
151 163 128 121 116 124 120 121 123 117 147 150 10
134 134 132 121 121 128 124 124 124 130 166 15000 11
Chip#2
124 118 113 121 122 119 117 114 119 113 111 123 0
153 127 141 134 137 133 121 125 137 124 120 130 1
119 118 121 502 645 122 119 275 801 178 115 123 2
120 118 120 479 522 125 121 162 707 218 117 129 3
119 111 115 134 131 121 118 120 134 118 120 118 4
124 111 116 134 136 126 126 128 132 124 118 129 5
113 112 113 215 280 122 116 119 292 121 111 122 6
115 127 120 702 1071 128 122 182 769 257 114 123 7
126 118 127 197 223 134 131 130 340 128 126 131 8
129 118 117 134 130 127 121 118 127 120 118 128 9
131 118 117 122 120 124 115 111 122 115 112 127 10
153 132 141 134 132 128 122 122 130 127 128 15000 11
Chip#3
119 134 106 103 101 102 103 104 107 100 104 111 0
122 106 100 102 97 100 102 100 106 98 99 107 1
115 134 105 107 101 101 108 103 109 101 100 102 2
110 99 105 121 234 120 104 105 147 106 91 102 3
106 103 104 352 1144 315 106 157 832 409 100 99 4
108 100 106 131 311 118 107 106 285 160 104 106 5
112 100 99 106 100 103 107 108 112 103 100 104 6
106 96 105 105 104 99 106 100 111 108 99 102 7
115 134 108 301 695 160 117 120 621 497 109 106 8
112 134 106 216 830 209 111 121 789 356 105 104 9
114 134 99 103 108 106 107 108 107 107 101 104 10
120 106 97 99 93 96 103 98 104 100 95 15000 11
Chip#4
135 146 132 138 141 138 157 132 138 138 135 133 0
133 117 130 137 137 140 144 133 137 138 133 133 1
131 117 125 134 133 133 133 128 134 134 129 133 2
128 117 127 145 150 131 133 136 147 134 126 133 3
135 117 133 184 194 137 139 141 177 141 135 133 4
133 117 134 141 140 138 157 135 143 136 135 133 5
131 117 128 134 128 131 133 131 134 129 128 133 6
137 117 131 141 138 131 139 131 146 140 137 133 7
138 146 143 191 195 146 157 165 219 149 140 142 8
129 117 128 144 147 129 133 135 153 133 129 142 9
136 117 134 140 138 133 157 133 137 137 138 142 10
133 146 130 136 138 136 157 130 135 138 136 15000 11
