Chipdp
84 2 37 2 8 3 4 8 5 9 5 8 6 9 6 4 8 3 9 3 8 2 9 2 4 6 6 5 6 6 5 5 5 4 6 2 5 2 6 3 5 3 4 6 8 5 8 6 9 5 9 4 2 8 3 8 2 9 3 9 4 2 5 3 5 2 6 3 6 4 2 2 3 2 2 3 3 3 4 9 7 10 7 9 6 10 6 4 9 10 10 10 9 9 10 9 4 7 7 6 7 7 6 6 6 4 7 10 6 10 7 9 6 9 4 7 3 7 4 6 3 6 4 4 4 4 4 3 3 4 3 3 4 3 7 4 7 3 6 4 6 4 3 10 4 10 3 9 4 9 
Chip#1
110 109 108 109 109 110 113 108 111 104 107 110 0
111 104 116 125 101 116 133 104 106 124 106 101 1
110 111 247 295 112 264 420 124 206 418 153 110 2
110 106 140 161 107 158 218 109 143 254 123 112 3
114 106 111 109 103 111 114 108 111 105 103 110 4
103 102 110 113 98 106 114 102 152 254 113 101 5
104 102 106 106 97 107 111 103 139 206 107 100 6
102 102 104 102 102 99 106 101 104 91 101 99 7
102 102 110 110 98 107 109 101 103 97 105 100 8
102 100 110 102 101 106 111 103 103 101 102 102 9
105 102 103 106 94 105 105 104 104 101 101 104 10
115 104 110 108 104 111 109 102 107 104 113 15000 11
Chip#1
103 101 97 102 98 101 101 97 98 95 98 101 0
99 97 110 118 101 105 124 97 104 125 103 98 1
108 106 239 295 109 263 415 125 199 423 153 107 2
102 106 133 155 107 151 212 107 136 254 111 100 3
103 99 98 101 100 100 101 105 103 100 97 95 4
104 99 107 110 101 109 114 102 163 254 111 99 5
95 99 97 106 100 98 101 96 132 222 103 94 6
103 102 106 109 101 106 108 104 103 100 101 104 7
93 93 102 102 95 101 104 95 96 93 91 89 8
99 100 104 106 100 104 109 100 104 103 98 100 9
96 99 102 103 97 100 101 98 99 96 101 99 10
112 110 104 110 109 111 108 110 112 105 107 15000 11
Chip#1
110 104 104 109 107 111 113 105 109 108 113 108 0
106 101 110 120 101 115 128 98 104 122 101 100 1
110 106 235 295 104 261 421 117 195 422 153 104 2
102 96 130 151 98 148 206 97 133 238 109 94 3
104 104 98 104 104 104 105 101 106 99 100 101 4
106 106 111 114 108 109 117 104 160 254 118 102 5
103 101 104 104 102 105 108 100 138 206 105 96 6
105 101 100 102 102 101 111 100 102 99 97 95 7
109 107 109 118 107 110 111 105 112 107 105 104 8
108 107 108 112 105 108 111 105 99 99 102 101 9
103 99 93 98 100 94 102 95 100 95 96 93 10
110 105 98 108 107 106 108 104 104 104 102 15000 11
