Chip#1
103 94 103 101 99 103 97 100 98 101 104 101 0
108 107 102 113 132 104 102 108 135 104 112 108 1
104 102 100 134 143 105 100 105 154 111 107 104 2
110 105 102 102 105 101 97 101 105 102 109 101 3
104 97 102 98 106 104 98 99 97 94 104 100 4
110 107 100 102 108 109 101 106 107 101 107 100 5
110 109 109 131 160 104 104 111 165 120 112 103 6
101 97 98 110 119 101 98 100 111 101 105 95 7
115 105 111 107 112 111 112 107 111 111 109 108 8
103 98 102 95 97 100 96 101 99 96 102 101 9
116 104 107 102 104 111 107 104 109 104 111 106 10
99 100 102 101 100 107 100 103 100 99 107 15000 11
Chip#2
104 104 94 98 112 104 99 99 103 99 102 107 0
106 105 99 102 111 115 101 106 111 101 104 111 1
105 105 96 109 120 109 101 107 119 102 104 105 2
97 99 94 103 110 103 95 99 110 94 96 98 3
104 105 99 105 110 109 99 108 111 101 101 107 4
104 103 90 97 106 107 97 100 100 95 99 99 5
99 103 96 96 109 104 96 101 106 97 102 104 6
103 107 96 114 125 107 103 102 124 107 101 107 7
109 109 100 107 114 113 104 107 118 107 107 110 8
105 102 96 96 107 108 101 99 102 99 105 106 9
104 107 99 99 108 111 106 99 107 101 101 109 10
104 102 99 102 106 107 96 99 105 102 101 15000 11
Chip#3
110 100 99 102 92 101 106 101 98 108 102 102 0
108 134 101 101 99 100 104 104 99 107 105 99 1
107 103 105 98 94 98 106 103 100 102 106 99 2
114 134 106 101 112 102 108 98 107 107 105 106 3
112 134 107 134 234 163 111 110 193 143 108 104 4
107 101 106 104 119 97 104 104 124 111 104 99 5
114 99 105 103 95 100 104 103 98 103 104 99 6
103 99 105 102 100 100 103 104 104 108 112 97 7
100 96 98 120 165 97 97 99 147 139 98 97 8
109 134 108 119 190 115 107 109 193 134 109 103 9
108 134 108 104 106 99 109 104 109 108 104 103 10
115 134 106 102 100 99 107 100 103 111 106 15000 11
Chip#4
94 97 96 94 100 103 104 99 106 112 105 133 0
99 97 91 90 96 99 102 94 106 90 100 133 1
99 103 100 98 101 109 106 100 106 97 105 101 2
100 99 97 97 101 102 103 101 106 94 104 133 3
99 102 100 97 109 105 107 102 107 98 108 133 4
104 102 104 97 104 107 105 105 108 102 106 133 5
96 99 93 96 96 105 101 99 106 93 98 133 6
105 102 100 100 101 108 113 106 110 101 109 133 7
102 102 100 100 111 107 107 105 108 101 108 133 8
102 107 104 104 106 111 108 102 111 114 106 133 9
98 95 95 94 99 100 105 98 106 97 105 101 10
104 99 102 101 102 105 103 97 107 103 106 15000 11
Chip#1
118 112 113 109 111 112 108 107 111 111 115 111 0
108 102 103 222 508 104 101 117 641 111 111 99 1
111 110 107 657 798 106 98 161 1007 244 113 104 2
104 100 107 120 119 102 102 104 144 107 101 100 3
113 103 109 110 108 109 107 105 109 103 107 107 4
114 109 106 121 137 112 104 109 154 110 110 104 5
104 105 101 597 1130 113 102 253 1195 323 104 104 6
108 112 108 320 448 110 106 137 362 126 110 102 7
118 108 105 107 108 106 107 105 102 107 111 111 8
115 104 99 101 102 103 98 105 99 97 106 106 9
114 110 106 98 104 101 102 99 105 105 111 114 10
117 111 112 106 106 109 108 107 107 110 118 15000 11
Chip#2
108 99 100 101 104 107 104 99 99 97 100 99 0
111 106 100 103 111 111 107 104 101 99 102 106 1
112 109 100 254 297 115 112 159 337 128 109 116 2
108 107 99 241 249 109 104 124 307 134 105 109 3
110 108 102 107 111 112 108 107 112 106 109 107 4
112 108 108 110 114 112 108 107 107 107 109 116 5
102 101 94 134 156 103 101 100 176 103 98 105 6
112 101 105 304 418 110 114 136 370 174 113 112 7
109 108 105 134 147 110 104 106 189 113 108 112 8
111 103 99 102 108 107 103 102 105 99 105 106 9
113 111 101 101 114 102 109 104 107 106 112 112 10
112 111 109 109 114 113 111 108 110 110 117 15000 11
Chip#3
124 134 107 101 99 93 107 101 101 106 112 119 0
140 134 112 109 102 100 110 106 107 111 110 114 1
121 99 102 103 101 100 104 98 100 102 107 103 2
116 105 111 136 281 147 112 107 178 120 111 102 3
109 134 98 507 1800 457 106 201 1394 671 105 102 4
102 98 100 138 446 121 101 104 425 208 96 99 5
113 105 104 108 101 107 109 106 109 110 110 109 6
106 134 102 103 110 106 104 103 117 122 110 102 7
100 101 99 425 1078 179 97 110 871 688 100 93 8
109 134 104 290 1335 279 104 136 1159 513 109 104 9
112 101 104 101 102 98 102 100 104 102 101 99 10
139 134 99 103 97 101 103 100 104 106 103 15000 11
Chip#4
107 110 102 104 111 110 114 104 107 103 109 101 0
110 113 106 108 113 108 118 108 114 116 111 133 1
108 113 105 107 111 110 114 107 117 115 112 133 2
111 111 110 111 114 115 119 112 113 116 110 133 3
110 113 106 117 126 106 113 111 123 109 111 133 4
107 110 99 106 108 112 109 104 112 114 108 133 5
107 110 104 108 107 114 112 104 110 114 111 133 6
117 117 111 108 117 116 118 112 119 120 112 133 7
102 101 100 114 117 109 103 105 125 112 106 133 8
112 111 109 107 111 112 110 107 110 115 109 133 9
108 110 108 107 111 112 116 107 114 121 117 133 10
106 109 106 106 111 107 110 101 110 112 109 15000 11
Chip#1
118 111 102 104 105 102 103 107 108 110 109 104 0
110 110 110 365 910 112 107 142 1176 124 115 104 1
109 105 109 1163 1492 109 101 210 1860 389 108 106 2
110 112 112 149 133 109 111 115 189 118 110 101 3
110 108 108 108 113 106 107 113 115 106 113 107 4
108 107 104 134 164 109 103 116 195 113 110 103 5
118 116 117 1075 2243 122 110 441 2341 557 115 104 6
115 115 114 578 832 118 114 181 621 157 120 107 7
129 112 113 112 113 108 110 110 113 111 115 111 8
134 117 101 106 98 104 101 104 103 97 109 116 9
128 128 114 107 108 106 102 107 113 105 118 127 10
113 115 114 109 108 107 104 111 109 110 114 15000 11
Chip#2
110 106 93 102 105 107 102 100 103 101 103 109 0
116 113 109 114 118 119 111 105 117 113 115 115 1
106 111 101 390 507 116 107 213 568 143 108 105 2
113 111 110 406 414 121 108 147 528 181 113 118 3
113 108 101 113 118 112 108 110 122 105 109 110 4
103 113 106 109 112 110 109 106 112 109 110 107 5
111 113 105 184 224 116 114 111 270 118 114 116 6
110 113 112 540 804 116 112 165 686 247 113 115 7
112 113 109 166 194 117 114 117 279 121 114 112 8
116 113 107 109 117 117 110 108 114 112 114 115 9
116 127 107 110 111 114 108 107 110 107 108 116 10
115 118 102 103 111 114 104 105 106 106 110 15000 11
Chip#3
132 150 115 103 103 105 108 105 105 106 115 120 0
140 134 107 103 101 102 108 101 104 109 107 114 1
136 134 115 111 110 107 116 112 107 108 115 108 2
108 100 104 133 296 147 107 110 193 118 110 97 3
109 134 105 555 2004 496 106 217 1554 731 108 98 4
115 134 113 154 506 163 113 115 469 218 111 106 5
112 134 111 108 104 109 113 112 113 112 109 108 6
100 104 102 104 116 106 108 105 117 122 107 98 7
104 134 104 466 1204 194 109 117 961 764 105 101 8
109 107 111 314 1478 299 106 142 1271 559 109 105 9
114 101 105 98 100 100 103 100 100 108 102 95 10
146 150 112 106 109 108 110 108 105 111 114 15000 11
Chip#4
111 114 111 111 114 110 119 108 113 115 114 133 0
112 119 109 109 118 115 119 112 117 117 117 133 1
112 115 111 110 112 115 116 112 117 121 118 133 2
112 117 110 134 128 117 121 117 126 121 118 133 3
110 109 108 136 144 112 112 114 143 117 111 133 4
110 113 109 113 118 110 113 110 117 117 110 133 5
116 119 115 114 125 119 118 120 123 124 121 133 6
113 114 110 113 114 114 116 113 118 117 115 133 7
120 114 119 153 155 123 126 137 169 130 123 133 8
111 117 111 120 125 114 116 114 123 118 110 133 9
114 117 117 115 118 114 118 111 117 122 118 133 10
114 117 114 111 117 115 117 113 122 127 122 15000 11
Chip#1
126 108 112 106 114 104 103 106 115 109 116 108 0
120 112 118 486 1247 115 117 157 1595 146 117 115 1
117 110 117 1604 2053 117 114 256 2565 501 115 111 2
113 115 116 165 158 115 114 121 236 126 118 113 3
126 115 118 117 125 119 118 125 126 123 122 123 4
123 111 121 148 200 117 120 132 238 129 121 114 5
114 110 118 1452 3051 127 113 571 3210 723 114 110 6
126 119 126 753 1116 128 124 212 815 189 119 122 7
133 114 118 114 115 113 113 116 116 112 112 110 8
166 129 122 120 117 116 118 122 115 116 123 131 9
136 142 124 112 108 112 108 112 111 110 122 138 10
117 117 123 116 114 110 107 115 117 118 125 15000 11
Chip#2
118 112 108 114 114 112 111 110 108 110 109 116 0
113 112 110 114 122 116 116 112 124 115 112 115 1
116 112 102 505 634 115 114 256 740 157 112 109 2
112 111 108 498 536 116 110 159 676 204 114 113 3
117 112 112 134 126 119 112 116 122 113 118 121 4
113 127 112 134 117 120 117 110 116 115 113 116 5
109 118 113 210 257 119 112 116 317 118 114 112 6
113 113 106 682 1037 117 109 180 880 290 107 109 7
122 113 114 195 215 119 119 122 340 124 118 122 8
125 127 119 126 125 123 122 123 121 118 122 124 9
120 113 106 113 106 113 108 107 108 102 105 113 10
153 127 121 134 124 126 119 118 118 120 125 15000 11
Chip#3
126 134 110 99 95 100 100 102 101 101 110 113 0
143 134 105 106 101 106 109 104 109 108 110 113 1
128 134 111 106 102 109 113 108 109 109 106 108 2
113 134 108 141 296 163 110 114 193 124 108 106 3
119 134 114 564 2021 508 119 229 1560 744 117 115 4
104 134 101 150 506 147 108 112 460 215 107 103 5
100 134 98 97 99 100 106 105 102 104 100 99 6
103 104 102 107 109 105 109 104 114 125 106 98 7
109 104 106 465 1205 192 103 122 961 763 109 102 8
110 134 111 311 1476 299 110 134 1274 557 109 108 9
115 134 107 104 101 98 104 106 102 107 102 102 10
149 150 112 111 107 109 116 117 113 115 111 15000 11
Chip#4
119 117 114 115 120 112 123 114 118 121 116 133 0
120 117 113 134 120 120 126 116 118 125 118 133 1
118 117 116 134 118 123 126 116 120 129 124 133 2
122 117 114 129 133 121 124 122 137 127 122 133 3
114 114 114 153 167 120 119 122 163 123 117 133 4
117 118 113 117 125 119 123 118 125 130 117 133 5
122 118 124 117 127 124 127 122 128 129 131 133 6
124 118 122 120 127 125 127 119 131 131 121 133 7
116 114 111 162 165 117 119 132 180 125 116 133 8
124 114 121 129 141 121 124 129 141 133 126 133 9
125 114 120 120 121 123 125 120 121 129 126 133 10
127 114 117 134 126 127 126 123 129 129 126 15000 11
Chip#1
146 125 126 127 123 125 127 124 132 125 136 127 0
118 118 121 590 1558 116 115 172 2000 149 122 117 1
122 117 120 2000 2590 127 118 306 3242 620 126 122 2
124 130 125 181 175 129 129 129 283 147 131 129 3
121 120 122 128 124 123 122 125 129 119 127 120 4
116 112 120 160 218 120 120 136 279 128 117 107 5
118 122 126 1821 3830 136 118 698 4010 893 124 113 6
120 116 126 915 1364 126 117 236 991 189 116 116 7
133 110 117 121 123 114 114 115 120 116 120 114 8
168 133 116 117 113 115 114 119 118 113 121 136 9
145 154 129 116 110 113 114 117 120 112 135 148 10
133 128 134 128 122 123 118 122 126 126 141 15000 11
Chip#2
131 118 113 115 118 117 110 113 117 110 118 123 0
119 118 112 134 128 119 117 112 128 114 113 119 1
115 118 112 601 762 116 116 293 880 170 116 122 2
118 127 115 587 632 119 115 171 806 226 116 121 3
116 112 108 123 125 115 111 117 129 113 113 113 4
115 112 112 120 118 116 115 116 118 112 115 113 5
119 127 117 234 297 119 117 124 373 122 117 119 6
119 118 115 813 1237 119 112 199 1047 328 114 113 7
119 118 115 206 235 120 116 122 386 127 118 118 8
118 118 104 111 113 109 110 105 112 109 107 115 9
140 118 120 123 124 126 125 120 121 122 122 133 10
125 127 112 115 116 114 115 107 116 110 115 15000 11
Chip#3
133 150 120 114 104 102 110 109 106 107 117 118 0
136 134 105 101 103 105 104 106 99 103 108 109 1
126 134 109 109 104 103 110 115 110 108 111 106 2
112 101 106 133 296 147 103 110 193 116 108 103 3
112 134 111 557 2008 504 118 222 1560 738 114 107 4
99 93 98 145 490 147 104 111 454 207 101 95 5
110 104 106 104 106 107 112 107 109 110 110 107 6
104 134 104 106 110 103 106 106 122 119 108 99 7
101 99 102 463 1194 192 107 122 961 758 105 95 8
106 134 101 310 1476 293 110 136 1276 548 101 99 9
119 134 108 109 104 103 113 104 113 108 111 104 10
142 134 106 107 106 101 106 111 101 104 111 15000 11
Chip#4
127 114 127 134 131 132 132 126 130 135 133 133 0
127 114 126 134 125 131 132 126 126 133 127 133 1
116 119 110 108 112 120 118 114 117 121 120 133 2
122 119 118 137 141 123 125 126 144 124 123 133 3
122 119 115 175 189 125 119 129 175 130 127 133 4
120 119 117 121 123 123 123 119 126 123 121 133 5
122 119 124 116 119 122 128 125 123 131 123 133 6
120 119 111 118 125 120 120 117 129 127 120 133 7
130 119 126 190 184 130 125 157 207 138 128 133 8
126 119 120 142 144 123 125 133 142 127 127 133 9
124 119 122 124 125 127 125 119 123 130 129 133 10
133 119 129 134 132 137 131 129 131 135 132 15000 11
Chip#1
155 127 135 137 135 127 127 129 138 130 134 129 0
134 123 135 689 1840 124 122 207 2365 163 129 124 1
117 114 129 2355 3033 126 124 344 3802 701 121 114 2
126 125 131 192 186 127 125 137 309 146 134 120 3
121 120 128 133 130 126 126 130 136 128 129 123 4
120 116 124 171 240 117 118 141 315 133 119 114 5
114 114 126 2117 240 136 122 785 315 1032 122 113 6
128 120 131 1037 1576 130 127 255 1163 211 126 119 7
142 123 124 124 130 123 120 124 126 124 124 119 8
190 146 130 124 122 120 121 125 124 123 131 148 9
160 170 142 128 121 120 130 127 130 126 151 172 10
126 130 137 128 124 120 120 124 124 132 143 15000 11
Chip#2
132 118 116 116 118 121 118 112 119 113 118 125 0
117 118 110 121 131 119 109 113 129 112 114 115 1
120 127 114 671 859 126 115 325 999 179 122 125 2
118 127 122 671 712 127 122 187 914 247 120 122 3
122 118 114 145 128 121 118 123 139 115 118 118 4
116 118 114 122 121 120 114 117 118 108 117 113 5
120 118 119 254 326 126 121 124 411 131 122 123 6
118 118 119 918 1408 124 122 226 1193 362 123 117 7
122 118 121 225 255 129 124 125 430 127 121 122 8
153 130 120 134 128 132 128 126 128 120 126 128 9
137 118 119 121 123 122 117 117 121 115 117 129 10
153 134 122 134 123 123 124 122 123 118 129 15000 11
Chip#3
127 150 111 106 95 102 109 100 105 104 110 120 0
137 134 104 101 95 98 103 103 101 106 106 117 1
120 134 107 104 100 107 110 105 104 106 105 107 2
112 100 104 134 299 147 109 107 179 119 106 102 3
108 103 104 559 1998 498 107 218 1544 735 109 104 4
110 134 106 156 506 147 112 117 466 221 115 104 5
108 134 108 106 104 106 113 110 112 111 112 111 6
109 109 105 110 116 111 115 110 124 127 110 106 7
106 105 104 468 1207 194 106 119 963 758 104 108 8
103 134 102 310 1473 289 101 136 1272 548 105 99 9
119 134 102 102 106 100 112 104 107 104 107 104 10
140 134 103 103 104 103 106 103 110 108 105 15000 11
Chip#4
129 119 130 137 131 129 128 126 128 134 128 133 0
130 119 121 134 136 131 137 130 133 135 133 133 1
127 119 128 137 134 130 132 131 131 133 134 133 2
133 119 126 154 160 131 137 142 159 138 136 133 3
129 119 128 199 209 129 129 146 199 136 133 133 4
136 119 132 145 145 136 141 134 146 137 135 133 5
124 119 130 134 130 132 136 135 130 136 135 133 6
129 119 125 138 130 126 128 126 138 129 129 133 7
132 119 125 209 214 131 137 166 237 143 135 133 8
131 119 136 160 160 140 139 146 161 134 140 133 9
125 119 130 134 131 125 128 125 128 131 128 133 10
139 119 136 137 137 136 134 134 137 134 135 15000 11
Chip#1
155 127 127 128 134 120 123 125 136 125 130 125 0
133 127 134 753 2070 129 131 207 2651 172 137 130 1
121 124 131 2648 3392 132 124 371 2651 774 131 116 2
120 123 127 199 192 125 126 134 324 145 130 121 3
133 128 129 136 136 131 132 136 140 132 129 123 4
126 123 129 181 266 125 132 151 348 147 135 123 5
126 123 128 2367 266 146 130 864 348 1164 131 119 6
122 124 133 1130 1759 127 121 274 1250 220 125 114 7
149 123 119 125 126 123 122 127 127 125 127 120 8
191 142 123 121 125 124 121 122 124 123 131 148 9
166 182 139 132 128 123 126 132 133 126 154 175 10
133 128 133 131 130 122 122 128 129 137 148 15000 11
Chip#2
131 118 113 120 116 121 118 112 118 113 123 129 0
124 127 117 134 135 127 117 118 135 116 121 123 1
119 118 115 749 954 128 121 355 1114 197 121 124 2
122 128 121 730 786 131 119 193 1014 262 122 123 3
118 118 114 134 132 119 117 120 140 114 121 123 4
123 118 115 126 123 126 121 119 130 120 121 122 5
127 132 120 278 354 127 125 133 447 131 125 131 6
123 127 117 1015 1578 124 118 235 1331 392 129 127 7
119 118 119 238 269 128 117 130 471 133 123 123 8
127 127 119 134 122 122 118 117 121 114 122 123 9
153 127 113 115 118 117 115 117 114 112 118 130 10
169 141 141 134 125 127 123 120 127 123 133 15000 11
Chip#3
126 150 114 111 106 102 107 104 106 108 111 120 0
143 134 113 105 101 102 109 110 107 107 109 116 1
117 102 106 102 100 103 109 100 101 106 106 103 2
106 103 106 134 293 147 109 111 177 122 106 104 3
104 134 107 531 1907 479 106 209 1473 704 111 103 4
110 105 112 150 467 147 109 116 440 216 110 103 5
113 105 108 109 99 110 103 112 112 112 106 107 6
100 99 99 103 107 99 103 100 112 124 104 97 7
107 103 109 452 1149 189 108 122 926 733 110 103 8
102 98 104 306 1403 284 103 131 1217 529 101 103 9
116 134 104 107 101 100 103 103 110 106 103 101 10
141 150 112 106 107 107 112 111 111 112 109 15000 11
Chip#4
133 119 133 133 134 133 138 137 134 136 139 133 0
133 119 130 134 133 136 134 131 130 133 132 133 1
127 119 121 134 127 123 132 126 126 128 128 133 2
134 146 132 166 163 136 139 147 171 142 138 133 3
135 119 137 211 228 135 139 155 207 146 141 133 4
132 119 131 145 139 133 133 135 139 137 132 133 5
141 119 137 145 141 141 148 143 141 144 144 145 6
135 119 135 144 139 134 137 134 150 140 134 145 7
143 119 140 230 227 144 149 187 258 153 144 141 8
139 119 137 163 169 140 142 149 167 141 145 141 9
138 119 140 141 134 135 138 134 137 142 136 141 10
137 119 135 140 137 140 139 134 137 138 141 15000 11
Chip#1
160 125 129 129 134 122 121 127 135 125 130 126 0
136 127 135 822 2287 129 131 207 2928 180 129 130 1
130 129 135 2934 3775 136 133 409 2928 863 136 128 2
134 130 134 215 211 139 135 148 362 154 139 132 3
128 128 129 135 138 129 129 136 143 133 130 127 4
122 124 125 181 285 127 125 160 368 146 125 122 5
129 125 137 2631 285 149 129 963 368 1275 131 127 6
130 125 133 1245 1940 134 122 294 1394 239 129 120 7
152 127 130 136 132 127 130 130 133 130 132 129 8
197 146 133 125 121 122 121 125 120 122 127 156 9
173 188 147 133 126 130 132 135 133 128 156 156 10
130 129 138 127 122 123 117 121 129 132 140 15000 11
Chip#2
153 127 115 134 123 126 119 118 116 113 122 133 0
119 118 115 134 131 123 122 113 132 114 121 121 1
127 127 121 799 1017 128 122 376 1196 204 126 129 2
122 127 118 775 832 127 122 198 1081 275 123 125 3
123 118 114 134 137 121 122 119 140 120 123 121 4
120 118 120 126 126 126 124 124 129 118 124 119 5
129 118 122 289 372 128 127 131 471 132 123 130 6
124 127 120 1084 1692 127 125 249 1422 423 123 122 7
126 128 121 247 281 130 123 126 499 130 121 121 8
153 128 119 134 127 128 123 128 124 122 125 128 9
153 133 121 134 126 127 124 120 123 123 125 134 10
153 137 126 134 128 126 129 122 123 124 133 15000 11
Chip#3
121 134 106 103 97 98 107 101 98 102 109 114 0
142 150 111 107 106 106 110 110 104 108 112 112 1
130 134 105 105 103 107 114 106 103 111 115 107 2
117 134 111 138 295 147 118 116 193 127 117 108 3
109 102 106 528 1901 474 108 208 1473 704 108 103 4
106 101 100 147 465 147 104 110 442 205 105 99 5
103 101 103 101 98 101 107 109 103 110 105 98 6
104 100 99 104 110 103 107 105 113 119 104 97 7
103 99 105 445 1146 185 103 119 920 727 108 99 8
110 106 107 307 1403 293 110 141 1221 538 110 107 9
126 134 108 114 107 109 112 114 113 112 112 109 10
143 150 106 109 100 102 108 109 107 112 111 15000 11
Chip#4
142 146 140 143 144 136 142 137 135 141 144 140 0
139 146 141 144 140 137 141 137 139 144 142 142 1
139 146 143 140 141 136 157 142 137 146 143 141 2
135 119 138 162 173 135 138 146 169 141 134 141 3
143 146 145 229 255 145 157 170 229 155 143 141 4
135 146 138 146 151 136 139 141 146 143 135 141 5
140 146 140 148 146 140 143 145 142 144 144 140 6
139 146 139 156 151 145 157 143 156 144 142 144 7
150 146 145 249 252 154 157 195 286 162 151 147 8
147 146 147 176 181 146 158 161 178 153 150 147 9
144 119 144 147 144 140 143 140 144 148 143 142 10
156 146 143 150 150 150 157 148 147 157 151 15000 11
Chip#1
164 133 133 136 140 128 129 132 144 133 139 131 0
141 137 144 902 2513 142 135 222 3235 189 147 138 1
134 131 136 3202 2513 138 131 434 3235 938 137 129 2
136 136 137 226 218 140 136 149 384 167 140 133 3
141 137 137 145 148 140 142 146 152 140 141 132 4
133 129 135 190 320 138 134 163 401 157 137 125 5
128 127 133 2875 320 152 127 1035 401 1394 135 121 6
138 129 141 1373 2112 140 135 316 1511 259 135 126 7
155 131 128 130 135 127 125 129 130 126 128 121 8
211 158 131 133 130 130 130 129 129 127 139 162 9
173 193 147 134 129 123 127 132 131 127 166 194 10
138 139 146 135 129 128 124 128 134 140 166 15000 11
Chip#2
153 127 115 134 121 124 122 119 119 115 117 129 0
127 118 117 134 139 124 121 129 140 120 124 125 1
123 118 119 852 1081 124 120 394 1271 206 122 123 2
125 127 141 832 888 128 126 210 1155 292 125 128 3
129 118 119 134 138 129 125 130 144 123 125 123 4
119 127 119 134 127 123 122 124 129 120 123 123 5
127 118 125 299 388 128 131 135 504 133 128 128 6
125 127 116 1158 1809 133 130 259 1521 445 127 124 7
122 118 116 251 287 124 117 123 524 130 116 118 8
133 118 121 121 130 126 125 123 128 116 131 129 9
153 135 141 134 127 128 125 126 127 123 128 142 10
153 147 134 134 134 135 132 130 134 132 140 15000 11
Chip#3
122 134 104 102 98 101 107 103 103 103 109 116 0
139 134 105 103 106 103 108 106 110 108 114 115 1
124 134 111 104 104 108 107 106 107 107 110 104 2
109 102 103 129 282 147 109 104 178 118 107 104 3
107 102 105 532 1903 478 109 207 1480 704 106 103 4
106 101 107 148 470 147 103 110 449 207 107 103 5
108 134 105 107 101 108 109 110 107 107 114 105 6
110 134 109 111 122 111 117 109 125 127 109 108 7
104 99 100 448 1144 189 107 117 923 728 109 99 8
108 134 108 302 1406 290 110 140 1217 535 116 105 9
124 134 107 110 107 105 116 109 114 108 112 108 10
137 150 108 101 103 102 107 104 107 106 105 15000 11
Chip#4
153 146 149 149 149 148 158 152 151 154 147 146 0
148 146 140 148 146 140 157 145 142 149 144 144 1
142 146 138 141 141 143 148 143 143 147 144 144 2
151 146 149 181 188 149 158 166 188 159 147 147 3
144 146 142 238 269 147 157 170 243 160 147 141 4
137 119 136 146 146 140 141 137 145 142 139 141 5
150 162 146 155 149 149 160 149 147 155 149 148 6
145 146 145 160 153 145 158 146 164 153 141 145 7
153 146 150 262 262 151 159 203 302 170 152 150 8
156 146 153 182 186 153 156 170 189 160 153 150 9
154 146 150 153 152 149 164 152 152 157 151 149 10
156 146 152 149 149 153 163 148 157 153 150 15000 11
Chip#1
166 130 134 134 144 128 130 132 143 135 140 132 0
138 134 141 935 2624 141 138 232 3387 189 143 138 1
132 128 137 3348 2624 142 134 456 3387 974 141 134 2
130 128 131 226 219 133 134 141 392 162 131 127 3
132 129 129 139 142 133 135 140 146 139 133 135 4
136 129 136 198 320 134 139 168 416 164 137 132 5
126 125 135 3005 320 160 131 1091 416 1459 135 122 6
133 127 133 1425 2231 137 131 322 1581 264 136 130 7
163 137 132 136 145 136 132 139 139 139 135 137 8
243 155 131 127 130 130 131 135 131 126 141 168 9
182 194 150 129 128 125 132 132 133 130 166 168 10
145 152 154 151 139 134 134 147 140 154 166 15000 11
Chip#2
153 131 125 134 130 129 131 123 132 123 126 140 0
124 118 122 134 138 127 125 123 140 122 120 122 1
124 127 119 894 1132 130 126 414 1338 216 122 127 2
125 118 119 868 928 129 128 212 1208 291 131 128 3
130 131 126 150 144 130 128 130 152 126 127 133 4
129 131 129 134 133 128 130 129 135 126 125 129 5
130 118 127 312 412 131 131 136 519 138 128 133 6
153 133 141 1208 1899 133 131 269 1602 466 130 130 7
117 127 116 262 303 127 122 125 545 139 121 123 8
153 127 120 134 125 122 121 118 123 121 122 123 9
153 127 122 134 128 127 121 119 123 121 127 135 10
153 138 128 134 132 129 131 124 127 127 130 15000 11
Chip#3
124 134 109 104 105 105 107 106 100 108 112 113 0
140 134 105 101 101 101 107 106 103 103 106 113 1
126 134 109 103 102 108 109 106 104 110 111 109 2
109 103 113 138 285 147 112 110 178 123 107 103 3
112 134 107 530 1907 482 110 208 1476 704 109 106 4
115 134 118 157 490 163 114 119 453 222 116 115 5
110 134 106 103 100 105 108 109 104 106 106 102 6
107 99 102 103 110 102 101 103 113 120 102 103 7
106 101 112 447 1150 190 110 123 925 734 111 106 8
101 98 104 300 1395 285 101 130 1182 527 104 100 9
113 99 104 101 98 98 101 101 101 104 101 100 10
128 134 99 95 93 91 101 100 98 100 101 15000 11
Chip#4
150 146 151 149 152 146 157 150 151 151 149 154 0
158 146 153 157 151 151 165 152 156 155 153 157 1
151 146 144 151 146 150 161 150 151 153 150 146 2
154 146 153 185 191 154 160 165 199 160 150 151 3
157 146 153 259 288 158 161 189 269 168 158 152 4
155 146 159 172 164 159 170 161 171 161 156 157 5
154 146 157 155 149 153 165 154 154 159 153 152 6
150 146 144 161 156 151 159 152 168 154 150 149 7
160 146 155 277 277 163 166 217 324 174 155 153 8
153 146 149 182 190 149 158 166 191 153 150 146 9
157 146 154 156 153 151 164 153 153 161 157 155 10
174 162 168 168 167 169 177 165 172 170 165 15000 11
Chip#1
168 135 135 142 146 131 132 136 148 140 139 137 0
140 131 135 960 2784 135 136 227 3577 189 145 134 1
143 137 143 3576 2784 150 139 478 3577 1038 148 140 2
142 139 137 242 236 143 146 155 424 173 140 137 3
132 128 131 143 147 138 137 148 149 138 166 134 4
138 134 139 206 336 143 140 176 443 163 145 136 5
133 125 134 3163 336 159 134 1146 443 1526 136 129 6
141 130 135 1520 2352 143 135 333 1669 270 133 126 7
164 131 128 140 141 132 129 131 136 132 131 131 8
227 158 126 131 130 124 124 126 126 124 132 165 9
181 210 150 139 131 129 130 132 135 133 166 166 10
146 148 151 144 139 129 134 134 141 148 166 15000 11
Chip#2
153 127 117 118 126 127 121 116 119 115 120 133 0
120 127 119 134 134 124 122 114 139 120 122 123 1
127 118 123 918 1186 128 125 433 1402 223 122 130 2
153 127 126 902 971 130 126 220 1274 310 125 129 3
125 127 123 150 138 128 124 126 150 124 127 129 4
153 130 141 134 132 135 126 130 138 126 127 127 5
131 128 127 326 424 135 135 138 545 141 131 136 6
136 131 130 1276 1987 140 137 287 1685 486 134 138 7
129 131 122 278 312 134 133 135 575 146 130 129 8
153 133 122 134 131 134 130 126 128 126 128 134 9
169 134 127 134 136 131 132 132 133 130 129 145 10
153 144 141 134 128 126 124 125 133 127 131 15000 11
Chip#3
124 150 116 104 104 105 103 106 105 108 116 121 0
134 113 104 95 94 97 104 100 99 103 101 107 1
126 134 106 104 102 105 110 106 102 109 107 108 2
110 134 108 127 291 147 107 109 193 118 109 101 3
102 107 102 521 1897 476 102 204 1461 688 105 99 4
107 105 112 148 468 147 108 117 451 208 105 103 5
95 98 95 94 92 96 100 98 98 101 99 98 6
101 101 105 106 112 105 110 103 114 122 105 103 7
104 102 109 453 1153 195 113 123 928 731 110 108 8
108 134 109 302 1411 290 112 137 1217 535 112 109 9
119 105 107 109 107 103 107 105 105 108 106 104 10
136 134 104 103 103 101 109 104 107 107 108 15000 11
Chip#4
155 162 154 157 153 150 161 153 156 156 159 158 0
151 146 148 155 150 153 165 149 153 155 149 152 1
153 146 153 155 151 151 164 153 154 154 153 150 2
162 162 158 204 205 160 169 172 210 167 161 158 3
156 146 153 267 296 158 164 184 275 169 158 154 4
155 146 159 166 166 160 170 161 168 160 155 155 5
162 162 159 160 157 159 169 159 162 162 162 161 6
154 146 158 167 162 153 164 150 179 159 153 150 7
165 162 168 296 298 168 171 231 348 181 163 164 8
162 162 162 198 201 163 172 179 204 162 165 158 9
162 162 159 166 163 160 171 164 165 164 167 159 10
170 162 165 168 163 165 174 161 169 168 166 15000 11
Chip#1
179 136 139 143 150 132 140 138 151 142 166 140 0
136 136 138 1015 2896 141 136 249 3744 189 140 135 1
138 134 144 3701 2896 150 141 492 3744 1046 147 140 2
133 129 132 241 226 135 137 146 411 167 136 128 3
140 136 137 148 153 142 147 146 151 143 143 141 4
141 139 145 215 350 145 148 176 464 180 150 141 5
136 135 146 3316 350 164 139 1210 464 1578 136 138 6
134 135 137 1550 2368 144 136 345 1682 273 139 129 7
173 135 130 146 147 134 137 139 141 135 134 136 8
227 161 135 133 136 128 131 135 127 135 140 174 9
177 210 152 128 133 128 130 131 135 134 166 174 10
142 140 145 138 134 131 131 135 137 147 166 15000 11
Chip#2
153 133 120 134 124 124 119 123 124 120 121 137 0
153 133 123 134 148 128 129 123 146 122 124 129 1
153 133 141 948 1218 132 128 442 1444 223 123 131 2
132 136 141 918 1006 137 133 229 1319 318 130 137 3
134 138 130 148 151 137 138 135 161 126 136 137 4
153 136 129 148 138 134 132 133 141 128 133 134 5
123 118 120 320 419 127 124 130 549 130 122 125 6
120 130 127 1303 2031 133 130 281 1724 488 126 125 7
123 130 127 276 315 130 129 130 592 146 123 127 8
153 136 126 134 130 136 128 125 134 124 128 137 9
185 146 141 150 137 136 135 132 135 131 126 147 10
169 156 141 134 138 136 130 130 139 134 140 15000 11
Chip#3
121 134 111 101 101 106 102 105 103 107 106 115 0
133 150 105 102 103 100 101 103 102 100 102 111 1
120 101 102 100 99 100 104 103 99 100 105 100 2
106 102 103 131 275 147 108 105 172 120 105 98 3
110 106 113 511 1786 461 109 207 1393 676 109 108 4
110 134 109 150 455 147 108 116 433 209 111 111 5
108 103 106 105 107 100 103 104 107 103 107 107 6
110 105 108 109 118 110 107 111 120 127 110 113 7
112 134 108 432 1092 191 111 130 881 704 116 109 8
108 102 102 290 1336 277 105 135 1163 510 106 104 9
117 104 99 101 103 105 107 106 104 100 101 102 10
139 134 106 106 107 103 108 109 106 104 110 15000 11
Chip#4
167 162 165 166 165 163 174 165 170 164 167 166 0
167 162 164 167 164 163 175 163 164 166 164 165 1
161 162 159 167 169 163 172 165 161 166 165 166 2
164 162 165 201 214 159 169 178 214 170 159 161 3
163 162 159 284 323 170 174 197 294 177 164 161 4
164 162 167 177 175 163 176 167 174 163 165 162 5
169 162 170 170 169 170 180 170 169 169 171 166 6
162 162 162 174 173 163 169 164 183 166 163 158 7
163 162 167 309 312 168 174 233 362 186 167 162 8
169 162 167 200 211 166 172 184 211 168 163 161 9
171 162 172 170 169 168 180 175 167 173 171 165 10
181 162 171 173 175 176 183 169 175 179 174 15000 11
Chip#1
180 144 146 151 151 140 139 145 159 146 146 148 0
136 129 137 1058 3038 136 132 244 3896 190 136 136 1
145 137 149 3855 3038 149 145 509 3896 1092 147 135 2
132 133 131 247 230 141 139 149 421 162 136 134 3
135 133 136 146 148 137 141 148 151 139 140 137 4
133 129 138 211 348 139 140 177 469 165 139 136 5
138 139 147 3457 348 167 145 1243 469 1644 142 132 6
143 132 140 1623 2480 145 138 354 1759 279 140 136 7
171 135 131 137 141 135 139 136 143 134 140 133 8
243 160 131 136 131 125 130 131 130 132 136 170 9
185 210 153 139 132 128 130 134 133 131 166 171 10
145 148 155 150 144 142 136 141 143 156 166 15000 11
Chip#2
153 137 121 134 133 134 128 125 128 125 128 142 0
124 127 110 134 140 128 122 124 141 120 123 122 1
153 132 122 973 1248 133 130 452 1470 223 131 134 2
129 127 123 935 1011 130 125 225 1326 316 122 127 3
153 138 141 146 146 136 132 154 159 132 135 129 4
153 134 126 146 143 140 138 133 140 126 131 133 5
131 134 132 335 439 140 138 145 567 139 129 131 6
134 131 123 1320 2076 133 125 286 1751 493 128 129 7
130 132 126 284 320 131 131 135 599 147 131 133 8
153 127 122 134 132 130 126 130 130 124 123 129 9
169 140 125 134 127 130 132 129 129 123 130 142 10
153 149 135 134 142 138 133 136 136 136 140 15000 11
Chip#3
123 134 108 98 95 100 104 100 98 100 106 113 0
136 134 107 103 97 101 101 104 104 103 106 109 1
122 104 104 98 97 100 104 104 105 99 102 100 2
107 102 105 134 280 147 109 109 176 115 109 107 3
97 91 95 493 1793 444 91 191 1382 656 94 92 4
107 104 101 150 454 147 109 108 429 224 104 104 5
103 99 103 103 98 103 100 105 106 102 104 106 6
107 100 107 110 113 101 106 106 117 122 107 99 7
112 134 112 429 1092 194 112 124 879 704 115 116 8
112 102 109 294 1328 278 105 134 1169 512 110 103 9
106 96 102 95 98 98 96 98 98 101 99 94 10
135 134 105 103 98 99 106 103 98 101 100 15000 11
Chip#4
173 162 168 168 170 165 176 163 166 172 167 169 0
173 162 172 174 171 170 179 167 169 175 169 168 1
169 162 168 169 166 167 176 167 168 172 175 167 2
171 178 171 214 223 170 172 188 231 176 171 172 3
175 162 173 308 348 181 183 215 316 190 179 170 4
164 162 163 177 179 164 176 170 175 167 167 165 5
164 162 165 168 166 169 180 167 169 172 165 164 6
169 162 170 190 182 172 181 171 196 173 173 166 7
167 162 165 318 328 171 177 238 371 187 170 169 8
169 178 166 204 219 167 176 184 221 170 170 164 9
177 178 173 175 176 172 182 173 175 176 176 169 10
182 162 170 174 176 172 182 170 177 177 174 15000 11
Chip#1
184 140 145 146 151 138 139 141 157 145 148 144 0
146 136 144 1094 3152 141 136 258 4042 198 150 140 1
143 144 150 3991 3152 158 147 524 4042 1129 166 143 2
142 137 145 260 243 151 147 156 449 189 154 142 3
127 132 134 148 149 140 141 145 157 142 143 138 4
132 132 134 208 354 139 142 178 471 167 141 134 5
133 134 142 3583 354 170 140 1283 471 1693 146 133 6
139 141 142 1675 2562 150 145 369 1801 295 142 138 7
171 134 135 144 148 132 134 134 145 137 141 138 8
227 165 137 129 130 128 129 132 132 129 141 176 9
211 226 161 148 143 139 141 141 141 148 198 219 10
147 146 156 143 140 133 134 136 140 149 166 15000 11
Chip#2
169 138 123 134 130 128 129 126 130 127 131 137 0
153 134 141 150 149 131 126 126 148 125 127 128 1
131 134 126 983 1264 136 133 462 1495 230 133 135 2
131 133 125 956 1028 133 130 229 1356 321 130 129 3
127 134 128 167 150 133 130 133 157 127 134 128 4
153 134 141 167 138 133 135 135 137 127 134 130 5
129 136 133 334 460 130 138 144 576 143 130 133 6
122 127 125 1339 2102 128 132 286 1783 497 128 123 7
129 134 141 286 327 128 130 154 612 143 133 130 8
153 137 123 134 137 133 132 130 133 127 129 133 9
169 136 127 134 132 130 128 126 130 128 130 142 10
169 151 141 150 144 135 132 154 140 134 149 15000 11
Chip#3
123 134 113 104 106 107 104 106 105 112 114 120 0
132 134 105 98 97 99 101 105 105 102 107 111 1
120 104 105 108 106 105 110 104 103 108 109 106 2
113 101 105 132 281 147 108 111 173 120 109 99 3
103 102 102 510 1804 459 106 207 1393 673 107 107 4
106 102 104 145 453 147 107 110 428 208 102 99 5
89 90 94 88 87 93 94 93 91 95 93 92 6
101 99 101 106 114 101 101 104 115 116 106 103 7
103 101 102 424 1081 180 103 116 879 688 102 97 8
101 104 105 290 1329 276 103 132 1156 511 100 103 9
116 105 104 108 108 107 108 106 110 107 107 107 10
127 134 91 94 95 95 97 100 97 99 96 15000 11
Chip#4
172 178 170 178 175 171 186 171 174 175 176 173 0
176 178 174 179 176 174 187 179 171 179 175 175 1
171 162 167 177 173 172 182 173 174 174 173 173 2
167 162 169 216 224 168 175 187 230 173 170 165 3
170 178 173 315 352 173 180 212 320 189 171 167 4
167 162 165 187 182 166 181 173 184 172 167 166 5
171 162 174 170 167 172 177 172 171 174 169 168 6
174 162 178 188 185 175 183 172 195 176 175 169 7
182 178 178 344 352 183 188 258 402 203 175 178 8
177 178 176 218 228 174 183 199 229 180 176 171 9
187 178 185 185 181 182 193 184 183 189 186 178 10
194 187 180 187 185 184 194 180 188 186 193 15000 11
Chip#1
180 138 134 142 148 130 134 136 155 145 142 139 0
140 140 143 1121 3217 150 145 271 155 206 166 138 1
145 138 144 1121 3217 154 149 538 155 1153 166 142 2
133 135 137 258 245 140 147 154 453 173 145 136 3
140 137 134 153 154 145 147 152 161 151 166 138 4
135 136 136 216 360 145 145 178 479 173 142 131 5
139 137 147 3671 360 177 147 1319 479 1725 150 140 6
147 141 147 1715 2624 159 150 376 1841 301 145 137 7
167 139 136 145 149 139 141 140 143 139 137 138 8
238 176 139 141 135 139 139 143 142 139 148 178 9
191 210 155 136 131 135 135 132 133 133 182 210 10
146 148 156 144 140 136 139 136 143 154 182 15000 11
Chip#2
153 118 120 122 129 126 124 123 124 122 128 142 0
125 128 127 134 146 129 126 128 144 123 126 129 1
153 137 141 1007 1296 142 139 466 1530 238 135 140 2
133 131 127 979 1054 136 132 235 1384 328 133 139 3
153 131 141 190 149 136 129 131 156 127 133 133 4
153 134 128 134 142 135 133 133 140 130 133 131 5
153 132 141 347 477 140 139 147 586 145 134 135 6
126 127 123 1365 2144 128 128 290 1813 508 130 128 7
127 133 119 292 328 128 133 141 618 138 131 128 8
153 132 126 134 138 135 135 133 130 131 130 136 9
169 135 123 134 130 127 126 125 124 123 129 142 10
169 152 132 134 139 136 132 136 137 134 145 15000 11
Chip#3
116 150 106 96 101 97 102 102 99 100 106 111 0
130 150 106 101 94 95 101 104 104 104 104 110 1
117 101 102 99 99 102 100 106 98 102 98 98 2
104 102 101 131 276 147 107 109 173 118 110 99 3
101 100 100 500 1792 452 101 205 1389 670 102 99 4
100 99 100 143 451 147 106 110 420 208 101 102 5
108 111 106 109 106 105 110 111 112 107 115 107 6
106 105 102 102 119 106 108 110 118 123 105 99 7
103 98 104 426 1085 189 104 116 880 688 106 101 8
113 109 109 296 1331 282 109 135 1164 517 115 111 9
117 104 104 105 105 102 108 103 104 103 101 105 10
133 150 101 102 104 100 107 103 105 106 111 15000 11
Chip#4
183 178 183 184 178 179 187 184 180 181 182 181 0
181 178 180 185 181 177 188 179 181 182 177 180 1
180 178 184 187 179 185 190 181 182 186 187 178 2
181 178 183 233 244 180 187 199 242 194 180 178 3
171 162 180 325 370 179 179 219 329 190 179 169 4
170 162 176 190 186 179 186 173 188 179 173 174 5
180 162 179 185 178 183 193 181 181 180 181 179 6
169 162 174 192 184 171 181 173 198 180 174 172 7
182 178 185 360 358 190 193 266 414 202 182 182 8
190 178 191 233 242 189 194 211 252 196 185 181 9
184 178 188 180 179 182 187 177 178 183 180 175 10
197 178 187 187 191 189 195 187 191 190 187 15000 11
Chip#1
183 143 142 140 151 137 136 140 156 148 148 138 0
145 142 147 1144 3294 147 141 267 156 205 147 141 1
147 140 152 1144 3294 156 144 546 156 1177 166 142 2
142 146 146 269 247 147 150 160 466 189 146 138 3
140 139 144 152 160 148 148 157 160 150 166 140 4
145 141 149 226 370 150 147 186 495 172 150 141 5
148 147 151 3761 370 184 155 1345 495 1770 166 142 6
142 134 143 1748 2685 151 140 372 1885 303 142 135 7
174 141 138 146 152 143 142 142 146 139 143 143 8
227 172 133 132 129 130 129 134 127 127 140 174 9
195 226 156 134 131 138 136 135 133 133 182 210 10
145 142 149 142 134 129 128 131 135 147 166 15000 11
Chip#2
169 140 141 150 137 136 132 154 133 132 138 146 0
153 139 133 150 157 133 126 136 152 133 137 136 1
131 134 129 1025 1306 133 131 469 1551 237 127 136 2
127 132 125 992 1062 131 126 235 1401 324 130 129 3
127 133 123 134 145 133 129 132 156 123 126 127 4
153 132 141 150 132 128 132 154 133 124 127 131 5
153 131 141 344 474 133 129 154 588 144 129 130 6
124 132 121 1391 2177 130 130 297 1837 519 130 133 7
134 138 130 299 333 135 133 138 633 153 130 127 8
153 137 141 134 136 134 133 132 134 126 131 133 9
169 143 127 134 137 135 133 132 134 128 135 147 10
153 152 130 134 138 133 126 130 126 132 140 15000 11
Chip#3
116 134 106 107 101 97 104 101 98 103 112 118 0
129 134 102 102 97 99 107 104 100 100 101 109 1
110 100 99 95 99 95 98 95 96 95 102 93 2
103 96 96 124 269 124 100 98 170 109 101 98 3
108 134 102 513 1804 461 107 208 1397 674 112 103 4
95 92 90 136 445 147 100 97 420 208 98 92 5
102 99 102 104 98 103 103 104 107 103 107 99 6
108 104 102 109 116 105 108 106 117 123 109 99 7
107 100 105 435 1088 189 114 119 881 688 109 102 8
103 103 105 296 1328 275 107 133 1158 507 104 103 9
112 94 95 97 95 98 101 95 104 102 98 99 10
136 150 108 102 103 103 109 108 107 103 108 15000 11
Chip#4
184 178 184 190 182 185 192 179 180 186 182 182 0
182 162 179 184 182 180 191 177 176 183 175 187 1
186 178 184 186 186 185 194 179 183 189 185 183 2
176 178 179 228 239 180 184 198 247 187 176 174 3
182 178 185 340 387 190 190 224 347 199 185 179 4
181 178 179 198 197 184 189 183 196 187 182 178 5
183 187 189 188 188 193 199 188 184 190 193 187 6
187 178 189 207 203 193 202 188 217 192 185 183 7
187 178 191 369 376 194 198 276 435 212 188 187 8
190 178 194 238 252 192 199 219 252 201 192 188 9
193 187 189 197 192 193 200 188 191 197 193 185 10
205 178 195 199 199 200 205 193 200 205 192 15000 11
