Chip#1
97 97 106 108 105 106 106 97 106 102 96 99 0 222 123 91 23
132 108 120 117 119 119 124 119 115 112 107 108 1 0 0 0 0
99 95 108 106 112 108 109 110 102 100 99 94 2 0 0 0 0
102 95 109 109 108 109 106 103 107 100 99 101 3 0 0 0 0
98 91 106 105 107 101 116 115 100 96 93 94 4 0 0 0 0
109 101 115 115 113 116 133 126 112 107 105 103 5 0 0 0 0
105 99 112 111 109 111 106 101 102 105 102 99 6 0 0 0 0
108 105 117 113 113 113 114 107 110 126 131 103 7 0 0 0 0
132 105 111 113 118 111 110 109 112 124 131 105 8 0 0 0 0
103 100 111 110 114 105 107 105 108 113 109 100 9 0 0 0 0
105 105 111 110 113 111 110 104 108 122 131 99 10 0 0 0 0
99 97 107 107 105 108 107 97 108 118 131 15000 11 0 0 0 0
Chip#2
112 104 108 99 99 98 97 100 72 100 104 99 0 153 123 54 23
112 100 101 92 94 93 96 95 72 99 100 99 1 0 0 0 0
128 103 102 97 98 102 110 108 110 102 105 101 2 0 0 0 0
112 105 103 100 99 100 96 97 72 99 102 102 3 0 0 0 0
112 98 100 92 99 94 123 123 72 96 97 98 4 0 0 0 0
112 102 102 97 99 102 132 129 72 100 99 102 5 0 0 0 0
112 108 109 105 103 102 102 102 110 102 109 107 6 0 0 0 0
112 101 102 99 96 96 98 96 110 134 131 102 7 0 0 0 0
84 104 107 98 104 104 101 96 72 121 125 95 8 0 0 0 0
128 108 109 99 105 103 101 103 110 109 109 108 9 0 0 0 0
112 110 106 103 103 103 101 97 110 146 134 105 10 0 0 0 0
112 104 108 102 99 96 100 96 72 114 112 15000 11 0 0 0 0
