Chip#1
124 126 124 128 130 129 125 127 130 122 122 119 0
119 126 121 129 124 124 128 123 125 119 123 121 1
122 126 123 128 123 126 127 125 125 122 118 123 2
119 119 119 127 121 121 126 124 124 126 120 120 3
121 121 119 121 121 127 125 122 122 118 121 116 4
116 118 148 156 122 160 180 125 125 119 116 121 5
124 124 136 143 124 144 156 124 129 124 122 117 6
121 126 129 132 128 126 127 130 129 124 125 126 7
116 118 160 162 123 142 144 120 125 118 120 117 8
116 118 142 144 119 138 145 119 124 115 116 117 9
119 121 122 126 119 125 123 125 125 116 118 120 10
122 118 123 123 123 122 123 126 126 120 122 15000 11
