Chip#1
109 111 99 109 101 109 104 101 108 97 105 101 0
106 107 126 142 104 126 152 107 111 142 109 102 1
109 104 354 447 105 409 706 132 265 632 167 102 2
105 106 162 201 104 201 316 104 168 356 123 100 3
104 99 99 98 98 103 99 100 102 101 101 99 4
104 105 110 119 102 114 120 105 205 360 125 102 5
110 104 104 112 101 109 114 109 169 287 117 102 6
104 109 106 110 108 109 109 107 109 101 106 104 7
103 97 109 115 97 112 109 102 100 97 103 101 8
108 110 111 112 108 112 115 108 108 104 105 105 9
98 97 98 103 94 103 101 100 102 96 101 100 10
108 109 108 108 107 106 107 105 107 105 108 15000 11
