Chip#1
103 98 105 103 102 103 102 96 101 100 95 100 0 222 123 75 23
99 98 106 108 111 105 109 106 100 102 95 99 1 0 0 0 0
98 94 100 103 103 100 105 102 100 98 93 96 2 0 0 0 0
104 102 107 105 106 106 107 104 104 103 102 102 3 0 0 0 0
96 94 101 97 99 101 115 114 101 95 95 93 4 0 0 0 0
98 101 107 107 103 101 127 119 104 95 99 102 5 0 0 0 0
100 104 106 103 106 104 110 97 100 104 96 98 6 0 0 0 0
103 100 108 105 103 106 106 96 108 118 131 103 7 0 0 0 0
102 95 103 107 107 98 101 94 100 109 131 100 8 0 0 0 0
95 93 103 103 97 98 100 92 99 99 96 94 9 0 0 0 0
105 104 108 109 108 104 107 103 109 119 112 103 10 0 0 0 0
106 101 112 107 107 103 109 99 108 121 114 15000 11 0 0 0 0
Chip#2
112 99 101 98 94 94 97 96 101 100 100 99 0 157 124 37 23
112 104 108 108 101 103 109 109 101 108 104 104 1 0 0 0 0
112 100 102 95 103 99 110 107 101 99 100 100 2 0 0 0 0
77 100 98 99 98 96 94 98 101 104 99 104 3 0 0 0 0
112 107 101 98 104 100 129 131 101 105 106 100 4 0 0 0 0
112 101 98 98 96 102 130 131 101 104 99 102 5 0 0 0 0
112 98 95 93 94 94 93 95 101 99 96 98 6 0 0 0 0
112 106 102 99 99 98 103 102 101 134 131 102 7 0 0 0 0
112 99 104 102 96 103 101 96 101 118 117 107 8 0 0 0 0
112 106 107 104 103 103 97 99 101 107 106 107 9 0 0 0 0
128 105 106 102 101 104 102 97 101 146 131 104 10 0 0 0 0
82 98 102 100 98 94 103 98 101 115 108 15000 11 0 0 0 0
