Chip#1
96 94 108 102 97 103 104 96 99 98 95 99 0 224 123 58 23
103 98 111 107 108 108 114 109 102 105 105 102 1 0 0 0 0
96 98 102 105 108 105 112 105 103 98 131 99 2 0 0 0 0
98 94 105 103 101 101 101 99 100 94 101 98 3 0 0 0 0
98 97 105 105 103 105 122 120 100 102 100 95 4 0 0 0 0
99 94 108 100 103 103 119 116 101 100 99 94 5 0 0 0 0
103 99 108 110 109 109 110 104 106 107 104 102 6 0 0 0 0
96 93 103 97 96 99 97 93 96 107 109 95 7 0 0 0 0
100 99 107 106 105 105 107 100 100 118 116 101 8 0 0 0 0
100 99 108 105 103 105 103 97 103 107 105 101 9 0 0 0 0
99 95 105 103 101 106 104 97 103 115 131 96 10 0 0 0 0
104 105 108 107 105 109 106 104 107 118 120 15000 11 0 0 0 0
Chip#2
128 106 108 102 105 103 102 98 95 107 103 107 0 152 124 77 23
112 99 103 99 100 99 98 102 95 100 97 105 1 0 0 0 0
128 111 110 109 106 105 118 114 96 108 109 108 2 0 0 0 0
112 106 102 99 101 100 98 98 95 104 100 105 3 0 0 0 0
112 101 95 97 94 98 120 121 95 95 96 99 4 0 0 0 0
128 99 98 95 95 100 124 127 95 98 97 99 5 0 0 0 0
128 100 101 94 96 97 95 95 95 96 95 98 6 0 0 0 0
112 101 98 94 95 96 94 95 95 128 125 100 7 0 0 0 0
112 101 100 99 98 99 98 96 95 117 116 100 8 0 0 0 0
112 104 100 100 99 102 97 95 95 107 105 104 9 0 0 0 0
112 102 100 95 96 98 98 98 95 139 123 103 10 0 0 0 0
112 102 102 97 100 98 100 97 95 114 109 15000 11 0 0 0 0
Chip#1
97 99 105 102 101 104 104 101 103 100 99 101 0 222 123 88 23
103 102 112 106 111 106 124 119 104 107 107 101 1 0 0 0 0
103 101 114 113 114 107 126 118 106 107 105 101 2 0 0 0 0
99 95 106 102 99 104 106 101 102 99 100 95 3 0 0 0 0
99 99 102 106 105 107 141 159 107 99 102 99 4 0 0 0 0
105 102 110 110 111 112 151 159 112 109 107 105 5 0 0 0 0
99 99 114 106 108 105 109 103 104 103 101 100 6 0 0 0 0
100 98 100 100 95 105 103 94 106 129 131 95 7 0 0 0 0
103 101 106 106 102 107 106 100 109 136 147 102 8 0 0 0 0
92 91 101 94 96 98 100 90 96 107 100 93 9 0 0 0 0
105 100 106 105 103 107 106 101 106 136 131 102 10 0 0 0 0
106 107 114 109 106 107 106 106 113 131 147 15000 11 0 0 0 0
Chip#2
112 100 95 93 99 97 93 90 95 96 99 98 0 154 123 2 23
112 96 98 95 98 94 103 98 95 101 97 104 1 0 0 0 0
112 100 104 97 99 100 121 113 95 102 103 104 2 0 0 0 0
112 98 98 97 96 100 98 97 95 100 97 103 3 0 0 0 0
112 101 98 93 98 96 148 147 95 104 96 99 4 0 0 0 0
112 106 103 105 104 105 166 178 95 106 105 109 5 0 0 0 0
112 107 109 103 101 106 103 98 95 109 108 108 6 0 0 0 0
112 109 104 100 101 104 101 101 95 165 152 104 7 0 0 0 0
112 101 103 99 103 100 102 96 95 133 131 105 8 0 0 0 0
112 104 103 99 100 104 102 96 95 107 102 109 9 0 0 0 0
112 100 98 99 94 99 98 95 95 206 155 105 10 0 0 0 0
112 106 100 94 98 99 101 91 95 127 120 15000 11 0 0 0 0
Chip#1
103 101 106 106 105 108 110 109 106 103 101 100 0 222 123 121 23
98 99 105 123 126 108 209 205 109 100 100 95 1 0 0 0 0
132 110 112 132 171 121 231 217 119 115 131 105 2 0 0 0 0
103 104 111 109 112 111 135 131 113 108 105 102 3 0 0 0 0
109 104 115 130 130 124 372 361 123 110 106 100 4 0 0 0 0
132 104 114 125 127 124 372 366 121 107 131 103 5 0 0 0 0
132 110 115 117 111 116 136 127 110 126 131 107 6 0 0 0 0
149 129 119 115 114 109 112 112 126 307 279 117 7 0 0 0 0
134 116 108 110 100 106 106 105 120 312 295 109 8 0 0 0 0
105 106 109 106 106 106 109 102 109 152 147 100 9 0 0 0 0
144 131 117 107 112 108 111 103 164 307 253 107 10 0 0 0 0
113 119 106 106 103 107 107 103 131 290 251 15000 11 0 0 0 0
Chip#2
112 104 102 104 100 105 97 96 95 105 100 99 0 153 123 47 23
128 101 101 100 103 102 164 178 96 101 103 104 1 0 0 0 0
112 105 106 103 111 105 263 247 95 106 103 104 2 0 0 0 0
112 105 103 97 100 105 112 110 95 106 102 104 3 0 0 0 0
112 107 101 103 109 109 453 493 95 107 99 105 4 0 0 0 0
128 100 107 107 115 113 513 532 96 104 102 104 5 0 0 0 0
112 107 106 103 106 114 107 104 95 121 112 108 6 0 0 0 0
128 111 110 105 108 111 110 104 97 511 419 109 7 0 0 0 0
112 113 108 103 108 106 107 104 97 337 283 109 8 0 0 0 0
112 102 102 97 99 99 100 95 97 161 123 102 9 0 0 0 0
112 120 110 105 111 111 107 107 117 659 459 113 10 0 0 0 0
112 112 106 102 106 106 107 97 88 292 233 15000 11 0 0 0 0
Chip#1
96 98 102 105 105 100 115 107 103 100 99 98 0 222 123 94 23
109 109 114 149 164 123 286 280 121 115 115 102 1 0 0 0 0
108 101 115 150 164 124 286 279 119 119 131 103 2 0 0 0 0
105 101 107 116 112 103 153 159 103 110 100 99 3 0 0 0 0
109 106 112 149 147 138 557 548 135 112 110 100 4 0 0 0 0
132 112 116 151 164 168 583 569 164 122 131 106 5 0 0 0 0
132 114 115 113 111 112 151 159 109 137 147 102 6 0 0 0 0
169 179 119 121 111 111 116 115 164 469 428 120 7 0 0 0 0
164 145 117 118 119 112 121 118 164 492 469 130 8 0 0 0 0
132 117 112 109 108 111 114 105 112 198 170 101 9 0 0 0 0
174 157 129 121 115 114 127 119 180 494 387 115 10 0 0 0 0
159 140 116 115 112 113 125 115 180 479 425 15000 11 0 0 0 0
Chip#2
128 102 103 97 99 102 100 98 117 104 98 104 0 154 124 71 23
112 105 102 102 111 103 198 210 117 105 102 103 1 0 0 0 0
128 109 104 111 117 109 364 336 117 111 106 105 2 0 0 0 0
128 108 108 105 110 109 127 125 117 112 104 110 3 0 0 0 0
128 112 113 110 123 114 666 743 117 112 109 107 4 0 0 0 0
112 109 104 110 121 116 792 821 117 106 106 104 5 0 0 0 0
128 109 109 108 114 113 111 109 117 131 123 112 6 0 0 0 0
112 120 104 103 110 106 105 104 108 809 638 104 7 0 0 0 0
112 118 110 104 110 109 109 104 100 523 420 108 8 0 0 0 0
112 105 103 99 99 104 107 99 99 226 152 104 9 0 0 0 0
128 125 116 107 110 106 111 107 141 1148 770 112 10 0 0 0 0
112 113 104 98 103 102 103 97 88 462 344 15000 11 0 0 0 0
Chip#1
106 108 114 116 118 111 127 125 116 114 131 106 0 224 123 73 23
106 107 112 158 169 127 320 315 121 113 131 99 1 0 0 0 0
106 106 115 159 174 136 331 319 129 121 131 108 2 0 0 0 0
113 112 124 125 130 121 169 175 118 117 131 109 3 0 0 0 0
132 117 120 169 170 168 667 648 164 121 131 107 4 0 0 0 0
133 115 122 162 170 168 686 671 164 126 131 111 5 0 0 0 0
117 114 120 118 118 117 162 159 118 146 131 108 6 0 0 0 0
181 179 120 124 121 114 122 116 180 542 488 128 7 0 0 0 0
174 179 120 123 119 115 126 119 180 574 537 134 8 0 0 0 0
138 121 111 110 113 113 115 109 119 213 181 107 9 0 0 0 0
169 179 116 108 103 107 116 108 196 558 431 109 10 0 0 0 0
168 179 116 117 114 116 126 123 196 552 467 15000 11 0 0 0 0
Chip#2
112 102 104 100 101 100 103 100 88 102 102 105 0 155 123 88 23
112 108 112 108 116 111 217 220 88 113 110 112 1 0 0 0 0
128 108 107 113 117 110 391 366 141 108 106 105 2 0 0 0 0
128 107 108 105 114 114 138 130 141 109 106 108 3 0 0 0 0
128 118 115 119 125 117 726 804 105 121 116 113 4 0 0 0 0
128 106 103 108 120 115 842 883 105 108 109 103 5 0 0 0 0
112 105 107 105 109 110 112 107 105 124 120 108 6 0 0 0 0
128 127 118 115 118 116 118 116 114 871 700 118 7 0 0 0 0
128 117 104 102 105 109 114 103 97 554 444 107 8 0 0 0 0
112 111 113 102 110 110 105 106 97 235 165 114 9 0 0 0 0
128 115 106 98 103 99 105 101 139 1223 811 103 10 0 0 0 0
112 114 104 100 104 100 103 96 139 490 363 15000 11 0 0 0 0
Chip#1
110 106 121 117 118 115 132 127 113 112 110 107 0 222 123 234 23
115 113 121 168 181 137 362 357 129 123 131 106 1 0 0 0 0
132 117 124 176 189 168 367 353 132 132 147 109 2 0 0 0 0
100 99 103 113 115 108 167 173 106 107 102 95 3 0 0 0 0
132 113 114 169 170 184 743 711 180 115 131 100 4 0 0 0 0
139 122 122 168 173 184 771 748 180 134 147 112 5 0 0 0 0
132 117 115 119 113 116 165 175 115 143 147 107 6 0 0 0 0
200 185 130 130 132 125 137 132 180 608 551 139 7 0 0 0 0
174 152 114 118 119 108 126 119 180 628 591 132 8 0 0 0 0
135 124 112 117 118 115 116 110 116 225 196 109 9 0 0 0 0
190 187 133 123 122 119 133 125 228 628 485 127 10 0 0 0 0
176 187 124 119 116 113 130 119 212 609 517 15000 11 0 0 0 0
Chip#2
112 101 101 102 99 109 101 97 88 102 102 104 0 155 124 86 23
80 105 102 102 108 103 215 218 88 106 104 100 1 0 0 0 0
112 111 106 110 118 105 407 374 88 108 105 105 2 0 0 0 0
112 108 109 105 108 106 134 126 88 111 104 109 3 0 0 0 0
112 109 107 109 111 111 736 818 88 113 105 107 4 0 0 0 0
128 117 108 114 118 120 876 946 139 114 110 108 5 0 0 0 0
112 106 106 99 103 111 111 104 139 125 116 105 6 0 0 0 0
112 119 103 103 103 106 106 101 105 892 711 107 7 0 0 0 0
112 117 110 104 111 113 110 103 105 572 460 107 8 0 0 0 0
112 104 102 99 98 106 105 100 105 234 158 103 9 0 0 0 0
128 126 113 109 105 105 111 108 145 1270 840 110 10 0 0 0 0
128 120 108 108 106 108 106 97 145 509 374 15000 11 0 0 0 0
