Chip#1
101 97 100 103 96 97 101 98 100 99 100 100 0
92 89 91 97 91 93 98 95 89 95 90 89 1
104 106 125 136 104 133 155 110 119 158 112 99 2
97 101 102 110 98 105 116 98 103 122 101 99 3
105 96 99 103 100 98 105 97 101 96 100 102 4
101 100 99 98 100 101 102 101 108 124 100 96 5
91 100 98 103 100 103 101 100 106 116 100 100 6
103 99 100 103 100 104 107 104 100 101 98 96 7
99 104 103 104 103 106 112 104 103 99 101 101 8
99 99 100 101 98 99 106 102 99 96 98 101 9
102 101 98 103 98 103 100 97 98 97 97 96 10
103 100 102 104 102 105 109 107 103 105 103 15000 11
Chip#1
101 99 97 102 98 101 102 96 97 100 97 100 0
101 94 107 116 100 109 124 102 102 116 98 98 1
102 101 192 236 101 214 331 112 162 303 128 95 2
104 100 125 141 104 139 189 104 127 206 112 104 3
98 99 99 104 102 104 108 103 100 101 101 102 4
101 97 105 107 102 101 108 100 140 206 103 99 5
102 101 102 108 101 108 108 103 127 178 109 101 6
99 96 98 101 101 103 102 97 99 97 97 96 7
102 101 104 110 105 105 108 101 103 99 97 102 8
93 90 95 97 93 94 97 93 93 88 92 92 9
98 100 95 98 97 98 107 102 100 92 94 99 10
95 90 94 93 95 94 99 91 94 92 93 15000 11
Chip#1
109 101 100 106 98 100 104 98 98 101 103 105 0
98 97 106 113 93 105 128 95 97 116 96 95 1
96 93 227 285 102 252 418 111 181 393 134 96 2
98 94 128 151 96 146 215 102 133 238 106 95 3
103 97 95 99 102 98 104 98 98 100 96 99 4
98 100 106 107 96 104 109 102 152 238 108 99 5
104 95 105 108 96 104 109 107 131 206 106 100 6
96 91 94 97 93 93 96 94 92 93 95 93 7
98 99 103 107 98 104 108 102 98 93 91 98 8
111 105 108 112 105 110 113 103 103 109 107 107 9
99 101 99 104 97 100 111 102 100 100 96 104 10
102 95 97 98 98 101 105 97 97 97 101 15000 11
Chip#1
102 102 100 107 105 106 106 105 107 100 109 108 0
95 94 111 118 98 109 133 96 98 120 96 94 1
102 102 257 316 108 282 470 121 235 462 153 101 2
95 95 130 158 100 153 221 102 136 254 111 96 3
104 95 100 98 96 98 105 97 104 93 97 96 4
102 102 111 107 107 109 117 108 164 263 117 105 5
104 102 105 114 108 110 109 108 148 222 111 104 6
104 105 102 106 100 105 107 105 106 100 105 100 7
98 100 104 109 102 103 106 100 98 93 102 99 8
101 100 104 102 97 101 106 102 103 93 95 98 9
95 97 94 98 96 98 101 100 97 95 94 94 10
99 94 94 98 97 95 96 100 100 95 95 15000 11
Chip#1
106 111 100 108 108 104 106 108 104 103 106 111 0
99 100 111 125 101 111 132 101 103 120 102 100 1
102 96 252 318 102 280 471 116 204 445 153 99 2
101 100 136 159 97 154 231 103 142 254 112 99 3
102 104 100 107 104 106 113 104 107 103 101 104 4
101 97 106 110 101 106 112 102 164 263 116 102 5
98 95 97 99 97 101 104 100 137 206 102 90 6
99 97 96 101 101 97 102 103 100 91 97 98 7
105 109 113 114 107 111 115 104 108 105 108 105 8
101 99 98 103 97 99 107 94 98 95 98 96 9
105 101 102 104 102 99 105 97 102 100 102 100 10
97 93 92 101 101 99 102 102 98 96 100 15000 11
