Chip#1
100 98 107 107 103 101 103 99 103 104 101 101 0 224 123 98 23
100 101 108 110 105 107 112 110 102 107 104 106 1 0 0 0 0
105 102 102 111 111 104 112 109 104 103 101 103 2 0 0 0 0
100 89 98 100 97 98 102 92 96 96 97 95 3 0 0 0 0
100 91 103 108 102 99 120 117 100 93 102 99 4 0 0 0 0
95 91 101 103 106 100 120 112 100 95 94 98 5 0 0 0 0
99 92 106 103 103 99 106 95 103 103 101 99 6 0 0 0 0
99 91 100 97 100 99 96 90 102 114 131 95 7 0 0 0 0
110 105 114 109 109 108 110 107 110 131 131 109 8 0 0 0 0
102 95 108 102 106 101 101 94 100 100 101 103 9 0 0 0 0
104 97 103 106 103 105 102 95 102 119 131 102 10 0 0 0 0
105 104 114 111 109 111 106 103 114 127 131 15000 11 0 0 0 0
Chip#2
85 99 96 95 94 98 93 91 72 101 100 99 0 155 124 16 23
112 99 97 98 99 98 103 102 72 102 99 99 1 0 0 0 0
112 98 98 100 94 98 112 110 101 98 99 99 2 0 0 0 0
112 99 101 98 90 96 97 96 101 100 100 99 3 0 0 0 0
112 106 106 102 103 99 133 129 101 106 104 107 4 0 0 0 0
112 101 102 99 100 99 133 135 101 100 102 102 5 0 0 0 0
112 96 101 97 100 100 95 100 101 102 102 102 6 0 0 0 0
112 105 103 93 99 100 100 98 101 134 134 100 7 0 0 0 0
80 94 98 95 94 92 94 95 72 115 114 94 8 0 0 0 0
112 99 98 98 101 98 100 93 101 107 104 99 9 0 0 0 0
112 105 106 99 99 100 102 97 101 151 132 102 10 0 0 0 0
112 102 100 102 104 96 103 95 101 118 116 15000 11 0 0 0 0
Chip#1
102 101 105 105 107 103 107 104 106 102 102 106 0 222 123 113 23
103 94 105 108 108 106 121 119 101 95 99 98 1 0 0 0 0
108 101 108 110 113 107 126 118 106 102 107 102 2 0 0 0 0
104 99 106 103 101 103 107 106 100 99 104 100 3 0 0 0 0
95 94 103 107 107 104 143 159 102 98 97 99 4 0 0 0 0
104 95 110 110 108 106 144 159 103 104 106 102 5 0 0 0 0
100 102 107 108 108 105 111 103 101 104 131 101 6 0 0 0 0
100 102 105 106 105 101 106 101 106 137 147 103 7 0 0 0 0
104 104 107 107 109 107 104 101 104 136 147 102 8 0 0 0 0
96 97 105 103 103 99 105 94 103 109 131 96 9 0 0 0 0
109 101 111 108 107 106 109 101 110 138 147 108 10 0 0 0 0
99 97 103 101 102 99 102 96 99 128 131 15000 11 0 0 0 0
Chip#2
112 100 101 98 98 105 96 96 101 104 102 104 0 153 123 44 23
112 100 104 99 100 102 115 108 101 102 103 107 1 0 0 0 0
112 106 100 100 103 103 132 124 101 106 100 102 2 0 0 0 0
112 98 97 93 103 97 103 97 101 101 95 100 3 0 0 0 0
112 101 97 94 99 98 151 162 101 100 97 99 4 0 0 0 0
112 106 104 104 109 105 167 178 101 109 103 107 5 0 0 0 0
84 100 96 93 100 98 96 95 101 102 100 100 6 0 0 0 0
112 98 102 94 98 99 97 95 101 161 152 98 7 0 0 0 0
112 106 104 103 100 104 103 97 101 140 132 108 8 0 0 0 0
112 106 100 100 101 103 101 100 101 111 106 108 9 0 0 0 0
112 108 107 100 101 105 109 99 101 206 158 108 10 0 0 0 0
112 99 97 99 101 97 101 96 101 126 117 15000 11 0 0 0 0
Chip#1
99 98 105 106 102 99 115 111 100 98 99 100 0 226 123 103 23
132 108 114 146 164 122 291 286 123 110 131 106 1 0 0 0 0
108 107 111 142 164 124 282 278 121 113 131 107 2 0 0 0 0
105 98 108 116 116 105 147 159 102 103 100 101 3 0 0 0 0
112 107 110 142 139 130 473 466 132 112 107 105 4 0 0 0 0
115 112 115 135 141 136 491 476 134 118 111 106 5 0 0 0 0
108 104 111 109 109 100 128 127 106 124 119 103 6 0 0 0 0
158 138 117 115 119 109 117 117 164 396 368 119 7 0 0 0 0
146 131 112 109 118 109 119 110 138 410 387 126 8 0 0 0 0
132 110 115 109 111 103 105 103 112 170 163 103 9 0 0 0 0
156 142 119 112 115 107 112 110 180 391 318 112 10 0 0 0 0
145 123 111 109 111 106 110 109 144 372 317 15000 11 0 0 0 0
Chip#2
112 104 103 100 101 103 105 98 101 105 104 105 0 156 124 79 23
112 107 104 103 109 104 195 194 101 109 106 107 1 0 0 0 0
128 108 104 105 110 103 354 327 101 112 103 107 2 0 0 0 0
128 111 107 104 110 108 130 121 101 105 104 108 3 0 0 0 0
112 104 101 103 106 104 507 555 101 107 105 102 4 0 0 0 0
112 113 108 114 123 111 578 621 101 109 109 107 5 0 0 0 0
112 108 103 107 103 106 112 107 72 119 112 107 6 0 0 0 0
112 114 108 108 106 106 112 109 98 593 489 105 7 0 0 0 0
112 113 107 103 109 104 106 104 98 390 323 109 8 0 0 0 0
112 102 97 97 100 105 98 98 98 173 133 103 9 0 0 0 0
128 115 106 102 100 102 105 106 113 772 534 108 10 0 0 0 0
112 108 97 97 100 102 101 95 113 331 260 15000 11 0 0 0 0
Chip#1
100 99 102 105 105 99 120 120 101 99 95 96 0 222 123 111 23
106 107 110 157 170 129 381 378 127 112 131 101 1 0 0 0 0
106 107 114 158 176 132 382 369 128 118 131 106 2 0 0 0 0
132 109 117 121 128 115 174 183 115 113 131 112 3 0 0 0 0
133 110 115 167 169 168 716 690 164 119 131 105 4 0 0 0 0
113 110 116 150 164 168 726 707 164 124 131 107 5 0 0 0 0
115 112 112 112 113 108 157 159 109 138 147 102 6 0 0 0 0
180 179 115 121 120 112 124 119 180 600 544 131 7 0 0 0 0
172 151 119 121 121 114 131 117 180 631 592 138 8 0 0 0 0
137 122 116 108 111 112 111 111 112 222 192 107 9 0 0 0 0
184 176 126 115 118 109 125 122 228 622 477 122 10 0 0 0 0
175 158 120 119 122 113 130 122 212 602 507 15000 11 0 0 0 0
Chip#2
112 110 107 107 103 102 106 106 113 111 105 109 0 157 123 111 23
112 107 106 107 113 105 238 242 113 107 109 104 1 0 0 0 0
112 108 106 109 125 109 464 434 113 108 109 105 2 0 0 0 0
112 111 112 103 109 110 146 135 113 108 105 108 3 0 0 0 0
128 103 102 108 112 106 705 791 113 108 108 103 4 0 0 0 0
112 106 102 105 114 115 842 887 113 107 104 103 5 0 0 0 0
112 106 108 104 106 106 111 112 113 126 116 99 6 0 0 0 0
112 125 114 110 113 109 111 114 112 885 713 115 7 0 0 0 0
112 118 113 108 116 110 109 107 100 573 464 109 8 0 0 0 0
112 104 101 104 103 102 103 99 99 229 160 99 9 0 0 0 0
128 126 113 107 109 105 109 109 143 1251 838 110 10 0 0 0 0
112 120 104 103 105 105 109 103 143 497 374 15000 11 0 0 0 0
Chip#1
104 101 111 108 118 105 133 129 109 108 106 109 0 222 123 198 23
133 114 120 171 183 136 434 431 164 123 147 111 1 0 0 0 0
134 117 117 170 188 144 432 415 135 127 131 111 2 0 0 0 0
110 100 108 117 124 106 180 182 109 108 101 107 3 0 0 0 0
143 125 126 187 185 184 812 784 180 132 131 119 4 0 0 0 0
141 109 117 165 173 168 816 791 180 131 131 106 5 0 0 0 0
132 114 111 116 115 111 164 175 113 145 147 105 6 0 0 0 0
194 184 123 125 126 114 132 123 180 669 606 140 7 0 0 0 0
181 184 119 125 122 114 135 122 196 703 659 151 8 0 0 0 0
134 120 111 111 114 108 115 110 115 239 197 108 9 0 0 0 0
193 186 133 123 122 113 136 123 228 686 527 131 10 0 0 0 0
175 153 121 115 115 113 131 116 212 655 550 15000 11 0 0 0 0
Chip#2
112 108 106 105 106 105 103 103 88 105 103 109 0 155 123 123 23
89 108 104 107 114 105 247 251 88 107 104 107 1 0 0 0 0
112 111 103 112 118 109 499 464 88 106 104 104 2 0 0 0 0
112 105 104 100 105 108 138 132 88 104 102 108 3 0 0 0 0
112 106 101 104 115 106 759 842 88 111 108 103 4 0 0 0 0
128 113 109 116 123 120 900 973 143 112 111 107 5 0 0 0 0
112 106 108 99 108 108 115 109 143 126 119 108 6 0 0 0 0
128 119 108 110 113 109 112 109 109 951 774 108 7 0 0 0 0
112 115 108 105 110 106 111 106 97 601 486 104 8 0 0 0 0
128 108 100 98 99 108 100 101 97 241 168 107 9 0 0 0 0
128 124 110 102 109 105 112 108 148 1345 899 115 10 0 0 0 0
128 113 102 98 101 94 104 95 148 524 393 15000 11 0 0 0 0
Chip#1
132 114 116 122 124 113 144 159 116 112 131 111 0 223 123 7 23
132 109 116 170 183 168 450 440 138 122 131 107 1 0 0 0 0
132 112 115 169 189 168 445 428 164 122 147 106 2 0 0 0 0
102 99 101 113 119 105 180 178 102 99 99 96 3 0 0 0 0
133 116 117 180 181 184 847 814 180 122 131 105 4 0 0 0 0
117 110 114 164 177 168 858 827 180 119 131 108 5 0 0 0 0
134 119 117 122 121 116 173 175 119 155 163 111 6 0 0 0 0
196 187 125 125 122 114 138 123 196 704 635 145 7 0 0 0 0
181 187 120 123 125 111 127 119 196 725 686 144 8 0 0 0 0
138 120 111 109 108 109 111 108 118 242 204 109 9 0 0 0 0
200 195 134 125 122 119 135 123 228 715 556 130 10 0 0 0 0
184 195 121 118 119 113 130 124 228 690 586 15000 11 0 0 0 0
Chip#2
112 99 101 103 100 99 97 102 88 101 98 102 0 155 124 93 23
112 112 110 109 115 111 260 262 88 113 106 112 1 0 0 0 0
112 104 101 108 120 105 508 477 88 106 104 99 2 0 0 0 0
112 111 113 109 108 111 146 139 88 109 108 113 3 0 0 0 0
128 112 106 110 115 111 788 875 148 111 110 104 4 0 0 0 0
84 108 107 109 118 111 927 993 88 109 104 99 5 0 0 0 0
112 102 101 102 108 106 111 107 148 125 115 104 6 0 0 0 0
128 126 112 110 110 108 118 112 109 995 800 110 7 0 0 0 0
112 126 114 107 113 108 116 108 102 626 506 108 8 0 0 0 0
112 107 110 103 105 109 110 106 102 251 169 107 9 0 0 0 0
112 127 109 109 105 103 110 108 143 1387 929 109 10 0 0 0 0
112 117 108 104 105 102 102 107 88 551 402 15000 11 0 0 0 0
