Chip#1
98 92 102 96 94 101 101 95 97 98 98 92 0
101 107 108 99 101 99 107 100 101 98 102 96 1
103 101 102 95 97 101 105 96 97 103 98 93 2
103 103 109 114 101 103 105 108 109 102 102 96 3
104 97 106 106 97 95 101 106 114 96 101 94 4
108 106 108 106 105 105 111 102 106 102 109 103 5
103 106 107 102 101 104 103 101 98 97 105 98 6
98 97 99 102 94 97 97 98 94 93 94 90 7
90 89 94 99 86 89 91 98 99 85 83 85 8
111 107 112 107 107 110 110 107 103 108 109 106 9
106 106 108 99 100 106 110 100 101 107 99 98 10
99 96 98 92 86 89 97 92 88 90 87 15000 11
