Chip#1
96 96 100 102 91 94 98 98 100 92 98 90 0
106 108 105 106 103 106 110 108 109 103 106 99 1
105 104 102 102 100 102 102 107 101 100 102 98 2
91 97 95 106 92 90 94 105 104 90 89 88 3
96 99 102 105 96 95 96 107 107 94 97 93 4
102 103 107 103 102 103 102 109 100 100 99 95 5
105 103 103 99 96 102 97 99 99 99 99 95 6
92 96 100 97 92 92 93 105 103 95 94 89 7
96 96 99 115 101 94 98 115 109 97 96 95 8
102 108 107 103 100 101 102 109 101 100 102 102 9
105 104 105 100 100 104 107 105 104 100 101 99 10
97 100 96 96 92 95 96 99 96 92 97 15000 11
Chip#2
112 105 109 108 89 104 110 99 107 103 109 109 0
110 104 110 108 105 107 110 100 115 104 108 110 1
114 103 110 104 89 104 107 100 109 106 107 108 2
105 97 105 96 161 109 100 100 167 154 101 102 3
109 102 108 111 157 117 105 100 192 206 107 105 4
110 105 111 107 89 108 104 100 108 105 114 108 5
103 94 97 97 102 96 93 99 100 96 99 101 6
112 107 110 109 119 110 110 100 156 125 111 108 7
108 103 106 108 186 131 105 100 250 219 106 104 8
104 99 102 101 122 99 98 100 124 119 103 102 9
105 97 106 98 89 97 105 100 104 99 103 101 10
112 100 104 103 89 105 104 100 107 105 106 15000 11
Chip#1
109 102 108 108 104 108 107 106 105 99 101 100 0
102 105 108 102 100 109 103 110 108 102 104 102 1
109 108 111 108 103 106 109 108 109 103 104 100 2
101 101 107 113 100 101 100 112 114 95 102 93 3
102 106 107 114 104 110 110 114 117 103 104 103 4
101 99 103 97 98 97 102 105 98 95 95 98 5
97 101 99 102 97 99 96 98 93 94 100 95 6
94 103 105 112 98 96 99 110 120 96 99 97 7
106 108 112 126 112 108 105 132 121 105 105 103 8
109 109 111 108 105 109 107 113 110 107 103 107 9
98 99 102 96 95 95 99 100 99 97 97 96 10
105 104 104 102 98 103 103 106 101 101 101 15000 11
Chip#2
99 95 96 92 101 97 99 99 95 91 98 98 0
104 97 101 98 99 102 99 100 105 99 102 102 1
102 94 104 97 99 100 104 99 98 98 98 101 2
105 101 101 101 99 102 109 99 105 98 106 104 3
100 96 98 100 102 99 97 99 102 97 98 96 4
103 103 103 101 102 102 105 100 107 96 102 104 5
99 91 99 96 98 92 99 99 100 93 94 99 6
108 98 102 96 104 102 103 100 107 102 103 104 7
106 102 104 99 104 102 96 100 109 99 103 102 8
100 97 99 96 104 101 101 100 104 99 102 101 9
109 97 105 97 101 99 103 100 105 103 102 102 10
106 100 106 98 101 99 104 99 105 104 102 15000 11
Chip#1
101 97 103 101 95 98 99 101 103 95 97 100 0
108 103 105 99 96 102 103 104 109 100 99 97 1
104 105 103 108 99 106 105 107 105 106 108 98 2
100 97 102 150 104 101 99 107 144 96 99 94 3
109 108 111 137 103 110 113 140 148 108 114 105 4
104 100 105 97 98 101 102 101 100 95 96 94 5
102 105 109 107 96 103 105 107 103 107 106 99 6
104 103 95 120 103 94 99 120 132 96 93 95 7
101 99 100 154 125 99 103 169 140 99 93 95 8
108 103 104 108 96 93 98 102 104 96 101 97 9
102 101 100 102 98 98 100 105 104 97 97 99 10
104 100 105 103 92 95 104 100 103 95 96 15000 11
Chip#2
108 102 104 101 101 102 108 100 108 104 102 105 0
105 98 103 99 101 102 105 99 104 99 104 99 1
100 99 102 99 101 102 103 100 102 99 99 104 2
105 97 105 96 101 104 101 100 111 108 104 106 3
105 100 106 99 101 102 103 100 114 109 101 103 4
106 100 104 99 104 99 103 99 108 98 98 101 5
101 100 103 99 104 99 97 99 108 100 99 102 6
104 95 100 97 102 97 100 99 102 96 100 96 7
105 103 108 99 102 105 105 100 120 111 107 105 8
108 100 105 102 102 99 109 99 108 100 107 103 9
105 96 103 98 102 98 103 99 99 98 101 102 10
105 100 106 103 102 101 100 100 110 108 104 15000 11
Chip#1
110 108 107 107 100 100 108 103 103 103 101 105 0
105 103 105 105 100 101 103 107 107 102 99 100 1
102 105 100 105 98 100 100 105 105 100 103 98 2
109 108 116 214 120 108 112 174 181 108 106 105 3
108 102 104 155 97 102 103 140 165 101 101 98 4
93 96 102 95 92 94 94 98 101 96 97 88 5
106 108 111 108 98 106 108 108 105 102 106 102 6
105 103 109 147 112 103 107 140 171 106 104 102 7
106 105 108 213 159 97 102 232 171 105 102 103 8
104 105 112 107 101 101 107 114 112 103 102 99 9
109 105 109 111 103 106 109 108 111 108 105 104 10
105 99 99 101 95 99 103 106 101 100 99 15000 11
Chip#2
108 100 102 107 102 98 101 100 104 100 102 109 0
107 107 107 109 102 106 111 100 109 103 106 107 1
106 104 103 99 102 102 104 100 104 98 104 104 2
104 95 101 97 102 100 100 99 108 105 100 99 3
106 107 111 108 102 110 116 100 120 122 109 111 4
103 105 104 99 105 103 101 100 110 98 101 105 5
105 100 108 101 105 101 110 100 110 104 106 107 6
110 97 105 103 105 101 105 100 111 109 106 102 7
101 99 104 101 105 104 97 100 124 115 103 103 8
100 96 101 97 104 98 99 99 104 100 99 102 9
104 100 105 103 105 103 104 100 110 99 103 106 10
101 100 103 101 102 103 100 100 103 103 104 15000 11
Chip#1
106 105 111 107 105 100 105 104 101 100 104 103 0
106 97 105 103 99 104 103 110 101 103 102 99 1
92 103 103 100 96 98 104 104 96 94 101 93 2
102 104 112 246 126 101 105 190 209 99 101 98 3
108 108 108 182 109 103 108 171 192 101 109 102 4
92 97 95 96 90 95 95 95 96 91 93 90 5
100 101 99 105 98 97 103 103 100 97 97 97 6
106 99 98 150 115 102 101 140 165 99 99 97 7
102 105 105 259 184 101 107 280 193 99 103 95 8
101 104 108 110 98 102 107 109 105 101 105 93 9
104 101 105 103 99 102 108 105 105 101 104 103 10
101 103 103 99 94 96 99 105 97 95 98 15000 11
Chip#2
110 102 108 100 102 102 105 100 105 102 106 108 0
106 100 108 101 102 101 104 100 103 99 106 101 1
101 100 104 101 102 102 104 100 105 104 102 107 2
105 98 103 104 102 103 103 100 117 110 103 101 3
110 104 103 103 102 104 110 100 119 124 109 110 4
106 103 104 103 103 103 107 100 110 100 104 105 5
102 98 100 102 104 97 101 99 108 100 97 99 6
106 101 103 103 104 100 109 99 112 111 102 105 7
101 102 105 98 105 107 108 100 132 123 96 103 8
108 102 102 102 104 100 105 100 107 105 104 102 9
95 90 94 91 96 88 96 97 98 91 90 93 10
104 98 98 95 99 94 99 100 100 96 97 15000 11
Chip#1
110 108 105 102 96 103 103 106 101 103 105 99 0
105 105 108 106 98 101 105 105 104 100 101 100 1
102 108 105 103 99 103 107 105 103 103 102 99 2
104 104 109 292 135 104 108 216 245 101 104 103 3
115 108 113 202 110 107 112 192 218 108 109 104 4
97 99 96 96 97 93 99 103 99 99 95 93 5
104 108 111 112 104 103 109 108 109 106 113 104 6
100 100 104 166 110 96 103 161 190 96 98 92 7
102 105 105 295 207 97 105 325 220 97 99 97 8
93 100 100 107 91 100 100 104 103 92 95 93 9
102 99 100 97 97 99 98 102 99 99 99 97 10
111 108 112 112 104 109 110 110 108 106 109 15000 11
Chip#2
103 98 105 95 99 99 99 100 103 99 103 102 0
108 102 106 99 99 105 104 100 110 103 101 105 1
106 102 102 99 104 104 101 100 105 103 104 105 2
106 99 106 99 114 105 107 100 122 118 103 104 3
104 101 100 97 105 107 104 99 124 125 102 104 4
105 98 102 101 103 105 107 100 102 102 104 102 5
109 104 103 103 103 103 101 99 108 100 102 105 6
104 95 104 97 103 101 99 100 111 106 104 102 7
105 94 98 101 103 105 93 99 145 122 94 98 8
103 98 102 95 103 98 100 99 108 102 95 105 9
106 107 106 104 103 108 101 100 110 105 104 104 10
104 99 107 99 103 103 104 100 109 104 102 15000 11
Chip#1
101 96 103 97 94 96 100 99 96 95 95 95 0
106 104 104 103 97 103 103 108 103 102 101 95 1
102 100 99 101 95 96 102 99 97 97 95 90 2
101 99 109 316 139 97 99 231 272 95 98 94 3
100 100 107 210 100 97 103 201 235 99 101 92 4
113 106 108 108 105 109 110 112 104 103 104 105 5
106 105 104 108 95 101 109 105 101 100 101 98 6
106 105 111 190 121 104 102 174 216 103 103 99 7
101 97 107 336 227 102 101 373 248 95 101 97 8
101 105 109 114 101 104 109 117 103 100 105 99 9
110 105 112 107 100 106 107 109 101 102 102 104 10
109 100 104 103 95 99 102 112 99 99 102 15000 11
Chip#2
104 98 104 99 103 103 101 100 102 101 96 106 0
106 96 102 102 103 104 104 99 105 104 104 103 1
101 98 103 97 103 99 99 99 103 96 100 102 2
111 105 112 104 114 112 105 100 131 121 108 110 3
107 102 103 101 105 101 105 99 128 135 104 101 4
104 100 103 102 89 102 104 100 105 102 102 105 5
110 102 105 109 105 104 108 100 112 104 106 106 6
110 99 99 99 105 99 108 100 117 108 99 104 7
107 91 98 99 105 107 97 99 149 130 98 99 8
104 99 104 97 105 102 101 100 106 103 99 101 9
101 96 101 98 103 99 101 99 104 99 97 102 10
104 98 103 99 102 99 99 100 102 102 99 15000 11
Chip#1
104 99 99 102 93 97 96 98 98 95 99 99 0
105 104 103 95 94 101 100 103 103 99 100 97 1
106 101 108 102 94 102 102 104 101 105 99 97 2
98 92 105 359 143 89 95 254 300 94 95 84 3
102 96 104 235 96 99 103 220 256 96 103 97 4
100 100 102 101 98 99 107 103 97 101 98 93 5
106 108 109 107 105 104 110 113 109 105 110 103 6
102 103 109 196 125 101 100 184 234 99 95 97 7
100 93 105 376 244 94 96 419 278 102 95 93 8
111 108 112 115 107 103 113 124 117 110 105 104 9
109 106 111 106 100 103 107 106 104 105 101 105 10
117 108 112 111 102 101 114 112 108 106 108 15000 11
Chip#2
110 100 104 98 102 100 102 99 107 103 104 101 0
108 102 104 105 102 107 105 100 104 99 106 105 1
109 100 104 95 99 107 107 100 107 99 106 104 2
104 98 105 98 114 102 100 100 127 116 101 101 3
103 99 103 103 114 105 98 100 139 143 102 101 4
104 94 103 101 103 101 103 100 104 99 104 99 5
103 98 101 97 103 101 101 100 104 98 98 98 6
101 95 103 99 103 98 99 99 117 103 100 97 7
100 99 102 101 119 112 99 99 171 154 102 101 8
104 103 103 103 114 103 99 100 110 107 99 104 9
115 107 107 105 89 107 109 100 110 102 108 106 10
106 100 105 101 89 103 104 99 107 100 102 15000 11
Chip#1
104 102 104 102 97 99 104 105 104 97 100 102 0
109 106 113 111 102 109 109 109 107 101 109 106 1
110 108 111 107 105 104 109 113 110 108 109 103 2
101 101 117 417 154 97 99 291 352 96 95 98 3
104 103 109 268 104 102 104 249 297 105 103 98 4
109 104 104 106 97 100 103 104 100 102 95 94 5
102 102 105 106 102 99 104 103 103 102 105 98 6
102 104 108 228 135 103 109 211 271 100 104 100 7
101 104 116 452 303 103 100 513 329 101 102 94 8
100 101 104 112 97 102 103 114 111 102 99 99 9
108 108 109 112 101 105 109 109 101 103 104 106 10
111 106 108 109 100 102 106 112 106 105 106 15000 11
Chip#2
104 101 108 101 89 105 109 100 104 97 100 108 0
101 101 102 102 89 99 102 99 103 96 99 104 1
114 110 109 108 105 107 110 100 114 107 112 112 2
104 99 101 102 120 102 101 100 131 117 99 99 3
104 103 103 109 118 108 108 100 145 145 101 111 4
108 109 103 109 105 109 105 100 107 99 106 107 5
105 103 101 103 89 104 101 100 104 98 106 104 6
103 100 99 103 105 103 105 100 125 105 102 103 7
111 100 106 109 131 122 108 100 186 159 106 110 8
109 104 108 103 114 108 103 100 112 108 99 105 9
111 105 110 105 105 107 107 100 111 102 103 107 10
106 105 104 99 104 99 104 99 104 98 99 15000 11
Chip#1
111 108 114 108 102 106 109 107 110 103 109 104 0
105 108 114 108 102 103 111 110 109 110 105 101 1
110 108 112 107 104 107 108 115 114 103 105 100 2
102 106 117 435 164 104 103 315 377 101 104 102 3
102 100 104 270 98 95 104 258 315 103 100 98 4
97 101 104 100 97 103 102 104 103 101 99 93 5
102 106 109 107 104 106 108 113 109 110 101 98 6
102 103 108 235 140 103 108 218 287 102 104 100 7
105 103 114 476 317 99 103 549 354 106 97 99 8
111 108 117 123 109 110 115 127 126 113 107 106 9
104 105 108 103 97 100 101 104 104 100 99 95 10
114 109 108 106 104 101 108 110 110 105 109 15000 11
Chip#2
104 106 102 100 105 101 104 100 107 97 102 106 0
112 105 109 110 105 110 110 100 110 104 107 110 1
101 99 99 99 104 99 102 99 103 93 103 102 2
108 100 99 97 123 109 96 100 136 127 109 102 3
106 99 102 104 119 108 100 99 147 156 102 108 4
103 100 106 96 105 102 100 100 106 94 101 105 5
108 103 109 101 104 97 105 100 102 105 101 108 6
108 99 104 95 105 105 107 99 128 107 100 101 7
112 104 104 104 139 120 105 100 186 166 102 104 8
109 107 105 106 105 105 109 99 120 111 104 104 9
109 104 108 101 105 107 108 100 111 109 103 106 10
99 95 99 96 99 94 98 99 99 102 96 15000 11
Chip#1
119 108 114 114 110 112 115 112 110 112 114 113 0
105 101 99 102 93 99 100 96 100 99 100 100 1
105 102 102 107 97 104 108 105 105 103 101 95 2
106 104 118 464 170 106 105 329 395 103 103 98 3
110 105 111 295 108 107 110 276 340 102 109 105 4
101 96 96 103 92 99 102 103 96 96 93 95 5
105 105 109 107 102 102 105 105 108 102 104 98 6
109 105 109 246 141 108 110 227 302 103 104 100 7
95 96 111 501 328 93 99 573 368 94 93 98 8
100 104 103 114 101 98 104 117 117 101 103 95 9
106 100 105 103 96 100 108 103 104 102 101 100 10
115 108 109 104 103 107 110 107 106 103 105 15000 11
Chip#2
108 104 106 104 99 108 109 100 106 104 106 111 0
104 102 104 98 99 103 103 100 105 97 101 99 1
108 104 108 103 99 108 108 100 107 105 107 108 2
110 100 112 106 136 112 107 100 145 137 107 112 3
104 103 107 101 127 106 103 100 156 173 98 107 4
106 100 101 98 103 103 100 100 107 98 103 105 5
101 94 97 95 99 96 99 100 99 97 99 101 6
109 100 106 105 99 102 105 100 131 108 104 105 7
117 110 113 110 148 128 110 100 202 176 113 116 8
101 102 106 101 114 103 108 100 115 114 106 98 9
110 104 109 104 89 107 108 100 107 103 107 106 10
110 108 108 104 89 104 112 100 109 109 106 15000 11
Chip#1
119 109 116 113 106 109 114 117 108 113 110 115 0
104 104 103 107 97 101 105 105 108 100 106 103 1
95 100 100 101 93 94 103 103 102 99 96 91 2
108 106 123 472 177 101 104 340 406 107 105 102 3
106 105 111 303 111 108 112 281 347 112 106 103 4
104 101 103 103 98 98 99 100 101 103 98 99 5
104 106 104 105 98 97 103 110 103 106 106 98 6
100 101 102 248 143 101 105 226 302 105 97 95 7
101 104 121 527 345 104 110 602 383 107 103 103 8
106 103 107 117 98 102 108 121 118 105 100 95 9
104 100 107 102 97 99 105 107 101 101 99 102 10
113 103 107 100 96 99 103 104 100 100 102 15000 11
Chip#2
104 105 108 101 89 101 109 99 104 102 104 104 0
106 107 108 104 89 99 109 100 110 103 107 107 1
109 105 108 106 89 105 104 100 107 103 106 110 2
109 104 106 105 134 112 112 100 145 132 104 101 3
98 99 105 105 129 109 108 100 160 164 102 101 4
106 107 109 108 89 108 109 100 110 109 106 107 5
104 101 102 104 104 104 109 100 104 100 100 102 6
104 100 99 99 114 101 109 100 130 107 107 106 7
111 109 109 111 154 126 108 100 202 180 106 111 8
106 102 108 100 114 99 103 100 121 115 106 106 9
102 99 106 99 89 104 101 99 104 103 100 104 10
103 100 109 102 89 102 104 100 104 105 103 15000 11
Chip#1
118 109 113 109 108 102 112 109 110 108 109 108 0
102 101 104 101 97 101 100 101 103 102 99 99 1
106 108 108 111 102 107 110 109 111 103 106 102 2
106 108 123 508 179 104 110 358 421 110 109 102 3
101 95 107 310 104 100 102 290 361 100 98 98 4
105 105 108 105 102 107 105 108 111 103 101 99 5
102 100 102 101 97 104 105 103 101 102 106 92 6
102 100 108 263 145 101 102 235 323 99 101 103 7
101 101 119 551 362 102 99 633 400 103 97 98 8
104 104 108 118 101 103 109 123 121 103 103 104 9
104 108 111 108 100 108 108 105 107 105 103 102 10
114 108 107 107 102 102 108 109 107 105 109 15000 11
Chip#2
103 94 104 96 105 103 101 100 106 101 101 104 0
105 100 108 105 105 105 101 100 106 108 106 106 1
108 100 105 102 102 105 107 100 105 104 103 103 2
100 93 104 101 136 104 100 100 142 133 99 102 3
108 99 109 105 139 109 105 100 160 175 104 105 4
106 94 100 97 103 100 97 100 103 97 100 102 5
112 109 111 108 103 105 108 100 113 103 106 112 6
108 99 106 105 114 104 107 100 132 114 103 106 7
114 110 108 108 159 126 109 100 212 189 109 111 8
108 104 103 104 114 101 107 100 117 119 108 107 9
111 100 109 104 89 109 105 100 105 102 106 107 10
111 102 104 106 105 103 113 100 107 109 109 15000 11
Chip#1
118 108 111 107 101 107 108 108 105 103 106 106 0
110 106 112 108 104 106 110 109 111 102 106 104 1
102 108 105 111 102 104 105 110 111 106 104 102 2
105 108 128 531 183 97 104 369 446 102 103 98 3
104 103 105 322 106 103 104 302 377 102 105 99 4
106 108 108 108 100 107 107 107 105 103 105 99 5
104 105 109 105 102 99 109 109 108 103 104 102 6
104 101 107 266 146 106 104 244 328 100 97 98 7
108 106 121 585 383 107 108 672 421 107 105 99 8
109 108 113 123 105 109 113 130 130 106 105 103 9
96 96 100 101 94 93 95 100 100 95 93 94 10
113 108 111 102 100 99 104 105 107 101 105 15000 11
Chip#2
105 98 101 95 89 99 108 100 102 104 104 107 0
108 102 103 98 105 103 108 100 107 103 107 105 1
111 100 109 103 89 101 107 100 109 108 103 107 2
103 98 102 97 140 104 100 100 141 140 102 100 3
98 97 99 100 134 104 101 100 158 173 96 101 4
108 102 108 107 89 108 112 100 108 110 106 111 5
110 103 105 106 105 102 107 100 105 103 106 105 6
112 103 106 99 114 102 108 100 140 115 101 107 7
106 103 108 109 159 127 101 100 212 190 102 102 8
108 99 112 103 117 104 112 100 121 119 107 102 9
108 104 106 99 104 102 109 100 105 107 103 102 10
108 100 103 102 104 99 107 100 104 105 103 15000 11
Chip#1
104 97 105 102 97 98 100 97 95 97 101 101 0
110 105 109 105 100 105 103 107 101 105 101 104 1
107 106 109 107 104 107 105 108 110 105 103 102 2
101 99 118 542 183 101 104 371 446 99 98 98 3
104 104 109 331 104 100 108 304 381 105 101 99 4
108 108 111 108 103 108 109 110 112 111 104 104 5
98 95 100 99 94 99 98 99 100 99 92 93 6
106 106 111 274 154 108 105 250 345 107 99 100 7
105 108 118 592 385 107 109 685 421 107 104 101 8
104 108 108 118 104 107 113 126 120 106 103 100 9
102 100 103 101 97 100 105 103 103 101 96 100 10
106 95 99 97 91 95 100 99 95 94 95 15000 11
Chip#2
108 109 111 103 105 109 113 100 117 107 108 111 0
100 95 98 99 104 98 100 99 104 94 95 97 1
105 107 106 107 104 108 114 100 112 107 108 110 2
106 94 104 101 147 110 109 100 153 145 102 110 3
106 108 102 109 142 114 109 100 177 185 104 103 4
107 105 106 107 89 105 109 100 105 107 104 104 5
100 102 103 103 89 104 103 100 106 102 99 101 6
105 104 103 99 114 103 99 100 142 110 99 100 7
103 100 102 106 163 127 104 100 221 192 104 105 8
114 105 108 109 125 112 112 101 131 123 106 108 9
110 112 112 109 105 112 114 100 119 112 114 112 10
110 105 106 105 89 105 107 100 109 103 106 15000 11
Chip#1
111 109 116 112 105 106 113 110 111 103 112 113 0
102 97 104 102 95 97 100 105 102 101 98 101 1
101 103 102 103 96 96 100 107 107 100 99 94 2
102 104 125 566 189 99 100 357 464 101 100 100 3
108 102 108 347 108 103 109 323 405 105 103 100 4
109 105 114 108 98 106 107 109 107 105 104 97 5
111 108 111 107 106 104 109 109 107 103 105 102 6
101 104 108 286 156 106 107 258 360 102 104 99 7
104 105 119 618 394 98 99 712 437 97 97 97 8
104 105 108 121 102 107 111 125 121 103 102 99 9
115 108 111 107 103 98 104 109 103 105 99 106 10
118 108 108 105 95 99 99 102 108 105 103 15000 11
Chip#2
111 108 112 103 105 108 113 100 115 110 111 112 0
99 102 104 101 104 101 109 100 109 102 102 100 1
109 105 110 107 104 108 108 99 107 103 108 107 2
107 108 108 111 160 113 110 100 161 150 108 107 3
110 109 109 109 154 116 113 100 182 195 106 102 4
105 103 110 104 89 107 109 100 105 104 107 106 5
96 95 101 98 101 97 103 99 102 97 98 102 6
106 99 106 99 114 103 104 99 141 107 104 103 7
101 102 101 103 171 128 104 100 227 198 101 102 8
111 109 111 109 133 110 117 100 129 124 109 112 9
106 110 113 104 89 108 110 100 108 105 108 107 10
110 109 106 106 89 105 110 100 110 108 109 15000 11
Chip#1
106 108 105 106 101 104 108 104 104 102 108 108 0
102 101 105 100 91 101 104 102 100 95 96 99 1
101 106 105 104 95 99 98 104 102 100 97 94 2
109 106 122 580 191 106 100 396 478 105 101 102 3
101 104 105 349 106 101 104 319 412 106 103 103 4
102 104 108 106 100 106 107 107 103 102 99 98 5
106 103 104 104 99 106 106 108 105 103 104 105 6
97 99 103 279 151 96 98 255 357 100 92 94 7
104 101 122 630 405 105 104 732 437 101 95 98 8
105 103 105 115 102 99 105 125 120 100 100 100 9
106 100 105 105 96 99 103 103 108 97 102 100 10
106 96 104 100 96 96 99 98 96 95 99 15000 11
Chip#2
109 104 105 106 105 103 110 100 111 103 107 107 0
110 105 111 110 89 113 113 100 117 109 112 113 1
105 103 107 104 105 108 110 100 105 104 111 110 2
108 100 103 104 160 112 108 99 157 148 107 105 3
105 104 104 109 152 110 107 100 180 195 107 103 4
108 109 106 106 89 109 110 100 109 108 111 110 5
111 103 109 108 89 108 110 99 109 107 108 108 6
108 103 108 108 116 105 112 100 146 119 109 107 7
110 103 109 110 175 134 110 100 245 213 107 107 8
109 102 105 108 129 108 109 100 122 124 108 108 9
109 100 104 97 89 104 110 100 107 102 103 105 10
110 103 108 104 89 109 113 101 113 105 112 15000 11
