Chipdp
84 2 68 4 16 11 4 1 6 2 6 1 7 2 7 4 4 6 5 6 4 7 5 7 4 7 6 8 6 7 7 8 7 4 10 6 11 6 10 7 11 7 4 1 9 2 9 1 10 2 10 4 4 9 5 9 4 10 5 10 4 7 9 8 9 7 10 8 10 4 10 9 11 9 10 10 11 10 4 1 3 2 3 1 4 2 4 4 4 3 5 3 4 4 5 4 4 7 3 8 3 7 4 8 4 4 10 3 11 3 10 4 11 4 4 1 0 2 0 1 1 2 1 4 4 0 5 0 4 1 5 1 4 7 0 8 0 7 1 8 1 4 10 0 11 0 10 1 11 1 4 1 6 2 6 1 7 2 7 4 4 6 5 6 4 7 5 7 4 7 6 8 6 7 7 8 7 4 10 6 11 6 10 7 11 7 4 1 9 2 9 1 10 2 10 4 4 9 5 9 4 10 5 10 4 7 9 8 9 7 10 8 10 4 10 9 11 9 10 10 11 10 4 1 3 2 3 1 4 2 4 4 4 3 5 3 4 4 5 4 4 7 3 8 3 7 4 8 4 4 10 3 11 3 10 4 11 4 4 1 0 2 0 1 1 2 1 4 4 0 5 0 4 1 5 1 4 7 0 8 0 7 1 8 1 4 10 0 11 0 10 1 11 1 4 6 0 7 0 6 1 7 1 4 6 3 7 3 6 4 7 4 4 6 6 7 6 6 7 7 7 4 6 9 7 9 6 10 7 10 4 9 0 10 0 9 1 10 1 4 9 3 10 3 9 4 10 4 4 9 6 10 6 9 7 10 7 4 9 9 10 9 9 10 10 10 4 3 0 4 0 3 1 4 1 4 3 3 4 3 3 4 4 4 4 3 6 4 6 3 7 4 7 4 3 9 4 9 3 10 4 10 4 0 0 1 0 0 1 1 1 4 0 3 1 3 0 4 1 4 4 0 6 1 6 0 7 1 7 4 0 9 1 9 0 10 1 10 4 7 0 8 0 7 1 8 1 4 7 3 8 3 7 4 8 4 4 7 6 8 6 7 7 8 7 4 7 9 8 9 7 10 8 10 4 10 0 11 0 10 1 11 1 4 10 3 11 3 10 4 11 4 4 10 6 11 6 10 7 11 7 4 10 9 11 9 10 10 11 10 4 4 0 5 0 4 1 5 1 4 4 3 5 3 4 4 5 4 4 4 6 5 6 4 7 5 7 4 4 9 5 9 4 10 5 10 4 1 0 2 0 1 1 2 1 4 1 3 2 3 1 4 2 4 4 1 6 2 6 1 7 2 0 0 
Chip#1
118 121 103 107 104 110 111 107 108 112 118 109 0
305 356 140 137 129 119 168 166 129 204 182 122 1
327 409 164 140 134 123 171 170 117 205 179 116 2
135 167 119 125 117 126 134 140 117 136 134 119 3
165 184 126 154 149 136 207 199 138 185 175 119 4
151 177 123 145 149 134 177 173 130 168 159 119 5
120 129 119 128 123 122 134 139 117 132 126 113 6
156 171 125 195 196 134 197 202 135 213 199 117 7
145 160 119 169 162 130 173 178 130 182 174 117 8
125 145 121 127 122 124 143 149 126 145 136 121 9
157 178 122 153 147 130 237 242 136 199 182 114 10
142 158 116 135 136 120 185 189 125 159 153 15000 11
Chip#1
127 139 112 118 106 119 126 124 118 159 124 119 0
306 355 137 140 125 123 167 167 129 202 180 120 1
326 407 166 141 132 128 171 171 135 203 181 120 2
137 161 119 123 118 123 132 136 125 138 126 119 3
164 177 121 150 149 127 200 191 125 182 165 116 4
149 168 119 140 144 126 173 172 125 165 152 116 5
122 168 118 132 124 126 134 142 125 136 124 116 6
151 165 122 201 191 132 197 200 134 214 192 117 7
144 157 116 165 158 120 170 174 123 185 170 115 8
122 139 114 125 117 122 144 152 120 141 130 120 9
157 178 126 147 151 134 235 243 134 201 180 117 10
147 160 118 141 141 119 187 192 117 159 154 15000 11
Chip#1
130 135 112 118 108 116 125 126 121 126 127 122 0
305 357 142 135 128 118 172 165 121 198 179 124 1
328 407 161 140 135 120 176 169 134 205 181 120 2
132 160 113 121 113 118 135 134 123 135 127 115 3
162 186 130 156 152 138 207 201 137 187 170 117 4
157 179 128 150 152 139 180 184 134 173 162 121 5
114 124 114 125 123 123 134 139 117 133 128 113 6
156 168 123 193 191 131 197 197 133 210 191 115 7
149 160 128 171 167 131 178 177 133 185 180 121 8
125 139 119 125 121 124 140 148 123 143 134 115 9
150 175 119 151 145 131 232 241 128 199 180 114 10
156 166 127 147 146 132 191 202 134 167 158 15000 11
Chip#1
130 139 111 118 114 120 124 127 121 167 127 121 0
292 351 133 135 119 115 160 159 121 199 180 113 1
320 405 160 131 127 118 161 164 134 202 180 115 2
132 157 112 118 107 115 126 128 118 131 122 110 3
155 179 125 147 147 134 199 196 135 184 168 115 4
150 172 121 146 142 127 180 174 117 164 153 113 5
116 126 114 127 122 124 135 140 117 134 126 117 6
159 169 121 202 188 139 197 206 140 216 197 117 7
147 162 122 170 163 131 179 178 134 185 170 121 8
110 115 102 116 107 110 134 138 118 131 123 107 9
154 179 126 158 153 136 238 249 140 202 183 122 10
151 160 121 146 141 131 191 193 117 165 164 15000 11
Chip#1
126 137 113 114 109 116 121 126 116 118 119 116 0
300 352 135 132 124 111 162 164 123 197 187 117 1
317 402 157 132 125 115 162 163 123 194 176 113 2
145 166 119 126 117 120 134 139 123 135 127 120 3
161 185 121 149 146 130 201 191 130 183 165 113 4
156 175 125 147 149 134 180 176 129 169 157 115 5
120 135 113 130 129 128 138 144 117 137 126 120 6
152 163 122 193 188 128 193 198 129 210 187 115 7
144 158 119 164 160 120 170 178 117 178 168 113 8
120 137 113 123 118 115 141 141 117 137 129 115 9
155 175 125 150 150 130 229 241 135 201 180 117 10
147 160 117 140 139 124 184 189 117 159 152 15000 11
