Chip#3
110 101 99 96 94 96 100 96 99 100 95 95 0
106 95 97 96 94 92 95 103 99 100 95 92 1
110 101 102 103 98 98 104 105 104 104 100 97 2
106 134 101 102 111 102 101 104 111 107 100 98 3
104 95 96 122 189 111 98 103 164 128 94 94 4
109 98 98 99 109 93 97 99 111 103 89 92 5
108 96 102 96 93 98 97 98 105 101 94 92 6
107 134 100 99 100 96 100 103 102 101 96 92 7
107 101 99 120 151 98 102 101 144 128 99 95 8
109 134 104 108 167 105 101 104 158 125 99 96 9
113 100 104 100 98 96 101 103 111 105 95 98 10
110 101 99 97 99 96 104 105 100 102 98 15000 11
Chip#3
107 94 97 95 94 91 93 98 99 99 91 90 0
112 102 98 96 91 92 94 105 99 101 94 98 1
108 95 100 96 90 94 96 101 98 97 92 95 2
103 95 99 103 136 101 98 103 112 107 98 94 3
104 94 94 172 428 165 95 110 329 192 88 89 4
114 107 111 118 180 108 113 114 167 130 109 109 5
108 102 100 102 97 101 101 104 103 103 100 97 6
100 93 100 96 95 92 103 98 102 101 95 88 7
100 96 97 158 281 106 96 100 258 215 94 93 8
103 96 97 138 332 147 103 106 314 176 95 94 9
106 96 92 98 97 92 97 100 99 102 90 89 10
112 104 99 97 94 94 101 101 105 100 96 15000 11
Chip#3
116 105 105 103 100 99 106 109 106 106 106 108 0
112 99 92 95 97 95 97 102 99 100 90 96 1
112 103 107 103 101 100 106 106 107 107 100 100 2
113 103 100 112 161 108 102 104 122 109 100 99 3
104 94 97 234 607 199 102 125 449 245 96 98 4
112 100 102 113 209 105 102 106 193 128 98 102 5
101 95 94 92 91 94 94 99 98 94 89 90 6
110 100 100 102 104 99 106 107 107 111 104 97 7
108 102 101 195 377 147 101 110 333 275 101 102 8
106 91 97 147 437 163 94 109 409 216 94 94 9
110 102 98 104 100 99 101 105 106 103 100 98 10
114 106 102 99 97 97 98 101 104 98 99 15000 11
Chip#3
109 103 99 98 97 95 100 100 100 100 94 102 0
122 134 102 104 101 98 106 106 104 106 101 109 1
121 105 103 102 99 100 104 103 101 108 102 104 2
107 100 97 107 184 109 104 103 129 108 98 102 3
109 103 104 280 854 254 107 142 620 320 100 100 4
112 134 107 127 259 112 107 110 230 150 101 106 5
106 100 98 96 100 95 98 101 101 102 96 98 6
106 96 98 101 109 99 100 104 107 109 101 98 7
104 102 102 239 520 147 100 112 449 353 95 97 8
106 96 102 178 619 171 97 117 568 271 93 97 9
114 103 105 105 101 96 104 105 105 104 100 104 10
116 101 96 92 90 95 98 100 98 102 90 15000 11
Chip#3
114 134 104 99 97 97 98 102 99 100 99 102 0
119 134 106 99 94 96 96 103 102 98 94 99 1
120 134 106 106 101 102 106 106 106 104 101 98 2
124 134 117 128 203 147 114 115 142 122 114 112 3
102 93 101 300 938 264 100 141 677 333 98 94 4
109 99 99 126 268 115 102 109 240 144 100 100 5
104 101 99 101 92 96 97 104 101 101 96 93 6
103 95 99 102 102 95 96 104 107 111 98 92 7
104 98 104 258 562 147 101 110 481 381 101 95 8
108 101 102 186 674 179 106 120 622 292 97 100 9
113 100 105 106 104 100 101 105 107 101 100 101 10
124 134 105 109 102 98 104 105 107 106 101 15000 11
Chip#3
123 134 111 111 104 105 109 110 111 110 109 111 0
121 105 98 103 98 96 97 106 103 98 96 101 1
120 104 104 106 100 99 106 106 103 108 106 99 2
112 134 105 122 206 116 107 112 147 116 102 103 3
104 134 101 324 995 283 103 153 723 364 104 101 4
103 94 100 127 275 109 98 109 249 148 101 100 5
104 134 104 102 100 99 104 112 109 103 102 103 6
108 103 105 101 100 102 103 103 104 110 101 95 7
112 134 104 273 616 163 106 121 524 432 101 108 8
112 134 102 201 736 193 100 121 676 310 104 99 9
113 101 104 102 100 100 100 104 104 103 102 102 10
126 134 99 106 100 97 103 108 106 99 105 15000 11
Chip#3
126 134 111 111 102 102 108 111 110 109 105 113 0
123 134 110 105 106 99 107 115 110 112 109 107 1
123 134 111 109 106 103 109 109 111 104 106 106 2
106 99 98 114 197 109 106 103 136 104 99 94 3
103 100 101 317 1018 285 102 151 716 363 99 99 4
109 100 104 123 285 112 106 105 250 148 100 103 5
106 105 106 104 99 102 113 112 107 112 106 104 6
109 102 106 106 107 102 107 111 117 115 102 102 7
100 92 97 267 605 147 102 106 519 406 95 97 8
109 103 101 202 731 194 104 121 676 313 100 105 9
112 101 101 102 101 98 104 108 111 103 99 98 10
120 103 99 102 99 98 104 99 101 100 99 15000 11
Chip#3
124 134 113 108 107 105 108 105 107 112 107 113 0
124 109 100 99 92 95 100 98 101 99 100 98 1
121 103 106 107 101 103 104 109 104 102 105 103 2
119 134 107 123 216 120 106 112 149 115 101 104 3
116 109 106 344 1088 308 106 157 781 388 105 101 4
107 99 99 129 299 116 103 110 266 152 99 98 5
110 96 104 98 94 101 103 100 103 99 101 97 6
103 98 97 97 106 100 101 99 105 109 99 94 7
104 134 107 283 655 163 108 112 563 448 105 102 8
108 99 109 208 786 199 106 119 718 328 99 102 9
114 105 105 102 101 100 102 102 107 107 99 100 10
116 104 98 96 94 96 97 103 99 98 93 15000 11
Chip#3
120 134 108 106 99 101 106 106 105 108 105 111 0
120 107 103 101 97 96 101 109 103 99 96 103 1
114 100 100 101 97 93 102 104 100 98 95 97 2
110 134 101 122 215 147 106 110 143 112 99 103 3
101 96 94 335 1083 298 95 153 769 383 92 95 4
112 105 105 131 305 116 112 112 263 161 104 109 5
103 134 99 104 100 100 104 108 106 106 101 99 6
106 101 97 102 104 97 100 103 104 109 95 93 7
104 100 99 282 652 147 97 105 560 448 98 95 8
104 100 99 204 780 194 102 121 706 324 99 98 9
114 99 99 102 103 100 102 103 106 103 100 102 10
128 134 105 107 103 101 106 107 105 106 106 15000 11
Chip#3
121 134 111 108 102 106 111 110 109 111 112 117 0
129 134 102 99 93 96 103 108 105 102 98 104 1
120 104 106 103 100 106 107 106 105 101 100 103 2
112 106 100 122 218 121 107 110 146 111 98 100 3
109 102 102 355 1167 318 102 158 834 432 96 97 4
107 99 101 129 315 119 102 109 277 157 100 101 5
101 95 100 96 97 97 100 101 105 100 101 98 6
106 134 104 109 110 103 108 110 113 117 100 103 7
107 102 100 297 698 163 103 110 594 476 100 97 8
115 104 107 218 844 212 107 127 771 351 106 100 9
115 103 107 108 107 103 106 111 112 108 107 108 10
128 134 103 102 97 98 101 106 104 104 98 15000 11
Chip#3
123 134 109 110 107 106 108 115 111 104 111 113 0
128 134 103 103 103 101 107 108 104 102 99 109 1
117 134 104 104 101 101 106 109 109 104 105 101 2
115 100 103 125 234 119 108 110 150 115 105 106 3
113 134 107 364 1176 322 108 163 839 432 109 107 4
109 100 102 129 322 118 103 108 275 157 104 101 5
108 103 106 106 102 100 108 109 107 108 105 99 6
107 134 101 110 109 100 107 106 113 116 104 102 7
112 103 106 300 707 163 108 120 596 487 104 102 8
107 104 105 219 844 205 109 126 767 349 104 107 9
113 100 97 102 104 100 104 106 105 102 98 100 10
119 134 91 97 95 93 92 100 97 101 94 15000 11
Chip#3
112 134 100 103 93 92 94 100 95 96 98 106 0
127 134 100 104 100 99 106 109 105 103 102 108 1
122 105 105 101 101 101 106 103 100 102 102 104 2
114 103 100 117 218 117 102 106 142 111 96 98 3
112 110 106 367 1173 324 109 168 839 432 105 103 4
103 99 99 131 318 110 101 105 278 159 94 95 5
110 134 104 107 104 100 106 111 105 107 101 102 6
106 101 98 103 106 100 102 106 110 109 101 97 7
108 103 102 295 701 163 102 112 591 485 102 97 8
109 95 99 210 835 202 98 121 767 343 99 97 9
117 101 103 102 99 100 102 108 105 106 99 106 10
124 134 98 101 95 97 98 99 100 100 96 15000 11
Chip#3
121 134 109 107 102 102 106 112 104 107 106 104 0
127 134 104 103 99 101 103 105 102 107 101 108 1
122 106 103 104 100 101 100 105 99 103 104 100 2
112 100 102 120 234 120 106 110 145 111 106 99 3
117 109 105 366 1169 324 107 163 839 418 104 104 4
107 96 96 127 311 115 101 108 274 156 95 93 5
103 98 95 104 94 99 98 99 100 98 98 97 6
112 101 102 104 107 98 104 110 110 114 105 95 7
106 102 97 291 696 163 102 111 596 484 102 101 8
109 106 105 219 848 206 110 130 768 353 106 106 9
113 102 100 99 99 98 98 101 104 101 101 92 10
130 134 99 101 92 101 103 103 105 103 99 15000 11
Chip#3
117 111 104 102 100 97 103 105 101 102 102 107 0
130 134 109 111 104 100 108 109 107 108 110 113 1
124 104 108 109 104 106 107 109 109 104 104 102 2
114 103 104 126 234 118 112 106 145 112 102 99 3
106 99 102 359 1165 317 106 156 831 410 98 98 4
108 98 100 133 315 117 106 109 278 161 105 94 5
108 100 97 96 97 96 100 101 96 98 95 97 6
106 104 100 105 108 101 104 111 107 115 105 99 7
100 94 95 291 695 163 97 109 593 482 96 95 8
104 98 99 211 839 202 96 120 763 341 98 98 9
110 98 98 103 101 97 99 103 101 98 101 99 10
126 134 92 101 100 99 98 107 106 101 100 15000 11
Chip#3
126 134 112 111 106 100 108 108 109 112 107 117 0
128 107 102 103 98 100 103 106 106 102 101 108 1
114 102 102 105 100 101 107 104 103 108 97 95 2
107 96 104 116 218 114 103 105 147 115 99 102 3
109 102 100 359 1163 320 107 155 834 413 96 102 4
115 134 105 136 320 118 113 110 285 176 108 104 5
110 101 104 104 101 99 102 106 107 108 98 98 6
114 101 103 104 113 105 107 110 111 117 104 104 7
99 92 98 295 698 163 95 104 590 480 94 93 8
110 105 107 219 846 209 106 125 773 354 106 107 9
113 100 105 105 106 97 103 107 105 108 101 100 10
123 134 99 104 98 95 102 101 102 108 98 15000 11
Chip#3
115 110 104 99 98 101 104 103 100 100 101 112 0
122 106 100 99 101 96 104 106 103 102 99 106 1
116 102 105 101 103 102 103 100 105 106 99 106 2
115 103 109 126 234 122 109 112 153 114 104 107 3
114 107 112 365 1174 329 114 165 838 432 112 111 4
106 94 98 127 310 115 106 105 279 176 101 97 5
107 99 98 99 100 100 103 105 105 104 104 102 6
107 99 100 103 107 100 103 101 106 111 101 98 7
109 134 105 301 705 163 107 119 606 487 105 102 8
108 104 104 214 846 205 103 121 769 348 104 101 9
115 100 105 102 99 100 106 106 107 103 104 104 10
122 134 99 105 97 97 103 101 103 106 102 15000 11
