Chipdp
84 2 68 4 16 11 4 1 6 2 6 1 7 2 7 4 4 6 5 6 4 7 5 7 4 7 6 8 6 7 7 8 7 4 10 6 11 6 10 7 11 7 4 1 9 2 9 1 10 2 10 4 4 9 5 9 4 10 5 10 4 7 9 8 9 7 10 8 10 4 10 9 11 9 10 10 11 10 4 1 3 2 3 1 4 2 4 4 4 3 5 3 4 4 5 4 4 7 3 8 3 7 4 8 4 4 10 3 11 3 10 4 11 4 4 1 0 2 0 1 1 2 1 4 4 0 5 0 4 1 5 1 4 7 0 8 0 7 1 8 1 4 10 0 11 0 10 1 11 1 4 1 6 2 6 1 7 2 7 4 4 6 5 6 4 7 5 7 4 7 6 8 6 7 7 8 7 4 10 6 11 6 10 7 11 7 4 1 9 2 9 1 10 2 10 4 4 9 5 9 4 10 5 10 4 7 9 8 9 7 10 8 10 4 10 9 11 9 10 10 11 10 4 1 3 2 3 1 4 2 4 4 4 3 5 3 4 4 5 4 4 7 3 8 3 7 4 8 4 4 10 3 11 3 10 4 11 4 4 1 0 2 0 1 1 2 1 4 4 0 5 0 4 1 5 1 4 7 0 8 0 7 1 8 1 4 10 0 11 0 10 1 11 1 4 6 0 7 0 6 1 7 1 4 6 3 7 3 6 4 7 4 4 6 6 7 6 6 7 7 7 4 6 9 7 9 6 10 7 10 4 9 0 10 0 9 1 10 1 4 9 3 10 3 9 4 10 4 4 9 6 10 6 9 7 10 7 4 9 9 10 9 9 10 10 10 4 3 0 4 0 3 1 4 1 4 3 3 4 3 3 4 4 4 4 3 6 4 6 3 7 4 7 4 3 9 4 9 3 10 4 10 4 0 0 1 0 0 1 1 1 4 0 3 1 3 0 4 1 4 4 0 6 1 6 0 7 1 7 4 0 9 1 9 0 10 1 10 4 7 0 8 0 7 1 8 1 4 7 3 8 3 7 4 8 4 4 7 6 8 6 7 7 8 7 4 7 9 8 9 7 10 8 10 4 10 0 11 0 10 1 11 1 4 10 3 11 3 10 4 11 4 4 10 6 11 6 10 7 11 7 4 10 9 11 9 10 10 11 10 4 4 0 5 0 4 1 5 1 4 4 3 5 3 4 4 5 4 4 4 6 5 6 4 7 5 7 4 4 9 5 9 4 10 5 10 4 1 0 2 0 1 1 2 1 4 1 3 2 3 1 4 2 4 4 1 6 2 6 1 7 2 0 0 
Chip#1
100 100 102 99 97 103 95 102 99 99 101 102 0
95 95 91 92 97 95 87 97 93 92 96 98 1
93 93 88 89 97 88 84 98 94 92 93 93 2
100 104 98 101 102 104 91 101 95 99 101 103 3
95 99 100 99 97 99 101 99 94 97 99 97 4
99 100 97 97 97 99 93 99 96 97 101 99 5
100 104 99 98 104 102 103 104 106 104 102 103 6
94 96 93 97 100 98 90 99 96 92 96 96 7
93 95 95 94 95 89 87 96 93 97 96 94 8
95 104 98 99 102 100 90 102 96 97 99 99 9
99 100 98 99 98 100 101 104 100 99 104 103 10
98 98 95 94 102 96 90 99 95 93 98 15000 11
Chip#1
100 98 98 95 104 95 101 101 95 92 95 94 0
99 105 98 101 95 96 105 104 97 98 103 97 1
104 104 99 97 104 99 102 99 97 97 99 94 2
96 105 100 97 102 98 103 102 99 98 98 91 3
95 100 97 94 104 98 103 97 100 97 94 90 4
98 105 94 97 104 99 102 101 100 99 98 97 5
92 93 89 94 93 93 85 95 95 92 90 93 6
92 99 95 95 98 93 101 99 94 94 98 90 7
101 106 100 104 98 102 106 101 97 98 103 99 8
100 105 99 102 102 95 107 103 101 98 94 102 9
106 115 107 107 104 107 113 115 105 105 106 104 10
100 104 98 99 102 98 92 104 98 95 99 15000 11
Chip#1
93 95 88 92 97 90 101 96 90 92 89 91 0
98 100 92 93 97 88 101 103 91 93 94 97 1
100 107 98 95 97 98 103 104 95 101 102 99 2
93 103 93 94 91 88 103 98 92 98 90 96 3
100 96 94 93 97 92 103 99 94 97 96 92 4
98 99 94 94 97 92 103 101 90 94 96 96 5
92 99 92 87 97 88 103 102 94 91 94 97 6
96 98 90 92 100 87 103 99 92 94 99 96 7
99 103 93 98 102 92 103 103 96 98 100 97 8
95 93 90 88 96 92 103 98 89 94 96 92 9
96 100 95 99 96 93 101 103 98 99 100 98 10
104 109 97 97 104 96 101 107 96 103 104 15000 11
