Chip#1
135 124 121 136 140 117 181 193 119 119 131 112 0
176 180 144 298 315 206 906 870 212 180 186 119 1
171 181 140 289 323 211 881 848 196 189 201 121 2
141 125 122 149 169 129 289 299 123 127 131 114 3
205 192 145 309 306 244 1666 1624 244 171 180 118 4
193 179 136 278 291 244 1687 1650 248 185 186 119 5
157 149 122 135 141 132 247 247 128 209 192 115 6
329 319 157 196 198 136 210 208 259 1372 1196 189 7
283 275 144 185 188 138 213 204 273 1401 1303 205 8
168 179 129 128 130 122 142 133 136 404 308 119 9
313 324 163 163 170 125 212 202 347 1365 1006 150 10
277 267 140 153 164 127 210 196 305 1310 1060 15000 11
Chip#2
112 105 104 108 101 105 105 102 110 108 102 108 0
112 112 109 114 123 114 392 386 97 114 109 110 1
112 118 107 123 135 119 834 782 100 117 112 109 2
128 112 106 111 113 116 180 178 100 113 105 110 3
128 113 108 121 129 120 1267 1447 106 114 111 114 4
128 125 114 134 143 158 1551 1651 108 125 117 112 5
128 109 108 116 119 123 134 125 101 147 139 112 6
128 132 106 114 116 115 124 120 135 1570 1253 115 7
112 125 106 108 118 110 119 110 109 982 768 108 8
112 110 108 108 108 117 115 109 106 332 212 117 9
128 147 118 113 115 116 123 120 201 2183 1434 123 10
112 126 103 104 100 108 105 103 100 818 587 15000 11
