Chip#1
99 100 98 104 103 106 107 103 101 96 96 100 0 165 119 80 23
98 101 102 102 96 100 105 102 102 96 96 93 1 0 0 0 0
108 101 112 124 102 120 131 108 114 134 108 101 2 0 0 0 0
104 107 102 113 104 114 115 107 106 118 103 99 3 0 0 0 0
105 110 115 125 104 117 128 107 104 100 101 100 4 0 0 0 0
103 105 530 522 104 607 993 122 112 124 100 101 5 0 0 0 0
110 109 277 283 112 379 586 115 118 126 105 102 6 0 0 0 0
108 107 120 120 110 112 114 104 104 101 103 102 7 0 0 0 0
105 111 760 703 104 386 443 108 104 96 100 98 8 0 0 0 0
104 104 491 423 101 380 434 101 101 92 101 99 9 0 0 0 0
112 110 107 108 108 111 112 105 109 104 105 105 10 0 0 0 0
115 104 100 104 105 104 106 103 103 100 100 15000 11 0 0 0 0
