Chip#1
108 106 111 113 109 104 105 99 104 102 99 98 0
132 101 112 111 109 106 110 111 107 107 99 102 1
98 93 105 102 105 101 102 104 95 93 93 92 2
105 98 106 106 107 103 104 107 99 103 95 93 3
106 100 107 108 113 105 117 119 101 100 96 98 4
103 100 105 107 107 104 116 115 100 96 95 95 5
132 106 115 112 111 111 110 108 104 110 109 102 6
108 100 107 110 111 106 105 101 103 113 110 95 7
104 101 110 107 109 108 104 97 106 118 131 100 8
102 100 108 107 109 101 102 99 102 105 98 95 9
102 98 106 102 107 101 101 97 103 117 112 94 10
103 99 106 106 101 101 100 97 104 112 111 15000 11
Chip#2
131 113 108 108 111 110 107 104 89 109 111 112 0
84 102 101 97 99 97 96 98 89 99 100 102 1
112 107 101 97 99 102 105 106 89 99 102 104 2
112 99 102 94 99 98 96 98 89 104 97 99 3
112 100 100 97 99 98 116 120 89 100 98 102 4
112 107 104 105 105 104 124 126 89 107 106 102 5
112 100 98 97 94 94 100 92 89 96 97 102 6
112 105 104 100 99 98 93 100 89 129 123 105 7
112 102 104 104 104 108 102 103 89 121 115 108 8
112 105 101 103 98 99 98 101 89 107 103 104 9
112 103 101 94 98 96 97 95 89 132 121 102 10
112 106 98 97 100 94 93 97 89 113 110 15000 11
Chip#1
97 93 102 100 96 96 92 92 95 93 90 92 0
104 101 108 109 114 105 115 112 100 107 99 101 1
108 101 106 109 116 108 117 115 102 107 101 100 2
99 92 103 103 107 101 106 101 97 91 101 95 3
132 101 114 115 112 108 141 132 107 104 104 103 4
109 102 108 109 111 109 140 133 103 108 104 103 5
109 101 109 110 112 108 105 102 101 105 102 106 6
132 106 110 108 109 111 105 103 104 131 131 101 7
112 102 110 115 113 111 107 106 104 134 131 102 8
132 102 115 112 107 111 109 105 104 114 131 101 9
112 107 115 112 114 107 109 107 108 133 131 101 10
110 104 114 111 109 106 109 105 103 129 131 15000 11
Chip#2
112 106 103 98 98 100 98 100 89 100 105 104 0
112 105 101 100 99 98 107 106 89 98 103 103 1
112 108 107 99 105 100 116 112 89 101 109 104 2
112 101 100 93 98 98 97 98 89 101 99 102 3
112 100 95 92 99 93 133 138 89 99 99 97 4
128 105 97 93 95 99 144 143 89 99 103 97 5
112 105 97 100 100 98 100 101 89 102 106 102 6
112 112 104 99 100 97 100 102 89 151 145 99 7
112 111 102 105 103 108 105 103 89 135 137 110 8
112 109 101 97 103 103 101 95 89 104 105 103 9
77 101 97 94 95 93 96 93 89 159 139 97 10
112 105 102 100 100 102 96 100 89 122 116 15000 11
Chip#1
109 100 110 112 114 109 109 108 106 107 104 98 0
108 108 120 133 130 119 178 178 116 112 115 106 1
100 100 105 118 122 107 165 178 109 103 104 96 2
132 98 105 115 116 107 120 119 101 103 100 100 3
132 107 115 134 130 121 270 267 117 110 107 96 4
112 107 112 127 130 117 267 271 119 107 106 101 5
132 100 107 108 109 106 114 112 101 115 112 100 6
137 120 107 110 112 107 109 107 114 241 225 111 7
132 115 105 107 108 102 106 101 113 242 230 106 8
108 105 107 108 109 106 103 102 104 132 131 99 9
137 119 115 109 107 108 107 103 123 228 192 101 10
132 113 110 110 108 107 107 102 120 219 196 15000 11
Chip#2
112 105 104 100 104 103 101 102 89 105 109 104 0
87 110 108 100 101 102 127 131 89 105 108 108 1
86 107 100 102 100 102 165 154 89 101 98 97 2
112 107 107 102 104 108 111 109 89 107 106 109 3
112 108 103 102 108 106 284 301 89 109 106 107 4
112 106 108 107 109 108 322 333 89 108 104 104 5
112 109 104 102 105 104 106 107 89 113 110 109 6
112 113 104 107 105 104 102 102 89 352 297 100 7
112 103 102 100 104 100 103 100 89 250 213 105 8
112 105 106 103 104 100 100 100 89 140 119 102 9
112 113 106 103 101 103 105 100 96 412 300 109 10
112 104 101 95 99 100 96 96 95 206 173 15000 11
Chip#1
109 100 105 106 109 107 115 107 106 99 100 100 0
108 105 112 132 133 116 197 198 107 107 109 98 1
104 102 107 129 132 114 196 192 115 108 110 103 2
100 97 105 109 111 100 124 122 99 96 96 95 3
109 101 108 134 132 116 325 326 120 108 101 96 4
105 102 107 122 130 115 325 330 123 104 101 96 5
116 110 114 113 111 111 125 119 108 118 114 102 6
149 130 116 113 119 111 117 111 122 300 276 113 7
144 121 114 112 115 106 109 107 128 300 286 113 8
110 107 114 111 109 106 110 103 108 145 147 106 9
140 123 111 111 106 104 107 107 128 276 225 105 10
135 116 109 107 105 106 107 106 128 259 232 15000 11
Chip#2
112 104 103 104 101 99 102 96 95 105 104 104 0
112 106 100 97 99 99 137 132 95 101 99 98 1
112 108 106 107 111 106 190 178 95 108 110 108 2
112 101 103 98 99 100 106 107 95 104 97 100 3
112 114 108 109 115 110 349 368 95 112 106 108 4
84 105 103 103 103 103 400 396 95 100 103 95 5
112 105 104 102 103 105 106 101 95 112 109 105 6
87 111 102 104 99 100 102 103 95 416 351 105 7
112 113 109 107 103 109 106 102 95 294 257 108 8
112 108 107 107 104 104 106 103 95 147 127 105 9
112 113 109 108 106 105 106 106 108 516 352 109 10
112 107 104 98 99 99 98 100 72 246 193 15000 11
Chip#1
104 102 108 106 109 105 105 109 104 102 100 96 0
111 107 112 132 138 115 211 212 114 109 107 100 1
106 106 109 130 138 118 210 207 115 112 131 105 2
109 106 110 117 115 112 131 130 107 109 110 106 3
105 106 111 135 133 122 360 355 120 105 97 99 4
112 108 117 140 137 129 366 369 127 115 112 103 5
115 110 115 117 113 112 126 124 109 123 131 100 6
150 135 120 115 118 111 115 110 122 324 296 117 7
140 120 107 106 113 106 110 102 121 320 302 107 8
132 113 112 109 111 109 105 102 103 152 147 102 9
145 127 112 110 108 103 106 102 133 291 246 101 10
138 121 110 110 103 108 112 107 127 286 251 15000 11
Chip#2
82 101 103 99 101 99 97 97 72 102 100 104 0
112 102 104 104 105 103 144 142 72 107 105 105 1
112 116 110 113 116 109 201 178 72 114 115 111 2
112 107 102 103 103 100 110 113 72 105 106 108 3
85 106 104 102 105 103 368 379 72 106 110 99 4
112 102 100 99 106 102 417 434 72 105 98 99 5
112 105 106 102 96 103 103 103 108 118 110 108 6
112 114 104 105 105 103 103 103 108 446 369 104 7
112 105 103 100 101 102 107 101 108 306 258 105 8
112 110 108 107 106 104 105 102 72 151 131 109 9
112 113 103 100 100 102 101 100 105 536 370 108 10
112 114 107 102 103 100 103 101 105 257 204 15000 11
Chip#1
106 106 112 111 117 109 114 116 108 108 109 101 0
132 110 114 134 171 118 231 218 116 113 131 107 1
104 101 108 132 134 113 215 209 108 110 107 96 2
111 101 112 116 118 111 138 133 108 107 107 103 3
132 105 110 139 137 129 378 376 125 105 105 93 4
113 106 112 138 135 128 381 383 129 118 111 105 5
109 105 107 108 106 104 124 117 101 119 106 95 6
150 137 116 115 114 109 114 111 127 331 304 117 7
138 120 111 110 111 104 110 104 121 333 317 109 8
132 110 112 115 112 113 111 106 107 158 147 105 9
144 128 115 116 107 112 109 111 164 315 256 103 10
141 122 111 110 112 111 111 108 129 295 256 15000 11
Chip#2
86 102 104 98 98 102 93 98 72 99 97 102 0
112 99 98 98 99 98 133 132 105 101 102 102 1
112 103 100 99 105 104 190 178 72 101 99 94 2
112 105 103 105 108 103 109 109 105 104 100 110 3
112 107 103 105 109 109 372 393 105 107 103 107 4
128 112 114 110 116 110 436 450 105 109 110 110 5
112 114 113 109 108 109 112 113 105 119 114 112 6
112 114 103 107 104 103 107 100 105 441 363 104 7
112 113 104 107 105 102 107 101 105 306 264 108 8
112 103 103 95 103 99 101 100 105 145 119 107 9
87 111 104 97 105 96 102 98 102 538 364 102 10
112 112 106 108 105 102 105 102 102 260 207 15000 11
