Chip#1
Chip#1
72 205 113 170 168 179 169 296 165 148 75 196 0
0 0 0 33 0 0 62 48 53 0 0 0 0
0 0 0 33 0 0 62 48 53 0 0 0 0
0 0 0 33 0 0 62 48 53 0 0 0 0
0 0 0 33 0 0 62 48 53 0 0 0 0
0 0 0 33 0 0 62 48 53 0 0 0 0
0 0 0 33 0 0 62 48 53 0 0 0 0
0 0 0 33 0 0 62 48 53 0 0 0 0
0 0 0 33 0 0 62 48 53 0 0 0 0
0 0 0 33 0 0 62 48 53 0 0 0 0
0 0 0 33 0 0 62 48 53 0 0 0 0
0 0 0 33 0 0 62 48 53 0 0 0 0
0 0 0 33 0 0 62 48 53 0 0 0 0
0 0 0 33 0 0 62 48 53 0 0 0 0
0 0 0 33 0 0 62 48 53 0 0 0 0
0 0 0 33 0 0 62 48 53 0 0 0 0
0 0 0 33 0 0 62 48 53 0 0 0 0
0 0 0 33 0 0 62 48 53 0 0 0 0
0 0 0 33 0 0 62 48 53 0 0 0 0
0 0 0 33 0 0 62 48 53 0 0 0 0
0 0 0 33 0 0 62 48 53 0 0 0 0
0 0 0 33 0 0 62 48 53 0 0 15000 0
Chip#2
0 0 0 33 0 0 62 48 53 0 0 15000 0
Chip#2
26 0 0 22 86 0 26 103 72 0 3 0 0
0 0 0 0 0 0 0 0 0 0 0 0 0
0 0 0 0 0 0 0 0 0 0 0 0 0
0 0 0 0 0 0 0 0 0 0 0 0 0
0 0 0 0 0 0 0 0 0 0 0 0 0
0 0 0 0 0 0 0 0 0 0 0 0 0
0 0 0 0 0 0 0 0 0 0 0 0 0
0 0 0 0 0 0 0 0 0 0 0 0 0
0 0 0 0 0 0 0 0 0 0 0 0 0
0 0 0 0 0 0 0 0 0 0 0 0 0
0 0 0 0 0 0 0 0 0 0 0 0 0
0 0 0 0 0 0 0 0 0 0 0 0 0
0 0 0 0 0 0 0 0 0 0 0 0 0
0 0 0 0 0 0 0 0 0 0 0 0 0
0 0 0 0 0 0 0 0 0 0 0 0 0
0 0 0 0 0 0 0 0 0 0 0 0 0
28 0 0 22 86 0 26 101 72 0 3 5 4
26 0 0 22 92 0 10 103 72 0 0 7 7
22 0 0 22 83 0 10 99 72 0 0 7 6
21 0 0 22 82 0 10 97 72 0 0 4 8
20 0 0 22 83 0 26 97 72 0 0 4 9
26 0 0 38 85 0 26 101 72 0 3 15000 10
0 0 0 0 0 0 0 0 0 0 0 15000 0
Chip#3
Chip#3
0 0 0 33 0 0 62 48 53 0 0 0 0
9 172 190 81 0
0 0 0 33 0 0 62 48 53 0 0 0 0
0 0 0 33 0 0 62 48 53 0 0 0 0
0 0 0 33 0 0 62 48 53 0 0 0 0
0 0 0 33 0 0 62 48 53 0 0 0 0
0 0 0 33 0 0 62 48 53 0 0 0 0
0 0 0 33 0 0 62 48 53 0 0 0 0
0 0 0 33 0 0 62 48 53 0 0 0 0
0 0 0 33 0 0 62 48 53 0 0 0 0
0 0 0 33 0 0 62 48 53 0 0 0 0
0 0 0 33 0 0 62 48 53 0 0 0 0
0 0 0 33 0 0 62 48 53 0 0 0 0
0 0 0 33 0 0 62 48 53 0 0 0 0
0 0 0 33 0 0 62 48 53 0 0 0 0
0 0 0 33 0 0 62 48 53 0 0 0 0
0 0 0 33 0 0 62 48 53 0 0 0 0
0 0 0 33 0 0 62 48 53 0 0 0 0
0 0 0 33 0 0 62 48 53 0 0 0 0
0 0 0 33 0 0 62 48 53 0 0 0 0
0 0 0 33 0 0 62 48 53 0 0 0 0
0 0 0 33 0 0 62 48 53 0 0 0 0
0 0 0 33 0 0 62 48 53 0 0 15000 0
Chip#4
