20.9375
23.125
25.1875
27
29.1875
30.6875
32.0625
33.3125
34.5
35.6875
36.75
37.8125
38.875
40.25
41.1875
42.125
43.125
44
44.9375
45.8125
46.6875
47.5625
48.375
49.5
50.3125
51.125
51.9375
52.6875
53.4375
54.25
54.9375
55.6875
56.6875
57.375
58.125
58.8125
59.5
60.1875
60.875
61.5625
62.1875
63.0625
63.6875
64.3125
64.9375
65.5625
66.1875
66.75
67.3125
67.9375
68.6875
69.25
69.8125
70.375
70.9375
71.5
72
72.5625
73.0625
73.625
74.25
74.8125
75.3125
75.8125
76.25
76.75
77.25
77.875
78.375
78.8125
79.3125
79.75
80.25
80.6875
81.25
81.6875
82.125
82.5625
83
83.4375
83.875
84.4375
84.8125
85.25
85.625
86
86.4375
86.8125
87.25
87.625
88.125
88.5
88.875
89.25
89.625
90
90.375
90.875
91.25
91.625
91.9375
92.3125
92.625
93.125
93.4375
93.8125
94.125
94.4375
94.8125
95.125
95.5625
95.875
96.1875
96.5
96.8125
97.125
97.4375
97.75
98.1875
98.4375
98.75
99.0625
99.375
99.6875
99.9375
100.25
100.625
100.9375
101.1875
101.5
101.75
102.0625
102.3125
102.5625
102.9375
103.25
103.5
103.75
104
104.25
104.4375
104.5
104.625
104.8125
104.9375
105.125
105.25
105.4375
105.625
105.9375
106.1875
106.625
106.9375
107.1875
107.4375
107.6875
107.9375
108.1875
108.5
108.75
109
109.1875
109.4375
109.125
108.3125
108.25
108.6875
109
109.3125
108.8125
107.9375
108
108.375
108.8125
109.3125
108.6875
107.8125
107.8125
108.25
108.6875
109.0625
108.375
107.875
108.25
108.6875
109
108.1875
107.5625
107.8125
108.3125
108.75
107.9375
107.5625
107.875
108.375
108.625
107.8125
107.25
107.6875
108.1875
108.6875
108
107.125
107.3125
107.875
108.375
107.875
107.125
107.3125
107.8125
108.25
107.875
107.0625
107.1875
107.75
108.3125
107.8125
107.0625
107.25
107.75
108.25
107.4375
106.5625
106.6875
107.125
107.625
108.0625
107.5625
106.8125
107.25
107.8125
107.875
107
106.625
107.0625
107.6875
107.4375
106.6875
106.875
107.4375
107.8125
107.125
106.4375
106.875
107.375
107.5625
106.6875
106.3125
106.8125
107.5
107.5625
106.6875
106.5
107.0625
107.625
107.25
106.25
106.125
106.875
107.5
107.1875
106.3125
106.375
106.9375
107.4375
106.8125
106.125
106.6875
107.25
106.8125
106.25
106.5625
107.1875
107.3125
106.1875
105.75
106.1875
106.9375
107.4375
106.8125
105.8125
105.75
106.625
107.3125
107.0625
106.125
105.6875
106.1875
106.875
106.625
105.6875
105.75
106.3125
106.9375
106.6875
105.8125
105.9375
106.8125
106.75
105.9375
105.5625
106.0625
106.8125
106.9375
105.875
105.6875
106.1875
106.75
106.5625
105.75
105.9375
106.5625
107
106.25
105.4375
105.75
106.4375
106.8125
106.1875
105.4375
105.8125
106.6875
106.3125
105.5
105.4375
106.0625
106.625
105.9375
105
104.0625
103.25
103.4375
104.625
105.5
106.3125
106.75
106.0625
105.25
105.5625
106.5
106.4375
105.625
104.6875
103.6875
103.0625
103.5625
104.75
105.625
106.375
106.5
105.6875
104.6875
103.75
103.1875
103.75
104.9375
105.8125
106.5625
106.5
105.625
104.625
103.6875
103.8125
104.625
105.5
106.3125
106.6875
106.0625
105.25
105.625
106.5625
106.75
106.0625
105.0625
104.125
103.3125
103.625
104.4375
105.5
106.3125
106.9375
106.375
105.375
104.4375
103.25
103.625
104.4375
105.3125
106.125
106.5
105.6875
104.6875
103.75
103.0625
103.5
104.375
105.25
106.375
106.5625
105.75
104.875
104
103.1875
103.875
104.75
105.625
106.375
106.375
105.5625
104.5625
106.5
105.6875
104.6875
103.75
103.3125
103.9375
105.125
106
106.625
106.25
105.3125
104.375
103.4375
103.1875
104.1875
105.0625
105.9375
106.625
106.375
105.5625
105.6875
106.5
106.125
105.25
104.3125
103.4375
103.25
104.25
105.25
106.125
106.5625
105.875
104.9375
103.6875
103.125
103.6875
104.625
105.5
106.3125
106.8125
105.875
104.9375
104
103.125
103.4375
104.25
105.1875
106.3125
106.5625
105.8125
104.875
103.9375
103.375
103.9375
105.125
106
106.8125
106.5625
105.6875
104.6875
103.75
103.1875
104
104.9375
105.8125
106.5625
106.625
105.8125
104.875
103.9375
103.5625
104.3125
105.25
106.1875
106.8125
106.25
105.3125
104.375
103.3125
103.6875
104.5625
105.4375
106.3125
106.8125
105.875
105.5
106.25
106.625
105.8125
104.9375
104
103.1875
103.625
104.5
105.4375
106.3125
106.875
106.3125
105.375
104.4375
103.5625
103.5
104.3125
105.3125
106.1875
106.625
105.9375
105
103.8125
103.25
103.8125
104.75
105.6875
106.5625
106.8125
106.0625
104.8125
103.875
103.5
104.125
105.0625
106
106.8125
106.625
105.4375
104.4375
103.625
103.375
104.125
105.125
106
106.75
106.125
105.25
104.3125
103.4375
103.3125
104.0625
105
105.9375
106.8125
106.1875
105.3125
104.375
103.5
103.3125
104.0625
105
106.25
106.875
106.375
105.4375
104.5
103.625
103.625
104.5
105.75
106.5
106.25
105.3125
104.4375
103.5625
103.375
104.1875
105.4375
106.25
106.875
106.375
105.5
106.625
106.625
105.8125
104.875
104
103.25
103.5625
104.5
105.4375
106.5625
106.25
105.4375
104.5
103.625
103.4375
104.25
105.1875
106.4375
106.5625
105.8125
104.875
104
103.25
103.5625
104.4375
105.75
106.5625
106.25
105.375
104.4375
103.625
103.375
104.1875
105.5
106.375
106.5625
105.8125
104.875
104
103.25
103.5
104.75
105.75
106.5625
106.25
105.375
104.4375
103.625
103.375
104.375
105.3125
106.25
106.6875
106.0625
105.125
104.25
103.375
104
104.9375
105.875
106.6875
106.375
105.5
104.625
103.5
102.75
102
101.375
100.8125
100.25
99.75
99.25
98.625
98.125
97.6875
97.25
96.8125
96.375
96
95.4375
95
94.625
94.25
93.875
93.5
93.125
92.75
92.375
91.875
91.5
91.1875
90.8125
90.4375
90.125
89.6875
89.3125
89
88.6875
88.375
88.0625
87.75
87.3125
87
86.75
86.4375
86.125
85.8125
85.5
85.25
84.875
84.5625
84.3125
84
83.75
83.5
83.1875
82.8125
82.625
82.3125
82.0625
81.8125
81.5625
81.3125
81.0625
80.6875
80.4375
80.25
80
79.75
79.5
79.25
79
78.8125
78.5
78.25
78.0625
77.8125
77.625
77.375
77.0625
76.875
76.625
76.4375
76.25
76
75.8125
75.625
75.375
75.125
74.9375
74.75
74.5
74.3125
74.125
73.9375
73.75
73.5
73.3125
73.125
72.9375
72.75
72.5625
72.375
72.1875
72
71.75
71.5625
71.375
71.25
71.0625
70.875
70.6875
70.5625
70.375
70.125
70
69.8125
69.625
69.5
69.3125
69.1875
69
68.8125
68.625
68.4375
68.3125
68.125
68
67.8125
67.625
67.5
67.3125
67.1875
67
66.875
66.75
66.625
66.375
66.25
66.125
65.9375
65.8125
65.6875
65.5625
65.375
65.1875
65.0625
64.9375
64.8125
64.6875
64.5625
64.375
64.25
64.125
63.9375
63.8125
63.6875
63.5625
63.4375
63.3125
63.125
63
62.875
62.75
62.625
62.5
62.375
62.25
62.125
62
61.875
61.75
61.625
61.4375
61.375
61.25
61.125
61
60.875
60.75
