Chip#1
102 105 102 103 103 105 108 108 107 105 102 107 0
95 94 96 99 97 97 108 100 97 95 93 93 1
96 96 120 127 98 127 153 101 109 152 102 94 2
104 104 110 110 102 114 123 105 109 132 106 104 3
103 109 104 106 103 109 113 109 104 103 103 108 4
101 102 109 107 105 105 112 108 111 129 103 110 5
97 101 100 103 96 104 108 100 109 116 98 98 6
97 100 99 99 98 103 104 101 102 93 100 102 7
97 100 102 103 98 100 105 102 102 93 96 98 8
96 96 96 102 100 104 102 98 100 96 96 96 9
99 95 97 97 100 98 100 96 100 95 93 94 10
104 102 103 103 103 101 105 103 103 100 103 15000 11
Chip#1
102 96 95 102 103 98 100 98 102 95 97 96 0
99 96 107 116 100 105 125 102 101 113 98 100 1
103 100 208 249 105 224 350 114 170 324 128 105 2
99 97 121 140 98 138 186 100 126 222 108 99 3
101 99 94 102 103 103 108 104 104 104 100 95 4
102 106 110 104 104 107 109 104 144 222 107 101 5
95 97 95 99 96 100 102 101 129 179 101 92 6
97 94 96 98 97 98 98 96 99 92 92 96 7
98 100 106 108 101 106 106 100 99 97 95 105 8
99 96 103 104 98 101 107 100 103 103 96 104 9
102 102 107 107 100 106 112 100 104 104 101 104 10
101 95 99 99 97 100 105 100 104 101 96 15000 11
Chip#1
102 101 98 102 102 101 101 100 103 97 102 104 0
93 92 114 120 101 107 130 96 103 121 101 95 1
103 102 239 297 102 270 440 117 195 411 153 102 2
99 100 134 159 100 154 220 102 139 254 116 99 3
106 104 107 107 100 103 108 98 107 107 101 101 4
102 101 110 114 102 106 115 104 160 254 113 106 5
110 100 109 113 102 109 115 105 145 222 114 105 6
101 100 100 102 102 101 108 101 104 99 103 102 7
102 101 109 113 104 105 109 102 107 105 105 98 8
101 97 104 106 104 103 107 103 100 100 101 101 9
99 97 98 102 103 99 102 98 106 95 101 98 10
99 94 102 98 98 99 105 102 97 101 100 15000 11
Chip#1
99 100 102 107 101 101 106 103 99 99 101 101 0
98 102 115 123 101 114 132 102 104 125 102 96 1
98 102 241 298 98 264 442 115 189 407 134 98 2
110 106 132 159 98 158 224 101 142 254 119 108 3
104 100 94 103 97 101 104 104 103 103 95 100 4
106 102 106 115 103 106 114 108 159 263 116 104 5
105 104 111 110 104 112 114 111 144 206 107 104 6
99 96 100 98 97 99 104 97 100 97 93 95 7
102 102 113 107 101 110 109 97 107 101 101 102 8
96 102 100 102 96 101 105 97 99 99 95 96 9
102 97 102 99 98 100 106 95 99 101 100 98 10
101 99 102 99 102 101 100 98 100 101 101 15000 11
Chip#1
106 105 103 102 104 105 107 104 102 101 109 106 0
102 94 115 121 98 112 135 104 102 130 107 101 1
108 102 262 329 108 292 493 126 210 462 153 104 2
104 100 136 160 100 159 240 105 147 263 114 100 3
104 106 105 106 103 107 109 103 109 108 105 107 4
106 105 107 112 100 105 119 103 168 263 116 104 5
98 102 102 101 98 106 105 102 138 222 107 96 6
104 101 99 101 100 104 112 101 104 97 101 101 7
104 104 111 113 100 112 113 104 106 104 105 104 8
96 95 102 103 93 105 107 97 98 92 96 99 9
97 99 99 101 96 98 104 102 102 101 98 100 10
97 95 94 90 91 89 100 97 92 92 95 15000 11
