42.5
42.5
42.5
42.4375
42.5
42.5
42.4375
42.4375
42.4375
42.4375
42.4375
42.4375
42.4375
42.4375
42.4375
42.4375
42.4375
42.4375
42.4375
42.4375
42.375
42.4375
42.375
42.375
42.375
42.375
42.375
42.375
42.375
42.375
42.375
42.375
42.375
42.3125
42.3125
42.3125
42.3125
42.3125
42.3125
42.3125
42.3125
42.3125
42.3125
42.3125
42.3125
42.3125
42.3125
42.3125
49.25
58
66.6875
77.5
87.5625
94.5
103.125
105.6875
104.6875
103.25
100.625
99
98.4375
97.625
95.625
93.625
93.75
95
95.25
94.625
94
94.25
94.75
94.5625
94
93.9375
94.5
94.5
94.0625
94.125
94.5625
94.5
94.125
94.3125
94.5625
94.3125
93.375
90.125
85.5
82.125
77.6875
74.4375
70.4375
67.5
63.75
61.125
57.75
55.375
52.3125
50.125
46.5
45.625
45.5625
45.625
45.75
45.875
46
48.125
52.125
52.6875
52.75
52.6875
52.625
52.5
52.375
52.25
52.0625
51.9375
51.8125
55.75
63.8125
72.25
82.875
88.0625
83.5
82.125
81
80
78.9375
77.9375
76.9375
76.3125
75.3125
74.875
75.5
76.0625
75.625
75.1875
75.5625
77.9375
84.3125
91.25
98
106.0625
107.125
105.9375
103.4375
101.875
100.25
98.6875
96.0625
94.5
93
93.625
94.8125
94.1875
93.5
94.0625
94.5625
94.125
93.75
91.625
87.1875
83.75
80.5
75.25
72.1875
68.375
65.625
61.25
58.8125
56.4375
54.1875
51.3125
48.4375
45.875
45.6875
45.875
46
46.1875
46.3125
47.125
50.4375
52.5625
52.8125
52.875
52.875
52.875
52.8125
52.75
52.6875
52.5625
52.4375
53.75
63.75
72.1875
85.4375
85.5625
84.5
82.8125
81.75
80.375
79.375
78.125
77.125
75.9375
75
75
75.8125
75.4375
74
70.4375
67.6875
64.125
61.5625
59.0625
56.6875
54.375
51.5
49.4375
46.625
45.6875
45.75
45.875
46.0625
46.1875
46.3125
48.125
52
52.6875
52.75
52.75
52.75
52.6875
52.625
52.625
52.5
52.4375
52.375
52.25
