Chip#1
99 97 98 95 102 99 102 98 98 93 95 99 0 165 121 52 23
105 102 103 98 105 108 108 100 108 104 103 101 1 0 0 0 0
108 106 106 96 105 101 105 103 102 105 100 101 2 0 0 0 0
101 100 99 98 100 97 102 101 99 99 96 95 3 0 0 0 0
102 97 99 100 107 101 109 100 104 104 101 101 4 0 0 0 0
103 107 137 136 108 140 166 109 108 104 102 102 5 0 0 0 0
95 96 108 106 97 114 128 100 100 89 91 93 6 0 0 0 0
106 109 109 108 107 105 107 102 111 103 100 105 7 0 0 0 0
95 95 137 136 94 111 120 95 99 91 91 93 8 0 0 0 0
102 101 130 121 100 121 128 104 100 99 101 104 9 0 0 0 0
102 104 102 101 100 100 104 105 108 101 101 100 10 0 0 0 0
99 102 99 97 101 94 102 97 99 97 97 15000 11 0 0 0 0
