Chip#1
102 102 103 98 102 101 107 103 102 100 103 101 0
104 102 102 106 107 106 107 102 101 100 107 104 1
106 102 105 103 102 105 111 102 107 97 101 102 2
103 107 106 103 102 106 108 102 106 100 106 100 3
105 107 105 108 105 106 113 110 107 107 108 105 4
92 95 121 125 97 122 154 96 97 91 91 88 5
102 101 112 112 105 120 133 100 102 97 98 101 6
101 100 102 102 104 98 104 97 103 89 98 93 7
102 105 147 142 102 120 127 98 100 92 101 100 8
96 94 120 114 94 110 121 93 94 84 90 94 9
101 106 102 103 100 101 113 102 102 101 100 99 10
103 97 100 103 100 103 107 100 101 99 103 15000 11
Chip#1
98 102 97 101 97 100 106 101 100 97 101 98 0
101 99 103 104 102 99 106 102 98 95 98 99 1
99 105 98 103 101 100 106 103 103 93 97 95 2
101 97 96 97 97 97 98 98 100 91 97 92 3
101 101 95 103 98 99 108 102 97 97 100 98 4
98 99 128 133 101 130 157 104 101 96 100 95 5
101 102 109 114 102 121 134 103 106 93 97 99 6
99 100 100 106 98 100 106 104 104 92 97 94 7
95 102 139 140 95 116 120 100 99 88 95 92 8
99 97 125 123 100 120 128 102 106 93 98 98 9
102 105 102 104 101 105 106 104 103 92 100 104 10
105 99 98 99 98 104 107 103 102 101 98 15000 11
Chip#1
102 101 99 103 102 99 106 98 102 92 97 95 0
97 93 96 98 97 97 101 96 99 95 98 95 1
103 102 98 113 100 104 108 103 103 101 98 96 2
110 109 108 110 107 107 115 108 108 113 111 101 3
96 90 93 96 96 94 97 94 93 87 90 89 4
97 89 149 147 97 159 207 96 100 92 91 93 5
99 102 121 126 101 134 159 102 104 95 101 96 6
101 100 99 103 103 104 108 96 106 93 101 95 7
99 99 177 177 98 135 144 98 102 95 98 96 8
102 101 147 142 101 139 145 100 104 93 103 99 9
101 97 96 100 95 98 105 93 97 91 98 96 10
104 102 98 98 100 100 108 100 102 96 101 15000 11
Chip#1
101 105 97 101 97 104 106 101 103 93 98 95 0
99 99 98 101 101 100 105 102 98 95 101 96 1
105 105 105 110 103 106 115 103 104 107 102 95 2
105 109 104 108 104 107 112 103 111 109 105 101 3
105 99 103 109 98 107 113 101 100 93 101 99 4
98 100 309 310 96 339 528 113 106 108 100 95 5
105 104 179 188 104 227 328 108 108 104 102 98 6
104 104 106 114 101 105 111 105 103 90 103 95 7
97 101 416 392 103 234 264 102 102 96 98 98 8
102 101 288 254 95 228 261 101 102 95 101 96 9
104 105 100 106 97 103 108 102 101 95 102 95 10
108 109 100 108 102 103 107 98 101 99 103 15000 11
Chip#1
97 94 94 101 91 97 101 100 100 93 100 95 0
98 94 93 96 95 98 96 94 97 92 94 83 1
99 96 98 107 96 103 117 101 103 112 98 94 2
99 96 99 102 96 99 102 101 106 104 100 94 3
103 97 106 107 102 106 120 102 102 96 102 95 4
102 102 360 362 100 400 627 113 102 109 101 96 5
112 104 208 212 107 259 386 113 113 111 103 100 6
97 95 103 109 100 101 104 98 102 90 97 94 7
99 93 474 450 91 257 297 100 96 90 95 92 8
101 100 329 290 100 259 297 100 97 88 97 96 9
98 96 98 98 101 97 105 102 98 92 95 96 10
104 104 100 98 97 100 102 100 99 91 98 15000 11
Chip#1
102 99 97 99 94 99 102 98 98 92 100 94 0
101 100 95 102 102 103 108 103 104 96 102 96 1
102 99 107 113 102 108 121 105 107 121 102 99 2
103 101 105 107 104 104 109 105 104 108 103 101 3
103 104 106 113 98 107 121 101 100 100 98 99 4
103 104 390 385 105 426 677 116 108 111 98 98 5
102 102 209 215 102 269 406 105 102 104 97 94 6
97 94 106 107 93 99 104 93 98 88 95 85 7
106 106 523 498 107 281 323 105 107 101 103 100 8
106 105 362 317 104 286 321 103 107 103 105 105 9
109 105 102 106 102 101 111 103 102 96 101 101 10
108 104 98 103 98 101 106 101 102 100 102 15000 11
Chip#1
101 99 98 102 97 100 106 97 100 92 97 95 0
104 101 103 103 100 101 109 103 106 101 103 102 1
95 96 100 110 96 105 116 95 102 108 95 93 2
101 100 97 104 95 105 112 101 103 104 101 95 3
109 100 117 119 105 114 127 101 106 103 105 99 4
104 100 417 408 108 457 731 116 108 109 101 94 5
103 101 220 219 103 285 435 112 106 108 102 96 6
105 104 116 113 103 105 108 102 109 97 101 96 7
95 97 557 519 96 293 334 97 96 87 95 93 8
99 100 378 332 98 294 333 100 101 93 98 98 9
102 109 104 107 103 105 111 108 102 95 105 99 10
106 100 95 98 98 98 102 98 101 92 100 15000 11
