Chip#1
159 145 135 140 137 138 141 145 138 138 133 137 0
159 140 152 158 140 139 141 138 144 138 135 139 1
138 141 138 144 139 141 132 138 143 139 141 135 2
133 136 134 174 142 139 132 139 165 133 132 130 3
159 137 138 202 164 141 132 159 206 148 133 134 4
126 135 124 124 127 123 132 125 135 125 120 123 5
136 135 129 142 137 140 132 138 137 135 135 130 6
159 139 133 139 137 139 132 137 125 132 138 132 7
159 139 152 200 168 139 141 154 188 142 133 132 8
159 140 152 196 170 146 141 155 199 149 138 134 9
159 136 137 142 137 138 141 143 142 138 134 130 10
159 149 152 158 143 149 141 149 148 142 139 15000 11
Chip#2
133 135 124 125 145 135 136 134 137 134 137 131 0
134 135 124 123 132 130 133 133 133 124 133 128 1
134 135 127 128 136 131 137 135 137 132 135 132 2
124 128 123 126 145 127 129 135 137 127 127 123 3
128 128 119 123 132 127 131 134 137 126 130 128 4
133 134 127 125 135 135 134 130 133 126 131 130 5
130 128 121 120 131 127 134 133 127 127 127 126 6
134 134 123 125 137 135 136 134 142 127 130 128 7
125 130 121 126 145 125 130 131 139 124 128 123 8
133 134 127 128 145 131 137 131 133 130 127 126 9
135 135 128 127 145 136 131 138 133 126 134 131 10
134 134 125 124 139 135 129 125 136 128 128 15000 11
Chip#3
138 139 130 131 135 139 138 134 132 137 134 135 0
131 136 128 128 137 133 133 128 125 127 135 128 1
133 136 132 135 133 135 135 131 126 133 136 129 2
130 135 127 133 133 136 135 129 128 131 135 133 3
138 144 135 136 133 139 140 136 134 142 141 139 4
130 137 130 130 132 137 136 133 127 135 136 134 5
130 135 130 126 131 135 133 127 126 129 134 127 6
128 136 132 132 137 132 135 130 130 128 136 130 7
135 141 132 139 145 141 141 138 137 142 143 135 8
134 141 133 132 165 141 136 136 131 138 138 130 9
130 141 132 134 140 141 139 134 131 136 139 134 10
138 139 134 132 165 141 141 136 133 136 136 15000 11
Chip#4
137 133 131 129 124 146 130 131 136 132 132 135 0
128 124 122 118 121 136 126 123 127 121 120 124 1
133 129 127 123 120 137 131 135 126 132 127 131 2
136 134 131 131 129 147 135 137 137 129 137 134 3
134 134 127 131 131 144 130 136 136 132 138 131 4
136 129 131 130 128 139 135 134 136 128 132 134 5
143 134 133 133 129 143 131 141 142 130 128 134 6
136 129 128 126 126 142 129 130 137 132 132 137 7
137 135 135 132 132 143 133 138 136 132 129 133 8
134 129 127 126 126 142 129 134 135 128 133 127 9
139 130 129 126 128 142 133 131 142 132 134 133 10
138 129 131 136 128 142 131 134 136 133 139 15000 11
Chip#1
159 144 152 158 142 134 141 146 143 137 138 135 0
159 142 152 158 140 138 141 145 142 135 135 133 1
131 130 135 131 132 135 132 139 125 130 134 127 2
159 140 139 170 147 137 132 142 170 135 132 132 3
127 130 130 195 155 132 132 150 198 142 130 126 4
159 137 152 139 140 135 141 142 147 134 129 134 5
159 145 152 158 140 143 141 147 145 138 138 135 6
159 140 142 136 131 136 132 138 142 130 132 157 7
159 136 152 199 163 132 141 149 189 140 132 130 8
159 137 137 189 160 133 141 152 190 140 133 132 9
159 142 152 146 140 141 141 143 143 137 137 130 10
159 141 134 135 134 134 141 138 142 132 133 15000 11
Chip#2
127 127 120 119 127 126 123 130 126 119 127 123 0
125 131 119 117 125 126 127 128 126 122 125 119 1
128 132 120 121 127 126 129 129 127 128 128 122 2
134 138 128 133 137 135 137 142 140 131 131 128 3
134 138 132 133 145 137 137 134 139 131 137 127 4
137 138 129 129 145 134 140 134 136 132 135 131 5
127 134 125 120 128 128 131 132 132 126 129 121 6
127 138 124 124 145 129 129 130 135 122 128 121 7
127 134 124 128 132 130 134 132 136 126 129 126 8
134 135 128 124 145 129 133 133 133 131 132 126 9
121 131 117 120 123 123 127 126 122 119 125 114 10
138 142 131 130 145 134 136 133 133 131 134 15000 11
Chip#3
128 130 126 125 133 131 132 128 125 130 131 127 0
128 136 127 126 132 132 130 124 127 130 131 125 1
123 130 130 123 125 128 124 120 121 124 125 125 2
128 134 132 135 139 141 138 131 130 135 136 135 3
124 128 126 123 130 130 129 124 125 130 126 127 4
129 134 127 129 129 130 130 125 124 130 131 129 5
128 134 129 124 133 130 130 128 124 131 130 123 6
130 135 131 130 137 140 136 130 130 135 133 133 7
130 131 129 130 135 133 130 125 126 135 130 130 8
128 135 132 134 133 134 132 128 130 132 133 128 9
135 136 134 135 142 141 133 131 132 135 138 132 10
132 138 135 132 139 138 134 130 131 133 134 15000 11
Chip#4
131 124 122 126 124 134 125 126 131 123 134 126 0
125 120 121 120 118 125 122 129 122 121 123 120 1
123 121 118 123 120 133 123 126 129 120 125 122 2
126 123 122 125 122 132 124 123 130 123 131 122 3
132 126 125 124 125 142 124 127 133 122 131 123 4
121 121 115 124 116 127 122 123 121 117 121 115 5
125 120 118 122 116 134 123 126 123 120 123 122 6
126 121 121 123 121 129 125 123 125 122 127 117 7
127 121 118 120 117 122 118 119 121 119 119 114 8
128 123 122 129 124 133 125 128 132 123 134 122 9
127 126 116 124 120 133 125 128 125 123 125 122 10
139 133 129 132 127 137 130 129 136 133 134 15000 11
Chip#1
159 142 138 138 134 133 141 143 143 132 134 132 0
131 136 133 134 137 133 132 139 141 127 130 130 1
159 141 152 135 136 138 141 146 146 135 140 138 2
159 136 137 174 144 139 141 141 168 137 134 132 3
159 136 138 199 159 136 132 156 204 148 134 134 4
136 140 141 143 137 135 132 147 151 135 135 136 5
127 139 129 132 133 131 132 143 142 129 126 130 6
159 141 152 158 139 143 141 146 144 133 134 134 7
136 139 138 197 164 135 132 155 194 144 135 130 8
134 140 139 195 161 139 132 159 196 144 135 132 9
159 137 133 136 134 137 132 141 143 126 128 157 10
159 143 152 158 138 143 141 145 148 139 138 15000 11
Chip#2
128 130 120 119 128 127 127 129 126 124 128 119 0
128 135 128 120 145 130 134 130 135 126 130 126 1
128 127 116 117 124 122 127 129 126 122 125 123 2
134 134 129 129 145 133 133 137 140 130 133 132 3
125 135 121 121 131 129 125 127 132 124 127 125 4
131 131 124 121 131 130 129 129 132 127 134 127 5
131 134 128 124 133 130 133 131 132 130 135 126 6
135 135 127 126 129 134 134 134 139 132 134 127 7
130 137 127 126 132 130 129 130 142 128 133 125 8
135 135 129 125 145 134 130 134 137 127 137 126 9
137 144 131 126 145 138 138 137 137 132 137 128 10
138 139 129 126 145 133 137 135 137 132 135 15000 11
Chip#3
123 130 122 120 125 124 125 125 119 122 126 128 0
128 132 130 124 130 133 127 127 123 131 130 129 1
125 128 123 124 125 130 128 125 125 129 129 123 2
130 131 129 128 135 130 129 127 130 130 130 130 3
133 136 131 133 139 138 138 131 128 135 131 134 4
127 136 131 130 133 132 134 135 125 135 133 129 5
125 134 128 123 129 132 129 124 121 129 131 132 6
129 135 128 124 133 135 127 131 124 132 129 132 7
131 131 130 134 139 133 133 131 136 131 138 133 8
129 134 131 128 138 132 129 133 130 131 135 133 9
130 132 130 123 133 132 130 125 126 130 134 130 10
132 140 133 131 138 137 134 131 130 136 134 15000 11
Chip#4
120 120 112 116 114 124 115 119 120 116 119 116 0
126 122 121 124 120 130 124 163 130 127 129 122 1
127 124 125 126 120 133 124 126 126 125 128 127 2
128 122 120 125 120 132 125 127 129 123 127 124 3
123 124 124 119 119 132 125 125 129 123 127 121 4
121 119 124 120 119 128 123 124 122 121 123 116 5
121 121 116 123 117 127 122 123 125 121 125 120 6
126 122 121 122 120 130 120 123 126 123 126 120 7
128 123 122 124 119 127 125 126 131 122 125 123 8
132 129 129 129 127 138 130 136 131 127 136 124 9
127 126 124 124 120 132 125 128 127 119 129 122 10
134 131 126 123 124 133 126 126 131 126 129 15000 11
Chip#1
132 139 137 139 135 135 132 138 144 135 134 131 0
137 140 141 140 142 139 132 143 147 140 134 135 1
159 141 143 139 143 142 132 145 147 140 142 137 2
159 145 152 174 148 143 141 152 177 142 144 138 3
139 146 142 205 166 143 132 163 210 156 141 140 4
159 140 137 143 142 137 141 141 146 135 137 137 5
138 144 139 142 143 144 141 146 148 138 143 134 6
159 142 139 144 142 142 132 143 143 137 137 135 7
159 142 144 203 169 141 141 158 199 150 134 135 8
175 148 152 197 171 146 141 158 204 151 142 135 9
159 150 152 158 150 150 141 149 150 145 146 143 10
159 154 142 158 144 143 141 147 149 143 138 15000 11
Chip#2
128 135 125 127 132 129 131 130 123 124 133 126 0
127 131 123 121 125 128 130 130 127 123 125 121 1
130 135 123 126 127 130 131 134 130 130 132 125 2
132 135 125 128 131 133 126 135 132 127 133 125 3
128 137 123 128 128 130 133 133 133 124 134 126 4
130 137 128 128 132 138 136 131 137 132 137 127 5
133 137 129 127 145 134 138 137 136 132 134 131 6
130 141 124 128 129 133 134 135 133 130 133 123 7
127 132 125 126 132 129 129 131 137 128 124 119 8
133 132 124 125 145 133 134 133 132 127 131 121 9
140 148 133 131 145 144 140 141 142 135 140 131 10
138 142 133 125 145 140 137 142 142 132 135 15000 11
Chip#3
128 128 128 125 130 133 128 128 123 130 130 125 0
134 140 132 131 137 138 135 134 133 136 138 129 1
131 132 130 126 132 135 134 127 127 131 136 132 2
126 126 124 124 134 131 133 127 121 131 129 128 3
130 132 127 128 133 131 134 130 126 131 135 126 4
126 132 124 125 132 134 130 128 124 131 129 126 5
132 136 127 130 131 132 130 127 123 129 129 126 6
132 139 131 125 137 135 135 130 126 133 134 132 7
129 132 124 124 134 135 130 130 127 133 130 126 8
128 132 124 125 128 132 130 130 125 131 130 128 9
131 137 130 125 138 137 130 129 128 129 131 128 10
136 136 135 130 140 140 138 133 132 133 138 15000 11
Chip#4
119 113 109 118 112 121 118 117 119 114 118 114 0
121 121 120 120 118 130 124 124 123 124 123 120 1
122 114 119 124 112 124 113 124 120 115 118 117 2
120 116 116 118 114 122 118 122 119 115 119 120 3
121 115 115 120 116 123 117 120 119 116 122 115 4
121 118 115 122 116 121 124 118 126 119 118 116 5
127 118 119 122 112 128 118 124 119 121 124 122 6
125 119 120 123 119 128 120 118 125 121 128 124 7
130 122 131 127 122 130 125 127 131 129 128 127 8
125 116 120 120 115 127 119 120 125 119 125 117 9
130 123 124 126 121 130 125 130 130 121 128 124 10
127 129 125 134 122 133 126 127 130 126 132 15000 11
