Chip#1
97 94 103 94 96 99 101 96 100 96 96 96 0 222 124 49 23
97 100 107 105 106 103 110 106 104 103 99 101 1 0 0 0 0
99 95 102 100 107 106 109 102 100 96 101 99 2 0 0 0 0
104 93 111 101 105 104 101 99 100 99 96 101 3 0 0 0 0
99 91 100 106 101 104 121 112 100 96 95 96 4 0 0 0 0
105 100 107 106 108 107 122 120 104 99 104 101 5 0 0 0 0
97 91 105 100 99 100 102 95 97 95 95 98 6 0 0 0 0
108 102 110 106 108 108 109 102 112 121 117 103 7 0 0 0 0
132 107 111 112 108 111 110 104 110 123 131 107 8 0 0 0 0
97 91 105 101 97 99 101 90 95 100 100 96 9 0 0 0 0
132 98 109 101 100 104 104 97 103 117 131 101 10 0 0 0 0
132 100 107 101 101 104 104 96 103 117 131 15000 11 0 0 0 0
Chip#2
82 104 101 102 98 96 95 97 95 105 103 103 0 153 123 39 23
78 99 97 92 96 96 100 101 95 100 95 102 1 0 0 0 0
112 101 98 95 98 100 107 107 95 100 98 98 2 0 0 0 0
112 102 104 102 99 103 101 100 95 106 106 109 3 0 0 0 0
128 103 100 94 100 104 127 122 96 108 100 104 4 0 0 0 0
112 105 108 102 106 106 137 138 96 109 105 108 5 0 0 0 0
112 106 101 104 99 102 98 98 95 108 103 109 6 0 0 0 0
78 99 97 94 96 92 94 92 95 126 125 94 7 0 0 0 0
112 103 103 95 99 97 97 93 95 119 114 103 8 0 0 0 0
112 101 102 97 100 103 98 99 95 108 105 103 9 0 0 0 0
112 104 104 99 100 98 97 95 95 142 129 102 10 0 0 0 0
112 106 106 95 101 105 101 98 95 118 119 15000 11 0 0 0 0
