24.875
26
26.5625
27.1875
27.75
28.25
29.3125
29.8125
30.3125
30.8125
31.75
32.1875
32.625
33.0625
33.5
34.3125
34.75
35.1875
35.5625
36.375
36.75
37.125
37.5625
37.9375
38.6875
39.0625
39.4375
39.8125
40.5625
40.9375
41.3125
41.6875
42
42.75
43.0625
43.4375
43.8125
44.125
44.8125
45.1875
45.5
45.875
46.1875
46.875
47.1875
47.5
47.8125
48.5
48.8125
49.125
49.5
50.125
50.4375
50.75
51.0625
51.375
52
52.3125
52.9375
53.25
53.5625
53.875
54.5
54.75
55.0625
55.6875
56
56.25
56.5625
56.875
57.4375
57.75
58
58.3125
58.875
59.1875
59.4375
59.75
60.3125
60.5625
60.875
61.125
61.375
61.9375
62.1875
62.75
63
63.25
63.5625
64.0625
64.3125
64.625
65.125
65.375
65.875
66.125
66.375
66.625
66.875
67.375
67.625
67.875
68.125
68.625
69.125
69.375
69.625
69.875
70.0625
70.5625
70.8125
71.3125
71.5
71.75
72.25
72.4375
72.6875
72.9375
73.375
73.625
73.8125
74.25
74.75
74.9375
75.1875
75.375
75.875
76.0625
76.25
76.5
76.9375
77.1875
77.375
77.5625
77.8125
78.25
78.4375
78.6875
79.0625
79.3125
79.5
79.9375
80.125
80.5625
80.75
81.1875
81.375
81.5625
82
82.1875
82.5625
82.75
82.9375
83.125
83.3125
83.6875
83.875
84.0625
84.25
84.6875
84.875
85.0625
85.25
85.625
85.8125
86.1875
86.375
86.5625
86.75
87.125
87.3125
87.625
87.8125
87.9375
88.125
88.25
88.625
88.8125
89
89.375
89.5
89.75
89.875
90.25
90.4375
90.625
90.75
91.125
91.3125
91.5
91.6875
91.8125
92.0625
92.25
92.375
92.6875
92.875
93.0625
93.375
93.5625
93.6875
93.875
94
94.375
94.6875
94.875
95
95.1875
95.5
95.8125
96
96.125
96.25
96.375
96.6875
96.8125
97
97.1875
97.3125
97.5625
97.8125
97.9375
98.0625
98.375
98.5625
98.6875
98.8125
99.0625
99.1875
99.375
99.5
99.875
100
100.125
100.4375
100.5625
100.6875
100.8125
101.0625
101.25
101.375
101.5
101.6875
101.9375
102.1875
102.375
102.8125
102.9375
103.0625
103.1875
103.4375
103.625
103.75
103.8125
104.0625
104.1875
104.3125
104.4375
104.5
104.6875
104.8125
104.875
105
105.25
105.3125
105.375
105.5
105.6875
105.8125
105.9375
106.0625
106.375
106.5
106.5625
106.6875
106.875
107.0625
107.1875
107.3125
107.5
107.625
107.875
108
108.0625
108.1875
108.1875
107.875
107.5
107.1875
107.1875
107.375
107.5625
107.6875
107.875
108.25
108.375
108.375
108.125
107.8125
107.1875
107.125
107.25
107.375
107.6875
107.875
108.0625
108.1875
107.9375
107.5625
107.3125
107.3125
107.5625
107.75
107.9375
108.125
108.0625
107.8125
107.5
107.3125
107.5625
107.6875
107.9375
108.125
108
107.75
107.8125
107.4375
107.9375
107.4375
107.125
108.0625
106.8125
107.875
106.9375
107.625
107.3125
107.1875
107.875
106.8125
107.6875
106.8125
107.6875
106.8125
107.5625
106.75
107.3125
106.8125
107.375
106.4375
106.8125
106.9375
107.25
106.5625
107.1875
106.375
107.375
106.1875
107
106.8125
106.4375
107.25
106.25
106.875
106.5625
106.75
106.25
106.8125
106.75
106.4375
106.6875
106.625
106.125
106.875
106.375
106.5625
106.375
106.5
106.375
106.625
106.4375
106.5625
106.125
106.375
106.4375
106.1875
106.5
105.75
104.5625
103.625
105
106.375
106.0625
106.25
105.75
104.0625
106.5
104.9375
103.75
105.25
106.625
105.3125
104.3125
103.9375
105.4375
106.6875
105.75
106.5625
105.6875
106.625
105.75
106.4375
105
103.9375
104.375
105.9375
106.0625
104.8125
103.6875
104.6875
106.125
106.0625
104.75
103.6875
104.875
106.3125
105.75
104.5
103.625
104.6875
106.4375
105.8125
104.5625
103.5625
105.1875
106.25
105
103.6875
104.625
106.3125
105.5
104.0625
104
105.5
106.25
105
103.625
105
106.4375
105.625
104.625
103.8125
105.5625
106.375
105.0625
104
104.375
106.4375
105.875
104.625
103.5625
105
106.4375
105.875
104.625
103.5625
105
106.6875
105.6875
104.4375
103.5625
105
106.6875
105.75
104.3125
103.8125
105.375
106.4375
105.1875
103.875
104.625
106.4375
105.875
104.6875
103.6875
105.375
106.75
105.5
104.375
103.9375
105.8125
106.1875
104.9375
103.875
104.8125
106.375
105.125
104.0625
104.5
106.0625
105.8125
104.625
103.625
105.1875
106.375
105.3125
104.1875
104.5625
106.125
106.125
104.6875
103.6875
105.125
106.4375
105.1875
104.0625
104.875
106.375
105.4375
104.3125
104.3125
105.875
105.9375
104.5
103.8125
105.625
106.5
105.3125
104.25
104.3125
106.25
105.9375
104.8125
103.8125
105.0625
106.5
105.3125
103.6875
104.75
106.375
105.25
104
104.25
105.875
106
104.625
103.75
105.25
106.75
105.5625
104.3125
104.375
104.5625
104.375
103.9375
103.75
103.625
103.375
103.0625
102.875
102.5625
102.4375
102.25
102.125
101.8125
101.6875
101.5
101.375
101.125
100.9375
100.8125
100.6875
100.4375
100.3125
100.1875
100
99.8125
99.6875
99.5625
99.25
99.1875
99
98.875
98.6875
98.5625
98.4375
98.3125
98.0625
97.9375
97.8125
97.625
97.5
97.375
97.25
97
96.9375
96.8125
96.6875
96.4375
96.375
96.25
96.125
95.9375
95.8125
95.6875
95.625
95.375
95.25
95.1875
95.0625
94.8125
94.75
94.625
94.5625
94.3125
94.25
94.125
94
93.8125
93.6875
93.625
93.5
93.3125
93.1875
93.125
92.9375
92.8125
92.75
92.625
92.4375
92.3125
92.125
92.0625
91.9375
91.75
91.6875
91.5625
91.375
91.3125
91.1875
91.0625
90.9375
90.875
90.75
90.6875
90.5
90.375
90.3125
90.1875
90.0625
89.9375
89.875
89.6875
89.625
89.5
89.375
89.25
89.1875
89
88.9375
88.875
88.75
88.5625
88.5
88.4375
88.3125
88.1875
88.125
88
87.9375
87.75
87.625
87.5
87.4375
87.375
87.25
87.0625
87
86.875
86.8125
86.6875
86.5625
86.5
86.4375
86.3125
86.1875
86.125
86
85.875
85.8125
85.75
85.625
85.5625
85.4375
85.3125
85.25
85.0625
84.9375
84.875
84.8125
84.6875
84.5
84.4375
84.375
84.3125
84.1875
84
83.9375
83.875
83.75
83.6875
83.5625
83.4375
83.375
83.3125
83.1875
83.125
82.9375
82.9375
82.8125
82.6875
82.5625
82.5
82.4375
82.375
82.25
82.1875
82.125
82
81.8125
81.75
81.625
81.5625
81.5
81.375
81.3125
81.25
81.125
81.0625
80.9375
80.875
80.8125
80.75
80.625
80.5625
80.5
80.4375
80.3125
80.25
80.1875
80.1875
80
79.9375
79.875
79.75
79.6875
79.6875
79.5625
79.4375
79.4375
79.3125
79.1875
79.125
79.0625
78.9375
78.875
78.8125
78.6875
78.6875
78.5625
78.5
78.375
78.3125
78.25
78.1875
78.0625
78
78
77.875
77.8125
77.75
77.6875
77.5625
77.5
77.4375
77.375
77.3125
77.25
77.1875
77.0625
77
76.9375
76.875
76.8125
76.6875
76.6875
76.5625
76.5
76.4375
76.375
76.25
76.25
76.1875
76.0625
76
75.9375
75.9375
75.8125
75.75
75.6875
75.625
75.5625
75.5
75.375
75.375
75.25
75.1875
75.125
75
74.9375
74.875
74.875
74.8125
74.6875
74.625
74.5625
74.5
74.4375
74.375
74.375
74.25
74.1875
74.1875
74.125
73.9375
73.9375
73.875
73.75
73.75
73.6875
73.625
73.5625
73.5
73.4375
73.375
73.3125
73.25
73.25
73.1875
73.0625
73
72.9375
72.875
72.8125
72.75
72.6875
72.625
72.5625
72.5
72.4375
72.375
72.3125
72.25
72.1875
72.125
72.0625
72
71.9375
71.875
71.8125
71.75
71.6875
71.6875
71.5625
71.5
71.4375
71.375
71.3125
71.25
71.1875
71.125
71.0625
71
70.9375
70.875
70.8125
70.75
70.6875
70.5625
70.5625
70.3125
70.1875
70.125
70.125
70
69.9375
69.9375
69.875
69.8125
69.75
69.6875
69.6875
69.5625
69.5
69.4375
69.375
69.3125
69.3125
69.25
69.1875
69.125
69.0625
69
68.9375
68.875
68.875
68.8125
68.75
68.6875
68.625
68.5625
68.5
68.4375
68.4375
68.375
68.3125
68.25
68.1875
68.1875
68.0625
68.0625
68
67.9375
67.875
67.875
67.8125
67.75
67.6875
67.6875
67.625
67.5625
67.5
67.4375
67.4375
67.375
67.375
67.3125
67.25
67.1875
67.1875
67.125
67.0625
67
66.9375
66.9375
66.875
66.8125
66.75
66.75
66.6875
66.625
66.5625
66.5
66.5
66.4375
66.375
66.375
66.3125
66.25
66.25
66.125
66.125
66
65.9375
65.875
65.8125
65.8125
65.75
65.6875
65.625
65.625
65.5625
65.5
65.5
65.375
65.375
65.3125
65.3125
65.25
65.25
65.1875
65.0625
65
64.9375
64.875
64.8125
64.75
64.6875
64.625
64.625
64.5
64.4375
64.375
64.375
64.3125
64.25
64.1875
64.1875
64.125
64.0625
64.0625
64
63.9375
63.875
63.8125
63.75
63.6875
63.6875
63.5625
63.5625
63.5
63.375
63.375
63.3125
63.25
63.25
63.1875
63.1875
63.125
63.0625
63
63
62.9375
62.875
62.8125
62.75
62.6875
62.625
62.5625
62.5
62.5
62.4375
62.375
62.3125
62.25
62.1875
62.125
62.125
62.0625
62
61.9375
61.875
61.875
61.8125
61.75
61.6875
61.625
61.625
61.5625
61.5
61.5
61.4375
61.375
61.3125
61.25
61.1875
61.1875
61.0625
61
60.9375
60.875
60.875
60.8125
60.75
60.6875
60.6875
60.625
60.5625
60.5625
60.5
60.4375
60.375
60.375
60.3125
60.25
60.25
60.1875
60.125
60.0625
60.0625
60
60
59.9375
59.875
59.8125
59.75
59.75
59.6875
59.625
59.5625
59.5625
59.5
59.4375
59.4375
59.3125
59.3125
59.25
59.1875
59.1875
59.125
59.0625
59
59
58.9375
58.875
58.875
58.8125
58.75
58.5625
58.5625
58.5
58.4375
58.375
58.375
58.3125
58.25
58.1875
58.125
58.125
58.0625
58
58
57.875
57.8125
57.8125
57.75
57.75
57.6875
57.6875
57.5625
57.5625
57.5
57.5
57.4375
57.375
57.1875
57.1875
57.0625
57.0625
57
57
56.9375
56.875
56.875
56.8125
56.75
56.6875
56.625
56.625
56.5625
56.5
56.5
56.4375
56.375
56.375
56.3125
56.25
56.1875
56.1875
56.125
56.0625
56
56
56
55.9375
55.875
55.875
55.8125
55.75
55.625
55.625
55.5625
55.5
55.5
55.4375
55.3125
55.25
55.25
55.1875
55.1875
55.125
55.0625
54.9375
54.9375
54.875
54.8125
54.75
54.6875
54.625
54.5625
54.5
54.5
54.5
54.4375
54.375
54.375
54.3125
54.25
54.1875
54.1875
54.1875
54.125
54.0625
54.0625
54
53.9375
53.9375
53.875
53.8125
53.8125
53.75
53.6875
53.6875
53.625
53.5625
53.5625
53.5
53.5
53.4375
53.4375
53.375
53.3125
53.3125
53.25
53.25
53.25
53.1875
53.0625
53.0625
53
53
52.9375
52.9375
52.9375
52.875
52.8125
52.8125
52.75
52.6875
52.6875
52.625
52.5625
52.5625
52.5
52.5
52.4375
52.4375
52.4375
52.375
52.375
52.3125
52.25
52.25
52.1875
52.1875
52.125
52.125
52.0625
52
52
52
51.9375
51.8125
51.8125
51.8125
51.75
51.75
51.625
51.5625
51.5625
51.5
51.5
51.4375
51.4375
51.4375
51.375
51.3125
51.3125
51.3125
51.25
51.25
51.1875
51.1875
51.125
51.125
51.125
51.0625
51.0625
51
51
50.9375
50.9375
50.9375
50.875
50.875
50.8125
50.8125
50.8125
50.75
50.75
50.6875
50.6875
50.625
50.5625
50.5625
50.5
50.5
50.5
50.4375
50.4375
50.375
50.375
50.375
50.3125
50.3125
50.3125
50.25
50.1875
50.1875
50.1875
50.125
50.0625
50.0625
50.0625
50
50
50
49.9375
49.9375
49.875
49.875
49.8125
49.8125
49.8125
49.75
49.75
49.6875
49.6875
49.625
49.625
49.5625
49.5625
49.5625
49.5625
49.5
49.5
49.4375
49.4375
49.375
49.375
49.3125
49.3125
49.25
49.25
49.25
49.1875
49.1875
49.125
49.125
49.125
49.0625
49.0625
49
49
49
48.9375
48.9375
48.875
48.875
48.8125
48.8125
48.75
48.6875
48.625
48.6875
48.625
48.625
48.5625
48.5625
48.5
48.5
48.5
48.4375
48.4375
48.375
48.375
48.375
48.375
48.3125
48.3125
48.3125
48.25
48.25
48.25
48.1875
48.1875
48.1875
48.1875
48.125
48.0625
48.0625
48
48
48
47.9375
47.9375
47.875
47.875
47.875
47.8125
47.8125
47.8125
47.75
47.75
47.6875
47.6875
47.6875
47.625
47.625
47.625
47.5625
47.5625
47.5
47.5
47.5
47.4375
47.4375
47.4375
47.4375
47.375
47.375
47.375
47.3125
47.3125
47.3125
47.25
47.25
47.25
47.1875
47.1875
47.1875
47.1875
47.125
47.0625
47.0625
47.0625
47
47
47
47
46.9375
46.9375
46.9375
46.9375
46.875
46.875
46.875
46.8125
46.8125
46.75
46.75
46.75
46.6875
46.6875
46.6875
46.625
46.625
46.5625
46.5625
46.5625
46.5625
46.5625
46.5
46.5
46.4375
46.4375
46.4375
46.375
46.375
46.375
46.375
46.3125
46.3125
46.3125
46.3125
46.25
46.25
46.25
46.1875
46.1875
46.125
46.125
46.125
46.0625
46.125
46.0625
46.0625
46.0625
46
46
46
45.9375
45.9375
45.9375
45.9375
45.875
45.875
45.875
45.8125
45.8125
45.8125
45.8125
45.75
45.75
45.75
45.6875
45.6875
45.6875
45.625
45.6875
45.625
45.625
45.5625
45.5625
45.5625
45.5
45.5
45.5
45.5
45.4375
45.4375
45.4375
45.375
45.375
45.375
45.375
45.3125
45.3125
45.3125
45.25
45.25
45.25
45.25
45.1875
45.1875
45.1875
45.1875
45.125
45.125
45.0625
45.0625
45.0625
45.0625
45
45
45
45
44.9375
44.9375
44.9375
44.9375
44.9375
44.875
44.875
44.8125
44.8125
44.8125
44.8125
44.75
44.75
44.75
44.75
44.6875
44.6875
44.6875
44.6875
44.625
44.625
44.625
44.5625
44.5625
44.5625
44.5625
44.5
44.5
44.5
44.5
44.4375
44.4375
44.4375
44.4375
44.375
44.375
44.375
44.375
44.3125
44.3125
44.3125
44.25
44.25
44.25
44.25
44.25
44.25
44.1875
44.1875
44.1875
44.125
44.125
44.125
44.0625
44.0625
44.0625
44.0625
44
44
44
44
43.9375
43.9375
43.9375
43.9375
43.875
43.875
43.875
43.875
43.8125
43.8125
43.8125
43.75
43.75
43.75
43.75
43.75
43.6875
43.6875
43.6875
43.625
43.6875
43.625
43.625
43.625
43.5625
43.5625
43.5625
43.5
43.5
43.5
43.5
43.4375
43.4375
43.4375
43.4375
43.4375
43.375
43.375
43.375
43.3125
43.3125
43.3125
43.3125
43.25
43.25
43.25
43.1875
43.1875
43.25
43.1875
43.1875
43.1875
43.125
43.125
43.125
43.125
43.0625
43.0625
43.0625
43
43
43
43
43
43
42.9375
42.9375
42.9375
42.9375
42.875
42.875
42.875
42.875
42.875
42.8125
42.8125
42.8125
42.8125
42.8125
42.75
42.75
42.75
42.6875
42.6875
42.6875
42.6875
42.6875
42.625
42.625
42.625
42.625
42.625
42.5625
42.5625
42.5625
42.5625
42.5625
42.5
42.5
42.5
42.4375
42.4375
42.4375
42.4375
42.375
42.375
42.375
42.375
42.375
42.3125
42.3125
42.3125
42.3125
42.3125
42.25
42.25
42.25
42.25
42.25
42.1875
42.1875
42.1875
42.1875
42.125
42.125
42.125
42.125
42.0625
42.0625
42.0625
42.0625
42
42
42
42
42
41.9375
41.9375
41.9375
41.9375
41.875
41.875
41.875
41.875
41.875
41.8125
41.8125
41.8125
41.75
41.75
41.75
41.75
41.6875
41.6875
41.6875
41.625
41.625
41.625
41.5625
41.5625
41.5625
41.5625
41.5625
41.5625
41.5
41.5
41.5
41.5
41.4375
41.4375
41.4375
41.4375
41.375
41.375
41.375
41.375
41.375
41.3125
41.3125
41.3125
41.25
41.25
41.25
41.25
41.25
41.25
41.1875
41.1875
41.1875
41.1875
41.1875
41.125
41.125
41.125
41.0625
41.0625
41.0625
41.0625
41.0625
41.0625
41
41
41
41
41
40.9375
41
40.9375
40.9375
40.9375
40.9375
40.875
40.875
40.875
40.875
40.8125
40.8125
40.8125
40.8125
40.8125
40.75
40.75
40.75
40.6875
40.6875
40.625
40.625
40.5625
40.375
40.3125
40.3125
40.3125
40.3125
40.1875
40.1875
40.1875
40.125
40.125
40.125
40.125
40.125
40.125
40.0625
40.0625
40.0625
40.0625
40
40
40
40
40
39.9375
39.9375
39.9375
39.9375
39.9375
39.9375
39.875
39.875
39.875
39.875
39.875
39.8125
39.8125
39.8125
39.8125
39.8125
39.8125
39.75
39.75
39.75
39.75
39.75
39.75
39.6875
39.6875
39.6875
39.6875
39.625
39.625
39.625
39.625
39.625
39.625
39.5625
39.5625
39.5625
39.5625
39.5625
39.5
39.5
39.5
39.5
39.5
39.4375
39.4375
39.4375
39.375
39.375
39.375
39.3125
39.3125
39.3125
39.3125
39.25
39.25
39.25
39.25
39.1875
39.1875
39.1875
39.1875
39.1875
39.125
39.125
39.125
39.125
39.0625
39.0625
39.0625
39.0625
39.0625
39
39
39
39
39
39
38.9375
38.9375
38.9375
38.9375
38.9375
38.875
38.875
38.875
38.8125
38.8125
38.8125
38.8125
38.8125
38.75
38.75
38.75
38.75
38.75
38.6875
38.6875
38.6875
38.6875
38.625
38.625
38.625
38.625
38.625
38.625
38.5625
38.625
38.5625
38.5625
38.5625
38.5625
38.5625
38.5
38.5
38.5
38.5
38.5
38.5
38.5
38.4375
38.4375
38.4375
38.4375
38.4375
38.4375
38.4375
38.375
38.375
38.375
38.375
38.375
38.375
38.3125
38.3125
38.3125
38.3125
38.3125
38.3125
38.25
38.25
38.25
38.25
38.25
38.25
38.25
38.25
38.1875
38.1875
38.1875
38.1875
38.1875
38.125
38.125
38.125
38.125
38.125
38.125
38.0625
38.0625
38.0625
38.0625
38.0625
38.0625
38.0625
38
38
38
38
38
38
38
38
37.9375
37.9375
37.9375
37.9375
37.9375
37.9375
37.875
37.875
37.875
37.875
37.875
37.875
37.875
37.875
37.8125
37.8125
37.8125
37.8125
37.8125
37.8125
37.8125
37.75
37.75
37.75
37.75
37.75
37.75
37.6875
37.6875
37.6875
37.6875
37.6875
37.6875
37.625
37.625
37.625
37.625
37.625
37.625
37.625
37.5625
37.5625
37.5625
37.5625
37.5625
37.5625
37.5625
37.5
37.5
37.5
37.5
37.5
37.5
37.5
37.5
37.4375
37.5
37.4375
37.4375
37.4375
37.4375
37.4375
37.375
37.375
37.375
37.375
37.3125
37.3125
37.375
37.3125
37.3125
37.3125
37.3125
37.3125
37.3125
37.25
37.25
37.25
37.25
37.25
37.25
37.1875
37.1875
37.1875
37.1875
37.1875
37.1875
37.1875
37.125
37.125
37.125
37.125
37.125
37.125
37.125
37.125
37.0625
37.0625
37.0625
37.0625
37.0625
37.0625
37.0625
37
37.0625
37
37
37
37
37
37
37
36.9375
36.9375
36.9375
36.9375
36.9375
36.9375
36.9375
36.9375
36.875
36.875
36.875
36.875
36.875
36.875
36.875
36.875
36.875
36.8125
36.8125
36.8125
36.8125
36.8125
36.75
36.75
36.75
36.75
36.75
36.75
36.75
36.6875
36.6875
36.6875
36.6875
36.6875
36.6875
36.6875
36.625
36.625
36.625
36.625
36.625
36.625
36.625
36.5625
36.625
36.5625
36.5625
36.5625
36.5625
36.5625
36.5
36.5
36.5
36.5
36.5
36.5
36.5
36.5
36.4375
36.4375
36.4375
36.4375
36.4375
36.4375
36.4375
36.4375
36.375
36.375
36.375
36.375
36.375
36.375
36.375
36.375
36.3125
36.3125
36.3125
36.3125
36.3125
36.3125
36.3125
36.3125
36.3125
36.3125
36.3125
36.25
36.25
36.25
36.25
36.25
36.25
36.1875
36.1875
36.1875
36.1875
36.1875
36.1875
36.1875
36.1875
36.1875
36.1875
36.1875
36.125
36.125
36.125
36.125
36.125
36.125
36.125
36.125
36.0625
36.0625
36.0625
36.0625
36.0625
36.0625
36
36
36
36
36
36
36
36
36
36
36
35.9375
35.9375
35.9375
35.9375
35.9375
35.9375
35.9375
35.9375
35.9375
35.9375
35.875
35.875
35.875
35.875
35.875
35.875
35.875
35.875
35.8125
35.8125
35.8125
35.8125
35.8125
35.8125
35.8125
35.8125
35.8125
35.75
35.75
35.8125
35.75
35.75
35.75
35.75
35.75
35.75
35.75
35.75
35.6875
35.6875
35.6875
35.6875
35.6875
35.6875
35.6875
35.625
35.625
35.6875
35.625
35.625
35.625
35.625
35.625
35.625
35.5625
35.5625
35.5625
35.5625
35.5625
35.5625
35.5625
35.5625
35.5625
35.5625
35.5
35.5
35.5
35.5
35.5
35.5
35.5
35.5
35.5
35.5
35.4375
35.4375
35.4375
35.4375
35.4375
35.4375
35.4375
35.4375
35.4375
35.4375
35.375
35.4375
35.375
35.375
35.375
35.375
35.375
35.375
35.375
35.3125
35.375
35.375
35.3125
35.3125
35.3125
35.3125
35.3125
35.3125
35.3125
35.3125
35.3125
35.25
35.3125
35.25
35.25
35.25
35.25
35.25
35.25
35.25
35.25
35.1875
35.1875
35.1875
35.1875
35.1875
35.1875
35.1875
35.1875
35.1875
35.1875
35.125
35.125
35.125
35.125
35.125
35.125
35.125
35.125
35.125
35.125
35.0625
35.0625
35.0625
35.0625
35.0625
35.0625
35.0625
35.0625
35.0625
35.0625
35.0625
35.0625
35
35
35
35
35
35
35
35
35
34.9375
34.9375
34.9375
34.9375
34.9375
34.9375
34.9375
34.9375
34.9375
34.9375
34.9375
34.9375
34.9375
34.875
34.875
34.875
34.875
34.875
34.875
34.875
34.875
34.875
34.875
34.8125
34.875
34.8125
34.8125
34.8125
34.8125
34.8125
34.8125
34.8125
34.8125
34.75
34.75
34.75
34.75
34.75
34.75
34.75
34.75
34.75
34.75
34.75
34.75
34.6875
34.6875
34.6875
34.6875
34.6875
34.6875
34.6875
34.6875
34.6875
34.625
34.6875
34.625
34.625
34.625
34.625
34.625
34.625
34.625
34.625
34.625
34.625
34.625
34.5625
34.5625
34.5625
34.5625
34.5625
34.5625
34.5625
34.5625
34.5625
34.5625
34.5
34.5
34.5
34.5
34.5
34.5
34.5
34.5
34.5
34.5
34.5
34.5
34.4375
34.4375
34.4375
34.4375
34.4375
34.4375
34.4375
34.4375
34.4375
34.4375
34.4375
34.4375
34.375
34.375
34.375
34.375
34.375
34.375
34.375
34.375
34.3125
34.375
34.3125
34.3125
34.3125
34.3125
34.3125
34.3125
34.3125
34.3125
34.25
34.3125
34.25
34.25
34.25
34.25
34.25
34.1875
34.1875
34.1875
34.1875
34.1875
34.1875
34.125
34.1875
34.125
34.125
34.125
34.125
34.125
34.125
34.125
34.125
34.125
34.125
34.125
34.0625
34.125
34.0625
34.0625
34.0625
34.0625
34.0625
34.0625
34.0625
34.0625
34.0625
34.0625
34.0625
34
34
34
34
34
34
34
34
34
34
33.9375
33.9375
33.9375
33.9375
33.9375
33.9375
33.9375
33.9375
33.9375
33.9375
33.9375
33.9375
33.875
33.875
33.875
33.875
33.875
33.875
33.875
33.875
33.875
33.875
33.875
33.8125
33.875
33.8125
33.8125
33.8125
33.8125
33.8125
33.8125
33.8125
33.75
33.75
33.75
33.75
33.75
33.75
33.75
33.75
33.75
33.75
33.6875
33.75
33.6875
33.6875
33.6875
33.6875
33.6875
33.6875
33.6875
33.6875
33.6875
33.6875
33.625
33.625
33.625
33.625
33.625
33.625
33.625
33.625
33.625
33.625
33.625
33.625
33.625
33.5625
33.5625
33.5625
33.5625
33.5625
33.5625
33.5625
33.5625
33.5625
33.5625
33.5625
33.5
33.5
33.5625
33.5
33.5625
33.5
33.5
33.5
33.5
33.5
33.5
33.5
33.5
33.5
33.5
33.4375
33.4375
33.4375
33.4375
33.4375
33.4375
33.4375
33.4375
33.4375
33.4375
33.4375
33.4375
33.4375
33.4375
33.4375
33.4375
33.375
33.375
33.375
33.375
33.375
33.375
33.375
33.375
33.375
33.3125
33.3125
33.3125
33.3125
33.3125
33.3125
33.3125
33.3125
33.3125
33.3125
33.3125
33.3125
33.3125
33.3125
33.3125
33.25
33.25
33.25
33.25
33.25
33.25
33.25
33.25
33.25
33.25
33.25
33.25
33.1875
33.1875
33.1875
33.1875
33.1875
33.1875
33.1875
33.1875
33.1875
33.1875
33.1875
33.125
33.125
33.1875
33.125
33.125
33.125
33.125
33.125
33.125
33.125
33.125
33.125
33.125
33.125
33.125
33.125
33.0625
33.0625
33.0625
33.0625
33.0625
33.0625
33.0625
33.0625
33.0625
33.0625
33.0625
33.0625
33
33
33
33
33
33
33
33
33
33
33
33
32.9375
32.9375
32.9375
32.9375
32.9375
32.9375
32.9375
32.9375
32.9375
32.9375
32.9375
32.9375
32.9375
32.9375
32.9375
32.875
32.875
32.875
32.875
32.875
32.875
32.875
32.875
32.875
32.875
32.875
32.875
32.875
32.875
32.875
32.8125
32.8125
32.8125
32.8125
32.8125
32.8125
32.8125
32.8125
32.8125
32.8125
32.8125
32.8125
32.8125
32.8125
32.75
32.8125
32.75
32.75
32.75
32.75
32.75
32.75
32.75
32.75
32.75
32.75
32.75
32.75
32.75
32.75
32.75
32.6875
32.6875
32.6875
32.6875
32.6875
32.6875
32.6875
32.6875
32.6875
32.6875
32.6875
32.6875
32.625
32.625
32.625
32.625
32.625
32.625
32.625
32.625
32.625
32.625
32.625
32.625
32.625
32.625
32.625
32.5625
32.5625
32.5625
32.5625
32.5625
32.5625
32.5625
32.5625
32.5625
32.5625
32.5625
32.5625
32.5625
32.5625
32.5625
32.5625
32.5625
32.5625
32.5
32.5
32.5
32.5
32.5
32.5
32.5
32.5
32.5
32.5
32.5
32.5
32.5
32.4375
32.5
32.5
32.5
32.4375
32.4375
32.4375
32.4375
32.4375
32.4375
32.4375
32.4375
32.4375
32.4375
32.4375
32.4375
32.4375
32.4375
32.375
32.4375
32.375
32.375
32.375
32.375
32.375
32.375
32.375
32.375
32.375
32.375
32.375
32.375
32.375
32.3125
32.3125
32.3125
32.3125
32.3125
32.3125
32.3125
32.3125
32.3125
32.3125
32.3125
32.3125
32.3125
32.3125
32.3125
32.3125
32.25
32.3125
32.25
32.25
32.25
32.25
32.25
32.25
32.25
32.25
32.25
32.25
32.25
32.25
32.25
32.25
32.1875
32.25
32.25
32.1875
32.1875
32.1875
32.1875
32.1875
32.1875
32.1875
32.1875
32.1875
32.1875
32.1875
32.1875
32.1875
32.1875
32.125
32.125
32.125
32.125
32.125
32.125
32.125
32.125
32.125
32.125
32.125
32.125
32.125
32.125
32.0625
32.0625
32.125
32.0625
32.0625
32.0625
32.0625
32.0625
32.0625
32.0625
32.0625
32.0625
32.0625
32.0625
32.0625
32.0625
32
32.0625
32.0625
32
32
32
32
32
32
32
32
32
32
32
32
32
32
32
32
31.9375
32
31.9375
31.9375
31.9375
31.9375
31.9375
31.9375
31.9375
31.9375
31.9375
31.9375
31.9375
31.9375
31.9375
31.9375
31.9375
31.9375
31.875
31.9375
31.9375
31.9375
31.875
31.875
31.875
31.875
31.875
31.875
31.875
31.875
31.875
31.875
31.875
31.875
31.8125
31.8125
31.875
31.8125
31.8125
31.8125
31.8125
31.8125
31.8125
31.8125
31.8125
31.8125
31.8125
31.8125
31.8125
31.75
31.75
31.75
31.75
31.75
31.75
31.75
31.75
31.75
31.75
31.75
31.75
31.75
31.75
31.6875
31.75
31.75
31.6875
31.6875
31.6875
31.6875
31.6875
31.6875
31.6875
31.6875
31.6875
31.6875
31.6875
31.625
31.6875
31.625
31.6875
31.625
31.625
31.625
31.625
31.625
31.625
31.625
31.625
31.625
31.625
31.625
31.625
31.625
31.625
31.625
31.625
31.625
31.625
31.5625
31.5625
31.625
31.5625
31.5625
31.5625
31.5625
31.5625
31.5625
31.5625
31.5625
31.5625
31.5625
31.5625
31.5625
31.5625
31.5625
31.5625
31.5625
31.5625
31.5
31.5625
31.5625
31.5
31.5
31.5
31.5
31.5
31.5
31.5
31.5
31.5
31.5
31.5
31.5
31.5
31.5
31.5
31.5
31.5
31.4375
31.4375
31.4375
31.4375
31.4375
31.4375
31.4375
31.4375
31.4375
31.4375
31.4375
31.4375
31.4375
31.4375
31.4375
31.4375
31.4375
31.4375
31.4375
31.4375
31.4375
31.375
31.4375
31.375
31.375
31.4375
31.375
31.375
31.375
31.375
31.375
31.375
31.375
31.375
31.375
31.375
31.375
31.375
31.3125
31.3125
31.3125
31.3125
31.3125
31.3125
31.375
31.3125
31.3125
31.3125
31.3125
31.3125
31.3125
31.3125
31.3125
31.3125
31.3125
31.3125
31.3125
31.3125
31.3125
31.3125
31.3125
31.3125
31.3125
31.25
31.25
31.25
31.25
31.25
31.25
31.25
31.25
31.25
31.25
31.25
31.25
31.25
31.25
31.25
31.25
31.25
31.1875
31.25
31.1875
31.1875
31.1875
31.1875
31.1875
31.1875
31.1875
31.1875
31.1875
31.1875
31.1875
31.1875
31.1875
31.1875
31.1875
31.1875
31.125
31.125
31.125
31.125
31.125
31.125
31.125
31.125
31.125
31.125
31.125
31.125
31.125
31.125
31.125
31.125
31.125
31.125
31.125
31.125
31.125
31.0625
31.0625
31.0625
31.0625
31.0625
31.0625
31.0625
31.0625
31.0625
31.0625
31.0625
31.0625
31.0625
31.0625
31.0625
31.0625
31.0625
31.0625
31.0625
31
31.0625
31
31
31
31
31
31
31
31
31
31
31
31
31
31
31
31
30.9375
31
31
31
30.9375
30.9375
30.9375
30.9375
30.9375
30.9375
30.9375
30.9375
30.9375
30.9375
30.9375
30.9375
30.9375
30.9375
30.9375
30.9375
30.9375
30.9375
30.9375
30.875
30.9375
30.875
30.875
30.875
30.875
30.875
30.875
30.875
30.875
30.875
30.875
30.875
30.875
30.875
30.875
30.875
30.875
30.875
30.875
30.875
30.8125
30.8125
30.8125
30.8125
30.8125
30.8125
30.8125
30.8125
30.8125
30.8125
30.8125
30.8125
30.8125
30.8125
30.8125
30.8125
30.8125
30.8125
30.8125
30.8125
30.8125
30.75
30.75
30.75
30.8125
30.75
30.75
30.75
30.75
30.75
30.75
30.75
30.75
30.75
30.75
30.75
30.75
30.75
30.75
30.75
30.75
30.75
30.75
30.75
30.75
30.75
30.75
30.6875
30.6875
30.6875
30.6875
30.6875
30.6875
30.6875
30.6875
30.6875
30.6875
30.6875
30.6875
30.6875
30.6875
30.6875
30.6875
30.6875
30.6875
30.6875
30.625
30.625
30.625
30.625
30.625
30.625
30.6875
30.625
30.625
30.625
30.625
30.625
30.625
30.625
30.625
30.625
30.625
30.625
30.625
30.625
30.625
30.625
30.625
30.625
30.5625
30.5625
30.5625
30.625
30.5625
30.5625
30.5625
30.5625
30.5625
30.5625
30.5625
30.5625
30.5625
30.5625
30.5625
30.5625
30.5625
30.5625
30.5625
30.5625
30.5625
30.5625
30.5625
30.5
30.5625
30.5625
30.5625
30.5625
30.5
30.5
30.5
30.5
30.5
30.5
30.5
30.5
30.5
30.5
30.5
30.5
30.5
30.5
30.5
30.5
30.5
30.5
30.5
30.5
30.4375
30.5
30.4375
30.4375
30.4375
30.4375
30.4375
30.4375
30.4375
30.4375
30.4375
30.4375
30.4375
30.4375
30.4375
30.4375
30.4375
30.4375
30.4375
30.4375
30.4375
30.4375
30.4375
30.4375
30.4375
30.4375
30.4375
30.4375
30.375
30.375
30.375
30.375
30.375
30.375
30.375
30.375
30.375
30.375
30.375
30.375
30.375
30.375
30.375
30.375
30.375
30.375
30.375
30.375
30.375
30.375
30.375
30.3125
30.3125
30.3125
30.3125
30.375
30.3125
30.3125
30.3125
30.3125
30.3125
30.3125
30.3125
30.3125
30.3125
30.3125
30.3125
30.3125
30.3125
30.3125
30.3125
30.3125
30.3125
30.3125
30.3125
30.3125
30.3125
30.25
30.25
30.3125
30.25
30.25
30.25
30.25
30.25
30.25
30.25
30.25
30.25
30.25
30.25
30.25
30.25
30.25
30.25
30.25
30.25
30.25
30.25
30.25
30.25
30.25
30.1875
30.1875
30.1875
30.1875
30.1875
30.1875
30.1875
30.1875
30.1875
30.1875
30.1875
30.1875
30.1875
30.1875
30.1875
30.1875
30.1875
30.1875
30.1875
30.1875
30.1875
30.1875
30.1875
30.125
30.1875
30.125
30.125
30.125
30.125
30.1875
30.125
30.125
30.125
30.125
30.125
30.125
30.125
30.125
30.125
30.125
30.125
30.125
30.125
30.125
30.125
30.125
30.125
30.125
30.125
30.125
30.125
30.125
30.125
30.0625
30.0625
30.0625
30.0625
30.0625
30.0625
30.0625
30.0625
30.0625
30.0625
30.0625
30.0625
30.0625
30.0625
30.0625
30.0625
30.0625
30.0625
30.0625
30.0625
30.0625
30.0625
30.0625
30
30
30.0625
30.0625
30.0625
30
30
30
30
30
30
30
30
30
30
30
30
30
30
30
30
30
30
30
30
30
30
30
30
30
29.9375
30
30
30
29.9375
29.9375
29.9375
29.9375
29.9375
30
29.9375
29.9375
29.9375
29.9375
29.9375
29.9375
29.9375
29.9375
29.9375
29.9375
29.9375
29.9375
29.9375
29.9375
29.9375
29.9375
29.9375
29.9375
29.9375
29.9375
29.9375
29.9375
29.9375
29.875
29.875
29.875
29.875
29.875
29.9375
29.875
29.875
29.875
29.875
29.875
29.875
29.875
29.875
29.875
29.875
29.875
29.875
29.875
29.875
29.875
29.875
29.875
29.875
29.875
29.8125
29.875
29.875
29.8125
29.8125
29.8125
29.875
29.8125
29.8125
29.8125
29.8125
29.8125
29.8125
29.8125
29.8125
29.8125
29.8125
29.8125
29.8125
29.8125
29.8125
29.8125
29.8125
29.8125
29.8125
29.8125
29.8125
29.8125
29.8125
29.8125
29.75
29.8125
29.75
29.75
29.8125
29.8125
29.75
29.75
29.75
29.75
29.75
29.75
29.75
29.75
29.75
29.75
29.75
29.75
29.75
29.75
29.75
29.75
29.75
29.75
29.75
29.75
29.75
29.75
29.75
29.75
29.6875
29.75
29.6875
29.75
29.6875
29.75
29.6875
29.6875
29.6875
29.6875
29.6875
29.6875
29.6875
29.6875
29.6875
29.6875
29.6875
29.6875
29.6875
29.6875
29.6875
29.6875
29.6875
29.6875
29.6875
29.6875
29.6875
29.6875
29.6875
29.6875
29.6875
29.625
29.625
29.625
29.625
29.6875
29.625
29.625
29.625
29.625
29.625
29.625
29.625
29.625
29.625
29.625
29.625
29.625
29.625
29.625
29.625
29.625
29.625
29.625
29.625
29.625
29.625
29.625
29.625
29.5625
29.5625
29.625
29.625
29.5625
29.5625
29.5625
29.5625
29.5625
29.5625
29.5625
29.5625
29.5625
29.5625
29.5625
29.5625
29.5625
29.5625
29.5625
29.5625
29.5625
29.5625
29.5625
29.5625
29.5625
29.5625
29.5625
29.5625
29.5625
29.5625
29.5625
29.5625
29.5
29.5625
29.5
29.5
29.5
29.5
29.5
29.5
29.5
29.5
29.5
29.5
29.5
29.5
29.5
29.5
29.5
29.5
29.5
29.5
29.5
29.5
29.5
29.5
29.5
29.5
29.5
29.5
29.5
29.5
29.4375
29.5
29.5
29.5
29.4375
29.5
29.5
29.4375
29.5
29.4375
29.4375
29.4375
29.4375
29.4375
29.5
29.4375
29.4375
29.4375
29.4375
29.4375
29.4375
29.4375
29.4375
29.4375
29.4375
29.4375
29.4375
29.4375
29.4375
29.4375
29.4375
29.4375
29.4375
29.4375
29.4375
29.4375
29.4375
29.4375
29.4375
29.4375
29.375
29.375
29.375
29.375
29.375
29.375
29.375
29.375
29.375
29.375
29.375
29.375
29.375
29.375
29.375
29.375
29.375
29.375
29.375
29.375
29.375
29.375
29.375
29.375
29.375
29.375
29.375
29.375
29.3125
29.375
29.375
29.3125
29.375
29.3125
29.3125
29.3125
29.3125
29.3125
29.3125
29.3125
29.3125
29.3125
29.3125
29.3125
29.3125
29.3125
29.3125
29.3125
29.3125
29.3125
29.3125
29.3125
29.3125
29.3125
29.3125
29.3125
29.3125
29.3125
29.3125
29.3125
29.3125
29.3125
29.3125
29.3125
29.3125
29.25
29.25
29.25
29.3125
29.25
29.25
29.25
29.25
29.25
29.25
29.25
29.25
29.25
29.25
29.25
29.25
29.25
29.25
29.25
29.25
29.25
29.25
29.25
29.25
29.25
29.25
29.25
29.25
29.25
29.25
29.25
29.25
29.25
29.25
29.25
29.1875
29.1875
29.1875
29.1875
29.1875
29.1875
29.25
29.1875
29.1875
29.1875
29.1875
29.1875
29.1875
29.1875
29.1875
29.1875
29.1875
29.1875
29.1875
29.1875
29.1875
29.1875
29.1875
29.1875
29.1875
29.1875
29.1875
29.1875
29.1875
29.125
29.1875
29.1875
29.125
29.125
29.125
29.125
29.125
29.125
29.1875
29.125
29.125
29.125
29.125
29.125
29.125
29.125
29.125
29.125
29.125
29.125
29.125
29.125
29.125
29.125
29.125
29.125
29.125
29.125
29.125
29.125
29.125
29.125
29.125
29.125
29.125
29.125
29.0625
29.125
29.0625
29.125
29.0625
29.125
29.125
29.125
29.0625
29.125
29.0625
29.0625
29.0625
29.0625
29.0625
29.0625
29.0625
29.0625
29.0625
29.0625
29.0625
29.0625
29.0625
29.0625
29.0625
29.0625
29.0625
29.0625
29.0625
29.0625
29.0625
29.0625
29.0625
29.0625
29.0625
29.0625
29.0625
29.0625
29.0625
29.0625
29.0625
29
29.0625
29.0625
29
29
29
29
29
29
29
29
29
29
29
29
29
29
29
29
29
29
29
29
29
29
29
29
29
29
29
29
29
29
29
29
29
29
29
29
29
28.9375
28.9375
28.9375
28.9375
29
28.9375
29
28.9375
28.9375
28.9375
28.9375
28.9375
28.9375
28.9375
28.9375
28.9375
28.9375
28.9375
28.9375
28.9375
28.9375
28.9375
28.9375
28.9375
28.9375
28.9375
28.9375
28.9375
28.9375
28.9375
28.9375
28.9375
28.9375
28.9375
28.9375
28.875
28.9375
28.9375
28.9375
28.9375
28.9375
28.875
28.875
28.875
28.875
28.875
28.875
28.875
28.875
28.875
28.875
28.875
28.875
28.875
28.875
28.875
28.875
28.875
28.875
28.875
28.875
28.875
28.875
28.875
28.875
28.875
28.875
28.875
28.8125
28.875
28.875
28.875
28.875
28.875
28.8125
28.875
28.8125
28.875
28.8125
28.875
28.8125
28.8125
28.8125
28.8125
28.8125
28.8125
28.8125
28.8125
28.8125
28.8125
28.8125
28.8125
28.8125
28.8125
28.8125
28.8125
28.8125
28.8125
28.8125
28.8125
28.8125
28.8125
28.8125
28.8125
28.8125
28.8125
28.8125
28.75
28.8125
28.8125
28.8125
28.8125
28.8125
28.8125
28.8125
28.8125
28.8125
28.8125
28.8125
28.8125
28.75
28.75
28.75
28.75
28.75
28.75
28.75
28.75
28.75
28.75
28.75
28.75
28.75
28.75
28.75
28.75
28.75
28.75
28.75
28.75
28.75
28.75
28.75
28.75
28.75
28.75
28.75
28.75
28.75
28.75
28.75
28.75
28.75
28.75
28.75
28.6875
28.6875
28.6875
28.6875
28.6875
28.6875
28.6875
28.75
28.6875
28.75
28.6875
28.6875
28.6875
28.6875
28.6875
28.6875
28.6875
28.6875
28.6875
28.6875
28.6875
28.6875
28.6875
28.6875
28.6875
28.6875
28.6875
28.6875
28.6875
28.6875
28.6875
28.6875
28.6875
28.6875
28.6875
28.6875
28.6875
28.6875
28.6875
28.625
28.6875
28.625
28.6875
28.625
28.625
28.625
28.625
28.625
28.625
28.625
28.625
28.625
28.625
28.625
28.625
28.625
28.625
28.625
28.625
28.625
28.625
28.625
28.625
28.625
28.625
28.625
28.625
28.625
28.625
28.625
28.625
28.625
28.625
28.625
28.625
28.625
28.625
28.625
28.625
28.625
28.625
28.625
28.5625
28.625
28.5625
28.5625
28.5625
28.5625
28.5625
28.625
28.5625
28.5625
28.5625
28.5625
28.5625
28.5625
28.5625
28.5625
28.5625
28.5625
28.5625
28.5625
28.5625
28.5625
28.5625
28.5625
28.5625
28.5625
28.5625
28.5625
28.5625
28.5625
28.5625
28.5625
28.5625
28.5625
28.5625
28.5625
28.5625
28.5625
28.5625
28.5625
28.5625
28.5625
28.5
28.5625
28.5
28.5
28.5625
28.5
28.5
28.5
28.5625
28.5
28.5
28.5
28.5
28.5
28.5
28.5
28.5
28.5
28.5
28.5
28.5
28.5
28.5
28.5
28.5
28.5
28.5
28.5
28.5
28.5
28.5
28.5
28.5
28.5
28.5
28.5
28.5
28.5
28.5
28.5
28.5
28.5
28.5
28.5
28.5
28.5
28.4375
28.5
28.5
28.5
28.5
28.4375
28.5
28.5
28.4375
28.4375
28.4375
28.4375
28.5
28.4375
28.4375
28.4375
28.4375
28.4375
28.4375
28.4375
28.4375
28.4375
28.4375
28.4375
28.4375
28.4375
28.4375
28.4375
28.4375
28.4375
28.4375
28.4375
28.4375
28.4375
28.4375
28.4375
28.4375
28.4375
28.4375
28.4375
28.4375
28.4375
28.4375
28.4375
28.4375
28.375
28.4375
28.4375
28.4375
28.4375
28.4375
28.375
28.4375
28.375
28.4375
28.4375
28.375
28.375
28.375
28.375
28.375
28.375
28.375
28.375
28.375
28.375
28.375
28.375
28.375
28.375
28.375
28.375
28.375
28.375
28.375
28.375
28.375
28.375
28.375
28.375
28.375
28.375
28.375
28.375
28.375
28.375
28.375
28.375
28.375
28.375
28.375
28.375
28.3125
28.375
28.3125
28.3125
28.3125
28.3125
28.3125
28.375
28.3125
28.3125
28.3125
28.3125
28.3125
28.3125
28.3125
28.3125
28.3125
28.3125
28.3125
28.3125
28.3125
28.3125
28.3125
28.3125
28.3125
28.3125
28.3125
28.3125
28.3125
28.3125
28.3125
28.3125
28.3125
28.3125
28.3125
28.3125
28.3125
28.3125
28.3125
28.3125
28.3125
28.3125
28.3125
28.3125
28.25
28.3125
28.3125
28.3125
28.3125
28.3125
28.3125
28.3125
28.3125
28.3125
28.25
28.25
28.3125
28.25
28.25
28.25
28.25
28.25
28.25
28.25
28.25
28.25
28.25
28.3125
28.25
28.25
28.25
28.25
28.25
28.25
28.25
28.25
28.25
28.25
28.25
28.25
28.25
28.25
28.25
28.25
28.25
28.25
28.25
28.25
28.1875
28.25
28.25
28.25
28.25
28.25
28.25
28.25
28.25
28.25
28.25
28.25
28.25
28.25
28.25
28.25
28.25
28.25
28.1875
28.1875
28.1875
28.1875
28.1875
28.1875
28.1875
28.1875
28.1875
28.1875
28.1875
28.1875
28.1875
28.1875
28.1875
28.1875
28.1875
28.1875
28.1875
28.1875
28.1875
28.1875
28.1875
28.1875
28.1875
28.1875
28.1875
28.1875
28.1875
28.1875
28.1875
28.1875
28.1875
28.1875
28.1875
28.125
28.1875
28.1875
28.1875
28.1875
28.1875
28.1875
28.1875
28.125
28.1875
28.125
28.125
28.125
28.125
28.125
28.125
28.125
28.125
28.125
28.125
28.125
28.125
28.125
28.125
28.125
28.125
28.125
28.125
28.125
28.125
28.125
28.125
28.125
28.125
28.125
28.125
28.125
28.125
28.125
28.125
28.125
28.125
28.125
28.125
28.125
28.125
28.125
28.125
28.125
28.125
28.125
28.125
28.125
28.125
28.125
28.125
28.125
28.125
28.125
28.125
28.0625
28.125
28.0625
28.0625
28.0625
28.125
28.0625
28.0625
28.0625
28.0625
28.0625
28.125
28.0625
28.0625
28.0625
28.0625
28.0625
28.0625
28.0625
28.0625
28.0625
28.0625
28.0625
28.0625
28.0625
28.0625
28.0625
28.0625
28.0625
28.0625
28.0625
28.0625
28.0625
28.0625
28.0625
28.0625
28.0625
28.0625
28.0625
28.0625
28.0625
28.0625
28.0625
28.0625
28.0625
28.0625
28.0625
28.0625
28.0625
28.0625
28
28.0625
28.0625
28
28
28.0625
28.0625
28.0625
28.0625
28.0625
28
28
28
28
28
28
28
0
0
0
0
0
0
0
0
0
0
0
0
0
0
0
0
0
0
0
0
0
0
0
0
0
0
0
0
0
0
0
0
0
0
0
0
0
0
0
0
0
0
0
0
0
0
0
0
0
0
0
0
