Chip#1
5 101 58 0 9 53 16 147 93 20 174 118 0 154 112 117 23
14 108 65 0 21 60 21 147 93 20 180 126 1 0 0 0 0
10 100 56 0 12 53 15 147 93 20 172 29 2 0 0 0 0
6 102 61 0 13 54 16 147 93 20 179 121 3 0 0 0 0
6 107 65 0 16 57 16 147 93 20 178 125 4 0 0 0 0
10 106 88 0 17 86 73 147 93 20 175 127 5 0 0 0 0
5 106 75 0 17 74 47 147 93 4 178 29 6 0 0 0 0
15 102 66 0 19 57 17 147 93 4 178 125 7 0 0 0 0
10 112 111 0 19 76 40 147 93 20 184 130 8 0 0 0 0
12 108 93 0 19 79 45 147 93 20 180 133 9 0 0 0 0
5 101 60 0 11 52 14 147 93 20 173 119 10 0 0 0 0
12 104 63 0 15 54 16 147 93 20 179 15000 11 0 0 0 0
Chip#1
13 107 61 0 20 58 15 147 93 20 182 125 0 153 111 169 23
10 104 63 0 23 57 21 147 93 4 180 29 1 0 0 0 0
6 106 60 0 11 55 20 147 93 20 178 29 2 0 0 0 0
10 103 63 0 17 58 16 147 93 4 178 29 3 0 0 0 0
15 108 64 0 20 63 22 147 93 20 180 121 4 0 0 0 0
8 101 113 0 17 112 126 147 93 20 175 29 5 0 0 0 0
13 106 84 0 12 89 71 147 93 20 177 29 6 0 0 0 0
15 109 65 0 17 59 21 147 93 20 179 129 7 0 0 0 0
10 109 147 15 19 90 63 147 93 20 180 126 8 0 0 0 0
3 104 110 0 11 84 53 147 93 4 175 118 9 0 0 0 0
9 108 65 0 17 60 15 147 93 20 175 125 10 0 0 0 0
9 98 58 0 9 54 10 147 93 4 172 15000 11 0 0 0 0
Chip#1
14 108 65 0 20 60 22 147 93 20 177 127 0 153 112 193 23
14 110 71 0 24 65 32 147 93 20 185 129 1 0 0 0 0
22 115 126 21 24 115 129 152 122 132 199 133 2 0 0 0 0
22 114 88 0 29 88 70 151 105 84 190 134 3 0 0 0 0
19 115 154 38 33 109 133 161 93 36 185 131 4 0 0 0 0
24 120 2179 1974 45 2452 3795 314 123 116 194 129 5 0 0 0 0
15 112 961 777 33 1424 2323 179 104 84 185 126 6 0 0 0 0
26 123 154 30 42 83 51 158 196 36 192 135 7 0 0 0 0
19 139 3280 2839 49 1495 1651 163 93 20 189 131 8 0 0 0 0
25 126 2016 1478 37 1410 1619 157 93 4 187 29 9 0 0 0 0
33 116 78 0 25 65 35 147 93 20 184 126 10 0 0 0 0
53 127 79 0 33 73 33 151 93 36 190 15000 11 0 0 0 0
Chip#1
23 114 70 0 27 63 25 147 93 36 187 129 0 153 112 0 23
24 109 74 0 29 67 38 147 93 36 193 131 1 0 0 0 0
22 119 127 21 29 121 129 156 125 132 204 135 2 0 0 0 0
19 115 85 0 29 86 71 151 102 68 193 130 3 0 0 0 0
19 120 154 37 37 112 141 161 94 36 189 135 4 0 0 0 0
22 121 2179 1974 46 2455 3795 314 128 116 194 131 5 0 0 0 0
22 119 963 791 40 1427 2323 185 113 84 193 129 6 0 0 0 0
28 123 154 27 42 85 47 158 196 20 192 133 7 0 0 0 0
22 139 3264 2837 45 1490 1635 159 93 20 185 129 8 0 0 0 0
26 132 2032 1478 47 1510 1651 169 196 36 188 45 9 0 0 0 0
33 113 76 0 27 68 35 147 93 20 184 130 10 0 0 0 0
53 129 76 0 30 68 37 149 93 36 190 15000 11 0 0 0 0
Chip#1
24 121 71 0 27 69 26 149 93 36 190 133 0 153 112 26 23
18 114 79 0 24 70 33 147 93 36 187 129 1 0 0 0 0
15 108 120 21 17 112 124 147 116 132 193 125 2 0 0 0 0
18 114 83 0 29 85 70 150 105 84 190 134 3 0 0 0 0
19 113 154 32 33 105 130 156 93 20 187 126 4 0 0 0 0
18 118 2250 1974 41 2448 3779 298 120 100 189 121 5 0 0 0 0
29 122 967 726 42 1330 2323 187 117 84 195 45 6 0 0 0 0
20 121 150 21 40 79 47 157 196 36 184 131 7 0 0 0 0
19 138 3264 2831 47 1488 1635 157 93 20 185 130 8 0 0 0 0
27 127 2016 1494 42 1509 1635 163 93 20 190 45 9 0 0 0 0
29 117 78 0 28 64 29 147 93 36 182 130 10 0 0 0 0
53 128 76 0 29 68 32 151 93 20 190 15000 11 0 0 0 0
Chip#1
24 115 74 0 30 65 26 147 93 20 194 133 0 153 111 14 23
19 112 74 0 29 68 31 147 93 36 185 131 1 0 0 0 0
19 113 124 18 24 112 124 153 124 132 200 131 2 0 0 0 0
22 114 84 0 30 84 70 155 106 68 197 130 3 0 0 0 0
15 114 154 35 32 104 129 153 93 20 187 129 4 0 0 0 0
15 120 2255 1974 44 2447 3795 314 120 116 192 126 5 0 0 0 0
18 115 959 774 34 1417 2323 180 105 84 187 130 6 0 0 0 0
20 117 146 18 30 78 42 153 93 20 190 131 7 0 0 0 0
23 138 3280 2829 48 1495 1651 164 93 36 188 129 8 0 0 0 0
27 128 2016 1478 41 1507 1619 159 93 20 190 133 9 0 0 0 0
36 115 76 0 30 68 33 147 93 20 185 127 10 0 0 0 0
50 127 76 0 33 69 32 152 93 20 194 15000 11 0 0 0 0
