Chipdp
84 2 68 4 16 11 4 1 6 2 6 1 7 2 7 4 4 6 5 6 4 7 5 7 4 7 6 8 6 7 7 8 7 4 10 6 11 6 10 7 11 7 4 1 9 2 9 1 10 2 10 4 4 9 5 9 4 10 5 10 4 7 9 8 9 7 10 8 10 4 10 9 11 9 10 10 11 10 4 1 3 2 3 1 4 2 4 4 4 3 5 3 4 4 5 4 4 7 3 8 3 7 4 8 4 4 10 3 11 3 10 4 11 4 4 1 0 2 0 1 1 2 1 4 4 0 5 0 4 1 5 1 4 7 0 8 0 7 1 8 1 4 10 0 11 0 10 1 11 1 4 1 6 2 6 1 7 2 7 4 4 6 5 6 4 7 5 7 4 7 6 8 6 7 7 8 7 4 10 6 11 6 10 7 11 7 4 1 9 2 9 1 10 2 10 4 4 9 5 9 4 10 5 10 4 7 9 8 9 7 10 8 10 4 10 9 11 9 10 10 11 10 4 1 3 2 3 1 4 2 4 4 4 3 5 3 4 4 5 4 4 7 3 8 3 7 4 8 4 4 10 3 11 3 10 4 11 4 4 1 0 2 0 1 1 2 1 4 4 0 5 0 4 1 5 1 4 7 0 8 0 7 1 8 1 4 10 0 11 0 10 1 11 1 4 6 0 7 0 6 1 7 1 4 6 3 7 3 6 4 7 4 4 6 6 7 6 6 7 7 7 4 6 9 7 9 6 10 7 10 4 9 0 10 0 9 1 10 1 4 9 3 10 3 9 4 10 4 4 9 6 10 6 9 7 10 7 4 9 9 10 9 9 10 10 10 4 3 0 4 0 3 1 4 1 4 3 3 4 3 3 4 4 4 4 3 6 4 6 3 7 4 7 4 3 9 4 9 3 10 4 10 4 0 0 1 0 0 1 1 1 4 0 3 1 3 0 4 1 4 4 0 6 1 6 0 7 1 7 4 0 9 1 9 0 10 1 10 4 7 0 8 0 7 1 8 1 4 7 3 8 3 7 4 8 4 4 7 6 8 6 7 7 8 7 4 7 9 8 9 7 10 8 10 4 10 0 11 0 10 1 11 1 4 10 3 11 3 10 4 11 4 4 10 6 11 6 10 7 11 7 4 10 9 11 9 10 10 11 10 4 4 0 5 0 4 1 5 1 4 4 3 5 3 4 4 5 4 4 4 6 5 6 4 7 5 7 4 4 9 5 9 4 10 5 10 4 1 0 2 0 1 1 2 1 4 1 3 2 3 1 4 2 4 4 1 6 2 6 1 7 2 0 0 
Chip#1
98 100 94 101 104 95 109 108 104 105 100 98 0
101 106 97 98 104 99 107 124 95 104 105 103 1
101 104 94 97 104 96 106 103 92 104 105 99 2
100 105 94 101 104 99 109 124 100 107 105 104 3
98 99 88 93 104 95 106 102 99 101 102 97 4
92 95 88 93 104 96 106 98 87 97 93 96 5
99 99 90 97 104 98 102 101 95 98 101 93 6
95 94 88 95 104 96 105 103 94 97 96 92 7
103 107 98 102 104 107 115 124 101 105 105 104 8
101 100 95 101 104 96 108 103 95 100 99 97 9
100 102 90 95 104 99 107 102 95 100 102 98 10
109 105 100 104 104 103 114 124 96 104 105 15000 11
Chip#1
99 101 93 99 104 102 106 102 99 100 102 96 0
104 109 97 97 104 100 108 104 100 103 101 102 1
109 142 102 104 104 104 112 124 105 105 107 103 2
98 104 95 98 104 103 106 103 96 100 101 98 3
105 105 100 102 104 102 107 103 100 103 107 104 4
103 101 97 99 104 102 107 105 95 97 106 99 5
100 105 98 99 95 103 107 104 98 101 101 101 6
103 101 95 97 104 102 107 99 95 99 96 96 7
101 106 94 106 104 103 108 103 102 105 102 98 8
93 92 85 93 95 93 108 91 91 93 93 87 9
98 104 90 97 104 92 106 98 92 98 98 94 10
99 103 98 95 100 98 103 102 91 100 101 15000 11
Chip#1
99 109 99 99 104 103 111 107 99 104 107 104 0
98 106 95 101 104 104 108 99 96 107 102 104 1
95 99 88 93 98 92 108 98 90 99 96 92 2
99 101 93 99 104 102 108 101 92 100 102 98 3
96 100 89 95 97 92 102 96 91 95 100 92 4
96 104 90 93 104 99 105 102 95 97 95 96 5
101 107 97 107 104 104 112 105 99 104 105 98 6
104 109 98 107 104 108 107 110 108 107 110 105 7
99 102 94 102 104 95 102 96 97 101 98 96 8
99 100 88 99 104 98 103 97 94 99 101 98 9
98 99 89 98 104 99 107 103 92 100 99 96 10
100 101 94 98 101 96 107 103 96 104 102 15000 11
