Chip#1
103 102 96 99 101 99 104 103 100 101 98 99 0
98 95 100 104 98 101 109 98 99 100 98 96 1
103 100 122 129 96 128 160 109 116 157 105 96 2
98 92 100 103 97 106 120 97 107 126 96 93 3
105 106 100 103 107 105 111 105 106 108 105 100 4
105 102 103 104 102 103 109 104 114 130 103 95 5
96 94 94 102 95 95 101 98 103 116 92 90 6
99 94 94 91 97 98 98 90 96 92 89 94 7
97 99 100 99 101 101 106 102 97 100 95 98 8
104 101 106 103 107 104 107 104 104 107 100 100 9
103 101 104 102 101 101 109 103 103 103 101 101 10
108 100 103 107 102 108 111 104 109 104 107 15000 11
Chip#1
106 101 99 101 98 100 105 104 101 101 98 101 0
99 97 106 115 101 106 123 103 100 118 102 95 1
97 97 208 237 97 218 345 110 164 315 125 96 2
97 97 122 139 101 140 189 104 124 206 107 100 3
103 101 100 107 102 103 109 104 103 107 98 101 4
97 96 99 99 95 101 106 102 138 206 102 95 5
96 94 96 99 101 99 106 95 124 182 100 98 6
102 100 102 102 103 101 104 103 107 100 106 100 7
98 97 105 104 97 104 107 103 101 97 98 99 8
98 93 96 95 93 99 100 96 94 96 94 95 9
99 99 95 98 97 101 104 103 101 99 96 95 10
101 100 100 98 100 103 113 98 101 99 96 15000 11
Chip#1
106 104 100 102 97 99 107 100 97 97 100 98 0
96 93 108 116 95 106 129 102 102 124 96 92 1
111 105 245 302 110 270 443 126 202 418 144 104 2
102 100 130 155 96 154 224 105 136 238 112 100 3
97 95 95 101 96 98 107 104 99 101 97 99 4
102 101 108 107 98 108 112 102 155 254 113 104 5
101 95 100 101 95 104 104 100 132 206 102 94 6
101 95 96 101 95 99 104 98 101 100 95 98 7
101 102 106 107 100 105 113 104 102 100 100 96 8
97 91 100 99 96 101 102 98 94 93 96 95 9
99 104 102 103 98 101 108 101 102 100 100 99 10
98 95 95 98 96 97 99 95 89 96 94 15000 11
Chip#1
99 94 96 97 96 97 98 96 93 100 97 94 0
99 96 110 116 98 109 128 97 99 125 101 99 1
99 96 234 294 100 264 435 113 190 407 138 100 2
99 95 128 154 96 151 219 97 134 222 112 100 3
101 100 102 101 101 103 108 100 101 100 101 98 4
95 96 100 102 94 98 105 101 152 254 103 94 5
99 97 99 103 98 103 112 101 137 222 101 95 6
104 101 100 103 102 104 109 100 101 99 100 99 7
104 104 111 112 103 108 113 105 104 107 106 102 8
105 102 103 107 101 106 107 103 101 105 103 102 9
101 100 99 106 98 101 108 102 101 101 96 93 10
99 97 98 98 93 95 100 98 99 96 95 15000 11
Chip#1
103 96 96 102 96 99 99 100 96 97 100 100 0
98 97 109 123 97 111 135 100 103 124 100 93 1
102 100 260 323 103 293 492 118 207 446 153 98 2
99 95 133 155 96 154 232 100 140 254 108 96 3
99 94 97 103 98 101 106 100 102 105 100 96 4
105 99 107 108 101 107 115 100 165 263 112 99 5
96 97 98 99 107 105 107 100 139 222 107 100 6
103 97 94 102 105 99 104 100 102 96 101 100 7
99 100 107 106 100 105 108 98 102 100 102 95 8
105 100 106 103 102 106 109 105 100 100 102 100 9
104 100 99 106 100 101 106 103 102 103 100 98 10
101 100 100 101 97 101 105 101 98 104 95 15000 11
