Chip#1
184 183 151 161 152 164 170 174 155 174 173 167 0 245 122 235 23
507 607 200 202 189 166 261 253 180 343 302 166 1 0 0 0 0
549 699 251 207 201 174 260 259 190 344 303 163 2 0 0 0 0
200 243 162 175 164 170 197 195 167 201 185 156 3 0 0 0 0
260 290 186 238 234 197 357 323 194 314 277 161 4 0 0 0 0
228 273 184 222 231 197 297 287 190 276 249 162 5 0 0 0 0
164 174 159 182 174 173 193 203 168 190 180 151 6 0 0 0 0
244 257 178 324 323 201 336 336 200 400 355 163 7 0 0 0 0
220 239 173 258 261 188 284 280 185 307 297 161 8 0 0 0 0
171 186 161 175 168 170 209 215 168 209 192 153 9 0 0 0 0
244 265 184 238 241 197 407 410 202 344 309 161 10 0 0 0 0
228 249 183 222 229 194 317 316 190 269 249 15000 11 0 0 0 0
