Chip#1
244 259 428 356 342 359 332 357 520 252 447 319 0
244 258 434 359 342 356 328 353 511 253 444 320 1
244 257 431 359 342 358 334 356 511 245 440 320 2
249 263 441 362 350 366 338 362 511 253 444 322 3
255 269 446 367 356 368 342 359 527 252 448 324 4
246 263 442 367 349 365 342 365 527 253 440 319 5
259 271 450 372 360 372 351 367 527 256 449 325 6
266 277 450 378 367 379 353 380 527 263 449 328 7
263 274 452 377 365 380 353 379 527 254 443 328 8
270 280 458 385 370 385 356 385 543 266 452 332 9
264 281 460 385 439 382 356 382 559 264 451 331 10
271 286 462 388 371 390 366 392 520 264 448 331 11
Chip#2
373 372 467 487 551 473 362 441 480 302 464 428 0
371 372 467 487 551 473 354 438 480 310 464 431 1
365 372 467 471 551 473 358 440 485 304 466 432 2
362 372 467 471 551 473 354 444 485 306 470 433 3
361 372 467 471 551 473 350 439 485 306 463 434 4
365 356 363 471 535 473 355 440 485 306 474 433 5
371 372 467 487 551 473 366 448 511 317 474 435 6
362 356 467 487 551 473 362 441 485 313 466 433 7
361 372 467 487 551 473 359 450 485 311 471 440 8
358 372 467 487 551 473 357 441 485 312 467 430 9
361 372 467 487 551 473 358 443 511 310 472 433 10
359 356 363 419 535 473 353 436 485 312 466 432 11
Chip#3
373 464 528 331 414 363 429 451 402 425 411 365 0
375 467 533 331 417 363 435 453 405 432 411 366 1
367 458 526 331 414 347 425 447 349 427 395 366 2
367 459 523 331 412 363 426 447 397 424 458 366 3
367 462 526 331 411 347 426 447 397 426 395 363 4
371 466 531 347 414 363 429 450 401 427 460 363 5
371 459 523 331 409 347 425 448 344 424 395 363 6
368 461 526 331 412 363 427 445 397 425 457 363 7
368 455 517 331 405 347 419 440 343 417 395 363 8
368 462 523 331 411 347 426 449 350 423 462 364 9
373 461 528 331 413 363 425 445 396 429 395 364 10
372 464 525 331 411 363 429 450 397 426 462 364 11
Chip#4
356 362 286 326 334 380 295 338 363 333 364 406 0
356 362 284 324 329 380 296 336 363 331 365 402 1
356 362 279 324 329 379 291 334 347 327 365 404 2
356 362 283 324 330 382 347 335 363 331 365 404 3
356 362 281 323 330 383 296 337 363 327 365 408 4
356 362 289 325 333 382 298 338 363 331 367 409 5
356 362 289 329 333 383 298 344 363 336 365 410 6
356 362 286 326 335 383 295 340 379 328 365 403 7
356 362 288 327 331 381 298 346 363 331 362 405 8
356 362 290 329 339 383 363 344 379 333 367 408 9
356 362 289 328 333 387 347 340 363 330 365 410 10
356 362 286 326 332 380 347 338 363 330 365 404 11
