Chip#1
104 109 107 104 102 107 115 107 108 100 107 104 0
104 107 106 109 107 112 115 108 108 104 111 107 1
105 104 136 138 100 133 166 108 126 170 116 105 2
97 104 109 108 96 107 123 102 108 125 106 98 3
105 109 116 110 102 112 116 107 114 100 112 106 4
102 104 131 135 98 121 139 102 118 134 106 104 5
108 109 119 120 105 116 128 108 119 125 108 101 6
97 99 106 104 97 103 106 100 103 91 96 99 7
102 101 130 131 100 126 128 103 104 93 103 102 8
102 107 122 123 102 122 133 104 107 99 109 102 9
102 107 103 113 101 107 112 103 107 104 111 105 10
102 99 100 99 100 99 106 95 101 93 101 15000 11
