Chip#1
107 109 111 109 109 112 110 103 111 115 106 109 0
109 105 107 101 103 107 105 97 105 107 103 102 1
96 101 102 203 137 106 102 140 181 101 99 92 2
110 109 116 361 132 115 111 243 260 115 117 108 3
106 105 111 113 103 109 108 110 128 110 108 105 4
104 105 105 97 101 107 104 105 103 110 104 99 5
104 104 105 106 104 99 102 105 109 105 101 98 6
101 96 103 347 217 107 103 268 286 106 103 98 7
104 100 103 201 143 106 100 182 150 107 102 100 8
106 108 104 109 100 107 109 107 107 110 104 105 9
98 100 100 100 95 102 102 97 101 105 101 99 10
100 100 98 95 96 101 102 98 95 100 101 15000 11
Chip#2
101 99 104 105 102 99 105 100 104 99 98 101 0
99 100 96 100 103 98 105 99 102 96 94 95 1
103 99 102 104 103 98 104 99 103 99 101 101 2
98 95 98 108 138 128 105 100 133 163 96 98 3
103 98 101 108 114 98 105 100 118 125 102 101 4
103 99 102 105 103 101 105 100 103 99 97 99 5
101 97 100 105 103 99 103 100 102 106 98 99 6
101 102 104 104 142 118 103 100 148 134 93 98 7
100 99 106 110 132 115 107 100 121 145 99 105 8
101 98 98 104 89 101 103 100 100 98 96 97 9
105 103 104 106 105 104 108 100 107 102 103 104 10
100 100 102 105 104 99 100 100 102 100 104 15000 11
Chip#3
104 99 101 104 98 106 95 103 96 98 98 104 0
97 99 98 106 98 105 97 104 99 101 102 104 1
96 92 94 100 94 99 94 99 95 98 90 97 2
92 96 94 166 184 99 94 136 182 98 90 100 3
100 99 99 168 183 102 91 120 193 105 98 104 4
91 92 93 102 92 97 89 98 89 91 88 99 5
90 90 96 99 95 96 90 98 89 94 89 97 6
97 90 96 120 101 100 91 100 161 97 94 99 7
102 100 102 197 205 108 102 127 239 108 105 107 8
91 89 94 100 108 90 89 97 97 93 87 92 9
96 99 98 99 100 106 98 100 101 105 97 104 10
104 103 103 109 104 109 99 108 104 105 103 15000 11
Chip#4
95 94 99 97 97 97 100 96 97 94 90 92 0
95 97 97 95 97 98 110 99 101 97 95 101 1
94 96 95 94 92 91 94 92 93 92 93 95 2
99 94 99 97 101 98 100 99 97 97 98 97 3
101 102 104 106 103 101 104 107 101 100 102 101 4
95 97 99 102 99 95 100 101 101 96 98 97 5
95 94 99 100 96 98 103 97 103 97 96 99 6
102 97 102 105 98 104 103 97 103 98 104 103 7
104 103 103 106 107 101 106 106 106 100 108 105 8
102 98 102 103 103 104 103 101 101 98 98 100 9
98 100 100 100 98 100 103 97 97 96 96 96 10
93 97 96 101 100 94 101 96 98 93 93 15000 11
Chip#1
106 101 107 103 98 107 103 99 101 106 103 107 0
95 95 96 97 90 103 96 95 100 96 97 93 1
108 106 108 601 282 107 107 324 458 111 110 103 2
105 99 111 1274 211 101 99 743 830 102 101 98 3
108 108 107 144 103 110 109 124 181 110 108 105 4
104 104 107 108 105 109 108 110 111 108 106 103 5
105 106 108 137 120 108 104 127 137 106 102 99 6
105 99 113 1254 673 103 104 902 968 103 105 95 7
104 101 109 567 329 107 107 499 305 107 104 100 8
101 104 103 104 100 106 103 104 103 102 102 99 9
121 108 109 108 102 109 108 108 108 110 105 111 10
115 109 104 100 97 104 103 103 101 110 108 15000 11
Chip#2
106 103 108 103 105 102 105 100 105 99 106 105 0
105 102 101 102 104 105 104 100 103 97 101 102 1
108 98 99 101 253 116 100 100 111 115 98 96 2
105 102 107 136 555 313 110 100 343 589 104 107 3
103 100 105 105 169 110 105 100 213 301 102 101 4
104 104 98 104 101 105 109 100 103 100 102 102 5
103 99 99 105 101 102 105 100 112 103 101 98 6
105 88 96 104 581 253 98 100 427 365 93 97 7
106 98 98 104 435 223 105 100 221 445 101 99 8
106 104 100 103 114 105 103 100 109 112 101 102 9
104 100 104 106 89 101 104 100 102 101 98 100 10
101 102 103 104 104 96 101 100 105 98 98 15000 11
Chip#3
115 100 99 103 100 102 94 98 96 100 99 106 0
108 91 94 102 94 100 95 101 94 96 97 98 1
98 94 90 101 99 100 91 97 101 96 92 96 2
104 100 103 667 827 119 99 459 824 124 100 99 3
100 101 105 620 749 110 99 256 849 136 100 102 4
96 99 103 106 105 106 99 104 98 102 98 100 5
101 94 100 101 108 108 95 104 104 106 102 98 6
98 96 101 295 160 109 97 134 650 133 100 100 7
91 94 99 869 857 109 93 240 1263 139 97 98 8
90 87 88 123 174 95 87 92 167 93 85 90 9
96 97 97 99 98 100 91 97 91 98 93 100 10
108 107 102 101 103 101 98 99 101 102 97 15000 11
Chip#4
102 97 102 96 100 101 103 99 101 92 103 95 0
98 96 94 96 97 97 98 96 100 94 96 95 1
102 101 109 104 104 105 110 100 106 101 102 103 2
101 99 103 101 106 102 104 99 104 104 102 103 3
98 98 102 96 116 101 104 96 111 107 103 100 4
100 97 97 99 100 101 103 103 104 98 101 100 5
104 103 107 100 100 106 106 99 103 100 105 103 6
100 100 102 96 104 100 106 100 104 100 102 101 7
102 98 100 100 113 104 103 102 104 107 98 96 8
103 96 99 99 103 102 100 92 100 96 95 98 9
101 99 100 96 100 100 101 96 103 96 99 96 10
102 101 107 101 101 100 101 104 100 98 102 15000 11
Chip#1
114 109 111 102 102 103 106 105 109 111 106 108 0
102 102 103 102 101 104 100 105 103 99 103 99 1
92 104 102 587 269 102 100 311 452 103 94 94 2
106 105 111 1272 209 108 106 749 836 108 106 102 3
100 104 105 140 102 107 107 126 193 107 103 103 4
109 108 108 105 108 113 112 112 111 110 113 106 5
98 102 102 134 114 102 104 126 130 101 99 95 6
105 109 109 1260 679 106 108 897 977 107 106 102 7
101 100 104 563 323 103 104 497 304 102 99 98 8
102 104 103 107 100 102 100 103 100 101 99 97 9
118 106 113 104 102 109 110 109 105 107 105 112 10
117 108 107 101 97 103 103 108 107 105 108 15000 11
Chip#2
102 100 101 102 102 100 100 99 95 98 100 99 0
99 93 92 97 99 94 97 99 100 92 96 97 1
104 97 99 103 310 120 101 100 120 128 102 100 2
100 92 95 141 685 372 99 100 416 750 101 93 3
105 103 102 111 191 112 105 100 245 371 103 107 4
98 98 102 103 105 99 105 100 110 101 97 99 5
108 99 102 104 114 110 105 100 122 110 102 100 6
108 97 98 109 743 307 101 100 550 472 99 99 7
101 102 103 106 552 263 101 100 266 556 101 96 8
104 99 103 104 105 102 105 100 107 113 101 104 9
108 99 106 106 102 105 104 100 101 98 99 98 10
101 107 107 102 102 97 104 100 103 104 101 15000 11
Chip#3
97 92 96 99 96 100 98 96 93 97 97 97 0
100 100 99 106 107 110 102 108 102 107 101 105 1
90 94 99 98 99 102 95 96 99 100 94 97 2
95 90 90 159 185 99 93 136 184 102 88 96 3
100 96 98 163 184 108 94 118 195 110 104 104 4
92 90 96 99 96 103 94 92 95 96 89 93 5
91 89 94 97 98 99 94 93 93 96 90 96 6
95 92 93 119 105 103 93 99 170 103 94 98 7
98 92 96 188 193 102 97 110 239 105 93 98 8
98 100 102 109 110 106 103 99 108 102 98 100 9
98 96 98 97 99 100 91 94 93 101 93 99 10
100 96 95 99 92 100 91 94 96 95 88 15000 11
Chip#4
102 100 103 101 101 105 104 99 106 100 102 101 0
107 103 106 107 109 104 113 102 108 104 103 105 1
110 106 112 108 104 105 114 106 107 107 105 105 2
105 101 109 104 127 110 110 104 113 119 106 104 3
101 94 103 101 141 114 104 97 127 119 101 97 4
110 109 106 103 106 106 110 112 116 104 108 104 5
102 101 104 96 107 101 104 102 101 100 98 97 6
105 102 109 108 106 110 108 101 110 109 102 105 7
110 105 112 110 141 115 110 107 120 138 105 103 8
111 103 110 111 125 108 110 109 111 112 105 108 9
115 109 110 110 110 106 111 112 110 107 111 108 10
104 104 104 96 104 98 104 103 101 100 98 15000 11
Chip#1
106 106 109 102 97 109 103 103 101 103 105 105 0
104 103 104 102 98 106 103 105 107 111 108 102 1
101 101 103 587 275 102 103 319 453 107 101 99 2
109 105 117 1279 213 112 105 751 841 108 103 104 3
87 95 95 131 95 94 99 122 190 100 94 89 4
101 101 102 106 98 109 106 102 109 103 106 100 5
96 103 103 136 114 106 103 125 139 102 102 99 6
101 101 116 1259 678 106 109 895 982 110 104 105 7
97 101 107 561 323 104 107 494 300 110 99 94 8
106 108 109 110 106 109 104 114 113 106 108 99 9
111 103 104 102 97 102 105 102 97 99 102 104 10
113 108 104 101 97 109 105 100 105 102 110 15000 11
Chip#2
108 102 106 103 102 101 107 100 104 104 102 105 0
105 103 103 106 102 98 107 100 102 104 104 106 1
100 99 101 101 313 122 107 100 118 128 102 99 2
97 94 97 139 692 373 99 100 415 755 102 93 3
108 102 106 111 194 115 109 102 246 373 103 106 4
105 105 106 110 105 109 113 100 110 109 109 106 5
100 98 106 108 114 108 112 100 120 117 106 100 6
106 104 106 107 743 315 114 100 550 475 110 108 7
95 94 98 103 548 259 99 100 261 546 96 95 8
106 100 109 108 105 107 110 100 111 115 106 102 9
106 100 99 102 102 100 104 100 105 100 99 102 10
111 111 108 103 102 103 108 100 106 104 108 15000 11
Chip#3
92 90 89 97 95 98 92 91 97 98 90 95 0
98 90 93 98 97 100 94 93 97 97 96 98 1
100 95 98 97 103 104 94 101 102 97 93 98 2
92 94 90 162 185 99 89 132 183 98 90 95 3
91 95 90 160 177 102 92 111 190 101 90 95 4
98 98 99 106 101 108 99 101 101 99 97 100 5
99 99 100 97 104 105 98 104 98 101 99 98 6
95 91 92 121 102 101 91 98 162 97 92 92 7
92 92 92 188 194 102 91 111 239 102 93 94 8
96 91 93 103 113 100 93 94 104 98 93 98 9
92 93 96 95 94 103 92 96 96 98 93 97 10
87 94 93 99 94 98 89 92 93 94 89 15000 11
Chip#4
111 114 113 108 113 109 113 112 107 112 108 108 0
105 102 106 110 106 108 114 108 105 102 108 104 1
102 105 107 107 107 108 111 107 107 107 102 104 2
113 112 113 115 142 120 117 115 121 135 116 110 3
104 105 107 104 154 122 106 105 142 134 106 97 4
105 107 100 110 103 106 111 106 110 105 103 105 5
108 107 113 113 112 114 111 109 115 108 112 109 6
105 105 112 107 109 108 107 108 114 113 108 105 7
110 105 107 115 154 118 113 108 128 146 102 103 8
102 98 104 104 132 108 106 111 108 107 105 103 9
107 105 104 107 103 106 111 111 104 100 105 100 10
111 106 107 108 110 110 111 109 111 107 114 15000 11
Chip#1
108 101 100 101 98 107 104 99 100 102 105 103 0
110 109 114 112 108 119 113 112 111 115 110 113 1
102 102 102 590 274 103 104 316 449 106 97 95 2
98 101 112 1271 207 107 103 747 830 105 102 97 3
102 104 105 142 102 108 107 126 190 106 103 102 4
97 109 105 102 102 103 106 103 102 105 101 100 5
106 109 109 140 125 108 110 140 140 108 104 103 6
105 108 117 1255 680 109 109 876 977 113 108 106 7
102 106 111 569 329 111 105 498 307 107 103 104 8
105 103 99 104 98 102 104 107 101 102 102 99 9
113 108 103 102 98 106 105 104 104 103 101 110 10
114 108 105 101 95 104 99 102 100 105 105 15000 11
Chip#2
105 99 99 98 105 99 104 100 104 102 101 100 0
106 100 98 100 103 105 103 100 102 98 99 100 1
109 104 106 110 312 127 108 100 123 132 103 99 2
104 100 105 148 698 379 105 100 418 752 104 106 3
109 105 103 109 191 115 110 101 249 374 109 104 4
106 103 99 103 105 105 109 100 109 99 103 107 5
101 100 101 104 114 106 106 100 121 112 99 101 6
110 102 104 106 744 305 105 100 544 475 107 102 7
106 105 109 106 552 263 109 101 268 550 102 106 8
108 102 103 100 114 107 105 100 112 115 106 104 9
106 98 98 96 101 98 104 100 98 98 98 101 10
108 109 106 104 105 98 107 100 100 103 102 15000 11
Chip#3
98 94 94 103 98 102 95 95 97 98 98 102 0
96 96 99 99 100 106 99 101 101 102 98 102 1
98 98 96 101 103 104 91 99 97 101 93 98 2
96 95 98 164 190 106 95 137 187 100 95 99 3
95 96 95 161 183 101 95 119 187 106 98 100 4
92 95 96 99 99 98 91 96 92 96 90 97 5
95 95 96 99 100 102 93 98 97 98 94 100 6
92 92 96 121 99 99 90 103 163 96 90 96 7
99 99 98 195 197 103 98 121 239 107 97 102 8
100 100 101 109 112 106 101 102 110 106 99 103 9
91 89 90 99 90 96 92 92 91 98 89 92 10
92 96 90 92 90 98 89 96 95 95 88 15000 11
Chip#4
104 109 109 107 104 109 111 106 110 105 104 109 0
101 102 106 103 104 101 110 102 104 103 102 105 1
105 102 112 108 103 101 113 105 104 104 105 102 2
107 101 110 103 148 114 107 106 114 130 105 105 3
110 106 112 110 160 132 116 114 146 146 111 110 4
111 115 113 118 116 113 120 119 117 113 118 114 5
108 101 109 104 106 105 108 108 108 100 106 112 6
104 103 114 110 107 108 113 107 114 113 106 105 7
107 106 109 110 155 122 113 109 141 152 105 107 8
108 106 112 110 147 113 117 111 121 112 114 112 9
113 109 114 111 112 109 110 109 111 103 108 110 10
118 114 113 122 118 117 120 116 115 115 116 15000 11
Chip#1
114 108 107 102 103 105 108 108 110 108 109 112 0
108 104 107 106 96 104 104 108 110 103 104 100 1
104 108 105 593 274 102 105 322 459 105 104 103 2
106 101 116 1266 208 103 104 747 831 105 103 97 3
108 109 111 143 106 108 111 130 196 110 106 107 4
105 109 109 109 103 107 108 114 110 103 101 103 5
101 105 108 135 116 106 103 131 139 102 101 98 6
98 103 111 1242 667 104 103 899 969 102 98 95 7
106 108 114 572 328 113 115 499 308 107 105 99 8
96 103 107 106 97 103 103 100 104 100 101 94 9
124 108 112 109 108 109 108 113 111 110 110 112 10
115 108 108 95 96 97 100 103 103 102 102 15000 11
Chip#2
106 104 105 103 102 101 100 100 105 103 107 100 0
103 100 104 104 104 103 108 100 110 105 101 104 1
104 100 105 103 293 125 104 100 120 128 107 102 2
96 97 99 137 638 356 100 100 387 697 102 98 3
98 98 98 95 175 104 104 100 231 344 99 98 4
99 92 94 99 97 99 99 100 102 93 98 98 5
99 98 99 98 114 101 98 100 112 103 97 100 6
101 95 101 99 691 290 100 100 503 433 98 97 7
100 100 102 108 513 251 101 100 251 521 103 99 8
100 100 97 102 105 102 103 100 109 109 98 98 9
102 102 99 102 103 103 101 100 102 103 99 99 10
99 104 96 95 99 98 104 100 104 97 97 15000 11
Chip#3
101 91 94 99 99 102 98 97 100 98 94 100 0
99 91 94 99 101 102 94 98 96 99 98 98 1
96 94 93 100 98 103 97 101 102 100 94 97 2
92 91 90 160 187 102 88 131 184 97 88 92 3
96 94 94 164 183 103 93 116 191 107 97 102 4
90 88 94 97 99 103 94 94 92 94 88 95 5
92 87 88 95 95 98 90 96 92 95 89 96 6
91 87 88 119 98 95 89 96 162 96 87 92 7
95 91 99 193 198 103 94 116 239 105 94 99 8
95 91 92 101 110 102 93 101 104 98 89 98 9
92 89 90 100 98 96 88 98 95 95 93 93 10
99 95 94 97 99 102 94 98 98 98 95 15000 11
Chip#4
113 112 113 108 115 112 113 114 116 108 109 109 0
117 114 114 113 118 115 121 109 116 108 115 114 1
111 110 114 108 112 109 114 106 113 108 112 111 2
112 109 113 108 154 123 116 112 120 138 106 107 3
108 114 119 111 177 143 118 118 151 162 114 112 4
105 109 112 111 113 113 113 108 111 107 105 109 5
102 102 107 107 110 102 110 108 111 104 106 109 6
104 101 116 110 114 113 113 111 118 116 109 108 7
105 100 107 108 155 122 110 103 137 161 99 104 8
111 112 119 113 154 118 117 115 120 119 109 117 9
114 115 117 120 118 113 116 115 115 109 113 109 10
122 117 127 120 124 116 121 122 123 116 117 15000 11
Chip#1
109 106 107 104 95 103 107 100 109 106 105 109 0
100 100 103 102 91 99 100 105 103 96 98 93 1
104 108 108 595 275 107 105 321 462 108 108 102 2
109 108 122 1282 210 106 107 748 843 108 110 108 3
108 109 113 142 105 107 111 133 197 103 105 105 4
106 106 109 110 98 106 105 109 109 103 99 102 5
104 108 109 139 116 113 109 131 139 107 105 100 6
110 109 119 1256 679 111 112 901 980 108 105 103 7
100 103 108 562 326 102 105 496 304 106 102 102 8
96 95 100 102 92 97 97 98 101 97 95 95 9
111 108 105 103 96 107 103 102 101 99 102 104 10
110 103 100 96 92 97 99 102 99 101 110 15000 11
Chip#2
103 98 101 97 99 94 105 100 101 94 98 102 0
97 99 101 105 102 104 107 100 104 103 98 104 1
99 97 104 100 291 117 103 100 117 128 101 95 2
100 99 102 139 639 356 104 100 391 693 99 95 3
104 99 104 108 184 113 110 100 231 349 104 102 4
100 103 98 108 104 107 108 100 107 100 104 98 5
100 97 102 104 114 104 101 100 113 106 101 98 6
100 98 99 101 684 289 101 100 502 437 106 99 7
104 100 106 110 518 258 104 100 253 521 104 101 8
105 98 103 107 105 108 105 100 108 114 104 103 9
108 100 103 101 102 105 103 100 105 104 99 102 10
109 105 102 106 102 104 110 101 107 103 104 15000 11
Chip#3
104 100 96 100 99 105 101 96 97 101 95 102 0
95 95 95 105 100 104 94 98 102 97 98 102 1
86 87 90 89 92 95 88 92 87 88 89 92 2
90 89 88 163 183 99 95 133 184 96 90 95 3
96 94 94 163 181 105 99 116 191 105 93 98 4
92 98 93 100 99 105 95 96 92 94 94 98 5
92 94 89 95 96 97 89 93 93 92 93 95 6
93 95 99 128 103 105 93 98 161 101 94 98 7
98 98 93 190 193 106 95 118 239 105 99 100 8
102 104 104 110 113 106 101 104 110 105 100 102 9
96 94 95 97 100 104 94 94 96 98 93 103 10
89 93 92 99 91 95 91 90 91 93 94 15000 11
Chip#4
111 114 114 117 113 116 118 119 116 111 119 114 0
105 110 114 110 115 109 117 108 110 108 108 112 1
110 111 113 108 109 111 118 114 113 111 112 109 2
115 110 116 111 155 125 117 114 121 146 115 112 3
111 110 116 108 188 144 116 112 152 155 115 108 4
105 106 110 110 113 113 111 111 110 108 112 107 5
115 110 119 117 118 117 120 122 118 116 118 117 6
118 111 120 118 123 117 120 122 124 127 122 112 7
113 114 114 118 173 133 120 116 145 183 106 113 8
121 116 120 122 154 116 121 122 127 125 117 117 9
102 106 109 106 106 105 106 104 107 103 105 100 10
120 106 116 119 112 108 114 121 114 113 112 15000 11
Chip#1
110 105 107 101 99 102 107 104 108 102 108 110 0
110 105 109 106 104 107 103 105 109 107 105 105 1
106 105 112 597 275 106 108 317 454 106 106 100 2
108 105 114 1278 211 108 113 749 836 108 105 103 3
105 105 112 140 109 112 110 133 195 106 106 108 4
110 108 114 111 107 109 112 112 113 106 108 103 5
96 96 104 133 114 100 100 123 132 95 101 97 6
102 106 114 1254 675 110 107 894 976 108 106 100 7
101 105 107 562 327 99 103 490 302 106 102 100 8
108 108 105 106 104 107 108 107 111 102 101 97 9
118 105 107 103 102 105 103 102 103 102 105 112 10
115 109 105 101 96 102 108 98 105 110 106 15000 11
Chip#2
105 100 101 106 102 104 101 100 99 100 101 101 0
103 96 96 99 98 97 100 100 99 98 99 99 1
100 95 101 99 272 112 101 100 114 127 101 97 2
105 102 107 143 600 336 104 100 369 639 101 107 3
105 103 108 113 177 115 108 106 225 333 107 106 4
104 99 109 105 105 104 103 100 111 103 103 101 5
105 105 101 101 105 104 100 100 116 110 99 100 6
105 100 103 106 634 275 105 100 472 406 104 100 7
100 99 97 104 473 237 105 100 240 482 102 108 8
109 103 109 109 105 109 110 101 115 120 106 107 9
104 99 102 100 99 101 107 100 102 103 98 101 10
109 111 106 110 99 105 103 100 110 110 108 15000 11
Chip#3
95 90 89 97 91 103 88 92 95 95 88 96 0
100 96 97 104 101 103 94 98 98 100 99 97 1
101 100 99 107 107 109 101 102 102 107 102 102 2
91 92 94 164 185 98 91 131 185 98 93 97 3
101 96 94 162 181 102 95 114 190 106 96 102 4
94 88 89 97 95 101 90 92 93 93 90 98 5
98 96 96 103 99 106 93 96 97 96 95 98 6
95 95 94 125 110 103 95 105 166 105 100 100 7
98 99 102 198 202 109 97 120 239 112 98 101 8
95 94 96 106 110 104 98 99 108 101 92 98 9
101 96 95 103 99 106 95 98 97 101 96 102 10
91 95 90 97 94 102 90 94 95 96 94 15000 11
Chip#4
118 115 119 118 118 114 118 118 117 115 117 118 0
113 105 114 113 114 109 114 116 111 108 109 111 1
115 109 117 115 113 117 118 116 111 113 115 113 2
110 109 116 110 155 127 120 114 121 146 114 114 3
111 106 113 110 193 141 114 109 159 157 112 105 4
111 110 112 110 112 112 114 115 111 108 115 113 5
111 112 117 111 114 116 114 116 116 113 116 114 6
110 109 116 105 118 116 116 116 118 123 109 109 7
115 109 114 125 186 140 118 116 146 194 116 112 8
111 105 119 114 154 116 117 113 118 119 111 112 9
111 111 110 114 115 117 117 116 111 105 116 112 10
115 109 113 114 116 110 117 118 114 111 116 15000 11
