Chip#1
124 130 123 128 128 129 128 132 128 126 125 123 0
126 121 121 127 122 124 127 127 129 122 121 125 1
124 121 122 126 121 127 127 125 123 124 115 117 2
119 125 121 122 123 127 125 127 129 123 118 121 3
116 120 119 126 119 120 122 122 122 120 120 119 4
122 125 153 152 123 160 183 127 124 120 117 121 5
121 121 133 134 121 143 153 122 129 120 116 119 6
121 119 118 130 121 125 127 125 123 119 116 116 7
117 118 158 163 119 141 148 122 124 120 116 117 8
121 123 145 145 124 143 145 123 126 122 116 125 9
115 126 118 124 121 119 123 122 123 126 113 120 10
122 121 118 122 118 124 123 123 124 120 117 15000 11
Chip#1
121 121 121 126 124 126 126 124 126 118 122 122 0
120 115 115 118 116 126 121 122 121 114 118 115 1
121 115 118 123 112 118 120 120 121 123 117 114 2
121 120 122 126 122 125 126 126 122 123 120 121 3
115 119 117 126 117 124 123 124 123 116 118 119 4
121 120 178 184 124 191 239 126 126 124 121 122 5
119 125 144 151 123 161 183 125 125 122 120 121 6
113 112 110 117 110 118 113 111 115 107 109 110 7
115 121 198 203 123 159 165 123 120 115 116 119 8
117 116 166 163 116 161 163 119 128 116 117 120 9
119 121 119 118 121 122 122 122 121 115 117 115 10
122 120 121 117 119 121 125 120 121 118 114 15000 11
Chip#1
119 123 121 124 117 124 122 123 123 118 117 123 0
121 118 122 128 124 127 126 124 128 126 121 117 1
117 120 122 129 118 128 130 124 124 132 120 119 2
126 126 125 135 124 131 133 132 128 135 126 127 3
121 126 128 133 122 131 136 125 124 120 121 119 4
121 121 323 322 121 343 505 133 130 124 116 114 5
128 125 201 209 126 244 331 130 130 132 121 125 6
127 131 128 138 124 133 130 131 130 127 123 125 7
121 130 420 410 124 251 273 133 130 122 122 126 8
120 118 296 273 117 245 268 119 123 116 116 119 9
119 119 122 127 124 122 126 122 121 122 120 120 10
130 133 124 135 123 128 128 131 124 127 126 15000 11
Chip#1
115 118 116 123 115 118 119 120 119 114 118 113 0
122 121 124 130 119 130 132 125 128 126 121 126 1
119 118 127 130 121 126 134 126 126 134 117 116 2
120 119 123 128 122 126 133 124 124 130 117 115 3
116 118 126 127 117 127 136 126 125 111 111 115 4
117 125 378 382 128 409 621 136 129 136 123 122 5
121 120 227 227 130 274 392 131 129 131 123 123 6
120 119 126 129 121 126 123 122 126 123 116 117 7
122 128 493 478 131 289 324 132 134 131 126 123 8
120 124 346 315 124 286 313 127 123 122 121 123 9
123 120 124 130 123 126 128 124 125 123 123 121 10
122 116 119 119 122 119 123 120 124 123 120 15000 11
Chip#1
121 124 121 123 122 122 122 124 126 118 118 119 0
109 115 113 116 119 118 119 117 120 112 110 111 1
127 125 132 140 124 133 140 129 135 147 125 122 2
120 118 117 123 123 128 130 123 129 130 118 121 3
120 118 130 133 122 130 133 127 126 120 118 115 4
117 120 403 406 124 437 667 138 131 132 116 117 5
114 115 227 225 119 285 408 126 125 122 113 114 6
126 123 129 133 124 125 126 127 126 119 118 119 7
123 128 529 511 129 303 338 129 128 122 122 120 8
129 123 378 334 126 306 344 134 131 126 125 126 9
124 121 123 124 122 125 126 129 128 122 112 122 10
123 116 116 116 116 121 120 120 123 115 116 15000 11
Chip#1
130 129 123 129 130 130 129 130 130 124 123 127 0
127 125 125 129 129 131 125 127 128 131 122 123 1
120 123 122 130 116 126 134 123 129 134 112 116 2
119 121 117 127 122 124 129 124 122 124 115 116 3
119 121 124 130 117 126 135 124 125 119 116 117 4
122 121 434 431 125 466 729 140 129 134 120 120 5
122 121 242 243 124 308 447 135 130 134 116 121 6
122 121 130 138 124 125 130 127 124 128 121 123 7
117 124 571 539 125 315 355 125 128 123 118 121 8
126 125 398 357 124 319 356 129 124 127 120 126 9
122 121 123 123 118 124 122 122 122 119 115 117 10
129 125 124 127 125 125 126 126 126 126 121 15000 11
