Chipdp
84 2 68 4 16 11 4 1 6 2 6 1 7 2 7 4 4 6 5 6 4 7 5 7 4 7 6 8 6 7 7 8 7 4 10 6 11 6 10 7 11 7 4 1 9 2 9 1 10 2 10 4 4 9 5 9 4 10 5 10 4 7 9 8 9 7 10 8 10 4 10 9 11 9 10 10 11 10 4 1 3 2 3 1 4 2 4 4 4 3 5 3 4 4 5 4 4 7 3 8 3 7 4 8 4 4 10 3 11 3 10 4 11 4 4 1 0 2 0 1 1 2 1 4 4 0 5 0 4 1 5 1 4 7 0 8 0 7 1 8 1 4 10 0 11 0 10 1 11 1 4 1 6 2 6 1 7 2 7 4 4 6 5 6 4 7 5 7 4 7 6 8 6 7 7 8 7 4 10 6 11 6 10 7 11 7 4 1 9 2 9 1 10 2 10 4 4 9 5 9 4 10 5 10 4 7 9 8 9 7 10 8 10 4 10 9 11 9 10 10 11 10 4 1 3 2 3 1 4 2 4 4 4 3 5 3 4 4 5 4 4 7 3 8 3 7 4 8 4 4 10 3 11 3 10 4 11 4 4 1 0 2 0 1 1 2 1 4 4 0 5 0 4 1 5 1 4 7 0 8 0 7 1 8 1 4 10 0 11 0 10 1 11 1 4 6 0 7 0 6 1 7 1 4 6 3 7 3 6 4 7 4 4 6 6 7 6 6 7 7 7 4 6 9 7 9 6 10 7 10 4 9 0 10 0 9 1 10 1 4 9 3 10 3 9 4 10 4 4 9 6 10 6 9 7 10 7 4 9 9 10 9 9 10 10 10 4 3 0 4 0 3 1 4 1 4 3 3 4 3 3 4 4 4 4 3 6 4 6 3 7 4 7 4 3 9 4 9 3 10 4 10 4 0 0 1 0 0 1 1 1 4 0 3 1 3 0 4 1 4 4 0 6 1 6 0 7 1 7 4 0 9 1 9 0 10 1 10 4 7 0 8 0 7 1 8 1 4 7 3 8 3 7 4 8 4 4 7 6 8 6 7 7 8 7 4 7 9 8 9 7 10 8 10 4 10 0 11 0 10 1 11 1 4 10 3 11 3 10 4 11 4 4 10 6 11 6 10 7 11 7 4 10 9 11 9 10 10 11 10 4 4 0 5 0 4 1 5 1 4 4 3 5 3 4 4 5 4 4 4 6 5 6 4 7 5 7 4 4 9 5 9 4 10 5 10 4 1 0 2 0 1 1 2 1 4 1 3 2 3 1 4 2 4 4 1 6 2 6 1 7 2 0 0 
Chip#1
100 104 97 101 104 99 107 106 100 98 98 107 0
96 100 95 94 104 94 103 99 99 91 92 103 1
99 106 98 99 104 106 103 99 97 99 100 108 2
99 105 94 99 104 98 103 101 101 101 96 102 3
104 104 93 95 104 98 103 102 99 99 96 104 4
96 104 94 93 104 95 103 102 95 97 99 103 5
110 110 107 109 105 106 109 110 107 107 107 113 6
104 106 98 99 104 99 105 104 102 100 101 104 7
99 102 99 102 104 98 105 102 101 104 100 103 8
94 100 92 94 95 92 105 98 96 95 95 98 9
100 101 95 97 104 99 103 102 94 100 99 103 10
101 109 99 104 104 103 108 124 102 99 104 15000 11
Chip#1
95 101 95 98 104 96 108 103 97 100 98 99 0
99 104 94 99 104 99 106 102 97 103 101 103 1
104 110 97 106 95 95 107 105 100 98 99 104 2
98 109 92 99 104 100 101 102 104 100 99 99 3
103 106 103 99 104 103 106 104 101 99 99 105 4
101 106 100 98 104 102 105 103 102 100 105 102 5
93 104 92 95 104 96 105 102 97 95 98 101 6
101 103 100 100 104 100 102 105 102 100 107 102 7
93 95 90 95 104 91 102 98 95 92 90 98 8
94 96 90 94 96 92 90 96 91 92 94 91 9
99 105 99 104 104 102 109 108 102 101 102 105 10
104 101 100 103 104 96 102 105 104 100 99 15000 11
Chip#1
95 104 93 97 104 96 101 104 100 98 96 101 0
98 105 92 98 104 95 101 97 96 94 99 99 1
96 104 93 93 98 94 101 97 96 98 96 98 2
104 110 97 103 104 102 105 107 102 101 100 103 3
106 106 100 108 104 106 109 105 109 106 100 105 4
90 94 89 93 93 85 109 95 94 87 89 92 5
103 105 97 102 104 106 105 107 102 98 100 103 6
100 98 94 98 101 96 105 104 99 98 94 101 7
93 101 95 93 104 90 105 98 96 98 93 98 8
93 100 88 95 104 95 105 98 102 97 89 96 9
106 112 100 103 104 107 109 124 108 105 102 107 10
104 110 102 106 104 107 106 109 101 103 102 15000 11
