Chipdp
65 100 200 4 4 6 9 7 3 7 4 7 5 8 3 8 4 8 5 9 3 9 4 9 5 9 7 7 7 8 7 9 8 7 8 8 8 9 9 7 9 8 9 9 9 3 3 3 4 3 5 4 3 4 4 4 5 5 3 5 4 5 5 9 3 7 3 8 3 9 4 7 4 8 4 9 5 7 5 8 5 9 9 7 3 7 4 7 5 8 3 8 4 8 5 9 3 9 4 9 5 9 7 7 7 8 7 9 8 7 8 8 8 9 9 7 9 8 9 9 9 3 3 3 4 3 5 4 3 4 4 4 5 5 3 5 4 5 5 9 3 7 3 8 3 9 4 7 4 8 4 9 5 7 5 8 5 9 9 4 2 4 3 4 4 6 2 6 3 6 4 5 2 5 3 5 4 9 4 7 4 8 4 9 5 7 5 8 5 9 6 7 6 8 6 9 9 8 2 8 3 8 4 9 2 9 3 9 4 10 2 10 3 10 4 9 8 7 8 8 8 9 9 7 9 8 9 9 10 7 10 8 10 9 9 4 3 4 4 4 5 5 3 5 4 5 5 6 3 6 4 6 5 9 4 7 4 8 4 9 5 7 5 8 5 9 6 7 6 8 6 9 9 8 3 8 4 8 5 9 3 9 4 9 5 10 3 10 4 10 5 9 8 7 8 8 8 9 9 7 9 8 9 9 10 7 10 8 10 9 
Chip#1
104 102 106 99 92 100 98 98 98 96 101 96 0
125 109 123 120 111 113 119 120 122 111 117 119 1
104 103 108 103 101 100 105 107 107 100 94 96 2
106 99 125 659 197 99 106 309 341 97 105 101 3
106 108 114 390 107 101 108 239 275 98 103 101 4
107 98 108 106 99 98 107 102 105 98 99 97 5
104 106 107 104 102 103 105 103 107 102 105 98 6
103 102 104 261 143 100 102 206 274 97 97 96 7
98 97 113 457 260 98 101 528 397 95 101 93 8
106 103 109 112 97 99 102 113 114 98 99 99 9
116 107 113 113 108 105 111 108 109 108 106 108 10
115 102 107 102 99 100 103 103 102 98 105 15000 11
Chip#2
109 106 106 107 104 104 107 100 110 101 105 107 0
112 110 113 111 104 113 116 104 118 108 111 113 1
108 100 104 106 88 100 106 99 113 102 104 102 2
106 99 107 117 461 141 105 100 211 223 104 103 3
108 105 110 139 433 143 108 100 270 318 107 111 4
114 110 114 110 104 113 112 100 115 108 109 113 5
109 102 110 110 104 106 108 100 110 104 106 108 6
108 105 107 104 174 108 110 100 185 129 106 106 7
103 102 106 116 322 172 105 100 475 366 105 105 8
109 101 108 104 156 103 115 100 147 143 105 104 9
119 111 110 108 104 107 115 100 109 110 105 109 10
114 111 108 108 104 106 106 101 113 107 105 15000 11
Chip#1
116 106 108 107 100 103 112 106 105 103 111 104 0
112 102 104 104 101 103 106 103 103 104 101 107 1
104 101 98 99 97 95 107 103 97 100 99 96 2
112 107 121 674 209 99 107 314 348 102 103 102 3
104 103 111 390 106 94 102 236 272 100 102 97 4
104 105 103 103 96 99 100 101 105 101 99 98 5
111 103 106 103 100 98 102 103 105 103 101 102 6
106 105 109 266 147 99 107 213 274 103 99 101 7
108 107 117 473 276 103 103 545 411 102 105 103 8
103 108 107 113 105 101 107 121 118 101 99 98 9
110 105 106 103 105 97 105 101 102 97 101 99 10
107 98 103 98 96 97 97 100 95 101 98 15000 11
Chip#2
114 106 114 106 104 103 113 100 113 107 106 104 0
105 103 106 102 101 101 107 99 104 102 100 102 1
115 106 113 110 101 107 116 100 113 107 105 109 2
103 103 109 114 466 143 110 100 216 223 97 102 3
106 102 111 137 438 149 110 100 271 321 104 102 4
108 106 109 108 104 116 115 100 118 109 104 109 5
103 100 103 101 104 104 111 100 110 103 105 103 6
113 108 111 108 178 104 106 100 201 135 97 104 7
108 112 111 119 333 181 112 104 487 382 105 109 8
108 108 111 107 158 107 107 100 147 148 106 105 9
113 108 116 111 88 109 114 100 112 104 102 106 10
122 112 114 112 104 111 116 103 118 108 112 15000 11
Chip#1
110 98 101 101 100 100 100 101 98 97 102 99 0
111 103 104 97 100 100 105 102 102 95 105 102 1
112 103 109 108 106 110 106 106 102 100 106 102 2
111 108 131 688 212 111 110 321 357 109 111 107 3
108 106 111 399 113 105 108 239 278 103 113 103 4
104 101 104 104 99 103 101 102 99 97 101 101 5
107 102 98 103 105 100 105 103 106 97 106 98 6
104 101 102 268 149 97 103 212 277 96 101 98 7
94 93 106 473 270 97 98 544 408 92 98 92 8
112 106 109 115 111 110 110 126 121 104 110 106 9
106 101 102 96 96 95 98 96 101 98 102 101 10
124 107 111 106 107 104 107 117 105 104 110 15000 11
Chip#2
112 103 115 104 104 104 111 100 109 104 107 107 0
111 107 113 110 104 111 110 100 114 109 107 111 1
109 105 110 107 104 109 106 100 110 103 109 108 2
108 99 110 116 475 148 107 100 213 229 104 104 3
105 101 114 134 444 148 112 100 271 325 99 108 4
106 99 110 103 104 106 106 100 110 97 100 106 5
109 106 110 111 104 108 110 100 113 104 106 109 6
106 102 109 103 178 102 107 99 185 131 105 105 7
108 103 108 116 336 182 110 100 489 384 104 103 8
105 108 110 107 158 112 108 100 146 148 109 113 9
114 100 110 104 104 103 111 100 107 104 100 108 10
114 103 110 101 101 101 103 99 109 101 97 15000 11
Chip#1
106 99 103 101 99 95 98 98 98 97 98 97 0
110 102 101 97 99 101 100 105 103 97 102 99 1
111 105 108 104 101 105 110 106 103 103 103 102 2
108 99 123 686 205 100 103 321 348 97 97 98 3
110 102 109 403 111 101 107 239 288 102 103 102 4
101 94 103 96 92 95 105 96 94 95 94 95 5
106 108 107 106 103 101 106 108 103 102 102 99 6
110 100 107 274 148 100 106 212 286 97 99 98 7
110 101 114 478 280 100 101 561 421 101 95 97 8
110 101 103 114 106 100 105 120 119 102 101 103 9
104 96 101 101 96 98 100 100 94 97 91 93 10
112 99 102 103 97 98 102 101 103 101 103 15000 11
Chip#2
114 111 111 103 101 104 108 100 109 103 105 108 0
112 107 109 103 101 108 110 100 107 106 104 114 1
108 105 111 107 102 96 105 100 107 104 102 105 2
108 107 109 112 478 146 101 99 213 231 99 104 3
110 107 111 139 448 145 107 100 273 335 107 115 4
109 106 111 104 88 106 106 100 112 104 106 107 5
110 110 111 106 104 106 110 100 114 110 106 109 6
116 107 113 109 181 108 114 100 201 141 109 109 7
111 106 113 117 340 178 114 100 500 391 104 112 8
112 105 115 104 165 107 110 101 152 153 105 109 9
110 106 115 107 104 103 110 100 109 107 105 107 10
121 112 110 104 104 108 113 100 112 110 106 15000 11
Chip#1
112 106 104 103 102 100 100 101 102 102 105 104 0
115 108 111 104 105 104 111 110 106 103 106 102 1
101 98 99 98 92 95 97 102 94 93 87 92 2
106 101 122 697 206 99 101 319 346 96 93 95 3
110 108 116 410 111 105 112 249 289 104 107 106 4
106 103 107 103 101 100 105 107 101 98 101 97 5
111 102 103 106 101 104 110 103 105 101 101 101 6
108 108 104 274 152 103 105 219 293 98 105 102 7
103 97 113 482 281 102 101 572 421 92 97 95 8
103 101 106 113 102 101 101 118 113 93 101 98 9
108 97 106 101 102 100 102 103 102 97 102 99 10
114 98 108 101 102 98 103 101 97 97 102 15000 11
Chip#2
114 102 111 104 88 100 105 99 109 101 106 106 0
106 101 100 102 88 102 103 100 105 96 101 102 1
113 101 110 104 88 101 106 99 104 106 102 105 2
111 105 110 118 493 154 111 100 227 244 107 109 3
114 106 115 141 460 150 113 102 283 340 110 108 4
106 101 109 104 88 102 110 100 112 98 104 108 5
109 101 110 109 104 104 115 102 113 102 109 108 6
104 99 109 103 181 103 108 100 201 135 104 104 7
115 106 113 122 345 184 115 101 512 403 109 111 8
116 111 117 114 168 112 119 106 157 152 111 109 9
115 110 115 107 104 109 113 100 112 104 110 108 10
123 111 115 110 104 108 112 100 112 108 107 15000 11
Chip#1
104 96 101 96 89 95 100 96 90 90 94 99 0
116 105 109 108 105 109 106 111 105 106 99 107 1
103 93 103 99 92 95 98 97 97 95 94 91 2
102 105 122 708 211 99 101 322 358 101 99 96 3
106 98 109 410 107 101 103 248 285 101 101 97 4
104 105 107 107 102 100 105 108 105 100 95 95 5
108 99 104 104 103 103 105 105 103 98 101 101 6
108 102 102 278 149 101 106 221 295 102 99 102 7
102 101 112 486 277 99 109 570 421 100 95 98 8
101 105 104 109 101 98 102 123 118 101 97 102 9
106 96 104 103 96 99 103 100 98 97 98 102 10
120 108 108 106 102 99 110 101 105 100 98 15000 11
Chip#2
115 108 114 108 88 102 107 100 107 104 107 109 0
102 95 103 97 99 103 103 99 100 98 101 101 1
109 107 108 104 99 106 105 99 109 102 104 106 2
114 103 114 119 489 154 110 100 225 241 110 112 3
114 105 117 141 458 154 113 100 279 344 112 111 4
115 106 120 109 104 109 108 101 114 104 109 108 5
113 108 120 111 104 107 114 101 113 103 111 108 6
111 103 113 108 184 109 111 100 201 138 110 111 7
119 111 120 123 346 187 115 106 514 405 114 114 8
110 105 114 110 156 106 108 100 152 151 109 105 9
119 110 120 111 104 108 116 103 117 109 111 115 10
122 117 120 116 104 111 117 102 119 112 115 15000 11
Chip#1
114 106 111 112 105 103 110 105 107 102 111 106 0
106 101 103 101 95 100 98 101 99 97 101 102 1
108 101 106 113 102 105 105 108 99 101 106 103 2
110 98 123 712 205 99 100 324 354 98 97 96 3
110 105 112 416 109 106 106 249 295 107 106 107 4
110 103 103 102 95 100 98 101 102 95 98 99 5
114 103 109 108 102 103 108 108 102 103 105 99 6
108 99 111 279 147 100 102 218 294 102 101 96 7
111 105 120 499 292 106 111 574 437 109 109 106 8
108 103 112 114 103 105 106 118 115 100 103 98 9
108 101 102 101 92 97 102 102 98 96 98 102 10
117 96 107 103 96 94 97 96 98 92 98 15000 11
Chip#2
121 113 118 107 104 114 119 104 115 114 111 114 0
112 102 109 102 104 102 106 100 108 104 102 104 1
109 102 109 104 104 104 105 100 105 104 106 106 2
111 103 111 113 493 154 105 100 224 241 105 105 3
100 96 103 129 446 140 102 100 268 336 99 100 4
105 111 111 107 88 108 111 101 117 107 105 111 5
109 101 113 102 88 106 110 100 112 107 102 109 6
120 111 123 113 192 116 120 103 210 149 115 113 7
110 101 116 117 345 185 111 102 512 402 110 108 8
111 101 115 104 161 108 112 100 148 152 107 108 9
113 105 114 108 88 102 108 100 104 106 109 107 10
114 110 113 106 88 103 107 101 112 104 105 15000 11
Chip#1
114 102 104 106 100 101 105 101 99 102 109 103 0
117 108 109 110 105 105 112 106 105 106 107 103 1
110 105 103 108 106 100 107 103 99 103 107 99 2
103 108 123 718 212 103 105 329 356 100 105 98 3
101 101 109 417 106 99 102 247 283 97 101 99 4
101 108 102 96 96 97 100 101 95 93 91 95 5
107 102 101 108 106 99 103 105 98 103 103 101 6
104 103 106 278 152 100 106 219 294 101 103 99 7
97 97 111 489 278 95 101 567 421 97 98 96 8
106 103 109 112 100 104 107 120 113 98 105 96 9
115 105 104 102 101 103 107 102 99 98 103 102 10
123 108 111 110 103 104 103 107 106 102 114 15000 11
Chip#2
115 110 115 106 104 107 110 100 110 109 107 109 0
110 105 116 107 104 106 107 100 109 104 102 108 1
105 102 110 97 88 101 103 100 105 102 105 104 2
111 105 114 116 498 153 111 99 226 245 111 105 3
111 105 118 137 462 154 115 100 285 344 110 109 4
105 105 113 103 104 107 113 100 110 104 106 105 5
105 101 115 106 88 103 107 100 105 106 104 106 6
104 101 114 107 179 97 107 99 201 137 107 103 7
104 106 113 118 343 184 108 100 512 403 104 104 8
111 106 113 107 164 111 115 102 151 152 109 108 9
112 100 115 101 104 104 111 100 107 102 107 104 10
123 112 121 109 104 113 116 101 118 112 114 15000 11
