38.75
40.125
41.75
43.3125
44.75
46.0625
47.3125
48.5625
49.6875
50.8125
51.875
53
54
54.6875
55.6875
56.9375
57.9375
58.875
59.5
60.375
61.3125
62.75
63.3125
64.5
65.3125
66.4375
67.25
68.3125
68.8125
69.875
70.375
71.125
72.125
72.8125
73.5625
74.25
75
75.6875
76.375
77.0625
77.6875
78.375
79.0625
79.6875
80.3125
80.75
81.375
81.9375
82.5625
83.1875
83.75
84.375
84.9375
85.5
85.9375
86.4375
87
87.9375
88.5
89.1875
89.6875
90.375
90.9375
91.5625
92.0625
92.75
93.25
93.875
94.375
95.125
95.625
96.1875
96.6875
97.25
97.75
98.3125
98.75
99.4375
99.6875
100.4375
100.8125
101.25
101.625
102.0625
102.4375
102.8125
103.1875
103.625
104
104.375
104.625
104.9375
105.25
105.5625
106.0625
106.3125
106.75
107.0625
107.5625
107.9375
108.4375
107.9375
107.125
107.3125
108.0625
108.3125
107.6875
107
107.3125
107.9375
108.3125
107.4375
107.0625
107.5625
108.125
107.5
106.8125
107.1875
107.75
107.9375
107.25
107.0625
107.5625
108.0625
107.5
106.8125
107.125
107.6875
107.5
106.6875
106.8125
107.3125
107.6875
107.375
106.4375
106.75
107.1875
107.5
106.8125
106.4375
106.875
107.5625
107.5625
106.625
106.5625
107.5
107.25
106.4375
106.4375
107.125
107.5625
106.8125
106.1875
106.9375
107.5625
107.4375
106.6875
106.125
106.4375
106.875
107.3125
106.5625
106.1875
106.4375
107.125
106.875
106.125
106.3125
107
107.125
106.5625
106
106.3125
107
107.125
106.5
105.9375
106.375
107
106.625
105.875
106.375
106.9375
106.5
105.75
106.125
107
106.8125
105.875
106.25
106.875
106.5
105.8125
106
106.8125
106.6875
105.8125
105.625
106.75
106.8125
106
105.75
106.4375
106.9375
106.3125
105.625
105.875
106.4375
106.1875
105.75
105.5625
106.4375
106.5
105.6875
105.5
106.25
106.75
106.1875
105.5625
106.0625
106.625
106.125
105.4375
105.625
106.25
106.5
105.75
105.3125
106
106.5
105.9375
105.4375
106.125
106.6875
105.875
105.4375
106.0625
106.5
105.875
105.25
106.4375
105.8125
105.0625
105.625
106.5
106.1875
105.375
105.5
106.375
106.3125
105.6875
105.375
105.9375
106.25
105.75
105.1875
105.75
106.125
105.5625
105.25
105.75
106.0625
105.625
105.4375
106.125
106.4375
105.75
105.0625
105.125
105.75
106.375
106.0625
105.625
104.9375
105.0625
105.8125
106.375
105.875
105.25
104.9375
105.5625
106.0625
88.125
88.125
89.375
90.5625
92
93.0625
94.25
95.125
96.5
97
98
98.75
99.9375
100.375
101.25
101.9375
102.75
103.375
104.4375
104.75
105.625
106.0625
106.6875
106.375
105.875
106.3125
106.8125
106.1875
105.75
106.3125
107.125
106.75
105.625
105.8125
106.75
107.0625
106.375
105.6875
106.375
106.8125
106.25
105.625
105.875
106.625
106.8125
106.1875
105.5
106.0625
106.875
106.5625
105.6875
105.4375
106.3125
106.5625
105.875
105.4375
106.25
106.625
106.25
105.625
105.625
106.3125
106.4375
105.875
105.5625
106.1875
106.3125
105.6875
105.4375
106.0625
106.5625
106.0625
105.3125
105.75
106.4375
105.9375
105.25
105.6875
106.1875
106.625
105.75
105.3125
106.0625
106.375
105.8125
105.25
105.5625
106.3125
106.3125
105.75
105.125
105.25
106
106.25
105.75
105.3125
105.125
105.75
106.4375
106.25
105.625
105
105.125
105.8125
106.375
106.0625
105.6875
105
105.4375
106.375
106.1875
105.375
104.9375
105.625
106.3125
105.75
105.125
105.125
105.875
106.25
105.6875
104.625
104.25
104.75
105.5
106.1875
105.8125
105
105.4375
106.125
105.625
105.125
105.375
106.0625
105.625
105
105
105.125
105.25
105.4375
105.75
105.1875
105.0625
105.9375
105.875
105.125
104.875
105.75
106.0625
105.375
104.9375
105.625
106.3125
105.9375
105.3125
105.5625
106.3125
105.9375
105.3125
104.5
104.4375
105.4375
106.0625
105.625
105
104.25
104.5625
105.8125
105.75
105
104.375
104.4375
105.25
106.25
106.0625
105
104.4375
104.5625
105.375
105.9375
105.5
104.5
104.375
105.375
106
105.5625
104.9375
104.1875
104.5
105.8125
105.8125
104.9375
104.375
104.375
105.0625
106
105.75
104.75
104.125
104.3125
105
105.8125
105.8125
105.25
104.625
104.1875
104.75
105.5625
105.9375
105.5
104.875
104.3125
104.5
105.3125
106
105.75
105.1875
104.5625
104.125
104.6875
105.5625
106.3125
106.125
105.5
105.0625
104.375
104.5625
105.6875
106
105.125
104.5
104.625
105.4375
106.0625
105.625
104.5625
104.25
105.0625
105.75
105.3125
104.6875
104.3125
104.9375
105.875
105.8125
104.8125
104.25
104.75
105.625
106
105.5625
104.9375
104.3125
104.3125
105
105.8125
105.8125
105.25
104.625
104.25
104.8125
105.625
106
105.5625
104.9375
104.3125
104
103.5625
103.0625
102.625
102.125
101.6875
101.25
101
100.5625
100.1875
99.8125
99.4375
99.0625
98.75
98.375
97.875
97.5625
97.25
96.875
96.5625
96.125
95.625
95.3125
95
94.6875
94.375
94.0625
93.75
93.4375
93.125
92.875
92.5
91.875
91.625
91.3125
91.0625
90.625
89.8125
89.1875
88.6875
88.5
88.25
88.0625
87.75
87.375
87.0625
86.875
86.5
86.3125
86.0625
85.875
85.6875
85.4375
85.1875
85
84.75
84.5625
84.375
84.125
83.8125
83.5625
83.375
83.125
82.875
82.625
82.4375
82.3125
82.0625
81.9375
81.75
81.5625
81.375
81.1875
81.0625
80.875
80.6875
80.5625
80.375
80.1875
80.0625
79.875
79.6875
79.5625
79.4375
79.25
79.0625
78.875
78.75
78.5625
78.4375
78.3125
78.125
77.9375
77.8125
77.625
77.5625
77.375
77.25
77.125
76.9375
76.8125
76.6875
76.5625
76.375
76.25
76.125
75.9375
75.8125
75.625
75.5
75.3125
75.1875
