Chip#1
100 92 103 107 105 100 101 94 100 98 96 90 0 223 123 58 23
103 98 108 110 108 105 107 108 103 99 96 96 1 0 0 0 0
98 94 102 109 106 105 104 103 102 95 95 95 2 0 0 0 0
93 94 102 101 101 99 95 96 96 93 90 92 3 0 0 0 0
132 102 112 110 111 105 126 120 107 104 99 103 4 0 0 0 0
100 101 111 108 112 106 126 123 106 102 104 100 5 0 0 0 0
132 99 109 109 108 100 103 99 102 100 97 100 6 0 0 0 0
99 97 106 101 102 100 100 95 100 110 131 99 7 0 0 0 0
104 102 111 109 111 105 103 102 102 119 112 101 8 0 0 0 0
106 100 111 112 108 106 109 101 107 108 104 101 9 0 0 0 0
104 101 107 103 105 101 101 95 104 115 106 101 10 0 0 0 0
98 95 103 102 100 99 100 94 102 110 105 15000 11 0 0 0 0
Chip#2
112 101 97 100 95 96 93 93 108 98 94 98 0 153 124 24 23
112 101 100 97 99 100 100 102 72 99 99 99 1 0 0 0 0
112 105 106 100 104 100 111 106 108 105 104 102 2 0 0 0 0
112 107 106 99 105 104 103 102 108 107 103 107 3 0 0 0 0
81 104 98 93 96 96 120 126 72 104 96 97 4 0 0 0 0
112 108 102 100 100 102 133 132 108 101 103 102 5 0 0 0 0
112 101 101 94 100 98 100 98 108 102 99 102 6 0 0 0 0
112 106 103 100 101 97 100 100 108 129 126 103 7 0 0 0 0
112 106 103 98 103 102 98 96 108 118 115 103 8 0 0 0 0
112 104 102 99 101 98 97 96 72 102 102 103 9 0 0 0 0
112 101 100 97 95 92 91 95 72 139 123 95 10 0 0 0 0
112 100 95 94 93 92 92 95 108 109 110 15000 11 0 0 0 0
