Chip#1
535 574 731 646 583 559 468 516 545 383 606 445 0
538 563 731 648 583 564 468 523 549 399 606 445 1
545 582 731 646 586 568 468 520 549 383 606 445 2
544 571 731 652 587 567 468 518 551 383 606 445 3
556 576 731 652 593 571 468 526 554 399 606 445 4
557 576 723 658 592 571 468 528 558 399 593 470 5
559 575 723 652 591 573 529 530 558 399 596 473 6
560 584 723 646 601 565 533 537 561 415 600 477 7
562 577 731 641 600 579 535 538 566 415 605 481 8
572 585 747 660 592 573 527 538 564 415 599 482 9
583 599 731 663 597 576 484 539 568 415 611 487 10
583 590 747 655 599 573 540 538 568 415 607 482 11
Chip#2
937 1028 1035 1143 1223 1159 1009 1097 1215 990 1142 1197 0
944 1044 1035 1159 1239 1175 1014 1097 1215 999 1139 1213 1
944 934 1035 1159 1239 1175 1013 1102 1215 982 1137 1197 2
934 1044 1090 1175 1255 1175 1017 1103 1215 981 1130 1197 3
937 924 1035 1159 1239 1175 1014 1102 1160 982 1130 1197 4
937 1028 1098 1175 1239 1175 1006 1100 1150 985 1135 1197 5
938 1044 1035 1159 1239 1175 1008 1095 1164 983 1127 1181 6
933 936 1084 1175 1255 1191 1003 1093 1215 984 1129 1197 7
930 1028 1035 1159 1223 1159 1008 1087 1215 993 1136 1197 8
935 1028 1085 1159 1239 1175 997 1082 1199 981 1126 1181 9
943 932 1035 1175 1239 1159 993 1081 1149 979 1124 1165 10
937 934 1035 1159 1239 1159 985 1071 1125 974 1121 1165 11
Chip#3
603 634 695 460 548 555 625 588 536 624 602 603 0
603 641 698 463 551 571 626 635 540 628 604 619 1
619 643 696 463 552 555 627 634 539 629 599 603 2
603 635 692 458 550 477 623 581 536 561 594 603 3
603 633 691 458 547 555 621 584 535 623 598 603 4
603 639 695 463 552 555 627 588 537 626 604 603 5
619 637 695 461 551 555 627 632 534 626 599 603 6
619 640 696 463 551 555 625 634 540 622 598 603 7
619 639 697 458 550 555 627 584 536 624 597 603 8
603 639 696 463 551 555 624 633 541 626 603 619 9
619 643 697 467 557 555 631 637 542 629 602 619 10
619 633 693 459 546 555 622 582 535 622 594 619 11
Chip#4
612 620 511 541 538 543 555 524 606 522 587 561 0
612 620 512 536 537 544 555 522 601 518 587 557 1
612 620 516 550 543 552 555 528 601 524 587 559 2
612 620 523 555 546 557 571 529 611 523 587 559 3
612 620 531 565 566 563 571 535 611 529 587 564 4
612 620 525 560 559 559 512 530 611 530 587 559 5
612 620 544 569 569 619 587 538 611 534 603 572 6
612 620 538 573 571 619 587 542 611 533 603 564 7
612 620 541 576 579 621 587 560 611 539 603 575 8
612 620 539 580 583 632 635 561 611 543 603 578 9
612 620 547 582 582 637 619 570 611 550 619 577 10
612 620 545 577 587 636 635 619 611 554 619 586 11
Chip#1
536 572 731 643 587 562 520 519 546 383 607 445 0
534 559 723 639 581 561 452 519 543 383 568 445 1
542 576 731 642 586 568 468 519 548 399 607 445 2
546 573 731 647 587 565 468 520 549 399 607 445 3
555 573 723 649 595 571 468 529 552 383 594 445 4
556 576 731 655 593 570 527 528 555 399 594 445 5
560 571 723 652 590 570 468 531 556 399 595 470 6
554 582 723 646 597 565 533 534 561 399 598 473 7
559 579 731 638 603 578 536 539 566 415 603 484 8
577 590 747 665 596 576 484 541 570 415 607 486 9
580 593 731 658 598 572 533 538 567 415 605 483 10
581 586 731 653 602 578 539 540 566 415 605 484 11
Chip#2
946 1044 1090 1159 1239 1175 1014 1177 1231 996 1150 1213 0
938 1044 1035 1159 1223 1175 1010 1098 1215 997 1135 1213 1
946 1044 1035 1159 1239 1175 1019 1107 1166 981 1138 1197 2
941 1028 1094 1159 1255 1191 1022 1107 1215 985 1135 1213 3
934 1028 1035 1159 1239 1175 1011 1106 1152 980 1133 1197 4
936 1028 1035 1159 1239 1159 1007 1101 1150 990 1133 1197 5
934 1028 1035 1049 1223 1159 1013 1098 1158 985 1124 1181 6
934 1028 1035 1159 1223 1159 1009 1092 1159 984 1127 1165 7
934 1028 1035 1143 1223 1159 1001 1086 1155 984 1132 1181 8
939 1028 1035 1159 1223 1159 1000 1086 1148 983 1122 1181 9
938 1044 1035 1159 1223 1159 991 1076 1199 982 1126 1165 10
939 1044 1095 1175 1239 1175 991 1074 1130 972 1124 1181 11
Chip#3
603 632 691 453 543 555 622 579 533 624 597 603 0
603 637 695 457 551 555 625 585 538 624 601 603 1
603 638 698 460 549 555 626 633 538 626 602 603 2
603 640 701 462 551 555 627 633 540 626 603 603 3
603 637 693 460 549 555 627 588 539 625 598 603 4
603 638 696 460 547 555 625 586 538 563 597 603 5
619 639 699 464 553 555 628 634 539 624 601 603 6
603 629 682 451 538 471 628 576 528 557 586 603 7
603 638 692 458 548 555 624 631 536 622 597 603 8
603 638 695 462 547 555 624 633 538 625 600 603 9
619 641 698 463 548 555 626 634 541 625 601 603 10
603 633 691 458 544 478 621 580 538 564 596 603 11
Chip#4
612 620 512 536 539 547 555 527 608 523 587 559 0
612 620 515 543 546 549 500 527 608 526 587 564 1
612 620 515 543 547 552 555 529 605 520 587 559 2
612 620 525 555 554 562 503 535 611 524 587 564 3
612 620 530 562 568 563 521 536 610 531 603 569 4
612 620 531 560 566 564 571 536 610 531 587 566 5
612 620 539 566 567 619 571 537 610 527 587 565 6
612 620 545 576 582 625 536 552 610 544 603 576 7
612 620 547 570 577 625 587 554 610 539 603 573 8
612 620 539 574 579 629 651 553 610 536 619 573 9
612 620 535 579 586 636 603 562 610 539 603 575 10
612 620 542 575 586 639 635 616 610 554 619 581 11
