Chip#1
99 92 100 98 99 93 89 98 99 95 103 92 0 0
103 100 100 97 110 100 96 102 101 94 103 94 1 0
98 91 97 91 101 91 92 97 95 87 96 93 2 0
105 104 103 104 106 100 103 107 101 101 108 98 3 0
103 88 104 117 107 98 92 100 122 102 102 94 4 0
97 93 96 114 102 87 89 108 131 93 94 87 5 0
99 98 96 97 99 95 93 99 101 94 98 96 6 0
103 97 97 97 102 94 93 98 97 99 103 93 7 0
111 107 108 111 108 102 103 105 105 101 108 102 8 0
102 95 104 124 114 99 99 107 129 96 100 94 9 0
107 95 104 112 106 106 95 100 115 98 100 97 10 0
102 93 101 95 101 90 93 96 97 87 95 15000 11 0
Chip#2
106 113 83 125 120 93 107 117 122 105 105 122 0 0
105 108 79 122 119 89 102 113 121 103 104 122 1 0
109 119 85 132 122 97 112 120 125 108 110 127 2 0
103 110 82 125 117 93 105 111 123 104 103 119 3 0
113 119 85 138 127 103 114 128 134 113 113 129 4 0
101 107 77 127 120 92 101 115 121 105 104 117 5 0
105 112 80 124 117 90 107 116 121 105 105 121 6 0
105 119 81 128 121 97 108 122 123 107 109 126 7 0
112 118 87 133 125 99 110 122 131 110 111 126 8 0
109 117 85 135 125 98 111 124 136 107 110 123 9 0
104 111 78 125 116 94 105 110 119 104 101 119 10 0
108 116 82 131 118 96 107 118 121 106 107 15000 11 0
Chip#3
0 0 0 33 0 0 62 48 53 0 0 0 241 0
0 0 0 33 0 0 62 48 53 0 0 0 241 0
0 0 0 33 0 0 62 48 53 0 0 0 241 0
0 0 0 33 0 0 62 48 53 0 0 0 241 0
0 0 0 33 0 0 62 48 53 0 0 0 241 0
0 0 0 33 0 0 62 48 53 0 0 0 241 0
0 0 0 33 0 0 62 48 53 0 0 0 241 0
0 0 0 33 0 0 62 48 53 0 0 0 241 0
0 0 0 33 0 0 62 48 53 0 0 0 241 0
0 0 0 33 0 0 62 48 53 0 0 0 241 0
0 0 0 33 0 0 62 48 53 0 0 0 241 0
0 0 0 33 0 0 62 48 53 0 0 15000 241 0
Chip#4
0 0 0 33 0 0 62 48 53 0 0 0 241 0
0 0 0 33 0 0 62 48 53 0 0 0 241 0
0 0 0 33 0 0 62 48 53 0 0 0 241 0
0 0 0 33 0 0 62 48 53 0 0 0 241 0
0 0 0 33 0 0 62 48 53 0 0 0 241 0
0 0 0 33 0 0 62 48 53 0 0 0 241 0
0 0 0 33 0 0 62 48 53 0 0 0 241 0
0 0 0 33 0 0 62 48 53 0 0 0 241 0
0 0 0 33 0 0 62 48 53 0 0 0 241 0
0 0 0 33 0 0 62 48 53 0 0 0 241 0
0 0 0 33 0 0 62 48 53 0 0 0 241 0
0 0 0 33 0 0 62 48 53 0 0 15000 241 0
Chip#1
151 151 149 155 146 150 154 157 159 156 164 153 0 0
160 155 160 167 152 165 164 169 169 167 173 166 1 0
160 153 154 167 151 161 166 168 169 169 168 168 2 0
156 159 163 196 167 167 171 176 191 182 172 163 3 0
163 163 320 1828 914 185 185 590 2180 608 219 213 4 0
174 171 355 2361 1069 194 198 1102 3470 707 210 224 5 0
167 165 179 209 189 191 193 206 264 197 182 168 6 0
167 167 180 202 180 196 196 199 204 192 178 172 7 0
176 171 188 555 273 194 202 230 401 197 179 167 8 0
176 179 402 3156 1584 201 197 1008 2705 591 179 170 9 0
171 170 244 1614 588 194 191 577 1677 314 166 157 10 0
182 177 183 199 181 187 187 189 189 181 173 15000 11 0
Chip#2
136 149 156 158 153 127 142 149 152 140 134 156 0 0
133 147 110 157 154 125 139 146 150 134 134 154 1 0
137 150 115 156 154 126 141 148 152 141 138 154 2 0
139 150 117 165 158 128 144 150 152 140 136 153 3 0
136 150 156 545 603 129 139 305 592 170 133 153 4 0
138 150 117 473 486 131 142 321 719 171 136 154 5 0
134 146 111 156 152 123 137 144 150 132 132 151 6 0
129 144 109 155 151 126 137 145 151 135 131 151 7 0
135 147 156 342 226 128 142 193 514 143 132 154 8 0
140 152 120 702 555 132 141 611 1225 153 139 156 9 0
137 148 114 172 154 130 142 156 240 140 138 154 10 0
139 147 115 160 152 126 139 147 154 139 134 15000 11 0
Chip#3
0 0 0 33 0 0 62 48 53 0 0 0 241 0
0 0 0 33 0 0 62 48 53 0 0 0 241 0
0 0 0 33 0 0 62 48 53 0 0 0 241 0
0 0 0 33 0 0 62 48 53 0 0 0 241 0
0 0 0 33 0 0 62 48 53 0 0 0 241 0
0 0 0 33 0 0 62 48 53 0 0 0 241 0
0 0 0 33 0 0 62 48 53 0 0 0 241 0
0 0 0 33 0 0 62 48 53 0 0 0 241 0
0 0 0 33 0 0 62 48 53 0 0 0 241 0
0 0 0 33 0 0 62 48 53 0 0 0 241 0
0 0 0 33 0 0 62 48 53 0 0 0 241 0
0 0 0 33 0 0 62 48 53 0 0 15000 241 0
Chip#4
0 0 0 33 0 0 62 48 53 0 0 0 241 0
0 0 0 33 0 0 62 48 53 0 0 0 241 0
0 0 0 33 0 0 62 48 53 0 0 0 241 0
0 0 0 33 0 0 62 48 53 0 0 0 241 0
0 0 0 33 0 0 62 48 53 0 0 0 241 0
0 0 0 33 0 0 62 48 53 0 0 0 241 0
0 0 0 33 0 0 62 48 53 0 0 0 241 0
0 0 0 33 0 0 62 48 53 0 0 0 241 0
0 0 0 33 0 0 62 48 53 0 0 0 241 0
0 0 0 33 0 0 62 48 53 0 0 0 241 0
0 0 0 33 0 0 62 48 53 0 0 0 241 0
0 0 0 33 0 0 62 48 53 0 0 15000 241 0
Chip#1
150 144 144 153 146 150 149 156 159 154 153 157 0 0
143 135 139 140 146 137 144 146 150 146 148 144 1 0
152 140 149 155 146 150 150 153 160 163 155 152 2 0
159 152 162 188 155 162 168 170 188 170 163 161 3 0
154 140 276 1493 760 161 165 497 1735 496 181 197 4 0
151 145 299 1911 879 170 168 867 2690 561 182 199 5 0
159 153 172 195 173 182 178 192 234 186 167 161 6 0
163 162 175 188 168 178 184 189 187 177 167 162 7 0
163 160 178 489 243 177 185 208 346 184 158 155 8 0
164 160 346 2607 1295 182 185 844 2250 508 161 152 9 0
166 165 229 1333 498 180 180 515 1392 282 164 154 10 0
174 165 176 193 170 180 174 179 187 171 165 15000 11 0
Chip#2
130 141 107 153 141 120 135 143 142 130 127 149 0 0
128 142 107 152 141 121 131 142 141 132 125 146 1 0
128 139 105 148 144 119 128 141 143 130 126 144 2 0
120 134 101 149 138 115 127 134 139 127 120 137 3 0
120 134 101 475 496 115 126 230 486 157 121 137 4 0
125 139 107 419 430 118 130 239 624 155 123 144 5 0
123 137 99 148 143 118 127 134 143 131 124 140 6 0
126 136 104 148 140 117 128 138 144 129 123 141 7 0
127 139 105 291 209 121 134 174 435 132 127 141 8 0
122 136 104 640 478 117 130 478 1025 137 122 139 9 0
125 135 103 158 146 119 129 146 217 133 123 144 10 0
133 144 111 156 146 123 133 142 151 132 129 15000 11 0
Chip#3
0 0 0 33 0 0 62 48 53 0 0 0 241 0
0 0 0 33 0 0 62 48 53 0 0 0 241 0
0 0 0 33 0 0 62 48 53 0 0 0 241 0
0 0 0 33 0 0 62 48 53 0 0 0 241 0
0 0 0 33 0 0 62 48 53 0 0 0 241 0
0 0 0 33 0 0 62 48 53 0 0 0 241 0
0 0 0 33 0 0 62 48 53 0 0 0 241 0
0 0 0 33 0 0 62 48 53 0 0 0 241 0
0 0 0 33 0 0 62 48 53 0 0 0 241 0
0 0 0 33 0 0 62 48 53 0 0 0 241 0
0 0 0 33 0 0 62 48 53 0 0 0 241 0
0 0 0 33 0 0 62 48 53 0 0 15000 241 0
Chip#4
0 0 0 33 0 0 62 48 53 0 0 0 241 0
0 0 0 33 0 0 62 48 53 0 0 0 241 0
0 0 0 33 0 0 62 48 53 0 0 0 241 0
0 0 0 33 0 0 62 48 53 0 0 0 241 0
0 0 0 33 0 0 62 48 53 0 0 0 241 0
0 0 0 33 0 0 62 48 53 0 0 0 241 0
0 0 0 33 0 0 62 48 53 0 0 0 241 0
0 0 0 33 0 0 62 48 53 0 0 0 241 0
0 0 0 33 0 0 62 48 53 0 0 0 241 0
0 0 0 33 0 0 62 48 53 0 0 0 241 0
0 0 0 33 0 0 62 48 53 0 0 0 241 0
0 0 0 33 0 0 62 48 53 0 0 15000 241 0
Chip#1
146 144 144 148 146 145 151 150 156 156 160 157 0 0
136 135 141 138 146 138 141 149 148 146 151 140 1 0
143 135 141 150 146 149 151 150 150 160 155 148 2 0
155 148 158 183 156 164 164 169 183 177 168 158 3 0
160 150 278 1436 742 172 173 485 1648 474 195 206 4 0
155 149 299 1831 852 176 174 827 2536 545 191 207 5 0
150 149 162 184 161 168 170 182 221 177 166 154 6 0
144 149 164 174 156 165 165 170 174 167 150 145 7 0
155 152 172 475 231 175 174 203 338 181 159 154 8 0
166 162 350 2593 1274 184 186 839 2240 507 164 159 9 0
143 141 216 1313 473 162 161 493 1357 265 147 132 10 0
152 147 158 173 147 158 155 159 163 154 144 15000 11 0
Chip#2
127 137 104 148 141 113 131 139 144 126 123 146 0 0
125 137 100 143 139 112 131 136 139 129 123 140 1 0
121 135 101 147 137 113 128 137 137 124 120 141 2 0
126 140 106 151 144 119 130 141 144 132 125 147 3 0
125 139 104 469 492 120 130 229 480 156 125 140 4 0
124 136 101 409 427 119 130 238 608 156 126 145 5 0
125 142 105 152 148 119 132 141 147 128 129 146 6 0
124 135 101 147 140 117 129 140 140 128 121 142 7 0
126 141 104 286 208 120 137 174 430 131 126 143 8 0
124 135 102 630 474 114 129 473 1011 135 122 139 9 0
128 137 101 158 143 116 131 146 216 130 124 143 10 0
135 148 110 158 151 124 141 141 152 138 132 15000 11 0
Chip#3
0 0 0 33 0 0 62 48 53 0 0 0 241 0
0 0 0 33 0 0 62 48 53 0 0 0 241 0
0 0 0 33 0 0 62 48 53 0 0 0 241 0
0 0 0 33 0 0 62 48 53 0 0 0 241 0
0 0 0 33 0 0 62 48 53 0 0 0 241 0
0 0 0 33 0 0 62 48 53 0 0 0 241 0
0 0 0 33 0 0 62 48 53 0 0 0 241 0
0 0 0 33 0 0 62 48 53 0 0 0 241 0
0 0 0 33 0 0 62 48 53 0 0 0 241 0
0 0 0 33 0 0 62 48 53 0 0 0 241 0
0 0 0 33 0 0 62 48 53 0 0 0 241 0
0 0 0 33 0 0 62 48 53 0 0 15000 241 0
Chip#4
0 0 0 33 0 0 62 48 53 0 0 0 241 0
0 0 0 33 0 0 62 48 53 0 0 0 241 0
0 0 0 33 0 0 62 48 53 0 0 0 241 0
0 0 0 33 0 0 62 48 53 0 0 0 241 0
0 0 0 33 0 0 62 48 53 0 0 0 241 0
0 0 0 33 0 0 62 48 53 0 0 0 241 0
0 0 0 33 0 0 62 48 53 0 0 0 241 0
0 0 0 33 0 0 62 48 53 0 0 0 241 0
0 0 0 33 0 0 62 48 53 0 0 0 241 0
0 0 0 33 0 0 62 48 53 0 0 0 241 0
0 0 0 33 0 0 62 48 53 0 0 0 241 0
0 0 0 33 0 0 62 48 53 0 0 15000 241 0
Chip#1
136 126 133 144 143 137 137 139 144 146 147 144 0 0
143 142 137 151 146 144 145 150 144 152 151 149 1 0
142 130 139 145 146 140 145 148 148 153 147 146 2 0
140 141 143 170 146 151 149 157 168 157 148 146 3 0
136 137 258 1377 701 156 156 453 1571 446 171 185 4 0
147 148 287 1761 817 166 171 816 2423 518 182 199 5 0
152 151 159 187 163 172 177 181 218 171 166 149 6 0
147 144 154 168 152 164 163 169 169 163 150 144 7 0
158 151 168 479 234 171 174 199 343 178 153 154 8 0
159 155 344 2558 1249 176 177 829 2216 502 153 150 9 0
156 158 220 1313 479 177 174 506 1363 276 155 150 10 0
158 147 151 167 151 158 156 158 157 154 147 15000 11 0
Chip#2
122 132 99 142 136 114 122 133 137 124 119 142 0 0
123 136 102 146 139 113 127 133 141 127 121 141 1 0
127 138 99 148 142 115 125 139 142 126 123 142 2 0
126 136 99 150 142 115 127 134 142 127 120 143 3 0
129 139 106 466 491 119 127 230 481 156 125 147 4 0
123 141 103 409 421 117 132 236 592 154 124 143 5 0
123 139 105 153 142 117 127 135 145 128 123 142 6 0
126 138 102 152 144 118 125 139 141 128 123 144 7 0
127 135 101 286 207 121 129 170 425 128 123 141 8 0
125 135 105 626 472 118 129 473 1009 138 121 140 9 0
126 135 105 159 146 117 130 144 217 127 125 142 10 0
124 135 101 142 139 111 129 136 143 123 120 15000 11 0
Chip#3
0 0 0 33 0 0 62 48 53 0 0 0 241 0
0 0 0 33 0 0 62 48 53 0 0 0 241 0
0 0 0 33 0 0 62 48 53 0 0 0 241 0
0 0 0 33 0 0 62 48 53 0 0 0 241 0
0 0 0 33 0 0 62 48 53 0 0 0 241 0
0 0 0 33 0 0 62 48 53 0 0 0 241 0
0 0 0 33 0 0 62 48 53 0 0 0 241 0
0 0 0 33 0 0 62 48 53 0 0 0 241 0
0 0 0 33 0 0 62 48 53 0 0 0 241 0
0 0 0 33 0 0 62 48 53 0 0 0 241 0
0 0 0 33 0 0 62 48 53 0 0 0 241 0
0 0 0 33 0 0 62 48 53 0 0 15000 241 0
Chip#4
0 0 0 33 0 0 62 48 53 0 0 0 241 0
0 0 0 33 0 0 62 48 53 0 0 0 241 0
0 0 0 33 0 0 62 48 53 0 0 0 241 0
0 0 0 33 0 0 62 48 53 0 0 0 241 0
0 0 0 33 0 0 62 48 53 0 0 0 241 0
0 0 0 33 0 0 62 48 53 0 0 0 241 0
0 0 0 33 0 0 62 48 53 0 0 0 241 0
0 0 0 33 0 0 62 48 53 0 0 0 241 0
0 0 0 33 0 0 62 48 53 0 0 0 241 0
0 0 0 33 0 0 62 48 53 0 0 0 241 0
0 0 0 33 0 0 62 48 53 0 0 0 241 0
0 0 0 33 0 0 62 48 53 0 0 15000 241 0
Chip#1
143 137 143 147 146 144 145 149 152 156 152 150 0 0
136 131 135 142 143 141 137 144 148 145 147 144 1 0
147 133 140 144 146 142 147 146 153 157 150 150 2 0
142 133 141 167 146 144 148 156 162 153 146 145 3 0
151 145 269 1370 697 164 165 460 1540 451 182 197 4 0
152 154 287 1730 809 175 173 804 2366 517 190 202 5 0
152 152 161 185 169 171 174 188 218 185 163 154 6 0
144 144 155 170 152 166 168 174 170 163 153 145 7 0
159 158 174 474 233 177 178 208 340 182 161 152 8 0
150 144 334 2543 1238 172 162 848 2202 496 150 141 9 0
143 139 210 1265 458 162 159 487 1339 261 143 132 10 0
164 159 170 175 163 167 167 172 172 164 155 15000 11 0
Chip#2
122 133 96 143 134 111 123 135 137 122 116 137 0 0
122 137 98 144 139 111 126 135 138 125 122 143 1 0
119 134 100 142 139 112 123 132 139 120 118 136 2 0
127 137 103 152 142 114 127 138 141 124 122 144 3 0
122 134 101 454 483 112 126 223 471 151 115 140 4 0
123 139 100 405 420 115 128 232 553 154 121 142 5 0
120 134 97 144 138 112 123 134 138 122 117 140 6 0
122 133 101 147 138 116 128 138 143 129 121 144 7 0
120 133 98 278 199 113 123 167 414 125 113 140 8 0
125 138 108 622 474 119 130 474 1005 139 121 144 9 0
124 137 104 157 141 115 129 144 217 130 125 145 10 0
127 141 108 148 143 116 126 141 147 126 124 15000 11 0
Chip#3
0 0 0 33 0 0 62 48 53 0 0 0 241 0
0 0 0 33 0 0 62 48 53 0 0 0 241 0
0 0 0 33 0 0 62 48 53 0 0 0 241 0
0 0 0 33 0 0 62 48 53 0 0 0 241 0
0 0 0 33 0 0 62 48 53 0 0 0 241 0
0 0 0 33 0 0 62 48 53 0 0 0 241 0
0 0 0 33 0 0 62 48 53 0 0 0 241 0
0 0 0 33 0 0 62 48 53 0 0 0 241 0
0 0 0 33 0 0 62 48 53 0 0 0 241 0
0 0 0 33 0 0 62 48 53 0 0 0 241 0
0 0 0 33 0 0 62 48 53 0 0 0 241 0
0 0 0 33 0 0 62 48 53 0 0 15000 241 0
Chip#4
0 0 0 33 0 0 62 48 53 0 0 0 241 0
0 0 0 33 0 0 62 48 53 0 0 0 241 0
0 0 0 33 0 0 62 48 53 0 0 0 241 0
0 0 0 33 0 0 62 48 53 0 0 0 241 0
0 0 0 33 0 0 62 48 53 0 0 0 241 0
0 0 0 33 0 0 62 48 53 0 0 0 241 0
0 0 0 33 0 0 62 48 53 0 0 0 241 0
0 0 0 33 0 0 62 48 53 0 0 0 241 0
0 0 0 33 0 0 62 48 53 0 0 0 241 0
0 0 0 33 0 0 62 48 53 0 0 0 241 0
0 0 0 33 0 0 62 48 53 0 0 0 241 0
0 0 0 33 0 0 62 48 53 0 0 15000 241 0
Chip#1
136 129 133 141 143 135 137 140 148 143 141 143 0 0
139 132 140 141 146 137 144 149 141 145 151 145 1 0
140 132 144 145 146 144 141 144 149 157 152 141 2 0
142 146 152 174 146 150 156 158 170 165 155 146 3 0
147 146 263 1351 691 165 163 451 1507 435 181 196 4 0
143 147 287 1701 795 170 173 777 2322 501 185 196 5 0
146 144 158 181 156 166 165 178 210 169 159 149 6 0
154 145 159 178 162 171 170 174 179 171 161 155 7 0
152 143 160 466 221 171 172 196 341 172 152 143 8 0
146 143 330 2506 1223 166 165 816 2185 477 147 131 9 0
144 139 210 1263 460 164 160 489 1336 261 145 133 10 0
154 145 156 165 149 155 157 160 159 152 146 15000 11 0
Chip#2
121 135 97 145 134 114 126 133 137 124 119 139 0 0
123 133 97 147 137 111 125 134 140 126 117 140 1 0
121 132 98 143 134 111 122 131 134 123 117 140 2 0
118 132 94 145 133 110 120 134 134 123 118 137 3 0
125 139 101 457 479 115 125 223 470 154 122 142 4 0
122 136 102 407 417 117 130 232 553 153 124 146 5 0
121 137 98 151 141 115 127 136 139 125 123 146 6 0
123 137 101 149 141 116 130 139 142 128 121 143 7 0
120 134 100 278 199 111 124 166 415 126 120 139 8 0
127 137 107 598 469 118 129 467 997 136 125 143 9 0
123 136 99 156 143 115 128 145 214 126 123 141 10 0
129 141 104 149 141 118 130 138 144 129 123 15000 11 0
Chip#3
0 0 0 33 0 0 62 48 53 0 0 0 241 0
0 0 0 33 0 0 62 48 53 0 0 0 241 0
0 0 0 33 0 0 62 48 53 0 0 0 241 0
0 0 0 33 0 0 62 48 53 0 0 0 241 0
0 0 0 33 0 0 62 48 53 0 0 0 241 0
0 0 0 33 0 0 62 48 53 0 0 0 241 0
0 0 0 33 0 0 62 48 53 0 0 0 241 0
0 0 0 33 0 0 62 48 53 0 0 0 241 0
0 0 0 33 0 0 62 48 53 0 0 0 241 0
0 0 0 33 0 0 62 48 53 0 0 0 241 0
0 0 0 33 0 0 62 48 53 0 0 0 241 0
0 0 0 33 0 0 62 48 53 0 0 15000 241 0
Chip#4
0 0 0 33 0 0 62 48 53 0 0 0 241 0
0 0 0 33 0 0 62 48 53 0 0 0 241 0
0 0 0 33 0 0 62 48 53 0 0 0 241 0
0 0 0 33 0 0 62 48 53 0 0 0 241 0
0 0 0 33 0 0 62 48 53 0 0 0 241 0
0 0 0 33 0 0 62 48 53 0 0 0 241 0
0 0 0 33 0 0 62 48 53 0 0 0 241 0
0 0 0 33 0 0 62 48 53 0 0 0 241 0
0 0 0 33 0 0 62 48 53 0 0 0 241 0
0 0 0 33 0 0 62 48 53 0 0 0 241 0
0 0 0 33 0 0 62 48 53 0 0 0 241 0
0 0 0 33 0 0 62 48 53 0 0 15000 241 0
Chip#1
136 132 136 150 146 137 140 142 144 149 147 145 0 0
140 134 137 148 146 142 141 149 145 149 153 144 1 0
138 136 139 151 146 145 141 145 146 150 150 144 2 0
143 137 145 165 146 146 148 153 163 152 149 140 3 0
143 142 257 1319 677 160 159 437 1477 428 179 189 4 0
155 146 286 1687 785 175 176 773 2270 496 190 205 5 0
146 142 158 173 155 162 167 175 204 171 155 144 6 0
159 156 167 183 164 180 180 179 183 174 167 161 7 0
148 148 167 464 222 167 174 194 357 169 152 145 8 0
150 149 330 2498 1209 169 167 832 2174 477 153 144 9 0
150 147 218 1256 459 169 163 496 1335 265 150 137 10 0
163 156 166 175 160 169 168 173 171 163 150 15000 11 0
Chip#2
125 137 102 152 141 116 130 138 141 123 121 148 0 0
125 137 107 149 142 115 128 139 141 130 122 144 1 0
118 131 95 139 133 104 118 130 132 120 113 134 2 0
118 132 98 147 136 112 123 135 139 123 116 138 3 0
117 131 96 450 471 112 121 218 461 142 114 135 4 0
124 136 106 401 413 117 127 233 545 152 123 145 5 0
122 133 99 146 139 113 125 134 134 122 119 142 6 0
122 138 102 283 205 118 127 166 417 130 125 141 7 0
124 134 102 310 209 118 129 169 420 128 124 141 8 0
124 136 106 623 471 119 129 473 1000 136 121 143 9 0
122 134 99 159 142 114 126 142 218 126 123 140 10 0
120 129 99 142 135 108 122 130 139 121 117 15000 11 0
Chip#3
0 0 0 33 0 0 62 48 53 0 0 0 241 0
0 0 0 33 0 0 62 48 53 0 0 0 241 0
0 0 0 33 0 0 62 48 53 0 0 0 241 0
0 0 0 33 0 0 62 48 53 0 0 0 241 0
0 0 0 33 0 0 62 48 53 0 0 0 241 0
0 0 0 33 0 0 62 48 53 0 0 0 241 0
0 0 0 33 0 0 62 48 53 0 0 0 241 0
0 0 0 33 0 0 62 48 53 0 0 0 241 0
0 0 0 33 0 0 62 48 53 0 0 0 241 0
0 0 0 33 0 0 62 48 53 0 0 0 241 0
0 0 0 33 0 0 62 48 53 0 0 0 241 0
0 0 0 33 0 0 62 48 53 0 0 15000 241 0
Chip#4
0 0 0 33 0 0 62 48 53 0 0 0 241 0
0 0 0 33 0 0 62 48 53 0 0 0 241 0
0 0 0 33 0 0 62 48 53 0 0 0 241 0
0 0 0 33 0 0 62 48 53 0 0 0 241 0
0 0 0 33 0 0 62 48 53 0 0 0 241 0
0 0 0 33 0 0 62 48 53 0 0 0 241 0
0 0 0 33 0 0 62 48 53 0 0 0 241 0
0 0 0 33 0 0 62 48 53 0 0 0 241 0
0 0 0 33 0 0 62 48 53 0 0 0 241 0
0 0 0 33 0 0 62 48 53 0 0 0 241 0
0 0 0 33 0 0 62 48 53 0 0 0 241 0
0 0 0 33 0 0 62 48 53 0 0 15000 241 0
Chip#1
124 125 128 135 131 131 128 134 137 137 136 133 0 0
130 128 133 142 143 137 137 140 137 142 143 141 1 0
136 131 135 147 141 139 133 140 144 145 145 143 2 0
143 137 148 175 146 147 146 154 166 161 152 148 3 0
151 147 259 1324 679 160 164 437 1465 424 184 197 4 0
151 145 279 1671 781 167 166 762 2241 503 185 201 5 0
148 148 157 185 157 169 170 178 214 178 161 153 6 0
148 149 166 181 158 173 169 178 176 171 162 154 7 0
144 148 160 465 218 166 163 192 357 167 151 144 8 0
150 149 342 2506 1215 168 174 827 2185 477 156 141 9 0
148 149 210 1254 456 165 161 493 1332 265 144 139 10 0
152 144 155 165 151 160 152 155 162 157 146 15000 11 0
Chip#2
120 132 100 145 135 111 126 136 140 124 120 139 0 0
121 133 94 142 133 110 121 129 134 122 118 136 1 0
119 133 96 144 136 112 124 135 134 123 121 140 2 0
119 133 96 146 138 110 120 130 137 121 116 136 3 0
127 140 105 456 478 116 129 222 470 153 122 143 4 0
122 136 99 398 414 111 126 230 550 149 121 138 5 0
118 134 100 145 138 109 126 132 136 121 118 140 6 0
122 136 103 147 139 113 123 134 138 126 119 139 7 0
120 133 102 279 204 112 131 164 418 131 124 141 8 0
119 132 102 610 464 114 126 464 985 131 120 138 9 0
122 134 102 159 144 116 132 145 214 128 119 141 10 0
126 137 102 148 142 113 125 135 137 125 121 15000 11 0
Chip#3
0 0 0 33 0 0 62 48 53 0 0 0 241 0
0 0 0 33 0 0 62 48 53 0 0 0 241 0
0 0 0 33 0 0 62 48 53 0 0 0 241 0
0 0 0 33 0 0 62 48 53 0 0 0 241 0
0 0 0 33 0 0 62 48 53 0 0 0 241 0
0 0 0 33 0 0 62 48 53 0 0 0 241 0
0 0 0 33 0 0 62 48 53 0 0 0 241 0
0 0 0 33 0 0 62 48 53 0 0 0 241 0
0 0 0 33 0 0 62 48 53 0 0 0 241 0
0 0 0 33 0 0 62 48 53 0 0 0 241 0
0 0 0 33 0 0 62 48 53 0 0 0 241 0
0 0 0 33 0 0 62 48 53 0 0 15000 241 0
Chip#4
0 0 0 33 0 0 62 48 53 0 0 0 241 0
0 0 0 33 0 0 62 48 53 0 0 0 241 0
0 0 0 33 0 0 62 48 53 0 0 0 241 0
0 0 0 33 0 0 62 48 53 0 0 0 241 0
0 0 0 33 0 0 62 48 53 0 0 0 241 0
0 0 0 33 0 0 62 48 53 0 0 0 241 0
0 0 0 33 0 0 62 48 53 0 0 0 241 0
0 0 0 33 0 0 62 48 53 0 0 0 241 0
0 0 0 33 0 0 62 48 53 0 0 0 241 0
0 0 0 33 0 0 62 48 53 0 0 0 241 0
0 0 0 33 0 0 62 48 53 0 0 0 241 0
0 0 0 33 0 0 62 48 53 0 0 15000 241 0
Chip#1
140 135 139 141 145 139 143 148 141 144 151 146 0 0
131 124 133 137 138 134 132 142 139 138 138 137 1 0
132 132 135 141 146 137 136 136 139 146 146 140 2 0
136 137 143 165 146 140 151 152 165 153 151 144 3 0
139 137 257 1313 670 156 157 435 1427 413 175 192 4 0
148 147 283 1648 776 171 166 748 2194 479 186 199 5 0
140 139 150 174 150 165 165 172 203 171 155 140 6 0
148 148 162 177 156 175 167 175 177 160 156 148 7 0
147 142 160 457 221 165 164 194 341 168 150 140 8 0
146 143 327 2472 1195 174 168 816 2167 474 147 139 9 0
154 151 219 1251 460 173 168 496 1401 265 152 135 10 0
151 147 153 165 146 152 152 156 156 149 143 15000 11 0
Chip#2
120 130 97 145 133 112 123 131 136 121 120 138 0 0
118 128 98 142 137 109 120 130 133 124 121 136 1 0
117 131 97 144 136 110 122 134 136 122 119 138 2 0
119 132 101 150 138 111 125 133 140 123 122 140 3 0
119 130 102 442 468 111 121 215 456 152 120 137 4 0
119 131 100 392 408 115 123 227 538 149 121 137 5 0
121 134 100 149 143 112 130 135 141 129 124 141 6 0
122 133 99 149 139 113 124 132 136 124 121 139 7 0
116 130 95 269 193 111 122 158 407 122 114 134 8 0
117 129 92 598 455 110 120 455 967 134 116 135 9 0
120 132 100 155 139 112 123 137 212 123 113 140 10 0
123 133 98 143 136 112 122 130 138 124 118 15000 11 0
Chip#3
0 0 0 33 0 0 62 48 53 0 0 0 241 0
0 0 0 33 0 0 62 48 53 0 0 0 241 0
0 0 0 33 0 0 62 48 53 0 0 0 241 0
0 0 0 33 0 0 62 48 53 0 0 0 241 0
0 0 0 33 0 0 62 48 53 0 0 0 241 0
0 0 0 33 0 0 62 48 53 0 0 0 241 0
0 0 0 33 0 0 62 48 53 0 0 0 241 0
0 0 0 33 0 0 62 48 53 0 0 0 241 0
0 0 0 33 0 0 62 48 53 0 0 0 241 0
0 0 0 33 0 0 62 48 53 0 0 0 241 0
0 0 0 33 0 0 62 48 53 0 0 0 241 0
0 0 0 33 0 0 62 48 53 0 0 15000 241 0
Chip#4
0 0 0 33 0 0 62 48 53 0 0 0 241 0
0 0 0 33 0 0 62 48 53 0 0 0 241 0
0 0 0 33 0 0 62 48 53 0 0 0 241 0
0 0 0 33 0 0 62 48 53 0 0 0 241 0
0 0 0 33 0 0 62 48 53 0 0 0 241 0
0 0 0 33 0 0 62 48 53 0 0 0 241 0
0 0 0 33 0 0 62 48 53 0 0 0 241 0
0 0 0 33 0 0 62 48 53 0 0 0 241 0
0 0 0 33 0 0 62 48 53 0 0 0 241 0
0 0 0 33 0 0 62 48 53 0 0 0 241 0
0 0 0 33 0 0 62 48 53 0 0 0 241 0
0 0 0 33 0 0 62 48 53 0 0 15000 241 0
Chip#1
128 125 134 140 142 134 131 135 138 140 142 140 0 0
140 131 138 142 142 139 133 147 144 146 149 148 1 0
138 125 131 142 142 135 137 139 145 144 147 144 2 0
143 141 148 173 146 152 157 159 169 164 156 152 3 0
147 142 253 1276 658 158 160 424 1394 403 177 194 4 0
138 132 264 1600 742 160 156 718 2121 454 170 188 5 0
152 147 162 187 167 168 170 182 212 171 166 155 6 0
142 135 153 171 154 160 157 166 165 157 147 141 7 0
142 139 157 454 218 164 164 192 325 164 145 137 8 0
146 138 328 2439 1170 166 166 832 2127 462 150 141 9 0
139 136 201 1215 441 156 160 476 1309 248 138 131 10 0
154 155 159 170 152 155 160 166 161 153 153 15000 11 0
Chip#2
114 128 96 139 131 105 120 128 134 117 114 134 0 0
120 130 100 143 137 114 122 134 133 119 120 138 1 0
123 133 100 145 140 117 123 135 137 124 119 139 2 0
123 134 100 149 142 114 125 137 136 126 123 142 3 0
119 138 99 447 462 115 125 218 455 150 121 138 4 0
119 132 105 393 409 112 126 228 536 150 122 140 5 0
119 127 95 144 134 109 122 136 137 120 121 135 6 0
122 137 99 149 140 116 125 143 140 125 123 139 7 0
121 136 98 274 203 115 126 165 408 123 123 137 8 0
119 131 96 598 456 109 123 457 969 134 120 134 9 0
122 134 100 153 140 109 125 144 211 124 121 140 10 0
120 133 98 146 133 109 120 129 133 121 116 15000 11 0
Chip#3
0 0 0 33 0 0 62 48 53 0 0 0 241 0
0 0 0 33 0 0 62 48 53 0 0 0 241 0
0 0 0 33 0 0 62 48 53 0 0 0 241 0
0 0 0 33 0 0 62 48 53 0 0 0 241 0
0 0 0 33 0 0 62 48 53 0 0 0 241 0
0 0 0 33 0 0 62 48 53 0 0 0 241 0
0 0 0 33 0 0 62 48 53 0 0 0 241 0
0 0 0 33 0 0 62 48 53 0 0 0 241 0
0 0 0 33 0 0 62 48 53 0 0 0 241 0
0 0 0 33 0 0 62 48 53 0 0 0 241 0
0 0 0 33 0 0 62 48 53 0 0 0 241 0
0 0 0 33 0 0 62 48 53 0 0 15000 241 0
Chip#4
0 0 0 33 0 0 62 48 53 0 0 0 241 0
0 0 0 33 0 0 62 48 53 0 0 0 241 0
0 0 0 33 0 0 62 48 53 0 0 0 241 0
0 0 0 33 0 0 62 48 53 0 0 0 241 0
0 0 0 33 0 0 62 48 53 0 0 0 241 0
0 0 0 33 0 0 62 48 53 0 0 0 241 0
0 0 0 33 0 0 62 48 53 0 0 0 241 0
0 0 0 33 0 0 62 48 53 0 0 0 241 0
0 0 0 33 0 0 62 48 53 0 0 0 241 0
0 0 0 33 0 0 62 48 53 0 0 0 241 0
0 0 0 33 0 0 62 48 53 0 0 0 241 0
0 0 0 33 0 0 62 48 53 0 0 15000 241 0
Chip#1
127 120 128 131 139 128 125 127 136 131 138 136 0 0
132 131 137 140 145 137 136 142 136 138 148 144 1 0
136 132 137 148 146 145 141 142 150 149 147 143 2 0
136 129 143 164 146 141 141 150 161 152 143 139 3 0
135 128 247 1253 658 151 155 412 1368 392 177 185 4 0
136 137 267 1581 736 160 160 711 2101 451 176 188 5 0
146 141 151 178 155 166 164 170 205 170 159 150 6 0
143 133 154 168 153 164 161 160 164 162 147 144 7 0
142 138 162 451 218 169 169 188 341 169 150 143 8 0
148 148 332 2432 1170 171 169 832 2129 464 152 145 9 0
144 137 207 1212 441 164 159 481 1333 252 147 139 10 0
150 139 150 163 147 156 145 154 156 153 143 15000 11 0
Chip#2
118 127 93 141 132 106 123 130 131 116 113 135 0 0
118 133 97 144 137 110 118 132 135 125 119 138 1 0
116 134 101 143 137 109 124 132 136 123 121 138 2 0
117 133 97 144 136 107 119 129 134 120 115 134 3 0
121 132 101 441 465 114 121 215 447 152 120 135 4 0
116 128 98 388 401 108 118 218 520 144 116 136 5 0
117 128 93 142 134 108 119 129 133 122 113 134 6 0
117 128 95 143 136 105 117 129 135 122 116 133 7 0
122 134 100 273 202 112 126 165 408 125 122 137 8 0
117 131 100 598 459 109 122 460 962 134 118 136 9 0
121 131 97 156 138 110 120 139 212 122 118 139 10 0
127 136 106 147 142 113 128 140 141 128 121 15000 11 0
Chip#3
0 0 0 33 0 0 62 48 53 0 0 0 241 0
0 0 0 33 0 0 62 48 53 0 0 0 241 0
0 0 0 33 0 0 62 48 53 0 0 0 241 0
0 0 0 33 0 0 62 48 53 0 0 0 241 0
0 0 0 33 0 0 62 48 53 0 0 0 241 0
0 0 0 33 0 0 62 48 53 0 0 0 241 0
0 0 0 33 0 0 62 48 53 0 0 0 241 0
0 0 0 33 0 0 62 48 53 0 0 0 241 0
0 0 0 33 0 0 62 48 53 0 0 0 241 0
0 0 0 33 0 0 62 48 53 0 0 0 241 0
0 0 0 33 0 0 62 48 53 0 0 0 241 0
0 0 0 33 0 0 62 48 53 0 0 15000 241 0
Chip#4
0 0 0 33 0 0 62 48 53 0 0 0 241 0
0 0 0 33 0 0 62 48 53 0 0 0 241 0
0 0 0 33 0 0 62 48 53 0 0 0 241 0
0 0 0 33 0 0 62 48 53 0 0 0 241 0
0 0 0 33 0 0 62 48 53 0 0 0 241 0
0 0 0 33 0 0 62 48 53 0 0 0 241 0
0 0 0 33 0 0 62 48 53 0 0 0 241 0
0 0 0 33 0 0 62 48 53 0 0 0 241 0
0 0 0 33 0 0 62 48 53 0 0 0 241 0
0 0 0 33 0 0 62 48 53 0 0 0 241 0
0 0 0 33 0 0 62 48 53 0 0 0 241 0
0 0 0 33 0 0 62 48 53 0 0 15000 241 0
Chip#1
131 122 130 138 139 131 134 134 140 137 137 137 0 0
123 115 124 124 123 124 126 130 130 132 133 131 1 0
132 122 129 135 137 134 132 136 140 142 140 132 2 0
136 136 144 167 146 142 148 150 161 150 147 146 3 0
147 142 253 1254 657 157 159 416 1346 392 176 192 4 0
147 143 274 1572 733 165 171 707 2070 448 183 198 5 0
138 136 145 167 148 158 157 169 200 161 150 136 6 0
139 136 149 170 146 158 163 163 164 154 146 141 7 0
139 139 157 449 213 163 161 187 325 167 145 137 8 0
147 144 328 2415 1170 162 167 816 2117 454 146 137 9 0
148 137 209 1206 434 156 161 477 1303 252 142 133 10 0
139 125 141 148 146 142 143 146 147 135 136 15000 11 0
Chip#2
111 118 87 134 125 100 112 122 126 112 110 126 0 0
116 129 99 148 137 112 122 129 133 125 118 137 1 0
118 131 98 141 133 111 122 132 132 122 115 138 2 0
117 129 95 147 135 110 119 130 134 117 114 132 3 0
116 126 93 437 463 107 115 209 438 142 116 133 4 0
119 125 98 387 399 111 122 221 522 148 114 135 5 0
117 133 99 148 141 114 124 133 137 124 120 140 6 0
115 131 100 140 133 113 121 130 134 121 117 134 7 0
112 129 95 267 193 107 119 159 402 123 115 134 8 0
113 128 96 582 453 105 119 454 955 127 113 131 9 0
121 134 102 158 145 113 126 145 212 131 120 141 10 0
123 134 102 147 140 112 124 133 137 128 120 15000 11 0
Chip#3
0 0 0 33 0 0 62 48 53 0 0 0 241 0
0 0 0 33 0 0 62 48 53 0 0 0 241 0
0 0 0 33 0 0 62 48 53 0 0 0 241 0
0 0 0 33 0 0 62 48 53 0 0 0 241 0
0 0 0 33 0 0 62 48 53 0 0 0 241 0
0 0 0 33 0 0 62 48 53 0 0 0 241 0
0 0 0 33 0 0 62 48 53 0 0 0 241 0
0 0 0 33 0 0 62 48 53 0 0 0 241 0
0 0 0 33 0 0 62 48 53 0 0 0 241 0
0 0 0 33 0 0 62 48 53 0 0 0 241 0
0 0 0 33 0 0 62 48 53 0 0 0 241 0
0 0 0 33 0 0 62 48 53 0 0 15000 241 0
Chip#4
0 0 0 33 0 0 62 48 53 0 0 0 241 0
0 0 0 33 0 0 62 48 53 0 0 0 241 0
0 0 0 33 0 0 62 48 53 0 0 0 241 0
0 0 0 33 0 0 62 48 53 0 0 0 241 0
0 0 0 33 0 0 62 48 53 0 0 0 241 0
0 0 0 33 0 0 62 48 53 0 0 0 241 0
0 0 0 33 0 0 62 48 53 0 0 0 241 0
0 0 0 33 0 0 62 48 53 0 0 0 241 0
0 0 0 33 0 0 62 48 53 0 0 0 241 0
0 0 0 33 0 0 62 48 53 0 0 0 241 0
0 0 0 33 0 0 62 48 53 0 0 0 241 0
0 0 0 33 0 0 62 48 53 0 0 15000 241 0
Chip#1
132 127 128 137 135 133 131 136 134 133 133 141 0 0
138 132 135 141 146 140 139 144 141 139 144 140 1 0
134 128 135 147 139 137 134 135 148 145 142 141 2 0
138 133 143 168 146 149 148 148 159 153 146 145 3 0
143 139 250 1235 648 158 152 411 1349 386 172 188 4 0
139 133 265 1560 719 160 164 697 2029 435 172 192 5 0
154 151 162 185 163 167 170 175 215 172 160 153 6 0
148 147 155 173 148 161 159 165 172 161 150 149 7 0
138 132 151 439 205 157 159 180 325 153 137 132 8 0
143 136 324 2395 1170 158 160 816 2185 453 141 131 9 0
148 145 210 1201 438 164 161 480 1302 252 144 132 10 0
154 147 157 167 146 157 156 157 164 157 142 15000 11 0
Chip#2
109 119 88 134 128 102 115 124 128 115 111 127 0 0
112 125 93 139 129 104 115 126 129 116 112 131 1 0
117 131 100 146 137 107 122 134 134 121 115 135 2 0
116 131 98 147 138 107 119 131 138 121 115 135 3 0
123 133 98 436 462 111 123 213 443 149 119 138 4 0
119 133 100 387 407 114 124 224 524 147 119 140 5 0
114 126 94 141 137 106 119 127 132 117 111 134 6 0
121 134 100 147 139 114 125 135 140 125 120 142 7 0
117 129 97 268 197 108 122 164 405 126 118 134 8 0
117 130 97 582 453 107 121 451 954 127 117 135 9 0
118 126 96 151 138 106 119 136 211 121 115 136 10 0
120 130 99 147 135 109 124 133 138 123 119 15000 11 0
Chip#3
0 0 0 33 0 0 62 48 53 0 0 0 241 0
0 0 0 33 0 0 62 48 53 0 0 0 241 0
0 0 0 33 0 0 62 48 53 0 0 0 241 0
0 0 0 33 0 0 62 48 53 0 0 0 241 0
0 0 0 33 0 0 62 48 53 0 0 0 241 0
0 0 0 33 0 0 62 48 53 0 0 0 241 0
0 0 0 33 0 0 62 48 53 0 0 0 241 0
0 0 0 33 0 0 62 48 53 0 0 0 241 0
0 0 0 33 0 0 62 48 53 0 0 0 241 0
0 0 0 33 0 0 62 48 53 0 0 0 241 0
0 0 0 33 0 0 62 48 53 0 0 0 241 0
0 0 0 33 0 0 62 48 53 0 0 15000 241 0
Chip#4
0 0 0 33 0 0 62 48 53 0 0 0 241 0
0 0 0 33 0 0 62 48 53 0 0 0 241 0
0 0 0 33 0 0 62 48 53 0 0 0 241 0
0 0 0 33 0 0 62 48 53 0 0 0 241 0
0 0 0 33 0 0 62 48 53 0 0 0 241 0
0 0 0 33 0 0 62 48 53 0 0 0 241 0
0 0 0 33 0 0 62 48 53 0 0 0 241 0
0 0 0 33 0 0 62 48 53 0 0 0 241 0
0 0 0 33 0 0 62 48 53 0 0 0 241 0
0 0 0 33 0 0 62 48 53 0 0 0 241 0
0 0 0 33 0 0 62 48 53 0 0 0 241 0
0 0 0 33 0 0 62 48 53 0 0 15000 241 0
Chip#1
126 116 124 128 133 123 127 129 128 130 130 132 0 0
138 132 135 140 143 135 137 145 145 138 148 143 1 0
134 120 133 134 143 130 133 135 136 146 138 139 2 0
143 132 146 165 146 141 144 152 160 158 146 149 3 0
134 128 241 1221 635 149 149 397 1315 373 164 180 4 0
142 135 264 1551 715 160 160 689 1998 436 176 190 5 0
135 131 149 163 146 151 152 158 191 159 147 135 6 0
147 144 162 177 156 166 163 169 166 165 152 148 7 0
142 144 164 445 213 161 162 186 341 167 150 141 8 0
146 138 329 2391 1155 169 163 816 2117 457 147 140 9 0
148 142 209 1194 437 160 157 476 1298 251 148 135 10 0
138 128 143 154 146 141 141 141 141 140 133 15000 11 0
Chip#2
115 124 90 136 129 106 118 125 130 116 112 133 0 0
113 125 91 135 127 103 115 123 127 115 112 131 1 0
117 129 100 140 133 105 123 130 135 118 114 136 2 0
123 134 100 149 138 111 125 134 139 124 117 139 3 0
117 129 97 435 456 109 121 212 438 145 114 134 4 0
120 131 99 385 399 113 126 220 520 147 121 139 5 0
120 134 98 146 140 112 127 134 140 123 119 139 6 0
118 128 98 143 136 108 122 131 136 117 118 136 7 0
115 128 98 267 194 110 122 159 405 120 114 138 8 0
117 132 100 582 451 107 118 457 950 132 114 133 9 0
116 129 94 147 133 107 120 133 205 120 112 132 10 0
121 133 101 146 139 106 124 132 138 122 117 15000 11 0
Chip#3
0 0 0 33 0 0 62 48 53 0 0 0 241 0
0 0 0 33 0 0 62 48 53 0 0 0 241 0
0 0 0 33 0 0 62 48 53 0 0 0 241 0
0 0 0 33 0 0 62 48 53 0 0 0 241 0
0 0 0 33 0 0 62 48 53 0 0 0 241 0
0 0 0 33 0 0 62 48 53 0 0 0 241 0
0 0 0 33 0 0 62 48 53 0 0 0 241 0
0 0 0 33 0 0 62 48 53 0 0 0 241 0
0 0 0 33 0 0 62 48 53 0 0 0 241 0
0 0 0 33 0 0 62 48 53 0 0 0 241 0
0 0 0 33 0 0 62 48 53 0 0 0 241 0
0 0 0 33 0 0 62 48 53 0 0 15000 241 0
Chip#4
0 0 0 33 0 0 62 48 53 0 0 0 241 0
0 0 0 33 0 0 62 48 53 0 0 0 241 0
0 0 0 33 0 0 62 48 53 0 0 0 241 0
0 0 0 33 0 0 62 48 53 0 0 0 241 0
0 0 0 33 0 0 62 48 53 0 0 0 241 0
0 0 0 33 0 0 62 48 53 0 0 0 241 0
0 0 0 33 0 0 62 48 53 0 0 0 241 0
0 0 0 33 0 0 62 48 53 0 0 0 241 0
0 0 0 33 0 0 62 48 53 0 0 0 241 0
0 0 0 33 0 0 62 48 53 0 0 0 241 0
0 0 0 33 0 0 62 48 53 0 0 0 241 0
0 0 0 33 0 0 62 48 53 0 0 15000 241 0
Chip#1
134 129 134 138 142 134 139 143 140 140 140 141 0 0
127 119 129 131 138 131 129 135 136 134 137 135 1 0
139 131 139 140 146 142 140 149 150 149 147 140 2 0
135 135 145 161 146 147 145 152 163 155 145 143 3 0
131 131 243 1216 630 147 144 400 1333 370 166 181 4 0
140 137 269 1550 705 161 160 686 1984 426 177 194 5 0
138 144 153 175 149 158 164 169 200 168 156 141 6 0
143 137 153 168 147 160 156 162 167 157 148 143 7 0
143 141 160 444 213 166 165 188 341 168 147 140 8 0
142 142 325 2382 1148 170 161 816 2117 450 150 136 9 0
139 135 210 1186 429 157 155 476 1293 251 143 132 10 0
146 136 147 155 146 152 150 148 155 144 142 15000 11 0
Chip#2
118 131 95 141 134 110 120 132 130 117 116 136 0 0
119 131 99 145 137 112 125 132 133 124 118 140 1 0
118 132 96 141 136 109 122 130 135 124 115 140 2 0
118 127 95 143 138 105 119 128 134 117 114 133 3 0
121 134 97 434 455 113 121 210 440 147 117 138 4 0
116 130 97 385 397 114 122 218 517 145 116 139 5 0
116 128 93 140 135 106 119 129 133 121 115 138 6 0
117 128 95 141 133 110 121 130 134 119 114 135 7 0
117 131 95 268 195 112 124 161 405 124 119 138 8 0
116 129 97 598 450 111 118 452 952 135 116 135 9 0
115 126 95 149 134 104 118 132 208 121 113 131 10 0
118 131 96 139 132 108 121 124 132 120 114 15000 11 0
Chip#3
0 0 0 33 0 0 62 48 53 0 0 0 241 0
0 0 0 33 0 0 62 48 53 0 0 0 241 0
0 0 0 33 0 0 62 48 53 0 0 0 241 0
0 0 0 33 0 0 62 48 53 0 0 0 241 0
0 0 0 33 0 0 62 48 53 0 0 0 241 0
0 0 0 33 0 0 62 48 53 0 0 0 241 0
0 0 0 33 0 0 62 48 53 0 0 0 241 0
0 0 0 33 0 0 62 48 53 0 0 0 241 0
0 0 0 33 0 0 62 48 53 0 0 0 241 0
0 0 0 33 0 0 62 48 53 0 0 0 241 0
0 0 0 33 0 0 62 48 53 0 0 0 241 0
0 0 0 33 0 0 62 48 53 0 0 15000 241 0
Chip#4
0 0 0 33 0 0 62 48 53 0 0 0 241 0
0 0 0 33 0 0 62 48 53 0 0 0 241 0
0 0 0 33 0 0 62 48 53 0 0 0 241 0
0 0 0 33 0 0 62 48 53 0 0 0 241 0
0 0 0 33 0 0 62 48 53 0 0 0 241 0
0 0 0 33 0 0 62 48 53 0 0 0 241 0
0 0 0 33 0 0 62 48 53 0 0 0 241 0
0 0 0 33 0 0 62 48 53 0 0 0 241 0
0 0 0 33 0 0 62 48 53 0 0 0 241 0
0 0 0 33 0 0 62 48 53 0 0 0 241 0
0 0 0 33 0 0 62 48 53 0 0 0 241 0
0 0 0 33 0 0 62 48 53 0 0 15000 241 0
Chip#1
127 118 126 135 133 128 128 129 136 134 131 137 0 0
134 126 136 138 146 135 137 141 141 141 138 139 1 0
123 122 129 135 139 131 132 131 136 141 131 129 2 0
126 127 138 160 145 133 139 143 152 146 133 136 3 0
126 128 238 1201 620 144 147 393 1286 364 155 175 4 0
124 125 255 1517 691 153 148 672 1940 413 161 185 5 0
144 145 155 174 155 164 160 172 196 164 152 141 6 0
142 144 152 168 154 166 165 158 166 164 150 143 7 0
132 126 146 430 198 154 155 182 325 153 134 131 8 0
126 129 314 2354 1125 151 155 802 2077 435 134 126 9 0
138 144 203 1177 429 158 159 473 1281 249 142 133 10 0
142 139 146 155 146 149 144 147 148 142 133 15000 11 0
Chip#2
114 122 93 138 131 108 119 125 130 116 112 134 0 0
120 129 99 145 138 112 123 135 136 124 121 140 1 0
117 129 94 139 130 105 117 127 132 119 114 134 2 0
117 129 96 143 139 103 120 132 132 121 116 136 3 0
113 125 96 432 453 105 115 206 434 143 110 131 4 0
117 126 97 384 401 111 123 216 516 144 120 138 5 0
116 128 97 140 136 109 117 132 133 119 114 134 6 0
111 124 93 138 131 104 116 130 129 117 113 131 7 0
121 135 103 268 200 117 129 169 411 130 124 146 8 0
118 130 99 598 452 111 123 455 948 131 118 136 9 0
117 128 96 151 137 106 120 138 210 118 120 136 10 0
121 129 97 142 135 107 121 129 135 117 116 15000 11 0
Chip#3
0 0 0 33 0 0 62 48 53 0 0 0 241 0
0 0 0 33 0 0 62 48 53 0 0 0 241 0
0 0 0 33 0 0 62 48 53 0 0 0 241 0
0 0 0 33 0 0 62 48 53 0 0 0 241 0
0 0 0 33 0 0 62 48 53 0 0 0 241 0
0 0 0 33 0 0 62 48 53 0 0 0 241 0
0 0 0 33 0 0 62 48 53 0 0 0 241 0
0 0 0 33 0 0 62 48 53 0 0 0 241 0
0 0 0 33 0 0 62 48 53 0 0 0 241 0
0 0 0 33 0 0 62 48 53 0 0 0 241 0
0 0 0 33 0 0 62 48 53 0 0 0 241 0
0 0 0 33 0 0 62 48 53 0 0 15000 241 0
Chip#4
0 0 0 33 0 0 62 48 53 0 0 0 241 0
0 0 0 33 0 0 62 48 53 0 0 0 241 0
0 0 0 33 0 0 62 48 53 0 0 0 241 0
0 0 0 33 0 0 62 48 53 0 0 0 241 0
0 0 0 33 0 0 62 48 53 0 0 0 241 0
0 0 0 33 0 0 62 48 53 0 0 0 241 0
0 0 0 33 0 0 62 48 53 0 0 0 241 0
0 0 0 33 0 0 62 48 53 0 0 0 241 0
0 0 0 33 0 0 62 48 53 0 0 0 241 0
0 0 0 33 0 0 62 48 53 0 0 0 241 0
0 0 0 33 0 0 62 48 53 0 0 0 241 0
0 0 0 33 0 0 62 48 53 0 0 15000 241 0
Chip#1
130 123 130 132 139 129 129 129 134 136 137 140 0 0
135 128 135 142 145 137 140 139 140 142 147 143 1 0
128 125 130 138 143 133 134 134 141 141 138 132 2 0
138 131 143 164 146 144 145 148 160 153 146 139 3 0
127 132 241 1204 619 141 147 393 1296 360 166 177 4 0
139 133 267 1525 698 160 155 677 1952 425 172 188 5 0
138 129 151 170 147 161 159 165 200 164 150 141 6 0
138 134 153 158 146 156 157 157 157 156 140 139 7 0
139 144 161 437 206 158 163 184 325 161 142 133 8 0
132 129 319 2356 1123 153 153 816 2117 443 135 128 9 0
147 141 213 1186 428 162 160 481 1282 257 146 133 10 0
140 137 149 158 146 149 149 149 153 142 140 15000 11 0
Chip#2
117 129 99 141 136 112 121 133 133 124 118 138 0 0
117 128 92 137 133 105 120 127 130 119 115 136 1 0
116 128 95 142 129 110 120 129 132 122 115 136 2 0
120 132 101 149 134 113 126 130 135 124 118 137 3 0
110 128 96 429 451 107 116 202 432 144 114 133 4 0
116 131 95 384 401 113 119 217 516 149 116 136 5 0
112 126 91 136 131 103 116 127 130 118 108 133 6 0
115 128 90 140 133 106 118 130 134 120 114 135 7 0
114 131 97 264 193 111 122 158 405 124 116 137 8 0
115 128 99 582 451 110 122 456 957 136 118 136 9 0
118 127 96 148 139 107 122 140 205 120 113 133 10 0
122 127 97 144 134 106 120 128 132 121 117 15000 11 0
Chip#3
0 0 0 33 0 0 62 48 53 0 0 0 241 0
0 0 0 33 0 0 62 48 53 0 0 0 241 0
0 0 0 33 0 0 62 48 53 0 0 0 241 0
0 0 0 33 0 0 62 48 53 0 0 0 241 0
0 0 0 33 0 0 62 48 53 0 0 0 241 0
0 0 0 33 0 0 62 48 53 0 0 0 241 0
0 0 0 33 0 0 62 48 53 0 0 0 241 0
0 0 0 33 0 0 62 48 53 0 0 0 241 0
0 0 0 33 0 0 62 48 53 0 0 0 241 0
0 0 0 33 0 0 62 48 53 0 0 0 241 0
0 0 0 33 0 0 62 48 53 0 0 0 241 0
0 0 0 33 0 0 62 48 53 0 0 15000 241 0
Chip#4
0 0 0 33 0 0 62 48 53 0 0 0 241 0
0 0 0 33 0 0 62 48 53 0 0 0 241 0
0 0 0 33 0 0 62 48 53 0 0 0 241 0
0 0 0 33 0 0 62 48 53 0 0 0 241 0
0 0 0 33 0 0 62 48 53 0 0 0 241 0
0 0 0 33 0 0 62 48 53 0 0 0 241 0
0 0 0 33 0 0 62 48 53 0 0 0 241 0
0 0 0 33 0 0 62 48 53 0 0 0 241 0
0 0 0 33 0 0 62 48 53 0 0 0 241 0
0 0 0 33 0 0 62 48 53 0 0 0 241 0
0 0 0 33 0 0 62 48 53 0 0 0 241 0
0 0 0 33 0 0 62 48 53 0 0 15000 241 0
Chip#1
126 118 122 130 137 126 124 122 133 130 131 133 0 0
127 120 129 130 132 128 129 138 127 134 134 136 1 0
134 122 135 142 146 137 136 136 140 142 139 139 2 0
142 135 146 174 146 149 148 153 164 156 151 146 3 0
138 135 246 1210 629 154 156 406 1293 371 172 189 4 0
131 134 257 1522 689 156 159 669 1933 419 170 189 5 0
142 142 148 180 155 162 160 174 202 171 155 144 6 0
131 132 145 164 146 152 152 153 151 149 140 137 7 0
144 142 162 439 209 166 165 186 341 168 148 146 8 0
136 131 316 2347 1123 155 157 816 2166 448 142 133 9 0
143 142 211 1180 429 160 160 477 1278 245 141 132 10 0
147 137 145 154 146 149 148 149 153 146 136 15000 11 0
Chip#2
116 129 94 138 131 106 118 131 129 117 112 134 0 0
116 130 95 141 133 106 120 129 133 116 118 138 1 0
118 133 92 139 132 105 118 130 131 119 112 136 2 0
119 132 99 147 138 108 123 130 136 121 115 136 3 0
115 126 95 426 454 105 113 205 429 142 107 130 4 0
116 134 96 383 397 111 120 220 510 146 115 137 5 0
114 126 94 140 135 102 115 127 130 118 111 133 6 0
117 132 94 145 134 106 120 130 135 118 113 136 7 0
114 127 98 262 194 107 119 156 402 123 111 136 8 0
117 133 102 582 450 110 123 453 947 132 116 138 9 0
122 134 101 158 143 111 124 141 214 127 122 143 10 0
119 132 97 140 133 107 120 128 135 119 119 15000 11 0
Chip#3
0 0 0 33 0 0 62 48 53 0 0 0 241 0
0 0 0 33 0 0 62 48 53 0 0 0 241 0
0 0 0 33 0 0 62 48 53 0 0 0 241 0
0 0 0 33 0 0 62 48 53 0 0 0 241 0
0 0 0 33 0 0 62 48 53 0 0 0 241 0
0 0 0 33 0 0 62 48 53 0 0 0 241 0
0 0 0 33 0 0 62 48 53 0 0 0 241 0
0 0 0 33 0 0 62 48 53 0 0 0 241 0
0 0 0 33 0 0 62 48 53 0 0 0 241 0
0 0 0 33 0 0 62 48 53 0 0 0 241 0
0 0 0 33 0 0 62 48 53 0 0 0 241 0
0 0 0 33 0 0 62 48 53 0 0 15000 241 0
Chip#4
0 0 0 33 0 0 62 48 53 0 0 0 241 0
0 0 0 33 0 0 62 48 53 0 0 0 241 0
0 0 0 33 0 0 62 48 53 0 0 0 241 0
0 0 0 33 0 0 62 48 53 0 0 0 241 0
0 0 0 33 0 0 62 48 53 0 0 0 241 0
0 0 0 33 0 0 62 48 53 0 0 0 241 0
0 0 0 33 0 0 62 48 53 0 0 0 241 0
0 0 0 33 0 0 62 48 53 0 0 0 241 0
0 0 0 33 0 0 62 48 53 0 0 0 241 0
0 0 0 33 0 0 62 48 53 0 0 0 241 0
0 0 0 33 0 0 62 48 53 0 0 0 241 0
0 0 0 33 0 0 62 48 53 0 0 15000 241 0
Chip#1
124 120 129 130 131 128 129 126 129 133 128 135 0 0
136 129 137 141 146 135 140 144 148 144 148 141 1 0
130 121 130 144 145 136 134 140 144 145 142 137 2 0
135 125 139 158 146 141 137 140 150 144 137 135 3 0
135 131 240 1195 617 145 148 394 1277 362 162 180 4 0
127 125 253 1508 684 146 152 658 1907 402 164 179 5 0
134 129 148 168 150 157 159 162 189 157 147 133 6 0
147 141 160 171 148 165 166 169 169 163 148 149 7 0
139 136 157 441 206 158 168 183 325 158 143 139 8 0
139 140 321 2349 1120 162 165 816 2101 446 140 131 9 0
140 143 215 1171 426 164 164 476 1282 245 143 139 10 0
144 139 149 158 146 152 149 144 149 146 140 15000 11 0
Chip#2
116 130 92 140 133 113 120 130 132 122 112 136 0 0
114 125 94 139 133 105 116 129 128 118 113 133 1 0
115 124 92 141 130 108 116 132 126 122 112 134 2 0
117 130 99 145 137 111 122 131 131 121 118 136 3 0
116 128 96 428 451 111 119 206 430 145 113 135 4 0
114 131 97 381 397 109 120 218 512 141 112 137 5 0
115 126 92 141 133 106 117 129 131 118 112 137 6 0
114 123 91 138 130 102 115 126 130 115 110 134 7 0
116 129 101 262 189 107 120 159 400 123 112 138 8 0
119 130 99 582 450 111 120 456 946 131 116 138 9 0
119 130 99 151 138 113 125 140 212 121 114 140 10 0
124 132 103 146 135 116 123 134 137 123 115 15000 11 0
Chip#3
0 0 0 33 0 0 62 48 53 0 0 0 241 0
0 0 0 33 0 0 62 48 53 0 0 0 241 0
0 0 0 33 0 0 62 48 53 0 0 0 241 0
0 0 0 33 0 0 62 48 53 0 0 0 241 0
0 0 0 33 0 0 62 48 53 0 0 0 241 0
0 0 0 33 0 0 62 48 53 0 0 0 241 0
0 0 0 33 0 0 62 48 53 0 0 0 241 0
0 0 0 33 0 0 62 48 53 0 0 0 241 0
0 0 0 33 0 0 62 48 53 0 0 0 241 0
0 0 0 33 0 0 62 48 53 0 0 0 241 0
0 0 0 33 0 0 62 48 53 0 0 0 241 0
0 0 0 33 0 0 62 48 53 0 0 15000 241 0
Chip#4
0 0 0 33 0 0 62 48 53 0 0 0 241 0
0 0 0 33 0 0 62 48 53 0 0 0 241 0
0 0 0 33 0 0 62 48 53 0 0 0 241 0
0 0 0 33 0 0 62 48 53 0 0 0 241 0
0 0 0 33 0 0 62 48 53 0 0 0 241 0
0 0 0 33 0 0 62 48 53 0 0 0 241 0
0 0 0 33 0 0 62 48 53 0 0 0 241 0
0 0 0 33 0 0 62 48 53 0 0 0 241 0
0 0 0 33 0 0 62 48 53 0 0 0 241 0
0 0 0 33 0 0 62 48 53 0 0 0 241 0
0 0 0 33 0 0 62 48 53 0 0 0 241 0
0 0 0 33 0 0 62 48 53 0 0 15000 241 0
Chip#1
127 121 128 131 132 130 127 132 137 135 133 139 0 0
128 126 128 134 143 130 132 140 137 144 138 137 1 0
132 124 131 140 141 131 131 131 134 145 141 139 2 0
135 129 137 155 146 142 137 142 152 152 147 143 3 0
135 133 246 1181 618 149 149 388 1258 363 170 184 4 0
136 129 254 1492 680 152 152 655 1888 407 171 184 5 0
136 131 143 167 146 158 149 162 189 161 148 139 6 0
144 142 156 167 150 158 159 165 163 157 150 146 7 0
134 131 148 426 201 154 155 175 325 148 136 129 8 0
140 140 320 2339 1115 162 161 816 2101 443 143 136 9 0
147 148 213 1172 429 167 165 485 1277 251 153 141 10 0
140 128 142 144 145 142 140 144 144 137 131 15000 11 0
Chip#2
113 124 92 136 129 106 117 124 127 112 115 132 0 0
120 131 99 146 137 111 122 135 136 124 120 141 1 0
116 131 97 141 132 105 120 129 132 121 114 139 2 0
113 122 89 141 133 102 115 125 131 116 112 131 3 0
115 125 95 427 440 103 114 200 426 141 111 131 4 0
112 126 92 376 388 105 113 213 505 139 113 132 5 0
117 130 98 143 132 109 124 133 136 122 115 137 6 0
114 127 95 139 135 111 119 132 130 118 112 133 7 0
117 130 97 263 193 110 124 164 405 123 116 137 8 0
121 131 96 582 446 111 124 458 953 133 118 139 9 0
116 128 97 152 140 109 121 137 210 119 117 140 10 0
117 127 95 137 130 107 116 126 130 116 114 15000 11 0
Chip#3
0 0 0 33 0 0 62 48 53 0 0 0 241 0
0 0 0 33 0 0 62 48 53 0 0 0 241 0
0 0 0 33 0 0 62 48 53 0 0 0 241 0
0 0 0 33 0 0 62 48 53 0 0 0 241 0
0 0 0 33 0 0 62 48 53 0 0 0 241 0
0 0 0 33 0 0 62 48 53 0 0 0 241 0
0 0 0 33 0 0 62 48 53 0 0 0 241 0
0 0 0 33 0 0 62 48 53 0 0 0 241 0
0 0 0 33 0 0 62 48 53 0 0 0 241 0
0 0 0 33 0 0 62 48 53 0 0 0 241 0
0 0 0 33 0 0 62 48 53 0 0 0 241 0
0 0 0 33 0 0 62 48 53 0 0 15000 241 0
Chip#4
0 0 0 33 0 0 62 48 53 0 0 0 241 0
0 0 0 33 0 0 62 48 53 0 0 0 241 0
0 0 0 33 0 0 62 48 53 0 0 0 241 0
0 0 0 33 0 0 62 48 53 0 0 0 241 0
0 0 0 33 0 0 62 48 53 0 0 0 241 0
0 0 0 33 0 0 62 48 53 0 0 0 241 0
0 0 0 33 0 0 62 48 53 0 0 0 241 0
0 0 0 33 0 0 62 48 53 0 0 0 241 0
0 0 0 33 0 0 62 48 53 0 0 0 241 0
0 0 0 33 0 0 62 48 53 0 0 0 241 0
0 0 0 33 0 0 62 48 53 0 0 0 241 0
0 0 0 33 0 0 62 48 53 0 0 15000 241 0
Chip#1
122 121 125 134 134 126 124 130 134 135 138 131 0 0
124 122 129 132 135 126 128 132 132 132 138 131 1 0
131 129 133 135 145 138 135 138 145 148 147 137 2 0
134 129 136 160 146 138 144 148 156 149 146 137 3 0
134 132 241 1182 617 147 149 388 1262 358 166 183 4 0
136 138 260 1498 687 161 160 658 1882 411 171 185 5 0
131 122 144 158 146 151 158 153 184 157 142 129 6 0
134 131 141 157 146 154 151 153 160 149 140 133 7 0
134 136 153 430 202 155 159 178 325 160 142 131 8 0
138 139 320 2337 1105 161 161 816 2071 442 142 131 9 0
142 138 209 1159 422 158 156 473 1272 250 141 131 10 0
139 126 139 154 146 143 140 140 149 137 132 15000 11 0
Chip#2
115 126 94 141 132 107 121 130 129 118 114 138 0 0
111 125 89 139 128 105 118 130 125 116 110 134 1 0
116 131 103 143 136 113 123 131 134 123 120 136 2 0
120 129 97 148 139 113 122 136 138 122 119 137 3 0
116 129 94 427 447 106 118 206 429 146 113 134 4 0
121 128 100 387 396 115 122 222 510 148 120 139 5 0
118 127 91 141 137 107 117 132 132 115 113 135 6 0
116 128 94 143 137 108 119 134 131 121 119 136 7 0
114 128 94 260 192 109 123 161 406 122 120 136 8 0
117 133 101 582 454 113 123 462 951 136 121 140 9 0
115 131 99 153 141 110 122 139 213 123 117 139 10 0
126 135 105 148 144 117 128 138 139 129 122 15000 11 0
Chip#3
0 0 0 33 0 0 62 48 53 0 0 0 241 0
0 0 0 33 0 0 62 48 53 0 0 0 241 0
0 0 0 33 0 0 62 48 53 0 0 0 241 0
0 0 0 33 0 0 62 48 53 0 0 0 241 0
0 0 0 33 0 0 62 48 53 0 0 0 241 0
0 0 0 33 0 0 62 48 53 0 0 0 241 0
0 0 0 33 0 0 62 48 53 0 0 0 241 0
0 0 0 33 0 0 62 48 53 0 0 0 241 0
0 0 0 33 0 0 62 48 53 0 0 0 241 0
0 0 0 33 0 0 62 48 53 0 0 0 241 0
0 0 0 33 0 0 62 48 53 0 0 0 241 0
0 0 0 33 0 0 62 48 53 0 0 15000 241 0
Chip#4
0 0 0 33 0 0 62 48 53 0 0 0 241 0
0 0 0 33 0 0 62 48 53 0 0 0 241 0
0 0 0 33 0 0 62 48 53 0 0 0 241 0
0 0 0 33 0 0 62 48 53 0 0 0 241 0
0 0 0 33 0 0 62 48 53 0 0 0 241 0
0 0 0 33 0 0 62 48 53 0 0 0 241 0
0 0 0 33 0 0 62 48 53 0 0 0 241 0
0 0 0 33 0 0 62 48 53 0 0 0 241 0
0 0 0 33 0 0 62 48 53 0 0 0 241 0
0 0 0 33 0 0 62 48 53 0 0 0 241 0
0 0 0 33 0 0 62 48 53 0 0 0 241 0
0 0 0 33 0 0 62 48 53 0 0 15000 241 0
Chip#1
120 115 125 130 130 124 125 122 130 128 133 127 0 0
128 124 131 141 137 131 128 134 133 137 138 132 1 0
135 128 129 137 146 135 130 131 140 138 143 136 2 0
134 129 140 161 146 142 137 144 155 151 146 140 3 0
143 132 245 1200 621 147 149 394 1266 359 168 180 4 0
130 128 254 1499 677 149 148 658 1883 403 166 179 5 0
139 129 150 173 150 158 156 163 193 161 153 139 6 0
144 137 157 174 150 162 168 163 165 160 155 140 7 0
147 147 163 445 214 166 167 189 325 167 152 143 8 0
147 142 328 2353 1117 165 163 832 2117 443 150 144 9 0
144 146 209 1174 422 160 156 480 1279 252 145 133 10 0
151 147 156 167 146 156 156 150 160 151 144 15000 11 0
Chip#2
115 127 99 138 136 105 120 129 134 117 111 135 0 0
118 126 96 136 132 108 118 129 131 120 114 134 1 0
115 125 96 137 127 103 120 128 132 116 109 132 2 0
120 125 94 144 135 107 119 127 130 118 115 136 3 0
117 128 95 421 444 108 122 207 426 141 114 133 4 0
118 131 95 383 393 111 121 217 512 143 119 137 5 0
122 134 102 147 144 115 126 136 138 125 121 140 6 0
112 119 89 135 126 104 115 123 125 112 108 128 7 0
117 127 95 264 188 108 121 157 398 119 111 134 8 0
116 128 98 582 444 104 121 453 940 128 114 135 9 0
118 132 97 152 140 109 123 140 210 124 115 139 10 0
118 129 100 142 136 114 124 132 134 123 116 15000 11 0
Chip#3
0 0 0 33 0 0 62 48 53 0 0 0 241 0
0 0 0 33 0 0 62 48 53 0 0 0 241 0
0 0 0 33 0 0 62 48 53 0 0 0 241 0
0 0 0 33 0 0 62 48 53 0 0 0 241 0
0 0 0 33 0 0 62 48 53 0 0 0 241 0
0 0 0 33 0 0 62 48 53 0 0 0 241 0
0 0 0 33 0 0 62 48 53 0 0 0 241 0
0 0 0 33 0 0 62 48 53 0 0 0 241 0
0 0 0 33 0 0 62 48 53 0 0 0 241 0
0 0 0 33 0 0 62 48 53 0 0 0 241 0
0 0 0 33 0 0 62 48 53 0 0 0 241 0
0 0 0 33 0 0 62 48 53 0 0 15000 241 0
Chip#4
0 0 0 33 0 0 62 48 53 0 0 0 241 0
0 0 0 33 0 0 62 48 53 0 0 0 241 0
0 0 0 33 0 0 62 48 53 0 0 0 241 0
0 0 0 33 0 0 62 48 53 0 0 0 241 0
0 0 0 33 0 0 62 48 53 0 0 0 241 0
0 0 0 33 0 0 62 48 53 0 0 0 241 0
0 0 0 33 0 0 62 48 53 0 0 0 241 0
0 0 0 33 0 0 62 48 53 0 0 0 241 0
0 0 0 33 0 0 62 48 53 0 0 0 241 0
0 0 0 33 0 0 62 48 53 0 0 0 241 0
0 0 0 33 0 0 62 48 53 0 0 0 241 0
0 0 0 33 0 0 62 48 53 0 0 15000 241 0
Chip#1
127 120 124 132 132 124 125 126 133 133 136 139 0 0
124 122 126 132 135 122 125 136 133 133 136 132 1 0
131 124 131 140 142 133 129 138 141 144 140 137 2 0
131 125 131 155 146 133 137 142 150 147 138 135 3 0
134 132 237 1176 606 149 146 384 1239 352 166 183 4 0
135 128 260 1484 673 152 157 650 1855 403 167 186 5 0
139 132 146 171 147 155 155 169 192 163 155 141 6 0
136 132 148 161 146 155 155 153 161 153 143 136 7 0
151 149 166 436 214 169 168 194 341 172 155 148 8 0
143 137 322 2337 1105 164 163 816 2064 438 146 136 9 0
132 141 207 1156 412 155 155 473 1263 245 138 129 10 0
152 149 157 163 148 152 159 154 160 153 149 15000 11 0
Chip#2
106 120 87 133 126 102 111 123 128 109 107 128 0 0
113 127 90 138 128 106 118 125 132 116 110 132 1 0
112 125 92 139 127 108 119 127 130 116 113 133 2 0
114 126 89 140 129 108 120 126 131 117 111 131 3 0
114 130 101 426 450 110 121 207 426 146 115 136 4 0
113 129 96 380 396 107 121 215 505 142 116 137 5 0
112 127 91 139 132 106 117 129 133 117 108 132 6 0
113 125 91 138 134 106 118 130 133 116 113 134 7 0
113 128 92 261 191 107 120 158 403 122 114 135 8 0
110 127 97 582 445 108 120 453 941 126 111 134 9 0
110 123 90 147 132 100 116 138 209 118 110 130 10 0
120 131 101 145 140 110 121 135 136 120 117 15000 11 0
Chip#3
0 0 0 33 0 0 62 48 53 0 0 0 241 0
0 0 0 33 0 0 62 48 53 0 0 0 241 0
0 0 0 33 0 0 62 48 53 0 0 0 241 0
0 0 0 33 0 0 62 48 53 0 0 0 241 0
0 0 0 33 0 0 62 48 53 0 0 0 241 0
0 0 0 33 0 0 62 48 53 0 0 0 241 0
0 0 0 33 0 0 62 48 53 0 0 0 241 0
0 0 0 33 0 0 62 48 53 0 0 0 241 0
0 0 0 33 0 0 62 48 53 0 0 0 241 0
0 0 0 33 0 0 62 48 53 0 0 0 241 0
0 0 0 33 0 0 62 48 53 0 0 0 241 0
0 0 0 33 0 0 62 48 53 0 0 15000 241 0
Chip#4
0 0 0 33 0 0 62 48 53 0 0 0 241 0
0 0 0 33 0 0 62 48 53 0 0 0 241 0
0 0 0 33 0 0 62 48 53 0 0 0 241 0
0 0 0 33 0 0 62 48 53 0 0 0 241 0
0 0 0 33 0 0 62 48 53 0 0 0 241 0
0 0 0 33 0 0 62 48 53 0 0 0 241 0
0 0 0 33 0 0 62 48 53 0 0 0 241 0
0 0 0 33 0 0 62 48 53 0 0 0 241 0
0 0 0 33 0 0 62 48 53 0 0 0 241 0
0 0 0 33 0 0 62 48 53 0 0 0 241 0
0 0 0 33 0 0 62 48 53 0 0 0 241 0
0 0 0 33 0 0 62 48 53 0 0 15000 241 0
Chip#1
123 120 125 130 133 130 124 126 133 130 133 137 0 0
131 127 129 137 141 131 129 134 134 138 138 139 1 0
136 125 140 140 146 140 141 140 144 144 141 143 2 0
135 129 139 154 146 140 137 141 150 149 137 141 3 0
130 122 233 1166 599 149 141 382 1223 343 160 172 4 0
144 137 266 1490 674 164 161 656 1859 406 177 184 5 0
139 133 148 171 147 157 164 163 192 160 152 137 6 0
139 137 153 164 148 161 157 161 163 157 150 145 7 0
146 137 161 431 210 161 160 188 325 164 150 145 8 0
144 140 324 2337 1099 165 157 832 2101 444 147 137 9 0
146 138 207 1157 416 162 155 478 1272 246 144 131 10 0
148 143 154 158 146 154 150 149 159 145 140 15000 11 0
Chip#2
108 124 89 136 130 101 113 122 121 115 109 129 0 0
110 127 91 140 130 104 116 125 129 116 112 130 1 0
121 133 94 142 137 110 122 131 134 124 116 140 2 0
108 124 87 137 130 104 112 125 131 113 107 128 3 0
117 133 99 423 447 112 122 205 426 147 116 137 4 0
119 132 97 382 395 111 123 216 507 148 119 138 5 0
113 128 94 139 138 109 118 127 136 122 114 137 6 0
112 130 94 139 136 105 122 128 132 115 116 135 7 0
116 127 97 260 189 110 121 157 399 122 116 135 8 0
119 134 96 582 453 110 125 455 944 132 119 137 9 0
111 124 90 147 133 105 117 136 206 118 112 129 10 0
114 132 93 143 138 109 120 130 134 122 118 15000 11 0
Chip#3
0 0 0 33 0 0 62 48 53 0 0 0 241 0
0 0 0 33 0 0 62 48 53 0 0 0 241 0
0 0 0 33 0 0 62 48 53 0 0 0 241 0
0 0 0 33 0 0 62 48 53 0 0 0 241 0
0 0 0 33 0 0 62 48 53 0 0 0 241 0
0 0 0 33 0 0 62 48 53 0 0 0 241 0
0 0 0 33 0 0 62 48 53 0 0 0 241 0
0 0 0 33 0 0 62 48 53 0 0 0 241 0
0 0 0 33 0 0 62 48 53 0 0 0 241 0
0 0 0 33 0 0 62 48 53 0 0 0 241 0
0 0 0 33 0 0 62 48 53 0 0 0 241 0
0 0 0 33 0 0 62 48 53 0 0 15000 241 0
Chip#4
0 0 0 33 0 0 62 48 53 0 0 0 241 0
0 0 0 33 0 0 62 48 53 0 0 0 241 0
0 0 0 33 0 0 62 48 53 0 0 0 241 0
0 0 0 33 0 0 62 48 53 0 0 0 241 0
0 0 0 33 0 0 62 48 53 0 0 0 241 0
0 0 0 33 0 0 62 48 53 0 0 0 241 0
0 0 0 33 0 0 62 48 53 0 0 0 241 0
0 0 0 33 0 0 62 48 53 0 0 0 241 0
0 0 0 33 0 0 62 48 53 0 0 0 241 0
0 0 0 33 0 0 62 48 53 0 0 0 241 0
0 0 0 33 0 0 62 48 53 0 0 0 241 0
0 0 0 33 0 0 62 48 53 0 0 15000 241 0
Chip#1
128 122 128 127 138 128 127 128 130 131 133 133 0 0
130 119 129 132 139 131 129 136 132 136 140 136 1 0
140 124 133 138 145 135 139 134 138 149 143 140 2 0
139 125 137 157 146 137 141 142 152 152 138 136 3 0
132 124 237 1160 597 142 143 383 1224 343 159 175 4 0
132 130 257 1474 665 149 152 649 1838 397 170 179 5 0
136 131 149 170 146 156 149 163 188 156 146 140 6 0
134 132 145 155 146 151 151 156 160 151 145 135 7 0
134 126 149 419 204 152 154 178 325 154 134 131 8 0
135 131 313 2328 1084 154 153 816 2061 428 136 128 9 0
143 139 208 1148 416 158 159 480 1272 246 146 135 10 0
144 137 152 154 146 151 150 152 157 149 140 15000 11 0
Chip#2
110 119 90 133 130 100 111 123 127 112 110 128 0 0
116 128 95 137 129 109 120 128 131 121 114 134 1 0
107 122 88 136 130 103 113 120 128 113 110 130 2 0
112 125 94 139 135 108 116 126 127 118 112 132 3 0
115 128 96 421 441 110 117 202 423 144 114 136 4 0
115 127 99 380 392 111 120 215 504 142 115 137 5 0
116 128 94 141 131 107 118 128 135 121 113 134 6 0
115 128 95 141 129 108 120 129 131 119 116 137 7 0
116 124 94 254 191 107 119 153 400 117 111 133 8 0
119 132 99 555 449 116 122 455 943 132 119 140 9 0
114 127 95 151 136 109 118 138 211 119 113 135 10 0
116 125 94 135 129 102 114 123 129 113 109 15000 11 0
Chip#3
0 0 0 33 0 0 62 48 53 0 0 0 241 0
0 0 0 33 0 0 62 48 53 0 0 0 241 0
0 0 0 33 0 0 62 48 53 0 0 0 241 0
0 0 0 33 0 0 62 48 53 0 0 0 241 0
0 0 0 33 0 0 62 48 53 0 0 0 241 0
0 0 0 33 0 0 62 48 53 0 0 0 241 0
0 0 0 33 0 0 62 48 53 0 0 0 241 0
0 0 0 33 0 0 62 48 53 0 0 0 241 0
0 0 0 33 0 0 62 48 53 0 0 0 241 0
0 0 0 33 0 0 62 48 53 0 0 0 241 0
0 0 0 33 0 0 62 48 53 0 0 0 241 0
0 0 0 33 0 0 62 48 53 0 0 15000 241 0
Chip#4
0 0 0 33 0 0 62 48 53 0 0 0 241 0
0 0 0 33 0 0 62 48 53 0 0 0 241 0
0 0 0 33 0 0 62 48 53 0 0 0 241 0
0 0 0 33 0 0 62 48 53 0 0 0 241 0
0 0 0 33 0 0 62 48 53 0 0 0 241 0
0 0 0 33 0 0 62 48 53 0 0 0 241 0
0 0 0 33 0 0 62 48 53 0 0 0 241 0
0 0 0 33 0 0 62 48 53 0 0 0 241 0
0 0 0 33 0 0 62 48 53 0 0 0 241 0
0 0 0 33 0 0 62 48 53 0 0 0 241 0
0 0 0 33 0 0 62 48 53 0 0 0 241 0
0 0 0 33 0 0 62 48 53 0 0 15000 241 0
Chip#1
122 116 125 128 132 126 125 126 126 136 132 132 0 0
122 115 120 125 131 121 118 126 131 123 128 128 1 0
126 118 124 131 135 126 127 133 127 140 130 131 2 0
134 125 135 155 146 140 140 145 152 149 139 136 3 0
131 126 236 1157 598 147 147 382 1214 345 164 177 4 0
140 136 264 1477 669 161 156 653 1861 398 180 194 5 0
136 128 145 161 146 147 153 160 185 161 148 137 6 0
135 129 144 167 152 155 152 154 157 156 144 137 7 0
132 126 146 422 199 149 152 176 309 153 136 128 8 0
142 137 320 2328 1084 162 165 832 2065 436 148 136 9 0
136 135 201 1143 407 155 153 469 1262 241 138 127 10 0
146 129 144 153 146 148 143 142 149 142 132 15000 11 0
Chip#2
117 132 95 139 137 108 123 131 133 118 114 136 0 0
116 125 89 138 132 103 115 123 127 115 111 131 1 0
112 128 94 138 132 104 115 124 132 117 112 134 2 0
113 123 89 136 131 101 114 123 129 117 108 133 3 0
114 126 94 419 440 103 111 201 422 140 107 132 4 0
122 132 99 380 402 110 122 218 511 148 116 140 5 0
110 126 93 142 136 105 117 124 131 121 111 135 6 0
112 124 91 135 131 104 117 129 132 117 111 133 7 0
113 125 93 256 186 102 115 152 399 117 107 132 8 0
120 132 100 582 456 109 120 457 951 137 118 143 9 0
116 126 94 149 139 104 119 137 210 119 112 134 10 0
117 126 93 134 132 106 114 125 129 115 109 15000 11 0
Chip#3
0 0 0 33 0 0 62 48 53 0 0 0 241 0
0 0 0 33 0 0 62 48 53 0 0 0 241 0
0 0 0 33 0 0 62 48 53 0 0 0 241 0
0 0 0 33 0 0 62 48 53 0 0 0 241 0
0 0 0 33 0 0 62 48 53 0 0 0 241 0
0 0 0 33 0 0 62 48 53 0 0 0 241 0
0 0 0 33 0 0 62 48 53 0 0 0 241 0
0 0 0 33 0 0 62 48 53 0 0 0 241 0
0 0 0 33 0 0 62 48 53 0 0 0 241 0
0 0 0 33 0 0 62 48 53 0 0 0 241 0
0 0 0 33 0 0 62 48 53 0 0 0 241 0
0 0 0 33 0 0 62 48 53 0 0 15000 241 0
Chip#4
0 0 0 33 0 0 62 48 53 0 0 0 241 0
0 0 0 33 0 0 62 48 53 0 0 0 241 0
0 0 0 33 0 0 62 48 53 0 0 0 241 0
0 0 0 33 0 0 62 48 53 0 0 0 241 0
0 0 0 33 0 0 62 48 53 0 0 0 241 0
0 0 0 33 0 0 62 48 53 0 0 0 241 0
0 0 0 33 0 0 62 48 53 0 0 0 241 0
0 0 0 33 0 0 62 48 53 0 0 0 241 0
0 0 0 33 0 0 62 48 53 0 0 0 241 0
0 0 0 33 0 0 62 48 53 0 0 0 241 0
0 0 0 33 0 0 62 48 53 0 0 0 241 0
0 0 0 33 0 0 62 48 53 0 0 15000 241 0
Chip#1
126 116 121 125 134 124 124 122 129 127 132 132 0 0
131 121 130 137 139 128 131 135 137 140 143 136 1 0
134 126 134 144 145 138 133 139 142 151 144 143 2 0
130 128 136 155 146 142 143 140 149 144 143 135 3 0
134 125 237 1158 592 146 140 383 1212 346 164 184 4 0
132 133 255 1466 663 157 156 642 1845 392 172 184 5 0
143 138 151 173 151 158 155 163 191 163 157 141 6 0
139 135 146 157 146 154 156 150 156 152 141 140 7 0
142 136 158 427 206 163 162 181 325 164 146 137 8 0
131 128 313 2295 1076 154 150 816 2070 428 136 127 9 0
146 142 219 1154 413 162 159 488 1268 247 148 137 10 0
147 137 150 160 145 154 148 156 155 148 141 15000 11 0
Chip#2
117 127 92 139 134 109 116 132 131 120 113 131 0 0
110 122 91 136 128 104 114 124 125 113 108 130 1 0
112 127 95 139 130 104 118 128 128 118 110 131 2 0
117 129 97 147 140 108 123 129 137 121 113 132 3 0
118 130 94 420 443 106 119 207 424 141 114 136 4 0
115 130 96 376 391 107 120 215 500 144 113 136 5 0
112 123 93 137 135 102 115 127 128 115 107 135 6 0
117 131 97 145 138 107 123 132 136 123 113 133 7 0
119 126 97 259 193 106 120 160 398 126 113 134 8 0
118 130 99 553 446 109 116 457 948 131 113 133 9 0
117 122 91 149 137 102 115 135 206 120 108 133 10 0
119 126 98 139 132 105 115 127 130 120 114 15000 11 0
Chip#3
0 0 0 33 0 0 62 48 53 0 0 0 241 0
0 0 0 33 0 0 62 48 53 0 0 0 241 0
0 0 0 33 0 0 62 48 53 0 0 0 241 0
0 0 0 33 0 0 62 48 53 0 0 0 241 0
0 0 0 33 0 0 62 48 53 0 0 0 241 0
0 0 0 33 0 0 62 48 53 0 0 0 241 0
0 0 0 33 0 0 62 48 53 0 0 0 241 0
0 0 0 33 0 0 62 48 53 0 0 0 241 0
0 0 0 33 0 0 62 48 53 0 0 0 241 0
0 0 0 33 0 0 62 48 53 0 0 0 241 0
0 0 0 33 0 0 62 48 53 0 0 0 241 0
0 0 0 33 0 0 62 48 53 0 0 15000 241 0
Chip#4
0 0 0 33 0 0 62 48 53 0 0 0 241 0
0 0 0 33 0 0 62 48 53 0 0 0 241 0
0 0 0 33 0 0 62 48 53 0 0 0 241 0
0 0 0 33 0 0 62 48 53 0 0 0 241 0
0 0 0 33 0 0 62 48 53 0 0 0 241 0
0 0 0 33 0 0 62 48 53 0 0 0 241 0
0 0 0 33 0 0 62 48 53 0 0 0 241 0
0 0 0 33 0 0 62 48 53 0 0 0 241 0
0 0 0 33 0 0 62 48 53 0 0 0 241 0
0 0 0 33 0 0 62 48 53 0 0 0 241 0
0 0 0 33 0 0 62 48 53 0 0 0 241 0
0 0 0 33 0 0 62 48 53 0 0 15000 241 0
Chip#1
118 112 121 121 125 120 124 121 122 122 132 127 0 0
130 119 129 134 137 129 123 126 130 137 139 131 1 0
128 123 130 141 139 128 129 131 131 140 137 135 2 0
131 128 139 154 145 135 140 143 152 148 138 139 3 0
132 129 237 1158 594 144 143 379 1209 339 163 181 4 0
126 120 253 1459 658 149 149 640 1814 383 164 181 5 0
138 137 153 174 151 159 159 168 198 163 155 140 6 0
140 137 153 170 150 156 160 160 160 157 146 150 7 0
130 125 149 427 198 152 155 173 325 150 138 132 8 0
128 132 316 2290 1076 151 151 816 2062 426 137 126 9 0
143 136 203 1143 405 156 155 476 1260 241 143 133 10 0
151 142 153 160 146 154 151 150 156 151 143 15000 11 0
Chip#2
114 128 93 138 137 105 120 129 128 118 116 133 0 0
118 132 98 143 137 109 121 131 133 122 121 140 1 0
112 126 94 137 133 103 118 128 128 115 109 135 2 0
113 129 93 142 134 101 115 128 128 113 111 134 3 0
112 127 90 418 439 106 119 202 418 142 113 133 4 0
115 127 91 375 391 103 116 211 501 140 107 137 5 0
110 124 87 137 130 100 114 123 128 111 106 130 6 0
109 125 88 135 129 106 116 124 128 116 110 130 7 0
109 126 94 255 188 102 116 155 395 117 112 131 8 0
117 126 94 548 444 106 114 451 940 127 114 133 9 0
110 124 89 146 135 103 115 134 206 114 112 132 10 0
118 131 93 140 136 111 118 132 135 124 118 15000 11 0
Chip#3
0 0 0 33 0 0 62 48 53 0 0 0 241 0
0 0 0 33 0 0 62 48 53 0 0 0 241 0
0 0 0 33 0 0 62 48 53 0 0 0 241 0
0 0 0 33 0 0 62 48 53 0 0 0 241 0
0 0 0 33 0 0 62 48 53 0 0 0 241 0
0 0 0 33 0 0 62 48 53 0 0 0 241 0
0 0 0 33 0 0 62 48 53 0 0 0 241 0
0 0 0 33 0 0 62 48 53 0 0 0 241 0
0 0 0 33 0 0 62 48 53 0 0 0 241 0
0 0 0 33 0 0 62 48 53 0 0 0 241 0
0 0 0 33 0 0 62 48 53 0 0 0 241 0
0 0 0 33 0 0 62 48 53 0 0 15000 241 0
Chip#4
0 0 0 33 0 0 62 48 53 0 0 0 241 0
0 0 0 33 0 0 62 48 53 0 0 0 241 0
0 0 0 33 0 0 62 48 53 0 0 0 241 0
0 0 0 33 0 0 62 48 53 0 0 0 241 0
0 0 0 33 0 0 62 48 53 0 0 0 241 0
0 0 0 33 0 0 62 48 53 0 0 0 241 0
0 0 0 33 0 0 62 48 53 0 0 0 241 0
0 0 0 33 0 0 62 48 53 0 0 0 241 0
0 0 0 33 0 0 62 48 53 0 0 0 241 0
0 0 0 33 0 0 62 48 53 0 0 0 241 0
0 0 0 33 0 0 62 48 53 0 0 0 241 0
0 0 0 33 0 0 62 48 53 0 0 15000 241 0
Chip#1
131 122 130 135 132 125 129 131 131 134 140 139 0 0
123 115 128 131 132 125 127 130 127 134 134 131 1 0
135 127 139 141 145 133 135 139 138 145 146 137 2 0
130 125 137 161 145 139 140 142 151 152 143 133 3 0
138 132 238 1154 593 154 144 378 1193 341 168 181 4 0
132 133 259 1448 658 155 157 640 1791 393 177 181 5 0
126 121 137 154 146 146 137 149 174 147 137 128 6 0
140 135 144 164 147 155 153 157 156 153 143 139 7 0
144 136 160 427 208 157 160 181 341 165 146 141 8 0
132 129 317 2266 1063 152 152 803 2050 429 138 128 9 0
140 140 205 1143 407 158 159 474 1261 241 138 130 10 0
143 137 148 154 146 146 143 147 149 141 136 15000 11 0
Chip#2
113 124 96 139 133 108 118 129 130 118 111 133 0 0
119 134 100 146 137 112 122 132 134 125 121 141 1 0
116 132 97 141 132 109 120 128 129 121 117 134 2 0
117 131 94 144 136 108 117 129 132 117 116 134 3 0
113 126 92 414 433 102 116 199 416 138 110 131 4 0
115 127 92 373 384 104 117 214 494 139 111 131 5 0
117 129 96 141 139 110 120 134 135 122 116 138 6 0
107 122 85 133 127 103 109 123 127 111 105 128 7 0
113 125 90 252 183 106 115 155 397 116 111 130 8 0
115 129 94 543 445 104 118 449 938 127 108 133 9 0
115 130 93 147 139 108 117 139 208 118 113 132 10 0
114 128 94 136 127 104 116 127 131 115 110 15000 11 0
Chip#3
0 0 0 33 0 0 62 48 53 0 0 0 241 0
0 0 0 33 0 0 62 48 53 0 0 0 241 0
0 0 0 33 0 0 62 48 53 0 0 0 241 0
0 0 0 33 0 0 62 48 53 0 0 0 241 0
0 0 0 33 0 0 62 48 53 0 0 0 241 0
0 0 0 33 0 0 62 48 53 0 0 0 241 0
0 0 0 33 0 0 62 48 53 0 0 0 241 0
0 0 0 33 0 0 62 48 53 0 0 0 241 0
0 0 0 33 0 0 62 48 53 0 0 0 241 0
0 0 0 33 0 0 62 48 53 0 0 0 241 0
0 0 0 33 0 0 62 48 53 0 0 0 241 0
0 0 0 33 0 0 62 48 53 0 0 15000 241 0
Chip#4
0 0 0 33 0 0 62 48 53 0 0 0 241 0
0 0 0 33 0 0 62 48 53 0 0 0 241 0
0 0 0 33 0 0 62 48 53 0 0 0 241 0
0 0 0 33 0 0 62 48 53 0 0 0 241 0
0 0 0 33 0 0 62 48 53 0 0 0 241 0
0 0 0 33 0 0 62 48 53 0 0 0 241 0
0 0 0 33 0 0 62 48 53 0 0 0 241 0
0 0 0 33 0 0 62 48 53 0 0 0 241 0
0 0 0 33 0 0 62 48 53 0 0 0 241 0
0 0 0 33 0 0 62 48 53 0 0 0 241 0
0 0 0 33 0 0 62 48 53 0 0 0 241 0
0 0 0 33 0 0 62 48 53 0 0 15000 241 0
Chip#1
127 120 128 130 135 128 128 127 134 133 133 132 0 0
124 124 126 122 131 125 127 132 133 132 137 132 1 0
127 115 133 132 138 133 132 135 140 140 138 133 2 0
127 122 130 151 145 133 140 136 147 142 138 133 3 0
136 131 235 1140 582 147 149 373 1188 339 167 180 4 0
140 136 264 1447 658 158 160 635 1792 392 176 193 5 0
135 133 145 161 146 151 156 154 185 156 145 131 6 0
140 136 150 163 146 160 159 161 161 157 146 143 7 0
134 128 146 416 195 150 149 174 309 153 137 127 8 0
142 136 318 2261 1066 155 160 816 2051 430 142 139 9 0
135 136 199 1127 402 147 145 466 1251 240 134 127 10 0
139 135 140 160 146 144 141 142 149 142 137 15000 11 0
Chip#2
109 123 89 132 127 102 112 125 128 110 110 128 0 0
113 122 88 137 128 105 113 126 128 115 111 133 1 0
107 125 91 135 129 100 114 123 128 112 110 127 2 0
119 131 97 148 142 112 124 135 139 125 119 138 3 0
117 128 92 419 438 109 120 200 417 144 118 131 4 0
115 127 97 372 389 109 117 209 495 143 117 137 5 0
107 124 91 134 130 102 118 130 128 117 113 132 6 0
111 126 89 136 131 106 118 127 133 114 113 132 7 0
115 126 94 256 186 106 119 151 397 118 113 128 8 0
109 127 93 541 435 102 114 445 936 124 111 131 9 0
116 129 97 149 136 103 120 137 211 120 116 129 10 0
114 128 98 141 134 103 117 127 134 120 113 15000 11 0
Chip#3
0 0 0 33 0 0 62 48 53 0 0 0 241 0
0 0 0 33 0 0 62 48 53 0 0 0 241 0
0 0 0 33 0 0 62 48 53 0 0 0 241 0
0 0 0 33 0 0 62 48 53 0 0 0 241 0
0 0 0 33 0 0 62 48 53 0 0 0 241 0
0 0 0 33 0 0 62 48 53 0 0 0 241 0
0 0 0 33 0 0 62 48 53 0 0 0 241 0
0 0 0 33 0 0 62 48 53 0 0 0 241 0
0 0 0 33 0 0 62 48 53 0 0 0 241 0
0 0 0 33 0 0 62 48 53 0 0 0 241 0
0 0 0 33 0 0 62 48 53 0 0 0 241 0
0 0 0 33 0 0 62 48 53 0 0 15000 241 0
Chip#4
0 0 0 33 0 0 62 48 53 0 0 0 241 0
0 0 0 33 0 0 62 48 53 0 0 0 241 0
0 0 0 33 0 0 62 48 53 0 0 0 241 0
0 0 0 33 0 0 62 48 53 0 0 0 241 0
0 0 0 33 0 0 62 48 53 0 0 0 241 0
0 0 0 33 0 0 62 48 53 0 0 0 241 0
0 0 0 33 0 0 62 48 53 0 0 0 241 0
0 0 0 33 0 0 62 48 53 0 0 0 241 0
0 0 0 33 0 0 62 48 53 0 0 0 241 0
0 0 0 33 0 0 62 48 53 0 0 0 241 0
0 0 0 33 0 0 62 48 53 0 0 0 241 0
0 0 0 33 0 0 62 48 53 0 0 15000 241 0
Chip#1
120 113 124 122 131 124 121 120 126 127 132 130 0 0
124 123 124 130 137 127 129 129 132 133 134 131 1 0
131 122 133 137 142 130 131 136 144 144 141 132 2 0
128 122 135 150 143 138 133 136 148 144 140 129 3 0
143 135 241 1142 587 152 152 377 1176 334 173 186 4 0
130 126 253 1422 656 147 147 621 1764 373 163 183 5 0
134 125 141 161 146 149 148 154 180 149 143 127 6 0
130 131 146 154 146 151 152 156 152 149 141 131 7 0
144 136 154 424 201 165 159 178 325 160 146 136 8 0
136 131 316 2258 1062 161 157 816 2051 425 141 131 9 0
143 145 206 1131 403 157 160 478 1251 245 146 131 10 0
148 136 149 154 146 149 144 145 149 146 141 15000 11 0
Chip#2
115 128 91 142 137 105 123 128 130 118 114 133 0 0
116 126 94 141 135 105 121 126 131 118 114 136 1 0
110 122 89 132 128 100 113 119 124 114 112 130 2 0
115 128 96 145 139 105 118 129 135 121 118 135 3 0
108 121 86 409 428 101 114 199 409 139 108 126 4 0
108 124 94 368 385 104 118 206 489 140 113 134 5 0
111 125 92 141 131 104 116 127 128 114 116 130 6 0
109 122 91 134 127 97 111 121 126 110 106 124 7 0
117 125 95 255 189 109 119 159 402 120 113 134 8 0
114 126 92 543 441 105 122 448 931 129 113 133 9 0
114 127 93 149 139 106 123 136 209 116 115 133 10 0
116 128 92 139 138 104 116 129 133 118 112 15000 11 0
Chip#3
0 0 0 33 0 0 62 48 53 0 0 0 241 0
0 0 0 33 0 0 62 48 53 0 0 0 241 0
0 0 0 33 0 0 62 48 53 0 0 0 241 0
0 0 0 33 0 0 62 48 53 0 0 0 241 0
0 0 0 33 0 0 62 48 53 0 0 0 241 0
0 0 0 33 0 0 62 48 53 0 0 0 241 0
0 0 0 33 0 0 62 48 53 0 0 0 241 0
0 0 0 33 0 0 62 48 53 0 0 0 241 0
0 0 0 33 0 0 62 48 53 0 0 0 241 0
0 0 0 33 0 0 62 48 53 0 0 0 241 0
0 0 0 33 0 0 62 48 53 0 0 0 241 0
0 0 0 33 0 0 62 48 53 0 0 15000 241 0
Chip#4
0 0 0 33 0 0 62 48 53 0 0 0 241 0
0 0 0 33 0 0 62 48 53 0 0 0 241 0
0 0 0 33 0 0 62 48 53 0 0 0 241 0
0 0 0 33 0 0 62 48 53 0 0 0 241 0
0 0 0 33 0 0 62 48 53 0 0 0 241 0
0 0 0 33 0 0 62 48 53 0 0 0 241 0
0 0 0 33 0 0 62 48 53 0 0 0 241 0
0 0 0 33 0 0 62 48 53 0 0 0 241 0
0 0 0 33 0 0 62 48 53 0 0 0 241 0
0 0 0 33 0 0 62 48 53 0 0 0 241 0
0 0 0 33 0 0 62 48 53 0 0 0 241 0
0 0 0 33 0 0 62 48 53 0 0 15000 241 0
Chip#1
122 113 120 124 126 123 119 122 123 127 133 128 0 0
127 128 128 135 142 130 135 140 138 135 145 135 1 0
130 127 134 137 141 135 131 136 137 141 142 136 2 0
128 129 138 157 145 142 140 144 149 152 143 135 3 0
128 120 227 1118 572 138 134 362 1157 321 153 167 4 0
143 136 264 1418 657 158 163 629 1755 386 177 189 5 0
135 126 145 165 146 151 155 160 183 156 147 131 6 0
138 136 141 157 146 151 152 156 159 151 143 131 7 0
138 140 153 424 200 160 160 181 309 165 143 137 8 0
138 142 315 2232 1047 156 153 816 2031 421 140 128 9 0
139 140 205 1121 402 157 155 469 1248 240 140 133 10 0
150 144 158 167 146 155 155 156 160 153 145 15000 11 0
Chip#2
109 122 92 131 126 100 110 123 124 113 106 128 0 0
110 125 93 139 132 106 116 124 130 117 112 132 1 0
115 129 95 139 129 106 120 126 133 120 114 131 2 0
112 128 98 140 134 104 120 131 131 115 113 130 3 0
112 126 95 412 430 106 117 198 413 141 110 133 4 0
108 122 89 342 378 104 112 207 481 136 109 128 5 0
111 124 96 137 132 106 118 127 130 120 109 134 6 0
110 125 96 137 132 103 115 128 130 122 113 134 7 0
106 123 87 251 183 100 112 150 388 115 110 127 8 0
110 126 94 539 442 106 115 447 936 126 114 132 9 0
112 122 91 149 133 105 114 133 209 119 113 128 10 0
116 130 96 142 139 105 120 127 133 121 116 15000 11 0
Chip#3
0 0 0 33 0 0 62 48 53 0 0 0 241 0
0 0 0 33 0 0 62 48 53 0 0 0 241 0
0 0 0 33 0 0 62 48 53 0 0 0 241 0
0 0 0 33 0 0 62 48 53 0 0 0 241 0
0 0 0 33 0 0 62 48 53 0 0 0 241 0
0 0 0 33 0 0 62 48 53 0 0 0 241 0
0 0 0 33 0 0 62 48 53 0 0 0 241 0
0 0 0 33 0 0 62 48 53 0 0 0 241 0
0 0 0 33 0 0 62 48 53 0 0 0 241 0
0 0 0 33 0 0 62 48 53 0 0 0 241 0
0 0 0 33 0 0 62 48 53 0 0 0 241 0
0 0 0 33 0 0 62 48 53 0 0 15000 241 0
Chip#4
0 0 0 33 0 0 62 48 53 0 0 0 241 0
0 0 0 33 0 0 62 48 53 0 0 0 241 0
0 0 0 33 0 0 62 48 53 0 0 0 241 0
0 0 0 33 0 0 62 48 53 0 0 0 241 0
0 0 0 33 0 0 62 48 53 0 0 0 241 0
0 0 0 33 0 0 62 48 53 0 0 0 241 0
0 0 0 33 0 0 62 48 53 0 0 0 241 0
0 0 0 33 0 0 62 48 53 0 0 0 241 0
0 0 0 33 0 0 62 48 53 0 0 0 241 0
0 0 0 33 0 0 62 48 53 0 0 0 241 0
0 0 0 33 0 0 62 48 53 0 0 0 241 0
0 0 0 33 0 0 62 48 53 0 0 15000 241 0
Chip#1
119 115 125 130 130 122 121 127 131 130 129 130 0 0
116 112 120 127 131 122 123 125 125 127 135 126 1 0
124 119 125 128 137 126 129 132 133 138 134 130 2 0
128 129 139 155 146 137 136 140 150 145 141 135 3 0
132 131 230 1108 574 145 145 365 1140 329 164 181 4 0
126 127 248 1389 644 150 152 605 1704 365 166 180 5 0
131 128 143 163 146 149 148 156 184 160 146 133 6 0
132 136 149 160 146 155 158 161 160 152 146 139 7 0
138 133 155 411 196 152 163 180 325 154 145 137 8 0
142 142 318 2225 1048 161 159 816 2033 428 147 136 9 0
134 137 202 1114 402 153 153 474 1245 240 142 132 10 0
136 132 143 153 146 142 139 145 148 142 133 15000 11 0
Chip#2
109 121 90 135 131 102 117 124 127 114 109 134 0 0
114 123 90 139 130 103 118 127 124 118 110 128 1 0
113 122 93 137 127 103 115 124 125 117 111 131 2 0
110 123 91 136 128 105 113 122 131 116 109 127 3 0
110 122 89 410 426 106 118 197 409 135 109 132 4 0
112 128 98 369 383 110 120 212 491 143 116 135 5 0
113 125 94 141 135 103 114 129 132 118 113 134 6 0
113 127 95 143 132 106 122 131 133 120 115 135 7 0
112 124 89 254 183 102 117 150 397 120 111 135 8 0
116 133 99 539 439 106 118 451 939 135 115 133 9 0
112 123 93 153 138 106 116 137 211 119 113 132 10 0
119 129 95 140 135 111 119 132 134 121 116 15000 11 0
Chip#3
0 0 0 33 0 0 62 48 53 0 0 0 241 0
0 0 0 33 0 0 62 48 53 0 0 0 241 0
0 0 0 33 0 0 62 48 53 0 0 0 241 0
0 0 0 33 0 0 62 48 53 0 0 0 241 0
0 0 0 33 0 0 62 48 53 0 0 0 241 0
0 0 0 33 0 0 62 48 53 0 0 0 241 0
0 0 0 33 0 0 62 48 53 0 0 0 241 0
0 0 0 33 0 0 62 48 53 0 0 0 241 0
0 0 0 33 0 0 62 48 53 0 0 0 241 0
0 0 0 33 0 0 62 48 53 0 0 0 241 0
0 0 0 33 0 0 62 48 53 0 0 0 241 0
0 0 0 33 0 0 62 48 53 0 0 15000 241 0
Chip#4
0 0 0 33 0 0 62 48 53 0 0 0 241 0
0 0 0 33 0 0 62 48 53 0 0 0 241 0
0 0 0 33 0 0 62 48 53 0 0 0 241 0
0 0 0 33 0 0 62 48 53 0 0 0 241 0
0 0 0 33 0 0 62 48 53 0 0 0 241 0
0 0 0 33 0 0 62 48 53 0 0 0 241 0
0 0 0 33 0 0 62 48 53 0 0 0 241 0
0 0 0 33 0 0 62 48 53 0 0 0 241 0
0 0 0 33 0 0 62 48 53 0 0 0 241 0
0 0 0 33 0 0 62 48 53 0 0 0 241 0
0 0 0 33 0 0 62 48 53 0 0 0 241 0
0 0 0 33 0 0 62 48 53 0 0 15000 241 0
Chip#1
130 121 128 132 134 122 124 124 134 131 141 137 0 0
126 120 126 125 135 122 121 134 130 127 139 135 1 0
123 118 133 130 137 124 126 131 134 133 133 128 2 0
128 130 135 160 146 136 139 144 152 142 139 143 3 0
126 122 228 1096 563 138 136 361 1132 313 159 175 4 0
127 129 249 1376 637 146 148 602 1693 365 161 180 5 0
140 132 148 170 147 156 156 159 188 157 153 141 6 0
134 135 146 157 146 151 148 146 155 146 145 136 7 0
134 132 156 412 196 151 148 173 325 156 137 135 8 0
147 144 321 2221 1037 162 163 816 2030 421 150 139 9 0
140 143 201 1109 402 149 148 468 1236 247 138 135 10 0
148 141 146 153 146 149 144 144 145 148 137 15000 11 0
Chip#2
113 127 95 139 131 107 114 128 128 118 112 132 0 0
114 126 97 141 135 105 118 129 127 120 115 135 1 0
105 118 87 128 125 94 108 121 123 106 108 124 2 0
109 124 93 138 132 100 111 122 127 111 109 131 3 0
117 129 97 411 425 104 115 201 410 139 109 132 4 0
115 130 94 367 381 105 117 210 483 138 115 134 5 0
111 128 94 140 133 105 119 130 132 116 115 135 6 0
111 121 93 136 129 101 111 121 130 116 111 127 7 0
109 124 91 249 182 101 115 153 392 115 107 131 8 0
112 124 92 538 435 100 116 446 931 128 111 133 9 0
114 125 100 152 140 107 118 140 214 121 112 140 10 0
119 125 97 139 133 107 120 129 134 118 113 15000 11 0
Chip#3
0 0 0 33 0 0 62 48 53 0 0 0 241 0
0 0 0 33 0 0 62 48 53 0 0 0 241 0
0 0 0 33 0 0 62 48 53 0 0 0 241 0
0 0 0 33 0 0 62 48 53 0 0 0 241 0
0 0 0 33 0 0 62 48 53 0 0 0 241 0
0 0 0 33 0 0 62 48 53 0 0 0 241 0
0 0 0 33 0 0 62 48 53 0 0 0 241 0
0 0 0 33 0 0 62 48 53 0 0 0 241 0
0 0 0 33 0 0 62 48 53 0 0 0 241 0
0 0 0 33 0 0 62 48 53 0 0 0 241 0
0 0 0 33 0 0 62 48 53 0 0 0 241 0
0 0 0 33 0 0 62 48 53 0 0 15000 241 0
Chip#4
0 0 0 33 0 0 62 48 53 0 0 0 241 0
0 0 0 33 0 0 62 48 53 0 0 0 241 0
0 0 0 33 0 0 62 48 53 0 0 0 241 0
0 0 0 33 0 0 62 48 53 0 0 0 241 0
0 0 0 33 0 0 62 48 53 0 0 0 241 0
0 0 0 33 0 0 62 48 53 0 0 0 241 0
0 0 0 33 0 0 62 48 53 0 0 0 241 0
0 0 0 33 0 0 62 48 53 0 0 0 241 0
0 0 0 33 0 0 62 48 53 0 0 0 241 0
0 0 0 33 0 0 62 48 53 0 0 0 241 0
0 0 0 33 0 0 62 48 53 0 0 0 241 0
0 0 0 33 0 0 62 48 53 0 0 15000 241 0
Chip#1
130 125 130 137 137 130 125 134 134 135 136 140 0 0
136 131 131 137 145 138 137 142 141 144 150 144 1 0
124 125 126 132 138 130 128 134 137 137 138 128 2 0
139 136 146 163 146 147 144 149 157 154 151 146 3 0
132 131 237 1092 569 147 143 362 1120 319 166 185 4 0
139 133 257 1369 639 155 159 601 1670 365 173 186 5 0
142 138 149 170 148 160 163 167 191 160 155 139 6 0
132 126 144 151 146 151 145 153 149 146 139 132 7 0
142 132 156 415 196 152 156 180 309 153 142 137 8 0
131 126 311 2199 1017 149 148 816 2005 416 138 127 9 0
134 131 199 1097 402 152 148 469 1224 247 137 127 10 0
140 136 149 155 146 146 147 146 150 138 134 15000 11 0
Chip#2
112 126 90 139 135 103 117 128 129 117 113 133 0 0
116 129 94 139 131 106 117 122 129 117 111 135 1 0
114 129 95 143 134 109 123 129 132 121 119 136 2 0
116 128 95 140 133 105 116 126 133 116 110 133 3 0
114 124 96 409 425 101 116 201 409 139 112 131 4 0
108 124 92 366 376 101 115 203 483 138 108 131 5 0
108 119 90 136 129 103 114 120 127 111 108 129 6 0
113 126 95 140 135 107 117 129 131 119 113 137 7 0
115 124 95 252 189 105 118 154 397 118 112 130 8 0
115 125 92 536 432 102 118 442 926 125 107 129 9 0
114 125 92 150 141 104 117 133 207 117 114 130 10 0
118 130 93 139 133 104 121 128 134 119 117 15000 11 0
Chip#3
0 0 0 33 0 0 62 48 53 0 0 0 241 0
0 0 0 33 0 0 62 48 53 0 0 0 241 0
0 0 0 33 0 0 62 48 53 0 0 0 241 0
0 0 0 33 0 0 62 48 53 0 0 0 241 0
0 0 0 33 0 0 62 48 53 0 0 0 241 0
0 0 0 33 0 0 62 48 53 0 0 0 241 0
0 0 0 33 0 0 62 48 53 0 0 0 241 0
0 0 0 33 0 0 62 48 53 0 0 0 241 0
0 0 0 33 0 0 62 48 53 0 0 0 241 0
0 0 0 33 0 0 62 48 53 0 0 0 241 0
0 0 0 33 0 0 62 48 53 0 0 0 241 0
0 0 0 33 0 0 62 48 53 0 0 15000 241 0
Chip#4
0 0 0 33 0 0 62 48 53 0 0 0 241 0
0 0 0 33 0 0 62 48 53 0 0 0 241 0
0 0 0 33 0 0 62 48 53 0 0 0 241 0
0 0 0 33 0 0 62 48 53 0 0 0 241 0
0 0 0 33 0 0 62 48 53 0 0 0 0 0
0 0 0 33 0 0 62 48 53 0 0 0 0 0
0 0 0 33 0 0 62 48 53 0 0 0 0 0
0 0 0 33 0 0 62 48 53 0 0 0 0 0
0 0 0 33 0 0 62 48 53 0 0 0 0 0
0 0 0 33 0 0 62 48 53 0 0 0 0 0
0 0 0 33 0 0 62 48 53 0 0 0 0 0
0 0 0 33 0 0 62 48 53 0 0 15000 0 0
