Chip#1
338 385 433 374 311 382 389 336 436 302 401 351 0
358 412 446 374 328 386 387 336 434 302 415 348 1
359 402 452 377 323 387 389 349 435 302 413 347 2
362 397 434 377 328 368 384 351 434 302 415 348 3
361 404 446 373 331 386 389 336 436 304 431 365 4
367 385 437 377 333 373 391 339 422 287 400 336 5
362 404 432 374 328 370 390 338 437 302 414 349 6
362 402 432 369 334 368 391 341 436 288 413 365 7
363 400 446 369 332 395 393 357 440 305 418 354 8
381 402 452 394 329 391 391 357 438 303 418 353 9
370 407 459 377 331 386 391 358 440 307 418 365 10
372 405 436 375 332 390 394 343 442 289 402 354 11
Chip#2
433 491 397 477 475 515 452 464 456 358 416 493 0
437 480 384 470 479 515 434 450 459 361 405 464 1
454 510 402 466 466 515 453 467 461 358 421 492 2
435 481 404 469 467 515 457 454 439 360 422 464 3
445 486 397 475 474 515 432 463 457 352 411 490 4
443 489 396 478 476 515 444 459 434 353 411 470 5
437 502 405 488 465 515 455 472 462 362 421 494 6
461 499 403 490 467 515 457 451 463 359 418 493 7
451 510 414 484 482 531 469 469 465 377 423 511 8
459 503 404 487 489 531 454 465 465 379 425 480 9
451 509 414 481 480 531 445 477 452 354 416 485 10
434 493 399 478 478 515 427 441 447 348 412 464 11
Chip#3
319 419 386 233 294 260 359 319 263 307 294 313 0
316 401 383 225 275 249 360 312 240 304 289 297 1
313 401 382 208 274 245 339 297 236 304 272 297 2
316 401 388 228 293 261 358 316 242 308 293 297 3
313 414 382 208 274 244 340 298 240 305 285 297 4
317 420 385 225 273 248 360 314 241 325 292 313 5
304 407 388 230 292 264 362 317 247 308 293 297 6
305 424 387 228 279 264 363 317 248 326 294 313 7
333 421 387 227 292 264 359 331 262 326 295 313 8
321 424 386 250 294 280 359 321 265 325 314 311 9
320 424 410 236 297 264 379 324 266 326 297 311 10
320 421 388 228 294 264 360 318 248 327 294 311 11
Chip#4
292 297 205 209 206 282 245 241 254 195 301 277 0
292 296 204 231 202 284 254 252 269 195 301 273 1
292 281 185 215 183 264 242 235 253 180 285 257 2
308 304 210 237 208 291 258 269 261 200 312 279 3
292 288 193 221 207 272 247 242 265 184 276 260 4
292 299 192 234 192 274 245 240 259 179 292 286 5
292 290 216 227 213 292 261 258 263 203 300 281 6
292 307 213 238 208 293 261 259 263 197 300 287 7
292 291 196 220 199 281 261 262 265 184 294 278 8
292 302 208 232 211 293 261 267 260 195 294 290 9
292 300 212 234 210 299 261 260 266 201 294 277 10
308 318 208 236 211 296 277 281 284 223 314 296 11
Chip#1
355 401 435 375 328 399 385 350 433 297 411 364 0
362 405 437 377 332 391 390 341 438 290 415 349 1
361 407 456 376 309 372 387 339 418 302 401 350 2
363 405 455 381 331 391 394 359 439 310 403 353 3
383 424 455 396 351 409 410 360 455 306 438 369 4
366 403 435 375 333 389 391 357 439 303 415 352 5
382 403 433 377 331 388 391 357 441 306 417 352 6
361 405 454 369 333 368 389 358 433 289 414 349 7
362 401 446 382 331 390 392 360 439 288 417 354 8
372 404 452 396 350 410 395 361 443 308 419 358 9
374 408 460 379 333 387 395 361 440 302 418 355 10
371 390 435 370 328 372 391 340 436 300 401 353 11
Chip#2
437 482 397 460 460 505 439 450 443 342 404 464 0
458 498 401 485 488 521 455 467 461 383 424 480 1
437 481 396 477 462 505 435 448 437 356 400 474 2
445 498 413 481 477 537 452 449 454 360 422 488 3
431 488 394 479 477 521 450 477 456 367 414 476 4
458 504 409 489 488 521 462 475 463 382 429 484 5
441 496 404 479 465 521 452 467 461 362 423 493 6
437 495 395 481 464 521 456 458 457 361 402 492 7
425 487 393 476 476 521 445 462 451 353 414 475 8
442 499 401 467 466 521 454 468 459 361 405 494 9
439 481 404 483 464 521 455 448 457 361 424 473 10
441 482 385 468 491 521 444 462 437 358 404 473 11
Chip#3
319 402 386 228 276 249 359 315 248 308 292 311 0
318 418 385 224 273 246 358 312 246 321 289 311 1
318 415 372 210 274 249 343 316 243 307 293 295 2
298 403 369 222 273 247 341 298 226 305 286 295 3
315 400 398 223 272 243 355 311 241 304 290 295 4
314 400 383 222 287 247 340 314 243 306 274 295 5
318 402 385 228 294 263 360 316 260 306 292 311 6
331 421 399 224 288 263 356 332 261 323 293 311 7
307 404 389 230 291 263 363 319 247 310 293 311 8
317 403 370 223 273 245 343 295 241 302 275 295 9
323 427 393 230 278 261 367 321 267 329 301 309 10
324 425 392 230 294 261 363 318 270 328 300 313 11
Chip#4
292 299 203 211 203 282 244 253 256 194 298 276 0
292 299 207 216 206 287 243 242 240 182 295 281 1
308 318 205 236 211 288 259 270 263 203 295 297 2
292 301 202 215 206 273 245 253 247 201 295 272 3
292 299 204 234 213 287 244 253 258 180 295 276 4
292 289 194 220 196 276 251 245 242 183 280 278 5
292 299 197 219 207 276 243 241 242 181 280 259 6
312 312 215 225 216 299 259 259 280 203 319 296 7
296 289 197 235 212 292 259 261 248 201 303 277 8
296 288 213 238 216 296 259 258 266 201 297 279 9
296 297 207 216 212 293 259 246 262 180 281 274 10
296 309 213 237 218 299 259 266 267 205 303 301 11
