88.25
89.875
91.0625
92.1875
92.9375
94.25
94.875
96.0625
96.625
97.4375
98.25
99
100.25
101
101.9375
102.625
103.3125
104.4375
105
105.6875
106.25
106.8125
106.625
105.6875
105.8125
106.4375
106.875
106.25
105.75
106.125
106.875
106.3125
105.625
106.0625
106.75
106.4375
105.625
105.8125
106.9375
106.6875
105.875
105.8125
106.6875
106.6875
105.75
105.75
106.75
106.75
106
105.4375
105.9375
106.75
106.5625
106
105.5
106.0625
106.625
106.1875
105.5625
105.375
106.1875
106.5625
105.8125
105.4375
106.375
106.4375
105.6875
105.375
105.9375
106.4375
105.875
105.3125
105.5
106.5
106.5
105.9375
105.1875
105.5
106.625
106.4375
105.625
105.25
106.0625
106.3125
105.5
105.125
106
106.4375
105.875
105.3125
105.5
106.125
105.9375
105.1875
105.125
106.125
105.875
105.125
105.375
106.1875
105.75
105.0625
105.3125
106.125
105.8125
105.125
105
105.9375
106.25
105.6875
105.125
105.4375
106.1875
106
105.4375
104.625
104.375
105.3125
106.25
106.25
105.6875
105.0625
104.5
104.5625
105.3125
106.25
106.375
105.875
105.25
104.625
104.375
105.0625
105.9375
106.4375
106
104.125
104.0625
104.5
104.75
105.5625
105.5625
105.875
105.8125
105.5
105.3125
104.9375
104.5625
4.884627E-25
104.3125
4.882102E-25
105
105.625
106
106
105.5625
105.375
105
104.5625
104.375
104.3125
104.625
105.1875
4.882734E-25
4.884754E-25
106.3125
106.25
105.75
4.882734E-25
105.125
104.75
104.375
104.25
104.4375
104.625
105.5
105.8125
106.25
4.882734E-25
105.9375
105.75
105.3125
105.125
104.5625
104.375
104.3125
4.882734E-25
104.9375
105.1875
4.884754E-25
106.3125
106.25
4.882102E-25
105.5625
105.375
104.75
104.75
104.25
104.3125
104.625
4.882734E-25
4.884754E-25
106.125
105.9375
105.75
105.375
105.1875
104.5625
104.4375
104.375
104.5625
105.0625
4.882734E-25
105.9375
105.9375
105.6875
105.5
104.9375
104.75
104.375
104.25
104.4375
4.882734E-25
105.5
105.75
106.25
106.3125
105.9375
105.5625
105.3125
4.882734E-25
104.5625
104.3125
4.884754E-25
4.882734E-25
4.884754E-25
106.125
106.3125
106.25
105.9375
105.5625
105.125
4.882734E-25
4.884754E-25
104.3125
4.882102E-25
105
105.5625
105.8125
105.9375
4.882734E-25
105.3125
105.125
0
