Chip#1
133 116 122 129 132 119 174 178 116 122 131 113 0
168 179 142 295 312 191 816 786 196 169 173 118 1
168 174 149 295 321 208 815 777 196 190 192 126 2
138 121 120 149 164 127 279 282 125 132 131 114 3
199 187 139 308 306 246 1650 1602 244 173 172 115 4
188 187 139 278 287 244 1673 1639 250 183 181 120 5
158 145 128 135 137 132 252 247 134 202 186 115 6
325 313 156 181 185 138 201 199 257 1312 1155 189 7
282 265 142 179 174 137 204 194 267 1367 1267 205 8
169 179 131 130 128 122 142 130 135 394 301 128 9
314 324 159 157 164 130 207 194 346 1331 982 148 10
276 267 138 150 140 128 205 191 306 1273 1034 15000 11
Chip#2
112 106 106 104 101 105 103 106 99 105 105 107 0
128 108 109 108 114 105 239 233 99 107 104 105 1
112 108 109 112 118 106 454 418 99 108 106 99 2
112 111 110 104 109 104 138 135 99 108 103 108 3
112 106 103 104 114 106 768 834 100 107 108 104 4
112 111 110 114 119 117 912 963 100 111 105 105 5
112 113 115 110 114 116 124 119 96 133 127 112 6
112 125 115 109 116 111 118 113 117 923 747 109 7
128 113 108 103 109 104 112 104 117 591 471 104 8
112 115 114 105 109 106 112 108 97 242 166 113 9
112 125 115 107 109 106 112 108 152 1295 860 114 10
112 118 109 104 101 100 107 102 88 518 388 15000 11
