54
53.125
53
52.8125
52.75
52.625
52.5
52.375
56.5625
67.5
75.8125
88.8125
96
104.1875
105.25
104.0625
102.75
100.875
99.4375
98.25
97.1875
95.3125
93.9375
93.625
94.875
95.1875
94.0625
93.75
94.8125
95.375
94.6875
93.6875
96.5
96.875
95.6875
93.5625
93.4375
95
94.9375
94.125
93.9375
94.5625
94.6875
94.125
93.625
89.625
85.1875
80.8125
77.6875
73.6875
70.8125
67.125
64.5
61.1875
58.8125
55.8125
53.625
50.875
48.9375
46.125
45.75
46
46.1875
46.4375
46.625
47
49.375
52.125
52.5
52.75
52.8125
52.875
52.875
52.875
52.9375
52.875
52.875
52.875
56
66.75
75.1875
85.75
83.8125
82.5
81.1875
80.1875
78.9375
78
76.5625
75.6875
74.625
74.625
75.5625
74.75
72.1875
68.5625
65.0625
62.5
59.25
56.9375
54
52.5625
49.8125
47.6875
45.6875
45.6875
45.875
46.125
46.3125
46.5625
47
50.0625
52.375
53
53.1875
53.25
53.25
53.3125
53.25
53.25
53.25
53.1875
53.125
53.125
53
52.8125
52.8125
52.75
52.75
55.125
57.4375
62.8125
65.6875
74.0625
76.8125
82.125
87.25
89.75
94.625
99.25
101.4375
104.875
105
104.75
104.0625
103.25
102.8125
101.9375
101.0625
100.5625
98.75
98.75
97.625
96.3125
94.4375
93.3125
95.125
95.3125
94.6875
93.625
94.25
95.125
94.9375
94.375
93.9375
94.375
94.75
94.3125
94.0625
94.5
94.6875
94.3125
94.25
94.625
94.5625
94
90.125
85.6875
82.4375
78.25
75.25
72.3125
68.625
65.0625
62.5625
59.375
56.8125
55.1875
54.9375
54.75
54.6875
54.875
55.25
57.9375
63.6875
66
66
65.8125
65.5
65.1875
64.6875
64.3125
63.875
63.5
63.125
62.6875
66.9375
77.1875
78.4375
77.625
76.25
75.5
74.4375
73.6875
72.75
72
71.0625
70.125
69.3125
68.6875
68.0625
69.1875
78.3125
85.875
95.375
102.125
107.5
107.125
105.5
104.0625
101.5625
100.0625
98
96.5625
94.625
93.25
93.375
94.5
94.375
93.4375
93.5625
94.5
94.6875
93.8125
93.0625
90.1875
86.875
83.625
80.375
77.3125
75.3125
72.375
69.5625
66.875
64.25
61.8125
59.375
57.75
55.5625
55
54.8125
54.6875
54.75
54.9375
55.3125
55.5625
57.5625
63.3125
65.25
65.4375
65.1875
64.875
64.5625
64.25
63.9375
63.5625
63.25
62.875
62.5
62.1875
64
71.125
80.75
78.8125
78
76.9375
76.0625
75
74.25
73.25
72.25
71.5625
70.625
69.75
69.125
68.25
66.9375
62.8125
60.3125
57.1875
54.9375
52.0625
50.0625
46.625
45.5625
45.625
45.8125
46
46.25
46.4375
47
51.0625
52.6875
53.125
53.125
53.1875
53.1875
53.125
53.125
53
52.9375
52.875
52.0625
51.4375
51
50.9375
50.8125
50.75
50.625
50.5
50.4375
50.3125
50.1875
50.125
50
49.9375
49.8125
49.75
49.625
49.5625
49.4375
49.375
49.25
49.1875
49.0625
49
48.9375
48.875
48.8125
48.75
48.625
48.5625
48.5625
48.4375
48.375
48.3125
48.25
48.1875
48.125
48.0625
48
47.9375
47.875
47.8125
47.75
47.6875
47.625
47.5
47.5
47.4375
47.375
47.3125
47.25
47.125
47.0625
47
46.9375
46.875
46.8125
46.6875
46.6875
46.5625
46.5
46.4375
46.375
46.3125
46.25
46.25
46.125
46.0625
46
45.9375
45.875
45.8125
45.75
45.6875
45.625
45.625
45.5
45.5
45.375
45.375
45.3125
45.25
45.1875
45.125
45.0625
45
44.9375
44.9375
44.875
44.8125
44.75
44.6875
44.6875
44.625
44.5625
44.5625
44.4375
44.4375
44.375
44.3125
44.25
44.25
44.1875
44.125
44.0625
44.0625
44
43.9375
43.9375
43.875
43.8125
43.8125
43.75
43.6875
43.6875
43.625
43.5625
43.5625
43.5
43.4375
43.375
43.375
43.3125
43.3125
43.25
43.25
43.1875
43.125
43.0625
43.0625
43
43
42.9375
42.875
42.875
42.8125
42.8125
42.75
42.75
42.6875
42.625
42.625
42.625
42.5625
42.5
42.5
42.4375
42.4375
42.375
42.375
42.3125
42.3125
42.25
42.25
42.25
42.1875
42.1875
42.125
42.125
42.125
42.125
42.0625
42
42
41.9375
41.9375
41.9375
41.875
41.875
41.8125
41.8125
41.8125
41.75
41.75
41.75
41.6875
41.625
41.625
41.625
41.5625
41.5
41.5
41.4375
41.4375
41.4375
41.375
41.3125
41.3125
41.3125
41.25
41.25
41.1875
41.1875
41.125
41.125
41.125
41.0625
41.0625
41
41
40.9375
40.9375
40.9375
40.875
40.875
40.8125
40.8125
40.8125
40.75
40.75
40.6875
40.6875
40.6875
40.625
40.625
40.5625
40.5625
40.5
40.5
40.5
40.4375
40.4375
40.4375
40.375
40.375
40.375
40.3125
40.3125
40.25
40.25
40.25
40.1875
40.1875
40.1875
40.125
40.125
40.0625
40.0625
40.0625
40
40
40
39.9375
39.9375
39.9375
39.875
39.875
39.875
39.8125
39.8125
39.8125
39.75
39.75
39.75
39.6875
39.6875
39.6875
39.625
39.625
39.625
39.5625
39.5625
39.5625
39.5
39.5
39.5
39.4375
39.4375
39.4375
39.375
39.375
39.375
39.375
39.3125
39.3125
39.3125
39.3125
39.25
39.25
39.25
39.1875
39.25
39.1875
39.1875
39.1875
39.125
39.125
39.125
39.125
39.0625
39.0625
39.0625
