Chip#1
170    0    2    28    2    0    126    8    56    9    124    8    91    4    194    12    86    7    21    2    16    3    15    3    88    7    72    8    112    7    218    126    175    23    23    32    9    1    0    32    0    0    16    131    37    101    0    8    36    101    0    8    0    0    0    1    20    73    0    32    151    112    0    8
170    0    2    28    2    1    127    8    55    9    128    8    91    5    193    13    86    8    24    3    19    4    16    3    89    8    73    9    113    8    218    126    197    23    23    0    0    0    0    16    7    1    0    32    64    128    76    132    0    0    16    131    37    101    0    8    36    101    0    8    0    0    0    1
170    0    2    28    2    2    128    8    55    9    128    8    91    4    195    13    83    8    24    2    18    3    10    3    87    7    75    8    114    7    218    126    186    23    23    0    0    0    0    16    7    1    0    32    64    128    77    132    0    0    16    131    37    101    0    8    36    101    0    8    0    0    0    1
170    0    2    28    2    3    121    8    53    9    126    8    89    5    189    13    83    8    18    3    14    3    9    3    88    8    71    9    109    8    218    126    154    23    23    0    0    0    0    16    7    1    0    32    64    128    76    132    0    0    16    131    37    101    0    8    36    101    0    8    0    0    0    1
170    0    2    28    2    4    122    8    52    9    128    8    99    5    197    13    83    8    18    2    19    4    25    4    84    7    70    9    110    8    219    126    193    23    23    0    0    0    0    16    7    1    0    32    64    128    77    132    0    0    16    131    37    101    0    8    36    101    0    8    0    0    0    1
170    0    2    28    2    5    128    8    57    9    130    8    110    6    202    13    89    8    24    3    22    4    31    5    93    8    76    9    118    8    219    126    15    23    23    0    0    0    0    16    7    1    0    32    64    128    76    132    0    0    16    131    37    101    0    8    36    101    0    8    0    0    0    1
170    0    2    28    2    6    131    9    56    9    129    9    98    5    201    13    88    8    27    3    21    4    18    4    93    8    75    9    119    8    219    126    248    23    23    0    0    0    0    16    7    1    0    32    64    128    77    132    0    0    16    131    37    101    0    8    36    101    0    8    0    0    0    1
170    0    2    28    2    7    121    8    53    9    122    8    87    4    192    12    79    7    18    3    17    3    9    3    87    7    71    8    109    7    219    126    148    23    23    0    0    0    0    16    7    1    0    32    64    128    76    132    0    0    16    131    37    101    0    8    36    101    0    8    0    0    0    1
170    0    2    28    2    8    121    8    53    9    122    8    90    4    191    13    83    8    21    3    11    3    10    3    88    7    71    8    109    7    218    126    155    23    23    0    0    0    0    16    7    1    0    32    64    128    77    132    0    0    16    131    37    101    0    8    36    101    0    8    0    0    0    1
170    0    2    28    2    9    127    8    52    9    129    8    113    6    204    14    84    8    22    3    25    4    35    5    92    8    73    9    113    7    216    126    5    23    23    0    0    0    0    16    7    1    0    32    64    128    76    132    0    0    16    131    37    101    0    8    36    101    0    8    0    0    0    1
170    0    2    28    2    10    123    8    53    9    129    8    96    5    195    13    87    8    20    2    17    3    24    4    90    7    74    8    113    7    220    126    211    23    23    0    0    0    0    16    7    1    0    32    64    128    77    132    0    0    16    131    37    101    0    8    36    101    0    8    0    0    0    1
170    0    2    28    2    11    124    8    53    9    127    8    88    4    193    12    83    7    19    2    15    3    12    3    86    7    72    8    111    7    217    126    167    23    23    0    0    0    0    16    7    1    0    32    64    128    76    132    0    0    16    131    37    101    0    8    36    101    0    8    0    0    0    1
Chip#2
170    0    2    28    18    0    95    22    69    20    141    29    76    16    110    19    117    25    75    22    91    20    14    18    116    22    80    24    111    18    19    131    12    23    23    32    9    1    0    32    0    0    16    131    37    101    0    8    36    101    0    8    0    0    0    1    20    73    0    32    151    112    0    8
170    0    2    28    18    1    97    23    67    21    140    29    79    17    114    20    122    26    74    23    93    21    17    19    121    22    78    25    113    19    20    132    45    23    23    0    0    0    0    16    7    1    0    32    64    128    76    132    0    0    16    131    37    101    0    8    36    101    0    8    0    0    0    1
170    0    2    28    18    2    105    24    76    21    147    30    87    18    119    20    128    26    83    24    100    21    18    19    127    23    84    26    122    20    19    132    133    23    23    0    0    0    0    16    7    1    0    32    64    128    77    132    0    0    16    131    37    101    0    8    36    101    0    8    0    0    0    1
170    0    2    28    18    3    94    23    71    21    141    29    76    17    112    20    120    25    75    23    89    20    13    18    122    23    80    25    113    19    19    131    34    23    23    0    0    0    0    16    7    1    0    32    64    128    76    132    0    0    16    131    37    101    0    8    36    101    0    8    0    0    0    1
170    0    2    28    18    4    93    23    68    21    137    29    79    18    119    20    121    25    70    23    93    20    17    19    120    23    79    25    109    19    19    132    37    23    23    0    0    0    0    16    7    1    0    32    64    128    77    132    0    0    16    131    37    101    0    8    36    101    0    8    0    0    0    1
170    0    2    28    18    5    101    23    73    21    143    30    85    18    117    21    124    26    78    23    95    21    19    19    123    23    84    25    117    19    21    132    98    23    23    0    0    0    0    16    7    1    0    32    64    128    76    132    0    0    16    131    37    101    0    8    36    101    0    8    0    0    0    1
170    0    2    28    18    6    96    23    69    21    140    30    75    17    114    21    119    26    73    23    90    20    16    19    119    23    80    25    114    20    19    132    42    23    23    0    0    0    0    16    7    1    0    32    64    128    77    132    0    0    16    131    37    101    0    8    36    101    0    8    0    0    0    1
170    0    2    28    18    7    99    23    69    21    143    29    75    17    114    20    119    25    74    23    90    20    13    18    121    22    79    25    113    19    19    131    40    23    23    0    0    0    0    16    7    1    0    32    64    128    76    132    0    0    16    131    37    101    0    8    36    101    0    8    0    0    0    1
170    0    2    28    18    8    104    24    73    22    147    30    84    18    123    21    124    26    79    24    98    21    23    19    124    23    84    26    117    20    19    132    125    23    23    0    0    0    0    16    7    1    0    32    64    128    77    132    0    0    16    131    37    101    0    8    36    101    0    8    0    0    0    1
170    0    2    28    18    9    98    23    70    21    148    29    85    17    123    20    126    25    75    23    98    20    29    19    122    23    83    25    119    19    19    131    111    23    23    0    0    0    0    16    7    1    0    32    64    128    76    132    0    0    16    131    37    101    0    8    36    101    0    8    0    0    0    1
170    0    2    28    18    10    99    23    73    21    148    30    82    17    118    20    120    25    76    23    96    20    22    19    118    22    84    25    113    19    19    131    85    23    23    0    0    0    0    16    7    1    0    32    64    128    77    132    0    0    16    131    37    101    0    8    36    101    0    8    0    0    0    1
170    0    2    28    18    11    93    23    62    21    135    29    71    17    109    20    116    25    68    23    88    20    8    18    113    22    76    25    109    19    19    132    240    23    23    0    0    0    0    16    7    1    0    32    64    128    76    132    0    0    16    131    37    101    0    8    36    101    0    8    0    0    0    1
Chip#3
170    0    2    28    34    241    0    0    0    0    0    0    0    0    0    0    0    0    0    0    0    0    0    0    0    0    0    0    0    0    0    0    49    23    23    32    9    1    0    32    0    0    16    131    37    101    0    8    36    101    0    8    0    0    0    1    20    73    0    32    151    112    0    8
170    0    2    28    34    241    0    0    0    0    0    0    0    0    0    0    0    0    0    0    0    0    0    0    0    0    0    0    0    0    0    0    49    23    23    0    0    0    0    16    7    1    0    32    64    128    76    132    0    0    16    131    37    101    0    8    36    101    0    8    0    0    0    1
170    0    2    28    34    241    0    0    0    0    0    0    0    0    0    0    0    0    0    0    0    0    0    0    0    0    0    0    0    0    0    0    49    23    23    0    0    0    0    16    7    1    0    32    64    128    77    132    0    0    16    131    37    101    0    8    36    101    0    8    0    0    0    1
170    0    2    28    34    241    0    0    0    0    0    0    0    0    0    0    0    0    0    0    0    0    0    0    0    0    0    0    0    0    0    0    49    23    23    0    0    0    0    16    7    1    0    32    64    128    76    132    0    0    16    131    37    101    0    8    36    101    0    8    0    0    0    1
170    0    2    28    34    241    0    0    0    0    0    0    0    0    0    0    0    0    0    0    0    0    0    0    0    0    0    0    0    0    0    0    49    23    23    0    0    0    0    16    7    1    0    32    64    128    77    132    0    0    16    131    37    101    0    8    36    101    0    8    0    0    0    1
170    0    2    28    34    241    0    0    0    0    0    0    0    0    0    0    0    0    0    0    0    0    0    0    0    0    0    0    0    0    0    0    49    23    23    0    0    0    0    16    7    1    0    32    64    128    76    132    0    0    16    131    37    101    0    8    36    101    0    8    0    0    0    1
170    0    2    28    34    241    0    0    0    0    0    0    0    0    0    0    0    0    0    0    0    0    0    0    0    0    0    0    0    0    0    0    49    23    23    0    0    0    0    16    7    1    0    32    64    128    77    132    0    0    16    131    37    101    0    8    36    101    0    8    0    0    0    1
170    0    2    28    34    241    0    0    0    0    0    0    0    0    0    0    0    0    0    0    0    0    0    0    0    0    0    0    0    0    0    0    49    23    23    0    0    0    0    16    7    1    0    32    64    128    76    132    0    0    16    131    37    101    0    8    36    101    0    8    0    0    0    1
170    0    2    28    34    241    0    0    0    0    0    0    0    0    0    0    0    0    0    0    0    0    0    0    0    0    0    0    0    0    0    0    49    23    23    0    0    0    0    16    7    1    0    32    64    128    77    132    0    0    16    131    37    101    0    8    36    101    0    8    0    0    0    1
170    0    2    28    34    241    0    0    0    0    0    0    0    0    0    0    0    0    0    0    0    0    0    0    0    0    0    0    0    0    0    0    49    23    23    0    0    0    0    16    7    1    0    32    64    128    76    132    0    0    16    131    37    101    0    8    36    101    0    8    0    0    0    1
170    0    2    28    34    241    0    0    0    0    0    0    0    0    0    0    0    0    0    0    0    0    0    0    0    0    0    0    0    0    0    0    49    23    23    0    0    0    0    16    7    1    0    32    64    128    77    132    0    0    16    131    37    101    0    8    36    101    0    8    0    0    0    1
170    0    2    28    34    241    0    0    0    0    0    0    0    0    0    0    0    0    0    0    0    0    0    0    0    0    0    0    0    0    0    0    49    23    23    0    0    0    0    16    7    1    0    32    64    128    76    132    0    0    16    131    37    101    0    8    36    101    0    8    0    0    0    1
Chip#4
170    0    2    28    50    241    0    0    0    0    0    0    0    0    0    0    0    0    0    0    0    0    0    0    0    0    0    0    0    0    0    0    65    23    23    32    8    1    0    32    0    0    16    131    37    101    0    8    36    101    0    8    0    0    0    1    20    73    0    32    151    112    0    8
170    0    2    28    50    241    0    0    0    0    0    0    0    0    0    0    0    0    0    0    0    0    0    0    0    0    0    0    0    0    0    0    65    23    23    0    0    0    0    16    7    1    0    32    64    128    76    132    0    0    16    131    37    101    0    8    36    101    0    8    0    0    0    1
170    0    2    28    50    241    0    0    0    0    0    0    0    0    0    0    0    0    0    0    0    0    0    0    0    0    0    0    0    0    0    0    65    23    23    0    0    0    0    16    7    1    0    32    64    128    77    132    0    0    16    131    37    101    0    8    36    101    0    8    0    0    0    1
170    0    2    28    50    241    0    0    0    0    0    0    0    0    0    0    0    0    0    0    0    0    0    0    0    0    0    0    0    0    0    0    65    23    23    0    0    0    0    16    7    1    0    32    64    128    76    132    0    0    16    131    37    101    0    8    36    101    0    8    0    0    0    1
170    0    2    28    50    241    0    0    0    0    0    0    0    0    0    0    0    0    0    0    0    0    0    0    0    0    0    0    0    0    0    0    65    23    23    0    0    0    0    16    7    1    0    32    64    128    77    132    0    0    16    131    37    101    0    8    36    101    0    8    0    0    0    1
170    0    2    28    50    241    0    0    0    0    0    0    0    0    0    0    0    0    0    0    0    0    0    0    0    0    0    0    0    0    0    0    65    23    23    0    0    0    0    16    7    1    0    32    64    128    76    132    0    0    16    131    37    101    0    8    36    101    0    8    0    0    0    1
170    0    2    28    50    241    0    0    0    0    0    0    0    0    0    0    0    0    0    0    0    0    0    0    0    0    0    0    0    0    0    0    65    23    23    0    0    0    0    16    7    1    0    32    64    128    77    132    0    0    16    131    37    101    0    8    36    101    0    8    0    0    0    1
170    0    2    28    50    241    0    0    0    0    0    0    0    0    0    0    0    0    0    0    0    0    0    0    0    0    0    0    0    0    0    0    65    23    23    0    0    0    0    16    7    1    0    32    64    128    76    132    0    0    16    131    37    101    0    8    36    101    0    8    0    0    0    1
170    0    2    28    50    241    0    0    0    0    0    0    0    0    0    0    0    0    0    0    0    0    0    0    0    0    0    0    0    0    0    0    65    23    23    0    0    0    0    16    7    1    0    32    64    128    77    132    0    0    16    131    37    101    0    8    36    101    0    8    0    0    0    1
170    0    2    28    50    241    0    0    0    0    0    0    0    0    0    0    0    0    0    0    0    0    0    0    0    0    0    0    0    0    0    0    65    23    23    0    0    0    0    16    7    1    0    32    64    128    76    132    0    0    16    131    37    101    0    8    36    101    0    8    0    0    0    1
170    0    2    28    50    241    0    0    0    0    0    0    0    0    0    0    0    0    0    0    0    0    0    0    0    0    0    0    0    0    0    0    65    23    23    0    0    0    0    16    7    1    0    32    64    128    77    132    0    0    16    131    37    101    0    8    36    101    0    8    0    0    0    1
170    0    2    28    50    241    0    0    0    0    0    0    0    0    0    0    0    0    0    0    0    0    0    0    0    0    0    0    0    0    0    0    65    23    23    0    0    0    0    16    7    1    0    32    64    128    76    132    0    0    16    131    37    101    0    8    36    101    0    8    0    0    0    1
