Chip#1
99 98 103 103 106 100 99 97 96 99 94 93 0
98 99 102 108 105 103 114 109 101 102 97 98 1
99 100 109 106 111 106 112 111 103 99 99 98 2
103 104 112 108 108 111 105 101 103 102 105 98 3
103 104 105 107 102 104 112 111 100 95 96 93 4
104 104 106 103 109 108 114 112 101 100 101 95 5
97 97 102 102 101 100 101 96 95 94 94 94 6
104 108 106 105 106 108 115 110 101 103 104 99 7
105 105 105 101 103 106 114 111 96 103 99 99 8
102 99 105 102 106 106 106 100 96 102 101 96 9
132 113 115 117 114 117 128 119 112 110 106 108 10
109 107 110 110 105 108 119 115 102 99 101 15000 11
Chip#2
131 105 107 97 98 98 100 97 89 105 99 107 0
131 101 103 95 96 99 98 107 89 100 98 99 1
131 98 102 97 101 96 111 112 89 100 96 99 2
78 98 106 92 98 96 96 96 89 98 90 102 3
128 108 110 99 106 106 112 114 89 108 104 108 4
112 105 103 97 100 99 109 109 89 104 97 102 5
79 99 100 95 93 92 92 93 89 96 90 99 6
112 109 106 103 105 100 110 108 89 102 99 107 7
112 101 104 98 99 96 109 106 89 99 100 102 8
112 102 102 97 99 94 98 96 89 99 98 98 9
112 96 104 93 91 91 107 110 89 101 96 94 10
112 101 101 95 98 92 97 97 89 100 94 15000 11
Chip#3
100 100 100 100 100 100 100 100 100 100 100 100 241
100 100 100 100 100 100 100 100 100 100 100 100 241
100 100 100 100 100 100 100 100 100 100 100 100 241
100 100 100 100 100 100 100 100 100 100 100 100 241
100 100 100 100 100 100 100 100 100 100 100 100 241
100 100 100 100 100 100 100 100 100 100 100 100 241
100 100 100 100 100 100 100 100 100 100 100 100 241
100 100 100 100 100 100 100 100 100 100 100 100 241
100 100 100 100 100 100 100 100 100 100 100 100 241
100 100 100 100 100 100 100 100 100 100 100 100 241
100 100 100 100 100 100 100 100 100 100 100 100 241
100 100 100 100 100 100 100 100 100 100 100 15000 241
100 100 100 100 100 100 100 100 100 100 100 100 0
Chip#4
