Chip#1
108 101 108 103 106 107 102 102 103 102 97 101 0
106 98 107 108 106 105 107 105 103 107 102 99 1
132 98 106 110 107 106 110 109 104 102 99 106 2
103 100 111 111 107 105 106 107 108 102 101 100 3
132 100 112 115 113 114 126 122 109 110 107 106 4
106 102 111 110 106 108 121 117 106 105 102 102 5
132 104 116 116 111 113 115 108 110 104 106 106 6
104 100 110 107 107 105 106 102 107 108 106 99 7
105 100 108 107 102 108 106 100 104 115 110 105 8
109 99 110 110 103 107 109 105 109 105 99 102 9
132 104 110 113 114 111 112 108 110 117 131 101 10
103 100 107 105 107 107 106 101 102 109 107 15000 11
Chip#2
131 102 103 98 96 102 95 93 89 98 103 100 0
131 101 107 102 96 103 96 98 89 96 103 99 1
131 101 103 100 98 98 97 101 89 100 99 98 2
131 102 107 100 100 103 98 97 89 104 102 104 3
131 105 110 104 101 106 120 121 89 104 104 103 4
131 100 104 97 100 97 118 123 89 99 94 95 5
131 102 106 98 93 104 93 93 89 105 98 102 6
75 96 102 97 89 96 91 93 89 118 119 97 7
112 99 104 98 96 100 95 98 89 115 111 102 8
128 114 120 112 106 113 105 108 89 115 114 113 9
112 95 104 92 91 97 97 92 89 127 115 92 10
112 105 106 94 94 95 95 97 89 109 109 15000 11
Chip#1
108 105 108 111 109 114 111 107 103 107 99 101 0
132 95 103 106 108 107 116 109 101 100 97 99 1
104 101 106 111 114 113 119 111 101 100 102 100 2
104 101 110 109 109 107 107 107 103 103 97 99 3
132 100 111 110 112 108 133 159 107 103 101 99 4
102 101 108 109 109 109 135 126 108 105 96 103 5
100 97 102 108 106 105 109 100 99 102 96 98 6
99 100 105 108 107 108 106 97 102 118 131 99 7
102 97 108 109 108 105 107 99 106 121 112 100 8
103 108 114 111 108 111 110 104 109 109 104 107 9
110 106 110 112 111 114 110 104 107 127 131 103 10
100 93 102 96 101 100 103 95 100 108 106 15000 11
Chip#2
112 102 102 100 101 97 97 98 89 99 98 102 0
112 105 103 99 100 97 96 102 89 100 104 103 1
128 101 102 94 96 97 110 107 89 102 100 105 2
112 105 102 100 95 103 96 100 89 100 103 105 3
112 104 101 99 96 104 142 143 89 101 104 104 4
112 96 98 95 99 98 142 139 89 98 99 100 5
112 104 107 103 96 98 93 102 89 101 104 107 6
112 110 109 103 108 105 98 104 89 151 146 105 7
112 100 96 95 99 100 98 97 89 126 119 102 8
112 102 104 97 96 97 95 100 89 104 103 102 9
128 111 106 103 100 102 100 103 89 160 142 104 10
112 103 102 95 96 94 93 96 89 118 114 15000 11
Chip#1
99 99 108 105 106 108 106 101 101 102 98 102 0
103 99 105 121 124 111 148 159 106 109 101 99 1
110 105 112 128 131 117 158 175 118 113 131 105 2
97 94 98 106 101 104 110 106 96 95 89 93 3
99 106 111 119 122 119 231 223 115 105 99 100 4
102 102 111 119 122 116 231 230 118 108 102 103 5
108 104 111 111 109 114 119 114 110 113 109 108 6
138 116 116 112 112 109 112 107 120 197 185 107 7
133 117 119 117 119 113 115 111 122 205 199 113 8
102 100 110 107 103 108 105 100 100 121 104 98 9
139 120 115 115 115 115 116 109 126 202 176 112 10
112 110 110 109 107 111 111 103 118 193 176 15000 11
Chip#2
112 105 104 104 98 102 101 100 89 100 102 102 0
112 102 104 102 101 100 124 124 89 102 102 102 1
112 113 104 105 106 106 161 162 89 108 106 107 2
112 95 102 95 96 98 101 100 89 102 96 99 3
112 108 112 108 108 113 301 322 89 109 106 108 4
112 108 108 104 108 106 330 339 89 105 108 105 5
112 105 106 99 99 103 101 102 89 106 103 103 6
112 107 103 99 99 102 100 101 89 318 280 102 7
112 107 114 107 105 103 105 101 89 234 202 105 8
112 105 106 103 103 108 102 102 89 135 116 107 9
112 112 108 103 101 103 100 100 96 387 286 104 10
112 107 107 105 99 106 103 103 95 194 172 15000 11
Chip#1
98 95 106 108 107 105 107 106 99 95 95 100 0
105 99 107 127 126 115 177 175 107 105 101 100 1
105 104 108 134 138 119 184 180 112 110 109 107 2
109 105 112 115 115 112 131 124 107 107 105 107 3
132 106 117 133 132 125 283 291 117 109 101 103 4
106 102 110 124 127 122 288 287 121 107 106 100 5
108 104 115 113 114 113 128 118 110 119 112 103 6
144 127 115 118 118 117 116 114 120 241 225 109 7
138 120 112 115 117 113 115 110 121 246 238 113 8
108 113 111 106 112 111 111 108 107 138 131 105 9
116 119 114 109 108 108 112 103 121 232 202 105 10
132 120 110 110 107 111 112 105 117 230 212 15000 11
Chip#2
112 106 108 103 96 108 102 102 95 106 105 104 0
112 101 97 94 95 97 125 125 95 98 98 98 1
128 112 109 107 106 111 167 178 96 106 110 107 2
128 108 113 102 105 106 106 113 96 104 108 107 3
128 106 104 107 108 105 330 352 96 105 100 104 4
112 108 113 104 113 111 382 391 95 108 108 102 5
112 105 104 104 100 109 102 103 95 114 111 108 6
112 114 107 103 104 105 101 103 96 361 313 100 7
112 109 113 103 101 103 101 101 95 256 228 105 8
84 104 107 102 98 106 97 100 95 133 122 102 9
112 106 107 99 99 99 97 96 96 430 318 98 10
128 107 104 102 99 103 101 101 95 222 180 15000 11
Chip#1
132 107 114 112 121 116 117 111 108 109 107 106 0
132 108 105 132 135 117 192 188 112 113 109 99 1
132 112 115 136 141 125 194 186 116 113 114 107 2
104 100 112 116 115 109 125 122 107 105 102 99 3
111 108 114 135 132 127 321 316 123 109 106 102 4
112 106 116 129 137 128 324 322 122 117 111 105 5
132 107 116 117 114 113 131 118 110 117 131 102 6
150 131 114 117 117 116 121 117 121 269 252 112 7
143 123 112 118 118 111 117 112 123 286 259 115 8
132 110 114 111 109 109 110 105 109 142 147 100 9
146 127 116 121 114 117 119 111 164 293 224 109 10
137 121 112 113 112 111 114 105 121 258 232 15000 11
Chip#2
112 106 108 105 100 102 102 103 95 107 106 103 0
112 101 100 99 101 99 124 127 95 104 98 102 1
112 106 102 95 101 97 165 162 95 100 104 98 2
112 102 106 102 94 104 103 104 95 104 102 97 3
112 104 104 107 100 104 358 371 95 109 108 105 4
112 111 112 108 104 114 406 409 95 112 105 104 5
112 106 106 102 103 102 106 102 95 112 104 107 6
128 117 114 105 104 106 104 108 96 386 332 107 7
112 108 107 100 98 99 101 96 95 265 233 99 8
112 110 110 103 101 102 103 100 95 144 122 105 9
112 113 106 104 98 99 101 101 101 470 335 102 10
112 108 107 98 103 98 93 95 101 229 187 15000 11
Chip#1
109 102 110 113 114 116 114 110 106 107 102 102 0
104 102 111 134 140 120 199 196 110 107 106 102 1
104 106 110 140 141 123 202 196 115 108 106 102 2
98 94 103 105 107 106 124 117 94 98 95 93 3
133 114 119 147 164 139 353 349 133 118 131 107 4
132 106 112 132 133 129 350 346 122 113 131 101 5
133 115 115 124 120 117 138 159 116 128 131 111 6
150 132 111 119 115 114 119 114 123 286 264 112 7
139 120 110 112 112 108 119 107 122 293 270 112 8
106 105 105 108 102 108 106 102 102 134 131 94 9
146 131 116 115 113 117 119 110 133 273 235 108 10
139 121 110 108 111 108 114 109 126 267 239 15000 11
Chip#2
112 101 106 99 96 102 100 100 101 100 98 98 0
112 108 103 102 101 108 132 130 101 104 103 104 1
128 108 107 104 108 108 174 178 101 107 106 103 2
112 104 106 103 101 105 109 108 101 104 100 104 3
112 108 109 103 105 109 363 378 101 108 103 105 4
112 108 107 104 106 106 404 418 101 104 108 103 5
112 108 108 102 105 106 102 102 72 111 109 100 6
112 116 112 109 108 109 105 103 101 386 331 107 7
112 107 108 102 98 103 100 97 101 263 231 98 8
112 111 114 105 105 109 110 107 101 147 127 107 9
128 113 112 99 101 104 104 101 98 474 335 108 10
112 106 106 95 95 100 94 95 98 224 180 15000 11
