Chip#1
102 97 104 103 97 95 102 101 98 96 95 99 0 5 128 17 23
103 108 108 110 108 99 110 105 103 102 105 106 1 0 0 0 0
107 105 107 106 101 98 105 106 101 101 101 99 2 0 0 0 0
101 96 107 151 105 92 96 121 117 87 91 96 3 0 0 0 0
101 101 99 126 96 94 98 110 110 87 91 94 4 0 0 0 0
106 99 104 102 97 93 105 98 101 96 97 97 5 0 0 0 0
99 98 102 102 100 97 105 97 97 98 99 98 6 0 0 0 0
107 105 108 124 109 104 109 117 123 100 99 104 7 0 0 0 0
102 99 108 138 113 97 100 117 130 97 98 98 8 0 0 0 0
106 103 108 109 102 98 107 105 105 102 97 99 9 0 0 0 0
108 105 109 112 106 103 111 108 107 102 106 104 10 0 0 0 0
104 101 102 107 100 93 98 101 94 97 101 15000 11 0 0 0 0
Chip#2
99 95 101 99 97 98 99 100 99 101 100 101 0 0 134 47 23
98 97 102 103 97 98 93 99 102 98 102 103 1 0 0 0 0
105 96 101 103 102 103 106 100 107 107 104 105 2 0 0 0 0
100 90 93 96 99 96 96 99 104 101 95 100 3 0 0 0 0
106 105 103 109 98 103 108 100 113 108 104 103 4 0 0 0 0
106 105 107 107 100 111 108 100 112 103 102 108 5 0 0 0 0
102 96 101 102 100 98 103 99 100 102 104 103 6 0 0 0 0
103 92 95 97 99 97 96 100 100 98 96 101 7 0 0 0 0
103 96 99 102 102 102 99 99 104 104 100 103 8 0 0 0 0
102 100 102 103 102 101 102 100 109 100 100 103 9 0 0 0 0
109 106 108 107 102 108 110 100 113 108 105 109 10 0 0 0 0
95 90 96 98 96 93 101 99 98 100 95 15000 11 0 0 0 0
Chip#1
102 103 101 104 100 98 103 101 102 98 101 99 0 225 127 253 23
104 99 109 102 96 100 107 101 101 101 102 97 1 0 0 0 0
103 99 98 99 100 94 101 91 98 95 95 96 2 0 0 0 0
99 101 106 207 117 95 100 140 146 100 95 96 3 0 0 0 0
103 103 103 151 100 95 103 128 138 102 103 96 4 0 0 0 0
108 108 109 109 106 101 107 108 106 103 107 106 5 0 0 0 0
106 101 104 102 99 97 101 96 99 101 102 97 6 0 0 0 0
108 107 104 132 112 100 108 127 142 101 103 97 7 0 0 0 0
103 105 107 173 131 97 101 182 160 98 97 98 8 0 0 0 0
103 105 108 109 106 100 105 107 107 101 103 96 9 0 0 0 0
107 105 101 101 102 97 102 102 97 100 101 96 10 0 0 0 0
102 103 103 106 97 97 100 100 94 98 102 15000 11 0 0 0 0
Chip#2
100 99 102 98 99 98 93 99 100 100 97 102 0 0 134 8 23
103 97 102 101 99 97 105 99 104 103 100 101 1 0 0 0 0
99 94 99 98 99 96 101 99 99 96 96 100 2 0 0 0 0
108 100 106 109 98 107 108 100 108 113 101 103 3 0 0 0 0
102 100 106 104 98 104 101 100 108 104 97 104 4 0 0 0 0
104 97 101 101 101 98 101 100 104 98 100 101 5 0 0 0 0
109 101 106 106 101 102 107 99 109 102 97 105 6 0 0 0 0
109 103 107 103 101 107 107 100 108 107 102 104 7 0 0 0 0
100 97 104 102 102 108 99 99 115 114 101 101 8 0 0 0 0
109 103 109 103 102 106 105 100 108 106 105 103 9 0 0 0 0
108 106 108 106 102 106 106 100 109 107 101 103 10 0 0 0 0
103 101 107 106 100 103 103 100 107 104 101 15000 11 0 0 0 0
Chip#1
108 105 107 104 106 99 103 103 105 101 103 102 0 226 127 27 23
101 97 103 101 96 97 103 101 99 93 101 98 1 0 0 0 0
110 103 106 112 101 103 107 111 103 98 103 99 2 0 0 0 0
103 102 125 823 234 100 108 369 401 104 106 98 3 0 0 0 0
106 93 104 456 106 99 105 263 317 97 99 99 4 0 0 0 0
104 99 101 104 94 98 102 101 105 98 98 98 5 0 0 0 0
107 105 108 109 107 101 111 111 109 102 110 102 6 0 0 0 0
97 97 101 303 154 99 100 233 320 95 101 96 7 0 0 0 0
103 101 121 567 318 101 101 652 469 102 106 97 8 0 0 0 0
103 102 109 117 103 101 109 123 123 107 102 101 9 0 0 0 0
108 108 102 99 101 95 98 107 105 96 99 98 10 0 0 0 0
112 105 101 107 97 99 101 103 101 101 102 15000 11 0 0 0 0
Chip#2
113 108 107 104 100 106 107 100 110 107 105 107 0 0 134 130 23
117 110 116 113 100 117 112 101 112 114 109 113 1 0 0 0 0
117 107 111 111 100 108 110 100 110 109 107 108 2 0 0 0 0
108 102 107 119 576 158 103 100 244 272 101 104 3 0 0 0 0
106 107 113 145 533 157 106 102 308 389 105 107 4 0 0 0 0
110 108 114 111 104 112 112 102 110 108 107 111 5 0 0 0 0
109 106 106 103 102 103 104 100 105 108 97 104 6 0 0 0 0
111 103 114 109 210 114 112 100 214 148 110 112 7 0 0 0 0
108 108 111 123 414 212 111 100 607 492 107 108 8 0 0 0 0
109 105 110 104 175 109 110 100 149 163 106 111 9 0 0 0 0
113 101 110 108 104 108 107 100 110 102 106 102 10 0 0 0 0
114 110 109 106 104 104 108 100 108 109 102 15000 11 0 0 0 0
Chip#1
111 108 103 108 100 98 101 101 95 101 102 102 0 226 127 60 23
112 107 104 108 102 103 110 110 99 103 103 107 1 0 0 0 0
110 107 106 112 107 106 107 113 107 106 103 103 2 0 0 0 0
104 103 137 1271 314 99 102 521 562 103 101 97 3 0 0 0 0
99 105 104 676 108 99 103 373 437 101 99 96 4 0 0 0 0
104 103 106 99 101 100 102 106 103 98 101 93 5 0 0 0 0
111 108 107 112 109 108 115 111 111 108 110 108 6 0 0 0 0
99 97 98 440 192 98 100 334 478 97 95 93 7 0 0 0 0
106 108 126 913 487 106 107 1082 764 107 105 102 8 0 0 0 0
107 107 111 126 108 105 109 140 137 107 105 102 9 0 0 0 0
117 108 109 113 109 109 112 113 110 104 107 107 10 0 0 0 0
127 107 109 108 102 106 111 111 103 103 107 15000 11 0 0 0 0
Chip#2
126 118 117 112 104 118 116 103 121 112 112 115 0 0 134 67 23
119 112 115 116 104 112 115 100 118 109 110 114 1 0 0 0 0
122 115 118 117 104 122 119 107 126 114 115 114 2 0 0 0 0
123 120 122 148 881 204 122 109 349 390 117 121 3 0 0 0 0
110 110 110 168 805 193 110 107 441 587 109 109 4 0 0 0 0
121 113 111 116 104 116 120 106 122 117 114 113 5 0 0 0 0
115 105 110 112 283 117 112 102 290 177 105 106 6 0 0 0 0
116 107 113 111 293 116 104 100 294 176 107 107 7 0 0 0 0
112 108 114 134 625 276 112 103 942 743 105 109 8 0 0 0 0
122 111 118 116 251 123 119 107 201 203 116 115 9 0 0 0 0
126 116 115 110 104 116 113 101 119 115 110 113 10 0 0 0 0
137 126 120 117 104 118 119 104 129 123 112 15000 11 0 0 0 0
Chip#1
114 108 107 106 102 100 103 105 99 104 106 109 0 225 127 91 23
111 101 108 106 103 98 110 111 103 102 105 102 1 0 0 0 0
103 98 106 108 99 93 102 106 103 101 103 96 2 0 0 0 0
104 105 146 1444 347 109 107 592 650 107 107 99 3 0 0 0 0
107 108 118 784 117 103 111 417 504 104 106 102 4 0 0 0 0
115 108 112 112 112 105 115 113 110 104 110 104 5 0 0 0 0
106 102 108 104 103 104 109 106 106 102 106 99 6 0 0 0 0
112 108 116 499 222 105 114 373 543 108 113 102 7 0 0 0 0
108 108 137 1041 542 103 111 1232 862 109 107 99 8 0 0 0 0
103 106 103 121 103 99 102 140 135 100 103 99 9 0 0 0 0
110 98 106 107 102 97 103 106 99 101 101 101 10 0 0 0 0
124 108 99 102 101 97 108 107 101 98 105 15000 11 0 0 0 0
Chip#2
126 123 120 118 104 122 121 109 124 117 114 117 0 0 134 166 23
127 118 113 117 104 118 121 106 122 117 115 118 1 0 0 0 0
122 115 113 118 104 123 117 110 123 118 118 115 2 0 0 0 0
122 116 121 154 1069 234 120 110 398 465 116 119 3 0 0 0 0
120 115 117 192 978 217 122 109 526 708 110 114 4 0 0 0 0
123 123 121 126 113 124 126 119 132 123 121 123 5 0 0 0 0
114 112 115 117 104 114 115 107 122 114 106 111 6 0 0 0 0
120 117 115 118 342 125 121 112 338 199 120 118 7 0 0 0 0
120 118 123 149 747 326 121 115 1109 890 114 118 8 0 0 0 0
122 117 116 114 281 120 119 107 210 223 112 114 9 0 0 0 0
131 125 121 122 104 123 125 110 122 114 114 115 10 0 0 0 0
148 134 131 127 104 127 129 117 136 128 124 15000 11 0 0 0 0
Chip#1
116 107 102 103 100 99 101 102 101 102 110 109 0 225 127 31 23
114 101 103 101 96 103 102 103 103 101 103 97 1 0 0 0 0
103 103 106 107 100 104 101 110 110 102 105 96 2 0 0 0 0
112 107 146 1579 371 106 108 635 702 108 106 102 3 0 0 0 0
103 98 113 839 112 95 103 438 537 104 101 96 4 0 0 0 0
104 105 103 110 105 103 106 107 107 102 103 98 5 0 0 0 0
104 108 108 107 108 105 108 110 107 108 107 101 6 0 0 0 0
103 97 106 527 222 99 105 396 575 101 98 101 7 0 0 0 0
107 106 136 1124 582 104 106 1325 932 109 103 99 8 0 0 0 0
99 101 101 126 100 97 102 140 139 96 98 96 9 0 0 0 0
112 106 104 104 103 100 107 108 103 103 106 104 10 0 0 0 0
129 107 111 107 106 106 107 110 107 104 110 15000 11 0 0 0 0
Chip#2
130 125 121 123 104 123 122 109 129 117 118 120 0 0 134 218 23
125 118 121 118 104 122 120 110 124 119 107 118 1 0 0 0 0
116 115 116 116 104 111 112 100 118 112 110 112 2 0 0 0 0
120 111 109 148 1189 236 116 107 436 507 114 113 3 0 0 0 0
120 116 115 205 1100 233 125 107 585 788 115 115 4 0 0 0 0
119 116 116 117 77 118 115 110 127 117 111 113 5 0 0 0 0
113 110 110 114 77 114 111 101 121 113 112 109 6 0 0 0 0
125 122 121 123 385 127 124 112 373 210 117 120 7 0 0 0 0
121 113 118 153 835 351 122 116 1256 989 116 117 8 0 0 0 0
127 118 122 127 315 129 122 114 222 245 116 124 9 0 0 0 0
132 125 125 124 104 125 128 112 126 120 121 121 10 0 0 0 0
147 134 127 122 104 130 129 116 137 126 120 15000 11 0 0 0 0
