Chip#1
99 100 94 93 96 98 100 96 97 90 95 96 0
98 95 95 102 101 99 104 103 102 97 96 99 1
102 99 98 99 101 99 104 103 108 96 98 94 2
104 97 96 99 101 99 105 103 107 97 97 100 3
104 110 102 107 103 104 113 108 109 103 103 102 4
98 100 136 137 98 136 174 105 100 101 97 99 5
100 101 113 121 107 121 145 104 104 100 96 100 6
98 99 95 97 100 97 102 100 101 91 94 93 7
98 102 143 147 101 117 131 103 104 93 96 98 8
96 99 126 123 96 118 130 100 102 93 95 100 9
99 101 92 101 101 97 107 104 104 91 93 101 10
101 99 98 103 102 97 106 107 107 97 98 15000 11
Chip#1
101 94 96 99 101 100 100 98 104 95 97 99 0
99 102 97 99 104 103 107 108 103 101 102 98 1
95 91 95 98 93 94 107 93 100 105 92 90 2
98 105 100 106 101 98 112 103 106 104 100 102 3
101 105 109 109 105 100 115 104 108 103 102 101 4
93 96 310 309 101 303 472 105 106 99 94 92 5
99 99 178 182 101 208 300 104 107 97 92 96 6
101 100 106 109 109 99 109 103 107 99 101 98 7
92 96 378 354 107 217 246 98 99 97 95 95 8
102 104 266 242 104 223 246 98 104 100 101 99 9
102 101 104 98 102 101 107 101 101 96 96 99 10
103 97 98 98 104 100 104 101 100 97 97 15000 11
Chip#1
96 91 94 96 100 92 98 98 100 87 92 95 0
95 96 93 97 97 98 102 98 101 95 96 96 1
99 100 102 106 101 106 121 100 106 115 98 101 2
102 100 102 103 102 100 114 98 106 105 98 100 3
104 104 109 110 104 108 120 104 103 100 100 101 4
99 100 412 412 101 410 656 110 108 105 97 96 5
95 93 214 222 100 262 401 102 100 97 91 90 6
99 91 100 101 98 98 101 101 100 90 92 90 7
102 106 503 486 104 279 326 108 107 103 100 101 8
96 99 351 307 104 280 320 102 100 99 96 100 9
101 106 99 104 103 99 108 105 102 103 102 104 10
103 97 97 98 101 98 108 101 101 93 96 15000 11
Chip#1
101 99 96 93 103 101 104 98 102 100 96 96 0
97 96 97 99 102 101 107 96 102 101 101 96 1
90 93 102 103 98 105 112 97 107 112 96 93 2
99 100 96 102 100 100 108 103 103 111 97 96 3
97 94 102 110 98 101 114 100 102 95 92 94 4
105 107 456 452 117 454 722 123 117 121 102 109 5
106 99 235 246 105 285 434 109 107 108 98 98 6
96 97 107 106 101 101 105 102 104 92 94 96 7
99 102 545 517 104 294 344 98 106 93 94 96 8
101 105 384 335 104 297 344 107 102 99 95 100 9
102 100 97 98 97 97 104 101 100 97 95 99 10
106 99 94 93 101 94 106 97 102 96 95 15000 11
Chip#1
96 96 96 101 96 99 102 95 102 103 97 99 0
99 101 97 106 104 101 112 105 104 101 101 105 1
96 99 100 109 94 104 117 101 103 112 96 98 2
101 100 100 106 101 103 107 100 107 112 96 100 3
99 99 109 118 97 109 121 104 104 101 96 96 4
97 96 467 476 100 462 773 112 104 108 96 94 5
103 105 252 260 109 307 475 113 109 115 102 101 6
98 99 104 109 101 100 106 95 109 99 95 98 7
103 110 593 557 102 311 368 107 102 99 98 95 8
102 106 412 359 100 320 369 107 103 100 98 102 9
109 104 98 102 101 103 106 102 103 99 95 99 10
105 101 95 92 100 98 102 96 102 97 97 15000 11
