Chipdp
84 2 82 2 16 6 4 10 6 11 6 10 7 11 7 4 7 6 8 6 7 7 8 7 4 4 6 5 6 4 7 5 7 4 1 6 2 6 1 7 2 7 4 10 9 11 9 10 10 11 10 4 7 9 8 9 7 10 8 10 4 4 9 5 9 4 10 5 10 4 1 9 2 9 1 10 2 10 4 10 3 11 3 10 4 11 4 4 7 3 8 3 7 4 8 4 4 4 3 5 3 4 4 5 4 4 1 3 2 3 1 4 2 4 4 10 0 11 0 10 1 11 1 4 7 0 8 0 7 1 8 1 4 4 0 5 0 4 1 5 1 4 1 0 2 0 1 1 2 1 4 10 6 11 6 10 7 11 7 4 7 6 8 6 7 7 8 7 4 4 6 5 6 4 7 5 7 4 1 6 2 6 1 7 2 7 4 10 9 11 9 10 10 11 10 4 7 9 8 9 7 10 8 10 4 4 9 5 9 4 10 5 10 4 1 9 2 9 1 10 2 10 4 10 3 11 3 10 4 11 4 4 7 3 8 3 7 4 8 4 4 4 3 5 3 4 4 5 4 4 1 3 2 3 1 4 2 4 4 10 0 11 0 10 1 11 1 4 7 0 8 0 7 1 8 1 4 4 0 5 0 4 1 5 1 4 1 0 2 0 1 1 2 1 
Chip#1
112 102 117 109 114 106 124 124 109 105 105 103 0
135 117 117 146 164 125 276 274 126 121 131 102 1
132 112 115 138 164 125 263 258 122 124 147 107 2
111 108 116 115 116 113 144 159 107 110 107 105 3
132 114 122 141 137 129 404 415 128 117 131 108 4
116 112 116 136 138 128 405 397 132 115 131 103 5
106 108 114 106 108 111 126 117 104 119 131 102 6
150 132 117 121 118 115 120 117 129 338 313 118 7
143 127 115 121 112 112 121 112 131 345 325 120 8
106 106 107 108 106 108 109 101 101 153 147 99 9
147 137 122 121 116 113 122 114 164 338 276 115 10
144 125 121 111 115 112 119 115 139 320 282 15000 11
Chip#2
112 104 101 102 104 104 98 102 98 106 106 104 0
112 105 96 99 103 98 164 178 98 102 99 103 1
112 112 102 108 115 113 281 263 98 111 110 107 2
112 105 103 102 108 105 114 118 98 106 103 112 3
112 102 101 99 106 102 361 384 98 108 102 100 4
112 106 100 100 108 103 419 434 98 100 98 99 5
112 106 103 105 104 109 110 108 98 118 112 104 6
112 103 98 98 100 103 98 99 98 391 335 98 7
112 113 102 108 103 106 109 109 98 288 249 109 8
112 106 100 100 99 102 101 106 98 144 126 104 9
112 113 103 103 105 103 98 103 104 521 372 102 10
112 109 104 102 108 104 102 102 104 248 201 15000 11
Chip#1
103 105 111 107 108 104 124 116 102 105 104 98 0
135 123 120 151 164 130 278 276 123 131 147 107 1
132 117 121 147 152 132 268 263 125 124 131 107 2
109 109 115 117 118 109 148 159 108 112 131 103 3
132 113 115 138 134 132 410 415 125 114 131 98 4
110 114 117 130 132 131 400 400 129 117 111 102 5
111 108 111 112 111 112 132 123 106 127 131 103 6
145 125 108 109 108 104 116 107 122 337 306 108 7
140 123 114 117 115 115 125 116 131 346 323 121 8
110 109 108 106 106 106 111 102 109 160 147 100 9
147 131 120 113 112 109 117 111 164 337 271 113 10
143 125 115 112 116 113 122 114 164 326 281 15000 11
Chip#2
112 98 92 93 91 98 95 90 104 96 98 94 0
112 103 104 103 104 106 171 178 104 105 109 103 1
112 112 107 108 113 110 278 262 104 108 112 107 2
112 104 107 103 100 110 121 114 104 102 103 105 3
112 108 104 108 109 109 369 390 104 108 108 107 4
112 113 110 108 113 113 425 434 104 108 109 110 5
112 110 108 108 105 111 110 104 104 111 109 113 6
112 113 101 105 100 104 105 101 104 398 346 104 7
112 105 104 102 103 102 105 101 104 281 245 100 8
112 107 104 103 104 110 106 102 104 146 122 107 9
112 118 109 105 109 102 110 108 109 530 378 112 10
128 107 104 103 101 102 102 101 109 248 207 15000 11
Chip#1
132 110 109 111 112 109 128 117 107 107 131 103 0
133 120 119 147 164 128 279 274 120 123 131 105 1
113 115 117 138 143 125 263 260 120 118 131 100 2
106 106 117 116 117 115 144 159 107 108 107 105 3
113 114 115 138 138 127 406 394 129 109 110 98 4
133 117 117 134 135 136 411 415 131 121 131 103 5
105 105 112 109 105 108 127 120 103 121 131 96 6
156 139 121 125 124 115 126 115 164 343 315 121 7
137 120 108 115 115 107 117 108 126 339 323 115 8
112 110 111 105 111 106 109 102 108 163 147 101 9
144 129 112 107 108 111 114 102 139 327 271 109 10
138 121 114 107 111 106 117 107 164 320 279 15000 11
Chip#2
112 96 97 93 94 98 100 93 72 99 99 99 0
112 105 100 98 103 103 167 178 109 105 100 105 1
112 99 101 100 103 100 272 256 109 100 103 102 2
112 105 104 100 103 108 116 113 109 106 104 103 3
112 107 101 104 100 106 363 385 109 105 104 103 4
112 111 106 105 108 109 425 434 109 111 111 107 5
112 99 103 99 105 103 105 101 109 107 108 103 6
112 107 102 95 99 99 106 101 109 402 340 105 7
128 108 104 104 105 108 106 104 109 284 251 108 8
112 107 102 99 95 103 101 97 109 146 126 104 9
112 112 106 99 98 98 103 102 104 525 373 104 10
112 112 102 103 103 104 103 103 104 252 206 15000 11
Chip#1
104 102 107 108 109 105 124 115 106 109 100 95 0
138 122 117 145 147 125 277 276 125 128 131 106 1
132 110 116 138 164 124 267 257 121 123 131 103 2
132 102 112 109 111 111 140 159 104 107 131 101 3
132 120 122 142 144 136 410 415 134 127 131 109 4
111 99 108 122 125 117 398 394 126 110 104 98 5
112 106 112 110 109 109 128 120 106 122 131 99 6
153 132 120 118 120 109 122 118 132 339 309 119 7
144 127 116 113 108 109 117 115 131 340 323 120 8
110 109 111 108 105 106 111 104 108 160 131 101 9
143 127 119 109 111 109 119 111 144 337 271 106 10
137 119 112 105 106 109 114 111 136 316 275 15000 11
Chip#2
112 101 100 100 103 99 101 95 104 105 106 104 0
112 104 103 100 105 99 166 178 104 104 105 103 1
112 110 104 103 108 106 279 262 104 104 109 104 2
112 105 107 104 99 105 121 114 104 107 104 107 3
112 107 98 100 104 104 366 384 104 105 104 104 4
112 100 102 97 104 102 412 450 104 101 99 103 5
112 99 101 95 99 98 98 98 104 107 106 102 6
112 108 106 99 103 104 101 97 104 403 346 105 7
128 106 101 97 101 103 105 97 104 280 252 104 8
112 110 104 102 101 105 105 101 104 147 126 110 9
112 112 104 99 95 102 101 103 96 524 377 107 10
112 101 102 95 99 96 97 98 95 244 199 15000 11
Chip#1
100 105 103 107 107 99 115 116 103 103 95 96 0
133 120 116 144 147 122 277 276 123 126 131 103 1
132 114 115 138 164 122 261 257 122 122 147 107 2
103 100 110 111 112 104 137 159 107 109 131 99 3
132 110 114 136 134 128 405 399 128 114 131 98 4
111 110 115 132 134 129 400 402 127 119 112 100 5
116 117 119 121 117 114 138 132 118 133 131 113 6
150 135 121 121 120 113 125 117 134 343 315 119 7
141 121 114 112 115 107 117 111 129 338 319 112 8
111 108 115 110 107 107 109 107 110 161 147 102 9
146 136 120 117 115 113 117 110 164 342 275 117 10
132 113 101 100 99 100 106 101 125 312 265 15000 11
Chip#2
128 109 110 107 106 103 107 103 96 107 108 108 0
112 105 98 99 100 102 169 178 95 100 99 105 1
112 109 104 108 110 106 274 263 96 106 106 107 2
112 109 113 102 106 109 121 116 95 102 106 104 3
128 113 109 105 114 109 368 390 96 111 106 107 4
112 104 101 102 104 106 416 434 95 104 98 103 5
112 102 100 103 101 103 106 95 95 107 106 102 6
112 107 100 102 101 100 107 101 95 402 344 104 7
84 108 102 97 95 97 102 95 95 274 243 95 8
112 107 108 104 108 109 111 103 95 151 125 108 9
112 112 103 94 96 98 101 98 102 521 373 99 10
112 105 95 98 98 98 97 93 102 241 201 15000 11
