Chip#1
99 100 95 98 97 102 93 97 100 94 107 100 0
104 102 98 108 115 104 98 105 130 96 104 106 1
101 97 95 126 130 103 94 100 146 102 105 101 2
102 102 101 97 100 106 96 97 108 100 105 98 3
104 104 98 99 100 105 102 103 106 97 105 107 4
98 101 99 101 99 102 93 96 105 94 102 99 5
104 105 101 128 149 109 97 110 155 109 112 98 6
104 108 103 107 114 111 98 106 114 99 110 101 7
99 98 97 92 97 106 96 100 101 96 109 96 8
116 112 108 106 106 116 108 111 113 109 118 113 9
101 96 98 97 93 104 99 94 102 93 100 96 10
107 107 102 105 100 111 101 106 107 105 114 15000 11
Chip#2
102 92 94 95 102 100 93 99 102 90 93 100 0
104 94 96 92 103 106 96 95 103 91 94 99 1
104 100 102 107 116 106 100 100 119 101 95 110 2
105 95 101 105 109 103 101 102 113 100 95 105 3
109 100 99 100 107 108 104 102 108 101 100 99 4
105 99 103 97 106 106 97 99 106 99 96 109 5
103 101 102 105 109 107 100 100 116 102 96 107 6
115 107 108 118 130 110 107 104 124 110 107 113 7
106 104 97 100 104 113 103 100 111 101 96 107 8
101 97 95 92 102 102 95 95 102 95 90 97 9
105 98 97 100 104 107 100 89 103 94 98 101 10
108 99 97 99 104 106 99 99 103 97 98 15000 11
Chip#3
102 95 99 94 93 96 101 96 99 99 90 99 0
113 104 107 103 104 105 109 111 104 106 102 102 1
109 99 100 101 101 97 102 104 100 102 96 97 2
106 93 96 96 111 98 100 102 102 100 95 94 3
103 95 104 122 193 113 100 105 164 128 95 96 4
104 92 98 99 116 95 97 98 112 103 95 94 5
104 92 98 95 93 100 101 98 102 101 94 100 6
97 91 96 93 92 91 92 93 97 94 97 89 7
106 96 102 114 151 102 101 101 145 127 94 97 8
106 95 97 104 164 107 95 100 159 122 94 97 9
109 99 100 98 97 101 103 101 104 106 100 104 10
101 134 96 88 90 89 91 94 93 93 86 15000 11
Chip#4
101 99 96 98 100 99 106 95 106 92 96 133 0
104 106 102 101 107 108 109 100 111 102 103 133 1
102 102 101 100 102 106 114 98 106 94 103 133 2
105 102 101 101 104 105 108 101 112 98 105 133 3
100 98 106 98 102 101 107 98 106 98 104 101 4
107 106 104 105 105 105 112 104 111 101 103 133 5
107 105 105 105 111 109 108 108 111 102 104 133 6
108 110 110 108 107 108 118 106 112 112 109 133 7
105 101 101 104 105 102 112 100 111 98 105 101 8
107 103 106 100 107 103 114 104 109 98 111 133 9
105 97 105 102 103 105 108 98 106 98 102 101 10
104 103 101 102 106 108 112 97 109 101 104 15000 11
Chip#1
108 101 97 104 100 100 99 99 101 100 108 99 0
99 105 99 124 180 102 97 101 202 100 106 101 1
104 103 101 190 228 102 97 108 272 123 102 103 2
98 103 98 98 99 102 96 96 112 96 101 94 3
110 114 106 107 105 109 107 106 111 102 115 105 4
109 106 97 102 100 105 99 98 109 98 105 96 5
104 103 100 190 293 110 98 128 304 141 110 98 6
104 101 95 136 154 103 98 100 138 99 104 98 7
101 101 95 94 99 106 93 95 95 88 104 92 8
97 102 99 91 94 100 94 96 100 94 102 94 9
105 104 100 99 100 104 101 94 106 96 107 103 10
109 104 99 101 94 102 100 99 101 98 110 15000 11
Chip#2
108 100 105 107 111 110 105 99 107 102 102 110 0
97 101 100 98 103 109 101 96 107 93 97 100 1
104 99 93 134 136 102 96 104 148 96 94 99 2
106 101 103 134 131 107 100 101 149 107 96 107 3
105 101 94 99 104 104 97 96 101 99 100 103 4
104 98 95 98 102 112 99 96 107 96 94 103 5
99 100 94 103 115 103 97 95 116 96 92 103 6
101 100 100 150 159 106 99 101 153 107 97 101 7
108 105 103 110 113 115 105 102 119 102 101 108 8
103 98 100 102 103 106 97 96 105 95 92 106 9
101 101 103 98 104 108 97 96 102 93 93 99 10
106 100 101 100 109 110 98 101 105 99 97 15000 11
Chip#3
107 101 98 94 99 96 98 103 100 99 99 107 0
109 100 97 97 94 95 101 104 99 98 95 98 1
109 94 100 102 98 98 102 105 104 99 96 103 2
100 93 96 98 132 94 97 99 110 98 91 92 3
99 93 98 177 433 167 96 114 327 208 92 97 4
106 94 102 106 177 108 100 103 163 117 95 97 5
101 92 98 96 97 97 96 98 94 95 90 93 6
103 93 100 96 97 96 101 101 101 101 96 98 7
108 103 102 170 302 118 107 105 262 216 104 104 8
102 96 105 137 352 147 101 111 315 216 95 102 9
97 93 95 95 95 97 95 88 100 91 86 97 10
108 99 98 96 99 96 100 101 100 97 98 15000 11
Chip#4
108 106 108 106 107 103 111 100 106 103 106 101 0
110 103 107 108 111 107 109 105 110 103 108 133 1
106 101 98 104 106 101 108 101 109 97 100 133 2
108 105 105 104 108 102 109 104 108 99 105 101 3
105 101 100 101 107 101 107 101 106 98 104 133 4
106 98 104 102 106 102 107 103 108 98 105 101 5
106 98 99 103 104 103 107 101 106 112 103 133 6
102 97 95 100 105 101 103 99 106 93 100 133 7
106 102 104 106 112 106 107 99 113 99 102 133 8
106 106 105 105 106 107 111 104 110 112 105 133 9
105 99 100 99 105 103 108 101 106 102 103 133 10
107 98 96 102 105 103 107 97 106 93 98 15000 11
Chip#1
110 104 101 104 100 106 100 100 107 100 115 103 0
111 104 103 157 263 109 100 110 325 108 116 106 1
111 103 100 299 352 109 100 124 445 161 109 102 2
104 101 104 101 105 104 97 101 118 103 107 101 3
104 101 97 97 94 104 98 96 105 97 105 94 4
115 110 103 114 111 114 101 109 123 105 114 108 5
104 100 94 272 472 101 96 151 479 180 106 95 6
102 103 103 190 216 107 100 108 176 109 109 100 7
108 101 95 101 98 113 101 100 102 95 108 102 8
108 105 98 101 94 107 93 98 102 96 107 100 9
107 108 100 96 96 103 101 101 104 92 106 96 10
109 110 106 104 105 109 108 105 110 104 115 15000 11
Chip#2
108 101 102 103 108 114 102 99 103 97 100 104 0
111 103 106 104 110 112 108 101 108 105 103 106 1
106 101 99 155 194 109 105 122 195 105 97 105 2
104 101 103 154 168 110 104 105 183 105 100 107 3
110 107 103 105 113 110 101 102 108 100 101 106 4
110 105 105 108 110 110 103 105 108 100 103 110 5
105 103 99 115 125 110 99 96 132 97 101 107 6
103 100 99 179 223 108 106 110 189 115 97 103 7
110 107 106 134 124 115 109 105 137 107 103 115 8
104 97 101 99 105 104 99 96 101 96 96 104 9
113 108 101 105 110 117 107 104 108 103 102 110 10
109 100 103 102 113 110 101 101 103 101 98 15000 11
Chip#3
114 134 104 103 104 102 101 103 104 106 104 108 0
109 96 94 96 95 90 97 98 91 92 96 94 1
116 102 99 99 101 101 107 100 104 103 99 98 2
107 97 96 106 157 108 101 101 120 102 97 103 3
109 101 106 227 610 212 106 125 453 245 100 103 4
106 97 98 111 207 106 98 100 184 128 101 102 5
108 95 103 101 98 104 104 101 100 103 100 99 6
115 105 107 108 104 105 108 107 114 114 107 105 7
103 96 103 198 398 118 101 105 334 273 99 95 8
102 99 100 158 471 163 101 111 427 216 96 103 9
102 92 94 97 95 96 97 95 96 97 92 95 10
106 100 98 97 94 95 101 101 103 96 94 15000 11
Chip#4
101 99 99 101 102 98 103 97 106 93 98 101 0
112 110 109 111 108 107 114 106 115 103 110 133 1
107 103 106 106 110 106 112 107 113 112 109 133 2
107 105 104 108 108 108 108 107 112 103 105 133 3
108 105 104 104 113 107 108 100 110 97 108 133 4
106 105 97 109 107 106 108 104 109 112 104 133 5
110 109 105 105 106 108 115 108 111 112 109 133 6
107 105 101 104 108 109 115 107 115 103 108 133 7
105 105 100 109 113 108 108 107 115 102 103 101 8
104 105 105 108 109 106 110 105 113 103 106 133 9
102 103 98 105 109 107 110 105 108 102 100 133 10
102 99 96 98 103 100 106 98 106 94 100 15000 11
Chip#1
110 104 100 103 100 105 98 100 106 100 110 105 0
111 107 98 181 351 109 98 111 438 108 107 106 1
111 104 99 399 486 106 101 132 593 189 109 95 2
110 103 101 115 110 108 104 107 131 107 110 102 3
111 112 107 105 106 111 104 112 110 108 115 109 4
108 112 104 115 122 110 101 109 133 110 110 103 5
109 101 100 372 685 110 99 176 686 212 105 98 6
108 110 104 206 282 108 102 115 223 110 111 104 7
109 104 97 96 100 105 97 100 100 96 102 95 8
105 102 95 90 89 101 92 93 98 89 98 95 9
110 109 103 104 100 105 100 103 101 96 112 103 10
108 114 107 105 103 112 98 109 106 105 115 15000 11
Chip#2
113 106 107 107 109 114 105 102 111 103 102 110 0
106 99 103 107 112 112 104 101 112 96 99 109 1
110 107 102 179 207 110 105 154 224 110 98 111 2
99 93 95 168 177 101 100 104 208 110 93 100 3
109 104 109 110 115 110 109 112 117 107 104 115 4
111 107 103 108 110 112 107 106 113 106 105 107 5
109 103 103 134 135 113 104 104 143 99 100 110 6
104 105 101 207 263 108 102 114 215 118 101 109 7
109 107 106 122 125 115 108 107 150 103 103 115 8
109 106 102 109 114 110 101 107 110 106 102 110 9
109 98 100 107 104 108 102 100 99 97 100 107 10
112 109 106 109 115 110 108 107 108 105 107 15000 11
Chip#3
108 134 97 99 97 95 97 99 98 96 94 104 0
121 134 103 108 104 103 108 107 106 106 105 108 1
113 93 101 101 97 99 98 103 99 95 94 95 2
101 94 98 108 184 109 100 102 127 101 93 95 3
110 134 108 286 860 262 108 143 622 317 99 104 4
100 92 100 117 259 109 100 100 216 136 100 94 5
108 96 104 104 103 100 104 106 104 100 102 99 6
104 100 100 104 107 103 100 101 105 107 99 97 7
103 92 99 240 544 147 103 106 449 351 98 102 8
108 103 104 186 655 179 104 119 577 273 100 104 9
112 134 107 101 100 102 100 104 104 101 98 101 10
117 100 102 101 98 96 98 104 99 99 99 15000 11
Chip#4
110 103 104 107 106 106 107 106 112 99 102 133 0
106 106 102 107 109 105 113 104 111 104 106 133 1
108 110 104 107 111 111 109 108 118 115 111 133 2
106 110 109 115 120 112 116 113 119 116 109 133 3
108 102 105 114 118 111 116 107 118 104 109 133 4
107 109 105 106 109 109 113 105 117 105 109 101 5
112 109 108 107 113 109 116 108 113 115 109 133 6
108 107 106 108 109 115 113 106 115 102 108 133 7
105 105 104 113 114 103 113 107 122 103 106 133 8
104 98 95 102 107 102 111 104 108 98 97 101 9
107 105 105 106 108 105 111 104 112 103 105 101 10
108 110 109 106 107 110 112 109 113 105 109 15000 11
Chip#1
116 104 100 99 99 108 102 100 108 104 118 99 0
111 112 108 201 411 111 107 117 496 115 116 108 1
111 113 100 483 588 113 106 141 726 205 120 106 2
110 107 99 117 114 109 100 106 131 103 114 102 3
105 105 100 101 98 106 99 101 105 102 104 98 4
120 118 111 122 129 115 110 112 145 113 120 105 5
108 104 104 440 816 112 103 207 820 248 112 100 6
107 108 106 236 386 108 103 122 248 119 112 98 7
111 105 110 105 102 104 104 106 109 103 114 101 8
118 114 106 109 101 110 104 110 103 104 114 113 9
114 116 103 102 104 110 100 101 102 101 116 110 10
101 102 99 96 100 105 101 99 99 101 106 15000 11
Chip#2
106 104 101 105 107 109 106 100 106 99 103 105 0
101 101 101 100 110 107 101 94 108 100 96 103 1
108 103 101 202 243 112 103 154 266 114 100 105 2
105 107 105 202 215 114 104 117 249 124 103 110 3
103 101 103 99 111 107 99 106 111 102 98 101 4
112 107 107 107 113 117 110 107 113 106 104 111 5
110 109 106 134 149 114 108 105 154 105 104 109 6
104 103 106 239 322 109 103 117 257 131 98 104 7
101 105 101 134 129 112 104 99 162 101 98 105 8
106 109 102 104 105 110 107 98 107 100 96 110 9
113 109 101 106 111 115 109 104 110 105 101 113 10
116 111 109 105 117 115 110 107 117 110 107 15000 11
Chip#3
110 107 100 94 95 98 100 100 103 98 99 103 0
128 134 106 106 106 99 106 108 105 101 102 106 1
120 101 105 110 105 105 109 111 107 102 104 104 2
107 101 100 117 192 113 104 110 136 108 99 97 3
112 98 101 300 936 274 105 145 676 341 102 102 4
108 102 107 126 266 117 108 109 242 148 100 103 5
109 104 108 108 102 106 102 110 104 106 104 103 6
115 106 107 108 113 107 108 115 113 114 112 107 7
110 101 100 262 597 147 103 111 488 385 98 103 8
104 134 101 192 716 185 103 111 626 283 95 98 9
116 103 107 106 106 101 108 108 107 101 105 104 10
124 134 104 104 99 102 107 104 106 101 99 15000 11
Chip#4
115 106 109 108 114 110 113 109 117 105 108 133 0
106 105 104 102 107 110 112 101 107 102 105 101 1
111 103 108 108 112 110 115 109 112 105 109 133 2
105 105 101 107 113 109 107 105 111 102 104 133 3
110 109 111 115 125 112 112 108 119 116 109 133 4
110 107 101 106 115 112 114 111 113 118 110 133 5
107 102 104 105 109 106 107 105 110 104 103 133 6
112 103 106 107 109 112 110 104 112 103 106 133 7
104 103 103 110 117 109 109 105 117 103 106 133 8
107 106 103 102 112 106 103 99 111 101 102 101 9
106 107 108 108 114 112 115 106 110 103 111 133 10
111 105 104 104 108 111 109 108 112 114 104 15000 11
Chip#1
111 113 107 106 107 112 104 107 112 108 115 108 0
114 112 103 225 494 110 96 123 612 111 110 102 1
107 107 103 587 711 108 97 145 882 228 111 98 2
111 110 108 121 118 115 109 109 140 110 117 109 3
118 116 113 115 114 121 109 112 119 112 121 109 4
116 118 111 126 135 115 109 115 151 118 122 114 5
107 108 102 538 1011 114 98 224 1012 294 110 105 6
104 107 102 274 386 110 103 121 290 117 106 101 7
115 107 104 105 104 112 104 105 105 101 118 104 8
123 113 106 106 103 112 101 107 112 103 114 111 9
110 116 108 105 96 110 100 104 105 98 118 111 10
108 107 103 99 97 108 93 101 103 103 111 15000 11
Chip#2
108 96 105 101 103 107 102 102 107 97 100 107 0
110 106 105 104 110 114 102 101 111 100 101 104 1
105 101 99 227 262 110 104 148 298 115 100 106 2
113 111 112 228 235 120 111 122 279 132 102 110 3
108 101 99 102 105 104 99 99 107 101 100 104 4
106 104 100 106 108 113 104 110 108 102 101 111 5
104 106 105 150 157 117 105 106 162 107 97 110 6
108 107 107 273 363 114 110 126 288 144 105 111 7
112 109 109 134 136 115 108 107 180 109 107 117 8
110 106 109 111 114 113 111 107 113 112 104 107 9
110 103 108 101 110 109 102 102 108 99 102 107 10
119 109 108 108 108 113 107 105 112 110 108 15000 11
Chip#3
115 134 108 102 104 102 104 106 107 103 109 109 0
116 102 96 97 94 96 100 98 100 97 90 103 1
119 104 105 106 101 103 107 105 103 102 100 107 2
108 101 100 117 203 115 107 104 140 108 100 100 3
108 101 99 319 992 291 98 146 719 363 100 100 4
107 103 108 133 289 117 108 109 254 152 102 108 5
108 101 101 101 102 102 108 105 110 103 101 106 6
106 100 98 102 106 105 103 105 110 109 99 97 7
106 96 102 280 646 147 98 106 525 405 99 99 8
106 100 105 199 771 199 103 122 679 309 96 102 9
106 100 104 103 99 103 98 105 110 100 105 102 10
129 134 105 104 102 101 107 111 105 106 106 15000 11
Chip#4
108 103 101 102 106 107 114 106 111 102 106 101 0
114 111 109 108 113 112 114 111 116 117 116 133 1
115 110 110 108 111 116 118 114 115 107 114 133 2
110 109 114 108 114 112 114 105 118 115 114 133 3
116 111 111 134 126 116 119 116 129 120 112 133 4
105 98 99 100 106 103 111 104 107 98 104 101 5
102 105 104 101 106 108 108 105 106 99 105 101 6
111 111 105 104 114 108 114 110 115 114 105 133 7
106 102 102 115 122 109 107 112 126 112 104 133 8
110 109 110 109 117 111 116 110 119 109 111 133 9
107 103 107 105 107 109 116 104 114 104 109 101 10
119 115 113 109 118 116 116 112 117 118 116 15000 11
Chip#1
116 107 106 112 105 108 106 107 114 109 111 106 0
111 112 107 257 576 116 106 128 715 121 115 109 1
110 111 108 681 816 115 108 159 1032 257 115 102 2
110 112 108 129 122 116 105 108 149 114 110 104 3
115 120 109 109 113 114 106 109 118 111 114 108 4
108 109 106 117 142 109 100 109 158 103 105 102 5
110 109 109 665 1268 115 106 262 1261 348 107 102 6
109 108 109 336 478 116 108 138 361 131 112 106 7
113 112 107 106 109 111 102 105 106 104 106 103 8
128 122 103 107 106 115 106 106 111 107 115 114 9
115 122 110 105 107 114 102 104 110 108 120 117 10
116 120 116 112 110 114 103 107 113 110 121 15000 11
Chip#2
108 105 101 104 109 110 104 101 112 102 101 107 0
111 108 103 109 117 117 105 104 113 107 102 111 1
106 111 105 264 312 115 109 167 359 122 101 113 2
108 105 105 254 268 115 103 126 328 135 101 106 3
111 106 101 104 112 112 103 104 114 101 104 106 4
117 111 112 115 116 120 114 112 119 110 113 112 5
112 109 103 148 174 121 107 108 187 106 102 110 6
105 113 104 346 499 116 110 129 366 162 103 113 7
108 104 97 134 144 110 101 100 197 103 102 104 8
115 103 106 113 116 116 111 111 115 106 107 112 9
124 103 113 116 124 124 117 113 123 114 110 121 10
109 111 106 134 113 113 101 108 108 106 106 15000 11
Chip#3
116 134 102 106 101 102 102 106 103 101 100 107 0
124 134 105 104 101 99 106 109 106 103 101 110 1
120 134 100 99 103 99 102 102 104 102 101 102 2
114 103 103 121 207 120 108 110 144 110 100 100 3
100 94 92 310 996 281 97 143 710 355 90 94 4
107 104 105 124 285 115 107 112 252 150 99 104 5
106 102 102 104 101 102 104 108 107 101 99 103 6
101 98 97 99 104 100 100 102 110 104 104 100 7
109 103 105 281 647 147 110 111 527 416 102 107 8
108 99 100 204 772 197 102 117 681 309 99 99 9
114 102 103 104 107 100 103 106 105 101 102 99 10
123 134 102 103 104 100 107 107 109 102 102 15000 11
Chip#4
108 105 111 108 113 109 113 109 114 109 114 133 0
110 109 105 110 109 111 109 111 115 104 110 133 1
110 102 104 105 107 107 109 103 113 105 106 101 2
112 109 109 115 118 114 113 113 120 116 111 133 3
113 111 110 134 132 115 113 110 129 121 111 133 4
113 106 110 111 118 114 114 112 118 116 111 133 5
108 106 103 105 106 109 110 106 111 105 106 133 6
115 115 113 114 117 114 121 113 119 118 114 133 7
113 113 113 128 133 117 119 122 143 109 115 133 8
108 106 104 113 117 107 105 107 116 108 104 133 9
111 107 106 141 113 113 109 110 113 115 111 133 10
114 111 111 113 115 115 116 113 117 120 114 15000 11
Chip#1
120 116 109 107 111 113 108 108 114 105 115 108 0
115 117 112 290 662 116 112 134 809 123 124 109 1
105 102 100 760 946 110 97 165 1201 282 111 99 2
105 106 99 118 113 107 102 100 149 104 109 100 3
108 108 103 106 104 109 100 108 110 101 111 98 4
114 113 107 124 152 117 109 120 169 112 117 110 5
109 109 107 739 1459 112 100 283 1464 383 111 97 6
113 109 104 369 530 111 104 135 399 126 109 102 7
124 112 110 112 111 114 110 111 113 108 118 106 8
138 119 108 105 106 109 103 108 109 103 117 113 9
124 130 114 108 110 113 109 112 114 111 124 123 10
111 115 110 107 107 112 107 104 109 105 116 15000 11
Chip#2
115 111 108 109 115 116 108 108 113 107 112 116 0
115 105 105 108 117 112 105 106 116 103 105 109 1
111 105 113 289 339 119 109 175 390 133 113 115 2
109 106 106 280 294 114 107 123 360 144 103 111 3
115 108 108 109 115 113 108 108 121 107 109 113 4
110 110 103 109 111 116 108 108 114 102 105 107 5
123 113 115 163 191 121 114 113 199 115 112 117 6
109 105 105 377 539 113 109 154 392 169 104 106 7
110 107 112 146 156 114 110 110 224 112 107 111 8
108 99 100 104 107 113 103 102 106 100 99 101 9
119 111 109 115 116 121 112 110 115 106 107 121 10
112 109 105 100 111 109 107 102 110 107 102 15000 11
Chip#3
122 106 109 105 101 105 104 106 107 104 100 110 0
126 109 99 103 100 104 106 107 103 99 100 104 1
119 99 110 103 103 100 107 109 107 100 104 105 2
110 96 103 120 216 116 103 104 144 103 101 98 3
104 100 100 339 1083 303 97 157 770 382 101 93 4
107 97 98 128 300 112 101 105 263 150 101 103 5
109 134 104 104 100 103 101 109 110 100 103 104 6
109 134 105 110 114 110 106 115 116 114 104 107 7
113 101 106 296 691 147 103 116 567 462 104 100 8
108 98 104 214 830 207 101 124 725 326 102 102 9
120 106 107 108 109 103 108 114 114 107 106 104 10
127 134 102 102 100 95 98 98 99 99 93 15000 11
Chip#4
113 111 111 107 115 108 114 107 115 118 111 133 0
119 117 117 111 122 120 123 116 118 123 115 133 1
118 111 118 111 117 119 119 114 118 123 117 133 2
116 114 113 114 120 114 118 116 123 121 111 133 3
115 106 109 124 138 117 112 114 130 109 114 101 4
117 119 115 117 117 120 116 113 122 121 120 133 5
111 107 111 106 111 111 116 113 114 110 110 133 6
113 105 111 113 115 112 118 112 116 109 110 133 7
114 115 109 136 140 116 116 122 148 120 115 133 8
122 117 117 118 125 117 119 120 128 125 117 133 9
112 107 110 110 112 110 112 107 111 115 108 133 10
119 117 115 115 118 125 123 116 121 124 121 15000 11
Chip#1
123 113 112 112 108 113 106 112 114 107 121 109 0
115 115 108 303 718 116 110 134 891 123 121 102 1
117 110 108 851 1046 115 106 180 1320 310 114 108 2
113 110 107 129 123 110 104 114 159 112 114 109 3
114 116 112 109 110 116 109 111 113 108 116 110 4
113 114 114 126 157 117 107 121 178 114 120 109 5
109 107 105 808 1600 117 100 305 1588 415 109 101 6
116 112 109 399 587 114 105 145 430 134 112 107 7
117 111 111 103 108 115 106 114 112 107 116 104 8
132 120 104 98 100 107 98 106 107 102 111 113 9
127 133 116 112 105 116 115 117 114 114 126 123 10
118 115 113 109 108 114 104 112 113 113 125 15000 11
Chip#2
117 109 114 117 116 113 110 110 119 109 104 113 0
112 109 106 110 115 113 109 107 121 108 105 111 1
116 108 108 307 362 120 115 187 425 131 108 112 2
108 110 108 301 309 114 107 129 393 143 100 110 3
108 107 105 107 115 113 107 104 117 106 105 108 4
109 109 101 110 110 113 109 108 118 105 105 112 5
115 111 110 161 193 121 116 114 206 112 107 116 6
110 111 112 423 590 114 117 148 434 183 110 119 7
99 101 99 160 152 107 108 101 224 103 97 104 8
109 109 99 109 109 115 107 107 112 105 98 108 9
123 109 107 113 115 119 114 110 118 109 109 118 10
153 127 115 134 117 119 112 117 123 115 114 15000 11
Chip#3
119 134 102 106 102 98 106 106 104 98 105 115 0
120 112 103 102 98 101 103 106 102 102 101 105 1
108 94 96 95 92 95 98 96 97 90 91 91 2
108 96 98 115 207 112 98 101 138 104 96 95 3
108 98 104 336 1084 299 102 155 776 390 101 100 4
106 98 103 126 299 113 103 103 263 145 98 98 5
101 93 97 97 98 97 96 104 98 94 94 98 6
114 134 107 110 115 106 112 108 116 111 106 104 7
104 98 98 288 689 147 97 108 558 448 95 95 8
108 98 103 214 833 202 106 128 725 326 102 103 9
110 96 97 102 99 100 106 105 102 95 95 100 10
135 134 111 109 107 103 113 110 110 107 105 15000 11
Chip#4
111 103 105 106 111 111 112 110 111 112 108 133 0
114 113 111 115 115 116 119 113 116 120 114 133 1
111 111 106 106 109 110 112 113 113 114 109 133 2
110 110 108 114 121 114 114 114 118 117 108 133 3
112 111 108 136 141 111 113 116 130 109 113 133 4
116 114 111 115 121 117 118 120 123 120 112 133 5
108 110 114 109 115 113 110 116 116 116 110 133 6
119 119 114 116 120 116 120 118 122 120 114 133 7
112 106 106 135 137 110 113 120 148 116 106 133 8
111 106 105 114 122 114 116 112 119 108 106 133 9
110 107 109 110 108 111 113 106 112 115 110 133 10
119 115 108 113 117 119 119 113 117 118 116 15000 11
Chip#1
120 113 108 114 107 113 112 115 112 111 124 111 0
114 111 106 327 775 112 102 134 976 126 119 110 1
117 120 112 936 1160 118 113 189 1458 340 127 114 2
113 114 111 133 125 111 109 110 164 111 114 106 3
111 110 106 105 104 108 102 108 110 100 106 103 4
111 114 108 133 160 117 109 118 180 116 119 109 5
115 115 107 885 1759 120 102 332 1745 445 115 103 6
111 108 109 433 628 111 106 148 458 134 113 106 7
123 111 110 114 109 110 103 112 109 107 114 111 8
135 120 106 105 100 105 99 109 102 105 111 109 9
128 130 112 108 104 110 104 111 112 107 124 124 10
121 123 116 115 108 114 108 111 115 112 127 15000 11
Chip#2
123 113 115 134 117 121 115 116 122 113 112 122 0
116 110 105 114 117 114 111 111 119 103 107 110 1
111 106 103 325 390 117 112 191 451 130 105 115 2
110 103 107 318 330 109 105 135 418 147 97 109 3
115 113 109 115 120 117 111 114 125 108 107 113 4
109 106 106 111 111 119 107 107 113 100 100 111 5
104 103 100 159 197 114 108 110 205 103 98 111 6
113 111 112 437 635 121 110 148 454 189 112 115 7
113 111 113 156 171 121 118 118 240 118 108 119 8
116 112 109 114 118 121 112 116 122 112 109 122 9
120 111 105 111 116 115 110 111 116 106 107 113 10
122 108 109 110 117 115 114 110 121 109 109 15000 11
Chip#3
119 134 110 104 101 101 104 103 101 101 106 108 0
132 134 104 104 101 105 107 109 111 104 102 109 1
120 94 105 103 96 101 100 101 98 100 96 99 2
108 99 100 121 218 114 102 108 142 107 96 99 3
109 102 102 360 1169 313 104 158 835 407 98 103 4
102 96 100 129 312 115 104 109 278 155 96 99 5
110 100 102 105 99 100 104 104 105 102 99 103 6
102 94 94 103 97 91 97 96 102 107 95 92 7
106 102 102 312 741 163 104 116 605 491 102 98 8
103 96 99 227 890 210 103 119 773 351 99 102 9
117 134 105 106 107 103 106 105 106 101 102 108 10
127 106 97 101 97 98 100 103 104 100 97 15000 11
Chip#4
112 113 108 114 114 112 115 110 116 116 115 133 0
114 110 111 114 117 117 120 114 122 117 112 133 1
118 117 115 114 119 120 123 118 120 123 120 133 2
116 113 114 120 120 117 118 117 125 120 114 133 3
117 114 118 142 147 120 121 120 144 124 118 133 4
106 105 101 106 113 108 111 103 119 105 109 133 5
119 111 114 110 114 114 119 113 122 118 112 133 6
118 113 114 115 114 115 118 112 124 103 115 133 7
118 110 113 147 144 120 122 129 158 125 118 133 8
122 119 117 119 128 120 121 118 129 125 120 133 9
122 119 117 115 124 123 120 122 124 123 118 133 10
120 118 113 141 120 120 123 119 123 121 120 15000 11
Chip#1
132 121 115 116 118 121 114 116 123 120 129 122 0
117 109 108 350 860 117 110 139 1074 131 116 113 1
117 114 111 998 1284 116 108 188 1609 368 117 107 2
116 111 104 136 131 113 103 115 170 115 117 108 3
116 115 112 110 113 121 114 120 123 112 124 113 4
121 122 117 135 166 115 110 124 196 120 120 106 5
115 115 109 958 1963 124 108 360 1945 482 120 106 6
115 120 114 476 693 118 107 160 495 143 116 111 7
126 111 106 113 113 111 104 111 112 110 114 110 8
141 126 117 114 111 116 110 115 113 112 122 121 9
126 133 113 102 103 111 105 108 110 107 120 126 10
122 123 118 115 111 113 110 115 114 116 124 15000 11
Chip#2
119 107 110 111 118 119 107 111 119 108 109 116 0
119 107 115 116 124 124 112 117 126 118 111 119 1
106 107 106 339 410 119 108 192 480 131 101 107 2
119 107 121 339 354 122 117 147 444 166 115 121 3
115 112 105 115 117 119 108 111 121 109 111 116 4
116 113 113 116 117 120 111 111 117 113 110 115 5
117 113 113 175 211 124 112 122 224 120 113 121 6
113 113 112 451 665 120 117 151 487 194 114 116 7
113 108 109 162 171 119 115 118 239 116 109 115 8
117 112 114 161 123 120 115 113 113 114 110 116 9
119 113 109 109 114 119 112 108 113 110 108 121 10
124 113 119 121 121 124 115 114 124 120 115 15000 11
Chip#3
119 110 109 102 97 99 98 109 101 100 99 108 0
130 134 106 100 101 101 105 111 109 102 100 111 1
116 105 105 103 102 101 104 108 106 103 101 102 2
109 98 106 122 218 119 102 106 144 112 99 93 3
101 95 99 354 1160 314 97 153 825 406 92 93 4
102 95 99 124 312 115 97 99 272 153 95 100 5
109 99 104 104 102 102 101 111 104 100 102 100 6
114 134 107 109 113 105 107 112 115 114 106 107 7
103 101 103 312 740 163 104 114 607 492 100 99 8
113 103 107 231 893 219 110 130 777 351 106 109 9
112 99 102 103 102 98 103 103 100 101 96 100 10
123 110 100 99 94 97 101 103 96 100 95 15000 11
Chip#4
117 119 114 119 119 116 123 122 125 121 120 133 0
110 110 105 108 114 112 114 112 116 117 109 133 1
118 117 111 118 121 122 119 119 120 122 118 133 2
116 118 116 134 125 122 116 124 130 125 114 133 3
114 115 115 145 150 121 120 119 139 125 116 133 4
112 114 109 114 118 114 119 117 120 121 116 133 5
119 115 120 115 125 123 124 122 122 125 121 133 6
119 113 117 117 121 117 120 118 123 123 118 133 7
119 118 120 150 147 120 125 134 160 130 125 133 8
115 115 109 116 123 115 115 118 128 120 113 133 9
116 113 110 109 120 117 118 113 116 122 117 133 10
124 115 115 117 119 120 123 117 124 124 121 15000 11
Chip#1
124 119 110 111 114 116 108 118 118 117 118 113 0
118 120 118 380 930 115 109 150 1177 132 127 109 1
118 121 117 1086 1392 122 115 198 1749 390 125 111 2
114 114 107 136 132 114 111 114 177 118 116 108 3
115 115 115 117 114 120 116 118 122 110 126 115 4
121 122 121 137 177 121 117 128 223 124 126 119 5
120 119 119 1021 2096 129 112 384 2092 511 119 107 6
121 117 112 511 743 116 116 163 513 149 120 107 7
127 115 108 107 108 112 108 109 118 111 117 107 8
141 121 108 107 104 110 102 108 107 105 116 117 9
133 135 116 105 108 113 105 114 114 106 130 123 10
111 114 116 108 107 112 107 109 110 112 124 15000 11
Chip#2
116 113 109 134 115 116 111 110 113 105 107 121 0
115 109 113 134 123 117 110 108 123 108 109 117 1
113 111 112 370 456 120 114 205 514 139 109 117 2
116 111 113 361 363 119 110 205 471 167 112 117 3
111 108 110 116 123 117 112 114 124 107 110 116 4
113 108 107 117 118 116 115 112 116 106 110 116 5
113 108 110 175 213 120 114 116 224 113 113 118 6
117 108 119 483 713 120 118 158 522 197 116 122 7
109 105 107 154 198 115 107 105 244 108 107 111 8
122 105 116 153 120 124 119 119 121 114 114 122 9
118 105 114 115 114 120 108 106 114 112 108 120 10
125 105 115 116 122 116 115 113 121 115 112 15000 11
Chip#3
114 134 104 98 96 100 97 105 103 100 102 108 0
124 134 106 105 100 99 101 110 107 101 100 107 1
112 95 96 99 95 99 98 101 98 95 94 97 2
114 99 101 126 234 120 106 114 146 114 99 106 3
108 102 103 357 1160 318 103 159 831 404 96 100 4
110 106 105 135 322 120 112 116 280 159 104 103 5
107 95 100 101 100 101 104 104 104 103 96 103 6
114 134 104 111 109 106 112 114 120 115 109 107 7
107 100 103 312 740 163 104 117 606 486 104 105 8
112 100 102 234 897 218 108 126 780 349 100 104 9
110 100 99 102 101 99 102 109 104 106 98 99 10
123 134 98 101 97 99 97 106 104 98 96 15000 11
Chip#4
124 119 119 119 120 124 121 118 125 125 118 133 0
115 113 109 109 117 114 116 112 116 109 114 133 1
125 113 125 120 124 128 127 125 125 124 126 133 2
122 117 117 120 130 118 125 124 135 122 120 133 3
118 107 113 142 149 116 118 120 141 120 114 133 4
116 117 109 110 115 115 116 112 120 111 113 133 5
118 119 114 111 119 121 116 116 119 120 116 133 6
126 119 122 134 130 124 127 125 131 127 121 133 7
123 119 115 155 150 122 124 134 164 127 118 133 8
126 119 113 134 128 124 121 126 135 123 121 133 9
124 119 125 134 131 130 131 128 127 135 128 133 10
117 114 117 113 118 119 119 113 120 109 118 15000 11
Chip#1
128 113 115 110 117 116 110 111 118 112 126 114 0
117 110 114 405 989 118 110 148 1247 132 120 109 1
116 108 107 1160 1482 118 106 207 1855 404 118 107 2
116 115 113 148 141 119 109 115 190 123 127 114 3
114 115 112 110 115 119 109 117 119 108 118 110 4
117 118 111 137 177 120 113 128 223 120 125 112 5
113 116 114 1088 2262 125 110 402 2241 545 117 104 6
122 120 117 546 794 127 116 168 547 158 124 114 7
130 116 111 112 114 118 113 115 120 112 121 113 8
145 127 109 110 105 116 106 112 115 111 122 120 9
134 140 115 113 110 115 110 112 112 114 130 132 10
120 121 116 112 116 120 113 115 117 118 130 15000 11
Chip#2
113 105 107 134 109 116 110 110 111 103 103 113 0
117 109 115 116 122 121 114 113 123 110 109 118 1
113 108 109 390 477 116 114 213 540 141 108 115 2
118 108 117 390 394 124 122 147 505 176 114 122 3
118 108 116 134 124 123 117 116 134 116 115 123 4
115 107 108 134 113 117 109 113 113 107 107 113 5
119 107 113 184 224 128 116 120 235 121 114 123 6
110 111 110 512 753 115 111 153 545 204 111 115 7
110 112 112 161 236 117 108 112 260 110 109 113 8
122 112 115 116 118 123 118 114 123 115 112 119 9
153 127 117 134 123 129 114 120 124 114 115 128 10
125 118 113 134 121 122 112 116 117 115 115 15000 11
Chip#3
121 134 111 103 101 103 104 103 105 108 109 111 0
127 134 99 102 97 93 103 105 103 103 98 107 1
116 134 101 104 102 95 102 103 102 102 102 98 2
108 94 98 116 234 117 103 103 143 106 98 99 3
106 100 96 358 1165 321 98 155 829 406 99 98 4
107 98 97 129 312 110 100 101 274 156 99 98 5
106 93 102 98 95 96 98 104 99 98 99 99 6
112 102 100 108 110 103 104 110 111 115 102 103 7
109 93 98 307 737 163 98 114 601 484 100 95 8
109 103 102 227 888 213 104 124 773 348 96 99 9
110 102 102 102 99 100 100 103 106 102 96 104 10
130 134 99 101 95 99 104 105 106 102 95 15000 11
Chip#4
117 114 117 116 119 120 121 119 125 125 120 133 0
116 115 110 110 115 116 118 112 116 120 114 133 1
119 113 115 111 122 116 119 117 120 117 118 133 2
126 113 126 134 133 124 124 129 136 129 122 133 3
119 117 118 147 156 125 121 127 149 125 121 133 4
118 117 117 114 123 121 121 120 120 122 118 133 5
122 118 117 114 121 124 124 118 124 121 121 133 6
120 118 117 117 126 121 126 118 130 124 120 133 7
125 118 122 157 162 127 129 143 171 133 123 133 8
124 118 120 120 133 122 127 128 132 128 120 133 9
125 117 118 116 127 124 127 119 125 124 120 133 10
123 118 117 114 125 128 127 124 125 123 123 15000 11
Chip#1
129 120 111 114 115 115 110 109 116 111 120 113 0
121 121 118 415 1033 119 115 154 1299 141 124 114 1
122 121 117 1213 1546 124 116 213 1948 433 123 113 2
113 116 108 142 133 113 107 110 182 117 118 107 3
121 117 116 115 118 122 116 119 121 111 130 114 4
120 120 115 147 176 120 117 124 223 125 130 116 5
120 118 114 1139 2352 127 116 422 2332 573 120 110 6
123 121 117 562 816 123 117 169 574 157 126 115 7
132 120 113 114 116 121 117 117 121 112 125 115 8
151 130 112 110 114 118 112 112 115 109 122 126 9
129 139 118 107 105 113 108 109 110 108 126 127 10
117 118 114 107 108 117 108 111 112 114 125 15000 11
Chip#2
124 112 110 115 116 117 105 114 117 114 111 124 0
118 111 110 115 124 120 112 107 122 109 107 115 1
115 109 110 406 500 119 115 222 564 143 109 118 2
118 109 113 390 410 124 117 151 524 183 111 121 3
116 108 110 134 124 116 112 117 128 112 109 116 4
118 108 115 122 123 123 117 114 121 116 112 123 5
112 111 110 180 220 120 115 114 237 112 105 115 6
110 112 115 534 781 122 115 164 568 211 109 113 7
119 112 115 174 194 120 112 118 271 119 112 119 8
118 110 109 118 121 121 116 114 121 110 109 117 9
153 109 116 134 124 120 121 119 118 116 115 122 10
122 109 110 134 120 117 111 113 123 109 110 15000 11
Chip#3
113 105 100 102 92 92 97 99 100 98 100 102 0
131 134 112 108 110 106 111 115 112 108 106 112 1
127 103 107 113 108 105 112 104 109 107 106 107 2
112 101 103 124 234 120 106 114 143 112 101 100 3
101 97 100 359 1162 322 98 152 828 407 97 98 4
109 102 106 135 318 119 108 109 279 159 96 108 5
114 101 108 113 108 102 108 111 112 109 102 108 6
108 134 102 110 112 101 106 109 115 117 106 104 7
106 96 104 308 746 163 103 114 605 486 100 101 8
107 100 100 234 889 208 98 118 769 340 94 97 9
115 98 99 99 95 96 98 105 100 97 96 98 10
132 134 107 104 103 102 107 108 106 101 104 15000 11
Chip#4
124 118 124 119 128 130 129 129 126 130 123 133 0
120 118 122 120 127 129 130 122 120 125 122 133 1
118 114 109 111 117 116 123 117 119 123 117 133 2
122 119 122 134 138 125 128 131 137 128 125 133 3
120 119 122 156 162 127 127 129 151 128 127 133 4
116 118 111 120 124 122 121 116 120 120 116 133 5
122 118 120 117 124 122 125 123 125 122 122 133 6
122 118 119 134 124 123 124 119 128 123 122 133 7
119 118 114 160 162 124 126 141 172 133 123 133 8
125 118 122 138 137 128 127 130 141 125 122 133 9
125 118 120 120 126 124 127 119 124 124 123 133 10
127 118 121 124 126 129 129 122 130 130 128 15000 11
Chip#1
134 116 112 115 118 119 109 117 119 117 122 113 0
122 118 118 435 1105 121 116 155 1387 143 127 117 1
120 118 118 1287 1661 124 116 218 2079 445 126 115 2
114 112 108 144 138 117 107 112 192 120 118 107 3
117 114 112 113 114 119 109 110 120 115 119 108 4
115 115 112 141 182 121 117 127 223 120 123 114 5
121 120 121 1207 2507 129 115 444 2496 607 126 111 6
124 121 120 596 858 127 114 169 597 161 120 111 7
136 122 121 116 120 125 121 118 122 117 129 115 8
151 129 118 112 113 120 112 118 115 110 119 128 9
135 144 125 117 110 118 106 114 122 112 131 130 10
126 124 121 117 113 120 110 115 116 123 129 15000 11
Chip#2
120 109 113 134 117 120 114 113 116 109 109 121 0
122 109 119 134 131 124 121 119 134 120 118 126 1
111 109 109 419 523 120 117 225 596 146 103 115 2
113 113 112 413 423 119 114 152 546 177 109 116 3
115 113 115 117 124 119 112 111 126 108 108 118 4
112 113 110 115 122 121 114 108 121 109 108 118 5
119 127 119 199 239 126 122 122 250 119 117 123 6
117 118 117 566 832 122 117 169 603 222 115 121 7
119 127 119 179 197 126 121 125 282 125 115 123 8
153 128 121 134 128 134 123 124 127 120 125 124 9
125 118 115 123 118 127 117 117 122 115 113 124 10
153 127 119 134 122 124 117 113 123 115 112 15000 11
Chip#3
115 134 107 102 96 99 103 104 106 103 101 109 0
116 103 97 96 94 94 99 101 103 94 94 100 1
115 99 99 95 98 99 100 105 101 95 92 100 2
109 102 105 120 234 120 108 106 149 106 102 105 3
107 101 106 360 1171 325 102 159 836 415 104 108 4
102 98 100 129 312 116 96 103 275 156 94 99 5
109 106 104 107 100 101 104 109 107 102 101 106 6
101 100 102 105 112 101 102 106 107 109 96 102 7
103 98 104 310 730 147 101 116 604 487 102 103 8
106 101 100 222 892 210 102 127 776 346 97 102 9
112 95 104 99 99 99 101 96 101 99 92 100 10
123 134 98 95 104 98 100 102 103 100 104 15000 11
Chip#4
118 118 117 111 120 117 120 120 125 121 122 133 0
123 118 115 134 130 125 126 123 125 128 123 133 1
118 118 114 113 118 120 123 122 124 121 117 133 2
122 118 119 138 138 126 125 126 134 124 122 133 3
116 114 116 154 159 124 121 123 150 129 120 133 4
123 114 126 134 130 131 128 124 131 125 127 133 5
117 114 119 114 124 124 125 122 123 125 123 133 6
118 114 118 119 128 124 121 123 131 125 122 133 7
125 114 126 168 166 130 126 140 178 131 125 133 8
120 119 122 137 138 127 129 126 143 130 127 133 9
123 119 122 134 125 128 126 122 129 125 121 133 10
130 119 124 123 128 131 134 125 131 135 128 15000 11
Chip#1
130 115 112 115 112 112 106 112 122 115 121 111 0
117 112 114 462 1163 117 107 151 1465 139 113 110 1
116 119 113 1365 1750 126 115 224 2200 461 122 108 2
123 122 123 161 145 126 122 124 223 125 126 116 3
122 124 117 128 123 127 121 124 131 122 130 120 4
118 117 115 143 188 122 112 130 239 118 121 112 5
117 120 115 1269 2681 131 118 463 2631 629 124 109 6
127 130 126 633 917 131 121 186 643 169 127 115 7
134 116 112 114 118 119 110 115 124 111 117 106 8
153 125 115 112 103 115 111 110 115 108 115 121 9
144 142 122 112 115 118 113 115 123 115 133 135 10
129 133 129 120 117 128 118 128 124 127 142 15000 11
Chip#2
122 118 113 134 117 121 114 112 121 108 113 127 0
122 118 117 134 125 123 118 118 128 118 110 121 1
118 118 114 433 540 119 114 232 617 144 111 113 2
124 118 121 427 462 128 120 156 577 193 117 124 3
112 113 110 134 125 114 110 118 126 110 110 116 4
119 113 116 134 123 122 118 118 124 116 113 124 5
113 113 110 191 235 115 111 114 245 109 105 116 6
120 113 116 582 860 121 121 169 619 223 113 118 7
119 113 120 179 200 124 117 122 289 123 116 119 8
127 113 119 134 125 124 122 116 130 113 121 123 9
153 127 121 134 125 123 121 124 127 118 117 130 10
123 118 116 116 122 120 116 117 122 113 113 15000 11
Chip#3
115 109 106 101 100 100 102 106 105 99 102 112 0
126 134 107 105 102 101 100 107 107 98 102 107 1
113 96 99 97 98 98 103 105 102 98 96 100 2
110 134 102 126 234 121 107 110 150 111 102 104 3
108 102 105 360 1166 322 106 160 833 432 105 106 4
104 103 107 129 313 116 103 110 279 152 100 100 5
103 98 99 95 92 98 100 101 103 99 96 97 6
109 105 111 111 112 108 110 108 117 117 106 108 7
109 134 105 313 740 161 108 118 609 488 101 101 8
103 99 99 234 888 207 97 124 771 345 94 102 9
116 101 102 99 99 100 98 106 104 98 96 98 10
128 134 100 99 91 91 96 99 102 98 95 15000 11
Chip#4
122 119 119 116 122 124 127 116 123 128 121 133 0
123 119 116 134 125 127 130 117 127 124 124 133 1
120 115 119 117 125 127 129 118 124 123 129 133 2
129 119 122 137 140 127 130 125 140 128 124 133 3
124 119 117 155 167 129 129 130 156 128 126 133 4
120 119 120 134 121 121 124 116 122 122 122 133 5
122 118 120 119 124 129 126 124 128 129 125 133 6
126 118 128 134 127 128 133 125 131 129 129 133 7
123 118 119 162 162 130 127 138 175 131 126 133 8
125 118 125 140 140 129 130 129 144 131 123 133 9
124 118 122 116 122 124 127 118 120 127 126 133 10
133 118 122 119 127 131 127 126 134 128 126 15000 11
