20.0625
20.0625
20.0625
20.0625
20.0625
20
20
20.0625
20.0625
20.0625
20.0625
20.0625
20.0625
20.0625
20.0625
20.0625
20.0625
20.0625
20.0625
20.0625
20.0625
20.0625
20.0625
20.0625
20.0625
20.0625
20.0625
20.0625
20.0625
20.0625
20.0625
20.0625
20.0625
20.0625
20.0625
20.0625
20.0625
20.0625
20.0625
20.0625
20.0625
20.0625
20.0625
20.0625
20.0625
20.0625
20.0625
20.0625
20.0625
20.125
20.0625
20.0625
20.0625
20.0625
20.0625
20.125
20.0625
20.125
20.125
20.0625
20.0625
20.125
20.125
20.0625
20.125
20.125
20.125
20.125
20.125
20.125
20.125
20.125
20.125
20.125
20.125
20.125
20.125
20.125
20.125
20.125
20.125
20.125
20.125
20.125
20.125
20.125
20.125
20.125
20.125
20.125
20.1875
20.125
20.125
20.125
20.125
20.125
20.1875
20.1875
20.1875
20.1875
20.1875
20.1875
20.1875
20.1875
20.1875
20.1875
20.1875
21.5625
28.625
36.75
47.25
54.6875
61.75
68.4375
74.6875
82.5
87.1875
87.625
86.5
84.9375
82.6875
81.875
83
83.6875
82.0625
80.375
78.6875
77.1875
77.1875
78.6875
78.75
78
77.625
78.0625
78.5625
78.3125
78
79.4375
84.0625
90.8125
95.0625
95.25
93.875
91.5625
89.75
88.5
89.8125
90.3125
88.875
87.1875
85.375
84.0625
84.9375
85.9375
86.0625
85.9375
85.8125
85.5625
85.125
85
85.3125
84.5625
82.5625
81
79.375
77.8125
76.3125
74.3125
72.875
71.4375
70.0625
68.3125
67.0625
65.875
64.6875
63.5
62
60.9375
59.9375
58.9375
57.9375
56.6875
55.8125
55.1875
55.375
55.75
55.875
56
60.5
64.3125
64.5625
63.625
62.6875
61.6875
60.75
60.25
61.0625
61.375
61.1875
60.875
60.75
61.75
66.5625
68.75
68.375
67.5
66.0625
65
64.8125
65.5625
65.875
65.6875
65.5625
65.5
67
72.3125
78.25
84.0625
89.625
95.125
95
93.6875
92.125
89.875
89.25
90.4375
90.8125
89.0625
87.4375
85.75
84.1875
84.3125
86.125
86.375
85.375
84.375
85
86.25
86.3125
85.25
83.875
82.3125
80.3125
78.8125
77.3125
75.875
74.5
72.6875
71.375
70.0625
68.8125
67.25
66.0625
64.9375
63.9375
62.8125
61.8125
60.5
59.5625
58.6875
57.75
56.9375
55.75
55.3125
55.4375
55.8125
55.9375
56.9375
62.125
64.8125
64.75
64.0625
62.875
61.9375
61
60.3125
60.625
61.5
61.6875
61.5625
60.8125
61.0625
67.625
70.25
70.125
69.25
67.875
66.8125
65.6875
64.75
65.0625
65.8125
65.125
65.5
67.1875
74.5
80.5
86.3125
91.75
95
94.1875
92.75
91.1875
89.375
89.875
90.875
90.1875
88.6875
86.5
84.875
84.25
85.25
86.125
85.875
85.4375
85.1875
85.3125
85.5625
85.5625
85
83.75
82.25
80.8125
78.875
77.4375
76
74.6875
72.875
71.625
70.375
69.1875
68
66.5
65.4375
64.375
63.3125
62.3125
61.0625
60.125
59.25
58.375
57.5
56.4375
55.6875
55.25
55.5625
55.9375
55.9375
58.5
63.5625
65.0625
64.6875
63.6875
62.8125
61.875
61
60.375
61
61.4375
61.375
61.25
61.1875
64.75
68.375
68.625
67.875
66.9375
65.625
64.8125
65.125
65.875
65.875
65.5
65.625
65.375
68.375
74.125
82.125
87.875
93.3125
95.6875
95
93.1875
91.625
90
89.3125
90.5
89.75
88.3125
86.6875
84.6875
84.4375
85.4375
86.125
86.1875
86.1875
86.0625
86
85.9375
85.875
85.3125
84.0625
82.5625
80.625
79.1875
77.8125
76.375
75.0625
73.3125
72.0625
70.8125
69.625
68.5
67
65.9375
64.875
63.875
62.875
61.625
60.6875
59.8125
58.9375
58.125
57.0625
56.25
55.5625
55.375
55.8125
56
55.9375
59.125
64
65
64.4375
63.625
62.75
61.875
60.6875
60.3125
61
61.4375
61.4375
61.3125
61.375
65.4375
68.6875
68.75
67.6875
66.75
65.75
64.8125
64.9375
66
66
65.375
65.4375
67.0625
72.4375
78.5
84.375
91.875
95
94.6875
93.4375
91.375
89.875
89.3125
90.5
90.5625
88.8125
87.25
85.6875
84.375
84.5625
86
86.375
86.0625
84.875
84.4375
85.8125
86.375
85.9375
84.6875
82.8125
81.3125
79.875
78.5
77.125
75.3125
74
72.75
71.5625
70.3125
68.8125
67.6875
66.625
65.5625
64.5625
63.25
62.3125
61.375
60.5
59.375
58.5
57.6875
56.9375
56.1875
55.375
55.4375
55.8125
56
56.4375
61.1875
65.5
65.4375
64.8125
64
62.8125
61.9375
61.0625
60.4375
60.6875
61.3125
61.1875
60.9375
62
66.9375
69
68.4375
67.5625
66.625
65.625
64.8125
65.4375
66
65.875
65.5625
65.6875
68.875
74.6875
80.6875
86.5
93.625
95.125
94.3125
92.9375
91.4375
89.4375
89.5
90.6875
90.0625
88.6875
86.5625
85
84.3125
85.125
86.0625
86.1875
86.125
85.9375
85.8125
85.6875
85.375
84.8125
83.5625
82.1875
80.25
78.875
77.5
76.1875
74.4375
73.1875
71.9375
70.75
69.5625
68.125
67
66
64.9375
64
62.6875
61.8125
60.9375
60.0625
59.1875
58.125
57.375
56.625
55.875
55.375
55.625
55.9375
56
58.9375
63.75
64.75
64.1875
63.375
62.5625
61.75
60.5625
60.4375
61.0625
61.4375
61.375
61.125
61.0625
65
68.75
69.125
68.1875
67.25
66.3125
65.3125
64.875
65.6875
66
65.75
65.625
65.9375
70.375
78.375
84.3125
89.9375
94.6875
95.5
94.125
92.6875
91.125
89.5625
89.4375
90.375
89.3125
87.875
86.3125
84.375
84.5
85.6875
86.1875
85.875
85.3125
85.1875
85.375
85.625
85.5
84.625
83.3125
81.875
80.5
78.625
77.25
75.9375
74.6875
73
71.75
70.5625
69.4375
68.3125
66.9375
65.875
64.875
63.9375
63
61.75
60.875
60
59.1875
58.4375
57.375
56.625
55.9375
55.375
55.5
55.9375
56
57.125
62.25
64.8125
64.625
63.9375
63.125
62.3125
61.4375
60.3125
60.5625
61.4375
61.875
61.5625
60.5625
62.5
67.75
70.3125
70.1875
69.125
68.1875
67.1875
66.125
65.125
64.8125
65.625
65.125
65.375
68.8125
74.625
80.6875
86.5
92.125
95.3125
94.5
93.1875
91.6875
90.125
89.4375
90.4375
89.8125
88.4375
86.375
84.875
84.25
85.1875
86.125
86.125
85.9375
85.6875
85.4375
85.25
85.5
85.1875
84.0625
82.6875
81.25
79.4375
78.0625
76.6875
75.375
73.75
72.5
71.3125
70.1875
69.0625
67.625
66.5625
65.5625
64.5625
63.3125
62.375
61.5
60.6875
59.8125
59
57.9375
57.1875
56.4375
55.75
55.375
55.6875
56
56
59
64
65.375
64.875
64.125
63.3125
62.1875
61.3125
60.5
60.5
61.25
61.5625
61.5625
61.625
65.25
68.375
68.4375
67.625
66.6875
65.75
64.875
65.3125
66
66.0625
65.5625
65.375
65
64.1875
63.3125
62.125
61.1875
60.3125
59.5
58.625
57.5625
56.75
56
55.3125
54.3125
53.6875
53
52.3125
51.75
50.9375
50.3125
49.75
49.1875
48.6875
48.1875
47.5
47
46.5625
46.0625
45.6875
45.0625
44.6875
44.4375
44.5
44.875
49.3125
51.8125
52.0625
51.75
51.3125
50.5625
50
49.5
49.1875
49.3125
49.75
49.6875
49.5625
49.3125
48.875
48.1875
47.6875
47.1875
46.6875
46.1875
45.5625
45.0625
44.625
44.1875
43.8125
43.25
42.875
42.5
42.125
41.75
41.25
40.9375
40.625
40.3125
40
39.6875
39.3125
39.0625
38.75
38.4375
38.125
37.9375
37.6875
37.4375
37.1875
36.9375
36.6875
36.4375
36.25
36.0625
35.8125
35.625
35.4375
35.25
35.0625
34.875
34.6875
34.5
34.375
34.1875
34
33.875
33.75
33.625
33.5
33.3125
33.1875
33.0625
32.9375
32.8125
32.6875
32.5625
32.4375
32.375
32.25
32.1875
32
31.9375
31.875
31.75
31.6875
31.5625
31.5
31.4375
31.3125
31.25
31.1875
31.125
31
30.9375
30.9375
30.8125
30.75
30.6875
30.625
30.5625
30.5
30.4375
30.375
30.375
30.3125
30.25
30.1875
30.125
30.125
30.0625
30
29.9375
29.9375
29.875
29.8125
29.8125
29.75
29.6875
29.6875
29.625
29.5625
29.5625
29.5
29.5
29.4375
29.4375
29.375
29.375
29.3125
29.3125
29.25
29.25
29.1875
29.1875
29.125
29.125
29.125
29.0625
29.0625
29
29
29
28.9375
28.9375
28.9375
28.875
28.875
28.875
28.8125
28.8125
28.75
28.75
28.75
28.75
28.6875
28.6875
28.6875
28.625
28.625
28.625
28.5625
28.5625
28.5625
28.5625
28.5
28.5
28.5
28.5
28.4375
28.4375
28.4375
28.4375
28.375
28.375
28.375
28.375
28.3125
28.3125
28.3125
28.3125
28.3125
28.3125
28.25
28.25
28.25
28.25
28.1875
28.1875
28.1875
