Chipdp
84 2 82 2 16 6 4 10 6 11 6 10 7 11 7 4 7 6 8 6 7 7 8 7 4 4 6 5 6 4 7 5 7 4 1 6 2 6 1 7 2 7 4 10 9 11 9 10 10 11 10 4 7 9 8 9 7 10 8 10 4 4 9 5 9 4 10 5 10 4 1 9 2 9 1 10 2 10 4 10 3 11 3 10 4 11 4 4 7 3 8 3 7 4 8 4 4 4 3 5 3 4 4 5 4 4 1 3 2 3 1 4 2 4 4 10 0 11 0 10 1 11 1 4 7 0 8 0 7 1 8 1 4 4 0 5 0 4 1 5 1 4 1 0 2 0 1 1 2 1 4 10 6 11 6 10 7 11 7 4 7 6 8 6 7 7 8 7 4 4 6 5 6 4 7 5 7 4 1 6 2 6 1 7 2 7 4 10 9 11 9 10 10 11 10 4 7 9 8 9 7 10 8 10 4 4 9 5 9 4 10 5 10 4 1 9 2 9 1 10 2 10 4 10 3 11 3 10 4 11 4 4 7 3 8 3 7 4 8 4 4 4 3 5 3 4 4 5 4 4 1 3 2 3 1 4 2 4 4 10 0 11 0 10 1 11 1 4 7 0 8 0 7 1 8 1 4 4 0 5 0 4 1 5 1 4 1 0 2 0 1 1 2 1 
Chip#1
104 104 110 110 112 108 114 115 104 99 105 102 0
119 113 110 135 141 120 231 228 119 118 116 102 1
132 108 110 133 171 121 231 220 119 119 131 101 2
109 101 107 108 108 111 128 126 106 102 101 96 3
134 112 119 133 134 128 335 333 127 113 131 102 4
132 106 115 127 130 127 332 330 123 114 131 102 5
132 101 109 107 101 102 120 117 106 113 131 97 6
144 121 112 112 115 109 117 109 126 286 254 113 7
139 117 111 117 117 112 115 115 122 286 270 112 8
108 100 108 102 99 105 106 102 104 142 131 98 9
141 121 112 109 108 108 110 109 131 272 228 109 10
139 116 115 110 115 113 117 114 131 268 235 15000 11
Chip#2
112 102 104 104 105 103 106 102 99 108 106 105 0
112 104 103 100 108 104 152 162 99 104 102 99 1
112 108 103 109 106 108 238 224 99 109 109 108 2
128 102 101 100 101 102 116 108 99 109 99 104 3
112 111 107 108 113 111 322 337 99 113 112 108 4
128 112 103 107 113 108 366 367 100 105 105 102 5
112 108 107 109 113 113 111 110 99 117 110 109 6
128 108 109 109 109 102 109 106 100 352 295 108 7
128 107 106 103 109 103 105 102 99 254 224 105 8
112 108 108 109 106 110 111 109 99 145 128 110 9
112 113 101 98 103 104 102 101 102 438 319 104 10
112 107 103 105 104 104 102 100 102 227 179 15000 11
Chip#1
105 106 107 107 112 111 115 114 107 104 101 100 0
132 114 117 138 140 123 231 233 116 118 131 106 1
104 107 108 127 134 117 220 213 109 108 112 96 2
105 95 107 107 111 102 124 124 103 105 131 97 3
117 112 120 130 133 129 332 327 123 110 131 105 4
115 113 117 124 131 128 330 331 126 113 131 103 5
112 113 111 110 113 112 127 120 108 122 131 103 6
137 121 110 113 111 108 110 111 122 286 256 108 7
139 119 115 107 109 109 116 108 121 286 269 114 8
102 99 106 101 100 100 99 97 97 138 131 94 9
138 122 114 108 113 106 111 106 133 286 230 101 10
132 114 106 106 106 104 110 104 127 264 232 15000 11
Chip#2
112 102 100 100 101 97 101 97 102 101 99 102 0
84 107 104 104 101 100 147 148 102 105 97 103 1
128 107 102 104 108 104 236 225 102 102 100 104 2
112 108 107 103 103 104 120 114 102 105 102 107 3
112 105 103 98 104 103 311 330 102 107 102 104 4
112 105 103 97 105 105 364 366 102 100 99 104 5
128 103 110 102 108 106 110 112 102 108 109 109 6
112 111 107 107 103 104 106 107 102 348 297 104 7
112 105 104 99 106 102 105 101 102 254 210 108 8
128 111 109 105 106 105 105 102 102 140 121 108 9
112 105 101 98 99 98 101 100 102 441 321 100 10
112 110 107 105 106 102 103 107 102 229 184 15000 11
Chip#1
132 107 110 108 108 105 111 112 104 105 131 101 0
134 115 121 140 140 123 232 230 121 122 131 106 1
102 106 108 125 128 116 215 213 113 113 131 96 2
103 101 109 110 111 108 128 126 103 110 131 100 3
110 108 108 128 125 120 329 325 119 109 107 100 4
113 105 110 124 131 127 332 331 122 118 131 103 5
132 101 112 107 106 106 124 116 110 121 131 105 6
143 123 114 112 114 106 110 112 120 286 258 113 7
132 117 107 109 106 105 109 107 120 286 263 113 8
100 99 105 100 95 94 101 94 101 140 131 99 9
138 122 117 106 108 105 107 110 133 286 228 107 10
137 117 115 108 112 107 112 108 132 271 239 15000 11
Chip#2
128 102 101 100 99 102 97 98 102 98 94 105 0
112 101 98 97 100 97 147 146 102 100 94 103 1
112 107 106 107 106 106 238 223 102 108 102 104 2
128 109 112 104 110 110 125 118 102 112 102 112 3
112 104 102 104 104 104 313 330 102 106 99 104 4
112 107 107 105 110 109 362 366 102 107 108 105 5
128 102 103 102 109 100 101 102 102 111 105 105 6
112 107 104 105 106 99 106 104 102 348 298 107 7
112 108 106 108 110 102 110 99 102 253 212 108 8
112 110 110 108 108 110 110 104 102 144 127 113 9
85 104 104 100 100 100 103 101 97 440 313 104 10
128 108 106 104 103 103 104 101 97 224 181 15000 11
Chip#1
99 98 108 103 107 105 112 111 101 103 101 100 0
110 109 111 130 133 116 231 219 112 110 131 96 1
108 105 111 125 131 113 216 217 112 114 131 98 2
105 100 105 110 112 104 128 126 101 102 105 100 3
105 99 106 125 124 114 325 315 115 103 97 94 4
132 109 116 121 128 127 329 332 122 114 131 103 5
110 106 110 109 113 107 125 119 106 115 131 105 6
145 124 112 111 112 107 111 109 123 276 256 111 7
138 120 114 112 115 111 114 109 128 286 270 117 8
105 105 106 107 101 100 102 101 108 142 147 99 9
140 125 116 113 114 112 114 109 136 281 233 108 10
132 116 112 109 111 106 110 107 128 267 239 15000 11
Chip#2
112 106 103 99 103 100 102 100 97 108 103 104 0
112 107 107 109 108 105 157 162 97 111 109 109 1
112 108 109 102 108 109 235 222 97 107 104 107 2
112 99 102 97 101 99 112 107 97 104 102 102 3
81 102 95 95 95 100 307 326 97 98 99 98 4
112 105 100 99 101 103 358 356 97 102 100 100 5
128 109 107 102 101 109 110 108 97 115 106 105 6
112 113 108 105 105 108 110 108 97 355 308 110 7
112 103 101 98 105 100 105 98 97 256 216 107 8
80 101 100 97 95 102 103 101 97 137 115 99 9
112 106 98 100 95 97 103 100 100 438 317 103 10
112 113 109 110 110 108 103 104 97 232 190 15000 11
