Chip#1
109 110 111 106 99 112 116 113 102 102 108 109 0
113 105 107 111 105 112 103 113 104 106 110 105 1
108 103 103 107 97 108 103 110 101 103 106 104 2
110 104 104 111 103 110 106 110 102 102 109 102 3
104 98 104 103 98 106 106 108 101 106 102 106 4
106 101 103 103 103 101 105 106 105 102 104 106 5
110 103 104 108 98 112 106 110 100 105 107 104 6
107 101 108 108 102 110 106 109 104 100 105 106 7
104 98 99 102 101 103 101 110 100 98 101 101 8
102 99 99 100 98 106 96 106 94 98 102 98 9
103 100 103 102 98 106 100 106 96 98 99 100 10
104 105 102 102 99 106 105 108 98 101 102 15000 11
Chip#2
105 108 99 102 106 105 107 109 106 100 109 101 0
107 106 99 99 105 102 105 105 102 97 105 103 1
104 105 96 94 100 97 95 105 102 92 103 102 2
102 102 95 101 105 100 101 104 105 101 106 103 3
105 107 96 96 98 101 102 104 105 97 104 97 4
101 103 93 93 97 101 100 102 101 96 102 98 5
104 105 97 97 104 101 106 109 104 100 107 100 6
107 109 100 101 102 104 104 106 103 103 107 102 7
101 106 95 94 98 101 98 101 104 95 102 100 8
107 109 96 100 106 105 106 108 108 98 108 100 9
104 110 96 99 106 105 106 109 109 97 106 98 10
104 105 97 99 105 102 101 109 105 96 107 15000 11
Chip#3
109 111 112 98 110 112 102 105 101 106 113 105 0
103 105 106 96 104 104 97 100 93 100 102 99 1
111 108 108 99 107 106 101 97 98 103 112 105 2
109 112 114 102 107 114 106 103 104 106 115 106 3
103 104 107 95 102 105 101 97 96 98 108 99 4
110 109 106 101 112 114 108 103 107 106 113 107 5
111 108 112 99 114 110 108 109 102 106 115 109 6
104 108 109 95 110 108 101 102 99 102 110 105 7
106 109 108 95 108 105 103 102 98 104 107 103 8
100 107 105 96 102 109 101 100 96 98 112 99 9
106 108 103 96 107 108 97 100 97 100 109 100 10
106 109 109 102 109 109 103 101 98 105 108 15000 11
Chip#4
104 99 104 99 110 119 109 106 107 109 110 106 0
107 104 102 102 106 114 103 102 104 104 105 104 1
107 101 105 102 106 109 110 106 109 108 112 109 2
106 106 105 105 111 122 109 111 108 108 112 115 3
99 98 101 96 104 110 100 99 102 102 103 101 4
99 90 95 94 101 105 93 101 93 93 101 103 5
110 99 100 104 105 118 106 107 105 103 109 106 6
103 97 96 96 101 112 103 101 103 101 102 98 7
107 106 107 105 104 119 107 111 110 110 114 113 8
102 99 94 95 101 109 105 106 105 104 109 107 9
102 97 100 99 101 108 102 107 101 99 105 101 10
102 100 99 99 103 108 97 100 99 99 106 15000 11
Chip#1
98 100 108 100 97 104 99 106 97 99 105 102 0
109 99 102 100 98 102 101 105 99 102 101 102 1
105 100 103 103 97 105 102 112 97 99 101 100 2
105 106 104 107 102 106 101 108 101 105 101 101 3
107 96 100 104 102 104 105 110 102 99 100 100 4
104 103 103 104 97 106 103 105 101 97 100 104 5
101 101 102 102 97 108 99 104 100 99 102 102 6
108 100 103 98 94 105 97 105 96 99 104 101 7
98 98 102 107 94 102 101 105 101 99 104 100 8
99 95 93 95 93 99 98 101 93 93 92 95 9
99 100 102 102 98 106 101 110 98 98 101 101 10
97 95 98 95 90 98 97 102 96 93 99 15000 11
Chip#2
105 105 96 101 105 104 105 105 105 103 105 102 0
100 102 91 97 100 101 101 102 98 93 100 92 1
104 109 99 100 106 104 106 106 105 101 106 102 2
108 106 101 98 104 102 109 107 106 103 107 98 3
104 105 95 97 102 101 105 102 102 97 107 97 4
98 100 92 93 94 97 101 98 99 93 98 90 5
102 101 91 96 99 102 100 104 101 95 102 93 6
97 106 95 97 102 101 104 102 98 100 105 98 7
104 107 93 100 102 104 105 106 103 97 106 100 8
105 107 100 103 101 102 105 104 103 101 103 100 9
97 99 88 95 99 94 98 101 98 93 102 94 10
107 107 99 101 104 104 105 106 105 100 103 15000 11
Chip#3
104 107 99 98 106 102 101 102 98 99 107 100 0
106 108 102 98 106 105 100 99 97 98 107 100 1
106 109 104 99 104 105 101 105 96 102 110 103 2
100 103 103 94 103 99 101 100 93 98 103 103 3
105 108 104 99 106 107 101 100 98 104 105 96 4
100 103 100 96 104 100 97 97 94 98 103 97 5
112 112 108 102 108 111 111 106 104 106 114 107 6
99 103 103 92 100 103 97 104 97 99 108 94 7
107 105 101 94 104 106 101 101 100 105 107 104 8
108 109 105 102 111 109 107 104 102 103 109 105 9
107 108 108 96 106 103 101 102 100 103 105 104 10
105 104 106 101 107 104 106 102 99 99 109 15000 11
Chip#4
104 100 101 102 101 113 105 100 107 98 109 104 0
103 101 102 102 105 113 102 101 108 102 108 104 1
102 99 101 99 98 109 100 100 105 103 109 106 2
108 106 101 110 109 116 109 110 110 111 109 108 3
102 106 104 104 102 113 103 105 103 102 109 107 4
106 100 101 109 105 113 101 106 107 104 110 108 5
96 99 98 94 97 103 100 100 96 96 102 96 6
114 111 111 106 105 118 112 113 114 108 114 111 7
101 99 101 102 97 110 102 103 101 102 105 104 8
111 104 107 106 105 117 106 107 109 107 114 109 9
98 93 92 92 95 103 94 100 97 96 97 95 10
99 98 94 96 98 109 99 99 99 97 101 15000 11
Chip#1
106 101 102 103 99 102 99 105 100 97 104 100 0
113 109 111 115 106 119 100 118 107 108 111 111 1
105 95 100 102 97 104 101 108 100 100 102 100 2
107 101 109 108 105 112 106 112 109 102 106 100 3
109 108 113 116 123 108 106 118 111 107 106 107 4
110 105 107 107 101 110 106 112 104 106 111 108 5
102 100 106 103 94 101 103 108 98 98 102 102 6
103 101 106 107 102 108 103 109 102 98 108 99 7
103 96 100 107 97 100 98 106 104 97 101 100 8
107 103 108 112 106 111 98 117 107 108 114 108 9
109 104 108 114 103 111 98 114 105 108 110 101 10
106 100 103 104 96 104 98 106 95 99 99 15000 11
Chip#2
104 106 95 97 106 108 109 109 105 103 108 101 0
102 99 91 92 98 104 102 106 101 97 103 96 1
105 106 95 98 103 102 105 109 106 104 106 98 2
104 105 100 98 101 109 105 106 108 108 107 103 3
101 105 92 98 100 102 102 102 105 100 104 98 4
104 103 96 98 103 109 104 106 106 105 109 100 5
107 102 93 95 102 105 102 104 102 100 103 97 6
107 110 97 103 105 110 108 111 106 106 112 105 7
104 103 99 99 104 98 102 107 103 103 102 98 8
107 103 92 95 103 105 102 108 105 101 105 96 9
101 107 95 94 103 104 106 108 103 103 103 100 10
110 106 96 97 101 106 101 102 101 104 106 15000 11
Chip#3
113 112 111 107 113 114 105 108 105 110 112 111 0
106 109 106 102 107 105 107 106 102 105 113 106 1
105 107 108 102 107 108 107 103 100 106 109 105 2
105 108 101 96 103 103 102 99 93 98 104 103 3
104 108 109 98 107 106 101 105 100 108 108 107 4
109 108 109 102 111 110 108 107 104 106 113 107 5
106 105 106 99 106 108 105 104 98 99 104 104 6
109 108 109 104 107 113 105 106 102 105 112 108 7
107 110 106 99 108 105 102 101 102 107 108 106 8
105 103 107 98 102 108 103 101 99 100 105 104 9
105 107 105 98 107 109 101 100 100 104 108 98 10
107 110 105 103 108 105 107 105 103 105 109 15000 11
Chip#4
99 104 104 106 102 112 104 105 104 103 105 103 0
115 112 113 115 113 119 116 112 114 112 124 114 1
107 104 105 106 105 113 106 110 104 102 110 106 2
103 101 99 102 101 109 104 103 101 102 109 102 3
107 111 105 105 105 114 106 111 108 101 106 107 4
98 98 93 102 101 105 98 99 97 93 102 97 5
101 94 102 96 102 110 103 100 99 98 102 101 6
107 107 105 108 108 121 107 106 108 109 109 108 7
107 106 104 105 101 108 109 113 110 107 108 107 8
95 100 100 104 107 108 103 106 99 101 107 104 9
104 102 105 106 106 113 102 113 110 108 109 109 10
109 105 106 109 106 112 103 112 105 108 112 15000 11
Chip#1
108 109 112 115 108 113 98 114 106 101 109 109 0
113 108 113 111 106 111 106 112 106 110 109 107 1
109 108 115 112 105 114 106 116 107 108 110 110 2
103 109 107 111 107 107 103 109 107 98 101 101 3
110 105 108 118 123 106 106 113 113 107 106 141 4
109 108 111 114 103 112 106 114 107 110 110 109 5
107 105 108 104 105 106 102 110 100 104 108 101 6
109 104 113 112 107 112 102 110 104 106 108 107 7
105 103 105 119 107 104 103 117 105 107 105 105 8
101 105 111 115 105 108 103 106 109 106 104 101 9
110 100 109 110 105 110 106 115 107 103 108 104 10
101 100 104 104 101 107 106 108 100 102 100 15000 11
Chip#2
113 103 101 99 105 109 109 109 106 103 109 103 0
110 107 103 97 104 110 111 109 109 107 113 102 1
108 114 97 99 108 105 107 109 111 104 112 101 2
100 102 99 95 102 101 99 105 103 101 107 100 3
111 110 100 94 103 106 108 105 106 103 109 103 4
102 102 96 96 99 101 101 100 101 99 105 98 5
107 105 99 94 105 102 106 106 106 103 106 97 6
100 107 96 98 105 102 105 104 103 104 107 98 7
107 106 100 100 106 104 105 106 109 107 112 103 8
100 105 99 101 101 101 102 105 105 100 104 101 9
107 105 97 97 101 105 102 104 105 99 106 98 10
108 112 103 102 108 108 108 111 109 103 109 15000 11
Chip#3
109 113 108 101 113 105 103 104 100 103 109 106 0
110 114 107 101 108 111 106 101 103 105 112 107 1
105 105 108 99 112 109 106 105 103 103 109 107 2
113 110 108 106 116 111 106 108 103 107 113 106 3
113 113 110 108 118 111 110 106 104 107 113 108 4
109 109 106 101 112 110 111 108 103 105 110 108 5
107 113 111 102 111 111 108 109 102 107 110 108 6
117 118 117 106 120 117 113 112 111 113 117 114 7
111 113 105 107 112 110 108 106 107 105 113 111 8
113 118 111 109 117 115 107 106 111 109 117 113 9
106 109 102 97 108 105 102 104 103 104 109 106 10
111 109 107 103 109 111 105 106 104 105 112 15000 11
Chip#4
103 100 102 99 99 108 102 105 99 103 107 104 0
108 109 109 111 110 112 106 111 108 109 112 109 1
115 113 115 110 113 121 114 113 115 110 116 114 2
104 104 106 102 103 109 102 105 105 103 109 106 3
110 107 108 102 108 116 105 109 108 107 108 111 4
103 98 100 99 104 109 102 105 98 103 109 106 5
111 109 113 109 111 119 112 116 110 109 114 114 6
108 106 109 111 105 114 105 112 116 106 109 108 7
110 104 106 103 109 113 102 107 105 107 111 103 8
103 105 106 103 103 110 102 109 105 107 108 107 9
107 104 107 109 107 113 105 110 112 104 107 109 10
108 106 106 110 109 116 105 108 104 103 113 15000 11
Chip#1
104 108 108 111 105 112 106 117 109 103 111 106 0
107 109 107 112 105 112 106 114 109 108 106 105 1
113 109 113 107 105 116 106 117 109 111 111 109 2
118 111 119 124 123 119 106 123 109 116 119 113 3
111 106 109 123 112 110 106 114 109 114 109 104 4
110 108 115 111 108 112 106 119 109 116 114 107 5
111 108 112 111 106 112 106 117 109 111 110 109 6
111 109 113 114 110 114 106 119 110 110 113 111 7
113 109 116 126 112 110 105 112 110 113 110 110 8
109 105 109 122 108 112 105 118 110 113 105 104 9
108 110 108 106 102 108 105 117 106 107 109 105 10
110 110 113 114 106 110 106 113 102 106 108 15000 11
Chip#2
107 110 101 98 110 104 105 107 113 105 109 101 0
108 106 105 103 111 109 109 110 106 104 114 103 1
108 106 97 101 109 104 109 106 106 104 108 98 2
114 112 109 106 112 110 115 113 113 112 115 106 3
108 107 104 101 104 101 104 109 106 107 108 100 4
105 110 101 98 106 109 106 107 105 104 109 103 5
110 112 103 100 112 109 113 112 110 107 111 102 6
108 113 101 105 112 110 112 115 112 111 107 102 7
107 109 103 107 113 106 109 112 110 108 112 105 8
115 114 107 107 112 112 113 116 115 106 115 105 9
110 112 104 102 108 109 105 110 110 105 112 105 10
111 110 103 99 113 109 109 109 110 102 109 15000 11
Chip#3
112 116 115 113 116 111 110 111 110 110 112 110 0
112 113 109 108 116 108 110 108 107 110 110 108 1
112 119 113 108 119 115 114 112 110 109 113 112 2
117 119 112 110 119 113 114 112 112 110 120 116 3
105 109 106 101 111 110 111 107 102 104 105 106 4
109 118 114 109 114 114 114 114 110 114 112 114 5
107 112 114 103 111 111 112 108 102 105 109 108 6
112 119 113 106 121 114 110 111 112 113 115 114 7
110 113 111 104 106 110 107 108 104 108 115 107 8
109 117 111 112 117 114 111 108 112 105 115 110 9
110 112 108 103 109 109 102 105 105 105 105 104 10
114 116 108 110 115 115 113 111 107 107 112 15000 11
Chip#4
112 111 111 109 110 114 110 111 114 113 117 108 0
113 109 112 108 110 116 107 114 109 110 118 111 1
110 104 107 106 108 118 105 111 110 109 113 113 2
109 106 109 110 109 115 105 111 110 110 114 108 3
107 105 100 98 106 110 101 105 104 103 108 103 4
108 106 101 108 107 114 106 109 108 108 112 109 5
108 106 105 108 109 118 110 111 112 111 112 114 6
111 109 107 105 109 121 107 112 113 109 116 109 7
113 108 106 108 115 119 109 111 110 110 116 108 8
103 99 101 103 105 113 101 107 105 103 109 103 9
114 102 107 105 104 114 103 111 107 107 109 106 10
111 111 108 109 112 119 111 115 114 109 118 15000 11
Chip#1
109 108 106 110 106 110 106 112 106 105 110 109 0
114 106 113 110 102 106 105 113 102 108 108 106 1
111 113 116 116 112 119 105 119 102 115 118 111 2
113 113 113 123 111 112 105 118 102 115 113 113 3
107 105 108 123 105 105 106 118 102 102 105 104 4
114 108 108 110 103 107 106 112 111 108 107 110 5
119 115 113 116 123 119 106 117 114 115 107 111 6
117 113 113 116 123 122 106 119 113 108 111 115 7
116 111 116 131 123 114 106 119 113 116 113 111 8
114 104 111 122 110 113 106 115 113 111 108 102 9
113 111 116 115 111 118 106 119 110 111 111 110 10
113 111 112 118 123 116 132 121 113 111 110 15000 11
Chip#2
111 112 103 102 108 110 115 113 110 111 119 106 0
110 110 100 101 104 104 109 109 111 104 108 103 1
114 113 99 103 109 106 112 109 106 111 109 106 2
113 113 104 107 114 108 115 113 113 112 116 106 3
118 121 111 107 114 117 118 117 120 118 119 109 4
107 109 101 99 101 106 106 106 106 105 106 103 5
110 106 103 98 105 109 107 108 104 104 108 104 6
111 116 105 107 109 116 116 118 113 111 115 105 7
113 116 103 107 112 110 113 115 113 108 115 108 8
104 109 97 98 108 106 104 109 108 103 108 100 9
110 116 105 103 109 109 112 112 112 111 110 102 10
112 110 103 102 106 108 111 108 106 109 109 15000 11
Chip#3
108 112 110 108 117 117 110 107 105 110 115 112 0
112 122 115 110 119 114 119 114 111 113 120 114 1
118 123 115 108 117 116 114 114 112 115 119 115 2
117 114 113 106 117 111 113 112 110 113 117 110 3
110 111 109 104 113 109 108 109 106 110 112 112 4
116 113 113 110 116 113 116 109 106 108 115 116 5
105 107 103 99 109 107 108 106 102 104 109 107 6
113 119 116 113 117 119 114 113 113 114 119 114 7
109 107 107 101 111 110 108 103 105 105 112 108 8
115 116 115 107 149 110 112 112 108 111 116 114 9
108 111 109 107 114 111 111 110 106 108 115 111 10
116 123 120 113 121 117 119 114 110 116 122 15000 11
Chip#4
113 107 108 112 113 117 110 113 116 111 117 113 0
109 106 106 108 108 114 109 111 107 107 113 110 1
119 111 109 115 109 117 111 114 112 110 116 111 2
113 113 109 116 112 118 109 117 113 110 122 116 3
115 112 112 111 112 119 111 114 115 113 118 111 4
113 108 116 115 110 119 107 119 114 114 119 111 5
111 114 115 112 108 117 109 117 112 113 113 111 6
118 111 115 115 113 122 113 117 116 114 122 115 7
115 109 112 113 116 127 114 117 114 115 118 111 8
108 100 105 108 108 110 105 112 105 108 110 107 9
119 113 111 117 112 119 115 119 115 113 119 116 10
119 112 112 112 113 120 113 109 116 115 121 15000 11
Chip#1
107 111 113 111 106 112 106 112 110 112 113 108 0
112 109 113 115 110 114 106 115 112 113 114 109 1
115 114 116 115 106 112 106 119 114 112 115 110 2
110 111 108 122 123 111 132 114 114 108 113 104 3
114 110 116 135 117 116 106 123 114 115 111 110 4
121 119 125 126 127 125 132 126 114 125 127 120 5
110 106 106 108 106 111 106 110 106 107 109 105 6
118 113 113 119 110 116 106 121 106 115 116 111 7
116 108 115 138 123 114 106 122 106 116 114 106 8
118 110 119 136 128 116 106 122 137 113 114 110 9
124 117 121 123 123 120 132 123 125 119 118 111 10
119 114 120 118 112 116 106 118 114 116 116 15000 11
Chip#2
117 119 109 110 116 116 119 117 118 114 120 113 0
114 112 104 105 113 112 116 116 112 111 112 112 1
115 117 112 105 113 115 116 117 112 115 116 108 2
115 120 115 112 114 119 115 124 116 115 118 115 3
108 113 107 106 112 112 115 115 113 107 109 108 4
117 119 108 111 116 116 119 112 115 111 119 110 5
111 112 103 105 110 110 109 113 105 109 112 106 6
114 120 107 108 113 119 113 120 113 112 118 109 7
111 114 105 108 112 112 115 116 115 111 115 106 8
111 117 108 105 112 110 116 115 118 109 115 105 9
108 119 107 103 114 113 111 111 112 107 110 103 10
117 119 109 105 113 115 116 115 118 111 112 15000 11
Chip#3
124 126 117 119 121 124 116 116 116 124 119 118 0
119 119 118 114 119 115 114 116 114 115 120 118 1
113 119 117 113 119 115 116 114 112 114 118 115 2
116 125 120 117 119 120 116 118 112 115 123 116 3
114 114 116 112 114 114 108 111 107 110 115 113 4
113 113 111 107 112 109 108 107 105 108 112 113 5
119 125 122 113 117 119 118 117 110 120 125 119 6
117 123 121 110 117 119 119 119 114 119 124 116 7
107 112 110 107 109 113 106 107 105 108 110 110 8
119 117 119 114 119 119 117 117 110 115 118 118 9
117 122 117 110 119 117 116 111 111 111 119 115 10
118 122 116 110 117 117 117 113 112 118 120 15000 11
Chip#4
114 111 111 113 118 121 114 119 114 118 121 114 0
104 100 105 102 102 109 102 106 109 108 108 107 1
116 106 114 111 110 121 111 122 119 117 116 115 2
109 105 106 105 106 111 107 113 113 111 114 115 3
115 114 111 109 115 116 112 120 120 116 118 110 4
105 108 107 106 106 110 106 111 110 110 109 111 5
114 114 113 109 109 117 105 117 116 114 118 111 6
116 114 118 115 114 125 113 122 120 120 120 120 7
118 114 112 113 113 117 115 119 115 116 119 114 8
113 108 108 115 108 118 111 116 112 113 114 106 9
120 115 114 111 110 118 113 117 116 121 115 116 10
119 116 114 120 113 119 118 123 120 119 121 15000 11
Chip#1
121 122 124 122 123 124 132 122 113 121 122 121 0
120 117 121 127 123 120 132 127 113 122 123 119 1
113 114 116 116 112 114 106 119 110 117 116 118 2
119 118 119 128 123 121 132 121 134 116 118 115 3
111 111 115 139 123 120 106 125 141 116 111 110 4
118 111 120 118 123 120 106 119 113 119 120 115 5
119 120 126 127 126 127 106 126 113 122 120 119 6
121 117 122 120 120 124 106 121 114 118 116 118 7
121 135 126 158 136 121 132 131 147 127 124 121 8
120 135 121 143 134 121 132 127 138 119 120 118 9
114 111 119 116 123 115 106 118 113 116 114 109 10
122 135 117 124 126 121 132 122 113 121 118 15000 11
Chip#2
112 114 107 105 108 115 118 115 109 112 116 106 0
114 113 108 107 110 114 112 115 109 115 116 108 1
112 116 101 110 112 109 111 113 116 109 116 112 2
118 116 109 109 114 111 119 116 119 115 119 112 3
120 124 112 111 120 121 120 120 119 118 122 116 4
124 120 109 111 113 119 120 120 119 116 119 110 5
114 121 109 108 116 116 118 124 119 115 118 110 6
117 116 108 108 113 110 118 119 116 118 119 106 7
118 123 108 110 114 117 115 117 122 116 119 112 8
118 126 107 110 118 117 119 124 123 115 123 114 9
114 116 104 107 114 112 113 111 115 110 112 109 10
128 124 112 107 117 116 118 117 119 117 119 15000 11
Chip#3
115 112 110 106 114 116 107 110 105 109 113 111 0
114 119 117 113 116 117 113 114 111 114 119 114 1
119 121 124 118 125 121 122 119 118 118 123 119 2
117 114 115 113 115 115 112 112 108 110 115 115 3
115 122 117 118 122 120 119 120 112 116 122 121 4
117 123 121 117 120 122 119 118 116 120 128 120 5
124 127 127 122 127 124 122 119 118 124 124 122 6
118 128 122 118 122 127 122 125 121 119 128 118 7
121 122 120 112 124 119 117 119 112 118 124 118 8
119 128 121 121 126 128 122 123 124 122 129 120 9
116 119 117 112 120 119 116 116 113 115 118 117 10
121 128 124 119 125 127 125 123 119 124 131 15000 11
Chip#4
122 114 113 117 113 125 118 122 119 118 122 116 0
110 111 109 109 108 113 106 113 109 107 112 108 1
123 121 115 119 117 125 118 124 119 118 125 124 2
119 118 114 117 115 121 114 118 120 117 122 116 3
126 123 116 119 121 132 120 126 122 115 129 120 4
116 116 113 116 113 122 113 118 120 115 120 114 5
122 120 121 118 114 128 124 119 123 123 124 122 6
122 118 118 119 117 130 116 125 123 119 125 120 7
122 122 118 119 117 124 119 124 120 118 125 117 8
121 115 112 117 115 123 115 122 116 115 122 117 9
119 120 109 117 111 121 116 121 118 113 120 115 10
124 119 118 117 112 122 112 118 120 116 123 15000 11
Chip#1
118 115 120 123 123 116 106 121 113 117 115 113 0
116 114 117 116 111 119 106 119 114 113 116 113 1
115 114 113 115 108 115 106 121 111 111 115 114 2
118 116 119 135 127 122 106 123 111 116 123 111 3
116 114 124 158 132 125 106 133 147 124 120 121 4
120 117 119 120 123 119 106 126 125 117 120 114 5
117 115 117 124 123 125 132 123 125 115 118 111 6
126 117 124 127 119 128 106 126 125 118 118 118 7
121 118 122 158 137 123 132 130 143 120 119 121 8
120 135 125 158 128 121 132 133 148 121 123 120 9
114 109 120 115 105 114 106 121 107 110 113 109 10
121 122 122 126 123 124 106 126 107 122 119 15000 11
Chip#2
107 110 107 106 108 108 112 111 109 110 109 109 0
111 114 107 108 113 110 115 115 112 109 115 112 1
110 117 101 108 112 110 112 116 115 111 116 109 2
121 126 116 116 123 123 125 123 122 122 125 118 3
123 117 111 112 117 116 118 120 119 112 116 112 4
117 123 112 112 116 119 122 119 119 115 118 109 5
115 120 112 108 117 115 123 117 122 115 119 115 6
113 121 111 112 118 116 119 115 120 115 116 113 7
110 109 104 106 113 109 112 109 112 112 112 109 8
120 121 108 111 120 110 119 119 116 114 121 110 9
114 119 108 107 116 113 118 115 116 114 115 110 10
121 120 111 111 118 113 118 116 119 114 116 15000 11
Chip#3
116 118 114 108 111 116 113 113 109 111 115 112 0
122 130 123 117 122 121 122 117 112 119 118 119 1
126 132 129 123 130 133 130 128 121 128 130 125 2
117 126 120 115 120 120 119 119 116 114 124 118 3
119 126 117 119 124 122 122 119 114 119 121 118 4
120 126 122 122 126 122 125 122 119 120 125 121 5
120 127 117 113 125 119 123 118 118 115 125 118 6
126 132 130 124 132 130 128 125 124 125 127 126 7
118 122 119 113 120 122 118 117 113 119 122 118 8
122 127 124 119 128 126 125 125 117 116 126 120 9
124 134 122 120 133 127 127 125 118 120 125 121 10
121 126 123 120 126 124 125 120 116 121 124 15000 11
Chip#4
120 113 118 122 116 128 119 122 121 123 124 121 0
119 120 122 119 115 130 119 127 121 121 123 123 1
127 123 125 125 122 133 120 131 121 126 132 128 2
119 121 121 118 117 127 119 123 124 124 123 126 3
128 120 118 122 121 129 119 125 125 124 131 121 4
122 119 122 124 124 130 123 127 121 122 125 124 5
120 118 116 118 119 127 117 123 121 120 123 124 6
120 118 116 115 114 130 120 120 118 116 122 117 7
127 127 122 124 121 134 124 134 123 129 131 128 8
121 122 116 120 117 132 117 122 121 123 134 119 9
115 118 112 115 110 125 116 122 118 115 119 114 10
120 120 115 113 115 127 118 118 120 119 119 15000 11
Chip#1
122 120 122 126 116 123 106 123 107 120 118 120 0
115 119 120 122 116 120 106 123 107 115 118 119 1
121 120 120 126 127 121 132 125 107 121 121 120 2
122 118 121 138 129 122 132 129 144 122 120 119 3
121 135 124 158 134 124 132 133 153 125 121 121 4
120 115 119 127 123 122 106 126 125 119 118 116 5
121 135 124 126 123 127 132 126 134 120 125 157 6
126 135 125 126 131 128 141 129 134 120 129 157 7
121 118 128 158 138 123 132 134 148 125 122 121 8
116 119 121 158 139 127 116 135 149 125 122 119 9
114 114 120 119 123 119 116 122 114 115 116 114 10
126 135 126 127 123 128 132 130 134 120 125 15000 11
Chip#2
124 126 120 117 121 127 127 125 126 122 125 114 0
114 116 105 111 114 117 118 117 113 115 116 106 1
120 117 113 113 120 117 119 124 115 120 120 109 2
118 119 112 115 116 119 122 117 120 123 122 115 3
117 123 108 112 116 122 123 121 122 115 123 110 4
117 121 111 112 117 123 118 119 118 119 123 114 5
115 123 111 115 118 120 127 121 122 124 122 114 6
113 119 108 111 116 117 119 119 116 116 119 110 7
120 120 109 111 116 120 118 120 120 114 120 110 8
121 124 116 115 119 123 122 125 123 119 124 114 9
118 130 120 117 124 125 126 123 122 124 126 119 10
128 126 119 119 124 123 123 124 119 119 125 15000 11
Chip#3
119 125 120 109 123 122 116 114 113 117 122 120 0
120 126 118 113 124 119 118 118 114 119 127 119 1
124 126 124 122 124 126 124 124 120 124 124 120 2
126 131 123 122 125 127 125 123 121 126 129 123 3
125 127 121 119 129 125 116 117 120 118 127 119 4
126 125 127 124 129 130 127 125 118 125 129 128 5
126 127 126 120 131 127 125 125 120 124 128 126 6
125 127 123 119 127 125 125 123 121 121 129 125 7
124 125 123 120 125 125 124 117 118 119 124 121 8
123 121 124 119 126 124 124 122 120 120 125 123 9
121 122 117 115 122 124 112 116 117 115 124 119 10
129 128 124 115 130 128 123 120 124 121 128 15000 11
Chip#4
125 124 124 123 117 124 126 129 120 126 131 127 0
120 124 124 122 118 129 122 126 120 122 131 126 1
119 119 121 120 110 123 117 123 115 117 123 120 2
116 118 114 117 112 124 116 119 116 117 123 119 3
125 122 120 120 119 130 124 126 125 123 131 126 4
116 119 120 116 114 123 119 122 119 119 123 122 5
116 118 111 116 114 119 115 120 118 120 121 122 6
120 115 113 117 114 123 122 124 121 115 125 120 7
115 120 116 116 114 123 112 122 116 116 121 113 8
125 124 124 119 120 129 123 127 119 125 131 123 9
125 128 127 130 124 130 125 129 127 132 128 127 10
121 114 114 112 112 117 114 117 118 119 118 15000 11
Chip#1
114 118 115 118 123 117 132 119 113 114 117 115 0
115 113 116 116 123 122 116 122 111 113 115 113 1
115 113 115 118 123 118 132 121 113 117 113 115 2
119 119 120 138 132 125 132 130 147 124 119 115 3
124 119 126 158 139 129 132 133 156 131 124 118 4
122 119 121 120 123 126 116 123 125 118 119 115 5
120 124 125 126 126 128 132 129 125 125 119 120 6
130 135 130 127 130 128 132 130 134 127 125 119 7
119 118 122 158 139 123 116 130 147 121 116 114 8
122 117 122 148 138 127 116 130 149 127 124 115 9
125 119 125 126 123 124 132 125 125 122 124 120 10
128 122 120 122 127 123 116 126 125 120 120 15000 11
Chip#2
113 113 105 105 112 113 119 113 115 111 118 112 0
121 119 108 107 121 119 120 114 119 112 119 114 1
124 123 111 112 121 121 122 124 119 123 125 114 2
114 117 108 108 114 117 118 115 116 115 119 113 3
118 117 105 108 113 118 122 117 115 119 116 113 4
118 126 112 109 123 122 125 119 119 123 124 118 5
117 119 108 108 116 116 116 120 115 120 115 113 6
117 123 111 110 117 119 122 119 119 118 118 112 7
127 126 117 117 129 121 129 125 125 126 127 119 8
121 120 112 111 120 122 123 123 125 122 121 117 9
130 130 117 115 145 126 129 131 127 124 127 119 10
128 124 116 115 123 126 129 124 127 123 126 15000 11
Chip#3
123 125 118 115 125 126 119 119 121 119 123 122 0
123 127 117 118 124 125 123 120 119 120 126 122 1
124 127 121 120 127 128 130 122 123 124 126 123 2
119 128 120 124 123 130 125 123 118 122 128 122 3
123 127 123 125 129 128 125 122 120 121 128 126 4
126 134 128 126 132 130 130 130 124 125 130 125 5
122 126 121 121 121 126 125 122 118 122 124 119 6
119 126 121 114 125 124 123 125 118 121 124 122 7
122 128 123 125 129 127 125 122 123 122 125 122 8
118 127 119 119 125 125 118 122 119 119 123 120 9
122 128 121 121 123 121 118 118 120 119 125 120 10
124 128 123 123 125 125 124 123 120 124 128 15000 11
Chip#4
121 124 120 118 120 126 119 125 124 120 127 123 0
116 116 115 116 113 125 115 124 116 115 119 119 1
126 119 122 122 119 136 122 130 125 122 133 123 2
120 118 113 119 117 124 118 123 118 116 128 117 3
114 115 111 110 116 124 112 122 119 111 123 115 4
116 116 116 118 116 124 117 125 126 120 127 119 5
122 124 126 124 117 134 123 130 132 126 132 126 6
125 119 119 123 114 132 122 123 123 121 129 123 7
127 124 119 119 120 130 124 125 127 123 129 122 8
127 123 120 125 124 136 129 126 126 125 132 124 9
129 127 127 126 120 134 124 132 132 127 133 129 10
132 122 126 124 126 133 123 128 126 127 135 15000 11
Chip#1
132 136 131 134 129 131 132 134 138 127 128 125 0
122 120 122 123 123 122 116 122 125 115 119 115 1
126 135 126 126 128 129 132 129 134 124 129 157 2
124 135 124 158 133 129 132 129 143 126 124 123 3
127 127 133 158 140 133 132 143 164 134 125 125 4
128 135 126 132 127 125 132 131 134 125 123 120 5
128 136 129 130 130 137 132 135 125 127 132 123 6
120 117 122 118 123 123 132 129 125 116 120 118 7
127 122 129 158 144 128 132 137 155 130 126 120 8
131 135 130 158 143 131 132 141 156 132 129 124 9
130 137 137 134 133 136 132 138 142 129 129 125 10
131 128 126 128 129 128 132 131 125 122 125 15000 11
Chip#2
121 120 113 112 123 118 122 120 123 120 125 112 0
120 121 109 111 117 119 118 117 119 116 118 109 1
118 114 108 110 116 117 118 117 118 114 122 112 2
127 126 113 119 127 126 127 125 127 123 127 118 3
121 130 119 115 127 125 129 125 125 124 128 117 4
120 123 111 112 121 119 122 116 118 118 122 114 5
121 121 112 112 123 121 123 120 120 118 119 115 6
117 127 113 117 125 121 127 121 123 120 126 113 7
125 134 121 123 127 125 127 130 129 126 128 118 8
124 126 113 116 123 123 123 123 122 124 123 114 9
115 126 109 108 121 116 119 123 116 116 119 110 10
128 131 123 117 128 129 126 129 127 123 127 15000 11
Chip#3
125 130 121 120 134 127 125 131 125 125 130 127 0
122 134 127 125 130 131 132 125 123 127 130 128 1
128 132 126 124 130 128 130 124 127 125 128 128 2
124 130 124 120 125 127 128 124 121 125 130 126 3
130 135 126 125 134 130 133 128 125 126 134 127 4
125 135 128 128 129 130 132 128 124 127 129 133 5
122 117 119 118 149 119 121 117 113 116 124 119 6
125 130 131 130 133 131 130 129 128 126 131 129 7
126 130 123 128 129 130 130 127 124 125 129 130 8
129 131 128 125 130 131 127 124 121 124 130 128 9
130 137 129 130 140 137 132 131 130 133 136 133 10
129 137 131 129 129 131 130 128 124 127 134 15000 11
Chip#4
119 121 118 116 113 128 118 122 120 117 123 116 0
133 128 128 126 120 133 124 128 130 132 138 129 1
125 122 121 122 119 125 117 121 121 120 127 123 2
121 115 116 117 115 127 116 122 123 117 128 115 3
124 129 122 122 121 130 124 131 125 122 126 123 4
131 126 125 123 120 129 120 126 126 127 131 126 5
129 126 127 124 126 134 124 131 132 128 134 126 6
132 123 121 123 123 130 122 129 126 126 128 128 7
121 119 120 117 119 131 115 123 120 119 127 120 8
130 124 127 123 124 133 123 129 126 126 133 126 9
133 128 126 125 122 138 126 132 130 132 139 129 10
136 129 129 127 124 138 125 131 136 132 136 15000 11
Chip#1
125 136 125 132 129 135 132 127 125 124 127 157 0
117 135 124 124 123 127 132 129 125 122 122 119 1
127 135 128 128 132 132 132 131 136 124 125 129 2
128 135 126 158 134 128 132 133 148 124 123 120 3
118 123 125 158 140 131 116 139 165 126 124 123 4
122 135 125 126 126 125 132 125 134 126 125 123 5
120 124 126 130 129 132 132 127 125 122 126 124 6
126 125 133 131 130 129 132 129 125 120 130 123 7
125 122 131 158 147 131 132 138 159 129 124 124 8
125 120 128 158 145 124 132 135 155 130 122 125 9
127 136 135 132 134 135 141 135 136 127 126 157 10
159 140 135 135 134 137 141 135 138 132 129 15000 11
Chip#2
115 124 113 115 122 123 125 124 120 120 128 112 0
121 128 116 116 121 125 127 125 127 126 128 115 1
124 123 111 114 120 123 119 119 120 123 128 116 2
123 124 115 120 124 121 123 125 123 124 130 121 3
123 121 112 117 124 121 122 125 126 120 128 117 4
120 127 116 117 123 123 125 119 125 123 123 118 5
127 130 116 119 131 125 129 130 129 123 133 122 6
125 135 124 121 128 127 131 132 129 130 131 123 7
121 124 117 121 123 123 129 126 126 123 124 118 8
117 117 111 110 117 116 123 122 125 118 124 114 9
123 127 113 115 122 123 122 120 120 120 125 116 10
130 131 121 115 125 127 127 124 127 126 128 15000 11
Chip#3
123 127 119 123 130 126 123 124 118 124 126 123 0
128 134 128 123 133 127 133 129 127 124 129 126 1
126 134 130 126 135 128 129 127 121 122 130 127 2
126 133 127 125 133 132 129 128 126 125 130 127 3
130 130 131 128 133 127 132 129 127 129 135 129 4
127 132 131 129 134 133 133 129 126 126 130 132 5
133 137 131 128 134 138 133 130 128 129 135 130 6
128 138 131 125 165 133 130 133 128 126 133 130 7
129 135 129 128 134 137 135 131 128 131 134 129 8
130 137 127 126 135 130 133 130 131 126 133 129 9
123 131 124 118 129 124 125 122 123 119 122 125 10
132 139 127 128 138 131 135 129 126 129 136 15000 11
Chip#4
128 129 126 129 121 134 125 132 130 127 136 129 0
131 128 127 123 122 134 129 132 130 128 134 132 1
127 118 127 122 117 124 126 129 124 120 132 127 2
113 114 112 113 114 123 117 117 121 114 125 119 3
126 127 127 131 127 141 133 131 136 130 138 131 4
122 119 121 118 115 132 122 125 126 122 123 122 5
127 129 124 123 123 132 125 130 127 126 133 127 6
132 124 122 124 125 137 130 130 133 121 136 128 7
127 124 129 129 125 135 128 129 129 129 131 127 8
135 129 127 130 128 137 131 136 133 129 134 130 9
124 122 125 122 119 130 118 130 129 123 127 122 10
141 136 133 132 132 141 136 140 141 138 139 15000 11
Chip#1
128 139 126 135 134 128 132 137 136 126 126 130 0
124 135 122 128 127 127 132 133 125 119 128 124 1
127 128 129 130 133 127 132 138 125 126 133 129 2
127 135 130 158 134 129 132 135 150 125 124 157 3
125 135 130 174 145 128 132 142 171 130 125 123 4
126 128 133 134 134 128 132 138 125 129 132 127 5
126 141 132 134 135 135 132 133 125 130 127 124 6
128 135 131 131 133 128 132 130 125 124 129 124 7
126 124 132 172 149 131 132 139 159 127 128 121 8
133 139 139 175 154 136 132 149 168 138 137 134 9
127 135 131 130 127 125 132 133 125 119 125 120 10
159 142 152 140 137 139 141 143 143 132 139 15000 11
Chip#2
127 128 121 120 127 130 129 129 127 123 130 121 0
128 127 113 115 125 127 125 121 125 123 130 126 1
131 131 116 120 123 126 130 127 127 126 133 121 2
133 132 124 124 145 129 136 131 133 134 134 125 3
132 128 120 119 132 129 130 125 129 127 128 122 4
128 128 120 114 128 127 130 127 125 127 131 122 5
135 134 123 121 132 133 134 132 130 131 132 123 6
137 135 125 121 129 129 136 133 132 131 133 126 7
123 123 117 123 121 125 125 121 126 123 126 114 8
134 130 124 124 128 129 133 133 139 124 137 125 9
128 128 120 120 127 127 127 129 126 130 125 119 10
135 128 119 117 129 127 129 126 130 124 125 15000 11
Chip#3
131 136 127 125 137 133 129 131 127 125 131 129 0
126 132 127 123 132 128 129 123 123 124 131 125 1
124 130 128 118 125 127 127 124 125 125 129 121 2
131 136 131 125 138 133 134 133 130 132 136 129 3
129 136 134 129 138 133 133 131 127 130 135 133 4
129 139 132 131 135 133 136 130 131 129 138 133 5
131 142 134 130 137 133 134 133 133 132 139 132 6
126 134 129 125 131 131 128 129 126 127 133 128 7
129 138 129 125 165 133 135 133 127 136 138 128 8
132 140 134 130 139 133 133 131 132 131 138 133 9
136 149 136 134 139 146 141 139 137 141 142 139 10
128 132 132 128 137 132 129 128 126 129 131 15000 11
Chip#4
127 124 121 125 125 132 130 134 126 128 132 124 0
130 127 125 127 127 136 130 136 135 130 132 130 1
133 131 131 132 126 139 132 136 133 129 139 135 2
132 124 124 126 124 128 131 131 127 129 128 126 3
133 130 129 126 124 136 131 138 132 128 137 128 4
128 124 125 125 124 132 125 128 131 129 133 126 5
131 130 129 129 126 134 128 131 133 130 136 128 6
133 130 127 129 127 137 130 134 132 129 136 124 7
134 126 126 127 122 134 125 131 130 133 132 126 8
134 135 131 133 129 142 136 141 130 135 140 134 9
132 126 126 127 125 134 127 135 129 129 137 122 10
142 135 134 136 131 143 136 135 135 135 143 15000 11
Chip#1
124 123 125 124 128 131 116 126 125 125 123 126 0
133 139 135 134 135 133 132 137 142 134 132 130 1
124 125 130 130 126 128 132 129 125 124 130 123 2
127 136 133 158 140 136 132 143 159 129 130 127 3
121 125 130 170 144 131 132 143 168 137 127 124 4
127 123 133 132 132 131 132 131 125 127 129 127 5
127 135 134 134 132 131 132 137 125 126 133 125 6
130 128 132 132 133 139 132 129 125 127 132 131 7
130 135 138 181 152 135 132 142 165 138 130 157 8
126 125 134 181 147 131 132 142 165 132 129 125 9
133 137 139 139 138 137 132 141 141 130 134 132 10
159 135 137 134 131 132 141 131 138 129 130 15000 11
Chip#2
123 128 116 119 127 127 130 129 123 128 127 122 0
127 132 121 120 129 131 131 129 132 126 133 121 1
131 132 119 124 127 131 130 133 134 124 130 122 2
135 139 129 133 136 136 140 137 137 136 138 127 3
130 137 119 127 133 131 131 132 133 131 135 122 4
123 134 116 120 127 131 126 127 127 128 128 123 5
131 137 125 125 132 133 130 138 130 128 131 122 6
130 128 120 126 127 131 129 135 127 142 133 126 7
125 130 116 124 129 131 123 126 127 154 131 122 8
130 135 123 125 132 135 130 135 132 127 133 122 9
134 134 124 125 131 135 133 134 132 158 133 125 10
133 132 124 123 129 130 130 127 130 132 133 15000 11
Chip#3
130 135 131 124 139 132 133 134 131 130 133 132 0
131 139 126 129 138 133 134 133 131 130 138 130 1
131 141 135 126 138 133 133 135 131 130 130 133 2
135 139 135 128 139 141 133 133 131 136 139 134 3
131 140 128 130 165 133 133 125 127 131 138 127 4
130 140 135 136 139 137 136 134 131 133 138 128 5
129 138 134 129 137 137 135 134 128 131 133 132 6
132 142 136 130 140 141 139 131 132 133 140 135 7
128 135 127 126 137 132 133 127 126 131 135 127 8
133 139 132 131 138 142 138 138 132 131 139 135 9
132 141 132 131 139 138 135 138 134 138 140 133 10
134 138 134 128 165 136 132 133 131 131 135 15000 11
Chip#4
130 121 121 123 120 132 126 127 126 123 127 124 0
128 127 131 131 122 137 127 130 133 130 134 135 1
129 123 128 132 122 137 126 131 131 131 135 128 2
131 128 125 129 118 137 128 129 125 127 135 127 3
128 129 124 127 125 136 126 131 129 128 136 128 4
128 120 125 122 122 134 123 126 124 124 125 120 5
137 133 131 132 127 141 130 140 135 135 137 131 6
132 126 128 129 124 139 127 135 130 129 134 127 7
145 141 141 138 137 148 154 163 146 143 149 140 8
133 135 135 132 129 141 132 136 135 138 138 130 9
133 129 131 132 128 137 130 134 132 133 133 130 10
136 137 132 132 127 143 132 137 136 134 137 15000 11
Chip#1
130 135 135 136 134 135 132 137 125 130 130 129 0
124 124 129 131 132 129 132 133 125 127 128 120 1
134 137 134 140 138 140 132 142 141 130 139 135 2
130 136 130 158 139 135 141 139 158 129 128 157 3
131 129 137 180 153 136 132 149 176 140 129 126 4
130 132 136 143 137 138 116 137 125 131 131 132 5
131 135 128 136 139 135 132 139 125 125 125 126 6
134 135 135 136 139 135 132 141 142 131 134 131 7
133 139 138 186 158 140 132 147 172 138 133 131 8
131 124 138 186 154 128 132 142 168 136 129 123 9
133 135 134 135 135 140 132 137 139 131 134 126 10
134 134 136 139 138 140 132 139 125 130 135 15000 11
Chip#2
131 132 123 123 125 134 131 127 134 131 135 126 0
134 134 119 117 127 130 133 131 126 127 137 126 1
131 130 121 123 125 133 127 134 132 127 134 128 2
132 131 121 125 128 131 126 134 133 131 131 125 3
127 127 116 119 120 126 126 125 132 124 129 123 4
133 132 120 125 128 131 133 131 132 130 133 127 5
130 130 120 120 124 129 126 126 129 120 124 119 6
135 138 123 128 131 135 137 139 137 135 131 127 7
134 135 125 129 133 137 137 134 139 132 135 130 8
132 134 120 121 129 129 133 131 133 130 134 125 9
132 131 121 122 126 131 129 131 129 127 128 121 10
138 141 127 128 132 134 131 133 137 130 134 15000 11
Chip#3
128 135 130 125 138 133 129 128 125 129 129 133 0
137 137 137 134 138 141 136 135 138 135 141 132 1
128 134 130 128 138 136 133 131 129 130 134 132 2
130 140 132 130 142 135 139 130 129 132 136 133 3
130 136 132 131 139 136 135 131 131 133 133 133 4
137 145 137 136 165 146 141 140 135 138 135 143 5
137 142 135 131 140 137 139 136 130 138 139 133 6
138 145 136 134 165 144 140 136 137 135 140 134 7
126 137 129 133 143 142 136 133 130 135 139 129 8
135 144 134 136 143 142 140 140 133 138 144 139 9
130 144 131 132 145 142 138 130 131 132 139 133 10
133 140 127 130 142 132 132 130 128 131 135 15000 11
Chip#4
128 130 126 126 122 133 125 130 126 128 138 128 0
136 136 132 131 128 143 133 137 133 138 141 135 1
134 129 133 130 127 136 130 132 127 129 137 129 2
132 130 132 139 132 142 136 138 137 139 141 135 3
134 130 129 127 129 138 130 140 131 132 139 124 4
133 129 128 130 129 136 127 128 131 133 136 130 5
140 140 136 140 133 148 139 143 141 140 142 139 6
131 124 124 125 121 133 129 131 131 130 134 129 7
134 134 128 131 135 139 131 135 137 138 142 133 8
133 133 132 133 129 138 131 136 136 135 137 133 9
139 135 132 132 133 141 132 135 136 134 138 131 10
143 140 136 140 137 146 135 140 142 140 143 15000 11
