Chip#1
99 105 106 110 109 107 106 100 101 107 102 99 0
105 106 111 111 112 106 115 111 104 105 100 100 1
110 109 115 115 115 111 121 112 107 105 106 100 2
104 99 103 107 111 109 106 102 103 99 99 99 3
104 105 103 107 105 106 116 111 101 96 96 95 4
111 109 114 108 111 105 115 115 107 105 100 100 5
102 99 108 112 106 107 104 100 102 102 96 98 6
102 101 102 107 107 105 117 110 101 99 97 92 7
132 101 106 106 107 106 119 110 101 104 99 98 8
103 97 102 103 102 100 102 97 100 98 95 94 9
110 107 103 110 103 108 117 108 100 99 99 93 10
104 98 106 100 100 104 115 104 99 100 96 15000 11
Chip#2
112 96 102 93 91 93 96 92 97 100 98 98 0
112 102 102 97 96 96 102 102 97 100 99 99 1
112 104 102 98 100 98 115 112 97 102 100 105 2
112 100 108 98 96 104 98 104 97 105 98 110 3
112 108 107 100 103 100 109 108 97 106 98 108 4
112 102 100 95 94 98 106 104 97 99 99 100 5
86 105 102 93 98 96 97 101 97 101 102 105 6
82 106 106 100 98 97 106 113 97 102 98 104 7
112 96 101 95 95 91 98 100 97 98 94 100 8
112 103 107 99 103 102 105 99 97 106 102 109 9
81 98 102 94 98 96 111 112 97 98 97 102 10
112 108 104 97 96 100 103 106 97 102 100 15000 11
Chip#1
100 98 100 100 97 100 97 97 93 96 95 94 0
113 106 112 112 119 108 133 132 107 107 102 102 1
105 102 100 109 113 105 126 118 101 98 100 94 2
110 105 108 106 109 112 107 104 99 107 99 101 3
112 107 106 109 109 105 128 123 102 103 99 98 4
108 107 110 106 109 109 127 123 103 105 101 96 5
103 100 101 103 105 106 103 101 94 95 94 90 6
108 104 103 105 108 106 128 119 100 103 101 99 7
109 108 107 109 107 106 126 117 102 99 100 96 8
104 105 108 108 109 108 109 102 101 103 101 101 9
116 110 112 112 112 113 135 124 102 105 109 99 10
115 114 115 112 113 115 135 124 107 109 109 15000 11
Chip#2
112 101 103 100 94 102 100 98 97 104 99 105 0
112 101 103 98 96 100 112 110 97 101 97 99 1
112 106 107 102 99 102 134 130 97 105 99 103 2
112 105 107 100 101 98 104 98 97 106 102 105 3
112 106 102 99 101 99 116 114 97 101 99 103 4
112 107 103 98 100 104 120 120 97 105 98 104 5
112 102 101 99 96 96 101 98 97 101 100 105 6
112 106 102 99 99 99 111 110 97 101 96 102 7
86 102 103 98 98 100 110 107 97 100 98 102 8
112 104 98 91 93 104 100 98 97 104 96 104 9
112 108 107 105 98 100 133 137 97 101 102 108 10
112 104 96 95 98 96 110 106 97 106 99 15000 11
Chip#1
106 112 105 108 113 105 114 111 100 104 101 98 0
138 128 114 136 140 115 239 241 115 109 104 98 1
135 134 121 136 164 127 240 239 122 117 131 107 2
111 112 110 110 106 107 124 126 104 104 99 100 3
158 147 121 117 118 119 244 251 119 113 106 100 4
140 129 106 105 113 108 231 236 110 103 101 93 5
106 108 107 108 111 109 124 122 104 107 101 101 6
152 142 119 116 117 122 256 244 116 115 131 101 7
137 128 110 110 112 113 239 230 108 108 109 96 8
116 115 112 113 114 114 133 127 110 112 106 107 9
152 143 119 112 112 130 257 228 109 115 115 100 10
139 124 111 110 103 122 237 215 112 110 112 15000 11
Chip#2
112 94 97 88 94 93 89 92 97 98 96 102 0
112 105 104 103 101 100 201 210 97 105 99 105 1
87 111 103 107 109 96 322 307 97 105 103 103 2
84 101 103 94 98 100 115 110 97 104 99 104 3
112 111 106 104 103 104 212 233 97 112 103 104 4
112 115 104 103 104 104 229 244 97 107 105 104 5
112 96 104 100 99 97 98 101 97 96 93 103 6
112 115 102 104 100 100 197 212 97 105 108 104 7
112 107 106 107 104 99 165 178 97 102 103 104 8
112 105 101 97 93 98 116 114 97 100 98 105 9
112 107 106 94 98 97 295 330 97 102 95 98 10
112 109 106 99 100 98 171 194 97 106 99 15000 11
Chip#1
104 106 103 109 112 105 112 117 101 100 94 94 0
147 140 114 149 158 125 300 306 125 112 114 98 1
144 136 124 153 164 130 293 298 126 115 131 105 2
110 113 102 113 111 108 127 131 102 100 99 96 3
172 163 120 125 124 122 297 308 121 109 111 99 4
153 142 111 116 112 115 287 302 119 103 102 94 5
113 117 112 115 109 111 131 125 103 100 101 98 6
169 154 120 121 125 131 314 297 120 118 114 103 7
152 140 116 118 121 124 293 280 118 115 131 101 8
115 116 106 108 106 109 140 127 102 105 99 96 9
162 155 120 118 117 136 315 278 113 124 131 100 10
145 137 110 116 117 132 293 267 114 117 114 15000 11
Chip#2
112 105 108 100 98 103 100 103 97 108 102 103 0
112 106 98 100 103 103 231 236 97 107 98 102 1
112 112 103 105 111 96 428 398 97 107 99 100 2
112 102 106 99 105 104 125 124 97 107 100 102 3
112 113 102 102 105 99 267 293 97 108 102 98 4
112 125 112 103 110 107 306 324 97 115 103 105 5
112 105 112 102 105 106 107 110 97 108 102 104 6
112 113 107 104 104 100 258 276 97 111 102 100 7
112 117 106 104 100 102 212 217 97 107 103 107 8
112 104 103 99 98 98 124 127 97 104 99 104 9
112 124 113 102 111 103 450 502 97 113 103 104 10
112 114 107 94 103 99 217 259 97 104 97 15000 11
Chip#1
110 110 112 112 111 106 119 126 104 100 99 100 0
152 150 117 157 164 127 331 338 120 112 109 99 1
146 144 122 159 171 131 336 330 132 122 131 103 2
109 113 103 109 114 107 132 159 102 105 100 94 3
182 179 122 119 118 122 330 341 127 109 107 99 4
159 151 114 113 120 116 325 331 116 107 101 94 5
113 110 110 106 111 108 136 129 103 100 96 93 6
170 153 114 116 115 124 339 317 115 112 110 96 7
159 144 114 121 116 122 329 308 122 121 131 99 8
115 115 107 106 106 105 146 129 100 104 101 93 9
171 179 122 121 118 138 350 302 113 128 131 102 10
158 144 115 115 115 129 331 295 119 124 131 15000 11
Chip#2
85 104 104 98 94 100 96 97 97 100 98 100 0
112 110 107 107 108 103 244 253 97 106 103 105 1
128 125 114 121 123 109 469 450 97 112 112 107 2
112 104 106 105 100 104 128 124 97 106 99 108 3
112 112 106 99 104 103 282 310 97 106 100 103 4
112 126 113 103 111 105 322 340 97 109 106 105 5
112 100 106 100 100 100 106 103 97 104 99 105 6
128 120 109 108 109 105 277 290 97 111 105 103 7
128 119 113 104 106 110 220 227 97 109 99 103 8
112 107 107 102 101 102 129 127 97 101 103 107 9
128 125 112 100 105 102 472 535 97 109 106 103 10
112 118 107 104 104 102 235 279 97 105 103 15000 11
Chip#1
113 116 111 111 115 107 128 129 102 109 105 101 0
158 158 128 167 176 138 365 377 129 115 131 102 1
156 155 126 168 183 139 367 364 134 129 131 106 2
132 116 111 110 109 109 142 159 103 100 100 94 3
201 196 129 132 132 130 385 392 138 118 131 105 4
178 172 119 124 124 125 379 393 127 119 112 101 5
132 120 110 110 114 113 149 159 107 107 102 101 6
189 181 122 124 124 136 417 388 126 127 131 102 7
175 161 121 123 122 133 403 382 125 129 131 102 8
137 132 112 113 117 114 165 159 112 112 110 107 9
188 180 125 117 114 140 437 372 114 131 131 95 10
172 160 117 116 116 141 415 363 118 133 147 15000 11
Chip#2
112 106 106 103 103 103 102 100 97 106 102 108 0
112 111 107 105 109 109 255 260 97 106 104 109 1
128 115 102 109 119 103 471 450 97 105 103 103 2
112 108 104 98 101 106 125 121 97 107 99 103 3
112 115 103 103 104 103 289 316 97 108 100 99 4
112 125 107 103 108 104 330 351 97 106 102 100 5
112 106 107 105 103 108 109 107 97 107 108 110 6
112 123 108 103 105 105 279 301 97 109 106 107 7
128 115 103 104 105 104 221 229 97 106 102 107 8
112 107 112 100 101 105 132 135 97 101 103 104 9
128 132 116 107 109 109 497 554 97 115 112 109 10
128 124 110 103 105 104 240 283 97 109 106 15000 11
