Chip#1
93 92 102 96 97 97 95 93 94 93 95 95 0 220 123 15 23
97 92 102 102 96 97 101 103 91 94 96 98 1 0 0 0 0
108 102 108 112 109 109 116 114 102 107 104 107 2 0 0 0 0
98 94 105 101 96 101 100 99 97 94 92 95 3 0 0 0 0
97 90 98 101 97 98 117 111 100 96 90 92 4 0 0 0 0
105 100 109 110 113 107 128 124 108 104 104 107 5 0 0 0 0
98 95 98 100 102 100 102 94 97 100 96 99 6 0 0 0 0
105 101 105 105 106 104 102 96 103 122 131 103 7 0 0 0 0
100 95 105 101 100 100 101 96 97 114 131 99 8 0 0 0 0
98 91 101 94 97 97 96 90 94 99 91 93 9 0 0 0 0
100 97 106 101 99 97 99 97 96 115 106 98 10 0 0 0 0
96 93 103 101 101 97 99 97 99 115 131 15000 11 0 0 0 0
Chip#2
81 102 100 100 94 98 96 93 72 101 98 100 0 152 123 28 23
78 101 95 99 95 98 97 100 108 104 99 103 1 0 0 0 0
112 96 96 99 95 95 107 103 108 98 97 102 2 0 0 0 0
112 102 102 103 100 99 98 103 108 104 100 109 3 0 0 0 0
112 106 101 100 103 100 128 131 108 107 105 105 4 0 0 0 0
76 96 97 99 96 97 130 130 72 101 98 97 5 0 0 0 0
75 95 98 93 88 89 91 87 72 94 97 98 6 0 0 0 0
112 100 98 100 99 98 102 96 108 131 127 99 7 0 0 0 0
128 104 98 102 99 106 101 101 108 125 120 108 8 0 0 0 0
112 104 108 105 101 106 102 99 108 108 106 108 9 0 0 0 0
112 100 98 93 98 99 101 93 108 146 123 97 10 0 0 0 0
112 100 102 97 98 98 96 97 108 117 112 15000 11 0 0 0 0
Chip#1
103 94 108 105 100 101 105 99 100 100 93 98 0 221 123 64 23
99 97 106 105 105 103 112 111 99 102 99 98 1 0 0 0 0
112 108 117 122 120 111 131 125 112 109 112 111 2 0 0 0 0
87 84 96 96 96 93 95 94 91 90 88 92 3 0 0 0 0
102 100 108 115 107 104 146 159 104 100 100 102 4 0 0 0 0
105 98 103 103 102 106 146 159 100 98 96 94 5 0 0 0 0
99 99 107 105 106 106 105 101 103 108 99 102 6 0 0 0 0
102 98 101 101 97 101 101 99 101 133 147 99 7 0 0 0 0
113 109 111 109 109 111 112 104 110 146 131 111 8 0 0 0 0
96 91 103 101 100 99 101 96 100 109 104 95 9 0 0 0 0
132 99 102 102 99 98 100 95 103 129 147 97 10 0 0 0 0
99 97 106 95 99 97 101 92 104 128 131 15000 11 0 0 0 0
Chip#2
112 99 104 94 101 100 97 96 108 106 99 104 0 154 124 46 23
112 96 101 102 100 103 109 107 108 102 100 108 1 0 0 0 0
112 107 104 102 108 105 120 119 108 106 103 105 2 0 0 0 0
112 101 100 97 99 100 100 100 108 102 93 104 3 0 0 0 0
112 102 107 100 103 98 152 162 108 102 99 105 4 0 0 0 0
112 100 104 103 106 100 165 178 108 104 100 107 5 0 0 0 0
112 107 107 102 105 100 101 101 108 108 104 109 6 0 0 0 0
112 103 108 98 105 100 98 102 108 159 149 105 7 0 0 0 0
112 101 104 98 100 97 98 97 108 135 128 104 8 0 0 0 0
79 104 98 99 95 98 96 91 108 105 102 100 9 0 0 0 0
85 101 100 95 98 99 97 102 108 182 157 103 10 0 0 0 0
76 98 100 97 95 98 96 96 108 126 111 15000 11 0 0 0 0
Chip#1
104 97 107 107 108 106 112 110 100 105 100 107 0 224 123 131 23
104 95 106 140 141 115 232 228 114 112 109 101 1 0 0 0 0
109 107 109 142 164 121 234 229 114 115 131 103 2 0 0 0 0
105 97 108 113 114 105 136 131 102 105 102 99 3 0 0 0 0
100 100 108 133 133 121 427 415 121 107 104 100 4 0 0 0 0
109 99 114 127 134 124 436 432 125 113 107 101 5 0 0 0 0
112 108 111 112 111 109 138 129 112 128 131 112 6 0 0 0 0
156 140 119 116 119 111 119 112 128 354 323 120 7 0 0 0 0
151 129 114 115 113 112 117 111 133 360 336 121 8 0 0 0 0
106 104 108 108 101 99 102 100 99 159 147 98 9 0 0 0 0
146 129 114 106 108 100 109 100 164 349 280 103 10 0 0 0 0
139 121 108 102 101 106 109 102 133 334 290 15000 11 0 0 0 0
Chip#2
82 106 100 102 100 100 102 97 108 106 102 108 0 154 123 63 23
128 106 107 107 105 103 162 178 108 106 100 105 1 0 0 0 0
112 104 104 108 110 104 258 248 108 106 104 107 2 0 0 0 0
77 99 94 99 98 102 109 107 72 98 96 103 3 0 0 0 0
112 109 106 105 116 111 494 530 97 109 105 113 4 0 0 0 0
112 105 101 105 108 106 562 570 97 102 105 103 5 0 0 0 0
112 109 109 102 103 110 109 107 97 115 115 107 6 0 0 0 0
112 114 106 104 104 102 109 104 96 544 439 108 7 0 0 0 0
112 112 106 103 108 104 105 106 95 353 301 107 8 0 0 0 0
112 107 108 105 104 113 106 103 96 172 135 110 9 0 0 0 0
112 113 102 98 96 102 96 96 114 718 484 104 10 0 0 0 0
112 104 102 97 98 96 95 96 114 305 242 15000 11 0 0 0 0
Chip#1
106 102 109 117 116 106 120 114 107 105 102 103 0 223 123 176 23
106 101 111 158 168 122 294 293 115 117 131 103 1 0 0 0 0
106 101 106 153 170 125 298 292 122 117 111 99 2 0 0 0 0
109 102 117 121 124 113 167 175 108 114 131 111 3 0 0 0 0
116 109 115 168 168 168 650 631 164 119 131 103 4 0 0 0 0
132 108 112 157 164 168 668 671 164 122 131 102 5 0 0 0 0
132 106 109 110 111 106 146 175 102 131 147 100 6 0 0 0 0
184 179 126 129 126 119 128 124 164 531 478 131 7 0 0 0 0
172 147 120 122 122 115 128 119 164 551 517 135 8 0 0 0 0
140 119 119 119 118 111 116 112 115 213 185 111 9 0 0 0 0
181 179 120 116 116 108 126 116 196 552 435 117 10 0 0 0 0
171 153 128 123 118 115 131 122 196 542 458 15000 11 0 0 0 0
Chip#2
112 104 107 99 104 102 102 103 114 104 99 104 0 154 124 76 23
128 111 108 110 115 110 196 210 114 108 108 110 1 0 0 0 0
112 108 106 115 119 108 330 304 114 112 105 105 2 0 0 0 0
112 108 107 104 108 108 124 119 114 109 103 112 3 0 0 0 0
112 111 107 114 116 113 684 759 114 111 105 109 4 0 0 0 0
112 114 106 113 121 116 818 849 114 108 104 107 5 0 0 0 0
128 108 108 108 111 109 116 113 114 124 111 109 6 0 0 0 0
112 124 110 108 110 104 111 106 106 822 656 113 7 0 0 0 0
128 119 113 112 110 114 110 110 100 534 423 113 8 0 0 0 0
112 101 103 97 101 100 97 103 99 219 151 108 9 0 0 0 0
112 126 108 99 106 103 105 109 137 1171 776 113 10 0 0 0 0
112 115 102 104 101 99 102 99 137 471 347 15000 11 0 0 0 0
Chip#1
103 105 115 116 118 108 124 120 109 105 102 105 0 220 123 183 23
109 104 115 169 179 129 329 322 119 110 131 99 1 0 0 0 0
112 108 119 170 185 135 337 330 127 123 131 105 2 0 0 0 0
98 95 102 118 122 108 164 175 102 102 95 94 3 0 0 0 0
133 117 124 176 182 168 734 708 164 122 131 105 4 0 0 0 0
112 105 110 159 166 168 746 726 164 117 131 101 5 0 0 0 0
112 109 111 109 112 106 161 159 107 138 147 105 6 0 0 0 0
188 179 117 118 121 109 122 116 164 584 531 127 7 0 0 0 0
181 179 120 123 122 112 130 125 180 616 579 140 8 0 0 0 0
135 115 112 111 106 106 111 109 109 218 180 103 9 0 0 0 0
196 186 130 124 124 115 131 130 212 627 485 130 10 0 0 0 0
171 149 116 112 114 109 121 119 196 596 499 15000 11 0 0 0 0
Chip#2
112 107 110 105 109 108 105 104 88 108 104 112 0 154 123 132 23
112 107 104 105 108 98 197 206 88 102 100 103 1 0 0 0 0
128 113 106 118 120 109 349 327 137 107 109 110 2 0 0 0 0
112 107 107 103 109 109 127 126 88 105 99 113 3 0 0 0 0
112 112 104 109 119 109 735 808 137 112 106 109 4 0 0 0 0
112 113 108 115 124 119 864 913 100 112 109 110 5 0 0 0 0
112 101 104 108 108 104 109 108 99 128 115 107 6 0 0 0 0
128 124 108 110 111 106 109 108 113 878 703 114 7 0 0 0 0
112 118 102 103 109 103 106 102 113 556 447 107 8 0 0 0 0
112 106 100 102 106 100 101 98 113 230 157 107 9 0 0 0 0
112 124 106 104 104 97 102 103 137 1257 831 110 10 0 0 0 0
112 115 102 100 105 102 101 99 137 499 364 15000 11 0 0 0 0
Chip#1
112 106 116 115 119 108 128 126 110 110 107 111 0 219 123 219 23
110 107 119 179 188 130 353 349 125 119 115 105 1 0 0 0 0
132 113 120 176 189 168 358 350 132 123 131 107 2 0 0 0 0
133 113 125 135 135 120 190 191 114 121 131 115 3 0 0 0 0
133 120 119 182 185 168 796 766 180 122 131 106 4 0 0 0 0
116 110 117 169 175 168 816 793 164 122 131 106 5 0 0 0 0
115 114 112 111 113 113 164 175 112 137 147 105 6 0 0 0 0
206 193 134 129 133 120 140 127 180 642 580 140 7 0 0 0 0
182 193 117 122 116 108 128 120 180 659 619 143 8 0 0 0 0
138 124 120 113 111 108 117 110 116 238 194 109 9 0 0 0 0
197 193 136 123 124 115 133 122 228 668 516 128 10 0 0 0 0
178 193 116 111 113 108 126 119 212 640 539 15000 11 0 0 0 0
Chip#2
112 105 98 102 99 100 100 96 88 106 104 104 0 153 124 86 23
112 106 102 107 111 106 203 212 88 111 108 107 1 0 0 0 0
112 112 108 116 124 113 362 338 88 114 106 112 2 0 0 0 0
128 103 101 102 106 103 120 115 137 102 102 104 3 0 0 0 0
112 104 100 105 113 106 757 829 88 107 104 102 4 0 0 0 0
112 105 103 112 123 114 891 953 88 109 104 102 5 0 0 0 0
112 106 104 107 108 108 118 110 137 129 117 109 6 0 0 0 0
112 117 104 107 111 105 109 108 110 910 736 108 7 0 0 0 0
128 118 107 110 115 111 111 109 100 585 471 112 8 0 0 0 0
112 106 108 102 105 109 105 101 99 245 168 110 9 0 0 0 0
128 126 115 108 110 108 115 108 152 1310 863 117 10 0 0 0 0
112 112 98 99 99 98 98 100 88 515 373 15000 11 0 0 0 0
