Chip#1
103 101 98 97 102 104 106 103 103 95 98 100 0 166 120 79 23
101 100 98 103 100 103 107 103 99 95 101 95 1 0 0 0 0
101 104 103 103 97 103 106 107 104 101 101 95 2 0 0 0 0
97 102 94 102 95 100 104 100 100 95 95 92 3 0 0 0 0
101 101 97 102 97 100 102 101 100 92 95 93 4 0 0 0 0
105 102 118 123 100 124 142 105 104 100 105 100 5 0 0 0 0
101 102 105 109 98 109 121 101 98 96 101 95 6 0 0 0 0
103 107 102 99 103 103 101 101 103 96 102 100 7 0 0 0 0
104 102 127 127 103 114 117 104 103 99 102 101 8 0 0 0 0
95 97 109 106 93 109 111 97 97 93 95 94 9 0 0 0 0
98 102 99 99 100 99 104 98 99 91 95 92 10 0 0 0 0
99 93 93 93 93 91 97 97 93 91 96 15000 11 0 0 0 0
Chip#1
103 99 94 101 100 101 106 100 101 100 103 94 0 164 119 64 23
93 91 86 91 91 89 97 91 92 82 90 87 1 0 0 0 0
105 101 97 98 101 98 109 103 102 99 97 98 2 0 0 0 0
105 101 96 99 100 103 106 100 102 99 102 94 3 0 0 0 0
97 93 95 96 96 95 99 100 97 92 93 93 4 0 0 0 0
101 102 129 132 98 141 172 101 100 93 97 92 5 0 0 0 0
105 99 115 115 102 122 147 104 102 103 98 101 6 0 0 0 0
97 97 99 95 95 95 100 98 101 93 93 95 7 0 0 0 0
102 102 151 149 101 122 133 101 102 99 101 98 8 0 0 0 0
98 96 129 123 94 120 124 104 99 96 92 96 9 0 0 0 0
104 101 100 101 101 99 105 104 101 100 100 95 10 0 0 0 0
99 99 93 96 98 97 101 96 100 96 96 15000 11 0 0 0 0
Chip#1
102 99 97 99 97 101 104 101 100 97 100 98 0 164 120 61 23
101 100 95 102 96 104 112 100 100 95 101 94 1 0 0 0 0
101 100 107 116 98 112 124 104 111 128 102 98 2 0 0 0 0
106 107 100 112 101 105 116 104 104 113 100 101 3 0 0 0 0
99 104 108 118 98 108 124 103 104 99 97 94 4 0 0 0 0
101 102 445 440 103 505 824 121 109 120 98 98 5 0 0 0 0
97 102 226 235 102 308 475 109 106 111 102 95 6 0 0 0 0
98 105 111 114 102 103 108 101 102 96 98 96 7 0 0 0 0
103 107 595 557 102 313 357 103 100 99 96 99 8 0 0 0 0
101 104 395 343 96 305 350 104 101 93 96 90 9 0 0 0 0
103 99 99 102 94 97 102 101 99 91 92 96 10 0 0 0 0
108 100 97 101 96 103 99 100 99 97 96 15000 11 0 0 0 0
Chip#1
108 111 103 110 109 104 111 109 102 103 108 106 0 163 120 141 23
99 96 97 102 95 103 105 105 104 99 101 92 1 0 0 0 0
102 104 114 129 98 123 134 109 121 142 107 94 2 0 0 0 0
102 104 106 112 100 110 116 104 107 120 100 95 3 0 0 0 0
102 105 120 127 104 121 136 108 103 100 105 101 4 0 0 0 0
105 107 660 648 105 769 1276 133 121 135 103 102 5 0 0 0 0
101 99 318 316 100 512 718 114 116 125 102 95 6 0 0 0 0
102 102 117 125 101 108 109 107 106 96 100 96 7 0 0 0 0
97 109 944 884 101 457 544 108 99 92 97 93 8 0 0 0 0
101 104 613 530 103 457 532 107 103 97 102 101 9 0 0 0 0
110 105 102 106 104 106 107 107 104 99 97 100 10 0 0 0 0
116 109 99 103 101 105 107 107 108 99 98 15000 11 0 0 0 0
Chip#1
108 105 104 108 102 105 108 105 106 90 103 102 0 166 120 111 23
101 99 98 104 98 100 107 101 103 100 98 94 1 0 0 0 0
105 106 122 132 101 118 142 113 124 144 107 102 2 0 0 0 0
99 102 107 112 101 107 119 110 112 120 105 96 3 0 0 0 0
102 106 128 135 109 126 144 109 107 103 105 104 4 0 0 0 0
103 106 720 698 112 837 1401 137 118 134 106 102 5 0 0 0 0
104 104 336 337 108 474 779 118 112 124 105 98 6 0 0 0 0
97 95 118 115 96 101 107 101 100 84 90 93 7 0 0 0 0
103 112 1040 952 102 493 587 107 101 93 98 101 8 0 0 0 0
108 113 664 553 111 487 579 111 111 101 106 101 9 0 0 0 0
111 102 104 112 104 107 109 111 103 95 103 100 10 0 0 0 0
118 107 103 107 107 106 106 108 106 105 103 15000 11 0 0 0 0
Chip#1
99 101 99 101 100 97 102 98 96 92 97 99 0 163 120 48 23
98 104 99 102 104 104 105 100 99 103 97 94 1 0 0 0 0
103 111 121 135 103 123 142 112 122 146 108 102 2 0 0 0 0
103 99 99 106 101 106 115 103 104 115 96 94 3 0 0 0 0
105 105 127 133 103 116 138 105 112 99 102 99 4 0 0 0 0
108 107 743 732 111 879 1478 137 121 136 107 102 5 0 0 0 0
106 111 357 356 111 494 821 116 121 130 107 110 6 0 0 0 0
112 112 131 133 118 116 119 112 114 107 108 106 7 0 0 0 0
101 111 1102 998 107 514 614 105 101 92 94 95 8 0 0 0 0
106 106 696 570 105 504 596 107 103 97 97 96 9 0 0 0 0
104 101 104 102 97 97 111 101 99 91 97 95 10 0 0 0 0
114 105 96 102 100 103 105 100 99 93 96 15000 11 0 0 0 0
