Chip#1
106 104 108 110 108 106 103 103 99 104 102 98 0
103 100 110 106 108 108 115 114 103 99 102 99 1
108 100 108 109 111 107 115 111 101 102 102 96 2
109 107 110 107 108 106 109 109 108 105 105 101 3
104 97 103 101 101 100 112 110 97 99 96 93 4
111 107 106 109 109 109 121 118 102 105 104 100 5
103 100 105 106 106 107 106 102 100 101 101 95 6
106 100 106 106 101 106 119 111 104 103 99 96 7
106 102 105 109 105 107 112 114 99 99 101 92 8
105 102 107 110 108 105 105 104 101 103 104 100 9
109 104 110 103 108 102 111 110 97 104 96 98 10
103 102 107 105 103 104 116 112 97 104 100 15000 11
Chip#2
131 104 110 99 103 100 101 102 89 101 96 107 0
131 99 104 92 95 97 105 99 89 101 95 107 1
76 98 97 91 94 93 112 107 89 100 90 97 2
112 107 108 99 100 100 105 97 89 104 99 107 3
112 100 102 99 108 93 106 108 89 100 97 102 4
112 107 104 97 99 102 111 112 89 105 98 104 5
112 101 102 97 99 98 102 97 89 104 95 102 6
112 95 103 94 95 96 103 103 89 100 95 98 7
128 108 110 102 104 98 112 108 89 106 106 113 8
112 101 103 97 100 94 102 101 89 100 99 107 9
112 105 106 98 99 96 116 114 89 102 94 105 10
112 100 103 94 98 92 100 103 89 99 100 15000 11
Chip#3
100 100 100 100 100 100 100 100 100 100 100 100 241
100 100 100 100 100 100 100 100 100 100 100 100 241
100 100 100 100 100 100 100 100 100 100 100 100 241
100 100 100 100 100 100 100 100 100 100 100 100 241
100 100 100 100 100 100 100 100 100 100 100 100 241
100 100 100 100 100 100 100 100 100 100 100 100 241
100 100 100 100 100 100 100 100 100 100 100 100 241
100 100 100 100 100 100 100 100 100 100 100 100 241
100 100 100 100 100 100 100 100 100 100 100 100 241
100 100 100 100 100 100 100 100 100 100 100 100 241
100 100 100 100 100 100 100 100 100 100 100 100 241
100 100 100 100 100 100 100 100 100 100 100 15000 241
100 100 100 100 100 100 100 100 100 100 100 100 0
Chip#4
