Chip#1
109 102 110 112 109 112 107 104 106 114 101 100 0 221 123 146 23
132 104 110 116 109 113 109 108 108 121 147 105 1 0 0 0 0
132 106 119 115 122 117 116 111 115 127 131 107 2 0 0 0 0
105 104 114 111 114 112 107 110 109 115 131 106 3 0 0 0 0
100 95 111 113 109 107 105 101 103 118 131 99 4 0 0 0 0
132 102 116 118 119 117 112 114 113 128 147 105 5 0 0 0 0
108 100 115 115 109 109 109 104 108 115 131 102 6 0 0 0 0
112 105 116 113 115 114 107 107 109 131 147 105 7 0 0 0 0
132 109 115 118 120 115 111 110 110 129 131 102 8 0 0 0 0
100 94 110 105 108 106 102 103 104 109 97 99 9 0 0 0 0
111 108 116 119 114 116 110 110 113 127 131 107 10 0 0 0 0
106 98 111 110 107 113 105 104 108 122 131 15000 11 0 0 0 0
