Chip#1
110 101 114 108 112 113 107 103 108 107 105 101 0 222 123 147 23
105 95 103 110 113 113 115 104 107 103 101 99 1 0 0 0 0
132 105 110 111 113 114 114 109 109 107 131 99 2 0 0 0 0
106 102 115 111 115 115 106 107 112 109 100 98 3 0 0 0 0
132 100 110 112 115 111 127 122 115 105 131 100 4 0 0 0 0
110 100 109 112 113 114 124 125 109 103 104 99 5 0 0 0 0
112 108 114 115 114 109 106 109 110 105 102 101 6 0 0 0 0
109 101 108 107 106 111 107 101 106 121 131 98 7 0 0 0 0
132 98 112 108 113 109 105 101 106 119 131 100 8 0 0 0 0
132 107 116 113 119 115 110 109 113 114 131 106 9 0 0 0 0
106 101 110 107 111 106 103 102 108 117 131 100 10 0 0 0 0
105 97 106 105 105 109 103 97 109 113 131 15000 11 0 0 0 0
Chip#2
131 108 104 105 109 105 105 99 89 108 110 108 0 152 123 167 23
131 111 103 108 106 104 105 103 89 106 108 110 1 0 0 0 0
131 109 102 105 108 100 110 104 89 104 106 105 2 0 0 0 0
131 106 100 100 103 104 102 96 89 102 104 104 3 0 0 0 0
131 103 103 104 108 104 123 123 89 101 106 109 4 0 0 0 0
131 118 109 105 113 109 134 135 89 106 106 113 5 0 0 0 0
131 107 102 99 101 102 98 96 89 100 105 105 6 0 0 0 0
131 114 102 105 108 105 105 99 89 131 129 100 7 0 0 0 0
131 109 104 105 105 106 103 99 89 126 121 107 8 0 0 0 0
131 112 106 103 108 104 105 98 89 109 112 108 9 0 0 0 0
131 107 99 97 103 104 98 97 89 139 131 104 10 0 0 0 0
131 106 97 98 100 98 100 93 89 113 112 15000 11 0 0 0 0
Chip#1
132 104 112 108 112 108 107 103 107 109 106 105 0 221 123 206 23
109 101 114 113 115 113 121 119 103 105 102 105 1 0 0 0 0
106 97 107 111 114 113 121 116 106 103 101 101 2 0 0 0 0
96 92 100 97 102 100 97 99 94 98 94 92 3 0 0 0 0
102 101 110 112 113 111 142 159 110 104 104 100 4 0 0 0 0
111 106 119 116 118 115 147 159 113 112 104 103 5 0 0 0 0
108 94 110 106 105 107 110 102 101 104 101 98 6 0 0 0 0
132 99 107 106 105 104 101 102 101 127 147 99 7 0 0 0 0
109 101 114 109 112 105 103 102 104 132 147 105 8 0 0 0 0
105 94 110 109 107 111 105 97 108 110 104 99 9 0 0 0 0
132 104 114 109 112 107 105 101 113 133 131 102 10 0 0 0 0
110 101 114 110 111 113 107 103 108 131 147 15000 11 0 0 0 0
Chip#2
131 107 102 98 100 102 98 101 89 104 111 103 0 152 123 129 23
131 114 109 107 106 106 114 110 89 107 108 110 1 0 0 0 0
89 110 103 100 103 102 116 114 89 104 105 102 2 0 0 0 0
128 113 109 105 105 109 110 104 89 112 111 117 3 0 0 0 0
112 106 103 98 108 104 152 162 89 101 105 102 4 0 0 0 0
112 107 106 100 105 103 161 162 89 106 105 105 5 0 0 0 0
84 102 101 100 98 97 97 98 89 99 106 104 6 0 0 0 0
112 105 104 98 99 97 101 96 89 152 145 103 7 0 0 0 0
112 106 104 104 106 100 103 98 89 132 129 108 8 0 0 0 0
128 109 107 104 108 105 106 98 89 113 108 107 9 0 0 0 0
112 108 107 102 105 104 107 101 89 174 155 108 10 0 0 0 0
84 104 102 97 101 94 97 92 89 124 119 15000 11 0 0 0 0
Chip#1
132 101 110 112 113 106 112 109 103 108 131 100 0 223 123 203 23
105 105 112 140 144 117 213 215 115 107 107 98 1 0 0 0 0
113 109 117 145 164 127 231 221 123 121 131 105 2 0 0 0 0
106 98 115 113 124 109 133 132 104 105 97 101 3 0 0 0 0
106 100 111 138 143 129 398 391 121 105 104 94 4 0 0 0 0
108 106 110 132 137 124 405 400 126 109 107 99 5 0 0 0 0
132 113 114 119 120 116 136 129 110 126 131 103 6 0 0 0 0
152 132 116 113 114 111 116 105 127 321 290 111 7 0 0 0 0
149 128 115 117 119 117 121 111 129 331 312 121 8 0 0 0 0
132 110 114 111 114 111 109 105 110 153 163 103 9 0 0 0 0
149 132 116 110 113 112 112 105 164 318 255 103 10 0 0 0 0
147 127 117 115 118 107 117 112 164 312 276 15000 11 0 0 0 0
Chip#2
112 105 102 102 99 103 100 101 89 106 103 103 0 153 123 53 23
112 102 100 102 100 99 148 146 89 104 98 103 1 0 0 0 0
128 115 110 118 120 109 234 225 89 117 115 109 2 0 0 0 0
128 114 104 108 108 110 118 121 89 107 109 112 3 0 0 0 0
112 113 106 108 113 108 504 519 89 107 109 105 4 0 0 0 0
112 108 100 109 114 113 586 586 89 108 108 107 5 0 0 0 0
112 108 102 103 100 108 104 104 89 115 109 103 6 0 0 0 0
112 123 110 113 110 109 115 112 106 541 433 115 7 0 0 0 0
128 114 102 109 109 106 104 104 106 366 298 107 8 0 0 0 0
128 112 109 107 108 113 107 108 96 175 142 110 9 0 0 0 0
112 119 109 103 106 100 106 101 122 718 471 108 10 0 0 0 0
128 120 107 107 109 105 106 104 122 328 255 15000 11 0 0 0 0
Chip#1
104 100 106 109 112 104 117 112 107 102 97 99 0 222 123 130 23
117 114 122 169 180 131 292 292 129 122 131 108 1 0 0 0 0
110 106 112 162 176 129 294 288 125 123 131 99 2 0 0 0 0
106 105 115 121 127 120 163 159 110 112 101 102 3 0 0 0 0
138 119 124 172 175 168 622 611 164 124 131 106 4 0 0 0 0
138 114 122 162 168 168 648 636 164 119 131 106 5 0 0 0 0
133 113 117 123 119 120 160 175 115 131 147 106 6 0 0 0 0
180 179 112 119 118 111 124 115 164 484 435 117 7 0 0 0 0
175 179 123 124 122 122 133 122 180 522 488 134 8 0 0 0 0
138 121 117 116 117 114 116 111 118 205 176 103 9 0 0 0 0
186 174 124 118 122 119 127 123 196 520 431 118 10 0 0 0 0
171 147 117 118 119 115 126 119 196 504 429 15000 11 0 0 0 0
Chip#2
112 108 100 104 101 102 102 101 88 105 105 107 0 155 123 94 23
112 106 104 108 108 103 183 178 88 106 109 105 1 0 0 0 0
112 109 101 109 116 104 295 269 88 107 109 100 2 0 0 0 0
112 108 103 107 101 105 120 114 88 105 106 110 3 0 0 0 0
128 117 107 116 117 111 711 746 122 112 111 109 4 0 0 0 0
112 114 107 114 123 117 858 857 97 113 115 107 5 0 0 0 0
112 108 106 110 109 111 116 110 97 122 117 108 6 0 0 0 0
128 121 109 110 113 109 115 113 114 812 626 114 7 0 0 0 0
128 125 112 110 114 113 118 112 106 550 424 114 8 0 0 0 0
128 113 112 111 113 114 112 112 100 232 162 114 9 0 0 0 0
128 129 110 110 108 104 116 110 151 1164 746 112 10 0 0 0 0
128 121 112 107 104 106 110 104 104 494 353 15000 11 0 0 0 0
Chip#1
108 105 110 109 115 112 119 120 108 102 105 101 0 224 123 169 23
117 116 121 180 189 141 328 326 129 123 131 111 1 0 0 0 0
111 108 117 168 186 139 332 327 129 122 131 100 2 0 0 0 0
103 101 107 116 119 107 162 175 106 107 99 95 3 0 0 0 0
132 115 112 178 179 168 709 697 164 121 131 99 4 0 0 0 0
139 117 121 168 181 184 746 726 180 123 131 105 5 0 0 0 0
132 116 112 117 116 115 163 175 112 137 147 100 6 0 0 0 0
199 190 131 129 131 122 130 125 180 561 508 133 7 0 0 0 0
187 190 126 132 126 119 130 126 180 587 557 137 8 0 0 0 0
141 128 121 116 119 115 117 109 117 220 191 107 9 0 0 0 0
192 186 128 121 124 117 131 119 212 590 460 115 10 0 0 0 0
182 186 123 119 124 119 130 123 212 577 493 15000 11 0 0 0 0
Chip#2
128 106 102 100 101 104 102 99 104 106 105 104 0 154 124 123 23
128 111 108 113 114 110 193 194 104 108 111 113 1 0 0 0 0
128 113 106 118 119 109 312 289 88 112 109 113 2 0 0 0 0
112 111 107 112 110 111 129 125 88 112 108 109 3 0 0 0 0
112 111 107 104 120 115 752 793 88 112 110 103 4 0 0 0 0
128 112 108 114 129 117 917 930 104 113 111 110 5 0 0 0 0
112 111 104 109 104 109 116 112 88 127 117 105 6 0 0 0 0
112 129 114 114 116 115 120 113 114 869 668 114 7 0 0 0 0
128 126 113 120 116 114 116 116 104 584 449 115 8 0 0 0 0
128 117 113 115 114 119 115 115 102 240 168 115 9 0 0 0 0
112 127 106 102 108 102 107 107 149 1244 791 105 10 0 0 0 0
128 121 103 104 106 104 106 102 149 523 365 15000 11 0 0 0 0
Chip#1
110 107 111 117 114 111 121 124 104 108 105 103 0 223 122 186 23
139 115 130 190 204 145 357 350 136 132 131 109 1 0 0 0 0
115 110 115 180 192 137 355 349 133 127 131 102 2 0 0 0 0
132 106 124 127 133 117 178 188 116 117 131 109 3 0 0 0 0
147 121 128 193 200 184 782 755 180 127 147 109 4 0 0 0 0
141 124 126 176 188 184 806 788 180 128 147 106 5 0 0 0 0
133 122 120 121 122 116 168 178 118 143 147 107 6 0 0 0 0
201 189 131 128 128 121 128 123 180 602 535 131 7 0 0 0 0
195 179 130 130 133 128 140 132 196 643 601 146 8 0 0 0 0
140 127 119 115 117 114 119 115 118 229 191 107 9 0 0 0 0
201 193 133 119 122 111 136 119 228 634 490 114 10 0 0 0 0
188 175 124 124 119 117 135 159 212 621 523 15000 11 0 0 0 0
Chip#2
112 106 103 99 104 103 105 98 88 106 112 108 0 154 123 122 23
112 111 102 104 110 99 195 194 88 109 103 104 1 0 0 0 0
112 118 109 114 129 114 330 297 97 114 115 107 2 0 0 0 0
128 115 113 110 111 114 133 127 97 112 110 112 3 0 0 0 0
112 111 107 112 120 111 783 821 97 113 106 105 4 0 0 0 0
112 118 108 116 128 125 948 964 95 114 112 107 5 0 0 0 0
112 109 102 108 110 110 120 109 95 127 119 103 6 0 0 0 0
128 127 113 114 115 110 119 113 116 895 695 113 7 0 0 0 0
128 125 106 109 113 111 114 109 102 592 458 105 8 0 0 0 0
112 113 104 102 109 111 105 104 102 240 161 107 9 0 0 0 0
128 130 112 108 110 104 111 107 156 1287 819 110 10 0 0 0 0
128 126 108 105 110 104 107 103 100 541 377 15000 11 0 0 0 0
