Chip#1
104 95 106 106 112 108 112 108 104 102 104 105 0 223 123 129 23
99 94 103 119 126 113 231 223 109 102 96 93 1 0 0 0 0
102 98 110 128 127 120 231 220 113 102 131 99 2 0 0 0 0
105 97 106 103 107 105 131 123 106 100 98 101 3 0 0 0 0
111 104 115 132 131 129 368 359 126 112 104 103 4 0 0 0 0
111 106 109 118 127 124 372 361 123 112 131 101 5 0 0 0 0
132 108 115 109 114 113 132 122 113 124 131 111 6 0 0 0 0
149 135 124 119 124 117 124 114 135 316 291 122 7 0 0 0 0
139 116 106 105 109 106 110 110 127 315 297 117 8 0 0 0 0
108 107 112 105 111 108 111 106 110 151 131 103 9 0 0 0 0
140 122 108 101 107 105 112 103 139 305 250 106 10 0 0 0 0
137 120 110 107 111 106 114 104 139 294 260 15000 11 0 0 0 0
Chip#2
112 104 100 103 101 99 100 101 102 104 102 102 0 153 123 60 23
112 99 96 93 98 97 97 98 102 98 92 94 1 0 0 0 0
112 104 104 98 105 102 116 116 102 102 105 102 2 0 0 0 0
112 106 101 100 108 106 102 104 102 105 104 108 3 0 0 0 0
112 108 106 103 111 105 134 137 102 112 108 105 4 0 0 0 0
112 105 104 98 99 103 132 130 102 104 98 104 5 0 0 0 0
112 100 102 94 98 99 96 92 102 100 98 99 6 0 0 0 0
76 95 100 92 94 92 93 95 72 125 117 91 7 0 0 0 0
128 100 101 100 106 103 105 102 102 121 117 104 8 0 0 0 0
112 102 104 103 105 100 109 99 102 107 103 104 9 0 0 0 0
112 105 108 100 99 105 106 96 102 146 131 102 10 0 0 0 0
112 100 104 94 101 102 101 96 102 113 111 15000 11 0 0 0 0
