Chipdp
84 2 82 2 16 6 4 10 6 11 6 10 7 11 7 4 7 6 8 6 7 7 8 7 4 4 6 5 6 4 7 5 7 4 1 6 2 6 1 7 2 7 4 10 9 11 9 10 10 11 10 4 7 9 8 9 7 10 8 10 4 4 9 5 9 4 10 5 10 4 1 9 2 9 1 10 2 10 4 10 3 11 3 10 4 11 4 4 7 3 8 3 7 4 8 4 4 4 3 5 3 4 4 5 4 4 1 3 2 3 1 4 2 4 4 10 0 11 0 10 1 11 1 4 7 0 8 0 7 1 8 1 4 4 0 5 0 4 1 5 1 4 1 0 2 0 1 1 2 1 4 10 6 11 6 10 7 11 7 4 7 6 8 6 7 7 8 7 4 4 6 5 6 4 7 5 7 4 1 6 2 6 1 7 2 7 4 10 9 11 9 10 10 11 10 4 7 9 8 9 7 10 8 10 4 4 9 5 9 4 10 5 10 4 1 9 2 9 1 10 2 10 4 10 3 11 3 10 4 11 4 4 7 3 8 3 7 4 8 4 4 4 3 5 3 4 4 5 4 4 1 3 2 3 1 4 2 4 4 10 0 11 0 10 1 11 1 4 7 0 8 0 7 1 8 1 4 4 0 5 0 4 1 5 1 4 1 0 2 0 1 1 2 1 
Chip#1
103 102 108 113 119 107 121 112 104 105 101 101 0
139 129 125 169 179 136 271 271 127 134 147 111 1
132 122 116 159 180 130 272 261 121 133 147 98 2
132 109 117 119 130 115 156 175 104 110 131 107 3
146 128 119 174 177 143 489 472 138 129 147 105 4
146 129 124 169 175 168 508 496 164 136 147 112 5
111 110 111 111 117 113 146 135 106 126 131 101 6
194 179 128 134 138 119 146 133 164 417 387 124 7
175 154 122 133 134 117 148 132 164 440 403 127 8
138 119 112 113 114 106 117 109 107 183 163 102 9
194 185 139 138 137 121 156 159 196 430 341 118 10
176 154 119 125 127 113 144 159 180 418 356 15000 11
Chip#2
112 102 101 102 98 96 101 98 109 100 102 107 0
112 110 107 110 109 109 148 152 109 113 111 113 1
128 108 102 108 111 106 205 210 109 104 106 107 2
112 109 114 110 110 106 114 118 109 111 105 113 3
128 108 109 105 109 108 377 385 109 112 106 110 4
112 106 104 110 114 114 429 434 109 104 106 103 5
128 103 104 105 104 106 106 104 109 111 108 108 6
112 111 107 107 110 105 105 98 109 405 342 107 7
112 109 104 105 99 106 102 103 109 288 245 109 8
112 105 104 104 105 105 105 100 109 146 123 105 9
128 114 108 105 110 105 106 104 108 510 351 110 10
112 105 101 100 96 102 100 100 108 242 189 15000 11
Chip#1
132 108 111 115 124 113 126 118 109 108 131 107 0
148 132 125 176 191 128 275 272 125 134 147 112 1
143 129 124 172 191 135 281 271 125 140 147 108 2
132 110 112 124 133 114 156 175 109 117 131 107 3
152 135 122 181 185 140 502 483 131 136 131 111 4
158 136 125 184 187 168 527 510 180 146 163 113 5
141 124 119 127 127 124 156 159 119 140 147 112 6
193 182 124 140 141 114 149 159 164 433 403 120 7
180 182 115 138 171 109 147 159 164 451 433 128 8
140 131 122 121 126 113 126 116 119 200 171 111 9
184 186 126 130 132 111 149 159 180 438 344 112 10
181 163 116 127 131 111 151 134 164 434 366 15000 11
Chip#2
112 101 98 98 98 98 93 97 108 102 96 105 0
81 101 98 100 99 98 141 139 108 106 105 103 1
112 109 104 108 109 104 207 194 108 109 109 107 2
112 100 103 104 101 102 112 109 108 107 106 104 3
112 112 103 108 109 106 378 388 108 111 109 109 4
112 104 106 107 111 114 438 434 108 106 105 108 5
112 107 101 104 105 102 103 104 108 117 106 105 6
112 109 101 107 103 102 103 98 108 411 341 100 7
128 120 109 114 110 110 111 110 98 293 253 112 8
112 105 104 100 101 102 103 102 98 147 123 104 9
112 107 101 97 99 94 100 100 98 513 353 103 10
112 111 108 108 106 108 109 104 98 254 201 15000 11
Chip#1
106 106 111 112 119 113 121 116 108 109 104 107 0
140 128 119 178 182 128 272 272 119 129 147 107 1
134 128 115 168 187 130 276 269 128 141 131 106 2
132 105 112 125 126 111 151 159 110 108 131 107 3
155 132 124 182 186 168 500 487 135 134 147 111 4
157 137 125 178 183 168 516 504 164 140 147 115 5
112 110 115 109 111 107 144 130 108 123 131 102 6
199 181 128 145 164 117 148 159 164 430 403 127 7
186 181 128 142 164 119 149 159 164 455 434 135 8
133 119 108 110 111 105 110 106 109 180 178 102 9
193 191 131 134 134 119 151 159 180 441 351 119 10
186 191 131 140 171 121 154 175 180 441 387 15000 11
Chip#2
112 106 108 107 105 98 102 101 98 102 106 108 0
128 103 102 103 108 99 144 162 98 101 104 104 1
112 112 108 112 111 109 210 206 98 111 116 110 2
112 110 110 109 110 111 120 116 98 109 106 117 3
112 105 104 103 111 103 381 387 98 108 103 104 4
112 104 98 103 110 104 428 434 98 104 103 104 5
112 105 106 105 106 105 105 106 98 113 111 108 6
112 106 104 104 105 99 105 103 98 411 340 104 7
112 113 106 104 110 104 107 103 98 294 248 105 8
112 101 103 103 100 100 100 98 98 145 121 100 9
112 110 104 102 103 100 102 106 102 522 360 107 10
112 102 101 100 96 96 101 98 102 244 190 15000 11
