Chip#1
268 249 263 269 263 262 265 265 259 267 261 262 0
260 247 263 262 262 260 258 262 263 265 261 260 1
276 255 273 274 271 270 270 272 270 277 266 272 2
268 250 268 353 291 260 264 294 296 271 260 266 3
269 249 266 305 263 262 266 285 291 272 262 265 4
265 248 267 266 268 260 266 267 264 266 258 265 5
270 250 263 268 289 263 270 268 268 271 263 271 6
270 250 268 278 272 263 265 281 290 271 263 265 7
268 245 264 283 272 264 264 315 295 267 261 262 8
271 254 273 273 271 264 269 270 265 272 265 268 9
266 251 264 262 262 259 263 265 263 267 256 263 10
268 248 263 263 260 256 259 265 257 265 255 15000 11
Chip#2
99 92 93 89 95 98 98 99 99 100 95 91 0
105 95 108 103 95 108 110 99 105 104 105 99 1
103 95 103 94 95 98 106 99 100 101 96 93 2
108 102 110 102 95 106 111 99 110 111 105 100 3
98 94 99 96 99 103 97 99 100 104 100 99 4
103 95 106 98 98 103 106 100 108 106 107 101 5
102 97 99 94 102 100 101 100 104 106 99 95 6
95 96 99 97 102 101 99 99 99 102 100 96 7
104 99 103 99 102 107 106 100 104 106 99 100 8
104 95 99 94 102 97 99 99 100 106 102 99 9
102 97 103 99 100 102 102 100 105 103 100 102 10
109 98 106 99 100 100 103 99 107 107 105 15000 11
Chip#3
71 60 67 67 74 85 67 77 67 68 67 68 0
71 65 67 69 78 91 67 80 72 78 73 72 1
71 69 67 65 78 97 74 80 69 75 77 71 2
71 61 67 63 71 80 64 72 64 70 68 71 3
71 61 67 61 72 91 64 73 73 71 68 71 4
71 60 67 59 71 87 66 73 69 65 65 70 5
71 60 67 67 74 92 67 77 64 70 71 70 6
71 64 67 68 76 85 69 80 69 75 72 70 7
71 70 77 72 79 95 73 83 77 73 78 72 8
71 63 77 69 71 85 66 73 72 70 68 72 9
71 60 77 67 75 89 69 76 69 75 75 71 10
71 66 77 64 72 92 69 76 67 76 71 15000 11
Chip#4
168 153 153 163 153 157 145 172 144 145 163 156 0
163 154 150 157 154 158 150 170 145 145 161 166 1
164 153 154 162 153 157 154 169 146 145 160 152 2
171 161 161 171 156 157 158 179 154 160 171 166 3
171 153 164 170 153 157 158 175 155 157 170 158 4
166 156 153 164 153 157 151 170 148 154 167 166 5
168 161 160 164 154 159 159 179 154 156 170 166 6
162 153 157 162 153 161 150 175 146 156 164 153 7
164 154 152 160 153 157 147 169 145 156 161 166 8
161 153 152 164 153 157 150 170 146 156 161 157 9
165 153 154 163 153 157 150 173 146 156 161 152 10
161 153 154 160 153 157 147 165 144 156 164 15000 11
Chip#1
117 108 116 106 107 108 111 110 115 107 110 108 0
112 108 109 103 107 109 108 110 113 104 105 102 1
98 92 103 98 96 98 103 98 103 101 95 97 2
111 107 135 930 259 109 112 396 421 107 103 102 3
104 99 112 500 109 101 105 284 325 102 105 97 4
107 102 111 106 103 104 112 111 109 104 106 99 5
99 98 108 95 100 99 106 105 103 102 102 98 6
101 94 102 175 118 97 101 215 294 98 95 93 7
97 92 103 266 173 95 97 563 437 100 93 90 8
112 108 112 108 106 106 108 127 123 109 106 96 9
106 96 103 95 97 98 98 102 98 101 95 97 10
115 108 108 103 102 106 108 111 111 108 106 15000 11
Chip#2
109 103 113 108 101 101 106 100 108 104 97 99 0
111 110 111 110 101 114 111 101 115 115 106 106 1
105 96 104 101 101 101 104 100 109 103 99 102 2
104 101 109 109 167 114 105 99 136 137 100 102 3
99 100 103 104 155 108 101 99 137 147 97 96 4
106 100 104 106 102 101 102 100 104 102 101 101 5
103 97 107 101 101 98 102 100 103 101 97 100 6
115 103 110 108 113 108 108 100 123 113 104 108 7
95 96 102 99 104 106 97 97 149 138 92 94 8
108 100 104 106 104 100 105 100 113 112 95 97 9
103 95 100 96 91 91 105 99 100 103 92 97 10
100 97 104 98 95 102 99 99 103 99 95 15000 11
Chip#3
101 93 98 92 94 107 95 99 90 103 96 100 0
99 93 99 101 100 108 100 102 94 104 101 101 1
105 98 98 101 100 112 97 104 94 99 98 96 2
102 95 94 100 102 105 104 106 102 101 103 102 3
111 106 108 110 115 119 110 113 106 109 108 108 4
102 100 101 100 105 106 102 104 95 104 106 102 5
96 96 97 96 95 109 99 97 90 99 93 96 6
101 96 99 104 98 109 99 99 98 99 98 97 7
110 109 111 122 120 119 109 112 110 108 111 108 8
99 98 96 97 98 101 93 101 92 96 99 97 9
110 99 102 101 103 108 102 104 102 101 103 102 10
102 99 101 104 100 110 102 104 98 103 102 15000 11
Chip#4
111 106 109 106 113 112 115 109 109 107 109 104 0
99 105 99 97 104 100 107 99 101 98 106 93 1
100 104 106 97 104 101 109 105 108 107 106 101 2
112 108 110 104 110 109 121 111 110 105 112 105 3
103 102 105 98 107 103 110 106 103 103 106 100 4
100 105 105 98 116 105 121 106 108 107 113 101 5
99 100 102 95 105 101 106 106 102 98 110 101 6
108 102 108 100 107 104 109 109 106 106 106 99 7
100 100 103 97 108 107 109 105 105 102 109 97 8
100 97 102 94 101 99 100 103 103 101 104 99 9
105 101 103 97 105 105 106 106 105 106 107 99 10
102 101 106 104 105 97 107 105 106 98 101 15000 11
Chip#1
110 101 107 93 100 103 100 110 95 104 101 101 0
115 103 112 102 107 105 107 112 109 103 103 106 1
104 108 106 101 103 103 105 108 106 103 99 99 2
102 94 131 912 242 99 105 358 408 100 101 97 3
111 108 117 545 114 104 114 306 349 112 111 106 4
106 108 109 98 103 105 106 107 110 102 102 102 5
108 106 111 101 106 103 106 110 106 106 103 107 6
108 106 112 180 131 108 115 228 298 109 109 107 7
110 108 116 272 185 105 108 571 437 109 109 103 8
108 108 111 109 106 103 112 123 117 108 102 104 9
108 106 112 103 105 100 108 107 107 107 109 106 10
107 101 108 95 101 101 105 105 105 102 98 15000 11
Chip#2
103 96 103 103 101 101 103 100 99 98 96 101 0
102 96 99 102 100 100 105 100 105 103 96 99 1
103 94 103 103 102 102 101 100 102 102 97 99 2
114 107 109 111 180 120 115 100 143 143 106 108 3
105 97 103 110 159 111 101 99 138 149 96 101 4
106 103 108 106 104 108 105 100 114 102 97 105 5
97 95 100 94 96 98 102 100 100 102 94 94 6
105 91 100 97 96 100 101 98 113 102 91 99 7
100 92 100 103 96 106 99 98 161 137 94 99 8
106 103 115 106 96 108 106 100 118 109 101 104 9
110 103 108 103 102 104 106 100 109 108 101 106 10
111 106 113 108 102 108 105 100 109 110 107 15000 11
Chip#3
102 93 98 101 104 104 101 102 94 98 99 98 0
102 95 97 97 102 120 104 104 101 105 102 100 1
109 96 102 105 104 113 99 107 99 108 98 100 2
103 96 103 98 100 105 100 109 102 100 98 100 3
109 103 103 105 105 113 110 108 104 105 103 105 4
105 100 99 102 107 120 106 109 99 104 104 105 5
103 95 102 100 96 106 100 102 94 98 97 102 6
100 90 97 101 102 112 104 104 102 99 99 102 7
103 96 102 110 113 112 100 106 103 104 102 102 8
102 89 96 94 100 100 97 102 89 100 94 98 9
102 94 101 101 99 115 97 103 90 103 94 101 10
105 99 99 94 104 109 100 102 95 101 102 15000 11
Chip#4
100 95 96 93 107 103 109 105 102 99 104 99 0
100 100 102 97 102 103 103 103 105 102 106 97 1
102 97 108 98 108 112 110 105 110 103 107 104 2
102 99 103 97 108 104 107 103 106 109 106 103 3
99 100 101 95 99 100 105 105 104 103 103 96 4
105 103 108 101 110 107 107 106 108 107 109 105 5
99 103 102 97 102 104 107 101 102 101 101 101 6
100 101 105 98 111 107 109 101 106 103 109 99 7
105 102 106 101 122 112 109 102 115 110 107 99 8
105 101 105 102 114 108 107 103 103 101 104 101 9
99 93 96 87 101 99 99 95 96 95 99 93 10
96 95 103 93 100 100 105 98 99 96 103 15000 11
