Chip#1
357 457 614 402 344 445 505 454 542 332 413 445 0
381 463 636 416 361 475 505 454 558 341 419 445 1
381 462 638 412 353 475 512 454 558 332 416 445 2
381 470 642 418 365 481 506 454 558 332 420 445 3
381 478 646 426 364 486 513 470 558 341 420 445 4
381 470 651 430 375 480 514 470 542 341 419 445 5
452 489 668 438 388 499 523 470 558 346 431 446 6
455 493 669 447 397 499 530 550 542 342 429 445 7
464 499 682 461 407 519 539 560 542 346 431 450 8
470 504 678 467 417 581 545 571 558 350 429 450 9
483 518 693 486 437 597 571 587 574 358 443 456 10
495 526 706 503 443 629 633 590 574 357 439 15000 11
Chip#2
767 812 652 863 820 879 791 834 979 772 766 1021 0
767 915 652 863 820 879 791 818 968 772 766 1037 1
767 812 660 863 820 879 791 930 975 772 766 1021 2
767 812 660 863 820 879 801 834 975 772 766 1005 3
767 812 660 863 923 895 800 930 978 772 766 1021 4
767 812 660 863 820 895 802 843 967 772 766 1021 5
767 812 660 863 820 879 803 835 975 772 766 1021 6
767 812 660 863 820 879 800 930 986 772 766 1021 7
767 812 660 863 820 879 806 835 973 772 766 1021 8
767 812 660 863 820 895 808 837 983 772 766 1021 9
767 812 660 863 923 895 810 834 974 772 766 1021 10
767 812 668 863 923 895 810 838 970 772 766 15000 11
Chip#3
1124 1259 1227 1035 1115 1067 1124 1124 1067 1124 1124 1124 0
1124 1275 1227 1019 1099 1067 1124 1124 1067 1124 1124 1124 1
1124 1259 1227 1019 1099 1067 1124 1124 1067 1124 1115 1124 2
1124 1259 1227 1019 1083 1051 1124 1124 1051 1124 1115 1124 3
1124 1259 1243 1035 1115 1067 1124 1124 1067 1124 1131 1124 4
1124 1275 1243 1035 1115 1067 1124 1124 1083 1124 1147 1124 5
1124 1275 1259 1035 1115 1083 1124 1124 1083 1124 1131 1124 6
1124 1275 1243 1035 1115 1067 1124 1124 1067 1124 1147 1124 7
1124 1259 1227 1019 1099 1067 1124 1124 1067 1124 1115 1124 8
1124 1275 1227 1019 1099 1067 1124 1124 1067 1124 1131 1124 9
1124 1275 1243 1035 1115 1067 1124 1124 1083 1124 1131 1124 10
1124 1275 1243 1035 1115 1083 1124 1124 1067 1124 1131 15000 11
Chip#4
1115 1115 987 1003 987 1083 1051 1051 1067 987 1115 1083 0
1124 1124 1003 1019 1003 1099 1067 1067 1067 1003 1115 1099 1
1124 1124 1019 1019 1003 1099 1067 1067 1083 987 1124 1099 2
1124 1124 1019 1035 1019 1115 1067 1067 1083 1003 1124 1115 3
1124 1124 1019 1035 1019 1099 1067 1067 1083 1003 1115 1115 4
1124 1124 1035 1035 1019 1115 1083 1083 1083 1003 1124 1115 5
1124 1124 1035 1035 1019 1115 1067 1067 1083 1003 1124 1099 6
1124 1124 1035 1051 1019 1115 1083 1083 1099 1003 1124 1099 7
1124 1124 1035 1051 1035 1115 1083 1083 1099 1003 1124 1099 8
1124 1124 1051 1051 1035 1142 1099 1083 1099 1003 1124 1115 9
1124 1124 1051 1067 1035 1115 1083 1083 1083 1003 1124 1115 10
1124 1124 1067 1067 1035 1147 1083 1083 1099 1019 1124 15000 11
Chip#1
365 453 618 400 344 442 499 454 542 332 409 445 0
365 458 629 407 353 469 498 454 542 332 415 445 1
365 460 637 406 353 472 508 454 542 332 411 445 2
381 462 637 415 358 471 504 454 558 332 417 445 3
381 462 640 416 354 476 502 454 542 332 410 445 4
381 469 648 430 369 483 509 454 471 332 417 445 5
397 480 658 430 375 488 513 454 542 332 420 445 6
456 485 665 445 392 497 523 470 542 332 425 445 7
457 489 674 448 393 509 535 470 542 332 425 446 8
413 497 675 463 409 581 539 559 542 350 426 446 9
475 508 685 480 425 534 559 577 558 351 439 450 10
478 521 699 492 430 613 576 590 558 353 430 15000 11
Chip#2
767 915 668 863 820 895 801 838 975 772 766 1021 0
767 812 660 863 820 863 801 829 972 772 766 1021 1
767 812 660 863 820 879 807 835 976 772 766 1021 2
767 812 660 863 820 879 812 848 982 772 766 1021 3
767 812 660 863 820 879 808 842 974 772 766 1021 4
721 812 660 863 820 879 802 838 963 772 766 1021 5
806 812 668 863 923 879 815 946 984 772 867 1037 6
774 812 660 863 820 879 802 834 980 772 766 1021 7
790 812 660 863 820 879 812 930 985 772 766 1021 8
774 812 660 863 820 879 803 842 977 772 766 1021 9
774 812 660 863 820 895 807 828 970 772 766 1005 10
774 812 660 863 820 895 806 839 974 772 766 15000 11
Chip#3
1124 1259 1227 1019 1099 1051 1124 1124 1067 1124 1115 1124 0
1124 1259 1227 1019 1099 1067 1124 1124 1067 1124 1115 1124 1
1124 1275 1243 1035 1115 1067 1124 1124 1083 1124 1147 1124 2
1124 1259 1227 1019 1099 1067 1124 1124 1067 1124 1115 1124 3
1124 1275 1243 1035 1115 1083 1124 1124 1083 1124 1131 1124 4
1124 1275 1243 1035 1115 1067 1124 1124 1067 1124 1131 1124 5
1124 1259 1243 1035 1099 1067 1124 1124 1067 1124 1131 1124 6
1124 1275 1243 1035 1115 1067 1124 1124 1067 1124 1131 1124 7
1124 1259 1243 1019 1099 1067 1124 1124 1067 1124 1131 1124 8
1124 1259 1243 1035 1099 1083 1124 1124 1067 1124 1131 1124 9
1124 1275 1243 1035 1115 1083 1124 1124 1083 1124 1131 1124 10
1124 1275 1243 1035 1115 1067 1124 1124 1067 1124 1131 15000 11
Chip#4
1115 1115 987 1003 892 1083 1051 1051 1067 987 1115 1083 0
1115 1115 1003 1003 892 1083 1035 1051 1067 987 1115 1083 1
1124 1124 1019 1019 1003 1099 1067 1067 1083 1003 1124 1099 2
1124 1124 1019 1019 1019 1115 1067 1067 1083 987 1124 1099 3
1124 1124 1003 1019 1003 1099 1067 1051 1083 987 1115 1099 4
1124 1124 1019 1035 1019 1099 1067 1067 1083 1003 1115 1099 5
1124 1124 1035 1035 1019 1115 1067 1067 1083 1003 1115 1099 6
1124 1124 1035 1035 1019 1099 1067 1067 1067 1003 1124 1099 7
1124 1124 1035 1035 1019 1099 1051 1067 1083 987 1124 1099 8
1124 1124 1051 1051 1035 1115 1099 1067 1099 1003 1124 1115 9
1124 1124 1035 1035 1019 1115 1067 1067 1067 987 1115 1099 10
1124 1124 1067 1067 1051 1142 1099 1099 1099 1019 1124 15000 11
Chip#1
357 454 619 405 345 448 505 438 473 268 415 445 0
365 457 626 409 353 470 500 454 542 332 416 445 1
381 460 633 411 350 471 507 454 542 332 412 445 2
381 459 635 409 354 472 504 438 542 332 411 445 3
397 476 651 423 364 488 517 470 542 343 423 445 4
381 471 650 431 371 483 510 454 468 332 418 445 5
397 477 653 427 370 488 508 454 542 341 418 445 6
456 484 663 441 392 497 523 470 542 342 426 445 7
464 494 678 455 399 514 540 558 542 345 431 453 8
413 498 677 465 415 581 547 570 542 347 425 451 9
476 511 688 478 430 537 565 581 558 354 434 450 10
485 521 698 494 434 613 576 590 558 352 432 15000 11
Chip#2
806 915 660 863 820 879 808 840 984 772 766 1037 0
806 915 660 863 820 879 808 832 973 772 766 1037 1
790 812 660 863 820 879 810 843 978 772 766 1021 2
790 812 660 863 820 895 812 848 979 772 766 1037 3
774 812 660 863 820 879 819 854 992 772 778 1037 4
774 812 660 863 923 895 810 843 968 772 776 1037 5
790 812 660 863 820 879 806 837 977 772 776 1021 6
774 812 660 863 820 863 812 840 989 772 776 1021 7
774 812 660 863 820 879 810 839 987 772 776 1037 8
774 812 660 863 820 879 803 830 982 772 776 1021 9
774 812 660 863 820 895 810 839 978 772 776 1005 10
790 915 668 966 923 895 813 839 979 772 776 15000 11
Chip#3
1124 1259 1227 1019 1099 1067 1124 1124 1051 1124 1131 1124 0
1124 1259 1243 1019 1099 1067 1124 1124 1067 1124 1131 1124 1
1124 1259 1227 1019 1083 1067 1124 1124 1051 1124 1115 1124 2
1124 1259 1227 1019 1099 1051 1124 1124 1051 1124 1115 1124 3
1124 1259 1227 1019 1099 1067 1124 1124 1051 1124 1115 1124 4
1124 1275 1243 1035 1115 1067 1124 1124 1067 1124 1131 1124 5
1124 1259 1243 1035 1099 1067 1124 1124 1067 1124 1131 1124 6
1124 1275 1243 1019 1099 1067 1124 1124 1067 1124 1115 1124 7
1124 1259 1227 1019 1099 1051 1124 1124 1051 1124 1131 1124 8
1124 1259 1227 1019 1099 1067 1124 1124 1067 1124 1131 1124 9
1124 1275 1243 1035 1115 1083 1124 1124 1067 1124 1131 1124 10
1124 1275 1243 1035 1115 1067 1124 1124 1067 1124 1131 15000 11
Chip#4
1124 1115 1003 1019 1003 1099 1051 1067 1083 987 1115 1099 0
1124 1124 1003 1019 1003 1099 1051 1067 1067 987 1115 1099 1
1124 1124 1003 1019 1003 1099 1067 1067 1083 987 1115 1099 2
1124 1115 987 1003 899 1083 1035 1051 1067 971 1099 1083 3
1124 1124 1019 1019 1019 1099 1067 1067 1083 987 1124 1099 4
1124 1124 1019 1019 1003 1099 1051 1051 1067 987 1115 1099 5
1124 1124 1019 1019 1003 1099 1051 1051 1067 971 1115 1083 6
1124 1124 1035 1035 1019 1115 1067 1067 1083 1003 1124 1099 7
1124 1124 1035 1035 1019 1115 1067 1067 1083 987 1115 1099 8
1124 1124 1035 1035 1019 1115 1083 1067 1099 1003 1124 1099 9
1124 1124 1051 1067 1035 1115 1067 1083 1083 1003 1124 1099 10
1124 1124 1051 1067 1035 1115 1083 1067 1083 1003 1124 15000 11
