34.75
36.125
37.875
39.0625
40.625
41.75
43.1875
44.25
45.5625
46.5625
47.9375
48.875
50.125
51.0625
52.25
53.1875
54
55.1875
56
57.125
57.6875
58.75
59.5625
60.5625
61.375
62.375
63.125
63.875
64.5625
65.75
66.5
67.375
68.3125
68.9375
69.8125
70.5
71.375
72
72.625
73.25
73.8125
74.4375
75.0625
75.625
76.1875
76.75
77.375
77.875
78.4375
79
79.375
79.9375
80.5625
81.125
81.625
82
82.5
83
83.5
84
84.5
85
85.4375
85.9375
86.4375
86.875
87.3125
88.0625
88.5625
89.125
89.5625
90.125
90.5625
91.125
91.5625
92.125
92.5625
93.1875
93.625
94.125
94.5
95.0625
95.4375
95.9375
96.3125
96.9375
97.1875
97.75
98.125
98.625
99
99.5625
99.9375
100.375
100.6875
101.25
101.5625
101.9375
102.375
102.6875
103
103.5625
103.75
104.3125
104.5625
104.8125
105.0625
105.3125
105.5625
105.9375
106.0625
106.4375
106.6875
107.0625
107.375
107.8125
108.125
108.5
108.8125
108.125
107.5
107.75
108.125
108.75
108.625
107.625
107.625
108.125
108.5625
108.3125
107.5625
107.75
108.125
108.6875
108.0625
107.375
107.625
108.375
108.5
107.4375
107.3125
107.875
108.25
107.375
107.0625
107.4375
107.875
108.125
107.1875
107
107.4375
107.875
108.1875
107.625
107.0625
107.375
108
107.75
106.75
106.8125
107.5
108
107.75
106.9375
106.5
106.875
107.4375
107.8125
107.625
106.875
106.5
106.8125
107.4375
107.75
107.375
106.5625
106.4375
106.875
107.5
107.625
107.3125
106.5
106.3125
106.6875
107.1875
107.5
107
106.3125
106.625
107.375
107.125
106.4375
106.3125
107
107.3125
106.3125
106.1875
106.8125
107.4375
106.875
106.0625
106.1875
107
107.25
106.4375
106.1875
107
107.1875
106.5
105.875
106.125
106.6875
107
106.375
105.8125
106.25
