Chip#3
116 106 107 108 97 103 106 106 105 107 104 104 0
116 134 107 104 100 101 106 108 111 108 98 103 1
112 96 100 100 94 99 102 100 99 102 100 102 2
104 98 99 97 100 93 100 98 103 101 92 94 3
110 98 102 122 191 119 100 107 164 131 99 100 4
113 101 106 106 119 101 107 105 119 106 98 106 5
104 95 98 97 91 92 92 99 96 98 89 95 6
111 100 102 101 97 97 101 102 102 107 102 99 7
110 101 102 124 153 108 97 104 144 139 99 98 8
107 99 102 106 157 102 100 96 157 124 92 95 9
107 98 104 96 93 100 104 95 99 99 98 97 10
115 100 103 103 95 101 100 103 105 106 96 15000 11
