Chip#1
108 109 105 109 103 110 107 104 108 104 107 105 0
103 110 110 112 103 110 111 110 113 103 109 105 1
105 107 111 110 105 107 111 109 111 108 108 106 2
101 104 105 106 93 107 101 103 103 95 102 105 3
104 106 108 109 100 104 107 105 111 93 106 102 4
103 100 136 136 98 135 160 105 103 96 97 100 5
103 106 120 124 102 121 137 104 107 97 102 104 6
106 109 105 112 105 107 107 108 108 96 103 105 7
104 105 152 152 102 124 130 105 104 105 103 101 8
106 102 138 135 102 123 131 104 102 100 106 107 9
104 104 102 106 101 103 106 101 107 96 102 104 10
108 109 107 115 109 111 111 111 107 109 113 15000 11
