Chip#1
94 83 92 86 98 90 85 90 87 86 92 88 0 0
94 85 93 92 98 89 87 87 84 91 89 93 1 0
110 98 104 101 109 99 95 95 102 100 102 101 2 0
103 93 102 104 106 98 99 99 98 101 99 101 3 0
103 95 102 109 112 100 95 98 109 98 98 92 4 0
100 93 97 105 109 91 93 99 109 97 90 92 5 0
112 101 106 105 116 106 104 107 108 106 104 104 6 0
99 89 96 94 103 90 97 93 93 94 94 91 7 0
96 83 93 94 102 91 91 91 88 93 89 89 8 0
104 92 98 120 118 91 91 103 110 106 95 94 9 0
100 91 99 104 110 97 95 97 109 98 98 96 10 0
100 86 94 97 104 93 96 91 92 98 93 15000 11 0
Chip#2
106 113 79 129 121 91 108 120 118 103 104 125 0 0
100 109 76 123 121 93 103 112 113 105 98 121 1 0
102 113 85 124 121 90 107 117 117 106 100 125 2 0
108 117 87 131 127 100 109 119 122 112 104 131 3 0
108 117 83 130 125 94 108 119 123 105 102 127 4 0
107 114 84 133 129 100 110 119 122 110 105 130 5 0
110 119 86 134 130 100 113 125 125 112 108 135 6 0
107 117 85 131 125 98 110 121 119 109 107 129 7 0
105 114 78 129 124 96 104 117 122 105 102 123 8 0
104 114 80 130 128 99 107 125 128 109 101 125 9 0
110 121 89 132 126 101 110 123 128 113 107 131 10 0
110 114 87 129 126 94 107 118 123 108 100 15000 11 0
Chip#3
0 0 0 33 0 0 62 48 53 0 0 0 241 0
0 0 0 33 0 0 62 48 53 0 0 0 241 0
0 0 0 33 0 0 62 48 53 0 0 0 241 0
0 0 0 33 0 0 62 48 53 0 0 0 241 0
0 0 0 33 0 0 62 48 53 0 0 0 241 0
0 0 0 33 0 0 62 48 53 0 0 0 241 0
0 0 0 33 0 0 62 48 53 0 0 0 241 0
0 0 0 33 0 0 62 48 53 0 0 0 241 0
0 0 0 33 0 0 62 48 53 0 0 0 241 0
0 0 0 33 0 0 62 48 53 0 0 0 241 0
0 0 0 33 0 0 62 48 53 0 0 0 241 0
0 0 0 33 0 0 62 48 53 0 0 15000 241 0
Chip#4
0 0 0 33 0 0 62 48 53 0 0 0 241 0
0 0 0 33 0 0 62 48 53 0 0 0 241 0
0 0 0 33 0 0 62 48 53 0 0 0 241 0
0 0 0 33 0 0 62 48 53 0 0 0 241 0
0 0 0 33 0 0 62 48 53 0 0 0 241 0
0 0 0 33 0 0 62 48 53 0 0 0 241 0
0 0 0 33 0 0 62 48 53 0 0 0 241 0
0 0 0 33 0 0 62 48 53 0 0 0 241 0
0 0 0 33 0 0 62 48 53 0 0 0 241 0
0 0 0 33 0 0 62 48 53 0 0 0 241 0
0 0 0 33 0 0 62 48 53 0 0 0 241 0
0 0 0 33 0 0 62 48 53 0 0 15000 241 0
Chip#1
99 97 95 96 102 94 90 91 90 95 93 93 0 0
101 93 93 99 101 94 93 95 95 99 96 94 1 0
97 95 92 94 102 93 91 93 98 95 93 96 2 0
100 95 100 96 103 98 91 94 92 98 91 100 3 0
96 89 94 102 102 92 87 91 102 91 91 91 4 0
97 96 98 111 106 93 93 100 110 96 96 94 5 0
96 92 94 95 94 94 89 91 87 97 95 93 6 0
106 97 98 102 108 100 99 103 97 97 100 98 7 0
103 97 100 108 109 103 101 97 102 104 98 102 8 0
98 88 98 117 110 93 95 100 112 95 95 92 9 0
105 95 100 109 112 100 99 103 115 102 102 104 10 0
100 88 96 92 98 94 86 89 90 93 89 15000 11 0
Chip#2
109 116 85 128 126 97 107 119 123 109 106 128 0 0
105 118 84 132 125 98 107 122 122 111 104 124 1 0
106 118 87 129 125 98 109 120 122 108 104 127 2 0
106 116 83 127 127 98 106 116 124 105 100 124 3 0
104 114 82 131 124 93 106 118 122 106 101 122 4 0
105 113 77 127 123 97 102 118 120 108 99 126 5 0
103 113 77 121 121 92 102 113 116 105 98 124 6 0
106 115 80 122 118 93 103 116 116 103 99 125 7 0
106 115 82 131 125 94 107 120 121 106 102 126 8 0
106 120 82 131 128 100 106 124 126 107 100 125 9 0
107 115 83 126 120 101 108 119 124 109 102 128 10 0
103 113 79 123 121 95 105 116 117 106 98 15000 11 0
Chip#3
0 0 0 33 0 0 62 48 53 0 0 0 241 0
0 0 0 33 0 0 62 48 53 0 0 0 241 0
0 0 0 33 0 0 62 48 53 0 0 0 241 0
0 0 0 33 0 0 62 48 53 0 0 0 241 0
0 0 0 33 0 0 62 48 53 0 0 0 241 0
0 0 0 33 0 0 62 48 53 0 0 0 241 0
0 0 0 33 0 0 62 48 53 0 0 0 241 0
0 0 0 33 0 0 62 48 53 0 0 0 241 0
0 0 0 33 0 0 62 48 53 0 0 0 241 0
0 0 0 33 0 0 62 48 53 0 0 0 241 0
0 0 0 33 0 0 62 48 53 0 0 0 241 0
0 0 0 33 0 0 62 48 53 0 0 15000 241 0
Chip#4
0 0 0 33 0 0 62 48 53 0 0 0 241 0
0 0 0 33 0 0 62 48 53 0 0 0 241 0
0 0 0 33 0 0 62 48 53 0 0 0 241 0
0 0 0 33 0 0 62 48 53 0 0 0 241 0
0 0 0 33 0 0 62 48 53 0 0 0 241 0
0 0 0 33 0 0 62 48 53 0 0 0 241 0
0 0 0 33 0 0 62 48 53 0 0 0 241 0
0 0 0 33 0 0 62 48 53 0 0 0 241 0
0 0 0 33 0 0 62 48 53 0 0 0 241 0
0 0 0 33 0 0 62 48 53 0 0 0 241 0
0 0 0 33 0 0 62 48 53 0 0 0 241 0
0 0 0 33 0 0 62 48 53 0 0 15000 241 0
Chip#1
99 92 97 97 102 98 89 94 97 99 96 97 0 0
94 89 89 91 95 91 86 89 90 94 91 92 1 0
94 88 92 92 99 88 91 89 88 94 91 94 2 0
104 92 102 108 105 95 99 99 95 102 103 97 3 0
92 85 96 102 101 86 83 91 103 91 94 89 4 0
99 93 97 115 112 97 91 99 117 101 99 96 5 0
97 95 97 97 105 97 91 93 95 101 102 96 6 0
94 85 96 91 98 86 85 86 90 91 93 87 7 0
96 83 93 98 98 89 89 87 91 97 93 92 8 0
99 92 98 122 112 98 89 99 117 102 95 93 9 0
100 88 98 109 109 98 98 103 112 99 99 94 10 0
102 93 97 102 99 103 91 96 94 101 104 15000 11 0
Chip#2
108 115 84 128 124 100 110 120 123 110 103 130 0 0
106 113 82 129 120 97 104 119 117 109 102 128 1 0
98 112 78 123 119 93 99 112 116 105 97 121 2 0
105 117 83 132 123 99 106 118 119 107 102 127 3 0
107 118 84 134 133 99 109 120 125 110 103 129 4 0
102 113 81 129 125 94 102 116 120 103 99 123 5 0
97 110 77 121 118 91 100 114 114 104 95 126 6 0
99 110 77 120 115 88 95 111 114 102 96 120 7 0
104 114 83 127 122 94 104 117 121 105 99 127 8 0
103 109 79 130 123 95 101 120 126 106 95 120 9 0
106 111 82 126 123 97 101 118 120 105 104 129 10 0
102 114 82 129 119 95 107 117 120 110 100 15000 11 0
Chip#3
0 0 0 33 0 0 62 48 53 0 0 0 241 0
0 0 0 33 0 0 62 48 53 0 0 0 241 0
0 0 0 33 0 0 62 48 53 0 0 0 241 0
0 0 0 33 0 0 62 48 53 0 0 0 241 0
0 0 0 33 0 0 62 48 53 0 0 0 241 0
0 0 0 33 0 0 62 48 53 0 0 0 241 0
0 0 0 33 0 0 62 48 53 0 0 0 241 0
0 0 0 33 0 0 62 48 53 0 0 0 241 0
0 0 0 33 0 0 62 48 53 0 0 0 241 0
0 0 0 33 0 0 62 48 53 0 0 0 241 0
0 0 0 33 0 0 62 48 53 0 0 0 241 0
0 0 0 33 0 0 62 48 53 0 0 15000 241 0
Chip#4
0 0 0 33 0 0 62 48 53 0 0 0 241 0
0 0 0 33 0 0 62 48 53 0 0 0 241 0
0 0 0 33 0 0 62 48 53 0 0 0 241 0
0 0 0 33 0 0 62 48 53 0 0 0 241 0
0 0 0 33 0 0 62 48 53 0 0 0 241 0
0 0 0 33 0 0 62 48 53 0 0 0 241 0
0 0 0 33 0 0 62 48 53 0 0 0 241 0
0 0 0 33 0 0 62 48 53 0 0 0 241 0
0 0 0 33 0 0 62 48 53 0 0 0 241 0
0 0 0 33 0 0 62 48 53 0 0 0 241 0
0 0 0 33 0 0 62 48 53 0 0 0 241 0
0 0 0 33 0 0 62 48 53 0 0 15000 241 0
Chip#1
97 90 98 94 101 93 93 94 97 92 93 94 0 0
102 96 102 105 109 99 94 100 101 98 104 100 1 0
93 89 92 88 96 87 85 87 101 83 89 91 2 0
98 92 100 91 99 97 94 94 95 97 90 91 3 0
106 95 102 109 114 98 99 99 106 98 100 97 4 0
92 92 96 107 108 92 91 91 106 93 93 97 5 0
100 90 97 98 105 93 92 101 100 98 95 94 6 0
93 89 93 88 93 89 87 90 100 86 90 87 7 0
100 97 101 101 105 97 94 94 97 94 98 100 8 0
93 86 96 109 102 90 87 95 109 91 93 89 9 0
96 89 97 105 103 94 91 93 106 93 93 88 10 0
96 89 94 94 98 94 94 90 93 91 98 15000 11 0
Chip#2
104 115 81 128 123 98 106 118 117 105 100 127 0 0
102 115 82 126 120 95 106 115 119 105 100 125 1 0
105 117 85 131 121 96 110 117 121 109 103 127 2 0
104 112 81 124 119 91 107 114 116 101 99 122 3 0
104 114 81 128 122 93 99 115 120 106 99 125 4 0
105 117 86 134 126 96 107 119 124 108 105 128 5 0
109 118 87 127 126 98 107 123 121 107 104 130 6 0
106 119 85 125 119 97 105 117 118 109 99 124 7 0
107 115 84 131 123 92 104 118 119 106 100 126 8 0
101 114 81 129 121 95 103 122 122 104 100 126 9 0
110 117 88 129 120 99 109 119 121 109 100 128 10 0
106 113 81 124 117 92 102 112 116 105 97 15000 11 0
Chip#3
0 0 0 33 0 0 62 48 53 0 0 0 241 0
0 0 0 33 0 0 62 48 53 0 0 0 241 0
0 0 0 33 0 0 62 48 53 0 0 0 241 0
0 0 0 33 0 0 62 48 53 0 0 0 241 0
0 0 0 33 0 0 62 48 53 0 0 0 241 0
0 0 0 33 0 0 62 48 53 0 0 0 241 0
0 0 0 33 0 0 62 48 53 0 0 0 241 0
0 0 0 33 0 0 62 48 53 0 0 0 241 0
0 0 0 33 0 0 62 48 53 0 0 0 241 0
0 0 0 33 0 0 62 48 53 0 0 0 241 0
0 0 0 33 0 0 62 48 53 0 0 0 241 0
0 0 0 33 0 0 62 48 53 0 0 15000 241 0
Chip#4
0 0 0 33 0 0 62 48 53 0 0 0 241 0
0 0 0 33 0 0 62 48 53 0 0 0 241 0
0 0 0 33 0 0 62 48 53 0 0 0 241 0
0 0 0 33 0 0 62 48 53 0 0 0 241 0
0 0 0 33 0 0 62 48 53 0 0 0 241 0
0 0 0 33 0 0 62 48 53 0 0 0 241 0
0 0 0 33 0 0 62 48 53 0 0 0 241 0
0 0 0 33 0 0 62 48 53 0 0 0 241 0
0 0 0 33 0 0 62 48 53 0 0 0 241 0
0 0 0 33 0 0 62 48 53 0 0 0 241 0
0 0 0 33 0 0 62 48 53 0 0 0 241 0
0 0 0 33 0 0 62 48 53 0 0 15000 241 0
Chip#1
102 93 105 98 106 99 99 97 97 97 95 101 0 0
98 89 96 92 106 90 86 90 93 94 93 92 1 0
100 88 100 91 103 94 87 86 95 92 93 93 2 0
102 86 97 92 106 94 90 91 94 94 93 94 3 0
98 93 98 111 109 93 91 94 109 97 93 96 4 0
97 86 101 111 110 94 90 102 112 94 94 93 5 0
102 90 102 95 108 97 92 95 102 98 95 96 6 0
96 88 96 91 103 95 85 94 90 88 87 94 7 0
95 82 92 88 97 87 80 85 83 90 88 91 8 0
97 86 97 117 112 91 88 99 115 99 93 96 9 0
96 86 91 98 103 88 57 94 108 94 93 92 10 0
106 95 106 104 109 98 99 101 104 103 100 15000 11 0
Chip#2
103 116 83 127 120 97 107 116 117 104 99 127 0 0
106 113 84 125 123 94 106 114 117 109 100 125 1 0
102 117 83 124 121 95 102 114 121 106 100 126 2 0
104 114 80 127 117 93 105 114 115 101 95 123 3 0
103 113 81 131 124 91 105 114 123 105 99 123 4 0
105 114 82 133 125 95 105 116 121 110 100 129 5 0
101 110 76 122 116 92 103 112 117 105 97 128 6 0
93 103 75 117 116 90 96 109 113 101 91 120 7 0
104 113 80 128 121 93 105 115 118 108 98 124 8 0
111 121 91 136 132 103 109 125 130 109 103 128 9 0
106 114 83 131 121 97 105 118 119 109 101 126 10 0
102 114 82 126 119 94 104 111 118 102 97 15000 11 0
Chip#3
0 0 0 33 0 0 62 48 53 0 0 0 241 0
0 0 0 33 0 0 62 48 53 0 0 0 241 0
0 0 0 33 0 0 62 48 53 0 0 0 241 0
0 0 0 33 0 0 62 48 53 0 0 0 241 0
0 0 0 33 0 0 62 48 53 0 0 0 241 0
0 0 0 33 0 0 62 48 53 0 0 0 241 0
0 0 0 33 0 0 62 48 53 0 0 0 241 0
0 0 0 33 0 0 62 48 53 0 0 0 241 0
0 0 0 33 0 0 62 48 53 0 0 0 241 0
0 0 0 33 0 0 62 48 53 0 0 0 241 0
0 0 0 33 0 0 62 48 53 0 0 0 241 0
0 0 0 33 0 0 62 48 53 0 0 15000 241 0
Chip#4
0 0 0 33 0 0 62 48 53 0 0 0 241 0
0 0 0 33 0 0 62 48 53 0 0 0 241 0
0 0 0 33 0 0 62 48 53 0 0 0 241 0
0 0 0 33 0 0 62 48 53 0 0 0 241 0
0 0 0 33 0 0 62 48 53 0 0 0 241 0
0 0 0 33 0 0 62 48 53 0 0 0 241 0
0 0 0 33 0 0 62 48 53 0 0 0 241 0
0 0 0 33 0 0 62 48 53 0 0 0 241 0
0 0 0 33 0 0 62 48 53 0 0 0 241 0
0 0 0 33 0 0 62 48 53 0 0 0 241 0
0 0 0 33 0 0 62 48 53 0 0 0 241 0
0 0 0 33 0 0 62 48 53 0 0 15000 241 0
Chip#1
94 95 97 89 101 91 91 91 93 93 98 91 0 0
107 104 104 104 108 102 100 104 103 105 102 106 1 0
99 93 97 95 102 90 91 87 90 90 95 97 2 0
96 86 92 91 98 89 86 85 86 87 94 85 3 0
96 90 101 108 105 95 93 94 108 91 95 92 4 0
99 95 97 114 110 94 96 102 115 101 98 96 5 0
102 92 101 97 109 97 93 98 99 91 100 98 6 0
106 96 102 97 108 98 98 100 94 98 103 102 7 0
103 96 101 102 103 94 95 91 98 94 95 94 8 0
93 88 94 109 103 90 84 90 109 93 88 88 9 0
93 89 93 104 98 90 89 91 102 90 92 89 10 0
96 88 93 88 97 90 84 83 87 91 91 15000 11 0
Chip#2
102 114 80 129 120 95 101 113 119 106 101 123 0 0
106 120 85 131 125 94 107 119 121 111 104 131 1 0
98 107 73 119 112 87 101 110 113 101 91 118 2 0
100 111 78 125 116 88 100 111 115 106 93 121 3 0
106 113 84 130 123 95 105 122 124 108 100 125 4 0
99 106 73 123 116 88 99 108 118 103 92 117 5 0
101 113 80 126 120 94 106 115 120 105 98 126 6 0
99 107 78 122 116 89 101 112 115 103 97 125 7 0
104 113 80 129 123 94 101 117 120 108 101 123 8 0
108 117 87 133 125 98 106 124 136 110 102 129 9 0
99 109 79 123 112 90 97 110 113 100 94 121 10 0
100 111 79 123 121 91 101 113 115 102 97 15000 11 0
Chip#3
0 0 0 33 0 0 62 48 53 0 0 0 241 0
0 0 0 33 0 0 62 48 53 0 0 0 241 0
0 0 0 33 0 0 62 48 53 0 0 0 241 0
0 0 0 33 0 0 62 48 53 0 0 0 241 0
0 0 0 33 0 0 62 48 53 0 0 0 241 0
0 0 0 33 0 0 62 48 53 0 0 0 241 0
0 0 0 33 0 0 62 48 53 0 0 0 241 0
0 0 0 33 0 0 62 48 53 0 0 0 241 0
0 0 0 33 0 0 62 48 53 0 0 0 241 0
0 0 0 33 0 0 62 48 53 0 0 0 241 0
0 0 0 33 0 0 62 48 53 0 0 0 241 0
0 0 0 33 0 0 62 48 53 0 0 15000 241 0
Chip#4
0 0 0 33 0 0 62 48 53 0 0 0 241 0
0 0 0 33 0 0 62 48 53 0 0 0 241 0
0 0 0 33 0 0 62 48 53 0 0 0 241 0
0 0 0 33 0 0 62 48 53 0 0 0 241 0
0 0 0 33 0 0 62 48 53 0 0 0 241 0
0 0 0 33 0 0 62 48 53 0 0 0 241 0
0 0 0 33 0 0 62 48 53 0 0 0 241 0
0 0 0 33 0 0 62 48 53 0 0 0 241 0
0 0 0 33 0 0 62 48 53 0 0 0 241 0
0 0 0 33 0 0 62 48 53 0 0 0 241 0
0 0 0 33 0 0 62 48 53 0 0 0 241 0
0 0 0 33 0 0 62 48 53 0 0 15000 241 0
Chip#1
98 92 98 98 101 91 89 94 91 91 98 93 0 0
100 96 97 96 106 96 90 95 97 98 95 97 1 0
102 89 102 99 109 95 91 93 95 100 95 98 2 0
98 88 94 94 101 93 94 90 94 95 90 89 3 0
92 88 94 104 103 88 86 90 106 91 94 88 4 0
100 95 101 114 110 93 92 100 108 101 100 96 5 0
99 90 96 97 102 89 91 95 99 98 93 93 6 0
95 93 100 92 101 94 93 94 100 97 97 94 7 0
100 92 102 101 102 95 93 94 95 100 99 96 8 0
99 95 102 124 113 94 100 107 121 106 99 96 9 0
100 96 101 109 110 93 96 98 112 100 95 94 10 0
100 96 104 92 105 97 93 97 97 102 100 15000 11 0
Chip#2
103 116 83 126 120 94 106 119 123 108 106 126 0 0
98 108 75 124 113 88 97 113 114 100 96 117 1 0
106 116 81 128 121 91 106 118 121 108 102 127 2 0
106 115 80 130 121 95 104 117 121 106 104 128 3 0
105 112 80 126 120 91 102 112 121 104 97 119 4 0
110 120 87 135 126 98 104 120 126 114 107 130 5 0
105 116 83 124 118 93 103 115 119 105 98 126 6 0
104 117 83 127 123 94 104 116 122 108 102 125 7 0
102 111 77 127 121 91 102 117 123 105 100 123 8 0
101 111 79 125 119 89 100 115 123 104 96 122 9 0
106 119 78 129 122 96 105 116 123 107 103 122 10 0
108 116 80 131 121 98 106 120 124 110 104 15000 11 0
Chip#3
0 0 0 33 0 0 62 48 53 0 0 0 241 0
0 0 0 33 0 0 62 48 53 0 0 0 241 0
0 0 0 33 0 0 62 48 53 0 0 0 241 0
0 0 0 33 0 0 62 48 53 0 0 0 241 0
0 0 0 33 0 0 62 48 53 0 0 0 241 0
0 0 0 33 0 0 62 48 53 0 0 0 241 0
0 0 0 33 0 0 62 48 53 0 0 0 241 0
0 0 0 33 0 0 62 48 53 0 0 0 241 0
0 0 0 33 0 0 62 48 53 0 0 0 241 0
0 0 0 33 0 0 62 48 53 0 0 0 241 0
0 0 0 33 0 0 62 48 53 0 0 0 241 0
0 0 0 33 0 0 62 48 53 0 0 15000 241 0
Chip#4
0 0 0 33 0 0 62 48 53 0 0 0 241 0
0 0 0 33 0 0 62 48 53 0 0 0 241 0
0 0 0 33 0 0 62 48 53 0 0 0 241 0
0 0 0 33 0 0 62 48 53 0 0 0 241 0
0 0 0 33 0 0 62 48 53 0 0 0 241 0
0 0 0 33 0 0 62 48 53 0 0 0 241 0
0 0 0 33 0 0 62 48 53 0 0 0 241 0
0 0 0 33 0 0 62 48 53 0 0 0 241 0
0 0 0 33 0 0 62 48 53 0 0 0 241 0
0 0 0 33 0 0 62 48 53 0 0 0 241 0
0 0 0 33 0 0 62 48 53 0 0 0 241 0
0 0 0 33 0 0 62 48 53 0 0 15000 241 0
Chip#1
92 85 91 88 94 84 83 82 89 88 85 87 0 0
97 92 98 94 102 94 91 93 93 95 96 98 1 0
100 96 102 95 102 94 95 94 102 95 100 100 2 0
103 92 98 94 102 93 91 90 95 95 98 92 3 0
90 83 96 101 102 85 84 89 103 91 91 92 4 0
96 92 98 105 103 88 85 97 110 93 93 96 5 0
99 92 97 96 100 94 94 93 100 97 96 96 6 0
103 93 98 102 102 93 89 90 98 96 98 97 7 0
100 97 100 105 102 93 91 95 95 99 98 94 8 0
102 93 104 122 112 97 95 102 121 107 102 94 9 0
102 92 98 107 103 91 88 94 110 99 97 94 10 0
103 92 100 99 97 93 98 87 94 90 95 15000 11 0
Chip#2
106 117 82 128 123 93 106 118 124 108 102 128 0 0
108 120 88 133 127 99 109 122 124 111 103 130 1 0
99 113 78 125 117 95 102 112 120 102 99 120 2 0
102 114 80 128 120 90 104 118 120 103 96 122 3 0
104 111 83 131 123 95 101 114 120 105 100 122 4 0
103 108 83 127 121 94 103 116 122 106 97 123 5 0
103 114 80 123 119 92 105 115 117 102 97 126 6 0
101 112 79 126 119 92 102 116 116 103 94 127 7 0
108 117 84 129 122 96 105 118 123 111 100 127 8 0
101 112 80 130 121 88 97 117 130 102 97 122 9 0
108 116 81 127 123 93 106 116 120 107 97 128 10 0
103 112 83 126 121 94 101 113 117 105 97 15000 11 0
Chip#3
0 0 0 33 0 0 62 48 53 0 0 0 241 0
0 0 0 33 0 0 62 48 53 0 0 0 241 0
0 0 0 33 0 0 62 48 53 0 0 0 241 0
0 0 0 33 0 0 62 48 53 0 0 0 241 0
0 0 0 33 0 0 62 48 53 0 0 0 241 0
0 0 0 33 0 0 62 48 53 0 0 0 241 0
0 0 0 33 0 0 62 48 53 0 0 0 241 0
0 0 0 33 0 0 62 48 53 0 0 0 241 0
0 0 0 33 0 0 62 48 53 0 0 0 241 0
0 0 0 33 0 0 62 48 53 0 0 0 241 0
0 0 0 33 0 0 62 48 53 0 0 0 241 0
0 0 0 33 0 0 62 48 53 0 0 15000 241 0
Chip#4
0 0 0 33 0 0 62 48 53 0 0 0 241 0
0 0 0 33 0 0 62 48 53 0 0 0 241 0
0 0 0 33 0 0 62 48 53 0 0 0 241 0
0 0 0 33 0 0 62 48 53 0 0 0 241 0
0 0 0 33 0 0 62 48 53 0 0 0 241 0
0 0 0 33 0 0 62 48 53 0 0 0 241 0
0 0 0 33 0 0 62 48 53 0 0 0 241 0
0 0 0 33 0 0 62 48 53 0 0 0 241 0
0 0 0 33 0 0 62 48 53 0 0 0 241 0
0 0 0 33 0 0 62 48 53 0 0 0 241 0
0 0 0 33 0 0 62 48 53 0 0 0 241 0
0 0 0 33 0 0 62 48 53 0 0 15000 241 0
Chip#1
94 88 92 94 102 93 90 86 91 88 92 91 0 0
99 90 100 96 106 97 94 98 94 100 98 96 1 0
99 90 98 101 104 94 99 93 97 93 98 97 2 0
98 95 101 97 103 93 92 89 94 95 100 94 3 0
96 86 100 101 99 88 87 90 106 93 93 88 4 0
103 100 109 118 112 100 95 101 119 101 100 104 5 0
97 89 96 96 101 95 91 94 100 94 93 89 6 0
98 92 101 101 104 95 89 89 88 94 92 96 7 0
104 96 108 107 113 99 96 99 99 99 100 102 8 0
88 85 93 114 102 90 83 95 106 88 88 85 9 0
96 86 93 99 98 90 84 93 102 87 86 87 10 0
97 86 100 99 102 93 90 91 93 95 92 15000 11 0
Chip#2
101 111 79 127 115 96 102 112 116 104 97 121 0 0
103 112 79 128 120 94 103 116 119 106 99 125 1 0
104 122 88 131 124 98 111 117 123 110 105 127 2 0
99 110 76 124 119 89 102 114 116 103 94 118 3 0
110 115 85 136 129 99 104 123 125 109 104 128 4 0
102 115 80 127 116 91 101 116 121 104 100 125 5 0
110 121 89 133 124 97 109 124 124 112 108 136 6 0
103 115 80 124 116 93 102 117 118 108 99 123 7 0
108 116 84 131 126 98 109 119 127 108 102 127 8 0
110 121 86 135 130 98 108 122 133 110 107 134 9 0
104 113 81 126 120 94 103 114 121 104 100 126 10 0
105 117 84 125 121 94 106 115 122 105 100 15000 11 0
Chip#3
0 0 0 33 0 0 62 48 53 0 0 0 241 0
0 0 0 33 0 0 62 48 53 0 0 0 241 0
0 0 0 33 0 0 62 48 53 0 0 0 241 0
0 0 0 33 0 0 62 48 53 0 0 0 241 0
0 0 0 33 0 0 62 48 53 0 0 0 241 0
0 0 0 33 0 0 62 48 53 0 0 0 241 0
0 0 0 33 0 0 62 48 53 0 0 0 241 0
0 0 0 33 0 0 62 48 53 0 0 0 241 0
0 0 0 33 0 0 62 48 53 0 0 0 241 0
0 0 0 33 0 0 62 48 53 0 0 0 241 0
0 0 0 33 0 0 62 48 53 0 0 0 241 0
0 0 0 33 0 0 62 48 53 0 0 15000 241 0
Chip#4
0 0 0 33 0 0 62 48 53 0 0 0 241 0
0 0 0 33 0 0 62 48 53 0 0 0 241 0
0 0 0 33 0 0 62 48 53 0 0 0 241 0
0 0 0 33 0 0 62 48 53 0 0 0 241 0
0 0 0 33 0 0 62 48 53 0 0 0 241 0
0 0 0 33 0 0 62 48 53 0 0 0 241 0
0 0 0 33 0 0 62 48 53 0 0 0 241 0
0 0 0 33 0 0 62 48 53 0 0 0 241 0
0 0 0 33 0 0 62 48 53 0 0 0 241 0
0 0 0 33 0 0 62 48 53 0 0 0 241 0
0 0 0 33 0 0 62 48 53 0 0 0 241 0
0 0 0 33 0 0 62 48 53 0 0 15000 241 0
Chip#1
97 85 98 92 102 90 85 89 89 93 94 91 0 0
98 85 92 96 102 89 89 90 88 93 95 92 1 0
102 93 102 102 109 98 96 98 98 99 104 102 2 0
98 86 96 95 102 90 90 91 95 95 94 92 3 0
100 93 102 115 108 95 95 102 113 100 100 101 4 0
106 96 109 121 116 99 93 105 114 102 99 96 5 0
105 100 111 109 110 109 103 104 105 110 107 104 6 0
103 86 106 96 101 99 95 99 98 98 95 94 7 0
106 95 102 111 109 102 92 96 101 105 104 105 8 0
93 82 91 111 98 88 80 93 106 87 90 87 9 0
100 85 101 109 105 98 89 98 108 97 95 94 10 0
98 87 103 95 100 96 83 83 87 93 94 15000 11 0
Chip#2
108 118 82 130 126 97 106 123 125 107 102 128 0 0
110 115 81 130 124 97 109 119 120 109 101 126 1 0
110 117 86 133 122 96 107 119 122 112 104 128 2 0
106 114 83 127 123 93 107 115 121 105 102 124 3 0
111 121 87 137 130 100 110 122 131 113 103 133 4 0
109 117 85 131 126 96 106 118 121 109 102 126 5 0
104 115 79 121 117 88 100 113 115 102 95 123 6 0
101 114 81 125 116 93 100 111 115 104 98 122 7 0
101 116 81 126 121 97 104 113 120 104 99 123 8 0
102 111 80 129 121 91 103 118 128 104 99 123 9 0
105 113 83 128 122 96 106 118 120 104 99 127 10 0
109 116 84 127 119 95 102 118 119 106 101 15000 11 0
Chip#3
0 0 0 33 0 0 62 48 53 0 0 0 241 0
0 0 0 33 0 0 62 48 53 0 0 0 241 0
0 0 0 33 0 0 62 48 53 0 0 0 241 0
0 0 0 33 0 0 62 48 53 0 0 0 241 0
0 0 0 33 0 0 62 48 53 0 0 0 241 0
0 0 0 33 0 0 62 48 53 0 0 0 241 0
0 0 0 33 0 0 62 48 53 0 0 0 241 0
0 0 0 33 0 0 62 48 53 0 0 0 241 0
0 0 0 33 0 0 62 48 53 0 0 0 241 0
0 0 0 33 0 0 62 48 53 0 0 0 241 0
0 0 0 33 0 0 62 48 53 0 0 0 241 0
0 0 0 33 0 0 62 48 53 0 0 15000 241 0
Chip#4
0 0 0 33 0 0 62 48 53 0 0 0 241 0
0 0 0 33 0 0 62 48 53 0 0 0 241 0
0 0 0 33 0 0 62 48 53 0 0 0 241 0
0 0 0 33 0 0 62 48 53 0 0 0 241 0
0 0 0 33 0 0 62 48 53 0 0 0 241 0
0 0 0 33 0 0 62 48 53 0 0 0 241 0
0 0 0 33 0 0 62 48 53 0 0 0 241 0
0 0 0 33 0 0 62 48 53 0 0 0 241 0
0 0 0 33 0 0 62 48 53 0 0 0 241 0
0 0 0 33 0 0 62 48 53 0 0 0 241 0
0 0 0 33 0 0 62 48 53 0 0 0 241 0
347 0 0 33 0 0 62 48 53 0 0 15000 24 0
Chip#1
94 95 94 86 101 90 89 87 93 91 89 92 0 0
107 102 102 104 110 98 99 99 98 103 104 105 1 0
98 86 92 91 94 90 87 85 86 90 90 92 2 0
99 93 94 95 99 98 96 91 97 95 99 92 3 0
98 92 102 105 108 93 93 95 105 93 100 97 4 0
97 93 92 108 102 95 93 93 109 97 94 97 5 0
104 104 104 108 116 111 104 100 105 107 107 102 6 0
97 86 94 89 101 91 88 90 94 94 90 89 7 0
97 95 98 102 103 95 91 97 91 91 94 98 8 0
100 93 102 120 113 99 92 99 117 98 95 98 9 0
90 90 91 104 98 93 86 90 101 95 97 93 10 0
99 93 100 101 101 99 91 98 97 100 102 15000 11 0
Chip#2
100 114 83 127 122 98 101 116 118 106 100 125 0 0
101 112 80 126 119 91 100 114 115 103 98 120 1 0
107 114 85 130 121 95 107 117 120 106 102 126 2 0
97 111 78 125 118 92 100 111 115 105 98 121 3 0
100 112 81 128 124 93 102 115 117 103 99 123 4 0
106 117 81 133 125 99 106 119 122 110 102 128 5 0
101 114 85 126 121 93 101 119 115 104 99 126 6 0
102 118 82 131 121 96 105 116 116 108 101 124 7 0
101 114 82 129 116 93 100 112 116 106 98 120 8 0
107 117 82 135 127 99 102 121 127 106 103 124 9 0
103 115 83 127 121 101 106 118 119 107 101 125 10 0
97 110 79 126 116 87 99 112 113 99 94 15000 11 0
Chip#3
0 0 0 33 0 0 62 48 53 0 0 0 241 0
0 0 0 33 0 0 62 48 53 0 0 0 241 0
0 0 0 33 0 0 62 48 53 0 0 0 241 0
0 0 0 33 0 0 62 48 53 0 0 0 241 0
0 0 0 33 0 0 62 48 53 0 0 0 241 0
0 0 0 33 0 0 62 48 53 0 0 0 241 0
0 0 0 33 0 0 62 48 53 0 0 0 241 0
0 0 0 33 0 0 62 48 53 0 0 0 241 0
0 0 0 33 0 0 62 48 53 0 0 0 241 0
0 0 0 33 0 0 62 48 53 0 0 0 241 0
0 0 0 33 0 0 62 48 53 0 0 0 241 0
0 0 0 33 0 0 62 48 53 0 0 15000 241 0
Chip#4
0 0 0 33 0 0 62 48 53 0 0 0 241 0
0 0 0 33 0 0 62 48 53 0 0 0 241 0
0 0 0 33 0 0 62 48 53 0 0 0 241 0
0 0 0 33 0 0 62 48 53 0 0 0 241 0
0 0 0 33 0 0 62 48 53 0 0 0 241 0
0 0 0 33 0 0 62 48 53 0 0 0 241 0
0 0 0 33 0 0 62 48 53 0 0 0 241 0
0 0 0 33 0 0 62 48 53 0 0 0 241 0
0 0 0 33 0 0 62 48 53 0 0 0 241 0
0 0 0 33 0 0 62 48 53 0 0 0 241 0
0 0 0 33 0 0 62 48 53 0 0 0 241 0
0 0 0 33 0 0 62 48 53 0 0 15000 241 0
