Chip#1
362 382 414 402 442 440 354 365 331 326 388 388 388 389 350 333 418 417 294 294 405 422 356 357 0
356 380 414 402 443 462 354 367 331 329 385 407 389 390 336 337 417 417 310 314 422 423 359 375 1
359 381 410 402 442 433 352 366 329 328 386 394 389 374 337 340 416 419 309 317 423 426 356 363 2
382 363 415 400 433 444 357 367 335 330 393 390 396 389 339 337 420 414 315 312 426 424 360 358 3
380 384 400 420 449 449 354 365 349 345 391 409 390 391 337 357 420 432 315 315 421 423 359 377 4
381 382 419 404 465 452 371 365 346 329 410 392 409 389 355 336 435 418 316 314 442 427 375 359 5
365 381 415 404 449 449 373 354 351 331 409 408 394 390 341 339 419 418 313 312 426 425 361 360 6
364 399 413 416 432 450 357 368 330 348 394 406 393 388 339 337 420 435 298 313 426 425 357 375 7
369 368 421 405 449 450 374 367 336 331 413 391 412 391 357 339 437 417 316 296 425 424 377 360 8
369 383 421 400 449 463 371 366 350 329 408 391 414 386 338 337 420 420 315 311 425 422 375 358 9
380 373 415 425 444 449 352 372 326 350 390 413 390 394 336 358 417 440 310 317 419 428 357 380 10
369 382 414 403 445 462 373 354 349 330 392 389 411 387 338 337 421 419 315 297 423 424 361 358 11
368 398 400 431 447 466 373 382 349 343 391 407 393 404 338 355 419 434 297 313 424 441 359 375 12
370 374 423 404 448 449 375 373 336 333 414 411 415 395 361 341 441 420 317 318 446 427 381 362 13
386 371 417 405 449 443 383 352 336 331 409 389 415 391 361 339 439 418 320 313 444 425 377 359 14
368 371 400 403 450 444 352 355 351 335 389 392 410 393 339 340 421 420 316 315 422 427 376 362 15
369 373 403 424 450 446 367 353 346 332 410 393 393 393 341 341 422 423 315 315 424 425 378 380 16
371 387 404 420 449 461 355 369 338 350 400 417 400 412 362 361 445 442 318 334 428 447 381 399 17
372 388 403 421 453 448 375 372 332 327 390 390 390 391 340 357 423 436 313 314 425 426 379 380 18
373 376 401 403 451 453 376 354 350 331 413 393 412 392 359 340 438 422 316 317 429 429 378 364 19
391 394 425 425 450 450 374 375 336 336 410 413 394 392 360 357 439 441 316 335 432 447 378 383 20
390 394 423 428 452 451 374 373 350 350 393 392 413 412 357 360 441 440 317 319 427 447 378 380 21
394 395 425 427 473 453 376 370 338 349 410 411 414 411 361 359 441 437 318 318 446 443 380 379 22
392 393 423 418 451 448 373 372 351 345 401 410 401 410 364 357 440 438 335 317 445 444 399 381 23
Chip#2
452 471 490 490 411 406 493 505 471 486 521 537 432 449 457 472 473 467 354 374 412 415 464 488 0
464 462 485 484 424 401 487 480 482 469 537 521 461 440 472 467 464 464 370 368 410 410 484 464 1
469 464 508 503 428 420 510 506 486 480 537 537 460 455 489 466 487 482 393 391 431 411 504 495 2
450 461 484 482 403 407 490 482 486 482 521 537 441 437 451 471 448 464 374 368 387 406 464 482 3
467 466 488 486 405 403 490 486 488 487 537 537 462 437 470 470 485 466 374 383 411 405 483 494 4
459 471 476 510 413 428 466 510 479 493 521 537 438 463 461 493 460 486 361 374 386 428 474 487 5
463 461 481 484 406 406 486 502 480 488 537 537 457 457 472 469 478 483 369 371 411 427 481 484 6
460 466 481 501 408 421 490 506 481 490 537 537 461 448 468 466 478 466 368 369 407 428 483 482 7
461 461 479 482 415 404 489 487 490 486 521 537 440 439 470 468 467 465 369 373 408 406 481 481 8
458 458 474 487 395 422 483 488 477 484 521 537 439 456 462 489 460 477 358 370 404 410 475 480 9
458 451 495 490 400 411 487 493 485 509 521 537 435 441 463 473 456 465 368 376 404 414 476 484 10
448 459 482 492 405 401 486 488 486 483 537 521 460 436 466 469 478 457 368 363 408 403 476 473 11
459 467 482 502 418 424 489 503 483 483 537 537 437 457 468 470 466 465 368 371 408 406 494 493 12
478 444 500 485 421 407 505 469 482 474 537 521 458 444 466 448 482 462 388 356 424 391 511 479 13
463 477 480 483 407 422 487 501 466 490 521 537 438 457 469 472 464 478 366 383 400 404 479 483 14
451 478 485 485 401 425 488 507 466 486 521 537 441 459 448 485 468 467 371 371 386 411 477 494 15
466 461 508 476 427 402 504 485 505 484 537 521 459 437 494 449 487 478 394 374 417 408 484 477 16
448 458 484 480 405 403 490 499 487 480 537 537 457 457 469 478 464 477 383 370 411 407 495 489 17
448 458 481 482 400 403 491 486 484 495 537 537 441 436 469 467 466 478 373 370 409 405 465 492 18
448 449 483 479 401 401 485 466 484 479 521 521 436 436 477 461 459 461 382 368 405 388 474 475 19
470 455 484 485 407 408 490 498 486 487 537 521 461 446 468 464 465 465 373 372 410 413 477 464 20
463 478 484 501 404 418 471 504 471 485 521 537 423 434 462 464 461 477 367 368 391 421 475 486 21
462 457 488 500 409 403 489 504 486 484 537 521 439 437 467 478 476 472 369 369 406 404 475 471 22
449 461 485 487 405 402 489 492 488 483 521 521 438 438 463 461 459 457 366 383 387 407 478 477 23
Chip#3
307 327 428 430 406 409 238 244 302 292 252 242 366 382 324 324 257 260 311 314 315 319 315 319 0
328 326 428 427 411 408 226 255 289 307 241 259 368 381 327 326 260 262 313 310 318 319 317 313 1
328 327 430 429 406 407 241 241 309 303 268 240 368 368 324 325 260 261 329 313 304 304 319 313 2
324 328 426 431 406 410 253 242 306 307 254 259 382 371 324 326 257 262 310 331 317 319 313 317 3
331 328 416 428 410 405 243 237 308 289 268 256 369 382 325 323 260 257 333 312 304 318 305 313 4
326 330 443 418 408 412 254 247 319 312 270 259 380 369 339 327 274 279 327 335 316 306 314 319 5
329 329 430 427 410 410 224 224 292 303 268 255 383 353 325 324 260 257 313 312 315 317 317 316 6
326 328 426 433 408 428 241 241 290 305 270 259 365 383 323 324 257 275 311 329 317 318 312 317 7
328 329 424 431 406 411 255 225 289 289 268 242 365 370 342 326 257 261 327 314 318 304 316 317 8
333 331 432 427 414 423 246 241 312 319 270 259 370 382 347 324 263 257 333 329 306 318 306 315 9
306 328 425 445 405 409 238 255 289 319 252 258 363 368 335 325 257 258 310 330 298 318 312 319 10
332 329 416 428 430 408 241 242 310 304 270 242 369 382 345 326 261 262 331 313 306 315 319 317 11
328 332 426 416 409 414 255 244 303 309 268 258 380 369 323 327 258 278 312 335 314 306 312 319 12
308 326 409 445 407 422 239 241 301 308 240 258 367 381 322 344 257 261 309 331 300 319 296 314 13
333 333 435 433 400 412 247 244 310 293 268 258 371 370 343 342 282 262 334 312 307 319 319 304 14
330 329 416 429 414 407 244 224 310 290 256 241 371 365 328 324 263 259 316 313 304 318 318 316 15
333 325 431 427 413 406 246 255 309 289 268 240 370 366 330 324 281 258 320 311 307 316 319 314 16
327 328 425 429 408 409 239 239 293 289 255 255 383 365 325 326 260 257 313 313 318 317 313 315 17
310 328 431 427 411 407 244 237 293 288 243 241 352 363 328 324 262 257 312 310 305 318 318 314 18
330 329 431 447 412 427 227 241 292 306 243 271 352 370 329 343 258 261 312 330 319 305 316 316 19
330 330 445 431 410 412 242 227 306 293 259 242 383 371 324 325 261 262 331 313 334 319 317 319 20
330 326 430 430 410 411 240 240 307 291 259 271 381 369 325 326 261 262 331 332 318 319 316 316 21
