Chip#1
104 105 111 109 115 105 124 116 106 107 106 103 0 222 123 165 23
106 106 108 132 141 123 295 291 120 108 131 103 1 0 0 0 0
106 108 112 138 164 129 288 278 122 115 131 102 2 0 0 0 0
110 106 115 113 114 113 149 159 108 112 131 105 3 0 0 0 0
135 114 120 141 145 168 477 466 164 114 131 108 4 0 0 0 0
132 109 112 133 139 138 487 465 134 118 131 101 5 0 0 0 0
108 107 110 109 112 116 133 131 108 128 116 103 6 0 0 0 0
158 139 119 122 118 117 121 116 136 402 358 121 7 0 0 0 0
150 131 119 113 119 115 121 117 139 401 387 125 8 0 0 0 0
132 109 116 111 111 109 109 107 113 169 163 103 9 0 0 0 0
153 138 120 113 118 114 119 110 180 385 310 113 10 0 0 0 0
141 124 112 108 108 111 112 108 164 370 315 15000 11 0 0 0 0
Chip#2
112 106 102 104 103 100 106 98 109 105 109 104 0 155 124 81 23
112 108 108 108 108 103 178 178 109 102 105 108 1 0 0 0 0
128 114 108 108 115 110 310 284 109 112 112 112 2 0 0 0 0
112 101 103 102 103 102 119 112 109 101 100 103 3 0 0 0 0
128 112 106 103 111 106 405 434 109 111 103 104 4 0 0 0 0
128 112 106 109 114 113 469 483 109 109 112 108 5 0 0 0 0
112 106 100 102 106 103 110 103 109 114 109 109 6 0 0 0 0
128 118 104 108 108 109 107 104 98 462 378 105 7 0 0 0 0
112 116 108 107 111 110 112 101 95 313 271 107 8 0 0 0 0
128 105 101 99 101 100 101 95 96 153 127 99 9 0 0 0 0
112 114 104 105 106 108 111 103 116 592 417 110 10 0 0 0 0
112 113 102 103 108 100 109 100 116 275 219 15000 11 0 0 0 0
Chip#1
102 97 108 99 102 106 101 102 101 105 100 98 0 222 123 91 23
102 97 105 103 105 104 121 117 101 99 97 101 1 0 0 0 0
100 98 107 109 112 107 126 116 103 103 104 99 2 0 0 0 0
99 97 107 100 103 105 102 107 99 100 96 98 3 0 0 0 0
104 100 108 108 109 112 142 159 108 108 104 101 4 0 0 0 0
106 101 112 108 111 108 148 159 109 108 131 101 5 0 0 0 0
99 95 105 102 101 105 103 99 94 100 99 99 6 0 0 0 0
103 97 110 105 102 106 103 100 103 133 147 102 7 0 0 0 0
100 98 103 97 99 101 104 97 101 133 131 98 8 0 0 0 0
97 97 103 101 101 104 103 96 100 103 99 95 9 0 0 0 0
102 100 110 101 103 103 103 101 102 132 131 100 10 0 0 0 0
102 100 110 103 102 107 104 101 106 136 147 15000 11 0 0 0 0
Chip#2
128 103 102 103 106 103 105 97 116 104 108 110 0 154 124 100 23
112 102 102 99 103 102 114 112 116 106 97 105 1 0 0 0 0
112 105 103 104 106 104 138 129 116 108 110 104 2 0 0 0 0
112 106 103 102 104 105 106 102 116 102 104 109 3 0 0 0 0
112 106 101 100 104 104 157 162 116 106 104 103 4 0 0 0 0
112 105 106 102 106 104 169 178 116 105 102 104 5 0 0 0 0
112 101 98 99 98 97 98 95 116 102 97 102 6 0 0 0 0
112 106 102 104 104 102 103 102 116 165 146 103 7 0 0 0 0
112 98 91 97 100 97 97 92 116 126 122 100 8 0 0 0 0
112 110 103 103 108 103 107 102 116 114 108 109 9 0 0 0 0
112 107 101 100 101 100 106 101 116 185 158 105 10 0 0 0 0
112 108 109 102 108 105 109 100 116 137 127 15000 11 0 0 0 0
Chip#1
112 115 117 128 132 116 183 194 116 110 131 114 0 221 123 154 23
152 136 134 268 283 206 957 940 212 153 163 114 1 0 0 0 0
147 138 136 260 292 210 935 894 212 164 167 120 2 0 0 0 0
132 120 119 141 164 129 302 302 118 124 131 107 3 0 0 0 0
163 150 147 275 277 258 1790 1736 254 159 167 119 4 0 0 0 0
160 145 140 249 257 253 1797 1762 259 158 167 119 5 0 0 0 0
156 143 128 132 171 133 252 254 132 219 194 117 6 0 0 0 0
289 284 149 152 164 127 168 159 263 1433 1255 189 7 0 0 0 0
253 242 139 147 151 131 168 175 275 1483 1360 221 8 0 0 0 0
166 179 126 124 127 122 136 159 164 421 318 116 9 0 0 0 0
290 290 161 146 143 130 173 159 370 1462 1067 158 10 0 0 0 0
250 240 136 133 137 125 170 175 324 1391 1123 15000 11 0 0 0 0
Chip#2
112 105 112 110 116 110 112 110 116 113 109 112 0 156 124 152 23
128 117 118 125 138 123 724 741 105 119 121 112 1 0 0 0 0
128 129 120 147 173 158 1724 1628 112 129 122 113 2 0 0 0 0
128 120 121 120 130 133 271 250 100 120 117 114 3 0 0 0 0
128 126 115 139 159 158 2569 2912 133 127 126 115 4 0 0 0 0
144 144 147 155 193 170 3146 3339 141 138 135 121 5 0 0 0 0
144 120 147 127 143 170 166 178 118 222 174 119 6 0 0 0 0
139 169 131 140 151 170 155 147 206 3159 2482 135 7 0 0 0 0
135 160 147 129 144 170 147 136 145 1903 1481 124 8 0 0 0 0
136 121 116 116 124 127 132 123 127 583 331 121 9 0 0 0 0
139 178 147 118 130 122 134 131 304 583 2861 135 10 0 0 0 0
137 159 120 121 123 116 127 124 133 1598 1121 15000 11 0 0 0 0
Chip#1
113 113 115 125 132 113 179 194 114 113 131 107 0 221 123 144 23
147 132 134 268 285 212 955 948 212 155 163 114 1 0 0 0 0
141 129 131 258 287 208 935 893 180 159 147 111 2 0 0 0 0
138 124 128 151 167 133 309 314 122 136 147 117 3 0 0 0 0
168 147 140 272 275 253 1802 1753 250 155 147 115 4 0 0 0 0
155 143 136 239 253 250 1803 1762 250 157 163 114 5 0 0 0 0
153 147 130 139 171 137 255 252 132 213 194 124 6 0 0 0 0
290 284 148 149 164 130 169 175 259 1439 1264 189 7 0 0 0 0
258 250 144 152 164 168 169 191 279 1493 1373 221 8 0 0 0 0
162 179 121 124 122 121 132 159 164 420 318 118 9 0 0 0 0
286 282 158 139 171 128 170 175 363 1460 1073 154 10 0 0 0 0
253 241 142 146 140 129 170 175 325 1392 1132 15000 11 0 0 0 0
Chip#2
139 117 116 119 118 117 121 115 101 118 119 123 0 157 124 36 23
139 119 113 124 138 114 724 744 104 118 117 118 1 0 0 0 0
137 136 124 151 173 158 1733 1629 122 138 127 117 2 0 0 0 0
139 119 121 118 126 127 267 246 101 115 109 114 3 0 0 0 0
137 129 147 140 159 158 2575 2910 133 135 126 118 4 0 0 0 0
139 135 147 151 178 162 3146 3332 135 138 128 114 5 0 0 0 0
138 120 124 130 135 142 169 154 117 206 178 119 6 0 0 0 0
137 169 147 140 145 138 151 146 202 3158 2475 138 7 0 0 0 0
136 166 127 131 142 136 150 136 139 1913 1479 128 8 0 0 0 0
137 124 118 118 118 127 125 119 127 585 333 120 9 0 0 0 0
141 182 133 124 133 121 139 137 304 585 2866 133 10 0 0 0 0
140 159 120 120 126 119 125 116 133 1601 1122 15000 11 0 0 0 0
Chip#1
123 121 128 132 139 122 189 204 122 124 131 113 0 224 123 238 23
147 132 131 263 282 201 966 949 196 152 147 112 1 0 0 0 0
150 132 134 260 288 212 941 903 196 161 170 118 2 0 0 0 0
134 117 124 141 164 124 299 308 125 126 131 109 3 0 0 0 0
159 140 134 264 266 246 1794 1746 250 147 170 112 4 0 0 0 0
155 143 136 246 255 249 1815 1777 255 156 170 120 5 0 0 0 0
156 142 129 135 137 130 256 255 132 212 197 112 6 0 0 0 0
289 287 152 155 166 168 172 191 266 1449 1272 205 7 0 0 0 0
251 242 136 144 150 130 168 159 272 1490 1371 205 8 0 0 0 0
163 151 128 125 124 117 128 126 132 416 315 111 9 0 0 0 0
289 292 159 142 141 130 167 175 366 1468 1078 157 10 0 0 0 0
252 237 142 140 137 128 172 175 329 1400 1136 15000 11 0 0 0 0
Chip#2
141 114 116 120 118 115 121 114 100 115 117 117 0 155 124 20 23
141 121 118 132 143 126 736 749 110 127 123 119 1 0 0 0 0
141 133 121 155 173 140 1746 1630 121 133 123 114 2 0 0 0 0
112 120 121 119 128 130 273 241 102 118 110 115 3 0 0 0 0
141 123 116 132 153 158 2572 2907 133 129 119 110 4 0 0 0 0
140 143 147 153 183 167 3162 3348 141 137 129 123 5 0 0 0 0
141 118 121 128 138 167 165 150 117 206 173 121 6 0 0 0 0
136 168 147 137 148 167 153 162 201 3164 2483 134 7 0 0 0 0
136 163 130 130 142 139 148 133 149 1920 1479 129 8 0 0 0 0
137 131 120 123 127 131 130 127 129 586 332 128 9 0 0 0 0
144 186 147 127 137 126 141 138 312 586 2879 135 10 0 0 0 0
145 159 126 123 128 120 133 119 137 1603 1124 15000 11 0 0 0 0
Chip#1
134 113 125 132 137 120 190 197 120 118 131 112 0 222 123 10 23
146 134 133 265 281 208 964 954 212 157 163 113 1 0 0 0 0
141 135 131 257 281 212 942 954 212 160 179 113 2 0 0 0 0
138 116 122 150 164 130 304 314 122 126 131 111 3 0 0 0 0
160 143 139 272 272 252 1807 1762 253 156 147 115 4 0 0 0 0
153 136 135 240 253 256 1822 1777 254 155 147 113 5 0 0 0 0
157 142 124 132 137 133 255 255 131 221 194 114 6 0 0 0 0
299 290 157 164 170 140 170 177 266 1461 1283 205 7 0 0 0 0
255 243 135 147 164 131 167 177 275 1498 1381 221 8 0 0 0 0
168 154 128 127 127 121 133 131 133 426 319 114 9 0 0 0 0
288 282 159 139 171 128 168 175 363 1472 1079 154 10 0 0 0 0
252 241 144 136 143 128 165 175 329 1406 1155 15000 11 0 0 0 0
Chip#2
144 117 114 110 116 114 116 113 100 115 114 117 0 153 124 10 23
145 129 119 131 140 122 730 747 116 124 121 118 1 0 0 0 0
145 137 124 151 174 142 1747 1628 120 134 125 116 2 0 0 0 0
145 120 114 120 124 123 269 248 102 115 115 115 3 0 0 0 0
145 129 119 136 157 158 2588 2930 136 129 127 118 4 0 0 0 0
145 136 124 150 180 164 3162 3350 136 133 127 119 5 0 0 0 0
145 117 120 125 139 137 166 162 113 206 174 123 6 0 0 0 0
144 170 147 139 144 158 152 146 199 3181 2484 130 7 0 0 0 0
145 162 127 125 142 139 139 130 140 1915 1454 120 8 0 0 0 0
145 127 147 118 127 128 128 123 128 585 333 124 9 0 0 0 0
144 192 147 128 137 125 141 138 312 585 2886 133 10 0 0 0 0
141 160 124 121 129 122 129 124 139 1608 1130 15000 11 0 0 0 0
