Chipdp
84 2 82 2 16 6 4 10 6 11 6 10 7 11 7 4 7 6 8 6 7 7 8 7 4 4 6 5 6 4 7 5 7 4 1 6 2 6 1 7 2 7 4 10 9 11 9 10 10 11 10 4 7 9 8 9 7 10 8 10 4 4 9 5 9 4 10 5 10 4 1 9 2 9 1 10 2 10 4 10 3 11 3 10 4 11 4 4 7 3 8 3 7 4 8 4 4 4 3 5 3 4 4 5 4 4 1 3 2 3 1 4 2 4 4 10 0 11 0 10 1 11 1 4 7 0 8 0 7 1 8 1 4 4 0 5 0 4 1 5 1 4 1 0 2 0 1 1 2 1 4 10 6 11 6 10 7 11 7 4 7 6 8 6 7 7 8 7 4 4 6 5 6 4 7 5 7 4 1 6 2 6 1 7 2 7 4 10 9 11 9 10 10 11 10 4 7 9 8 9 7 10 8 10 4 4 9 5 9 4 10 5 10 4 1 9 2 9 1 10 2 10 4 10 3 11 3 10 4 11 4 4 7 3 8 3 7 4 8 4 4 4 3 5 3 4 4 5 4 4 1 3 2 3 1 4 2 4 4 10 0 11 0 10 1 11 1 4 7 0 8 0 7 1 8 1 4 4 0 5 0 4 1 5 1 4 1 0 2 0 1 1 2 1 
Chip#1
111 108 114 113 118 106 124 117 108 109 109 106 0
143 128 121 173 185 125 272 272 125 132 147 105 1
143 138 125 173 187 137 284 273 127 143 163 108 2
106 106 105 118 124 106 147 144 100 112 107 101 3
159 142 130 190 193 168 502 484 164 141 147 114 4
151 129 117 167 179 140 507 495 138 136 131 107 5
132 121 110 115 119 111 148 137 108 136 131 105 6
192 182 119 140 141 117 151 135 164 430 387 125 7
189 182 128 147 143 120 153 159 180 451 431 133 8
138 129 111 116 119 111 121 112 116 193 176 111 9
193 189 131 138 140 116 156 159 180 439 350 115 10
188 163 122 128 131 114 152 159 180 427 372 15000 11
Chip#2
112 97 96 100 104 98 96 97 102 98 97 100 0
112 94 96 100 100 93 147 141 102 100 98 103 1
112 102 100 107 113 102 215 211 102 104 99 100 2
112 104 102 108 109 109 115 113 102 112 102 113 3
112 101 100 99 113 105 392 418 102 106 104 103 4
112 107 101 104 113 108 450 459 102 107 103 103 5
112 101 100 102 103 102 103 100 102 107 105 104 6
112 118 108 110 106 106 110 107 102 430 365 109 7
112 105 101 100 103 104 103 98 102 293 255 105 8
112 108 106 107 111 104 106 104 102 152 129 108 9
112 108 100 94 99 98 100 97 98 531 363 102 10
112 111 102 98 104 97 101 102 98 248 201 15000 11
Chip#1
111 104 105 110 114 105 119 115 104 108 97 96 0
143 130 122 171 183 132 272 272 121 140 147 103 1
140 134 117 172 183 130 276 268 121 134 147 99 2
116 112 108 123 130 115 154 159 107 113 111 103 3
152 138 121 184 181 168 502 487 164 137 147 107 4
155 131 119 172 179 168 513 504 164 141 147 107 5
135 117 110 116 118 106 144 135 103 131 131 101 6
190 176 126 142 139 121 146 134 164 434 387 120 7
178 155 114 135 135 107 141 133 164 445 429 126 8
144 127 114 121 114 109 120 112 114 192 172 106 9
196 185 129 134 132 117 151 140 180 441 352 117 10
188 185 121 134 135 117 153 159 180 434 387 15000 11
Chip#2
112 105 103 104 104 102 104 102 98 108 108 107 0
112 102 102 103 106 99 151 162 98 104 102 108 1
112 101 97 105 103 96 215 209 98 99 100 102 2
112 106 104 103 101 102 112 109 98 108 104 108 3
112 108 102 105 106 110 392 434 98 102 104 105 4
112 104 106 107 114 108 452 466 98 107 103 105 5
112 98 96 98 96 97 100 101 98 107 103 99 6
112 107 108 102 104 104 109 102 98 435 363 105 7
128 112 109 107 108 106 107 107 98 301 260 112 8
77 99 98 97 94 98 98 92 98 144 120 97 9
112 110 104 103 104 102 106 104 98 551 379 107 10
112 117 107 102 104 103 106 106 98 260 208 15000 11
Chip#1
108 105 105 112 115 109 114 112 103 105 102 99 0
147 138 122 178 186 132 279 276 123 136 147 109 1
134 123 112 165 179 122 268 265 119 128 131 95 2
110 107 108 119 122 108 147 159 101 114 106 101 3
150 134 115 176 181 144 500 483 129 132 131 102 4
152 135 122 172 182 168 517 504 142 142 147 108 5
139 122 114 119 126 113 146 159 112 137 147 108 6
201 186 131 144 146 117 149 159 164 436 403 127 7
182 186 119 140 133 115 147 133 164 449 434 130 8
138 124 114 115 111 106 120 111 108 187 167 109 9
197 192 133 138 138 116 151 159 196 445 354 118 10
186 192 121 130 131 113 146 159 180 432 373 15000 11
Chip#2
112 107 107 104 109 108 103 103 98 106 106 110 0
112 105 100 99 101 100 147 162 98 105 103 104 1
112 107 103 103 110 99 219 207 98 104 103 100 2
112 106 103 100 103 100 110 110 98 105 102 105 3
128 107 104 107 113 109 402 434 97 111 108 104 4
128 109 106 107 114 113 457 473 97 107 103 109 5
112 110 107 108 108 110 110 104 97 115 110 109 6
112 114 107 103 106 103 102 108 97 436 365 103 7
112 101 104 99 100 97 98 97 97 295 250 105 8
128 114 112 105 111 111 114 106 97 157 132 114 9
128 121 112 114 113 104 110 107 114 557 391 113 10
112 107 101 94 101 96 101 98 114 254 203 15000 11
