Chip#3
112 103 105 106 105 102 109 109 114 103 101 104 0
120 103 107 100 101 100 108 111 111 103 101 106 1
113 100 100 106 102 99 101 105 105 96 93 100 2
109 100 102 98 112 101 109 110 112 99 97 95 3
114 134 104 123 196 147 108 118 193 127 101 101 4
109 99 98 102 116 102 104 104 122 106 96 94 5
108 102 102 99 96 98 102 105 107 101 96 100 6
114 134 106 104 103 99 107 109 111 104 105 100 7
112 101 99 116 153 103 102 104 157 133 98 101 8
104 99 99 110 163 108 100 104 164 119 96 99 9
103 93 97 95 95 96 97 100 102 97 96 95 10
115 134 105 103 99 103 111 105 111 103 102 15000 11
Chip#3
117 134 107 101 101 100 108 106 109 100 100 98 0
115 134 104 106 100 101 107 110 110 104 106 107 1
112 101 104 98 97 98 103 109 100 95 91 97 2
106 134 98 102 136 103 102 103 118 106 96 102 3
116 105 109 188 442 178 110 130 344 208 104 105 4
110 94 102 106 174 105 100 106 162 117 99 98 5
109 102 99 99 101 99 102 105 105 98 99 102 6
108 98 102 98 95 100 98 103 102 100 95 97 7
110 134 108 169 285 115 107 114 261 219 101 107 8
101 88 97 129 330 147 100 105 309 219 93 93 9
113 102 104 104 103 100 106 106 105 103 99 102 10
116 102 103 99 98 96 104 103 104 102 102 15000 11
Chip#3
110 101 103 96 95 95 101 104 103 101 98 101 0
115 103 103 99 99 99 108 99 106 103 99 100 1
116 103 104 103 103 100 102 106 106 101 101 102 2
117 100 103 111 163 109 108 112 126 109 106 99 3
107 96 102 239 697 221 106 135 507 267 100 101 4
99 92 92 107 205 101 100 100 193 118 95 89 5
109 98 100 97 98 101 107 107 109 105 99 97 6
113 134 107 109 109 106 108 110 112 111 106 108 7
113 99 102 195 376 118 106 103 337 269 102 100 8
102 95 96 144 436 147 98 110 418 208 94 90 9
119 134 105 102 101 101 104 109 109 102 100 101 10
115 105 100 96 95 100 101 108 104 98 95 15000 11
Chip#3
110 103 100 96 93 95 103 96 104 93 99 103 0
120 134 106 101 99 99 104 104 100 100 103 106 1
117 99 107 104 101 99 104 106 105 100 98 104 2
116 134 107 111 174 113 111 106 137 109 101 103 3
112 98 104 264 762 240 104 141 563 295 102 102 4
115 101 105 122 234 113 108 105 214 140 106 103 5
107 98 97 98 98 94 101 101 100 99 99 99 6
108 99 97 99 99 101 103 104 106 106 102 99 7
119 134 107 241 477 147 114 120 421 332 114 109 8
114 107 112 181 570 170 113 116 529 259 105 110 9
119 110 107 110 108 108 113 111 111 112 106 112 10
122 134 104 106 101 101 103 110 110 104 105 15000 11
Chip#3
112 106 104 95 97 94 99 103 98 99 101 100 0
120 134 105 98 100 97 108 109 103 103 100 108 1
121 134 105 103 101 100 107 110 106 99 108 107 2
113 102 106 116 196 111 106 109 139 108 100 99 3
112 109 106 304 945 267 107 143 680 343 102 104 4
101 93 99 120 261 107 98 101 236 138 95 90 5
106 100 102 98 99 96 101 104 104 101 99 99 6
114 109 109 108 112 106 108 109 112 111 106 108 7
102 93 95 248 556 147 91 99 481 372 91 93 8
106 100 103 188 676 179 102 114 622 285 94 99 9
119 134 108 109 103 103 106 109 106 103 104 104 10
119 134 96 103 97 100 107 108 105 102 100 15000 11
Chip#3
117 134 104 106 97 102 106 100 104 99 101 104 0
121 134 102 101 101 96 106 106 109 99 99 108 1
127 134 109 111 108 108 110 112 111 108 107 112 2
108 100 103 121 203 112 106 109 143 109 102 99 3
112 134 104 329 993 287 104 152 731 372 101 104 4
112 104 105 130 289 120 108 110 255 152 102 103 5
107 100 102 101 102 102 103 105 105 98 95 104 6
121 109 108 111 112 107 112 116 119 118 109 107 7
110 134 104 272 613 163 102 108 527 432 102 97 8
103 98 97 195 733 185 98 111 676 306 94 95 9
116 104 102 106 101 100 107 107 113 102 97 109 10
130 134 107 113 104 109 108 105 111 108 106 15000 11
Chip#3
122 134 113 108 107 102 110 110 109 108 109 116 0
130 134 106 106 104 100 112 110 107 104 105 112 1
121 134 102 104 106 105 107 105 106 102 102 104 2
110 99 103 115 200 115 104 109 136 108 94 102 3
104 93 98 312 1018 279 96 142 720 364 93 97 4
109 100 103 121 281 108 102 105 249 143 98 99 5
116 105 108 105 102 107 109 110 110 102 101 104 6
113 101 105 106 110 100 104 105 109 109 101 99 7
110 134 102 269 613 163 108 112 526 410 105 103 8
110 101 104 197 737 191 104 120 677 310 101 104 9
122 104 109 105 105 105 112 109 110 103 110 110 10
129 134 105 103 101 100 106 109 109 106 104 15000 11
Chip#3
119 134 112 106 103 101 108 110 109 104 108 116 0
122 134 104 104 97 100 101 104 104 101 102 107 1
117 103 104 99 101 102 102 104 106 103 101 104 2
113 106 111 124 216 122 110 110 150 115 105 107 3
101 98 96 338 1084 297 97 152 780 387 94 94 4
109 100 102 126 305 116 104 110 267 155 102 99 5
108 106 107 107 107 107 109 106 113 106 104 103 6
106 103 103 104 104 101 102 106 114 109 102 99 7
107 104 106 285 659 163 103 111 567 448 110 107 8
109 106 104 210 787 205 106 123 724 328 101 103 9
109 103 100 105 99 100 104 103 105 101 100 99 10
129 134 109 110 104 105 112 109 110 108 106 15000 11
Chip#3
119 109 109 103 100 99 104 106 105 102 104 108 0
126 106 102 106 95 98 104 104 105 99 97 105 1
116 101 104 105 103 101 108 104 105 103 96 102 2
109 100 102 118 208 113 104 109 142 111 101 104 3
107 101 103 339 1089 300 102 152 786 391 97 98 4
107 104 105 124 299 113 103 112 266 153 101 99 5
110 134 105 109 106 109 107 111 110 103 100 106 6
110 102 106 110 112 109 113 106 112 114 109 103 7
103 99 103 276 659 147 100 114 561 448 95 94 8
113 134 109 210 781 200 110 127 725 332 104 104 9
119 134 112 108 107 107 114 112 114 108 107 106 10
129 134 102 103 104 105 110 105 104 100 102 15000 11
Chip#3
126 134 113 110 108 108 106 110 111 104 110 118 0
133 134 109 106 104 102 102 108 107 106 104 112 1
115 134 107 104 101 102 104 104 106 104 104 104 2
113 102 105 123 234 118 108 109 147 112 105 104 3
106 104 106 365 1160 323 103 160 834 414 101 103 4
107 102 104 129 316 111 104 104 279 176 100 98 5
109 134 102 107 99 106 101 106 116 107 102 107 6
104 101 98 104 106 98 106 101 111 112 98 98 7
109 106 110 303 708 163 112 119 606 484 101 109 8
108 103 109 218 841 209 106 123 775 348 101 103 9
114 101 105 106 104 106 103 106 107 103 101 103 10
124 134 100 104 99 96 102 106 105 102 100 15000 11
Chip#3
116 107 111 107 98 101 102 107 106 102 101 112 0
128 109 104 101 99 100 102 103 100 106 97 109 1
121 105 107 108 107 106 113 110 107 104 105 109 2
107 96 104 116 234 116 104 100 147 109 96 97 3
108 100 102 359 1170 324 100 153 838 407 96 100 4
110 102 107 135 316 119 107 109 280 160 100 105 5
108 105 106 109 107 105 109 105 109 102 104 107 6
106 99 103 104 107 101 106 104 111 112 99 100 7
106 96 106 298 697 147 103 112 599 484 100 99 8
110 134 108 234 840 209 107 125 764 343 100 101 9
116 98 105 99 104 99 102 101 103 100 100 99 10
123 134 101 103 100 99 103 102 106 104 101 15000 11
Chip#3
120 134 113 106 106 102 109 111 107 108 105 111 0
126 107 102 98 99 97 103 104 103 103 94 105 1
126 106 110 108 107 108 108 111 111 103 102 108 2
109 100 104 124 234 119 107 109 149 109 101 108 3
112 103 107 364 1167 323 107 163 839 414 104 103 4
112 99 103 130 317 118 108 111 278 159 102 101 5
112 104 105 109 103 101 112 109 109 104 104 102 6
108 103 107 110 116 103 110 109 112 115 102 107 7
115 134 114 303 712 163 113 122 606 489 105 109 8
107 134 105 214 839 208 106 124 770 340 93 99 9
109 103 104 99 101 105 107 104 111 100 98 103 10
129 134 106 104 99 102 106 111 106 104 101 15000 11
Chip#3
117 111 102 101 97 99 104 105 105 103 101 109 0
128 134 109 102 101 102 113 106 111 108 100 107 1
124 134 112 109 103 106 113 105 112 107 101 104 2
123 134 107 127 234 147 113 105 147 118 105 104 3
103 102 103 359 1166 318 104 152 834 409 95 100 4
116 102 105 137 319 147 108 112 285 161 104 104 5
109 101 103 106 101 101 110 103 110 102 99 104 6
108 98 100 107 107 103 109 106 110 114 105 99 7
106 99 104 299 703 163 104 112 603 492 99 102 8
107 99 100 214 837 206 104 122 769 342 100 98 9
116 103 106 104 106 101 108 105 105 100 100 106 10
130 134 105 107 103 100 111 105 109 104 102 15000 11
Chip#3
120 110 106 110 101 97 108 105 104 103 101 107 0
132 113 105 103 101 101 107 110 107 101 101 107 1
122 106 107 106 106 100 109 107 107 108 100 103 2
117 134 112 122 234 147 113 114 151 116 108 107 3
113 134 106 360 1175 323 114 160 839 432 101 102 4
110 102 97 129 315 117 107 109 280 157 100 99 5
110 99 102 101 98 99 103 106 110 101 100 102 6
110 101 103 104 108 103 108 104 113 114 102 104 7
115 105 112 308 707 161 113 121 605 489 104 116 8
113 101 103 234 840 207 105 122 771 345 101 106 9
116 100 103 103 103 98 102 106 111 106 102 98 10
126 106 100 102 99 91 102 104 103 100 94 15000 11
Chip#3
121 134 106 100 103 103 107 106 107 100 105 111 0
123 134 98 103 93 99 98 99 105 100 101 99 1
127 134 112 111 112 108 117 111 109 109 110 106 2
115 134 107 127 234 121 114 114 150 122 106 106 3
113 134 109 366 1176 329 112 159 848 432 105 104 4
106 99 100 130 329 117 104 108 292 176 99 99 5
112 100 104 106 103 103 110 107 111 108 100 104 6
104 102 101 104 109 101 104 106 112 112 101 99 7
104 96 99 297 700 163 106 108 598 485 101 99 8
112 103 101 216 843 208 106 121 770 348 99 103 9
114 98 102 101 100 102 104 105 110 106 100 98 10
122 134 102 104 96 98 104 106 109 99 100 15000 11
Chip#3
121 134 105 103 101 101 106 104 107 106 104 106 0
126 109 107 106 104 99 107 110 104 106 100 107 1
123 134 106 106 99 97 106 103 109 108 101 101 2
119 134 109 124 214 147 110 108 140 112 102 103 3
112 134 107 342 1092 300 108 153 790 396 102 98 4
113 101 101 131 299 115 112 109 273 156 101 106 5
106 99 102 105 98 99 103 104 100 101 95 95 6
109 99 102 106 107 103 106 106 110 109 100 106 7
113 104 102 284 660 147 108 114 566 448 104 100 8
114 102 108 211 783 202 111 119 723 330 100 108 9
117 104 107 106 102 101 109 111 110 107 105 109 10
122 134 99 103 100 97 108 104 103 106 95 15000 11
