Chip#1
114 112 15000 118 15000 111 15000 107 15000 108 15000 115 15000 111 15000 107 15000 112 15000 108 15000 109 0 15000
110 117 15000 110 15000 107 15000 106 15000 115 15000 111 15000 106 15000 104 15000 101 15000 113 15000 106 1 15000
113 117 15000 115 15000 113 15000 113 15000 115 15000 115 15000 112 15000 112 15000 102 15000 119 15000 117 2 15000
114 116 15000 120 15000 114 15000 112 15000 108 15000 112 15000 109 15000 119 15000 113 15000 111 15000 113 3 15000
107 113 15000 109 15000 111 15000 109 15000 119 15000 112 15000 114 15000 105 15000 105 15000 112 15000 110 4 15000
114 121 15000 110 15000 110 15000 113 15000 118 15000 112 15000 116 15000 116 15000 110 15000 119 15000 112 5 15000
122 107 15000 110 15000 105 15000 104 15000 109 15000 110 15000 102 15000 113 15000 107 15000 115 15000 108 6 15000
116 114 15000 122 15000 113 15000 115 15000 121 15000 111 15000 116 15000 113 15000 112 15000 113 15000 115 7 15000
114 112 15000 113 15000 101 15000 104 15000 112 15000 103 15000 105 15000 104 15000 107 15000 108 15000 103 8 15000
110 109 15000 113 15000 102 15000 102 15000 102 15000 108 15000 97 15000 101 15000 108 15000 108 15000 103 9 15000
107 117 15000 105 15000 105 15000 108 15000 111 15000 107 15000 106 15000 108 15000 102 15000 109 15000 110 10 15000
129 121 15000 116 15000 110 15000 106 15000 116 15000 122 15000 109 15000 112 15000 112 15000 112 15000 15000 11 15000
Chip#2
100 104 15000 100 15000 108 15000 99 15000 99 15000 108 15000 101 15000 106 15000 105 15000 106 15000 104 0 15000
91 115 15000 123 15000 95 15000 150 15000 156 15000 98 15000 112 15000 120 15000 92 15000 149 15000 134 1 15000
96 111 15000 117 15000 105 15000 136 15000 142 15000 95 15000 111 15000 115 15000 99 15000 149 15000 137 2 15000
104 108 15000 103 15000 115 15000 104 15000 105 15000 108 15000 103 15000 108 15000 106 15000 106 15000 105 3 15000
92 166 15000 166 15000 101 15000 158 15000 189 15000 98 15000 153 15000 163 15000 94 15000 165 15000 140 4 15000
97 130 15000 136 15000 99 15000 135 15000 137 15000 101 15000 142 15000 161 15000 99 15000 151 15000 139 5 15000
96 101 15000 100 15000 111 15000 101 15000 99 15000 101 15000 97 15000 101 15000 100 15000 99 15000 101 6 15000
97 166 15000 170 15000 102 15000 179 15000 189 15000 96 15000 166 15000 167 15000 99 15000 172 15000 149 7 15000
101 128 15000 135 15000 106 15000 144 15000 134 15000 104 15000 151 15000 143 15000 101 15000 149 15000 127 8 15000
96 102 15000 97 15000 98 15000 93 15000 95 15000 106 15000 92 15000 99 15000 95 15000 95 15000 99 9 15000
104 182 15000 181 15000 109 15000 191 15000 189 15000 105 15000 173 15000 169 15000 105 15000 186 15000 139 10 15000
97 110 15000 114 15000 102 15000 127 15000 115 15000 103 15000 135 15000 121 15000 99 15000 134 15000 15000 11 15000
Chip#1
120 110 15000 119 15000 111 15000 105 15000 106 15000 112 15000 114 15000 107 15000 112 15000 111 15000 110 0 15000
104 113 15000 112 15000 104 15000 122 15000 119 15000 108 15000 108 15000 101 15000 98 15000 116 15000 108 1 15000
108 116 15000 118 15000 110 15000 134 15000 124 15000 114 15000 111 15000 104 15000 98 15000 120 15000 116 2 15000
108 106 15000 113 15000 108 15000 103 15000 102 15000 104 15000 106 15000 104 15000 101 15000 107 15000 103 3 15000
101 124 15000 125 15000 105 15000 131 15000 130 15000 110 15000 140 15000 107 15000 107 15000 138 15000 112 4 15000
96 126 15000 116 15000 101 15000 127 15000 121 15000 98 15000 131 15000 108 15000 99 15000 131 15000 109 5 15000
116 102 15000 109 15000 104 15000 103 15000 102 15000 112 15000 94 15000 104 15000 102 15000 107 15000 109 6 15000
113 135 15000 133 15000 110 15000 149 15000 138 15000 115 15000 155 15000 119 15000 102 15000 144 15000 122 7 15000
113 124 15000 117 15000 104 15000 134 15000 128 15000 108 15000 133 15000 107 15000 104 15000 122 15000 112 8 15000
113 112 15000 116 15000 104 15000 100 15000 100 15000 110 15000 106 15000 104 15000 113 15000 111 15000 113 9 15000
114 135 15000 126 15000 111 15000 136 15000 136 15000 114 15000 144 15000 116 15000 108 15000 130 15000 122 10 15000
116 116 15000 116 15000 107 15000 121 15000 121 15000 110 15000 125 15000 108 15000 108 15000 112 15000 15000 11 15000
Chip#2
104 103 15000 102 15000 108 15000 103 15000 99 15000 103 15000 104 15000 105 15000 101 15000 106 15000 107 0 15000
94 135 15000 152 15000 99 15000 191 15000 221 15000 97 15000 123 15000 134 15000 97 15000 184 15000 163 1 15000
99 129 15000 148 15000 109 15000 175 15000 200 15000 101 15000 125 15000 130 15000 103 15000 204 15000 181 2 15000
101 104 15000 101 15000 109 15000 105 15000 98 15000 100 15000 103 15000 106 15000 103 15000 103 15000 103 3 15000
98 214 15000 230 15000 106 15000 213 15000 229 15000 100 15000 205 15000 226 15000 105 15000 232 15000 190 4 15000
96 166 15000 167 15000 104 15000 171 15000 228 15000 99 15000 176 15000 204 15000 94 15000 200 15000 174 5 15000
101 107 15000 100 15000 106 15000 103 15000 103 15000 103 15000 101 15000 109 15000 104 15000 100 15000 103 6 15000
104 230 15000 243 15000 111 15000 253 15000 232 15000 106 15000 243 15000 224 15000 100 15000 265 15000 194 7 15000
96 166 15000 153 15000 95 15000 173 15000 231 15000 96 15000 184 15000 175 15000 95 15000 189 15000 143 8 15000
109 108 15000 102 15000 112 15000 108 15000 105 15000 104 15000 105 15000 107 15000 109 15000 106 15000 109 9 15000
97 246 15000 249 15000 102 15000 256 15000 220 15000 97 15000 243 15000 213 15000 100 15000 265 15000 159 10 15000
97 120 15000 127 15000 104 15000 157 15000 135 15000 101 15000 163 15000 143 15000 100 15000 171 15000 15000 11 15000
Chip#1
107 107 15000 113 15000 105 15000 96 15000 102 15000 103 15000 100 15000 109 15000 107 15000 100 15000 105 0 15000
107 267 15000 341 15000 102 15000 509 15000 448 15000 108 15000 351 15000 186 15000 104 15000 430 15000 190 1 15000
105 359 15000 473 15000 105 15000 592 15000 510 15000 112 15000 332 15000 191 15000 107 15000 561 15000 242 2 15000
110 112 15000 118 15000 110 15000 112 15000 111 15000 107 15000 115 15000 107 15000 104 15000 107 15000 109 3 15000
105 453 15000 567 15000 107 15000 576 15000 516 15000 116 15000 631 15000 425 15000 110 15000 710 15000 370 4 15000
101 436 15000 533 15000 104 15000 526 15000 443 15000 103 15000 544 15000 362 15000 101 15000 643 15000 334 5 15000
110 114 15000 110 15000 101 15000 109 15000 111 15000 110 15000 116 15000 110 15000 102 15000 117 15000 112 6 15000
105 491 15000 619 15000 104 15000 668 15000 578 15000 104 15000 704 15000 479 15000 101 15000 726 15000 385 7 15000
113 404 15000 518 15000 111 15000 557 15000 490 15000 112 15000 568 15000 381 15000 111 15000 562 15000 306 8 15000
110 119 15000 118 15000 102 15000 116 15000 115 15000 110 15000 119 15000 107 15000 116 15000 115 15000 110 9 15000
113 422 15000 541 15000 107 15000 546 15000 508 15000 108 15000 585 15000 392 15000 105 15000 589 15000 307 10 15000
113 295 15000 377 15000 105 15000 441 15000 417 15000 111 15000 464 15000 311 15000 105 15000 393 15000 15000 11 15000
Chip#2
98 101 15000 99 15000 108 15000 102 15000 103 15000 104 15000 99 15000 107 15000 103 15000 105 15000 99 0 15000
104 253 15000 339 15000 112 15000 469 15000 594 15000 114 15000 230 15000 255 15000 110 15000 459 15000 364 1 15000
101 214 15000 269 15000 115 15000 398 15000 475 15000 100 15000 210 15000 225 15000 105 15000 500 15000 405 2 15000
113 121 15000 116 15000 115 15000 121 15000 117 15000 119 15000 119 15000 123 15000 124 15000 121 15000 121 3 15000
101 518 15000 633 15000 112 15000 551 15000 610 15000 109 15000 515 15000 561 15000 111 15000 613 15000 432 4 15000
109 319 15000 378 15000 116 15000 388 15000 413 15000 113 15000 414 15000 470 15000 115 15000 502 15000 395 5 15000
105 110 15000 106 15000 106 15000 113 15000 108 15000 109 15000 107 15000 109 15000 108 15000 109 15000 109 6 15000
97 502 15000 650 15000 115 15000 673 15000 602 15000 111 15000 614 15000 543 15000 106 15000 673 15000 444 7 15000
110 301 15000 360 15000 115 15000 407 15000 376 15000 114 15000 462 15000 386 15000 116 15000 458 15000 285 8 15000
109 114 15000 112 15000 115 15000 116 15000 114 15000 114 15000 115 15000 117 15000 113 15000 111 15000 111 9 15000
104 589 15000 698 15000 115 15000 707 15000 565 15000 110 15000 655 15000 533 15000 106 15000 745 15000 330 10 15000
100 198 15000 225 15000 112 15000 319 15000 263 15000 105 15000 343 15000 273 15000 103 15000 372 15000 15000 11 15000
Chip#1
120 113 15000 122 15000 113 15000 103 15000 105 15000 118 15000 108 15000 105 15000 113 15000 115 15000 113 0 15000
116 268 15000 342 15000 111 15000 511 15000 444 15000 111 15000 349 15000 193 15000 108 15000 430 15000 187 1 15000
108 359 15000 469 15000 110 15000 591 15000 506 15000 112 15000 327 15000 187 15000 101 15000 556 15000 238 2 15000
117 117 15000 122 15000 114 15000 112 15000 112 15000 112 15000 112 15000 111 15000 111 15000 112 15000 116 3 15000
114 451 15000 563 15000 111 15000 571 15000 514 15000 114 15000 632 15000 429 15000 116 15000 701 15000 365 4 15000
102 438 15000 538 15000 107 15000 532 15000 447 15000 107 15000 544 15000 362 15000 107 15000 651 15000 337 5 15000
113 107 15000 113 15000 107 15000 109 15000 111 15000 114 15000 115 15000 116 15000 101 15000 121 15000 117 6 15000
113 495 15000 624 15000 116 15000 668 15000 580 15000 112 15000 707 15000 484 15000 105 15000 730 15000 394 7 15000
116 404 15000 519 15000 110 15000 554 15000 488 15000 111 15000 566 15000 382 15000 108 15000 564 15000 303 8 15000
116 119 15000 123 15000 108 15000 118 15000 116 15000 115 15000 121 15000 108 15000 110 15000 123 15000 117 9 15000
119 418 15000 539 15000 108 15000 541 15000 504 15000 114 15000 580 15000 387 15000 107 15000 583 15000 309 10 15000
117 297 15000 374 15000 108 15000 442 15000 420 15000 121 15000 466 15000 308 15000 105 15000 393 15000 15000 11 15000
Chip#2
103 104 15000 100 15000 106 15000 107 15000 105 15000 108 15000 106 15000 108 15000 105 15000 105 15000 104 0 15000
112 266 15000 352 15000 120 15000 490 15000 605 15000 117 15000 243 15000 259 15000 114 15000 469 15000 365 1 15000
106 230 15000 279 15000 119 15000 403 15000 482 15000 114 15000 217 15000 236 15000 116 15000 521 15000 408 2 15000
107 112 15000 107 15000 112 15000 113 15000 113 15000 110 15000 107 15000 113 15000 108 15000 109 15000 113 3 15000
114 507 15000 645 15000 112 15000 565 15000 623 15000 120 15000 530 15000 573 15000 124 15000 622 15000 448 4 15000
106 319 15000 379 15000 112 15000 384 15000 410 15000 108 15000 417 15000 470 15000 105 15000 506 15000 388 5 15000
109 112 15000 108 15000 115 15000 107 15000 115 15000 110 15000 106 15000 114 15000 106 15000 106 15000 104 6 15000
107 518 15000 655 15000 118 15000 681 15000 609 15000 112 15000 626 15000 545 15000 110 15000 682 15000 442 7 15000
110 302 15000 354 15000 119 15000 405 15000 378 15000 117 15000 464 15000 385 15000 114 15000 455 15000 284 8 15000
105 115 15000 112 15000 116 15000 114 15000 118 15000 118 15000 114 15000 115 15000 109 15000 115 15000 113 9 15000
104 583 15000 696 15000 111 15000 704 15000 566 15000 108 15000 660 15000 523 15000 108 15000 741 15000 336 10 15000
101 182 15000 234 15000 112 15000 327 15000 269 15000 108 15000 349 15000 273 15000 111 15000 379 15000 15000 11 15000
Chip#1
129 124 15000 125 15000 117 15000 113 15000 116 15000 125 15000 115 15000 108 15000 122 15000 123 15000 117 0 15000
111 267 15000 350 15000 105 15000 517 15000 456 15000 112 15000 351 15000 191 15000 107 15000 437 15000 191 1 15000
113 359 15000 474 15000 104 15000 586 15000 505 15000 110 15000 328 15000 187 15000 102 15000 555 15000 239 2 15000
108 120 15000 116 15000 110 15000 112 15000 115 15000 114 15000 112 15000 112 15000 113 15000 113 15000 110 3 15000
114 457 15000 571 15000 116 15000 580 15000 520 15000 122 15000 639 15000 424 15000 111 15000 709 15000 377 4 15000
105 442 15000 529 15000 102 15000 526 15000 445 15000 110 15000 541 15000 359 15000 107 15000 653 15000 333 5 15000
116 116 15000 119 15000 108 15000 116 15000 116 15000 115 15000 119 15000 110 15000 107 15000 115 15000 115 6 15000
119 492 15000 627 15000 116 15000 669 15000 583 15000 115 15000 708 15000 491 15000 113 15000 727 15000 398 7 15000
114 406 15000 518 15000 108 15000 557 15000 488 15000 112 15000 562 15000 374 15000 107 15000 562 15000 306 8 15000
111 113 15000 116 15000 102 15000 110 15000 114 15000 107 15000 114 15000 104 15000 104 15000 108 15000 113 9 15000
117 423 15000 541 15000 108 15000 546 15000 510 15000 112 15000 586 15000 393 15000 113 15000 591 15000 310 10 15000
117 301 15000 382 15000 105 15000 444 15000 427 15000 118 15000 462 15000 318 15000 110 15000 397 15000 15000 11 15000
Chip#2
107 114 15000 106 15000 117 15000 117 15000 109 15000 111 15000 110 15000 115 15000 114 15000 116 15000 108 0 15000
107 261 15000 342 15000 118 15000 481 15000 598 15000 110 15000 234 15000 253 15000 108 15000 459 15000 360 1 15000
103 230 15000 273 15000 115 15000 400 15000 477 15000 109 15000 212 15000 231 15000 109 15000 504 15000 403 2 15000
114 118 15000 108 15000 119 15000 115 15000 113 15000 113 15000 112 15000 115 15000 110 15000 115 15000 114 3 15000
112 508 15000 644 15000 119 15000 558 15000 621 15000 114 15000 523 15000 571 15000 116 15000 618 15000 442 4 15000
106 318 15000 381 15000 116 15000 390 15000 409 15000 112 15000 417 15000 470 15000 114 15000 501 15000 393 5 15000
113 120 15000 115 15000 116 15000 116 15000 115 15000 118 15000 115 15000 120 15000 119 15000 118 15000 116 6 15000
107 518 15000 657 15000 116 15000 690 15000 608 15000 116 15000 627 15000 542 15000 111 15000 686 15000 451 7 15000
104 290 15000 351 15000 116 15000 401 15000 371 15000 114 15000 457 15000 382 15000 115 15000 449 15000 279 8 15000
111 114 15000 108 15000 122 15000 119 15000 115 15000 116 15000 115 15000 121 15000 114 15000 117 15000 116 9 15000
105 588 15000 694 15000 112 15000 701 15000 562 15000 111 15000 650 15000 525 15000 109 15000 741 15000 336 10 15000
101 182 15000 225 15000 106 15000 323 15000 259 15000 108 15000 343 15000 276 15000 105 15000 376 15000 15000 11 15000
Chip#1
110 112 15000 119 15000 104 15000 97 15000 105 15000 107 15000 105 15000 101 15000 110 15000 103 15000 106 0 15000
107 256 15000 338 15000 99 15000 510 15000 447 15000 103 15000 348 15000 187 15000 98 15000 429 15000 185 1 15000
110 359 15000 473 15000 104 15000 592 15000 508 15000 112 15000 331 15000 190 15000 101 15000 560 15000 242 2 15000
107 113 15000 110 15000 104 15000 105 15000 105 15000 103 15000 106 15000 105 15000 102 15000 108 15000 110 3 15000
98 452 15000 565 15000 98 15000 571 15000 513 15000 105 15000 632 15000 425 15000 102 15000 709 15000 375 4 15000
102 440 15000 534 15000 101 15000 532 15000 441 15000 103 15000 540 15000 357 15000 91 15000 652 15000 335 5 15000
101 112 15000 105 15000 92 15000 113 15000 109 15000 103 15000 115 15000 102 15000 93 15000 111 15000 108 6 15000
101 503 15000 633 15000 104 15000 677 15000 586 15000 106 15000 715 15000 488 15000 95 15000 733 15000 402 7 15000
108 408 15000 523 15000 101 15000 565 15000 490 15000 103 15000 574 15000 385 15000 101 15000 569 15000 313 8 15000
102 112 15000 109 15000 98 15000 113 15000 109 15000 103 15000 120 15000 99 15000 99 15000 108 15000 105 9 15000
107 421 15000 542 15000 108 15000 542 15000 512 15000 103 15000 581 15000 389 15000 99 15000 587 15000 313 10 15000
107 294 15000 377 15000 107 15000 441 15000 417 15000 115 15000 466 15000 314 15000 98 15000 397 15000 15000 11 15000
Chip#2
101 102 15000 103 15000 111 15000 103 15000 100 15000 101 15000 103 15000 106 15000 99 15000 105 15000 103 0 15000
99 253 15000 338 15000 104 15000 478 15000 593 15000 102 15000 234 15000 253 15000 106 15000 452 15000 353 1 15000
100 214 15000 267 15000 113 15000 395 15000 473 15000 102 15000 210 15000 225 15000 105 15000 499 15000 399 2 15000
111 115 15000 114 15000 113 15000 117 15000 116 15000 117 15000 114 15000 121 15000 114 15000 112 15000 119 3 15000
110 518 15000 642 15000 116 15000 551 15000 617 15000 116 15000 521 15000 567 15000 116 15000 614 15000 435 4 15000
110 313 15000 375 15000 116 15000 389 15000 406 15000 113 15000 417 15000 465 15000 109 15000 521 15000 390 5 15000
113 120 15000 114 15000 116 15000 119 15000 114 15000 119 15000 118 15000 119 15000 114 15000 117 15000 116 6 15000
104 518 15000 652 15000 116 15000 681 15000 601 15000 111 15000 627 15000 544 15000 110 15000 677 15000 445 7 15000
112 302 15000 350 15000 118 15000 400 15000 378 15000 112 15000 458 15000 386 15000 113 15000 450 15000 285 8 15000
107 120 15000 109 15000 119 15000 116 15000 112 15000 121 15000 112 15000 118 15000 115 15000 112 15000 113 9 15000
106 585 15000 699 15000 118 15000 707 15000 570 15000 110 15000 654 15000 527 15000 113 15000 742 15000 335 10 15000
103 182 15000 225 15000 115 15000 327 15000 263 15000 112 15000 353 15000 277 15000 110 15000 373 15000 15000 11 15000
