Chip#1
132 100 106 110 109 109 107 97 106 102 97 99 0
132 104 114 113 118 114 115 111 108 105 105 106 1
132 102 116 115 116 119 117 107 107 104 102 101 2
132 101 111 115 112 113 110 107 106 107 101 100 3
98 94 110 107 109 106 114 112 100 100 95 93 4
102 95 103 106 108 106 111 111 100 96 98 92 5
109 105 114 113 119 114 114 106 109 110 107 102 6
96 95 102 102 102 106 101 95 97 109 100 93 7
102 101 108 109 112 108 104 101 103 114 114 92 8
102 101 114 110 111 109 107 101 108 109 102 100 9
106 105 110 112 115 113 110 104 106 112 110 100 10
110 104 110 115 115 108 112 103 107 114 112 15000 11
Chip#2
131 106 107 97 98 102 98 102 89 104 104 105 0
131 101 106 95 101 100 101 102 89 100 105 103 1
131 107 108 94 99 104 107 104 89 105 109 104 2
131 107 104 97 101 103 101 100 89 104 99 104 3
131 98 103 92 93 96 118 113 89 99 97 97 4
131 101 108 94 96 102 125 119 89 101 105 97 5
131 94 102 92 90 89 94 89 89 95 98 93 6
131 105 108 99 95 96 97 93 89 125 121 100 7
131 99 106 94 98 97 92 96 89 114 114 98 8
131 105 109 100 103 102 103 101 89 107 108 107 9
131 107 116 100 100 108 102 101 89 135 129 110 10
78 100 100 89 90 97 97 92 89 106 106 15000 11
Chip#1
112 98 112 113 112 107 109 105 107 109 102 96 0
99 93 107 106 109 106 105 109 101 99 92 96 1
106 99 103 107 114 107 117 112 106 102 100 96 2
132 102 111 113 115 113 111 109 108 105 106 106 3
110 100 116 115 118 119 135 131 107 104 105 100 4
132 100 114 108 116 115 131 159 109 108 104 99 5
108 99 110 111 107 112 109 105 106 103 97 99 6
109 99 108 109 114 108 105 103 108 119 114 98 7
132 100 107 108 111 109 104 104 104 119 131 100 8
100 99 108 106 106 106 105 103 101 107 100 95 9
97 99 106 101 103 106 101 97 100 115 110 89 10
100 95 100 103 100 101 100 94 96 113 131 15000 11
Chip#2
112 98 101 95 94 98 95 91 89 102 99 103 0
112 102 106 99 99 99 101 104 89 101 99 99 1
112 101 106 100 98 102 107 110 89 99 104 102 2
112 101 103 94 95 99 97 98 89 98 99 99 3
112 104 109 94 100 96 139 144 89 98 104 103 4
112 98 103 99 96 102 141 144 89 101 99 98 5
112 102 112 98 99 97 98 101 89 107 104 100 6
112 108 108 97 100 103 97 102 89 148 149 104 7
128 105 110 102 103 105 100 101 89 131 127 109 8
128 109 107 100 100 106 105 100 89 112 109 105 9
112 104 107 94 98 102 100 103 89 164 142 100 10
112 100 102 91 93 97 96 95 89 118 112 15000 11
Chip#1
100 99 105 107 112 104 106 97 104 100 96 99 0
103 102 103 119 118 111 142 134 104 96 101 96 1
103 102 107 117 122 111 142 159 104 105 104 100 2
109 101 112 113 114 109 117 115 106 98 102 101 3
132 110 115 123 124 120 238 210 115 108 107 102 4
132 102 112 116 118 119 208 204 113 104 106 101 5
110 106 109 109 113 112 115 109 106 108 105 102 6
132 114 114 111 112 112 111 104 109 181 172 101 7
132 108 112 110 116 112 111 105 112 181 178 99 8
108 105 108 107 111 108 104 97 96 121 110 98 9
116 110 115 110 114 108 109 103 113 176 147 101 10
133 115 114 116 119 115 116 109 120 183 170 15000 11
Chip#2
112 101 103 91 93 93 95 92 89 96 96 98 0
112 108 107 102 103 106 127 123 89 106 104 103 1
112 108 104 102 103 102 156 148 89 107 105 99 2
112 105 104 99 101 100 106 107 89 101 104 102 3
128 105 102 95 99 102 274 292 89 102 103 101 4
112 96 103 99 103 98 302 314 89 98 102 103 5
112 105 108 102 104 103 102 104 89 113 109 110 6
128 112 112 102 105 109 105 102 89 304 272 105 7
112 103 103 97 99 100 101 98 89 222 191 105 8
112 112 112 110 106 105 109 107 89 135 126 114 9
128 108 108 98 96 100 100 97 89 365 276 100 10
112 103 98 92 90 91 97 93 89 179 161 15000 11
Chip#1
109 108 112 110 119 116 116 114 112 109 105 102 0
105 102 108 125 130 112 168 175 107 105 104 96 1
108 104 116 127 134 115 173 175 113 110 114 103 2
132 102 107 116 115 109 121 118 107 107 100 100 3
109 107 112 125 133 125 251 258 118 109 105 99 4
132 101 115 121 122 117 254 255 114 107 104 101 5
110 105 110 112 111 108 120 115 109 114 109 98 6
146 131 123 128 128 122 128 119 122 234 218 119 7
134 121 112 112 119 111 115 111 119 222 211 111 8
110 108 114 116 112 115 111 104 109 133 131 98 9
137 122 119 115 116 114 115 105 123 219 192 105 10
133 121 117 116 116 114 119 111 119 210 194 15000 11
Chip#2
112 95 101 97 94 99 96 97 89 101 100 98 0
128 106 104 99 105 103 130 135 89 106 109 109 1
128 101 103 98 103 100 169 178 89 105 102 97 2
112 104 103 95 99 102 106 103 89 105 100 103 3
79 95 102 89 103 96 322 352 89 100 95 93 4
112 101 103 94 104 104 376 383 89 98 100 102 5
112 100 102 92 98 97 100 101 89 107 109 99 6
112 107 108 99 103 100 103 106 89 369 319 100 7
112 108 107 98 103 100 101 98 89 256 215 103 8
128 101 106 95 98 103 100 98 89 140 120 103 9
128 106 108 93 99 96 100 95 89 443 325 103 10
128 107 113 100 103 98 101 98 89 224 186 15000 11
Chip#1
103 99 105 103 108 103 110 102 101 100 95 93 0
109 102 114 128 132 114 177 181 112 110 104 99 1
132 109 119 136 145 125 189 186 120 118 117 111 2
97 97 106 103 111 103 122 114 101 91 90 90 3
116 106 114 134 134 120 295 292 121 108 104 103 4
132 108 120 135 133 130 293 294 123 114 131 107 5
111 109 114 115 119 113 120 117 106 114 107 101 6
141 127 115 118 119 116 124 112 121 248 230 107 7
137 119 115 115 118 113 114 111 122 252 240 111 8
132 105 110 111 111 108 110 101 103 140 131 99 9
139 125 115 112 113 111 111 108 126 244 204 107 10
138 114 115 112 114 106 114 109 125 234 211 15000 11
Chip#2
112 101 106 95 96 102 96 93 89 102 104 105 0
128 108 110 99 104 104 133 133 89 104 108 104 1
112 104 103 98 103 99 173 162 89 106 102 93 2
128 103 109 100 104 103 107 106 89 107 100 108 3
112 109 113 107 108 106 366 386 89 108 111 105 4
112 111 110 104 110 111 406 418 89 107 106 104 5
112 101 101 94 95 103 102 97 89 107 105 102 6
112 111 108 97 103 98 101 101 89 394 340 103 7
112 107 104 97 101 98 101 96 89 270 234 105 8
112 103 104 94 95 102 98 95 89 144 120 103 9
128 115 116 97 101 106 105 102 101 488 349 109 10
112 107 106 94 98 100 96 98 101 229 185 15000 11
Chip#1
109 109 112 115 115 113 112 115 113 112 105 102 0
132 107 120 135 143 120 190 191 115 115 109 108 1
109 110 119 134 144 121 195 192 119 117 112 106 2
111 105 117 122 126 117 132 129 116 110 114 106 3
113 107 112 133 133 125 320 316 126 109 105 99 4
132 107 116 123 137 121 310 315 120 105 101 99 5
113 109 115 115 116 113 127 125 108 123 112 102 6
149 131 121 119 124 112 122 115 122 271 252 113 7
132 116 109 108 114 102 107 107 118 264 244 103 8
109 107 111 110 109 107 105 106 104 136 131 96 9
147 130 120 117 119 114 119 111 134 267 228 107 10
135 121 117 113 113 113 115 108 128 251 223 15000 11
Chip#2
112 107 113 104 103 104 106 104 101 112 108 108 0
128 102 103 98 101 97 128 130 101 104 102 103 1
128 108 112 107 106 109 176 178 101 112 109 103 2
128 111 110 104 101 105 110 106 101 106 111 107 3
112 106 107 104 103 108 358 381 101 105 105 102 4
128 108 104 102 106 108 406 434 101 104 105 103 5
128 109 110 98 106 109 107 107 101 114 108 107 6
128 118 115 109 106 110 111 104 97 393 340 112 7
112 107 103 99 103 105 100 100 97 266 235 105 8
112 102 104 92 93 97 100 97 97 133 122 100 9
112 114 108 97 101 102 105 100 104 484 344 104 10
112 103 104 95 96 96 91 95 104 225 187 15000 11
