Chip#1
106 99 108 106 108 107 109 102 102 100 101 95 0 222 124 105 23
111 100 115 112 119 113 124 115 109 105 105 106 1 0 0 0 0
105 97 114 113 120 113 122 114 108 105 102 105 2 0 0 0 0
102 94 107 105 108 106 106 101 102 94 95 95 3 0 0 0 0
109 101 112 112 112 111 132 126 107 102 96 102 4 0 0 0 0
105 99 108 109 112 111 124 120 101 104 96 98 5 0 0 0 0
110 105 119 115 118 114 115 109 113 109 106 103 6 0 0 0 0
132 102 112 112 118 111 109 105 107 119 131 102 7 0 0 0 0
132 104 116 111 115 115 114 107 110 122 131 108 8 0 0 0 0
106 98 107 103 113 108 107 99 103 104 102 100 9 0 0 0 0
132 108 114 117 120 113 119 108 116 128 131 107 10 0 0 0 0
108 97 108 105 108 105 104 100 103 118 109 15000 11 0 0 0 0
Chip#2
112 107 107 97 101 100 101 95 106 105 108 103 0 155 124 70 23
112 105 106 97 100 97 102 106 106 105 106 102 1 0 0 0 0
128 108 108 99 100 103 110 106 106 107 105 105 2 0 0 0 0
112 112 109 103 105 100 103 104 106 109 105 109 3 0 0 0 0
112 105 107 97 96 102 124 126 106 107 104 102 4 0 0 0 0
112 109 112 100 103 106 136 133 106 112 110 110 5 0 0 0 0
128 106 108 97 99 103 96 97 106 105 105 102 6 0 0 0 0
112 111 106 99 101 98 100 100 72 133 129 103 7 0 0 0 0
128 112 110 103 106 108 106 102 106 126 126 107 8 0 0 0 0
112 105 103 97 99 102 100 100 106 109 105 107 9 0 0 0 0
112 112 108 98 99 102 105 101 106 147 135 110 10 0 0 0 0
112 106 106 98 101 96 102 93 106 120 117 15000 11 0 0 0 0
Chip#1
106 101 107 110 113 109 107 102 101 103 97 101 0 221 124 124 23
106 100 110 111 119 112 122 122 103 107 100 98 1 0 0 0 0
104 100 110 108 116 107 120 112 104 103 97 95 2 0 0 0 0
109 105 112 112 118 116 114 111 108 107 100 102 3 0 0 0 0
109 100 111 111 118 108 144 159 112 100 99 100 4 0 0 0 0
112 106 116 112 120 120 152 159 114 108 106 102 5 0 0 0 0
103 94 102 105 101 103 103 97 95 100 95 92 6 0 0 0 0
108 104 107 107 112 109 107 103 107 142 147 102 7 0 0 0 0
132 107 114 113 116 117 115 108 114 143 147 108 8 0 0 0 0
102 94 105 107 106 107 104 101 101 110 102 100 9 0 0 0 0
109 107 109 110 115 109 107 103 108 140 131 106 10 0 0 0 0
110 104 106 105 108 109 107 107 107 131 123 15000 11 0 0 0 0
Chip#2
112 100 95 94 94 91 89 91 72 99 97 93 0 155 124 252 23
112 102 101 98 94 93 100 98 72 98 102 100 1 0 0 0 0
112 104 101 99 95 94 115 112 72 100 103 98 2 0 0 0 0
112 106 102 98 96 99 96 97 72 105 105 105 3 0 0 0 0
112 103 101 94 94 98 148 148 106 100 102 99 4 0 0 0 0
112 102 102 95 100 102 153 162 106 105 108 103 5 0 0 0 0
112 107 106 99 98 98 96 95 72 102 104 103 6 0 0 0 0
128 113 110 97 103 103 101 100 106 166 156 107 7 0 0 0 0
112 102 106 93 96 94 96 91 106 133 128 99 8 0 0 0 0
128 108 112 102 103 106 106 103 106 119 116 109 9 0 0 0 0
112 106 102 91 91 96 97 98 72 186 161 100 10 0 0 0 0
112 104 100 93 94 93 100 95 72 126 125 15000 11 0 0 0 0
Chip#1
105 100 106 111 109 109 106 110 101 104 96 93 0 223 124 117 23
109 105 115 142 150 127 232 230 119 109 110 101 1 0 0 0 0
111 108 116 144 164 128 231 230 118 114 114 100 2 0 0 0 0
132 101 109 113 116 107 137 159 101 102 97 98 3 0 0 0 0
110 104 112 138 171 129 428 432 133 103 106 94 4 0 0 0 0
132 110 116 140 164 139 436 437 164 114 110 103 5 0 0 0 0
132 110 119 116 115 114 142 135 115 124 131 111 6 0 0 0 0
155 144 121 115 122 116 121 111 128 346 323 117 7 0 0 0 0
150 132 120 123 122 117 122 116 134 356 342 122 8 0 0 0 0
132 106 114 110 108 108 110 103 108 157 147 100 9 0 0 0 0
150 138 117 115 115 113 115 112 164 348 288 112 10 0 0 0 0
143 129 120 118 116 114 120 108 141 334 290 15000 11 0 0 0 0
Chip#2
112 98 104 95 98 97 91 92 72 100 100 99 0 154 124 26 23
128 108 104 99 110 104 190 194 106 106 112 110 1 0 0 0 0
112 112 107 110 118 105 317 302 106 113 109 100 2 0 0 0 0
112 119 116 107 110 109 127 124 106 117 111 112 3 0 0 0 0
112 104 100 94 105 100 666 753 72 105 105 95 4 0 0 0 0
85 112 107 109 119 115 798 848 72 108 105 99 5 0 0 0 0
128 114 112 108 115 111 119 115 106 129 128 113 6 0 0 0 0
112 121 110 105 108 105 110 109 98 812 664 109 7 0 0 0 0
112 124 109 103 108 104 110 107 98 519 428 107 8 0 0 0 0
128 108 115 102 103 106 109 106 98 227 161 113 9 0 0 0 0
128 130 114 98 106 104 103 103 133 1174 781 109 10 0 0 0 0
112 123 112 99 104 100 105 101 88 462 354 15000 11 0 0 0 0
Chip#1
132 102 110 116 118 114 121 123 106 107 104 102 0 226 124 253 23
132 107 117 164 175 131 294 295 121 119 131 100 1 0 0 0 0
132 110 117 159 177 136 297 297 128 119 121 101 2 0 0 0 0
132 104 114 124 127 116 158 175 110 108 101 100 3 0 0 0 0
135 122 126 174 182 168 650 650 164 127 120 107 4 0 0 0 0
132 114 120 159 167 168 646 649 164 121 120 102 5 0 0 0 0
132 116 115 115 112 114 147 159 109 137 131 101 6 0 0 0 0
181 179 121 122 125 116 126 119 164 549 479 125 7 0 0 0 0
172 157 124 129 130 122 132 125 180 542 508 135 8 0 0 0 0
133 123 117 113 116 116 114 109 112 202 173 102 9 0 0 0 0
177 165 128 119 113 116 122 116 196 548 434 115 10 0 0 0 0
163 145 116 110 114 113 121 115 164 506 440 15000 11 0 0 0 0
Chip#2
112 106 107 95 98 105 96 102 88 105 110 103 0 154 124 94 23
112 109 110 100 110 104 200 209 88 109 108 108 1 0 0 0 0
112 109 102 105 115 102 347 325 88 106 108 98 2 0 0 0 0
112 113 108 100 108 108 120 126 88 106 103 105 3 0 0 0 0
128 111 107 109 116 109 745 843 133 107 115 107 4 0 0 0 0
128 114 104 110 117 111 879 954 133 111 106 105 5 0 0 0 0
112 108 104 103 104 106 110 112 88 127 120 107 6 0 0 0 0
112 124 109 100 104 108 102 108 104 898 737 104 7 0 0 0 0
128 119 106 98 106 104 107 106 104 565 471 107 8 0 0 0 0
112 113 106 102 101 106 103 104 104 238 163 108 9 0 0 0 0
128 131 113 102 105 100 105 107 140 1299 867 110 10 0 0 0 0
128 123 113 97 101 102 106 107 140 510 380 15000 11 0 0 0 0
Chip#1
132 114 121 124 133 123 136 131 115 113 110 106 0 225 124 86 23
135 110 120 178 189 136 344 341 127 124 117 107 1 0 0 0 0
132 110 116 169 191 138 340 332 129 128 131 105 2 0 0 0 0
110 104 116 124 136 117 178 183 104 113 106 102 3 0 0 0 0
134 114 119 178 185 184 744 741 180 121 131 99 4 0 0 0 0
132 120 121 169 181 168 747 750 164 124 122 103 5 0 0 0 0
132 115 115 116 118 111 157 175 104 138 147 100 6 0 0 0 0
200 190 133 134 135 124 140 129 164 607 560 143 7 0 0 0 0
178 161 126 125 127 121 131 127 180 610 591 141 8 0 0 0 0
137 122 117 115 118 116 116 110 115 218 186 102 9 0 0 0 0
192 182 126 121 125 114 130 119 196 628 493 118 10 0 0 0 0
178 162 128 127 125 121 135 127 196 598 512 15000 11 0 0 0 0
Chip#2
112 101 107 92 98 98 95 97 88 101 103 104 0 155 124 73 23
128 113 114 100 111 105 205 212 88 109 116 105 1 0 0 0 0
128 113 110 107 119 102 354 336 88 111 111 103 2 0 0 0 0
128 103 108 98 103 103 119 121 88 102 104 100 3 0 0 0 0
112 107 108 108 119 110 775 870 88 111 111 103 4 0 0 0 0
128 114 112 110 124 120 902 990 100 112 110 110 5 0 0 0 0
112 106 108 102 110 109 111 109 99 126 125 107 6 0 0 0 0
128 123 110 105 110 104 105 102 108 925 762 107 7 0 0 0 0
128 121 110 103 111 108 109 104 95 585 480 103 8 0 0 0 0
112 111 109 104 105 104 107 107 95 245 174 109 9 0 0 0 0
128 125 109 98 101 103 105 103 140 1335 888 108 10 0 0 0 0
112 118 110 98 103 99 96 104 88 518 386 15000 11 0 0 0 0
Chip#1
99 95 102 112 112 111 127 119 97 96 96 94 0 221 124 124 23
132 112 115 184 196 140 366 363 128 126 131 106 1 0 0 0 0
132 105 114 173 191 168 357 352 131 122 131 101 2 0 0 0 0
132 109 119 133 137 123 183 187 116 113 131 106 3 0 0 0 0
133 115 114 181 189 184 805 803 180 121 131 101 4 0 0 0 0
139 120 125 175 188 168 810 811 180 131 123 107 5 0 0 0 0
135 121 116 118 128 123 164 175 116 153 147 107 6 0 0 0 0
202 193 128 129 134 122 138 125 180 649 595 138 7 0 0 0 0
184 173 126 129 132 121 136 130 180 659 632 143 8 0 0 0 0
140 128 121 121 119 117 120 112 123 239 194 105 9 0 0 0 0
201 193 134 128 125 121 136 126 212 677 537 126 10 0 0 0 0
184 173 125 122 124 125 136 126 196 644 544 15000 11 0 0 0 0
Chip#2
112 109 108 99 101 105 102 97 88 109 109 107 0 154 124 120 23
112 108 103 98 111 105 201 216 88 107 104 104 1 0 0 0 0
112 112 107 114 118 105 359 338 72 112 109 102 2 0 0 0 0
112 109 109 103 108 106 127 123 72 108 103 107 3 0 0 0 0
128 111 110 108 113 114 771 871 140 117 110 107 4 0 0 0 0
128 115 109 113 123 120 902 984 97 117 108 107 5 0 0 0 0
112 114 113 105 110 115 119 108 97 133 126 107 6 0 0 0 0
112 124 110 103 116 110 107 108 112 930 767 114 7 0 0 0 0
112 125 114 104 115 111 112 109 112 584 471 108 8 0 0 0 0
128 118 113 108 111 110 110 108 112 248 175 112 9 0 0 0 0
128 132 115 103 105 109 107 107 141 1340 888 109 10 0 0 0 0
112 123 110 103 106 105 103 104 88 522 391 15000 11 0 0 0 0
