Chip#1
95 99 103 103 98 99 99 104 101 99 96 99 0 164 121 54 23
93 94 93 96 98 94 100 97 99 97 96 96 1 0 0 0 0
91 93 97 97 93 93 101 100 102 95 90 92 2 0 0 0 0
95 95 95 90 100 93 101 98 99 91 89 89 3 0 0 0 0
97 100 102 101 103 99 105 104 103 100 94 95 4 0 0 0 0
95 97 133 136 101 134 169 102 102 100 97 98 5 0 0 0 0
98 100 114 113 101 118 141 100 100 101 96 94 6 0 0 0 0
98 105 106 101 105 97 105 101 103 97 98 98 7 0 0 0 0
91 96 147 141 97 116 127 98 99 97 92 94 8 0 0 0 0
93 100 131 123 97 116 128 98 98 92 92 96 9 0 0 0 0
103 105 106 107 105 101 111 105 106 100 98 102 10 0 0 0 0
97 99 99 96 100 94 102 98 101 96 94 15000 11 0 0 0 0
Chip#1
97 102 104 101 103 99 104 105 102 97 101 94 0 164 120 68 23
103 104 104 108 107 101 113 105 103 103 103 101 1 0 0 0 0
97 97 99 101 94 92 105 97 101 100 97 95 2 0 0 0 0
98 99 103 104 96 97 101 103 101 96 97 94 3 0 0 0 0
101 107 106 103 103 109 111 107 108 103 103 101 4 0 0 0 0
91 96 134 131 97 133 166 97 98 96 90 90 5 0 0 0 0
97 100 116 114 101 121 139 103 100 99 95 90 6 0 0 0 0
99 100 99 101 96 100 100 98 99 97 94 90 7 0 0 0 0
92 96 149 145 94 112 127 101 98 89 92 95 8 0 0 0 0
93 99 130 124 98 121 132 98 100 96 92 95 9 0 0 0 0
97 100 98 97 100 94 102 101 100 97 95 93 10 0 0 0 0
104 104 106 98 100 99 106 107 100 101 102 15000 11 0 0 0 0
Chip#1
98 99 97 98 95 92 96 100 100 91 92 95 0 163 120 18 23
103 102 105 102 101 103 111 103 102 105 101 100 1 0 0 0 0
96 97 104 102 93 97 105 100 103 101 94 95 2 0 0 0 0
97 101 98 97 96 97 105 98 97 96 96 98 3 0 0 0 0
95 96 99 99 96 95 108 100 100 93 94 95 4 0 0 0 0
106 106 173 175 105 176 238 111 107 108 106 102 5 0 0 0 0
99 102 128 130 103 135 177 100 101 95 96 96 6 0 0 0 0
101 100 102 101 98 98 106 101 101 93 92 95 7 0 0 0 0
92 95 189 183 97 134 151 95 100 89 90 88 8 0 0 0 0
98 97 160 146 101 142 154 103 100 96 94 98 9 0 0 0 0
101 99 98 96 95 97 102 98 98 91 94 96 10 0 0 0 0
102 97 99 97 95 94 102 97 99 92 92 15000 11 0 0 0 0
Chip#1
102 110 103 104 107 103 111 107 106 105 98 102 0 164 120 110 23
100 98 100 101 101 97 105 102 101 101 98 100 1 0 0 0 0
102 101 105 115 103 111 125 104 111 118 97 98 2 0 0 0 0
96 99 99 97 95 98 113 101 103 104 90 90 3 0 0 0 0
99 107 119 118 104 111 128 108 106 103 100 101 4 0 0 0 0
97 105 464 464 104 462 780 117 108 111 95 94 5 0 0 0 0
89 93 238 237 96 290 464 103 100 96 85 87 6 0 0 0 0
101 102 114 109 107 105 107 102 108 100 101 94 7 0 0 0 0
98 100 596 561 102 308 368 102 100 99 92 96 8 0 0 0 0
103 110 419 359 104 319 374 108 103 100 95 99 9 0 0 0 0
100 99 104 99 101 95 104 102 101 97 97 96 10 0 0 0 0
110 109 102 104 105 100 107 107 103 103 102 15000 11 0 0 0 0
Chip#1
102 97 95 96 102 94 100 100 100 92 95 90 0 164 120 28 23
96 95 96 91 94 93 99 98 98 93 90 90 1 0 0 0 0
96 97 105 112 97 103 127 101 106 124 92 92 2 0 0 0 0
98 97 100 102 105 98 115 98 109 112 94 89 3 0 0 0 0
98 94 116 119 98 108 123 100 99 100 91 93 4 0 0 0 0
99 97 624 616 101 637 1092 124 107 118 96 89 5 0 0 0 0
102 100 319 314 108 391 639 110 111 117 103 95 6 0 0 0 0
98 101 116 115 104 101 105 98 100 96 97 92 7 0 0 0 0
91 100 812 762 103 407 480 105 96 90 90 95 8 0 0 0 0
101 107 550 469 104 420 489 103 102 99 94 96 9 0 0 0 0
99 104 105 102 97 103 106 100 100 95 92 93 10 0 0 0 0
97 94 95 92 94 94 99 94 100 88 92 15000 11 0 0 0 0
Chip#1
98 101 103 104 101 95 102 101 103 101 97 98 0 162 121 69 23
102 102 104 104 101 106 108 103 106 103 103 101 1 0 0 0 0
103 106 121 126 108 121 134 112 116 137 105 104 2 0 0 0 0
91 93 100 102 95 100 107 98 103 111 94 90 3 0 0 0 0
97 101 127 129 103 111 132 103 104 100 98 95 4 0 0 0 0
97 104 720 704 104 738 1278 129 113 122 97 98 5 0 0 0 0
109 109 358 363 116 452 744 123 118 126 105 102 6 0 0 0 0
101 102 119 119 108 105 108 104 103 99 96 95 7 0 0 0 0
92 101 952 888 101 456 549 100 100 87 90 89 8 0 0 0 0
105 109 640 530 111 465 563 111 107 100 98 99 9 0 0 0 0
104 102 108 107 109 103 112 107 104 99 103 100 10 0 0 0 0
111 109 103 102 109 103 112 108 106 101 101 15000 11 0 0 0 0
Chip#1
96 95 102 99 104 99 101 104 99 100 95 96 0 165 120 52 23
102 99 104 99 101 101 101 100 102 96 94 92 1 0 0 0 0
99 104 118 124 105 111 136 105 118 141 100 93 2 0 0 0 0
97 101 100 102 102 103 115 102 106 117 94 96 3 0 0 0 0
98 106 124 131 111 117 134 103 107 103 97 96 4 0 0 0 0
98 105 744 741 105 768 1344 129 114 126 92 92 5 0 0 0 0
106 112 370 373 112 457 773 121 119 130 105 99 6 0 0 0 0
95 102 119 119 102 103 107 102 99 97 92 93 7 0 0 0 0
95 109 1015 939 108 467 567 107 106 100 96 95 8 0 0 0 0
99 109 660 545 107 484 584 110 102 104 98 99 9 0 0 0 0
101 104 104 102 104 101 109 104 101 99 97 99 10 0 0 0 0
112 107 100 98 104 101 107 103 106 100 98 15000 11 0 0 0 0
