66
66.375
67.75
69.1875
70.5625
71.4375
72.625
73.75
75.25
75.9375
76.9375
77.9375
78.875
79.75
80.6875
81.5625
82.4375
83.25
84.125
84.625
85.5
86.25
87.3125
88.125
89.3125
90.125
91.0625
91.75
92.9375
93.375
94.5
95.1875
96.0625
96.6875
97.5625
98.1875
98.75
99.5625
100.1875
100.9375
101.5
102.4375
103
103.75
104.3125
104.9375
105.375
106.0625
106.5
107.0625
107.5
106.9375
106.4375
107
107.5625
107
106.375
107.0625
107.5625
107.625
106.9375
106.375
106.875
107.4375
107.0625
106.3125
106.6875
107.375
107
106.25
106.625
107.5625
107.125
106.3125
106.5
107.375
107.1875
106.3125
106
106.8125
107.375
106.8125
106.1875
106.4375
107.0625
106.5
106.0625
106.5625
107.0625
106.6875
106.0625
106.5625
107.0625
106.625
105.9375
106.25
106.6875
106.875
106.3125
106.125
106.8125
107
106.4375
105.6875
106.0625
107
106.75
106.125
105.8125
106.5
107
106.5
105.5625
105.8125
106.9375
106.6875
105.875
105.8125
106.625
106.875
106.4375
105.8125
105.5625
106.1875
106.625
106.5625
106
105.5
105.9375
106.6875
106.75
106.25
105.8125
105.375
105.8125
106.625
106.6875
106.1875
105.5625
105.3125
105.6875
106.375
106.625
106.1875
105.5625
105.5
106.1875
106.3125
105.75
105.5625
106.25
106.5625
106
105.1875
105.4375
106.4375
106.5
105.75
105.125
105.25
106.5
106.5
105.75
105.1875
105.6875
106.25
103.75
103.75
104.5625
4.911385E-25
105.6875
105.8125
105.625
4.911385E-25
104.9375
104.25
4.882734E-25
104.375
104.8125
105.3125
105.5625
105.9375
105.9375
105.5
105.3125
104.9375
104.6875
104.3125
104.4375
104.875
105.125
105.6875
0
106.125
106
105.375
105.1875
104.5625
104.375
104.125
104.25
104.6875
105.25
105.8125
106.0625
106.0625
105.9375
105.375
105.375
104.75
104.5625
104.25
104.3125
104.9375
104.9375
105.75
106.0625
106.1875
106.125
105.625
105.4375
105
104.8125
104.25
104.25
104.5625
104.8125
105.6875
106
106
105.5625
4.882734E-25
4.884754E-25
104.5
4.882734E-25
4.884754E-25
4.882102E-25
105.125
105.75
106
106.1875
106
4.882734E-25
105.1875
105
104.5625
104.25
104.25
104.5
104.6875
105.5
105.75
106.125
105.875
105.6875
105.125
104.9375
104.5
104.3125
104.5
104.75
105.25
105.5
106.0625
106.0625
105.8125
105.5625
