Chip#1
116 108 111 103 102 115 103 107 110 108 118 108 0
105 107 103 106 118 105 102 103 130 108 114 97 1
103 103 100 122 126 104 93 104 142 110 108 98 2
109 112 104 100 95 110 101 103 104 101 112 101 3
108 107 104 95 98 106 99 104 99 100 106 99 4
104 108 102 100 99 105 95 103 104 101 109 97 5
105 112 102 125 151 110 102 109 156 111 114 103 6
103 112 98 110 112 108 96 105 113 101 107 99 7
104 107 102 99 95 109 98 98 100 101 106 98 8
104 107 100 95 90 102 96 98 97 99 106 96 9
114 115 109 105 103 108 104 106 108 102 116 105 10
110 115 108 101 99 110 102 104 105 109 110 15000 11
Chip#2
109 104 102 108 113 116 104 104 110 99 99 112 0
108 103 103 103 115 116 108 105 113 99 97 111 1
108 105 108 134 123 117 111 110 129 106 97 113 2
111 103 105 115 120 114 101 108 123 101 101 115 3
103 97 97 101 105 108 97 96 105 94 93 103 4
108 105 108 134 114 119 108 104 115 103 100 113 5
110 103 102 107 115 114 103 106 116 103 94 117 6
101 94 94 109 123 107 100 94 117 97 90 109 7
110 106 103 107 116 117 105 104 119 103 96 112 8
110 100 102 102 116 114 104 105 111 103 101 116 9
110 100 106 105 110 114 104 99 111 96 97 113 10
106 103 108 134 114 115 104 106 111 100 102 15000 11
Chip#3
117 101 108 103 101 100 107 105 115 101 101 105 0
107 91 94 91 92 92 100 96 102 95 95 93 1
109 96 102 96 95 94 98 101 103 97 96 92 2
108 91 96 102 102 98 95 94 107 98 91 90 3
113 134 107 123 194 120 102 109 193 131 102 100 4
110 94 99 104 114 100 104 100 123 102 95 95 5
108 93 101 101 101 100 100 100 107 102 94 100 6
103 95 95 91 101 95 101 100 103 94 94 94 7
107 134 102 119 152 108 102 105 150 131 98 98 8
110 97 103 113 165 108 104 103 166 125 99 97 9
109 93 98 100 91 94 96 100 102 99 92 88 10
115 100 101 98 97 96 101 101 110 99 94 15000 11
Chip#4
100 101 97 98 102 113 106 100 110 94 99 101 0
106 113 105 105 114 115 115 110 115 112 106 133 1
103 101 96 100 106 111 109 99 111 97 101 101 2
101 103 101 103 106 116 108 101 113 112 100 133 3
104 105 105 105 108 116 109 101 113 112 106 133 4
98 95 94 97 105 108 103 97 107 94 94 133 5
108 106 105 101 105 116 110 104 113 115 103 133 6
103 105 104 102 104 112 109 101 111 98 102 101 7
103 101 105 102 106 111 109 101 116 102 99 133 8
104 101 101 105 105 110 108 103 112 97 103 101 9
104 103 105 100 105 115 107 101 112 112 105 133 10
95 95 94 94 96 107 102 94 106 94 92 15000 11
Chip#1
113 109 103 101 102 108 97 101 105 104 113 107 0
103 104 98 123 185 104 97 107 239 99 111 98 1
108 105 97 207 243 105 101 112 305 135 105 96 2
105 105 98 98 103 105 98 100 111 97 104 97 3
109 105 107 97 103 109 100 101 107 98 109 99 4
103 107 100 102 112 112 101 103 114 101 109 101 5
102 103 102 197 332 103 95 127 343 146 105 91 6
113 109 106 147 176 113 104 109 159 111 111 109 7
105 108 104 95 93 108 97 100 100 99 106 94 8
104 105 100 99 95 99 97 100 101 96 106 101 9
101 106 97 92 90 105 98 97 101 95 104 92 10
102 98 100 94 96 99 95 99 98 95 104 15000 11
Chip#2
98 98 95 93 100 102 98 96 105 96 94 106 0
102 99 102 96 107 107 100 99 106 95 96 104 1
99 99 93 150 150 108 101 111 161 97 96 107 2
110 107 108 150 147 116 107 117 162 112 107 116 3
104 98 99 101 110 107 102 99 107 99 102 107 4
109 103 105 105 104 112 108 102 108 99 100 112 5
103 100 99 113 124 109 106 104 126 101 99 112 6
98 101 95 152 194 108 100 102 160 110 97 106 7
103 101 101 105 111 106 102 101 127 96 96 107 8
102 104 99 104 107 110 108 102 108 97 102 113 9
101 101 97 98 105 107 101 98 105 90 94 109 10
103 101 97 102 107 109 107 99 111 99 94 15000 11
Chip#3
107 96 101 95 87 95 96 100 105 97 94 94 0
109 94 99 97 93 95 100 98 103 97 95 98 1
106 93 98 96 92 95 98 99 101 100 96 97 2
109 94 99 107 142 99 102 99 123 101 96 97 3
109 96 106 203 524 192 102 128 402 224 105 102 4
110 96 105 108 188 107 108 99 178 122 98 97 5
104 100 98 97 97 97 102 97 107 99 96 100 6
100 91 90 91 92 96 93 93 99 95 90 92 7
103 96 94 177 323 111 98 101 297 240 99 98 8
110 95 98 148 383 147 106 105 373 240 100 95 9
108 95 95 101 97 100 101 98 107 97 99 95 10
120 102 102 104 97 99 104 103 107 103 102 15000 11
Chip#4
101 105 100 99 105 112 104 102 106 99 103 133 0
102 101 100 100 99 106 107 99 106 96 100 101 1
99 101 100 97 96 105 107 99 106 96 99 101 2
106 106 106 98 101 110 105 105 111 104 104 133 3
97 101 103 102 105 110 105 103 109 99 100 101 4
99 110 104 104 107 110 103 105 112 101 106 101 5
104 102 105 102 107 110 111 106 107 105 103 101 6
106 106 104 101 107 112 108 107 111 98 102 101 7
100 106 101 102 108 107 108 103 111 103 100 101 8
97 94 94 92 100 100 101 98 106 93 97 93 9
106 103 101 101 109 114 107 101 111 102 105 117 10
106 107 109 103 107 117 114 108 116 112 105 15000 11
Chip#1
108 105 101 94 97 102 98 96 107 104 104 97 0
105 103 99 165 304 103 98 112 392 102 107 96 1
109 107 101 346 423 104 100 129 544 180 111 103 2
104 105 102 103 106 106 98 103 120 105 105 98 3
108 109 104 95 100 106 97 104 106 99 109 95 4
101 102 103 104 116 104 96 107 126 101 109 99 5
108 102 103 331 613 102 97 167 618 203 108 96 6
109 115 106 198 264 110 102 116 223 116 115 103 7
102 105 100 95 95 103 96 98 101 97 106 94 8
109 107 100 92 92 99 96 95 98 94 100 95 9
103 107 103 98 95 105 99 101 100 96 107 102 10
97 104 98 94 97 97 95 98 97 100 105 15000 11
Chip#2
98 99 99 102 108 109 101 100 106 96 98 115 0
104 104 101 105 109 109 97 99 108 99 97 111 1
98 100 102 175 201 108 103 133 227 108 93 110 2
108 107 103 171 201 114 106 114 215 119 100 110 3
101 98 97 101 109 102 96 100 107 94 94 105 4
112 109 107 115 112 117 114 108 114 106 109 117 5
102 99 94 134 134 108 99 98 139 97 99 109 6
101 103 101 204 265 111 107 114 215 123 94 109 7
96 94 94 114 118 107 99 99 136 94 96 104 8
116 107 107 107 114 116 107 111 116 109 108 119 9
105 105 101 108 107 108 104 104 107 100 101 111 10
109 106 106 105 115 110 107 104 110 105 98 15000 11
Chip#3
112 101 100 96 98 100 100 100 101 96 95 100 0
116 100 103 95 97 97 96 101 104 95 92 99 1
120 134 108 109 106 107 108 107 111 103 105 107 2
109 95 100 111 183 115 103 101 132 101 98 98 3
106 99 104 282 848 254 104 145 634 321 100 102 4
112 100 102 121 259 110 106 103 226 139 101 103 5
109 95 105 106 104 106 106 105 107 101 102 101 6
104 98 101 106 104 105 102 104 112 109 99 97 7
112 98 105 240 517 147 102 112 455 360 106 103 8
114 98 105 182 624 179 103 120 582 274 99 99 9
115 105 106 107 108 107 109 105 116 106 101 104 10
123 134 105 101 97 100 106 105 103 98 98 15000 11
Chip#4
99 109 99 102 108 108 108 103 110 101 102 101 0
106 111 110 108 109 117 114 111 118 104 105 117 1
113 113 106 105 108 116 114 109 115 104 114 117 2
107 110 105 106 111 112 109 111 116 104 105 117 3
102 103 96 106 109 106 105 100 116 98 103 101 4
102 103 101 105 105 111 107 100 108 98 102 101 5
107 111 101 102 108 115 110 104 110 105 106 117 6
106 110 103 102 112 114 113 106 112 103 105 101 7
113 106 105 111 115 115 114 112 119 107 105 117 8
110 115 105 105 113 114 116 109 115 103 109 101 9
105 106 100 104 107 112 109 103 107 104 108 117 10
111 110 107 108 112 119 118 110 117 108 110 15000 11
Chip#1
105 102 101 96 97 106 98 101 107 101 104 98 0
101 98 98 190 394 104 96 118 509 109 106 99 1
107 110 101 472 560 109 97 136 762 207 110 104 2
109 109 107 108 113 112 102 105 132 107 111 99 3
111 112 111 103 108 113 108 108 109 110 121 106 4
108 112 102 113 128 110 104 111 134 108 106 101 5
107 110 103 452 848 109 100 207 859 258 107 95 6
105 109 104 243 342 110 103 128 267 125 116 102 7
105 108 103 97 99 106 99 99 105 104 109 97 8
120 114 107 103 102 111 103 106 107 110 116 109 9
114 120 107 102 105 108 102 108 106 104 114 107 10
101 101 100 94 96 104 97 95 99 96 109 15000 11
Chip#2
108 105 106 102 108 110 104 101 112 99 102 109 0
103 109 103 108 121 113 104 101 113 100 94 110 1
110 111 109 214 248 117 112 147 284 120 104 119 2
105 109 106 200 214 108 107 117 250 123 102 109 3
109 111 110 113 121 114 108 107 113 105 109 115 4
103 112 106 107 111 112 102 102 108 97 102 110 5
104 105 105 134 151 113 102 102 152 103 97 107 6
113 111 109 257 343 120 107 126 272 144 108 117 7
106 106 105 134 137 115 104 105 165 106 102 111 8
108 107 108 113 116 113 107 105 112 106 103 115 9
108 107 106 106 109 107 106 102 108 99 100 109 10
106 104 103 105 114 108 102 105 107 102 101 15000 11
Chip#3
124 134 111 102 101 101 108 104 105 106 109 112 0
130 134 101 100 100 98 101 106 107 103 101 106 1
121 134 101 104 101 101 102 108 111 104 104 101 2
107 95 98 113 218 113 100 99 144 102 95 94 3
112 99 107 358 1155 318 108 162 851 419 101 102 4
108 98 99 123 311 116 100 101 283 156 96 95 5
99 94 99 96 94 96 107 100 101 98 99 97 6
112 101 106 103 114 103 104 107 114 116 106 96 7
114 105 108 303 706 163 111 117 611 492 106 109 8
108 96 103 212 835 201 100 121 775 340 97 102 9
122 134 107 106 109 105 110 106 109 106 104 104 10
126 134 102 98 101 98 101 104 106 100 99 15000 11
Chip#4
107 105 105 102 111 111 111 109 118 103 106 117 0
110 113 110 110 113 112 114 111 117 115 114 117 1
111 111 113 109 115 117 119 108 117 118 111 117 2
105 110 110 109 115 111 112 110 117 104 108 117 3
106 105 103 109 120 107 105 106 116 99 103 101 4
105 111 104 101 112 114 113 110 112 104 106 117 5
108 110 109 105 112 110 109 111 115 103 108 117 6
110 111 111 111 117 115 112 108 116 105 111 117 7
110 109 108 116 119 117 112 116 127 117 108 117 8
108 106 103 104 109 106 108 109 114 99 103 101 9
111 106 115 106 108 116 114 110 112 114 108 117 10
105 109 100 104 106 114 113 110 113 107 111 15000 11
Chip#1
109 105 101 96 98 101 96 101 102 95 110 97 0
104 104 99 221 498 103 91 115 657 107 106 94 1
111 115 109 616 745 114 104 155 983 247 114 102 2
110 116 111 121 117 110 106 109 148 112 115 109 3
103 108 109 102 99 105 96 103 105 105 106 97 4
113 118 113 121 139 118 106 117 154 115 113 109 5
102 108 107 616 1191 113 101 250 1209 328 107 99 6
111 110 107 315 450 109 99 134 346 123 107 97 7
107 103 101 101 98 101 95 99 99 96 102 95 8
122 113 102 98 98 109 96 100 103 99 110 110 9
117 128 111 105 105 110 100 107 107 105 120 116 10
108 112 109 101 100 105 99 99 107 104 112 15000 11
Chip#2
108 103 102 104 104 108 103 98 107 97 97 113 0
108 104 105 108 111 113 103 105 113 102 102 115 1
111 113 110 255 298 117 112 163 349 124 110 118 2
113 107 108 243 253 122 109 125 318 138 103 117 3
111 105 105 114 111 116 107 102 116 105 104 115 4
110 106 106 104 113 113 102 100 111 101 101 113 5
106 106 109 150 172 115 109 105 183 108 104 115 6
108 111 115 337 482 116 115 154 363 167 113 120 7
110 109 107 150 149 114 110 106 200 113 107 116 8
112 109 107 111 115 119 111 110 116 107 107 117 9
118 108 108 114 116 121 112 106 117 103 111 122 10
120 108 115 117 120 121 114 113 118 112 113 15000 11
Chip#3
116 109 105 99 103 102 109 105 110 106 105 109 0
130 107 103 99 101 99 106 101 106 103 97 104 1
122 102 105 105 104 105 106 103 109 104 100 102 2
109 96 102 118 234 119 103 105 156 109 97 97 3
115 104 106 397 1318 353 112 176 965 485 109 110 4
109 98 102 133 349 118 102 107 311 176 97 99 5
115 134 109 108 106 107 111 110 113 106 102 107 6
114 134 107 107 116 105 106 111 118 119 107 106 7
110 100 106 323 785 164 108 117 682 542 99 99 8
109 100 105 237 954 224 109 129 885 387 99 106 9
115 100 103 98 99 103 103 104 111 99 101 102 10
124 106 98 95 95 97 101 100 105 98 90 15000 11
Chip#4
108 111 108 106 113 111 116 107 114 105 103 101 0
101 105 97 105 108 108 109 103 109 99 105 101 1
108 111 110 108 117 115 116 112 116 108 109 117 2
109 109 111 111 118 117 116 114 118 110 110 101 3
108 111 113 121 136 119 116 112 127 108 109 117 4
111 115 111 109 118 116 118 113 120 118 112 117 5
116 115 110 110 113 119 119 118 119 118 109 117 6
112 109 108 111 109 114 119 110 115 108 106 101 7
113 118 114 137 134 122 119 124 145 120 114 117 8
107 106 106 110 114 109 109 110 118 102 106 101 9
108 113 106 113 115 123 118 113 118 118 112 117 10
105 110 101 105 109 112 116 109 113 104 108 15000 11
Chip#1
126 118 113 109 114 116 111 109 120 113 119 109 0
113 110 105 261 604 109 100 121 783 117 114 103 1
120 118 113 722 893 116 108 174 1198 293 122 106 2
102 103 98 115 115 109 97 99 144 101 105 96 3
108 109 104 104 106 109 102 103 110 96 110 102 4
113 113 113 125 147 114 107 118 170 112 120 107 5
114 118 113 723 1436 123 106 286 1440 389 120 107 6
115 113 105 366 526 112 104 135 401 133 111 103 7
120 116 104 105 106 112 102 106 112 102 109 107 8
136 120 117 106 110 113 108 108 111 108 120 114 9
118 120 107 100 104 108 101 101 106 104 114 118 10
121 114 115 114 112 112 108 116 114 118 129 15000 11
Chip#2
108 108 105 109 113 112 100 104 107 102 103 115 0
108 111 103 107 116 112 109 105 113 101 103 112 1
116 111 115 287 338 123 118 179 404 132 112 120 2
111 113 109 280 288 120 108 178 363 145 109 121 3
113 112 106 122 122 116 107 106 121 105 103 118 4
113 113 112 122 120 119 112 112 118 110 109 118 5
116 113 114 166 197 116 118 112 200 113 110 122 6
113 113 112 382 556 119 109 147 410 176 107 119 7
106 109 103 150 156 110 102 105 215 107 101 111 8
111 112 103 111 116 112 109 106 112 109 105 116 9
120 112 116 112 116 116 111 111 114 105 106 120 10
122 112 114 116 123 119 112 110 119 110 111 15000 11
Chip#3
129 150 115 110 106 106 113 108 113 109 110 118 0
131 134 102 104 97 97 104 99 104 98 98 108 1
126 103 106 106 100 102 109 106 110 103 104 103 2
112 98 104 129 250 126 113 112 160 118 100 103 3
100 96 97 428 1473 375 102 170 1065 521 95 95 4
115 104 107 143 382 125 113 116 342 176 105 104 5
104 98 99 99 98 100 103 95 105 93 96 98 6
115 106 111 111 115 111 114 115 124 120 110 106 7
106 100 101 358 868 165 107 115 747 587 101 101 8
115 103 108 251 1048 236 106 131 977 432 106 108 9
116 100 109 108 103 105 113 104 110 106 105 103 10
132 106 99 104 100 99 103 101 106 101 100 15000 11
Chip#4
107 113 111 108 112 111 110 115 113 105 105 117 0
110 114 111 109 113 114 115 113 117 109 111 117 1
115 114 113 113 115 119 116 114 124 108 111 117 2
112 115 114 117 124 119 121 118 123 120 112 117 3
110 113 110 134 134 116 114 116 135 116 113 117 4
107 111 110 108 115 112 112 112 116 110 109 117 5
110 109 105 105 111 114 112 110 113 109 108 117 6
111 107 108 109 114 114 112 110 118 108 108 117 7
110 103 109 134 132 114 114 124 144 109 110 117 8
114 111 114 114 120 117 119 118 127 120 111 117 9
110 109 113 105 113 112 114 106 113 105 106 117 10
112 115 115 111 115 120 119 114 117 120 110 15000 11
Chip#1
123 115 115 113 117 115 114 116 118 117 127 111 0
117 114 113 298 706 117 108 135 926 126 124 110 1
111 114 111 832 1039 114 109 177 1389 328 118 110 2
113 114 114 132 128 115 107 114 165 117 121 111 3
113 123 118 115 114 115 113 115 119 118 120 113 4
116 118 117 132 159 119 107 118 181 117 118 110 5
110 109 109 837 1676 119 101 319 1670 438 118 102 6
108 109 110 411 610 112 108 143 457 137 110 107 7
120 112 109 108 110 112 110 108 109 109 118 103 8
132 120 108 102 104 112 107 108 109 103 120 115 9
130 133 124 112 108 116 110 115 115 114 131 128 10
115 118 111 104 104 110 104 111 113 109 122 15000 11
Chip#2
111 107 105 110 114 112 103 106 110 103 103 113 0
110 107 107 111 117 116 108 105 116 108 103 111 1
110 113 110 317 381 115 114 189 471 134 107 119 2
117 113 113 300 318 121 116 138 409 162 111 118 3
112 110 105 113 120 116 110 108 124 107 105 117 4
104 105 107 109 112 113 108 105 111 106 101 113 5
103 105 103 163 205 114 107 107 215 105 104 111 6
110 109 114 418 628 119 111 147 456 186 103 113 7
115 110 113 152 165 116 115 110 227 109 102 113 8
118 112 114 152 124 120 110 112 122 112 108 121 9
153 112 116 152 123 130 121 117 121 123 120 128 10
124 112 115 152 124 124 118 117 121 122 114 15000 11
Chip#3
126 111 106 105 99 99 106 109 105 97 105 108 0
131 134 98 95 94 95 100 100 104 96 93 101 1
130 134 112 113 107 106 110 104 110 103 104 107 2
112 96 104 128 259 126 107 105 167 112 101 102 3
109 107 106 480 1642 426 109 186 1185 576 101 108 4
108 96 98 138 412 121 104 105 368 192 100 100 5
106 99 102 105 104 105 107 105 106 101 102 100 6
107 96 101 104 104 99 107 100 115 115 100 100 7
112 103 107 386 960 176 110 117 823 650 101 107 8
112 104 106 271 1155 253 113 133 1083 475 105 105 9
122 134 108 114 115 107 113 112 117 108 106 109 10
135 134 104 104 100 102 106 107 109 100 100 15000 11
Chip#4
111 117 113 113 117 114 121 116 118 117 113 117 0
107 111 106 109 114 114 115 113 115 112 106 117 1
110 109 113 109 112 113 120 114 118 117 110 117 2
116 117 117 118 126 117 121 122 129 118 115 117 3
112 109 110 137 143 117 120 120 134 120 116 117 4
106 107 109 108 115 115 114 114 116 110 110 101 5
105 105 106 108 106 110 109 112 112 104 111 117 6
113 111 113 117 117 117 121 112 120 120 115 117 7
112 113 118 140 138 115 118 129 151 117 116 117 8
115 110 113 116 120 114 118 114 126 118 114 117 9
116 115 118 115 120 122 124 116 119 103 115 117 10
117 118 117 111 120 120 123 119 118 122 115 15000 11
Chip#1
121 109 108 105 110 117 106 115 115 116 119 110 0
115 105 109 328 795 117 109 138 1060 129 120 102 1
122 114 116 957 1199 123 112 197 1590 365 125 113 2
109 108 107 128 124 113 103 111 165 113 111 100 3
118 115 118 109 112 120 111 117 120 113 122 109 4
115 116 109 128 163 120 112 122 187 117 120 109 5
115 116 113 950 1919 130 110 360 1918 474 118 110 6
116 112 109 471 687 115 108 155 479 145 116 103 7
117 105 101 102 102 112 104 108 108 103 105 102 8
138 120 111 106 105 112 102 109 105 102 112 111 9
122 133 112 105 105 114 109 109 109 105 124 123 10
117 116 114 109 110 115 109 109 113 113 124 15000 11
Chip#2
115 109 103 107 114 116 110 107 111 105 101 113 0
115 109 112 122 122 113 110 112 123 107 113 117 1
108 109 104 339 411 113 110 192 499 135 105 115 2
111 109 112 330 339 116 115 191 445 168 105 118 3
112 112 113 116 123 116 116 116 122 109 110 118 4
115 112 108 114 117 117 114 112 114 109 108 119 5
112 105 109 174 216 116 110 113 224 113 105 112 6
110 111 107 453 680 109 105 147 497 188 103 113 7
112 112 106 150 168 113 111 106 240 112 104 113 8
116 112 108 109 115 117 110 107 119 106 108 113 9
124 112 116 110 118 117 110 105 113 103 107 119 10
116 112 115 117 120 119 114 114 119 113 109 15000 11
Chip#3
127 134 106 102 103 99 112 107 109 106 105 116 0
144 150 111 107 109 107 112 116 114 106 106 116 1
132 105 106 109 108 107 109 110 113 107 100 109 2
116 106 112 136 277 131 112 112 173 124 105 108 3
109 101 107 490 1722 442 106 189 1230 603 104 104 4
112 101 104 149 429 147 107 106 382 208 105 104 5
108 99 105 103 104 107 113 107 110 107 100 103 6
110 134 111 114 118 107 112 114 122 122 108 104 7
106 104 106 400 1002 183 108 117 855 674 100 100 8
107 99 99 267 1202 252 98 125 1117 489 94 93 9
124 134 107 110 109 108 107 111 116 109 107 109 10
136 150 104 108 102 100 112 109 111 106 104 15000 11
Chip#4
115 117 115 110 117 120 123 116 123 117 111 117 0
116 119 114 111 122 121 119 113 118 117 116 117 1
120 119 119 113 123 122 120 120 123 122 118 133 2
117 119 117 134 132 124 120 120 133 124 116 133 3
111 117 115 142 151 122 118 124 140 124 117 117 4
122 117 124 117 127 129 122 122 131 123 121 133 5
116 117 115 111 118 123 115 120 122 125 120 133 6
120 117 120 119 124 128 127 119 125 127 122 133 7
122 118 119 143 145 129 120 134 160 128 114 117 8
116 115 115 119 131 123 121 118 130 120 116 117 9
117 117 115 110 119 122 119 119 121 122 118 117 10
120 117 123 118 124 129 125 118 130 129 122 15000 11
Chip#1
123 113 108 104 108 111 102 111 117 111 114 107 0
126 122 118 374 898 120 113 151 1207 135 126 113 1
116 114 120 1053 1344 120 115 207 1785 402 124 109 2
116 117 117 148 139 118 112 118 186 125 124 111 3
120 121 116 115 117 120 109 115 125 114 120 107 4
120 120 116 133 168 116 111 126 200 119 121 105 5
130 128 128 1047 2167 136 123 406 2172 537 126 114 6
121 117 117 525 762 114 106 166 539 151 116 113 7
127 115 114 110 113 115 113 115 113 108 118 107 8
149 129 114 109 108 116 109 117 115 113 118 122 9
133 145 122 116 109 119 116 120 118 110 135 137 10
120 115 118 112 112 113 108 108 115 117 124 15000 11
Chip#2
122 112 114 116 120 119 118 116 121 112 113 119 0
116 111 117 134 124 120 111 114 124 112 108 121 1
117 113 114 375 479 119 117 217 563 144 109 118 2
124 113 117 368 379 129 124 150 501 182 118 128 3
117 113 109 134 121 116 111 116 119 110 107 115 4
116 113 110 114 123 119 118 112 121 109 112 117 5
115 112 113 182 227 122 112 113 237 116 109 121 6
112 112 109 505 765 119 115 159 558 205 111 117 7
116 112 108 157 194 116 111 114 256 113 111 117 8
116 112 113 114 118 116 112 111 118 109 108 117 9
125 112 116 115 121 121 117 111 119 110 113 123 10
153 131 120 134 130 127 122 118 129 120 116 15000 11
Chip#3
128 134 114 113 108 105 113 109 114 108 114 118 0
141 134 109 104 104 105 109 107 113 103 106 112 1
133 134 109 112 107 107 110 108 109 100 110 107 2
116 104 109 140 300 147 109 110 184 119 104 104 3
115 106 108 562 2002 499 112 210 1437 680 105 105 4
115 105 113 158 506 147 112 121 440 204 102 104 5
117 134 115 118 112 114 119 112 118 112 106 112 6
117 134 109 117 126 111 114 110 129 126 110 102 7
116 134 108 488 1252 201 111 125 1079 838 111 107 8
121 134 114 333 1578 312 116 152 1455 617 111 112 9
128 134 109 110 112 105 112 106 120 109 106 107 10
155 144 116 115 110 109 118 114 117 109 111 15000 11
Chip#4
113 113 109 110 117 116 118 116 122 110 113 117 0
115 117 111 110 115 112 118 114 119 110 113 117 1
122 117 122 119 124 128 128 128 128 128 123 133 2
115 113 110 119 125 119 118 119 130 121 118 117 3
113 117 113 144 149 115 118 120 147 122 114 117 4
115 117 115 111 121 117 120 117 120 123 115 117 5
115 113 114 110 112 120 113 114 119 111 113 117 6
118 118 116 115 120 123 120 119 125 124 117 133 7
124 118 124 156 158 129 131 143 176 137 125 117 8
117 118 119 123 130 121 122 124 134 127 118 133 9
116 115 115 111 120 121 124 117 119 122 116 133 10
119 115 118 118 122 124 125 118 123 122 117 15000 11
Chip#1
129 116 113 110 112 114 108 112 121 117 116 108 0
124 121 118 400 976 120 115 157 1297 142 129 119 1
114 111 115 1146 1468 120 113 210 1964 426 118 111 2
115 118 117 151 138 119 110 120 189 120 122 112 3
118 120 117 117 114 118 112 118 121 116 120 114 4
116 115 115 140 174 118 110 125 207 122 125 108 5
121 116 115 1132 2352 126 114 422 2355 579 122 102 6
108 110 111 557 808 111 101 161 572 149 111 101 7
126 114 114 113 112 115 107 116 115 109 114 109 8
154 123 120 117 111 116 113 117 117 114 125 129 9
132 142 122 117 111 117 117 117 115 117 141 133 10
118 122 122 117 107 118 113 114 117 118 132 15000 11
Chip#2
125 118 117 122 125 123 121 117 124 115 116 125 0
116 118 114 120 131 120 122 117 124 114 114 122 1
119 118 115 406 514 123 122 228 607 148 114 122 2
119 118 115 390 404 124 116 147 534 184 115 123 3
119 102 109 116 122 120 112 110 127 110 112 123 4
110 118 109 134 120 113 110 111 119 107 105 118 5
116 118 117 192 244 124 123 118 252 121 115 123 6
119 118 116 551 826 121 121 169 603 221 120 124 7
111 113 110 164 194 114 114 110 267 115 108 116 8
153 127 120 134 130 128 123 122 128 124 123 130 9
124 113 110 110 117 115 112 110 117 112 111 123 10
122 127 115 134 122 117 115 112 117 114 113 15000 11
Chip#3
128 144 112 104 103 102 108 106 107 99 111 116 0
139 144 105 102 99 101 110 109 106 98 104 116 1
134 144 107 114 108 110 112 112 117 108 106 111 2
119 144 109 144 303 147 117 119 193 118 110 113 3
112 102 107 554 2015 501 107 208 1437 680 105 105 4
112 106 107 152 506 147 109 114 441 208 98 104 5
109 99 105 102 98 102 104 108 107 98 98 102 6
113 106 105 110 114 103 113 108 123 118 102 106 7
119 110 113 488 1263 204 119 134 1079 835 111 104 8
119 110 111 333 1576 315 114 151 1449 613 110 107 9
130 134 112 116 119 112 117 117 119 110 111 113 10
153 134 108 110 104 106 112 113 117 106 105 15000 11
Chip#4
107 113 112 108 115 113 115 112 113 116 112 117 0
120 113 117 116 125 122 127 120 120 121 120 117 1
123 113 122 116 125 124 121 122 128 127 122 117 2
123 113 124 138 137 131 126 126 139 128 126 133 3
117 114 113 147 157 119 119 123 150 124 117 117 4
119 115 119 111 123 120 120 120 124 120 115 117 5
117 110 117 113 118 117 117 115 118 103 115 117 6
116 113 117 115 118 121 124 122 128 122 119 117 7
116 118 117 151 154 122 121 137 174 129 121 117 8
119 118 123 127 136 121 125 128 137 125 125 117 9
119 118 120 117 124 121 126 122 125 127 121 133 10
121 119 122 116 125 127 125 124 126 124 121 15000 11
Chip#1
124 114 107 108 108 112 104 104 114 113 120 103 0
122 120 121 422 1049 119 109 158 1406 140 124 116 1
121 122 118 1237 1584 122 114 225 2133 445 127 116 2
113 115 115 147 138 118 110 117 193 122 114 108 3
113 118 115 113 110 119 110 108 121 108 112 104 4
113 115 109 141 181 121 109 124 223 120 120 110 5
117 115 116 1213 2546 130 113 453 2536 612 119 106 6
116 118 115 600 883 121 112 176 622 156 119 107 7
124 112 104 108 110 119 106 109 114 107 111 104 8
152 132 114 116 112 120 113 116 115 112 125 129 9
138 144 120 115 112 117 112 110 118 113 132 136 10
118 122 117 116 113 122 110 111 117 123 129 15000 11
Chip#2
127 118 117 121 122 119 117 116 122 115 115 129 0
115 111 108 116 120 119 111 110 121 108 104 115 1
123 111 116 426 542 127 122 234 643 156 116 123 2
118 111 113 426 425 124 116 147 566 190 113 124 3
118 111 112 162 127 117 112 114 126 115 108 121 4
115 113 107 114 117 120 112 106 117 109 107 113 5
109 111 105 191 241 114 111 108 254 112 105 117 6
111 113 112 582 874 117 114 159 632 219 104 118 7
120 113 115 173 197 123 116 118 289 120 113 122 8
123 113 115 121 120 120 112 111 118 112 109 123 9
124 113 115 116 123 121 113 110 123 116 112 124 10
126 113 115 113 123 122 114 111 118 113 113 15000 11
Chip#3
134 150 123 108 108 109 111 111 112 103 112 123 0
135 134 104 104 97 97 103 104 105 99 99 106 1
133 134 115 111 108 106 116 116 116 106 110 112 2
116 103 107 138 295 130 109 111 177 114 102 98 3
115 134 115 567 2016 507 113 216 1444 688 111 111 4
107 99 102 148 506 147 104 110 449 208 98 98 5
112 102 106 108 98 102 102 103 106 100 100 98 6
112 103 104 111 116 109 107 110 125 120 105 103 7
107 103 105 490 1251 195 103 123 1072 833 107 103 8
109 106 105 330 1564 303 103 139 1452 603 102 105 9
130 134 113 111 110 109 114 111 119 109 112 108 10
143 134 109 104 101 108 107 104 117 107 102 15000 11
Chip#4
118 119 119 134 123 122 127 119 124 124 120 133 0
118 119 119 118 127 123 126 119 120 124 120 133 1
124 119 126 121 130 130 132 129 131 136 127 133 2
114 119 111 134 128 121 121 123 131 123 113 117 3
126 119 122 159 166 128 123 130 156 133 123 117 4
113 114 113 114 122 122 120 118 123 121 116 117 5
122 114 123 121 127 128 125 127 126 131 125 117 6
118 118 115 118 128 123 125 123 124 125 120 133 7
123 118 116 160 159 125 125 143 177 128 121 117 8
124 118 123 138 140 125 131 128 137 130 125 117 9
126 118 128 135 131 131 132 130 129 135 128 149 10
123 119 117 134 123 122 122 120 125 127 120 15000 11
Chip#1
138 118 116 116 115 119 115 116 122 120 120 116 0
123 118 115 457 1149 118 115 159 1526 142 126 114 1
120 116 114 1351 1744 120 115 238 2335 477 129 110 2
121 124 121 157 152 125 116 126 223 132 129 115 3
117 120 121 120 120 120 118 119 122 120 126 114 4
120 112 117 151 191 123 116 127 238 126 126 113 5
123 120 122 1328 2795 131 123 484 2785 668 125 115 6
121 122 116 657 955 124 117 182 683 163 120 117 7
135 120 118 120 117 120 115 119 120 118 124 113 8
157 128 111 110 106 111 113 119 108 109 116 123 9
140 149 122 119 115 117 114 117 120 117 166 140 10
118 113 114 113 110 114 107 112 113 114 129 15000 11
Chip#2
123 113 113 109 118 117 116 110 118 106 113 127 0
119 113 117 134 128 121 118 116 127 116 114 123 1
117 113 112 455 581 116 117 245 698 157 110 116 2
118 113 115 435 473 126 118 155 622 198 113 122 3
119 113 113 124 128 121 116 113 132 114 115 124 4
115 112 116 114 125 117 115 113 123 115 113 122 5
111 112 115 208 260 117 117 112 275 116 108 121 6
122 112 121 636 962 129 123 176 697 246 120 125 7
122 112 116 175 201 123 122 117 308 121 116 127 8
153 112 119 134 124 124 126 117 127 118 114 125 9
153 127 117 134 121 115 121 113 121 114 112 127 10
153 128 121 134 124 121 120 118 126 120 121 15000 11
Chip#3
128 134 109 106 100 105 106 103 110 101 110 120 0
144 134 111 110 106 107 117 116 117 114 109 122 1
127 134 104 107 106 106 110 108 109 110 109 118 2
110 98 104 135 294 147 107 106 175 109 100 100 3
117 104 112 565 2019 506 110 212 1439 680 114 110 4
115 100 109 158 506 147 115 117 412 208 107 112 5
112 98 103 109 105 105 108 106 112 107 102 107 6
112 102 99 108 117 101 110 110 124 120 101 99 7
112 101 105 490 1260 198 111 121 1075 830 101 103 8
123 134 112 339 1588 317 121 155 1459 621 116 114 9
127 134 105 106 107 105 110 110 112 107 101 107 10
149 134 104 101 103 99 104 103 109 103 102 15000 11
Chip#4
123 119 122 134 127 128 131 125 130 131 125 133 0
122 119 120 119 128 133 132 124 129 128 122 117 1
125 119 128 125 133 128 134 131 133 131 127 133 2
125 119 120 134 138 124 126 130 139 133 123 117 3
122 119 124 162 175 132 136 135 159 133 127 133 4
119 119 117 119 127 123 124 122 129 124 118 117 5
120 117 126 115 126 127 130 123 126 125 123 133 6
120 117 116 123 126 129 127 123 135 127 118 133 7
129 117 125 168 170 134 136 151 190 138 133 133 8
129 117 126 142 150 135 131 134 150 134 130 133 9
128 117 125 124 126 132 131 127 133 134 128 133 10
131 117 130 134 132 133 133 129 135 131 128 15000 11
Chip#1
135 123 118 120 118 124 114 125 129 125 131 122 0
128 121 123 494 1232 126 123 171 1650 154 135 120 1
123 129 126 1477 1872 130 123 251 2516 516 130 121 2
116 120 116 155 147 119 115 120 223 124 122 113 3
122 121 118 118 121 124 121 126 127 124 131 114 4
120 119 121 156 198 124 120 135 245 125 121 114 5
121 124 122 1426 2983 137 120 519 2991 651 129 114 6
121 122 118 689 1015 130 120 188 727 172 125 111 7
133 120 120 119 116 119 115 118 121 115 126 113 8
155 132 117 113 112 122 114 119 115 117 131 129 9
139 148 123 117 105 117 115 115 116 112 142 138 10
128 128 126 119 116 120 116 119 125 126 139 15000 11
Chip#2
153 118 120 134 124 126 117 118 127 116 115 129 0
126 127 141 134 136 126 128 124 143 121 122 131 1
117 118 113 482 619 124 118 260 754 162 114 121 2
116 109 112 453 496 119 111 155 648 201 110 121 3
122 109 112 134 123 121 118 113 132 110 110 122 4
120 109 119 134 124 124 117 118 127 114 114 119 5
126 109 125 222 277 130 124 125 297 130 118 133 6
122 109 119 671 1017 121 124 185 727 257 116 122 7
117 109 114 185 207 124 122 123 321 120 108 123 8
153 109 119 134 122 124 122 117 128 115 116 133 9
131 109 115 134 123 123 116 112 121 113 115 129 10
136 109 125 134 131 131 122 122 130 121 125 15000 11
Chip#3
130 134 116 111 108 107 113 110 118 108 112 123 0
141 134 100 102 97 98 102 102 100 95 96 108 1
129 106 108 108 107 103 113 109 112 101 104 108 2
119 105 109 142 302 147 116 119 193 120 107 109 3
110 103 112 560 2023 499 107 207 1444 680 105 105 4
115 107 113 163 515 147 113 120 449 210 111 109 5
112 103 106 106 107 103 108 107 114 104 104 105 6
112 103 104 111 122 110 106 109 125 120 106 103 7
108 99 102 490 1258 195 108 121 1077 832 99 102 8
115 103 107 329 1575 310 110 148 1454 613 109 111 9
127 104 111 111 108 109 114 112 118 109 102 108 10
154 150 113 111 112 110 117 115 117 114 114 15000 11
Chip#4
122 117 125 116 127 121 130 123 128 125 123 133 0
124 117 120 134 124 131 128 128 130 127 122 133 1
132 117 131 136 134 135 137 130 135 135 133 133 2
125 117 121 138 147 129 130 133 147 131 127 133 3
126 117 126 161 177 132 127 133 163 135 127 117 4
124 117 122 126 132 131 134 125 134 133 127 117 5
128 117 128 124 131 130 131 131 134 135 129 117 6
122 117 122 121 127 122 127 122 134 128 121 117 7
131 117 125 173 172 132 134 154 189 140 126 133 8
125 117 122 138 137 129 125 135 146 130 125 117 9
125 117 125 134 128 129 131 126 130 137 129 133 10
136 117 128 123 131 134 134 128 135 141 129 15000 11
Chip#1
135 120 116 110 120 117 110 114 121 115 122 116 0
127 120 123 520 1308 126 116 173 1752 151 126 117 1
124 121 124 1561 1995 130 120 259 2675 545 129 116 2
122 120 120 159 153 124 116 121 223 131 125 110 3
126 126 128 126 128 129 120 129 130 125 131 121 4
124 127 128 163 214 128 123 139 263 136 134 123 5
117 121 118 1519 3168 130 115 542 3183 728 125 113 6
128 122 129 727 1072 129 124 198 750 189 129 117 7
138 125 125 123 119 125 117 121 125 121 127 119 8
170 137 123 117 120 124 116 128 117 117 130 132 9
143 155 131 115 113 120 122 120 112 115 141 145 10
124 125 128 121 122 122 114 117 119 126 135 15000 11
Chip#2
153 109 122 134 125 129 122 122 128 121 117 136 0
117 109 120 134 130 120 117 116 129 115 116 124 1
122 110 116 506 646 122 122 274 781 166 119 127 2
122 109 122 481 516 130 120 164 684 209 112 128 3
127 109 120 134 131 124 121 118 139 123 117 124 4
122 109 117 134 126 126 117 118 128 115 115 124 5
123 109 123 232 287 130 125 124 310 127 124 137 6
122 109 121 697 1058 128 121 185 763 254 117 125 7
127 109 122 193 209 129 123 119 334 125 123 127 8
123 109 112 116 121 124 115 111 117 115 112 121 9
153 127 121 134 123 123 119 116 126 119 117 133 10
133 118 123 126 129 126 123 118 123 123 126 15000 11
Chip#3
126 134 111 106 104 105 108 104 107 108 105 118 0
147 134 111 110 111 110 112 112 114 103 104 116 1
123 96 104 105 101 101 107 99 104 98 98 98 2
120 103 105 141 302 147 116 111 179 116 102 106 3
116 134 109 558 2015 501 110 210 1449 688 106 107 4
119 134 111 158 515 147 114 119 449 210 109 109 5
106 96 100 102 99 98 101 105 102 95 94 103 6
114 107 109 110 125 111 117 115 129 127 112 109 7
110 134 109 489 1258 201 114 133 1081 838 106 111 8
117 134 107 335 1578 314 119 147 1457 618 109 112 9
124 106 108 109 112 106 114 109 112 108 102 107 10
143 134 103 101 94 97 101 101 105 100 98 15000 11
Chip#4
119 117 122 119 125 129 130 125 129 124 123 133 0
129 117 128 123 128 133 131 130 130 131 129 133 1
125 117 126 134 131 132 130 125 128 133 128 133 2
129 117 125 141 140 125 126 130 143 130 122 117 3
135 117 129 173 185 135 134 145 171 137 134 133 4
125 117 128 135 131 132 128 130 130 129 125 133 5
129 117 131 134 134 138 133 129 134 138 127 133 6
136 117 130 137 134 133 131 131 145 135 130 133 7
131 117 126 179 182 138 137 157 204 142 132 133 8
131 117 131 143 147 137 132 136 147 134 125 117 9
135 117 137 141 139 138 142 139 139 142 136 133 10
137 117 130 134 138 138 139 131 134 136 134 15000 11
Chip#1
146 133 126 126 124 125 118 124 131 124 136 126 0
130 130 131 545 1394 128 123 179 1863 161 136 117 1
116 120 114 1667 2112 122 107 259 2829 565 126 110 2
122 122 122 171 157 126 115 121 236 131 130 116 3
129 132 124 125 124 123 125 125 133 123 132 121 4
127 132 129 165 222 131 121 139 271 138 137 117 5
115 122 116 1609 3368 132 110 564 3379 775 122 105 6
120 122 120 763 1151 128 115 197 786 189 126 109 7
145 125 124 125 126 126 120 120 124 125 131 118 8
172 146 125 119 120 125 121 124 117 116 133 141 9
140 147 130 110 112 116 115 114 117 113 140 143 10
121 129 129 119 114 121 115 120 120 124 132 15000 11
Chip#2
169 131 141 134 134 131 125 129 129 123 121 139 0
122 118 121 134 135 124 120 120 133 118 118 127 1
118 118 119 529 673 124 125 282 825 174 114 125 2
115 111 112 491 533 119 110 156 711 207 104 116 3
118 111 118 134 126 123 116 117 130 118 110 122 4
153 128 123 134 134 128 128 123 140 122 117 129 5
131 127 141 240 303 134 130 132 316 131 125 131 6
127 128 132 744 1130 135 131 199 817 274 124 131 7
124 118 120 196 220 129 124 128 348 128 118 130 8
153 127 141 194 125 130 122 122 128 119 116 130 9
153 130 125 134 123 129 121 120 124 119 118 133 10
153 128 121 134 125 123 114 118 127 115 115 15000 11
Chip#3
132 134 112 110 110 105 109 109 109 104 114 118 0
140 134 106 103 106 99 108 106 109 102 104 112 1
135 134 111 113 110 109 117 111 119 106 109 111 2
119 101 105 138 303 135 109 109 183 119 107 108 3
122 104 108 563 2016 498 114 208 1442 680 107 109 4
114 102 104 155 506 147 113 116 445 204 106 105 5
120 107 111 110 113 111 121 116 118 111 110 113 6
117 109 112 116 124 110 115 111 134 128 112 110 7
120 134 107 489 1261 202 117 131 1079 841 110 107 8
123 109 114 339 1577 315 117 149 1462 615 111 113 9
127 103 106 111 112 103 113 105 113 101 109 103 10
152 150 105 109 109 107 112 106 116 107 107 15000 11
Chip#4
128 117 128 134 137 129 131 130 129 129 129 133 0
131 117 130 123 131 135 133 130 133 135 131 133 1
128 117 128 123 130 134 131 131 133 130 133 117 2
129 117 126 144 149 129 131 136 150 137 133 117 3
128 117 124 173 188 131 128 136 169 136 130 133 4
127 117 129 137 138 133 132 130 135 135 133 133 5
125 117 122 134 126 127 126 125 128 128 123 133 6
131 117 129 137 138 133 133 133 139 135 132 133 7
126 117 125 178 182 134 157 157 207 140 130 133 8
128 117 128 144 150 130 133 137 153 134 133 133 9
130 117 130 121 132 130 131 130 134 130 132 133 10
142 146 136 142 141 142 157 141 143 143 142 15000 11
Chip#1
143 130 123 123 127 125 121 121 130 125 130 127 0
124 125 123 565 1454 133 118 178 1940 164 134 117 1
121 122 120 1725 2214 128 116 272 2969 591 128 116 2
122 123 125 167 160 130 121 129 245 129 125 119 3
130 131 126 132 134 130 130 128 133 125 130 126 4
123 124 121 162 221 127 122 140 278 134 127 119 5
124 125 125 1685 3527 142 123 595 3543 809 130 117 6
127 127 123 796 1200 135 122 207 834 189 125 117 7
143 129 124 123 125 129 125 122 123 119 135 119 8
164 136 118 112 114 119 110 115 119 112 124 132 9
142 151 120 110 108 116 110 115 111 108 135 143 10
129 133 130 126 122 129 117 124 124 129 141 15000 11
Chip#2
153 133 141 134 130 129 128 124 130 121 124 137 0
119 118 116 134 128 121 116 117 130 114 115 121 1
119 127 115 553 712 129 121 294 871 177 122 124 2
118 118 112 519 565 119 117 164 752 219 113 119 3
120 118 109 120 123 117 116 113 134 109 112 121 4
153 127 141 134 129 133 124 124 129 125 120 131 5
127 118 121 244 313 135 128 128 328 126 123 134 6
120 127 122 769 1175 124 119 192 848 276 118 130 7
153 127 141 200 228 133 123 131 359 134 118 130 8
153 131 141 134 132 130 124 126 132 123 125 133 9
153 118 119 126 129 123 120 119 122 114 118 135 10
153 130 141 134 125 124 117 118 128 120 123 15000 11
Chip#3
119 134 107 98 98 98 97 98 100 98 95 112 0
135 150 100 102 100 96 105 104 107 99 104 111 1
124 102 105 104 106 105 105 105 109 101 102 103 2
113 105 104 137 301 133 113 113 182 117 105 104 3
109 101 103 551 2016 497 107 205 1431 680 98 103 4
113 103 104 154 506 147 108 116 440 205 105 105 5
113 103 104 104 108 106 109 110 111 104 105 103 6
102 101 97 105 118 103 107 105 125 116 99 100 7
106 96 103 482 1257 194 110 125 1072 827 99 100 8
112 105 109 333 1579 315 108 152 1455 616 106 107 9
127 110 106 106 113 109 110 113 120 109 105 110 10
151 150 105 106 108 107 112 105 111 103 102 15000 11
Chip#4
131 117 131 128 134 133 133 130 137 134 133 141 0
127 117 120 134 130 132 131 128 133 131 128 141 1
128 117 122 123 127 134 128 124 128 130 127 141 2
133 117 126 148 147 136 133 140 152 136 133 141 3
135 117 133 191 197 140 137 147 181 142 140 141 4
129 117 131 138 138 136 136 133 139 134 127 141 5
131 117 136 136 136 135 157 136 137 141 136 141 6
134 117 128 140 137 134 132 135 139 139 133 141 7
131 117 131 187 188 137 139 161 214 142 136 141 8
133 117 134 151 153 135 134 145 157 138 136 141 9
133 117 138 137 139 137 137 136 133 137 140 141 10
141 117 137 140 138 143 139 140 141 141 142 15000 11
Chip#1
111 111 108 99 100 111 102 112 108 110 118 103 0
107 102 106 105 116 110 98 103 131 101 110 102 1
108 108 100 131 135 105 99 106 145 112 109 102 2
107 104 104 101 96 106 102 104 103 101 106 101 3
101 102 94 92 90 102 95 98 102 98 102 90 4
110 110 109 101 104 108 102 107 109 107 114 101 5
107 105 107 127 151 108 95 111 153 117 106 99 6
98 103 95 105 111 105 95 98 111 100 104 91 7
111 110 104 102 103 111 104 104 108 105 112 97 8
103 102 102 95 96 103 94 100 100 101 102 95 9
104 105 102 98 97 103 99 98 97 95 107 95 10
110 115 105 102 104 111 105 107 103 106 114 15000 11
Chip#1
146 130 128 129 128 126 118 124 130 129 132 128 0
127 127 127 615 1576 132 118 186 2135 169 138 123 1
117 123 124 1894 2432 130 118 291 3264 639 137 113 2
123 130 127 181 169 132 122 129 261 143 135 121 3
126 126 128 131 128 136 126 128 135 125 136 120 4
124 128 125 169 228 128 125 141 293 135 135 117 5
127 136 130 1839 3866 151 127 641 3876 885 135 119 6
126 128 132 869 1313 136 121 209 902 189 134 123 7
149 136 127 132 134 135 127 129 130 129 141 127 8
180 142 124 122 120 126 120 122 123 116 132 138 9
154 169 137 129 122 129 123 125 129 127 166 162 10
127 134 130 126 123 126 121 121 122 132 147 15000 11
Chip#1
158 139 131 129 135 131 129 133 144 140 143 131 0
127 128 126 627 1650 130 120 187 2232 166 140 121 1
130 127 126 1989 2574 134 117 307 3441 675 132 126 2
126 123 122 181 167 126 121 130 263 134 130 112 3
134 133 125 132 129 133 129 129 142 129 138 122 4
132 133 128 172 242 131 129 147 305 146 134 126 5
127 125 125 1925 242 146 126 669 305 921 132 120 6
132 127 128 917 1379 136 124 213 971 194 137 121 7
143 122 122 121 122 124 120 122 122 116 127 118 8
182 147 118 123 113 125 120 126 118 119 132 142 9
154 167 133 122 117 123 120 121 130 122 166 158 10
130 134 133 130 124 125 121 127 127 133 147 15000 11
