Chip#1
102 102 110 110 106 107 117 115 108 105 104 98 0 223 123 146 23
132 106 114 142 171 125 294 283 122 114 131 103 1 0 0 0 0
111 107 112 136 144 129 286 276 119 109 131 102 2 0 0 0 0
132 105 114 117 120 108 151 175 110 113 131 103 3 0 0 0 0
110 108 121 141 143 135 467 463 127 115 131 101 4 0 0 0 0
108 108 111 132 131 128 467 459 131 110 109 100 5 0 0 0 0
99 101 103 103 107 104 126 122 103 117 131 94 6 0 0 0 0
148 137 114 115 117 106 115 110 134 387 355 118 7 0 0 0 0
145 125 120 113 118 109 119 112 164 394 387 122 8 0 0 0 0
111 110 111 107 112 109 111 106 110 170 147 105 9 0 0 0 0
151 138 121 110 114 115 116 114 164 385 312 115 10 0 0 0 0
145 128 116 111 112 108 112 111 144 370 315 15000 11 0 0 0 0
Chip#2
112 100 103 94 96 100 100 97 104 105 100 98 0 154 124 43 23
112 106 103 105 104 106 183 178 104 101 105 109 1 0 0 0 0
128 109 112 115 114 110 303 281 104 108 108 105 2 0 0 0 0
112 105 103 99 105 104 124 116 104 106 103 105 3 0 0 0 0
112 109 106 108 114 110 404 434 104 105 106 108 4 0 0 0 0
128 108 104 108 111 113 466 479 104 109 109 110 5 0 0 0 0
112 112 110 108 111 113 118 108 94 120 117 113 6 0 0 0 0
112 112 103 103 106 104 109 102 97 462 374 107 7 0 0 0 0
128 113 109 107 106 110 112 106 97 316 270 110 8 0 0 0 0
112 113 107 104 105 108 105 101 97 159 127 107 9 0 0 0 0
128 112 102 107 106 104 102 102 109 587 412 104 10 0 0 0 0
112 108 108 105 106 104 100 98 109 270 224 15000 11 0 0 0 0
