Chip#1
97 96 100 95 101 97 105 100 98 95 96 98 0
103 101 107 102 110 103 111 107 98 104 106 99 1
98 99 127 133 101 130 159 103 117 162 103 98 2
97 100 100 107 101 112 125 100 106 128 100 94 3
92 94 95 93 95 93 97 97 96 96 91 89 4
97 94 105 93 98 97 107 104 106 130 97 92 5
101 104 103 103 104 104 108 105 109 125 100 96 6
91 94 99 92 98 95 100 95 99 91 95 88 7
93 99 102 98 103 101 107 97 101 101 96 95 8
93 96 105 95 103 95 105 98 100 96 92 90 9
95 97 99 95 96 98 102 95 99 93 94 96 10
97 94 100 90 100 92 100 100 100 96 94 15000 11
Chip#2
103 99 101 100 101 101 101 97 101 97 100 99 0
104 106 100 104 104 106 105 104 101 104 107 104 1
97 93 98 103 99 98 100 98 93 96 97 98 2
101 93 94 102 97 98 104 97 92 101 100 99 3
99 98 96 107 104 102 104 99 94 101 100 96 4
101 98 99 99 99 102 96 97 96 99 102 99 5
102 98 96 104 101 101 99 100 95 101 97 101 6
109 103 106 113 107 106 104 104 105 108 106 104 7
105 103 100 102 106 106 101 102 96 102 104 103 8
105 100 104 107 106 107 99 105 99 103 101 104 9
101 97 98 103 99 102 95 97 96 99 97 99 10
102 99 101 100 100 98 100 102 96 101 101 15000 11
Chip#1
99 105 103 103 103 101 106 100 99 107 106 102 0
93 100 115 125 102 109 143 100 103 125 100 95 1
96 101 312 382 103 333 584 122 235 522 153 101 2
101 102 151 181 100 175 277 105 150 305 113 96 3
99 99 102 98 104 98 99 101 101 103 96 99 4
97 104 110 112 98 103 114 101 189 328 119 94 5
92 99 105 102 102 99 106 104 150 254 107 92 6
96 95 100 97 97 94 99 100 94 99 95 89 7
96 101 108 110 98 108 108 101 102 100 97 95 8
102 105 108 107 102 108 109 104 101 99 96 98 9
100 105 103 102 102 98 106 104 102 97 98 99 10
99 105 103 101 109 99 106 102 102 100 106 15000 11
Chip#2
106 105 105 104 105 104 101 102 106 105 104 105 0
109 101 101 105 100 103 102 102 100 102 105 104 1
112 105 103 107 104 102 100 103 105 105 106 108 2
105 100 110 262 152 107 310 222 101 199 235 105 3
97 98 125 364 220 104 362 262 93 210 235 93 4
96 97 95 120 107 97 106 102 95 97 95 95 5
105 98 104 157 128 102 102 100 100 105 109 100 6
101 100 119 309 208 101 110 109 96 108 114 101 7
106 99 103 138 118 103 101 103 101 102 101 100 8
103 98 100 102 101 103 99 99 96 105 106 95 9
107 103 109 107 106 109 113 113 107 111 118 110 10
103 100 99 102 101 102 102 100 101 103 102 15000 11
Chip#1
93 95 94 93 94 89 97 95 98 89 92 94 0
92 97 125 133 100 118 155 107 102 142 101 96 1
97 97 381 470 107 412 747 132 270 684 163 100 2
86 95 161 198 100 195 322 103 167 375 117 90 3
92 97 103 95 97 97 106 96 102 97 95 89 4
97 101 111 115 103 103 121 101 215 413 122 96 5
99 99 107 106 101 101 112 98 181 323 109 95 6
98 102 104 97 102 100 106 105 106 101 96 96 7
93 99 113 112 98 106 112 100 99 101 96 94 8
98 102 108 106 103 103 116 103 98 99 100 98 9
89 99 102 98 98 94 100 103 100 97 97 94 10
97 97 98 89 98 99 104 100 98 101 97 15000 11
Chip#2
102 100 99 104 100 99 98 97 96 101 97 99 0
112 106 109 104 105 104 106 102 101 108 104 106 1
111 104 101 108 106 103 105 106 102 109 110 108 2
101 99 116 332 178 109 398 296 100 258 290 106 3
103 96 147 511 289 116 497 371 99 284 305 105 4
99 96 100 144 114 99 116 109 100 108 109 100 5
105 100 106 189 147 102 107 106 100 111 114 104 6
102 100 130 399 267 102 119 113 102 114 120 103 7
104 99 103 150 124 101 100 104 101 108 105 100 8
107 106 106 109 107 108 107 106 104 112 114 108 9
110 108 109 113 112 109 122 121 110 120 128 115 10
109 101 106 107 101 104 107 104 104 110 107 15000 11
Chip#1
105 104 102 99 103 97 106 104 104 103 103 101 0
99 101 125 138 103 121 158 103 108 150 100 96 1
96 97 395 496 103 437 789 128 277 734 165 93 2
96 97 169 205 101 201 345 105 173 401 125 93 3
99 101 104 98 100 104 109 102 101 108 100 100 4
89 100 113 108 105 106 114 101 235 436 123 92 5
92 97 103 99 100 99 107 101 181 345 111 94 6
102 109 107 101 105 105 108 104 108 103 103 101 7
93 101 115 116 100 103 114 101 100 96 93 93 8
91 90 103 98 97 98 106 91 96 92 92 90 9
91 99 98 91 103 92 98 95 99 91 90 93 10
96 100 100 96 97 100 104 102 99 107 101 15000 11
Chip#2
109 104 104 99 102 101 101 95 101 101 102 108 0
111 106 106 105 106 104 106 107 108 107 110 109 1
111 104 104 103 107 102 104 102 102 107 102 108 2
112 111 133 381 202 122 458 337 113 292 338 116 3
103 101 161 573 321 122 575 411 105 310 333 106 4
107 105 107 149 124 108 126 112 101 109 113 108 5
105 100 106 204 153 104 113 110 101 112 116 108 6
101 100 131 449 295 104 117 118 99 115 119 109 7
97 97 98 154 124 94 96 96 93 97 100 98 8
109 109 106 107 107 108 108 107 107 109 115 110 9
109 105 106 109 108 108 122 121 108 119 130 116 10
107 104 105 107 101 106 106 104 104 107 107 15000 11
Chip#1
104 106 104 99 98 101 101 103 101 100 102 104 0
106 110 138 143 105 124 166 107 112 152 113 100 1
98 100 425 530 105 457 843 134 294 766 173 95 2
93 96 174 221 97 206 361 100 178 432 125 95 3
91 94 96 92 96 98 99 100 97 103 97 94 4
95 101 118 115 98 106 115 103 235 462 124 96 5
93 97 106 99 95 100 108 102 191 364 117 90 6
99 102 99 103 102 98 104 102 101 103 97 98 7
97 102 113 112 101 105 111 95 98 95 96 96 8
87 97 109 101 96 101 111 98 98 100 100 96 9
102 100 102 101 103 95 108 102 100 100 98 96 10
105 100 104 98 104 99 104 104 102 100 103 15000 11
Chip#2
110 103 101 97 100 97 98 99 98 99 102 103 0
104 100 100 94 96 96 98 100 96 96 94 96 1
105 95 98 97 96 93 96 99 92 101 101 96 2
107 101 132 390 202 119 483 348 107 299 343 112 3
106 101 161 608 347 124 607 440 102 319 351 108 4
109 108 105 156 122 102 125 117 99 108 109 109 5
102 97 99 211 153 101 110 112 98 107 114 101 6
105 103 135 476 305 104 120 123 105 112 126 106 7
112 106 112 172 139 107 111 111 107 109 111 110 8
109 101 103 103 104 101 108 111 104 109 112 109 9
111 106 109 105 107 107 120 123 107 117 131 117 10
110 101 100 105 106 102 105 106 104 104 109 15000 11
