Chipdp
65 100 200 4 4 6 9 7 3 7 4 7 5 8 3 8 4 8 5 9 3 9 4 9 5 9 7 7 7 8 7 9 8 7 8 8 8 9 9 7 9 8 9 9 9 3 3 3 4 3 5 4 3 4 4 4 5 5 3 5 4 5 5 9 3 7 3 8 3 9 4 7 4 8 4 9 5 7 5 8 5 9 9 7 3 7 4 7 5 8 3 8 4 8 5 9 3 9 4 9 5 9 7 7 7 8 7 9 8 7 8 8 8 9 9 7 9 8 9 9 9 3 3 3 4 3 5 4 3 4 4 4 5 5 3 5 4 5 5 9 3 7 3 8 3 9 4 7 4 8 4 9 5 7 5 8 5 9 9 4 2 4 3 4 4 6 2 6 3 6 4 5 2 5 3 5 4 9 4 7 4 8 4 9 5 7 5 8 5 9 6 7 6 8 6 9 9 8 2 8 3 8 4 9 2 9 3 9 4 10 2 10 3 10 4 9 8 7 8 8 8 9 9 7 9 8 9 9 10 7 10 8 10 9 9 4 3 4 4 4 5 5 3 5 4 5 5 6 3 6 4 6 5 9 4 7 4 8 4 9 5 7 5 8 5 9 6 7 6 8 6 9 9 8 3 8 4 8 5 9 3 9 4 9 5 10 3 10 4 10 5 9 8 7 8 8 8 9 9 7 9 8 9 9 10 7 10 8 10 9 
Chip#1
120 108 116 108 115 113 114 111 113 118 117 112 0
116 102 108 106 109 106 110 101 107 109 106 104 1
120 106 113 109 113 114 115 112 113 116 119 107 2
116 107 127 556 189 113 112 276 302 112 113 107 3
117 107 121 329 122 115 116 220 252 117 118 108 4
112 103 114 107 108 113 110 112 110 111 113 107 5
108 94 111 103 111 108 108 102 105 106 110 101 6
120 108 114 240 149 108 112 205 265 111 111 104 7
112 103 122 398 244 109 108 474 346 116 111 101 8
114 105 114 113 116 111 115 122 122 114 110 102 9
115 101 113 107 108 111 108 107 107 111 111 104 10
111 94 109 99 103 103 105 103 101 107 103 15000 11
Chip#1
114 97 107 99 103 101 100 102 105 101 106 104 0
114 99 109 98 111 106 111 107 111 112 105 106 1
120 108 118 110 114 114 116 118 118 112 114 109 2
110 98 123 563 187 103 106 280 302 108 110 104 3
114 108 109 334 113 109 107 218 246 111 114 106 4
114 105 109 102 109 105 115 108 113 108 107 107 5
112 102 109 107 111 106 112 110 113 109 111 104 6
108 99 109 240 143 106 107 207 270 106 106 102 7
106 101 114 396 239 101 108 478 347 109 106 102 8
111 102 111 106 109 108 108 120 121 107 109 101 9
110 102 109 102 107 106 107 108 107 107 105 108 10
117 105 108 104 108 105 108 111 109 111 109 15000 11
