27.5625
27.5625
27.5625
27.625
27.5625
27.5625
27.625
27.5625
27.5625
27.5625
27.625
27.5625
27.5625
27.5625
27.5625
27.5625
27.5625
27.625
27.5625
27.5625
27.5625
27.625
27.625
27.5625
27.625
27.5625
27.5625
27.5625
27.5625
27.5625
27.5625
27.625
27.5625
27.5625
27.5625
27.5625
27.625
27.625
27.625
27.5625
27.5625
27.625
27.5625
27.5625
27.5625
27.5625
27.5625
27.625
27.625
27.625
27.5625
27.625
27.5625
27.625
27.5625
27.5625
27.5625
27.5625
27.5625
27.5625
27.625
27.625
27.625
27.5625
27.5625
27.5625
27.625
27.5625
27.5625
27.625
27.5625
27.625
27.5625
27.5625
27.5625
27.5625
27.5625
27.625
27.5625
27.5625
27.5625
27.5625
27.5625
27.5625
27.5625
27.625
27.5625
27.625
27.5625
27.5625
27.5625
27.5625
27.5625
27.625
27.625
27.5625
27.5625
27.5625
27.625
27.625
27.5625
27.625
27.5625
27.625
27.5625
27.625
27.625
27.625
27.5625
27.625
27.5625
27.625
27.625
27.625
27.625
27.625
27.625
27.5625
27.5625
27.625
27.625
27.5625
27.625
27.625
27.625
27.625
27.625
27.625
27.625
27.625
27.625
27.625
27.625
27.625
27.625
27.625
27.625
27.625
27.625
27.625
27.625
27.625
27.625
27.625
27.625
27.625
27.625
27.625
27.625
27.625
27.5625
27.625
27.625
27.625
27.625
27.625
27.625
27.625
27.625
27.625
27.625
27.625
27.625
27.625
27.625
27.625
27.625
27.625
27.625
27.625
27.625
27.625
27.625
27.625
27.625
27.625
27.625
27.625
27.625
27.625
27.625
27.625
27.625
27.625
27.625
27.625
27.625
27.625
27.625
27.625
27.625
27.625
27.625
27.625
27.625
27.625
27.625
27.625
27.625
27.625
27.625
27.625
27.625
27.625
27.625
27.625
27.625
27.625
27.625
27.625
27.625
27.625
27.625
27.625
27.625
27.625
27.625
27.625
27.625
27.625
27.625
27.625
27.625
27.625
27.625
27.625
27.625
27.6875
27.625
27.625
27.6875
27.625
27.6875
27.6875
27.6875
27.625
27.6875
27.625
27.6875
27.6875
27.6875
27.6875
27.6875
27.6875
27.6875
27.6875
27.6875
27.6875
27.6875
27.6875
27.6875
27.6875
27.6875
27.6875
27.6875
27.6875
28.125
29.25
30.875
34.5
36.3125
38.125
39.875
43.25
44.875
46.5
48
51
52.375
53.25
53.75
54
54.1875
54.25
54.3125
54.4375
54.5625
54.6875
54.75
54.875
54.9375
55.125
55.25
55.375
55.4375
55.6875
55.75
55.875
56
56.0625
56.3125
56.375
56.5
56.625
56.8125
56.875
57
57.0625
57.1875
57.375
57.5
57.5625
57.6875
57.875
57.9375
58.0625
58.125
58.3125
58.4375
58.5
58.625
58.6875
58.875
58.9375
59.0625
59.125
59.3125
59.375
59.4375
59.625
59.6875
59.75
59.875
60
60.0625
60.4375
60.6875
60.875
61.0625
61.3125
61.5
61.6875
61.9375
62.125
62.3125
62.4375
62.625
62.8125
62.9375
63.0625
63.1875
63.3125
63.5
63.625
63.75
63.9375
64.1875
64.375
64.5625
64.875
65.125
65.25
65.4375
65.625
65.75
65.9375
66.125
66.25
66.375
66.5
66.625
66.75
66.875
67
67.0625
67.1875
67.3125
67.4375
67.5
67.625
67.6875
67.75
67.8125
67.9375
68
68.0625
68.125
68.1875
68.3125
68.375
68.375
68.4375
68.5
68.5625
68.625
68.6875
68.75
68.8125
68.875
68.875
68.9375
69
69
69.0625
69.1875
69.25
69.3125
69.3125
69.375
69.375
69.4375
69.5
69.5
69.5
69.5625
69.5625
69.625
69.625
69.625
69.6875
69.75
69.75
69.75
69.8125
69.8125
69.8125
69.875
69.875
69.875
69.875
69.9375
69.9375
70
70.1875
70.4375
70.6875
70.9375
71.1875
71.375
71.5
71.6875
71.875
72.0625
72.25
72.4375
72.5625
72.75
73
73.25
73.4375
73.6875
73.875
74.0625
74.25
74.375
74.5625
74.6875
74.8125
75
75.1875
75.4375
75.6875
75.875
76.125
76.3125
76.5
76.6875
76.8125
76.9375
77.125
77.25
77.3125
77.5625
77.75
78
78.25
78.375
78.625
78.8125
78.9375
79.0625
79.25
79.375
79.5625
79.8125
80.0625
80.25
80.5
80.75
80.875
81.0625
81.1875
81.375
81.5
81.75
82
82.25
82.5
82.6875
82.875
83.0625
83.1875
83.375
83.5
83.6875
83.875
84.0625
84.3125
84.5
84.6875
84.875
85.125
85.3125
85.4375
85.5625
85.75
85.9375
86.0625
86.3125
86.5625
86.8125
87
87.1875
87.4375
87.5625
87.8125
87.875
88.1875
88.4375
88.6875
88.875
89.1875
89.375
89.5625
89.6875
89.875
90
90.1875
90.3125
90.5
90.6875
90.9375
91.125
91.375
91.5625
91.8125
92
92.1875
92.5
92.75
93
93.1875
93.375
93.5625
93.75
93.9375
94.0625
94.25
94.5
94.8125
95
93.5
92.25
91.625
91
89.8125
89.1875
88.625
87.5
86.875
86.375
85.25
84.75
84.1875
83.6875
83.1875
82.1875
81.6875
81.1875
80.25
79.75
79.3125
78.8125
77.875
77.5
77.0625
76.1875
75.75
75.3125
74.9375
74.125
73.6875
73.3125
72.875
72.125
71.75
71.375
71
70.25
69.875
69.1875
68.875
68.5
68.1875
67.5
67.1875
66.8125
66.5
66.1875
65.5625
65.25
64.9375
64.625
64.0625
63.75
63.4375
63.125
62.5625
62.3125
62
61.75
61.1875
60.9375
60.6875
60.4375
59.875
59.625
59.375
59.125
58.6875
58.4375
58.1875
57.9375
57.4375
57.25
57
56.5625
56.3125
56.125
55.6875
55.5
55.0625
54.875
54.6875
54.25
54.0625
53.875
53.6875
53.25
53.0625
52.875
52.5
52.3125
52.1875
52
51.625
51.4375
51.3125
51.125
50.8125
50.625
50.4375
50.125
50
49.8125
49.625
49.375
49.1875
49.0625
48.75
48.625
48.4375
48.3125
48
47.875
47.75
47.625
47.375
47.1875
46.9375
46.8125
46.6875
46.4375
46.3125
46.0625
45.9375
45.8125
45.5625
45.4375
45.3125
45.25
45
44.875
44.75
44.5625
44.4375
44.3125
44.125
44
43.875
43.8125
43.625
43.5
43.375
43.1875
43
42.9375
42.75
42.625
42.4375
42.375
42.25
42.0625
42
41.8125
41.75
41.5625
41.5
41.375
41.1875
41.125
41.0625
40.9375
40.8125
40.75
40.625
40.5
40.4375
40.3125
40.125
40.0625
40
39.875
39.8125
39.75
39.5625
39.5
39.375
39.3125
39.1875
39.125
39
38.9375
38.875
38.75
38.6875
38.625
38.5
38.4375
38.375
38.25
38.1875
38.125
38.0625
37.9375
37.9375
37.875
37.8125
37.6875
37.625
37.5625
37.5
37.4375
37.375
37.3125
37.25
37.1875
37.125
37.0625
36.9375
36.875
36.75
36.75
36.6875
36.625
36.5625
36.5
36.4375
36.375
36.3125
36.25
36.1875
36.125
36.0625
36
36
35.9375
35.8125
35.8125
35.75
35.6875
35.625
35.5625
35.5
35.5
35.4375
35.375
35.3125
35.3125
35.25
35.1875
35.1875
35.0625
35.0625
35
34.9375
34.9375
34.875
34.8125
34.75
34.75
34.625
34.625
34.625
34.5625
34.5
34.5
34.4375
34.375
34.375
34.3125
34.25
34.25
34.1875
34.125
34.0625
34.0625
34
33.9375
33.9375
33.875
33.875
33.8125
33.8125
33.75
33.75
33.6875
33.6875
33.625
33.625
33.5625
33.5625
33.5
33.4375
33.4375
33.375
33.375
33.375
33.3125
33.25
33.25
33.25
33.1875
33.1875
33.125
33.125
33.125
33.0625
33.0625
33
33
33
32.9375
32.9375
32.9375
32.875
32.875
32.8125
32.8125
32.8125
32.75
32.75
32.6875
32.6875
32.625
32.625
32.625
32.5625
32.5625
32.5625
32.5625
32.5
32.5
32.4375
32.4375
32.4375
32.375
32.375
32.375
32.3125
32.3125
32.3125
32.25
32.25
32.25
32.1875
32.1875
32.1875
32.125
32.0625
32.0625
32.0625
32
32
32
31.9375
31.9375
31.9375
31.9375
31.9375
31.875
31.875
31.875
31.875
31.8125
31.8125
31.8125
31.8125
31.8125
31.75
31.75
31.75
31.75
31.6875
31.6875
31.6875
31.6875
31.625
31.625
31.625
31.625
31.625
31.625
31.5625
31.5625
31.5625
31.5625
31.5
31.5
31.5
31.5
31.5
31.5
31.5
31.4375
31.4375
31.4375
31.4375
31.4375
31.4375
31.375
31.375
31.375
31.375
31.375
31.375
31.3125
31.375
31.3125
31.3125
31.3125
31.3125
31.3125
31.3125
31.25
31.25
31.25
31.25
31.25
31.1875
31.25
31.1875
31.1875
31.1875
31.1875
31.1875
31.1875
31.125
31.125
31.125
31.125
31.125
31.125
31.0625
31.0625
31.0625
31.0625
31.0625
31.0625
31.0625
31.0625
31
31
31
31
31
31
31
31
30.9375
30.9375
30.9375
30.9375
30.9375
30.9375
30.9375
30.875
30.875
30.875
30.875
30.875
30.875
30.8125
30.8125
30.8125
30.8125
30.8125
30.8125
30.8125
30.8125
30.8125
30.8125
30.8125
30.75
30.75
30.75
30.75
30.75
30.75
30.75
30.6875
30.6875
30.6875
30.6875
30.6875
30.6875
30.6875
30.6875
30.6875
30.625
30.625
30.625
30.625
30.625
30.625
30.625
30.625
30.625
30.625
30.625
30.5625
30.5625
30.5625
30.5625
30.5625
30.5625
30.5625
30.5625
30.5625
30.5
30.5625
30.5
30.5
30.5
30.5
30.5
30.5
30.5
30.5
30.5
30.5
30.4375
30.5
30.4375
30.4375
30.4375
30.4375
30.4375
30.4375
30.4375
30.4375
30.375
30.375
30.375
30.375
30.375
30.375
30.375
30.375
30.375
30.375
30.375
30.375
30.375
30.3125
30.375
30.3125
30.3125
30.3125
30.3125
30.3125
30.3125
30.3125
30.3125
30.3125
30.3125
30.3125
30.3125
30.3125
30.25
30.3125
30.25
30.25
30.25
30.25
30.25
30.25
30.25
30.25
30.25
30.25
30.1875
30.1875
30.1875
30.1875
30.1875
30.1875
30.1875
30.1875
30.1875
30.1875
30.1875
30.125
30.125
30.1875
30.125
30.125
30.125
30.125
30.125
30.125
30.125
30.125
30.125
30.125
30.125
30.0625
30.125
30.125
30.0625
30.0625
30.0625
30.0625
30.0625
30.0625
30.0625
30.0625
30.0625
30.0625
30.0625
30.0625
30
30
30
30
30
30
30
30
30
30
30
30
30
30
30
30
30
30
29.9375
30
29.9375
29.9375
29.9375
29.9375
29.9375
29.9375
29.9375
29.9375
29.9375
29.9375
29.9375
29.9375
29.9375
29.875
29.9375
29.9375
29.875
29.875
29.875
29.875
29.875
29.875
29.875
29.875
29.875
29.875
29.875
29.875
29.875
29.8125
29.875
29.8125
29.8125
29.8125
29.8125
29.8125
29.8125
29.8125
29.8125
29.8125
29.8125
29.8125
29.8125
29.8125
29.8125
29.8125
29.8125
29.8125
29.8125
29.8125
29.8125
29.8125
29.8125
29.8125
29.75
29.75
29.75
29.75
29.75
29.75
29.75
29.75
29.75
29.75
29.75
29.75
29.75
29.75
29.75
29.75
29.75
29.75
29.75
29.75
29.75
29.75
29.75
29.6875
29.6875
29.6875
29.6875
29.6875
29.6875
29.6875
29.6875
29.6875
29.6875
29.6875
29.6875
29.6875
29.6875
29.6875
29.6875
29.6875
29.6875
29.6875
29.6875
29.625
29.6875
29.6875
29.625
29.625
29.625
29.625
29.625
29.625
29.625
29.625
29.625
29.625
29.625
29.625
29.625
29.625
29.625
29.625
29.625
29.625
29.625
29.625
29.625
29.625
29.625
29.625
29.625
29.625
29.5625
29.5625
29.625
29.5625
29.625
29.5625
29.5625
29.625
29.5625
29.5625
29.5625
29.5625
29.5625
29.5625
29.5625
29.5625
29.5625
29.5625
29.5625
29.5625
29.5625
29.5625
29.5625
29.5625
29.5625
29.5625
29.5625
29.5625
29.5625
29.5625
29.5625
29.5625
29.5625
29.5625
29.5625
29.5625
29.5625
29.5
29.5
29.5
29.5
29.5
29.5
29.5
29.5
29.5
29.5
29.5
29.5
29.5
29.5
29.5
29.5
29.5
29.5
29.5
29.5
29.5
29.5
29.5
29.5
29.5
29.5
29.5
29.5
29.5
29.5
29.5
29.5
29.5
29.5
29.5
29.5
29.4375
29.5
29.5
29.5
29.5
29.4375
29.4375
29.4375
29.4375
29.4375
29.4375
29.4375
29.4375
29.4375
29.4375
29.4375
29.4375
29.4375
29.4375
29.4375
29.4375
29.4375
29.4375
29.4375
29.4375
29.4375
29.4375
29.4375
29.4375
29.4375
29.4375
29.4375
29.4375
29.4375
29.4375
29.4375
29.4375
29.4375
29.4375
29.4375
29.4375
29.4375
29.375
29.375
29.4375
29.375
29.4375
29.375
29.375
29.375
29.375
29.375
29.4375
29.375
29.375
29.375
29.375
29.375
29.375
29.375
29.375
29.375
29.375
29.375
29.375
29.375
29.375
29.375
29.375
29.375
29.375
29.375
29.375
29.375
29.375
29.375
29.375
29.375
29.375
29.375
29.375
29.375
29.3125
29.375
29.375
29.375
29.375
29.3125
29.3125
29.3125
29.3125
29.3125
29.3125
29.3125
29.3125
29.3125
29.3125
29.3125
29.3125
29.3125
29.3125
29.3125
29.3125
29.3125
29.3125
29.3125
29.3125
29.3125
29.3125
29.3125
29.3125
29.3125
29.3125
29.3125
29.3125
29.3125
29.3125
29.3125
29.3125
29.3125
29.3125
29.3125
29.3125
29.3125
29.3125
29.3125
29.3125
29.3125
29.3125
29.3125
29.3125
29.3125
29.3125
29.3125
29.3125
29.3125
29.25
29.3125
29.3125
29.25
29.3125
29.25
29.25
29.3125
29.3125
29.3125
29.25
29.25
29.25
29.25
29.25
29.3125
29.25
29.25
29.25
29.25
29.25
29.25
29.25
29.25
29.25
29.25
29.25
29.25
29.25
29.25
29.25
29.25
29.25
29.25
29.25
29.25
29.25
29.25
29.25
29.25
29.25
29.25
29.25
29.25
29.25
29.25
29.25
29.25
29.25
29.25
29.25
29.25
29.25
29.25
29.25
29.25
29.25
29.25
29.25
29.25
29.25
29.1875
29.1875
29.1875
29.1875
29.1875
29.1875
29.1875
29.25
29.1875
29.25
29.25
29.1875
29.1875
29.1875
29.1875
29.1875
29.1875
29.1875
29.1875
29.1875
29.1875
29.1875
29.1875
29.1875
29.1875
29.1875
29.1875
29.1875
29.1875
29.1875
29.1875
29.1875
29.1875
29.1875
29.1875
29.1875
29.1875
29.1875
29.1875
29.1875
29.1875
29.1875
29.1875
29.1875
29.1875
29.1875
29.125
29.1875
29.1875
29.1875
29.1875
29.1875
29.1875
29.125
29.1875
29.125
29.125
29.125
29.125
29.125
29.125
29.125
29.125
29.125
29.125
29.125
29.125
29.125
29.125
29.125
29.125
29.1875
29.125
29.125
29.125
29.125
29.125
29.125
29.125
29.125
29.125
29.125
29.125
29.125
29.125
29.125
29.125
29.125
29.125
29.125
29.125
29.125
29.125
29.125
29.125
29.125
29.125
29.125
29.125
29.125
29.125
29.125
29.125
29.125
29.125
29.125
29.125
29.125
29.125
29.125
29.125
29.125
29.125
29.125
29.125
29.125
29.125
29.125
29.125
29.125
29.125
29.125
29.125
29.125
29.125
29.0625
29.0625
29.125
29.0625
29.0625
29.0625
29.0625
29.125
29.0625
29.125
29.0625
29.0625
29.0625
29.0625
29.0625
29.0625
29.0625
29.0625
29.0625
29.0625
29.0625
29.0625
29.0625
29.0625
29.0625
29.0625
29.0625
29.0625
29.0625
29.0625
29.0625
29.0625
29.0625
29.0625
29.0625
29.0625
29.0625
29.0625
29.0625
29.0625
29.0625
29.0625
29.0625
29.0625
29.0625
29.0625
29.0625
29.0625
29.0625
29.0625
29.0625
29.0625
29.0625
29.0625
29.0625
29.0625
29.0625
29.0625
29.0625
29.0625
29.0625
29.0625
29.0625
29.0625
29.0625
29.0625
29.0625
29.0625
29.0625
29.0625
29.0625
29.0625
29.0625
29.0625
29
29
29
29
29.0625
29
29
29
29
29
29
29
29
29
29
29
29
29
29
29
29
29
29
29
29
29
29
29
29
29
29
29
29
29
29
29
29
29
29
29
29
29
29
29
29
29
29
29
29
29
29
29
29
29
29
29
29
29
29
29
29
29
29
29
29
29
29
29
28.9375
29
29
28.9375
28.9375
28.9375
29
29
29
28.9375
29
29
28.9375
28.9375
28.9375
28.9375
29
28.9375
28.9375
28.9375
28.9375
28.9375
28.9375
28.9375
28.9375
28.9375
28.9375
28.9375
28.9375
28.9375
28.9375
28.9375
28.9375
28.9375
28.9375
28.9375
28.9375
28.9375
28.9375
28.9375
28.9375
28.9375
28.9375
28.9375
28.9375
28.875
28.9375
28.9375
28.9375
28.9375
28.9375
28.9375
28.9375
28.875
28.875
28.875
28.875
28.875
28.875
28.875
28.875
28.875
28.9375
28.9375
28.9375
28.875
28.875
28.875
28.875
28.875
28.875
28.875
28.875
28.875
28.875
28.875
28.875
28.875
28.875
28.875
28.875
28.875
28.875
28.875
28.875
28.875
28.875
28.875
28.875
28.875
28.875
28.875
28.875
28.875
28.875
28.875
28.875
28.875
28.875
28.875
28.875
28.875
28.875
28.875
28.875
28.875
28.875
28.875
28.875
28.875
28.875
28.875
28.875
28.875
28.875
28.875
28.875
28.875
28.875
28.875
28.875
28.875
28.875
28.8125
28.8125
28.8125
28.8125
28.875
28.8125
28.8125
28.8125
28.8125
28.8125
28.8125
28.8125
28.8125
28.8125
28.8125
28.8125
28.8125
28.8125
28.8125
28.8125
28.8125
28.8125
28.8125
28.8125
28.8125
28.8125
28.8125
28.8125
28.8125
28.8125
28.8125
28.8125
28.8125
28.8125
28.8125
28.8125
28.8125
28.8125
28.8125
28.8125
28.8125
28.8125
28.8125
28.8125
28.8125
28.8125
28.8125
28.8125
28.8125
28.8125
28.8125
28.8125
28.8125
28.8125
28.8125
28.8125
28.8125
28.8125
28.8125
28.8125
28.8125
28.8125
28.8125
28.8125
28.8125
28.8125
28.8125
28.8125
28.8125
28.8125
28.8125
28.8125
28.8125
28.8125
28.8125
28.8125
28.8125
28.8125
28.8125
28.8125
28.75
28.8125
28.8125
28.8125
28.75
28.8125
28.8125
28.8125
28.8125
28.75
28.8125
28.75
28.75
28.8125
28.75
28.8125
28.8125
28.75
28.8125
28.75
28.75
28.8125
28.75
28.8125
28.75
28.75
28.75
28.75
28.75
28.75
28.75
28.75
28.8125
28.75
28.75
28.75
28.75
28.8125
28.75
28.75
28.75
28.75
28.75
28.75
28.75
28.75
28.75
28.75
28.75
28.75
28.75
28.75
28.75
28.75
28.75
28.75
28.75
28.75
28.75
28.75
28.75
28.75
28.75
28.75
28.75
28.75
28.75
28.75
28.75
28.75
28.75
28.75
28.75
28.75
28.75
28.75
28.75
28.75
28.75
28.75
28.75
28.75
28.75
28.75
28.75
28.75
28.75
28.75
28.75
28.75
28.75
28.75
28.75
28.75
28.75
28.75
28.75
28.75
28.75
28.75
28.75
28.75
28.75
28.75
28.75
28.75
28.75
28.75
28.6875
28.75
28.75
28.75
28.75
28.75
28.6875
28.75
28.75
28.75
28.75
28.6875
28.75
28.75
28.6875
28.75
28.6875
28.75
28.6875
28.6875
28.6875
28.6875
28.6875
28.6875
28.6875
28.6875
28.75
28.6875
28.75
28.6875
28.6875
28.6875
28.6875
28.6875
28.6875
28.6875
28.6875
28.75
28.6875
28.6875
28.6875
28.6875
28.6875
28.6875
28.6875
28.6875
28.6875
28.6875
28.6875
28.6875
28.6875
28.6875
28.6875
28.6875
28.6875
28.6875
28.6875
28.6875
28.6875
28.6875
28.6875
28.6875
28.6875
28.6875
28.6875
28.6875
28.6875
28.6875
28.6875
28.6875
28.6875
28.6875
28.6875
28.6875
28.6875
28.6875
28.6875
28.6875
28.6875
28.6875
28.6875
28.6875
28.6875
28.6875
28.6875
28.6875
28.6875
28.6875
28.6875
28.6875
28.6875
28.6875
28.6875
28.6875
28.6875
28.6875
28.6875
28.625
28.6875
28.6875
28.6875
28.6875
28.625
28.6875
28.625
28.6875
28.6875
28.625
28.625
28.6875
28.6875
28.6875
28.625
28.6875
28.625
28.6875
28.625
28.625
28.625
28.625
28.625
28.6875
28.625
28.6875
28.6875
28.625
28.625
28.625
28.625
28.625
28.625
28.625
28.625
28.625
28.625
28.625
28.625
28.625
28.625
28.625
28.625
28.625
28.625
28.6875
28.625
28.625
28.625
28.625
28.625
28.625
28.625
28.625
28.625
28.625
28.625
28.625
28.625
28.625
28.625
28.625
28.625
28.625
28.625
28.625
28.625
28.625
28.625
28.625
28.625
28.625
28.625
28.625
28.625
28.625
28.625
28.625
28.625
28.625
28.625
28.625
28.625
28.625
28.625
28.625
28.625
28.625
28.625
28.625
28.625
28.625
28.625
28.625
28.625
28.625
28.625
28.625
28.625
28.625
28.625
28.625
28.625
28.625
28.625
28.625
28.625
28.625
28.625
28.625
28.625
28.625
28.625
28.625
28.625
28.625
28.625
28.625
28.625
28.625
28.625
28.625
28.625
28.625
28.625
28.625
28.625
28.625
28.625
28.625
28.625
28.625
28.625
28.625
28.625
28.625
28.625
28.625
28.625
28.625
28.625
28.625
28.625
28.625
28.625
28.625
28.625
28.625
28.625
28.625
28.625
28.625
28.625
28.625
28.625
28.625
28.625
28.625
28.625
28.625
28.5625
28.625
28.5625
28.5625
28.625
28.625
28.625
28.625
28.5625
28.625
28.5625
28.5625
28.5625
28.625
28.5625
28.625
28.5625
28.5625
28.625
28.5625
28.625
28.625
28.625
28.5625
28.5625
28.5625
28.625
28.5625
28.5625
28.5625
28.5625
28.5625
28.5625
28.5625
28.5625
28.5625
28.5625
28.5625
28.5625
28.5625
28.5625
28.5625
28.5625
28.5625
28.5625
28.5625
28.5625
28.5625
28.5625
28.5625
28.5625
28.5625
28.5625
28.5625
28.5625
28.5625
28.5625
28.5625
28.5625
28.5625
28.5625
28.5625
28.5625
28.5625
28.5625
28.5625
28.5625
28.5625
28.5625
28.5625
28.5625
28.5625
28.5625
28.5625
28.5625
28.5625
28.5625
28.5625
28.5625
28.5625
28.5625
28.5625
28.5625
28.5625
28.5625
28.5625
28.5625
28.5625
28.5625
28.5625
28.5625
28.5625
28.5625
28.5625
28.5625
28.5625
28.5625
28.5625
28.5625
28.5625
28.5625
28.5625
28.5625
28.5625
28.5625
28.5625
28.5625
28.5625
28.5625
28.5625
28.5625
28.5625
28.5625
28.5625
28.5625
28.5625
28.5625
28.5625
28.5625
28.5625
28.5625
28.5625
28.5625
28.5625
28.5625
28.5625
28.5625
28.5625
28.5625
28.5625
28.5625
28.5625
28.5625
28.5625
28.5625
28.5625
28.5625
28.5625
28.5625
28.5625
28.5625
28.5625
28.5625
28.5625
28.5625
28.5625
28.5625
28.5
28.5625
28.5625
28.5625
28.5625
28.5625
28.5625
28.5625
28.5625
28.5625
28.5
28.5625
28.5
28.5
28.5
28.5
28.5
28.5
28.5
28.5625
28.5
28.5
28.5
28.5
28.5
28.5
28.5625
28.5625
28.5
28.5625
28.5625
28.5
28.5
28.5
28.5
28.5
28.5
28.5
28.5
28.5
28.5
28.5
28.5
28.5
28.5
28.5
28.5
28.5
28.5
28.5
28.5
28.5
28.5
28.5
28.5
28.5
28.5
28.5
28.5
28.5
28.5
28.5
28.5
28.5
28.5
28.5
28.5
28.5
28.5
28.5
28.5
28.5
28.5
28.5
28.5
28.5
28.5
28.5
28.5
28.5
28.5
28.5
28.5
28.5
28.5
28.5
28.5
28.5
28.5
28.5
28.5
28.5
28.5
28.5
28.5
28.5
28.5
28.5
28.5
28.5
28.5
28.5
28.5
28.5
28.5
28.5
28.5
28.5
28.5
28.5
28.5
28.5
28.5
28.5
28.5
28.5
28.5
28.5
28.5
28.5
28.5
28.5
28.5
28.5
28.5
28.5
28.5
28.5
28.5
28.5
28.5
28.5
28.5
28.5
28.5
28.5
28.5
28.5
28.5
28.5
28.5
28.5
28.5
28.5
28.5
28.5
28.5
28.5
28.5
28.5
28.5
28.5
28.5
28.5
28.5
28.5
28.5
28.5
28.5
28.5
28.5
28.5
28.5
28.5
28.5
28.5
28.5
28.5
28.5
28.5
28.5
28.5
28.5
28.5
28.5
28.5
28.5
28.5
28.5
28.5
28.4375
28.5
28.5
28.5
28.4375
28.5
28.5
28.4375
28.4375
28.4375
28.4375
28.4375
28.5
28.4375
28.4375
28.4375
28.4375
28.4375
28.4375
28.5
28.4375
28.5
28.5
28.5
28.5
28.5
28.5
28.4375
28.4375
28.4375
28.4375
28.4375
28.4375
28.4375
28.4375
28.4375
28.4375
28.4375
28.4375
28.4375
28.4375
28.4375
28.4375
28.4375
28.4375
28.4375
28.4375
28.4375
28.4375
28.4375
28.4375
28.4375
28.4375
28.4375
28.4375
28.4375
28.4375
28.4375
28.4375
28.4375
28.4375
28.4375
28.4375
28.4375
28.4375
28.4375
28.4375
28.4375
28.4375
28.4375
28.4375
28.4375
28.4375
28.4375
28.4375
28.4375
28.4375
28.4375
28.4375
28.4375
28.4375
28.4375
28.4375
28.4375
28.4375
28.4375
28.4375
28.4375
28.4375
28.4375
28.4375
28.4375
28.4375
28.4375
28.4375
28.4375
28.4375
28.4375
28.4375
28.4375
28.4375
28.4375
28.4375
28.4375
28.4375
28.4375
28.4375
28.4375
28.4375
28.4375
28.4375
28.4375
28.4375
28.4375
28.4375
28.4375
28.4375
28.4375
28.4375
28.4375
28.4375
28.4375
28.4375
28.4375
28.4375
28.4375
28.4375
28.4375
28.4375
28.4375
28.4375
28.4375
28.4375
28.4375
28.4375
28.4375
28.4375
28.4375
28.4375
28.4375
28.4375
28.4375
28.4375
28.4375
28.4375
28.4375
28.4375
28.4375
28.4375
28.4375
28.4375
28.4375
28.4375
28.4375
28.4375
28.4375
28.4375
28.4375
28.4375
28.4375
28.4375
28.4375
28.4375
28.4375
28.4375
28.4375
28.4375
28.4375
28.4375
28.4375
28.4375
28.4375
28.4375
28.4375
28.4375
28.4375
28.4375
28.4375
28.4375
28.4375
28.4375
28.4375
28.4375
28.4375
28.4375
28.4375
28.4375
28.4375
28.4375
28.375
28.4375
28.4375
28.375
28.4375
28.4375
28.4375
28.375
28.4375
28.4375
28.4375
28.4375
28.4375
28.4375
28.4375
28.4375
28.375
28.4375
28.375
28.4375
28.4375
28.4375
28.4375
28.4375
28.4375
28.4375
28.4375
28.4375
28.4375
28.4375
28.4375
28.375
28.4375
28.4375
28.4375
28.4375
28.375
28.375
28.375
28.375
28.375
28.4375
28.4375
28.375
28.4375
28.4375
28.375
28.375
28.4375
28.375
28.375
28.375
28.375
28.375
28.375
28.4375
28.375
28.4375
28.375
28.375
28.4375
28.4375
28.4375
28.4375
28.4375
28.375
28.375
28.4375
28.375
28.375
28.375
28.375
28.375
28.375
28.375
28.375
28.375
28.375
28.4375
28.375
28.375
28.375
28.375
28.375
28.375
28.375
28.375
28.375
28.375
28.375
28.375
28.375
28.375
28.375
28.375
28.375
28.375
28.375
28.375
28.375
28.375
28.375
28.375
28.375
28.375
28.375
28.375
28.375
28.375
28.375
28.375
28.375
28.375
28.375
28.375
28.375
28.375
28.375
28.375
28.375
28.375
28.375
28.375
28.375
28.375
28.375
28.375
28.375
28.375
28.375
28.375
28.375
28.375
28.375
28.375
28.375
28.375
28.375
28.375
28.375
28.375
28.375
28.375
28.375
28.375
28.375
28.375
28.375
28.375
28.375
28.375
28.375
28.375
28.375
28.375
28.375
28.375
28.375
28.375
28.375
28.375
28.375
28.375
28.375
28.375
28.375
28.375
28.375
28.375
28.375
28.375
28.375
28.375
28.375
28.375
28.375
28.375
28.375
28.375
28.375
28.375
28.375
28.375
28.375
28.375
28.375
28.375
28.375
28.375
28.375
28.375
28.375
28.375
28.375
28.375
28.375
28.375
28.375
28.375
28.375
28.375
28.375
28.375
28.375
28.375
28.375
28.375
28.375
28.375
28.375
28.375
28.375
28.375
28.375
28.375
28.375
28.375
28.375
28.375
28.375
28.375
28.375
28.375
28.375
28.375
28.375
28.375
28.375
28.375
28.375
28.375
28.375
28.375
28.375
28.375
28.375
28.375
28.375
28.375
28.375
28.375
28.375
28.375
28.375
28.375
28.375
28.375
28.375
28.375
28.375
28.375
28.375
28.375
28.3125
28.375
28.375
28.375
28.375
28.375
28.375
28.375
28.3125
28.375
28.375
28.375
28.375
28.375
28.375
28.375
28.375
28.375
28.3125
28.375
28.375
28.375
28.375
28.375
28.375
28.375
28.375
28.375
28.375
28.375
28.375
28.3125
28.375
28.3125
28.375
28.375
28.3125
28.375
28.3125
28.3125
28.375
28.375
28.3125
28.3125
28.3125
28.375
28.3125
28.375
28.375
28.375
28.3125
28.3125
28.3125
28.375
28.3125
28.3125
28.3125
28.375
28.375
28.3125
28.3125
28.375
28.3125
28.375
28.3125
28.3125
28.3125
28.3125
28.3125
28.375
28.3125
28.375
28.3125
28.3125
28.375
28.3125
28.3125
28.375
28.3125
28.3125
28.3125
28.3125
28.3125
28.3125
28.3125
28.3125
28.3125
28.3125
28.3125
28.3125
28.3125
28.3125
28.3125
28.3125
28.3125
28.3125
28.3125
28.3125
28.3125
28.3125
28.3125
28.3125
28.3125
28.3125
28.3125
28.3125
28.3125
28.3125
28.3125
28.3125
28.3125
28.3125
28.3125
28.3125
28.3125
28.3125
28.3125
28.3125
28.3125
28.3125
28.3125
28.3125
28.3125
28.3125
28.3125
28.3125
28.375
28.3125
28.3125
28.3125
28.3125
28.3125
28.3125
28.3125
28.3125
28.3125
28.3125
28.3125
28.3125
28.3125
28.3125
28.3125
28.3125
28.3125
28.3125
28.3125
28.3125
28.3125
28.3125
28.3125
28.3125
28.3125
28.3125
28.3125
28.3125
28.3125
28.3125
28.3125
28.3125
28.3125
28.3125
28.3125
28.3125
28.3125
28.3125
28.3125
28.3125
28.3125
28.3125
28.3125
28.3125
28.3125
28.3125
28.3125
28.3125
28.3125
28.3125
28.3125
28.3125
28.3125
28.3125
28.3125
28.3125
28.3125
28.3125
28.3125
28.3125
28.3125
28.3125
28.3125
28.3125
28.3125
28.3125
28.3125
28.3125
28.3125
28.3125
28.3125
28.3125
28.3125
28.3125
28.3125
28.3125
28.3125
28.3125
28.3125
28.3125
28.3125
28.3125
28.3125
28.3125
28.3125
28.3125
28.3125
28.3125
28.3125
28.3125
28.3125
28.3125
28.3125
28.3125
28.3125
28.3125
28.3125
28.3125
28.3125
28.3125
28.3125
28.3125
28.3125
28.3125
28.3125
28.3125
28.3125
28.3125
28.3125
28.3125
28.3125
28.3125
28.3125
28.3125
28.3125
28.3125
28.3125
28.3125
28.3125
28.3125
28.3125
28.3125
28.3125
28.3125
28.3125
28.3125
28.3125
28.3125
28.3125
28.3125
28.3125
28.3125
28.3125
28.3125
28.3125
28.3125
28.3125
28.3125
28.3125
28.3125
28.3125
28.3125
28.3125
28.3125
28.3125
28.3125
28.3125
28.3125
28.3125
28.3125
28.3125
28.3125
28.3125
28.3125
28.3125
28.3125
28.3125
28.3125
28.3125
28.3125
28.3125
28.3125
28.3125
28.3125
28.3125
28.3125
28.3125
28.3125
28.3125
28.3125
28.3125
28.3125
28.3125
28.3125
28.3125
28.3125
28.3125
28.3125
28.3125
28.3125
28.3125
28.3125
28.3125
28.3125
28.3125
28.3125
28.3125
28.3125
28.3125
28.3125
28.3125
28.3125
28.3125
28.3125
28.3125
28.3125
28.3125
28.3125
28.3125
28.3125
28.3125
28.3125
28.3125
28.3125
28.3125
28.3125
28.3125
28.3125
28.3125
28.3125
28.3125
28.3125
28.3125
28.3125
28.3125
28.3125
28.3125
28.3125
28.3125
28.3125
28.3125
28.3125
28.3125
28.3125
28.3125
28.25
28.3125
28.3125
28.3125
28.3125
28.3125
28.3125
28.3125
28.3125
28.3125
28.3125
28.3125
28.3125
28.3125
28.3125
28.3125
28.3125
28.3125
28.3125
28.3125
28.25
28.3125
28.3125
28.3125
28.3125
28.3125
28.3125
28.3125
28.25
28.25
28.3125
28.25
28.3125
28.3125
28.25
28.3125
28.3125
28.3125
28.3125
28.3125
28.3125
28.3125
28.3125
28.25
28.25
28.25
28.25
28.25
28.25
28.3125
28.3125
28.3125
28.3125
28.3125
28.25
28.3125
28.3125
28.3125
28.25
28.3125
28.25
28.3125
28.25
28.3125
28.25
28.3125
28.3125
28.25
28.3125
28.3125
28.3125
28.3125
28.25
28.3125
28.3125
28.25
28.3125
28.25
28.3125
28.25
28.25
28.3125
28.25
28.3125
28.25
28.25
28.25
28.25
28.25
28.3125
28.3125
28.25
28.25
28.25
28.25
28.25
28.3125
28.25
28.25
28.3125
28.25
28.25
28.3125
28.25
28.25
28.3125
28.25
28.25
28.25
28.25
28.25
28.3125
28.25
28.25
28.25
28.25
28.25
28.3125
28.25
28.25
28.25
28.25
28.25
28.25
28.25
28.25
28.25
28.25
28.25
28.25
28.25
28.25
28.25
28.25
28.25
28.25
28.25
28.25
28.25
28.25
28.25
28.25
28.25
28.25
28.25
28.25
28.25
28.25
28.25
28.25
28.25
28.25
28.25
28.25
28.25
28.25
28.25
28.25
28.25
28.25
28.25
28.25
28.25
28.25
28.25
28.25
28.25
28.25
28.25
28.25
28.25
28.25
28.25
28.25
28.25
28.25
28.25
28.25
28.25
28.25
28.25
28.25
28.25
28.25
28.25
28.25
28.25
28.25
28.25
28.25
28.25
28.25
28.25
28.25
28.25
28.25
28.25
28.25
28.25
28.25
28.25
28.25
28.25
28.25
28.25
28.25
28.25
28.25
28.25
28.25
28.25
28.25
28.25
28.25
28.25
28.25
28.25
28.25
28.25
28.25
28.25
28.25
28.25
28.25
28.25
28.25
28.25
28.25
28.25
28.25
28.25
28.25
28.25
28.25
28.25
28.25
28.25
28.25
28.25
28.25
28.25
28.25
28.25
28.25
28.25
28.25
28.25
28.25
28.25
28.25
28.25
28.25
28.25
28.25
28.25
28.25
28.25
28.25
28.25
28.25
28.25
28.25
28.25
28.25
28.25
28.25
28.25
28.25
28.25
28.25
28.25
28.25
28.25
28.25
28.25
28.25
28.25
28.25
28.25
28.25
28.25
28.25
28.25
28.25
28.25
28.25
28.25
28.25
28.25
28.25
28.25
28.25
28.25
28.25
28.25
28.25
28.25
28.25
28.25
28.25
28.25
28.25
28.25
28.25
28.25
28.25
28.25
28.25
28.25
28.25
28.25
28.25
28.25
28.25
28.25
28.25
28.25
28.25
28.25
28.25
28.25
28.25
28.25
28.25
28.25
28.25
28.25
28.25
28.25
28.25
28.25
28.25
28.25
28.25
28.25
28.25
28.25
28.25
28.25
28.25
28.25
28.25
28.25
28.25
28.25
28.25
28.25
28.25
28.25
28.25
28.25
28.25
28.25
28.25
28.25
28.25
28.25
28.25
28.25
28.25
28.25
28.25
28.25
28.25
28.25
28.25
28.25
28.25
28.25
28.25
28.25
28.25
28.25
28.25
28.25
28.25
28.25
28.25
28.25
28.25
28.25
28.25
28.25
28.25
28.25
28.25
28.25
28.25
28.25
28.25
28.25
28.25
28.25
28.25
28.25
28.25
28.25
28.25
28.25
28.25
28.25
28.25
28.25
28.25
28.25
28.25
28.25
28.25
28.25
28.25
28.25
28.25
28.25
28.25
28.25
28.25
28.25
28.25
28.25
28.25
28.25
28.25
28.25
28.25
28.25
28.25
28.25
28.25
28.25
28.25
28.25
28.25
28.25
28.25
28.25
28.25
28.25
28.25
28.25
28.25
28.25
28.25
28.25
28.25
28.25
28.25
28.25
28.25
28.25
28.25
28.25
28.25
28.25
28.25
28.25
28.25
28.25
28.25
28.25
28.25
28.25
28.25
28.25
28.25
28.25
28.25
28.25
28.25
28.25
28.25
28.25
28.25
28.25
28.25
28.1875
28.25
28.25
28.25
28.25
28.1875
28.1875
28.25
28.25
28.25
28.25
28.25
28.25
28.25
28.25
28.25
28.25
28.1875
28.1875
28.25
28.25
28.1875
28.25
28.25
28.25
28.25
28.25
28.25
28.1875
28.25
28.1875
28.25
28.25
28.25
28.1875
28.25
28.25
28.25
28.25
28.25
28.25
28.25
28.25
28.1875
28.25
28.25
28.1875
28.25
28.25
28.25
28.25
28.1875
28.1875
28.25
28.1875
28.25
28.1875
28.25
28.25
28.25
28.1875
28.25
28.1875
28.1875
28.1875
28.25
28.25
28.1875
28.1875
28.25
28.1875
28.25
28.1875
28.1875
28.1875
28.25
28.25
28.25
28.1875
28.25
28.1875
28.1875
28.25
28.1875
28.1875
28.1875
28.1875
28.1875
28.25
28.1875
28.1875
28.1875
28.1875
28.25
28.1875
28.25
28.1875
28.25
28.1875
28.25
28.1875
28.1875
28.1875
28.1875
28.25
28.1875
28.1875
28.1875
28.1875
28.1875
28.25
28.25
28.1875
28.25
28.25
28.1875
28.1875
28.25
28.1875
28.25
28.1875
28.25
28.1875
28.1875
28.1875
28.1875
28.25
28.25
28.1875
28.1875
28.1875
28.25
28.1875
28.1875
28.1875
28.1875
28.1875
28.25
28.1875
28.1875
28.1875
28.1875
28.1875
28.1875
28.1875
28.1875
28.1875
28.1875
28.1875
28.1875
28.1875
28.1875
28.1875
28.1875
28.1875
28.1875
28.1875
28.1875
28.1875
28.1875
28.1875
28.1875
28.1875
28.1875
28.1875
28.1875
28.1875
28.1875
28.1875
28.1875
28.1875
28.1875
28.1875
28.1875
28.1875
28.1875
28.1875
28.1875
28.1875
28.1875
28.1875
28.1875
28.1875
28.1875
28.1875
28.1875
28.1875
28.1875
28.1875
28.1875
28.1875
28.1875
28.1875
28.1875
28.25
28.1875
28.1875
28.1875
28.1875
28.1875
28.1875
28.1875
28.1875
28.1875
28.1875
28.1875
28.1875
28.1875
28.1875
28.1875
28.1875
28.1875
28.1875
28.1875
28.1875
28.1875
28.1875
28.1875
28.1875
28.1875
28.1875
28.1875
28.1875
28.1875
28.1875
28.1875
28.1875
28.1875
28.1875
28.1875
28.1875
28.1875
28.1875
28.1875
28.1875
28.1875
28.1875
28.1875
28.1875
28.1875
28.1875
28.1875
28.1875
28.1875
28.1875
28.1875
28.1875
28.1875
28.1875
28.1875
28.1875
28.1875
28.1875
28.1875
28.1875
28.1875
28.1875
28.1875
28.1875
28.1875
28.1875
28.1875
28.1875
28.1875
28.1875
28.1875
28.1875
28.1875
28.1875
28.1875
28.1875
28.1875
28.1875
28.1875
28.1875
28.1875
28.1875
28.1875
28.1875
28.1875
28.1875
28.1875
28.1875
28.1875
28.1875
28.1875
28.1875
28.1875
28.1875
28.1875
28.1875
28.1875
28.1875
28.1875
28.1875
28.1875
28.1875
28.1875
28.1875
28.1875
28.1875
28.1875
28.1875
28.1875
28.1875
28.1875
28.1875
28.1875
28.1875
28.1875
28.1875
28.1875
28.1875
28.1875
28.1875
28.1875
28.1875
28.1875
28.1875
28.1875
28.1875
28.1875
28.1875
28.1875
28.1875
28.1875
28.1875
28.1875
28.1875
28.1875
28.1875
28.1875
28.1875
28.1875
28.1875
28.1875
28.1875
28.1875
28.1875
28.1875
28.1875
28.1875
28.1875
28.1875
28.1875
28.1875
28.1875
28.1875
28.1875
28.1875
28.1875
28.1875
28.1875
28.1875
28.1875
28.1875
28.1875
28.1875
28.1875
28.1875
28.1875
28.1875
28.1875
28.1875
28.1875
28.1875
28.1875
28.1875
28.1875
28.1875
28.1875
28.1875
28.1875
28.1875
28.1875
28.1875
28.1875
28.1875
28.1875
28.1875
28.1875
28.1875
28.1875
28.1875
28.1875
28.1875
28.1875
28.1875
28.1875
28.1875
28.1875
28.1875
28.1875
28.1875
28.1875
28.1875
28.1875
28.1875
28.1875
28.1875
28.1875
28.1875
28.1875
28.1875
28.1875
28.1875
28.1875
28.1875
28.1875
28.1875
28.1875
28.1875
28.1875
28.1875
28.1875
28.1875
28.1875
28.1875
28.1875
28.1875
28.1875
28.1875
28.1875
28.1875
28.1875
28.1875
28.1875
28.1875
28.1875
28.1875
28.1875
28.1875
28.1875
28.1875
28.1875
28.1875
28.1875
28.1875
28.1875
28.1875
28.1875
28.1875
28.1875
28.1875
28.1875
28.1875
28.1875
28.1875
28.1875
28.1875
28.1875
28.1875
28.1875
28.1875
28.1875
28.1875
28.1875
28.1875
28.1875
28.1875
28.1875
28.1875
28.1875
28.1875
28.1875
28.1875
28.1875
28.1875
28.1875
28.1875
28.1875
28.1875
28.1875
28.1875
28.1875
28.1875
28.1875
28.1875
28.1875
28.1875
28.1875
28.1875
28.1875
28.1875
28.1875
28.1875
28.1875
28.1875
28.1875
28.1875
28.1875
28.1875
28.1875
28.1875
28.1875
28.1875
28.1875
28.1875
28.1875
28.1875
28.1875
28.1875
28.1875
28.1875
28.1875
28.1875
28.1875
28.1875
28.1875
28.1875
28.1875
28.1875
28.1875
28.1875
28.1875
28.1875
28.1875
28.1875
28.1875
28.1875
28.1875
28.1875
28.1875
28.1875
28.1875
28.1875
28.1875
28.1875
28.1875
28.1875
28.1875
28.1875
28.1875
28.1875
28.1875
28.1875
28.1875
28.1875
28.1875
28.125
28.125
28.1875
28.1875
28.1875
28.1875
28.125
28.1875
28.1875
28.125
28.1875
28.1875
28.1875
28.1875
28.1875
28.1875
28.1875
28.1875
28.1875
28.1875
28.1875
28.1875
28.1875
28.1875
28.1875
28.1875
28.125
28.1875
28.125
28.1875
28.125
28.1875
28.1875
28.1875
28.1875
28.1875
28.1875
28.1875
28.1875
28.1875
28.1875
28.1875
28.125
28.125
28.1875
28.1875
28.1875
28.1875
28.1875
28.1875
28.1875
28.125
28.125
28.1875
28.1875
28.1875
28.125
28.125
28.1875
28.1875
28.1875
28.125
28.1875
28.125
28.1875
28.125
28.125
28.125
28.125
28.1875
28.1875
28.125
28.1875
28.125
28.1875
28.125
28.125
28.1875
28.1875
28.1875
28.125
28.125
28.1875
28.125
28.125
28.125
28.125
28.125
28.1875
28.1875
28.1875
28.125
28.125
28.125
28.125
28.1875
28.1875
28.125
28.125
28.125
28.125
28.1875
28.125
28.125
28.1875
28.1875
28.1875
28.125
28.125
28.125
28.1875
28.1875
28.1875
28.1875
28.125
28.125
28.1875
28.125
28.125
28.125
28.1875
28.125
28.125
28.125
28.125
28.125
28.125
28.125
28.125
28.125
28.125
28.1875
28.125
28.1875
28.1875
28.125
28.125
28.125
28.125
28.125
28.125
28.125
28.125
28.125
28.1875
28.125
28.1875
28.125
28.1875
28.125
28.125
28.125
28.125
28.125
28.125
28.125
28.125
28.125
28.125
28.125
28.125
28.125
28.125
28.125
28.1875
28.125
28.125
28.125
28.125
28.125
28.125
28.125
28.125
28.125
28.125
28.125
28.125
28.125
28.125
28.125
28.125
28.1875
28.125
28.125
28.125
28.125
28.125
28.125
28.125
28.1875
28.125
28.125
28.125
28.125
28.125
28.125
28.125
28.125
28.125
28.125
28.125
28.125
28.125
28.125
28.125
28.125
28.125
28.125
28.125
28.125
28.125
28.125
28.125
28.125
28.125
28.125
28.125
28.125
28.125
28.125
28.125
28.125
28.125
28.125
28.125
28.125
28.125
28.125
28.125
28.125
28.125
28.125
28.125
28.125
28.125
28.125
28.125
28.125
28.125
28.125
28.125
28.125
28.125
28.125
28.125
28.125
28.125
28.125
28.125
28.125
28.125
28.125
28.125
28.125
28.125
28.125
28.125
28.125
28.125
28.125
28.125
28.125
28.125
28.125
28.125
28.125
28.125
28.125
28.125
28.125
28.125
28.125
28.125
28.125
28.125
28.125
28.125
28.125
28.125
28.125
28.125
28.125
28.125
28.125
28.125
28.125
28.125
28.125
28.125
28.125
28.125
28.125
28.125
28.125
28.125
28.125
28.125
28.125
28.125
28.125
28.125
28.125
28.125
28.125
28.125
28.125
28.125
28.125
28.125
28.125
28.125
28.125
28.125
28.125
28.125
28.125
28.125
28.125
28.125
28.125
28.125
28.125
28.125
28.125
28.125
28.125
28.125
28.125
28.125
28.125
28.125
28.125
28.125
28.125
28.125
28.125
28.125
28.125
28.125
28.125
28.125
28.125
28.125
28.125
28.125
28.125
28.125
28.125
28.125
28.125
28.125
28.125
28.125
28.125
28.125
28.125
28.125
28.125
28.125
28.125
28.125
28.125
28.125
28.125
28.125
28.125
28.125
28.125
28.125
28.125
28.125
28.125
28.125
28.125
28.125
28.125
28.125
28.125
28.125
28.125
28.125
28.125
28.125
28.125
28.125
28.125
28.125
28.125
28.125
28.125
28.125
28.125
28.125
28.125
28.125
28.125
28.125
28.125
28.125
28.125
28.125
28.125
28.125
28.125
28.125
28.125
28.125
28.125
28.125
28.125
28.125
28.125
28.125
28.125
28.125
28.125
28.125
0
0
0
0
0
0
0
0
0
0
0
0
0
0
0
0
0
0
0
0
0
0
0
0
0
0
0
0
0
0
0
0
0
0
0
0
0
0
0
0
0
0
0
0
0
0
0
0
0
0
0
0
0
