Chip#1
253 267 437 360 352 369 343 363 511 254 444 318 0
254 265 443 369 355 370 339 367 511 252 444 319 1
257 267 445 370 357 373 346 367 511 250 444 318 2
256 271 450 368 362 379 344 368 511 251 444 319 3
264 273 451 366 362 383 348 366 511 250 443 317 4
258 276 453 373 357 381 355 374 527 254 444 322 5
266 274 451 380 368 385 353 374 511 257 446 320 6
271 281 459 379 372 393 360 382 527 260 445 325 7
272 281 459 382 374 394 360 387 511 254 446 324 8
275 289 466 387 381 399 365 392 520 260 453 330 9
277 292 467 396 386 403 367 392 520 264 456 328 10
287 299 467 400 383 401 376 404 520 258 453 330 11
Chip#2
368 372 467 471 535 455 357 437 511 304 465 427 0
364 372 467 471 535 455 350 435 470 312 462 434 1
355 356 347 410 519 439 349 430 483 302 461 428 2
350 372 363 407 519 455 345 433 481 304 462 428 3
357 372 363 471 535 455 347 436 481 303 457 431 4
352 356 347 406 519 455 346 432 482 304 461 424 5
356 372 363 471 535 455 351 436 511 310 467 427 6
362 372 363 471 535 455 358 440 511 316 464 435 7
352 356 363 415 519 455 350 433 482 310 471 432 8
349 356 347 411 519 439 343 431 482 307 461 422 9
352 356 347 412 519 439 346 434 482 306 462 425 10
347 356 363 404 519 455 346 427 482 305 461 420 11
Chip#3
369 462 524 331 413 347 428 448 398 421 411 363 0
367 466 524 331 417 347 430 449 399 423 463 365 1
368 464 526 331 418 347 428 453 399 424 411 366 2
370 461 524 265 414 347 426 395 399 426 395 362 3
367 460 524 263 414 284 423 446 348 420 395 362 4
368 461 523 331 413 347 424 395 397 422 463 362 5
374 463 526 331 420 347 431 449 401 425 411 366 6
369 464 525 331 411 347 428 447 400 424 460 364 7
366 460 519 315 411 347 422 447 396 422 411 364 8
366 464 525 331 413 347 429 450 399 424 411 367 9
373 468 525 268 418 347 428 395 406 425 395 365 10
369 464 523 331 409 347 427 447 398 423 462 361 11
Chip#4
364 372 276 320 326 378 288 337 363 325 365 404 0
364 372 277 323 327 381 290 336 363 325 369 400 1
364 372 285 324 332 386 295 341 363 331 373 409 2
364 367 284 325 332 384 299 343 363 330 373 407 3
364 367 285 327 338 383 299 345 379 334 372 409 4
364 367 282 321 331 382 296 341 363 331 368 404 5
364 367 281 323 332 386 292 339 363 328 368 406 6
364 367 285 322 332 381 290 338 363 330 367 402 7
364 365 291 329 334 386 301 352 363 336 374 408 8
364 365 286 326 330 381 293 339 363 327 367 406 9
364 365 289 326 334 386 298 341 363 332 366 410 10
364 363 287 325 334 384 291 341 363 328 368 409 11
Chip#1
248 265 437 354 345 365 336 358 511 249 438 313 0
249 260 440 363 350 359 336 362 511 247 436 316 1
257 268 444 368 354 372 346 364 511 252 434 318 2
252 264 445 363 355 367 342 362 511 246 436 317 3
263 275 453 373 364 383 354 369 527 258 440 321 4
259 273 454 371 356 381 352 376 543 254 438 321 5
266 277 454 379 363 381 351 372 527 255 442 320 6
270 281 457 376 372 385 355 381 543 259 443 324 7
272 287 464 387 380 392 367 387 520 260 448 332 8
268 278 459 384 371 387 359 385 520 252 443 323 9
275 291 467 395 383 395 365 392 520 260 451 328 10
283 295 467 393 378 400 376 401 520 253 446 326 11
Chip#2
364 372 467 419 551 455 358 438 482 301 463 427 0
362 372 363 471 535 455 349 433 484 308 456 429 1
361 372 363 471 535 455 352 436 482 302 462 430 2
352 372 363 471 535 455 342 436 480 302 465 430 3
346 356 363 410 519 439 345 431 480 299 458 424 4
349 372 467 471 551 455 352 436 484 306 468 432 5
358 372 363 471 535 455 359 444 484 311 474 431 6
349 372 363 471 535 455 347 427 483 304 458 424 7
344 372 467 471 535 455 350 434 480 303 464 425 8
346 356 347 409 519 439 348 433 479 302 461 422 9
348 356 347 471 535 455 348 426 480 296 458 415 10
348 356 363 408 519 455 341 428 480 298 461 421 11
Chip#3
373 462 524 331 415 347 428 454 398 428 461 361 0
364 456 519 331 406 347 425 449 398 421 395 361 1
371 462 521 331 413 363 426 450 396 422 461 361 2
370 456 522 331 410 347 429 448 349 423 395 361 3
366 454 517 315 403 281 421 445 344 419 395 361 4
369 457 520 331 409 347 426 447 397 420 395 361 5
372 459 524 331 409 347 429 451 347 424 395 361 6
373 459 521 331 412 363 427 452 396 424 460 364 7
368 460 524 347 407 363 428 450 399 423 459 364 8
368 457 522 331 405 347 427 448 396 424 456 364 9
374 461 522 331 412 347 430 453 398 427 395 363 10
369 453 520 265 410 347 426 395 345 425 395 363 11
Chip#4
364 363 278 323 329 375 347 338 363 326 368 405 0
364 363 279 323 328 378 347 340 347 326 363 408 1
364 363 279 320 327 379 347 338 363 322 363 401 2
364 363 282 326 332 383 347 337 363 328 363 404 3
364 363 273 319 328 380 294 336 347 320 363 398 4
364 363 281 322 332 379 347 341 363 329 363 400 5
364 363 284 327 330 381 297 344 347 327 363 406 6
364 363 281 326 329 381 295 342 363 327 363 399 7
364 363 286 330 331 387 347 374 363 332 362 407 8
364 363 287 333 334 387 299 343 363 331 364 408 9
364 364 285 327 334 384 363 341 379 330 364 407 10
364 368 289 327 337 385 298 369 379 332 364 405 11
