Chip#1
132 110 115 117 114 117 125 122 115 110 131 107 0 219 123 214 23
111 107 112 138 171 121 257 250 119 110 131 106 1 0 0 0 0
99 101 108 129 140 122 252 242 119 112 131 100 2 0 0 0 0
132 104 109 111 112 112 143 159 110 105 131 102 3 0 0 0 0
108 108 112 136 141 132 434 432 126 107 131 103 4 0 0 0 0
132 110 117 139 138 168 443 438 164 117 131 108 5 0 0 0 0
99 99 103 106 108 106 128 123 108 126 131 103 6 0 0 0 0
146 131 110 107 111 109 109 105 128 353 320 113 7 0 0 0 0
144 124 106 113 113 109 112 107 135 362 346 117 8 0 0 0 0
106 107 108 105 105 103 105 100 110 157 147 102 9 0 0 0 0
155 139 124 113 114 114 115 111 164 366 293 113 10 0 0 0 0
147 125 114 108 109 107 114 108 164 342 296 15000 11 0 0 0 0
Chip#2
112 105 103 95 100 102 98 101 112 101 102 105 0 157 124 80 23
128 103 106 100 103 105 110 102 112 106 102 105 1 0 0 0 0
112 101 103 95 98 103 112 109 112 104 102 99 2 0 0 0 0
87 105 107 103 103 104 103 103 72 106 103 105 3 0 0 0 0
112 102 104 100 103 100 129 126 112 107 104 102 4 0 0 0 0
112 102 106 97 108 110 139 130 112 107 105 103 5 0 0 0 0
112 107 108 103 106 106 105 102 112 108 108 104 6 0 0 0 0
112 105 102 100 98 102 101 97 112 131 122 99 7 0 0 0 0
112 102 102 102 99 100 103 97 112 121 117 103 8 0 0 0 0
112 105 104 102 101 108 100 96 112 108 104 107 9 0 0 0 0
112 102 101 95 100 98 100 97 112 141 127 104 10 0 0 0 0
112 105 100 95 99 100 95 95 112 115 111 15000 11 0 0 0 0
Chip#1
100 101 102 107 106 105 114 112 104 99 102 94 0 220 123 109 23
109 108 117 142 164 125 261 257 123 114 131 105 1 0 0 0 0
100 101 108 133 139 119 247 242 114 104 131 100 2 0 0 0 0
100 94 108 108 111 103 140 132 104 107 99 95 3 0 0 0 0
106 105 103 139 128 124 437 427 125 103 102 96 4 0 0 0 0
132 104 112 130 135 125 444 432 131 108 131 100 5 0 0 0 0
132 112 112 110 111 108 133 125 108 122 131 102 6 0 0 0 0
149 132 110 111 112 105 112 108 132 354 325 117 7 0 0 0 0
150 128 115 110 109 111 112 108 133 372 350 121 8 0 0 0 0
132 114 116 110 106 109 111 107 112 164 163 106 9 0 0 0 0
152 135 119 111 109 105 114 108 164 356 285 112 10 0 0 0 0
147 125 119 115 107 113 117 109 142 345 303 15000 11 0 0 0 0
Chip#2
112 104 100 99 99 102 98 96 112 100 99 100 0 154 124 56 23
112 102 98 97 99 98 101 102 112 101 98 102 1 0 0 0 0
112 107 104 103 99 99 121 110 112 104 105 100 2 0 0 0 0
112 101 102 98 100 103 100 96 112 100 102 98 3 0 0 0 0
84 110 102 98 95 99 128 130 72 100 104 103 4 0 0 0 0
112 111 101 99 103 105 136 136 112 106 102 104 5 0 0 0 0
112 107 106 104 106 106 107 104 112 107 114 109 6 0 0 0 0
112 107 103 100 100 102 101 96 112 131 127 102 7 0 0 0 0
112 105 108 100 101 103 103 104 112 125 122 110 8 0 0 0 0
112 99 94 95 93 98 97 93 112 101 104 97 9 0 0 0 0
112 106 101 98 93 99 102 95 112 140 128 100 10 0 0 0 0
112 105 102 100 100 102 98 98 72 115 117 15000 11 0 0 0 0
