Chipdp
84 2 82 2 16 6 4 10 6 11 6 10 7 11 7 4 7 6 8 6 7 7 8 7 4 4 6 5 6 4 7 5 7 4 1 6 2 6 1 7 2 7 4 10 9 11 9 10 10 11 10 4 7 9 8 9 7 10 8 10 4 4 9 5 9 4 10 5 10 4 1 9 2 9 1 10 2 10 4 10 3 11 3 10 4 11 4 4 7 3 8 3 7 4 8 4 4 4 3 5 3 4 4 5 4 4 1 3 2 3 1 4 2 4 4 10 0 11 0 10 1 11 1 4 7 0 8 0 7 1 8 1 4 4 0 5 0 4 1 5 1 4 1 0 2 0 1 1 2 1 4 10 6 11 6 10 7 11 7 4 7 6 8 6 7 7 8 7 4 4 6 5 6 4 7 5 7 4 1 6 2 6 1 7 2 7 4 10 9 11 9 10 10 11 10 4 7 9 8 9 7 10 8 10 4 4 9 5 9 4 10 5 10 4 1 9 2 9 1 10 2 10 4 10 3 11 3 10 4 11 4 4 7 3 8 3 7 4 8 4 4 4 3 5 3 4 4 5 4 4 1 3 2 3 1 4 2 4 4 10 0 11 0 10 1 11 1 4 7 0 8 0 7 1 8 1 4 4 0 5 0 4 1 5 1 4 1 0 2 0 1 1 2 1 
Chip#1
132 102 106 109 112 104 117 114 108 107 131 105 0
119 117 120 141 149 121 231 224 121 121 131 109 1
135 114 119 138 147 127 231 212 118 123 131 105 2
104 107 107 115 113 104 135 125 107 105 131 102 3
132 106 110 129 132 120 313 302 112 110 131 100 4
134 107 121 133 132 125 319 310 122 119 131 109 5
132 102 114 110 108 106 124 114 106 121 131 103 6
147 119 109 113 112 105 115 105 120 262 241 107 7
148 125 117 121 119 116 124 112 129 282 263 119 8
108 107 110 103 106 103 110 102 106 141 131 102 9
146 122 119 113 111 108 116 110 132 262 225 108 10
141 123 117 116 120 113 119 112 131 262 233 15000 11
Chip#2
112 104 102 95 96 99 100 98 110 101 100 104 0
112 106 104 103 109 104 152 162 110 112 108 109 1
112 108 106 109 113 109 231 222 110 111 112 105 2
112 107 104 104 108 106 114 114 110 107 103 109 3
112 105 103 103 113 109 330 342 110 107 102 105 4
112 105 102 99 109 106 369 376 110 104 102 100 5
112 107 102 104 110 106 109 104 110 114 109 104 6
128 118 106 110 111 111 114 106 98 366 320 113 7
112 108 101 104 104 104 106 98 98 260 229 109 8
112 106 102 103 105 109 103 101 98 142 123 108 9
128 107 101 98 103 103 102 99 96 436 320 104 10
112 106 95 98 98 99 97 97 95 222 179 15000 11
Chip#1
132 107 112 115 119 111 122 120 113 108 131 107 0
133 116 119 146 164 117 231 219 119 119 131 108 1
132 113 117 135 164 123 231 210 122 123 147 107 2
99 97 105 107 103 103 121 117 101 98 96 96 3
110 107 111 128 131 119 304 303 119 109 109 101 4
106 102 106 121 125 116 304 302 120 112 111 100 5
108 106 111 111 109 107 122 115 110 117 131 111 6
144 128 116 116 112 105 111 110 121 266 246 113 7
138 121 112 112 115 107 116 111 127 269 253 118 8
110 104 108 106 103 106 106 104 109 140 147 105 9
143 124 120 111 109 107 120 111 133 262 224 109 10
115 110 107 105 103 104 109 102 123 246 223 15000 11
Chip#2
112 96 97 94 95 97 95 91 95 96 99 98 0
128 111 108 107 110 106 152 162 96 111 109 104 1
112 105 102 107 110 103 234 219 95 104 100 98 2
112 102 102 103 101 100 111 108 95 104 104 100 3
112 104 95 100 105 102 322 344 95 106 104 98 4
86 104 100 109 109 105 371 377 95 101 100 99 5
112 106 107 107 105 105 106 102 95 111 108 103 6
128 107 103 103 106 103 106 101 96 367 316 98 7
112 106 98 107 105 105 105 96 95 263 227 98 8
112 104 98 99 103 103 101 97 95 134 114 104 9
112 107 102 104 104 102 103 98 104 443 326 108 10
112 111 103 102 105 103 103 97 104 228 189 15000 11
Chip#1
103 104 107 109 109 108 114 115 107 107 102 105 0
135 116 116 144 164 124 231 225 119 124 131 108 1
110 109 112 135 139 117 216 208 119 113 131 106 2
112 109 119 121 121 114 137 133 112 115 110 112 3
133 109 117 138 135 129 315 310 122 117 131 107 4
135 113 119 132 135 127 319 317 123 117 131 112 5
108 106 110 109 107 106 120 119 104 117 131 102 6
148 129 119 112 118 114 121 114 126 267 248 114 7
143 123 114 113 120 111 120 117 127 278 260 117 8
105 102 103 105 105 101 103 103 103 140 131 99 9
141 125 115 110 109 109 114 110 134 262 223 107 10
122 116 115 110 109 109 112 109 131 251 228 15000 11
Chip#2
91 102 103 107 98 99 103 98 72 107 102 105 0
128 100 106 99 108 99 153 162 104 104 104 103 1
112 104 101 105 106 102 231 219 104 109 103 104 2
128 102 103 98 101 103 114 109 104 102 103 102 3
112 104 101 100 106 108 330 350 104 111 100 103 4
112 111 106 108 110 105 376 376 104 106 105 105 5
112 102 101 102 98 104 102 101 104 112 103 102 6
112 107 106 105 111 102 101 104 104 366 316 104 7
128 108 112 104 101 104 107 101 104 263 233 105 8
112 102 106 105 103 103 97 96 104 145 123 104 9
128 107 107 104 103 105 102 101 106 478 328 110 10
112 106 102 100 99 97 98 96 106 228 185 15000 11
Chip#1
108 104 107 113 113 105 116 115 108 108 106 103 0
113 113 114 136 143 119 231 220 115 114 131 105 1
109 104 107 135 138 115 213 207 116 112 131 105 2
109 106 108 115 115 111 128 126 107 105 107 102 3
132 107 110 135 132 117 308 308 116 110 131 99 4
134 109 119 134 139 125 323 316 131 122 131 113 5
106 104 108 107 108 106 120 118 108 113 131 102 6
145 123 112 113 109 109 116 110 122 267 248 107 7
143 123 112 118 115 111 120 116 125 286 260 113 8
133 112 111 112 113 109 111 105 114 142 147 108 9
125 124 110 110 107 103 114 108 132 262 218 105 10
122 112 108 109 103 106 109 107 125 251 224 15000 11
Chip#2
112 101 100 98 98 94 92 95 72 101 97 103 0
112 101 101 102 104 99 146 162 106 107 99 102 1
112 102 106 108 109 104 228 223 106 104 102 102 2
128 109 110 109 108 111 116 119 106 109 105 109 3
112 104 104 105 105 108 330 346 106 105 102 99 4
112 102 101 102 106 102 371 379 106 102 99 99 5
112 101 103 100 103 105 106 101 106 109 108 108 6
128 113 108 108 109 110 111 106 106 371 320 113 7
112 112 109 110 110 110 110 104 106 270 236 107 8
112 102 106 102 103 104 105 98 106 140 122 104 9
112 113 110 100 105 106 107 106 101 462 334 110 10
128 111 104 105 103 103 104 99 101 230 190 15000 11
