Chip#1
229 307 303 277 305 266 264 269 408 266 411 453 0
226 308 305 279 306 270 259 266 383 270 395 437 1
233 312 310 281 308 276 263 274 415 271 411 453 2
232 311 306 278 304 274 263 264 415 266 411 453 3
241 319 318 287 312 283 270 277 415 276 411 469 4
242 317 317 291 318 287 273 283 415 275 411 469 5
242 322 318 289 319 288 274 281 415 274 395 453 6
246 321 321 292 320 289 275 283 415 266 395 453 7
243 325 322 292 321 293 280 291 415 274 395 453 8
247 323 322 299 328 299 285 297 415 276 395 453 9
251 331 327 303 335 305 288 300 408 281 411 453 10
253 335 329 308 341 306 293 306 408 277 411 453 11
Chip#2
346 416 372 387 412 382 283 354 387 315 363 549 0
345 416 277 336 408 398 283 399 390 326 363 549 1
335 400 261 322 401 382 282 350 379 247 273 533 2
338 416 371 387 413 398 285 399 390 323 363 549 3
339 400 367 331 410 398 280 349 388 247 282 533 4
338 400 371 335 412 398 285 350 385 319 363 533 5
345 400 277 336 408 398 285 354 390 321 289 533 6
337 416 364 387 404 398 279 344 385 317 276 549 7
338 400 372 329 409 398 281 349 386 247 279 533 8
340 400 370 328 405 398 280 345 386 247 282 533 9
336 400 369 387 403 398 277 347 383 247 280 533 10
339 416 373 335 408 398 278 351 387 247 279 533 11
Chip#3
370 458 519 315 413 347 425 395 344 421 395 366 0
372 466 527 331 415 347 431 455 396 431 463 364 1
372 460 523 331 416 363 426 455 396 424 459 364 2
366 459 520 315 409 347 427 450 396 424 395 364 3
374 464 529 331 421 363 429 457 402 430 461 367 4
373 462 522 347 412 363 428 452 397 427 460 363 5
372 462 523 331 412 363 429 449 397 429 458 363 6
371 461 523 331 418 347 427 455 398 428 395 363 7
367 456 521 331 413 347 429 452 342 421 395 363 8
374 463 529 331 418 347 434 459 401 429 395 365 9
375 461 523 331 415 347 426 450 345 428 395 365 10
378 466 525 331 415 347 433 460 402 432 395 366 11
Chip#4
365 365 289 331 338 384 300 345 363 336 363 411 0
365 365 280 330 333 381 347 339 363 329 363 405 1
365 365 282 324 329 378 347 335 363 331 363 403 2
365 365 285 327 334 381 297 339 363 329 363 408 3
365 365 281 328 332 377 363 363 379 330 363 404 4
365 365 291 333 337 388 303 340 363 334 365 407 5
365 365 287 328 331 379 296 336 363 330 365 404 6
365 365 286 331 335 383 301 341 363 331 365 407 7
365 367 291 333 338 387 300 345 363 335 363 410 8
365 368 291 333 336 383 295 337 363 331 363 408 9
365 369 292 340 342 388 303 346 379 338 369 414 10
365 367 296 334 342 386 363 365 379 338 363 410 11
