Chip#1
402 371 409 416 317 454 404 496 481 398 390 311 0
418 371 418 419 318 519 404 547 481 414 390 312 1
434 387 428 498 326 527 415 559 486 414 390 324 2
434 387 431 482 332 532 414 496 483 398 390 318 3
434 387 441 482 340 539 418 563 488 414 390 321 4
434 387 440 498 342 538 419 512 475 414 390 320 5
450 403 448 507 351 548 423 560 476 430 390 325 6
450 403 450 508 355 549 429 566 477 414 390 321 7
466 412 466 524 437 566 442 578 488 430 390 333 8
466 412 462 528 443 574 449 581 482 430 390 334 9
482 421 478 545 458 581 464 600 499 430 390 336 10
482 431 485 552 462 595 479 607 496 430 390 15000 11
Chip#2
795 881 800 836 853 1075 933 883 987 967 926 913 0
750 881 800 836 853 1075 933 877 975 967 926 920 1
754 881 794 836 853 1075 933 891 985 967 926 909 2
735 881 798 836 853 1091 933 898 981 967 926 909 3
739 881 800 836 853 1107 933 895 987 967 1029 1016 4
733 881 800 836 853 1107 933 893 973 967 1029 923 5
739 881 800 836 853 1075 933 886 985 967 926 912 6
729 881 800 836 853 1075 933 867 978 967 926 1000 7
736 881 796 836 853 1091 933 878 979 967 926 910 8
729 881 800 836 853 1091 933 885 985 967 926 910 9
742 881 800 836 853 1123 933 885 984 967 926 1016 10
736 881 800 836 853 1107 933 898 984 967 926 15000 11
Chip#3
177 279 263 129 232 95 202 270 144 230 141 236 0
177 271 258 124 232 89 202 263 144 230 133 236 1
177 281 267 134 232 101 202 271 147 230 141 227 2
177 278 261 130 232 96 202 272 145 230 133 243 3
177 276 266 130 232 99 202 272 145 230 133 243 4
177 273 255 125 232 92 202 265 145 230 133 243 5
177 278 261 126 232 95 202 270 142 230 133 243 6
177 274 261 127 232 97 202 267 144 214 133 227 7
193 281 266 134 232 101 202 273 149 230 141 243 8
193 286 267 211 241 103 202 278 155 246 141 355 9
177 279 266 133 232 98 202 276 146 230 141 243 10
177 279 265 132 232 98 202 272 145 230 125 15000 11
Chip#4
195 181 109 135 0 32 157 79 266 62 177 197 0
195 181 113 151 0 45 157 73 330 78 182 197 1
195 181 116 151 0 44 157 75 322 78 178 196 2
195 181 118 151 0 45 157 79 324 78 183 193 3
298 181 122 160 24 45 157 83 335 94 186 202 4
442 412 248 279 143 164 265 197 446 193 298 321 5
314 284 132 160 28 56 189 93 334 94 190 208 6
298 181 131 151 0 55 173 89 333 78 186 203 7
314 284 132 160 40 61 189 96 342 78 193 216 8
314 300 139 160 39 64 178 92 347 78 193 154 9
330 316 145 160 50 73 170 101 344 94 200 216 10
330 316 147 160 51 70 168 97 342 94 192 15000 11
Chip#1
418 387 412 482 318 506 408 556 484 414 390 317 0
418 371 422 482 326 523 406 496 476 414 390 320 1
418 387 429 482 325 527 417 558 482 398 390 318 2
434 387 433 498 335 530 414 496 481 414 390 315 3
434 387 437 482 332 535 416 561 477 414 390 319 4
418 387 440 482 343 539 421 512 479 414 390 321 5
450 403 448 498 352 547 428 562 481 414 390 326 6
450 412 458 517 363 551 435 574 479 414 390 332 7
466 412 463 522 363 563 442 580 482 414 390 334 8
466 412 461 534 442 574 452 588 486 430 390 335 9
482 420 478 544 454 581 466 598 494 430 390 336 10
482 426 483 553 459 593 478 607 496 414 390 15000 11
Chip#2
168 344 323 299 284 444 503 380 444 382 414 229 0
170 288 334 251 284 444 501 373 436 382 414 233 1
179 295 341 251 284 447 513 382 442 366 414 230 2
180 297 344 315 300 449 509 376 441 382 414 228 3
182 302 349 260 300 456 512 385 437 382 414 231 4
183 298 351 265 300 458 516 390 440 382 414 234 5
195 314 359 315 316 467 523 386 441 382 414 238 6
204 382 368 331 332 472 530 399 440 382 414 243 7
209 386 374 335 332 483 537 405 442 382 414 246 8
214 391 371 349 341 497 548 413 447 398 414 247 9
223 399 388 359 348 504 562 424 454 398 414 248 10
229 406 394 369 354 517 574 433 457 382 414 15000 11
Chip#3
394 463 427 480 440 441 490 535 499 393 413 435 0
396 404 437 486 440 488 487 528 491 398 413 435 1
406 411 445 486 440 493 499 536 497 398 397 435 2
406 414 448 491 456 495 496 530 496 401 413 435 3
408 418 453 495 456 501 498 539 493 401 413 435 4
410 415 455 501 456 505 503 544 495 403 397 435 5
422 431 464 511 472 513 510 540 496 408 413 451 6
425 490 472 562 488 518 517 553 495 406 413 451 7
425 493 478 567 488 530 524 559 497 406 413 467 8
425 498 476 579 497 543 535 567 502 414 413 451 9
425 507 492 590 497 550 549 578 509 418 429 451 10
425 514 498 599 497 563 561 587 512 416 413 15000 11
Chip#4
378 412 410 391 187 278 494 377 530 286 422 318 0
378 396 421 391 196 297 492 370 523 286 422 322 1
378 412 428 391 195 302 504 379 529 270 422 320 2
394 412 432 407 206 304 500 372 528 286 422 317 3
394 412 437 391 203 311 503 382 524 286 422 321 4
378 412 439 391 216 314 507 387 527 286 422 323 5
410 428 448 407 224 323 514 384 528 286 422 328 6
410 437 458 416 237 328 521 396 527 286 422 335 7
426 437 464 416 237 340 528 403 529 286 422 337 8
426 437 462 416 298 353 539 411 534 302 422 338 9
442 437 479 416 311 360 553 422 541 302 422 340 10
442 437 485 421 317 374 564 432 543 286 422 15000 11
Chip#1
418 387 412 482 318 506 408 556 484 414 390 317 0
418 371 422 482 326 523 406 496 476 414 390 320 1
418 387 429 482 325 527 417 558 482 398 390 318 2
434 387 433 498 335 530 414 496 481 414 390 315 3
434 387 437 482 332 535 416 561 477 414 390 319 4
418 387 440 482 343 539 421 512 479 414 390 321 5
450 403 448 498 352 547 428 562 481 414 390 326 6
450 412 458 517 363 551 435 574 479 414 390 332 7
466 412 463 522 363 563 442 580 482 414 390 334 8
466 412 461 534 442 574 452 588 486 430 390 335 9
482 420 478 544 454 581 466 598 494 430 390 336 10
482 426 483 553 459 593 478 607 496 414 390 15000 11
Chip#2
168 344 323 299 284 444 503 380 444 382 414 229 0
170 288 334 251 284 444 501 373 436 382 414 233 1
179 295 341 251 284 447 513 382 442 366 414 230 2
180 297 344 315 300 449 509 376 441 382 414 228 3
182 302 349 260 300 456 512 385 437 382 414 231 4
183 298 351 265 300 458 516 390 440 382 414 234 5
195 314 359 315 316 467 523 386 441 382 414 238 6
204 382 368 331 332 472 530 399 440 382 414 243 7
209 386 374 335 332 483 537 405 442 382 414 246 8
214 391 371 349 341 497 548 413 447 398 414 247 9
223 399 388 359 348 504 562 424 454 398 414 248 10
229 406 394 369 354 517 574 433 457 382 414 15000 11
Chip#3
394 463 427 480 440 441 490 535 499 393 413 435 0
396 404 437 486 440 488 487 528 491 398 413 435 1
406 414 448 491 456 495 496 530 496 401 413 435 3
408 418 453 495 456 501 498 539 493 401 413 435 4
410 415 455 501 456 505 503 544 495 403 397 435 5
422 431 464 511 472 513 510 540 496 408 413 451 6
425 490 472 562 488 518 517 553 495 406 413 451 7
425 493 478 567 488 530 524 559 497 406 413 467 8
425 498 476 579 497 543 535 567 502 414 413 451 9
425 507 492 590 497 550 549 578 509 418 429 451 10
425 514 498 599 497 563 561 587 512 416 413 451 11
257 0 0 12 0 0 0 0 0 0 0 15000 24
Chip#4
378 412 410 391 187 278 494 377 530 286 422 318 0
378 396 421 391 196 297 492 370 523 286 422 322 1
394 412 432 407 206 304 500 372 528 286 422 317 3
394 412 437 391 203 311 503 382 524 286 422 321 4
378 412 439 391 216 314 507 387 527 286 422 323 5
410 428 448 407 224 323 514 384 528 286 422 328 6
410 437 458 416 237 328 521 396 527 286 422 335 7
426 437 464 416 237 340 528 403 529 286 422 337 8
426 437 462 416 298 353 539 411 534 302 422 338 9
442 437 479 416 311 360 553 422 541 302 422 340 10
