Chip#1
102 104 103 96 93 108 99 101 103 103 109 109 0
104 103 97 103 111 102 99 100 127 98 109 101 1
96 95 95 118 122 100 88 99 137 102 98 98 2
99 103 94 89 93 101 93 94 97 94 101 100 3
108 111 103 101 103 109 101 98 106 100 111 103 4
102 101 100 97 95 105 99 95 103 98 109 101 5
101 101 100 114 148 103 96 103 148 107 102 98 6
102 98 93 99 106 95 89 97 107 93 100 95 7
97 100 98 96 96 103 96 96 100 94 101 98 8
99 98 99 92 88 103 93 97 97 90 105 98 9
99 102 98 90 93 97 98 96 99 93 105 95 10
102 103 101 96 96 106 99 98 102 96 110 15000 11
Chip#2
103 98 97 100 109 103 100 99 101 96 95 104 0
108 104 103 105 109 110 102 101 106 97 98 103 1
102 105 100 111 115 99 101 104 116 101 97 104 2
104 96 96 109 108 103 97 101 115 100 89 105 3
103 100 100 99 104 106 100 102 108 100 96 106 4
113 127 104 107 115 116 109 113 113 107 106 110 5
104 98 101 99 109 104 97 99 106 97 91 104 6
102 100 100 111 113 103 100 98 115 100 97 103 7
106 100 97 103 108 108 107 105 110 99 96 105 8
108 103 102 98 104 101 102 101 105 99 94 106 9
104 100 102 103 108 104 102 101 103 99 95 109 10
111 104 102 102 111 110 103 105 106 102 96 15000 11
Chip#3
101 95 98 96 93 92 98 98 102 92 96 94 0
104 98 97 99 98 99 102 103 103 101 100 101 1
104 96 101 96 97 97 96 101 99 102 95 98 2
107 100 104 104 107 102 107 101 107 101 100 98 3
100 134 99 123 200 113 95 103 163 126 100 99 4
103 98 101 102 117 100 96 103 116 102 99 99 5
101 98 97 95 94 95 95 99 100 95 97 95 6
99 92 93 94 91 92 97 98 99 96 93 91 7
103 102 103 115 151 103 101 103 146 131 99 98 8
97 134 98 104 161 102 98 100 184 117 96 94 9
108 134 106 103 102 103 110 109 107 107 98 101 10
109 134 104 101 99 97 107 104 104 100 99 15000 11
Chip#4
101 102 100 99 107 105 111 101 106 97 103 133 0
99 97 94 98 99 101 105 98 106 96 93 101 1
103 99 99 96 99 105 106 94 106 94 100 101 2
104 105 105 101 106 107 112 104 107 104 106 133 3
106 97 99 97 106 106 106 104 110 96 102 101 4
108 106 104 108 106 108 109 107 110 105 106 133 5
102 102 97 99 105 106 106 98 106 98 100 101 6
103 101 95 96 104 103 106 97 106 98 98 101 7
106 105 98 99 102 107 108 104 106 98 104 101 8
102 103 101 101 105 106 107 101 107 99 106 101 9
106 106 104 105 106 107 114 101 106 102 106 101 10
98 95 90 97 98 103 101 94 92 92 97 15000 11
Chip#1
107 105 109 97 98 109 99 105 106 103 115 103 0
113 110 106 129 185 108 104 110 223 108 113 107 1
105 105 100 190 218 104 97 111 269 128 111 97 2
108 110 104 100 102 106 102 103 113 100 108 102 3
99 95 92 90 94 99 88 89 98 95 101 90 4
97 96 92 90 100 96 88 90 101 89 96 86 5
105 101 102 190 290 104 98 126 301 142 107 96 6
107 105 97 137 163 110 97 106 143 109 108 99 7
107 102 101 96 97 109 96 96 98 95 107 98 8
97 94 89 82 87 95 86 88 95 89 94 88 9
99 102 95 85 90 101 93 90 96 95 99 94 10
102 104 99 99 99 105 97 95 109 97 106 15000 11
Chip#2
104 98 95 99 99 102 97 95 102 97 92 104 0
97 96 88 89 96 103 94 90 94 89 88 91 1
104 100 92 134 144 109 105 112 149 103 96 106 2
101 98 94 150 130 106 100 100 144 104 96 102 3
102 98 95 97 103 102 99 98 106 97 96 103 4
103 100 96 102 107 108 101 101 107 97 103 105 5
106 100 100 114 121 112 103 106 123 105 103 105 6
102 100 101 134 168 107 101 107 152 109 103 105 7
108 101 100 111 110 108 102 107 124 105 100 110 8
102 99 96 97 102 108 103 99 102 99 100 105 9
105 110 108 105 107 108 107 102 108 105 97 113 10
104 105 102 100 110 106 102 102 106 100 102 15000 11
Chip#3
104 96 97 96 88 93 94 93 91 95 94 98 0
106 99 103 97 95 96 101 101 101 95 98 100 1
104 94 98 99 94 95 100 98 98 100 91 100 2
106 102 108 111 136 105 108 105 122 102 101 106 3
107 100 104 184 440 172 106 122 337 208 99 99 4
106 99 104 113 172 106 106 105 163 123 96 104 5
106 99 103 102 97 100 107 107 103 102 99 102 6
102 101 102 106 104 101 101 106 109 106 102 104 7
103 96 98 164 283 115 104 105 254 218 94 101 8
106 99 99 136 331 147 100 108 310 218 95 101 9
107 100 99 106 99 97 102 101 104 99 100 98 10
100 89 83 88 84 83 88 85 86 87 86 15000 11
Chip#4
103 102 101 101 104 107 106 100 107 112 99 117 0
108 106 103 105 109 111 112 105 112 105 106 101 1
107 106 104 107 108 112 109 106 112 105 109 117 2
106 103 102 105 108 111 113 101 110 99 109 117 3
106 101 106 107 111 112 107 105 111 105 108 101 4
107 106 105 108 113 113 114 108 113 116 109 117 5
105 103 100 98 104 102 108 95 106 112 103 117 6
107 105 102 104 109 114 115 108 111 114 105 117 7
99 97 96 97 106 103 103 97 106 102 103 101 8
102 105 99 102 107 103 107 105 106 101 104 117 9
110 107 107 105 109 111 111 106 112 107 111 101 10
104 103 100 95 105 105 107 101 107 99 104 15000 11
Chip#1
101 100 94 88 100 98 95 96 98 96 105 95 0
102 96 97 147 248 104 90 105 311 96 100 94 1
105 97 97 281 337 105 95 117 437 150 105 96 2
101 103 98 96 103 108 95 97 115 101 107 95 3
110 106 105 105 105 108 104 104 107 105 114 103 4
105 105 100 102 113 105 96 104 126 101 106 96 5
108 113 105 276 485 110 98 151 495 189 104 95 6
102 109 101 177 219 106 98 111 182 107 106 101 7
103 97 99 95 95 100 90 94 103 95 101 95 8
111 110 101 96 99 108 97 100 105 97 102 99 9
108 110 104 99 100 106 99 99 109 100 109 105 10
105 104 105 94 98 108 92 101 100 98 106 15000 11
Chip#2
105 101 102 105 107 107 105 101 108 101 96 107 0
104 101 99 99 101 104 99 101 106 99 93 103 1
99 99 95 149 177 100 97 116 193 106 86 100 2
105 103 99 150 158 109 102 112 185 114 98 109 3
106 105 105 104 111 110 101 102 114 103 103 109 4
111 103 100 102 108 110 104 105 111 103 104 111 5
109 103 103 134 132 109 107 105 134 103 97 111 6
109 101 101 172 224 108 106 116 189 121 103 105 7
97 96 92 106 115 101 103 96 126 99 92 101 8
108 107 101 107 111 110 101 105 107 106 104 110 9
106 102 100 101 101 103 101 101 105 99 97 108 10
104 103 102 104 104 104 102 102 103 97 96 15000 11
Chip#3
114 104 104 101 101 98 101 103 101 99 100 103 0
113 107 102 104 104 100 104 105 107 100 101 109 1
108 102 102 96 100 100 101 103 101 98 101 102 2
106 100 102 105 151 108 99 101 118 100 100 93 3
102 134 98 234 611 200 96 129 449 243 98 97 4
107 95 104 116 211 109 107 109 193 126 96 104 5
102 96 98 103 98 97 98 103 104 99 94 99 6
101 94 95 98 98 97 96 96 106 101 98 99 7
107 103 105 197 385 124 107 114 337 274 106 109 8
115 105 107 161 456 163 108 117 424 222 104 109 9
108 101 100 102 101 102 103 106 103 101 98 103 10
112 99 98 102 95 98 103 107 102 101 99 15000 11
Chip#4
100 105 102 102 108 101 109 101 106 102 106 101 0
108 101 103 106 108 108 108 105 111 102 103 101 1
99 99 99 96 102 99 108 97 106 101 100 101 2
106 102 101 101 108 101 108 110 108 104 106 117 3
101 97 103 105 112 105 106 103 110 102 104 101 4
101 98 95 99 105 105 102 100 108 94 102 101 5
104 101 102 104 106 107 111 104 109 104 100 117 6
102 103 107 106 111 106 113 105 109 105 104 101 7
107 103 105 111 117 112 110 111 116 112 105 117 8
104 105 105 105 107 105 108 103 110 103 106 101 9
108 101 102 104 108 105 107 106 111 103 105 101 10
111 107 108 110 115 114 113 108 115 115 110 15000 11
Chip#1
107 101 100 100 103 106 100 99 108 102 107 103 0
105 106 98 179 332 103 95 105 435 105 107 101 1
111 107 106 387 461 111 104 138 595 189 114 102 2
103 103 100 105 106 102 95 105 122 100 110 96 3
105 104 102 102 97 110 97 101 108 102 107 99 4
120 111 111 117 125 113 104 116 137 110 112 110 5
105 107 106 371 685 111 99 184 691 218 104 102 6
99 105 97 203 274 102 98 114 223 109 104 94 7
104 100 99 95 95 105 94 99 100 96 107 99 8
117 111 106 106 104 111 104 110 109 105 107 111 9
102 110 98 92 93 103 95 97 99 95 107 103 10
104 109 100 101 99 106 98 100 107 101 112 15000 11
Chip#2
106 107 96 100 109 103 103 102 108 100 97 106 0
103 101 95 100 109 106 101 100 106 101 97 104 1
103 101 97 174 202 107 100 130 226 106 93 105 2
98 99 90 160 166 101 95 102 208 114 89 103 3
104 109 106 105 111 108 104 110 111 106 108 111 4
99 94 92 98 102 101 101 96 97 95 90 99 5
105 103 99 134 136 104 109 101 140 107 98 103 6
104 108 102 203 272 110 108 118 224 124 106 110 7
104 109 102 120 128 113 109 108 150 113 101 111 8
106 103 95 105 102 106 102 101 103 101 101 107 9
105 106 101 102 111 102 101 102 102 103 96 109 10
111 106 107 104 114 112 108 108 112 107 107 15000 11
Chip#3
115 104 103 106 94 102 106 110 109 103 104 107 0
124 109 105 108 101 101 106 107 105 104 109 107 1
120 104 106 107 99 101 110 100 109 101 104 99 2
114 102 109 118 177 117 108 114 134 107 107 105 3
103 93 97 262 762 235 99 136 555 292 100 98 4
113 134 109 126 259 147 106 113 216 140 109 104 5
101 95 94 95 91 95 98 98 97 93 98 95 6
107 134 99 102 107 103 107 106 106 106 103 102 7
101 98 99 234 467 125 97 100 411 323 98 93 8
102 98 98 167 560 170 98 111 519 251 94 95 9
101 93 94 93 91 92 99 98 98 94 86 89 10
117 134 98 98 94 96 104 100 109 102 101 15000 11
Chip#4
101 95 104 102 105 105 101 100 107 101 102 101 0
107 107 109 107 114 112 113 107 115 103 108 117 1
102 98 103 100 102 106 105 100 106 97 105 101 2
105 98 100 100 107 108 107 104 108 99 104 101 3
105 107 108 109 115 110 111 105 116 102 105 117 4
105 107 104 107 112 108 110 108 112 114 106 117 5
98 99 105 100 102 105 107 99 106 97 106 117 6
95 98 96 100 102 107 109 100 106 101 104 117 7
105 101 101 106 118 108 106 108 118 103 108 117 8
108 105 110 110 113 111 113 110 115 105 108 117 9
105 105 107 102 111 110 111 106 112 107 110 117 10
101 99 100 100 101 106 107 99 107 96 102 15000 11
Chip#1
110 109 103 101 102 110 97 107 101 104 115 101 0
111 112 106 193 392 111 102 120 495 115 114 103 1
111 109 107 459 549 114 102 141 725 206 115 106 2
108 109 105 116 112 111 100 107 132 109 117 106 3
109 108 104 102 99 108 99 106 107 103 114 103 4
103 106 102 113 121 104 99 107 136 102 102 100 5
107 107 107 448 895 109 96 207 819 250 111 102 6
111 110 108 240 320 110 104 124 258 118 111 102 7
103 103 98 96 96 105 93 94 99 92 104 95 8
111 102 99 96 92 102 96 97 103 95 101 102 9
113 114 106 98 95 105 100 100 102 102 110 106 10
109 112 107 107 103 111 101 105 106 109 115 15000 11
Chip#2
109 109 102 105 111 114 100 102 108 102 101 111 0
109 105 103 103 112 108 106 105 113 105 102 105 1
98 100 95 194 232 107 101 154 267 109 97 104 2
109 106 106 192 209 114 109 116 247 130 102 112 3
101 97 95 105 107 104 102 105 111 100 100 107 4
110 113 108 104 114 114 109 106 114 106 105 112 5
111 110 107 134 154 109 109 112 156 113 105 118 6
105 99 99 239 328 106 104 120 257 131 97 106 7
103 104 100 122 129 110 103 105 157 102 93 105 8
103 101 100 97 110 102 102 101 106 102 101 107 9
103 100 96 99 101 106 101 100 103 100 93 107 10
109 107 101 105 110 101 103 101 106 100 100 15000 11
Chip#3
115 134 114 108 106 107 111 109 116 109 110 117 0
126 134 104 102 104 102 114 106 107 102 102 113 1
114 100 103 97 99 100 100 104 103 99 99 98 2
100 95 100 111 191 109 102 106 130 102 94 97 3
106 98 98 296 938 275 101 145 683 343 98 102 4
106 93 97 121 264 113 97 104 236 142 100 97 5
103 100 102 105 102 101 100 106 105 100 104 102 6
102 101 100 101 103 99 103 96 109 106 98 95 7
100 94 97 252 558 147 101 104 482 374 93 98 8
109 98 102 184 679 185 101 119 626 291 98 98 9
113 134 106 107 106 105 102 110 110 102 107 107 10
117 104 99 103 95 97 98 106 100 100 99 15000 11
Chip#4
106 102 103 101 108 105 108 105 110 99 101 101 0
113 103 105 105 112 108 113 107 113 114 110 117 1
106 107 109 104 108 109 108 106 110 103 111 117 2
108 107 108 103 114 109 109 110 113 101 108 117 3
111 110 109 111 122 112 108 111 125 105 108 101 4
106 107 105 106 111 107 112 105 110 105 106 117 5
113 115 117 116 117 120 122 114 117 111 117 101 6
110 110 108 108 114 112 113 110 111 107 109 101 7
106 102 106 107 118 114 113 111 123 112 108 117 8
113 114 113 111 114 117 112 112 120 107 114 101 9
102 103 111 104 106 107 108 104 106 101 106 117 10
112 107 107 106 114 116 115 112 116 110 113 15000 11
Chip#1
115 112 108 104 105 112 106 109 108 111 116 108 0
113 113 108 222 472 114 103 128 607 117 114 102 1
110 107 107 554 670 114 104 148 875 235 110 101 2
101 104 103 115 111 110 100 101 136 104 104 96 3
104 102 106 99 98 106 98 105 102 98 105 98 4
105 105 105 114 130 106 99 112 145 103 109 106 5
107 108 103 542 1016 111 99 221 1020 293 112 98 6
113 112 107 278 392 113 108 130 299 122 112 103 7
107 103 97 97 99 108 93 98 100 93 100 97 8
120 108 98 102 98 108 97 101 101 102 109 110 9
110 109 101 98 96 104 98 98 103 97 109 106 10
108 107 99 96 97 103 94 95 98 99 109 15000 11
Chip#2
113 105 103 103 109 113 107 110 112 103 104 111 0
103 97 94 102 104 102 104 99 105 101 96 107 1
101 99 97 215 256 104 103 148 299 116 95 105 2
113 106 106 215 224 115 112 123 275 135 104 115 3
105 104 100 107 105 107 103 99 110 99 97 105 4
108 107 108 107 114 113 109 107 117 105 101 115 5
112 103 103 150 158 110 107 107 164 109 103 115 6
108 105 105 266 368 109 108 123 288 140 102 110 7
105 106 103 134 130 107 104 105 169 106 100 110 8
112 106 109 105 110 110 108 106 110 102 102 115 9
109 110 101 104 108 108 107 104 110 102 102 112 10
109 107 108 100 110 103 104 102 113 103 100 15000 11
Chip#3
114 112 109 108 99 99 100 103 105 108 105 108 0
119 110 99 101 104 98 103 107 107 101 101 107 1
121 104 108 108 107 106 110 110 113 104 104 107 2
108 102 104 119 201 112 102 104 136 107 98 99 3
107 102 106 321 990 289 103 155 725 367 101 103 4
110 102 106 131 282 118 106 110 255 151 101 105 5
104 134 101 102 100 100 106 106 103 98 101 99 6
99 99 99 104 100 101 100 103 105 104 95 95 7
100 98 103 268 610 147 101 106 518 412 93 99 8
115 109 111 205 746 201 111 127 682 312 106 106 9
116 103 106 110 105 105 106 106 109 104 101 103 10
126 134 104 108 108 106 106 109 106 107 105 15000 11
Chip#4
108 105 105 104 109 110 113 108 113 112 109 117 0
113 113 108 106 115 112 115 112 117 118 114 117 1
113 113 105 102 112 111 116 108 112 104 109 117 2
117 115 114 116 118 119 123 117 120 104 113 117 3
107 105 102 141 120 111 113 108 121 112 111 117 4
115 109 106 111 115 114 114 114 120 116 108 117 5
112 110 114 106 115 113 116 111 117 116 109 117 6
105 98 101 99 106 106 108 101 107 103 105 117 7
111 105 105 116 121 114 110 116 130 108 114 117 8
113 114 108 109 117 117 109 116 119 116 112 117 9
110 103 98 100 102 107 108 104 106 97 103 101 10
106 106 99 99 108 113 107 104 107 112 108 15000 11
Chip#1
117 108 109 104 103 111 104 103 110 102 114 108 0
102 101 101 236 547 105 97 117 721 109 105 97 1
113 112 109 666 816 120 109 161 1069 268 112 103 2
110 104 110 124 117 112 102 105 146 107 112 104 3
114 117 111 109 107 116 104 108 116 105 112 101 4
107 101 102 115 135 110 101 101 157 108 109 98 5
115 115 111 695 1328 119 107 269 1321 360 112 101 6
109 109 112 343 495 116 109 139 372 134 117 108 7
118 114 111 110 113 115 109 108 115 109 117 107 8
128 113 107 105 104 114 99 105 104 104 110 109 9
114 118 112 104 100 110 104 106 108 102 117 118 10
105 103 103 101 100 105 97 104 107 104 115 15000 11
Chip#2
109 105 106 107 111 112 106 102 110 103 103 111 0
104 106 101 105 110 110 103 102 113 100 98 105 1
103 106 103 252 303 107 106 161 355 121 102 110 2
105 105 103 244 253 102 104 120 318 133 96 106 3
111 107 107 107 114 107 110 105 116 102 100 110 4
110 109 102 110 110 109 104 106 112 102 98 113 5
104 111 107 151 177 110 107 106 185 109 101 112 6
110 112 108 352 506 108 110 135 369 170 105 116 7
113 112 110 134 147 112 114 110 205 115 107 116 8
116 112 113 113 110 112 109 111 119 107 104 112 9
113 109 105 104 112 112 108 110 115 108 102 117 10
122 127 115 134 121 119 121 119 122 115 113 15000 11
Chip#3
121 134 108 108 100 107 107 108 106 106 99 112 0
135 134 107 111 104 110 110 110 117 109 101 109 1
123 99 107 108 100 106 107 107 105 104 99 102 2
109 99 102 118 204 117 106 109 143 107 102 99 3
112 134 106 324 1027 289 107 151 725 374 96 104 4
116 134 109 134 286 124 109 114 258 156 104 106 5
110 103 105 108 98 108 110 111 111 103 100 107 6
112 101 107 112 112 106 108 111 114 116 104 104 7
109 103 105 276 612 163 104 112 525 410 99 103 8
113 110 109 208 730 199 113 127 683 315 102 109 9
114 99 104 107 99 105 108 110 111 103 104 103 10
132 134 106 109 104 106 114 116 110 110 101 15000 11
Chip#4
107 109 99 105 108 106 110 105 110 107 103 101 0
116 110 113 108 113 112 116 108 115 115 109 117 1
113 113 111 108 114 117 116 111 112 107 114 117 2
112 110 109 113 120 113 116 111 117 112 108 117 3
110 110 109 134 125 115 112 106 125 114 109 117 4
100 101 96 99 104 106 107 99 106 101 102 101 5
118 111 115 114 119 119 124 117 123 120 115 117 6
117 110 109 109 115 114 115 107 118 115 111 117 7
108 109 106 121 128 109 113 117 140 103 110 101 8
116 117 115 113 121 119 120 112 128 120 118 133 9
112 113 106 107 112 115 112 106 119 107 114 117 10
118 119 119 116 121 119 125 114 120 120 120 15000 11
Chip#1
118 112 109 107 104 114 105 104 110 109 118 107 0
117 114 116 270 630 118 106 134 806 124 117 113 1
107 111 102 728 908 113 99 165 1198 287 111 102 2
104 113 105 124 121 114 100 107 153 108 113 103 3
108 112 108 109 107 111 99 106 112 108 118 107 4
110 110 104 127 148 116 104 111 165 111 115 107 5
105 110 106 741 1468 116 101 283 1471 390 114 99 6
107 108 109 371 535 113 100 139 397 131 118 104 7
120 114 112 114 115 116 109 109 111 111 116 110 8
133 118 108 105 110 113 98 106 108 102 115 113 9
107 115 95 94 94 103 93 96 96 93 109 106 10
110 114 108 109 106 112 104 108 109 109 119 15000 11
Chip#2
105 104 101 100 104 104 101 102 107 99 95 107 0
112 106 100 109 114 114 109 110 113 103 102 112 1
115 109 105 282 331 115 110 170 398 128 109 119 2
106 105 102 261 274 113 108 122 351 141 101 112 3
115 127 106 134 116 114 112 110 126 109 106 118 4
105 105 102 106 110 109 107 105 112 102 100 111 5
111 105 100 153 194 108 108 106 197 105 103 113 6
106 106 106 370 548 109 104 154 395 167 104 111 7
112 106 106 150 156 117 115 111 215 114 108 116 8
117 112 106 108 114 112 109 110 117 109 102 115 9
112 112 102 109 112 108 107 105 111 105 104 118 10
120 112 113 107 111 114 110 112 113 114 105 15000 11
Chip#3
121 134 109 104 99 102 110 110 105 100 106 106 0
124 134 106 103 95 102 108 109 106 101 102 105 1
116 100 100 102 101 100 103 103 103 98 98 99 2
113 107 106 124 217 121 112 115 146 114 106 102 3
108 102 98 333 1086 301 101 149 779 384 99 100 4
110 96 98 127 298 112 104 110 265 151 95 98 5
106 98 98 98 94 100 98 98 100 96 100 95 6
109 134 102 102 103 101 102 106 106 110 102 99 7
114 100 104 287 656 163 104 112 556 448 100 101 8
110 104 102 209 783 207 107 125 717 333 98 100 9
115 99 104 106 101 101 108 105 105 103 104 100 10
126 134 106 101 101 103 103 108 105 101 101 15000 11
Chip#4
114 118 117 109 117 116 114 113 119 118 114 117 0
112 113 108 106 111 109 113 108 111 112 108 117 1
113 115 111 109 114 119 116 114 117 117 111 133 2
113 114 110 113 120 117 118 111 117 118 108 117 3
123 119 115 135 141 122 119 119 135 124 122 117 4
120 119 111 116 119 120 119 116 120 116 114 117 5
112 111 101 101 108 115 113 110 113 112 110 117 6
119 111 113 115 119 117 123 112 126 116 115 117 7
117 119 115 135 139 120 120 124 146 120 113 117 8
117 118 109 116 123 115 115 113 128 117 111 117 9
116 117 113 109 115 119 121 116 118 120 114 117 10
120 117 119 110 120 125 123 120 123 123 125 15000 11
Chip#1
115 110 109 99 108 110 99 103 112 109 111 106 0
114 117 113 292 685 115 109 136 882 127 119 106 1
114 114 115 807 991 117 108 170 1310 315 118 104 2
116 122 115 135 131 120 108 115 165 120 122 115 3
110 111 104 109 109 114 106 110 109 109 115 108 4
107 107 106 122 144 110 103 109 170 112 112 98 5
111 109 113 815 1624 120 105 312 1612 424 116 101 6
118 120 114 406 599 122 109 150 438 142 122 111 7
129 115 114 106 115 119 111 114 115 111 116 109 8
130 114 106 101 102 111 99 100 107 102 111 111 9
120 128 114 99 104 109 102 101 107 102 120 117 10
111 115 113 106 105 112 102 105 114 111 118 15000 11
Chip#2
115 112 112 109 116 113 110 112 115 107 104 115 0
110 109 106 107 114 108 104 111 118 108 103 109 1
108 110 105 295 356 114 109 180 425 128 107 110 2
109 107 105 279 290 112 103 128 375 148 101 108 3
115 112 112 114 121 116 107 114 121 110 105 116 4
117 113 113 134 120 119 114 118 121 113 112 120 5
112 112 110 164 201 112 108 112 215 109 109 116 6
108 107 108 427 591 113 107 154 432 178 103 113 7
116 112 112 146 159 115 113 113 215 107 108 116 8
116 111 102 111 113 119 109 108 118 107 103 118 9
119 111 110 111 114 114 114 116 117 112 108 118 10
116 111 110 111 117 112 111 113 119 107 110 15000 11
Chip#3
123 134 113 107 107 108 112 116 105 110 109 113 0
127 134 107 104 101 101 109 109 107 107 104 112 1
119 134 100 103 99 103 103 106 105 100 98 98 2
110 99 105 121 218 121 104 110 146 116 99 99 3
106 98 101 339 1085 303 104 153 779 389 103 103 4
115 99 103 128 299 116 101 111 266 152 101 103 5
112 134 101 104 99 103 103 111 105 103 101 104 6
107 101 97 100 106 102 100 108 107 108 98 98 7
108 103 106 287 662 163 107 115 562 462 102 103 8
112 105 108 212 797 207 108 126 721 331 100 106 9
114 102 103 102 97 99 101 99 107 99 97 98 10
123 134 102 106 102 102 104 109 107 100 98 15000 11
Chip#4
113 110 109 108 114 111 118 111 117 114 112 117 0
122 117 114 106 121 116 118 111 120 117 116 117 1
113 106 106 108 114 116 118 108 118 114 115 117 2
112 109 111 109 125 116 116 113 120 114 111 117 3
110 109 106 125 137 116 109 114 135 111 115 101 4
117 109 111 113 122 123 119 113 123 118 112 117 5
120 119 120 114 121 127 123 119 123 124 122 117 6
116 111 113 113 119 114 118 112 124 118 121 117 7
117 110 111 138 137 117 118 123 152 117 114 133 8
117 110 114 124 132 120 121 118 133 121 118 117 9
119 118 115 115 117 120 115 113 123 118 120 117 10
118 119 114 114 118 119 116 107 116 121 118 15000 11
Chip#1
120 104 104 101 105 108 97 104 107 104 115 105 0
108 106 105 309 760 106 101 136 991 125 111 104 1
114 110 108 899 1120 111 104 181 1480 337 118 104 2
108 108 106 123 120 111 99 108 164 108 116 99 3
117 120 108 108 114 115 110 111 122 111 123 109 4
110 112 107 128 157 110 108 118 183 113 118 106 5
103 109 102 905 1816 115 100 332 1787 449 112 97 6
118 114 112 437 655 118 110 150 471 142 120 109 7
126 115 113 110 112 115 106 109 111 109 118 107 8
136 127 109 109 105 112 105 107 108 109 120 117 9
132 139 125 112 113 117 116 112 118 115 132 135 10
115 118 113 112 108 115 101 110 112 110 124 15000 11
Chip#2
113 112 107 109 109 112 107 105 114 109 107 115 0
103 107 101 107 108 107 108 102 114 101 101 107 1
117 127 116 321 393 120 118 197 480 139 113 116 2
153 118 113 303 320 115 106 196 413 167 106 113 3
106 103 101 104 111 106 108 106 116 102 97 109 4
111 102 110 115 120 115 116 118 121 108 107 117 5
118 102 114 171 216 122 120 118 224 119 112 123 6
116 102 114 433 643 120 115 149 480 197 111 118 7
111 113 108 148 164 114 114 112 227 110 105 117 8
115 107 105 109 114 114 112 106 111 106 104 117 9
117 111 109 106 116 115 111 112 117 112 107 121 10
120 111 114 111 118 117 114 117 117 113 106 15000 11
Chip#3
121 134 112 109 103 107 110 114 116 114 109 118 0
123 106 103 95 93 93 102 106 100 101 98 103 1
122 134 109 110 104 105 103 109 107 109 104 104 2
110 100 102 118 234 119 100 110 142 110 100 98 3
108 103 107 358 1170 322 101 159 839 409 95 97 4
110 102 106 131 320 120 107 110 281 176 105 99 5
109 106 99 104 101 105 103 105 105 101 100 100 6
102 94 98 99 103 99 98 101 111 112 99 100 7
107 98 98 290 700 163 106 111 596 484 99 97 8
107 99 104 217 846 206 103 122 774 346 96 103 9
116 103 99 106 104 106 104 111 109 103 102 103 10
126 113 105 106 101 101 105 110 105 108 99 15000 11
Chip#4
111 114 112 109 114 110 121 107 113 115 111 133 0
116 117 115 113 118 115 121 111 116 114 115 117 1
112 117 113 108 117 119 120 111 118 116 120 133 2
112 113 113 109 120 110 115 112 124 115 115 117 3
118 114 113 136 140 113 115 113 133 112 114 117 4
118 117 116 116 119 121 124 122 124 120 121 117 5
118 119 116 108 120 117 121 113 119 121 116 133 6
120 119 113 117 121 119 123 116 128 123 120 117 7
123 119 115 143 146 119 122 129 159 125 118 117 8
124 119 123 121 134 124 130 124 137 125 123 117 9
124 119 121 116 124 125 132 120 122 127 131 117 10
124 119 119 114 121 123 125 117 122 121 119 15000 11
Chip#1
123 113 111 109 112 114 108 107 114 117 120 114 0
113 120 116 345 816 121 116 148 1080 134 121 113 1
110 112 110 949 1212 117 106 190 1593 364 117 110 2
115 118 114 137 136 122 112 117 176 118 121 113 3
117 122 117 115 115 122 112 115 121 115 117 114 4
107 115 113 129 165 116 109 118 191 120 114 108 5
111 115 115 958 1970 128 110 365 1959 487 119 108 6
108 111 110 477 693 117 106 148 479 141 111 104 7
126 120 114 108 114 118 112 110 117 110 119 113 8
136 117 108 106 103 114 105 111 109 104 115 121 9
126 139 114 104 107 114 108 107 110 105 126 127 10
123 117 120 119 108 120 108 114 118 116 127 15000 11
Chip#2
113 113 101 110 112 114 107 107 110 106 103 110 0
113 113 112 108 116 116 111 113 122 113 108 116 1
119 113 116 334 406 121 120 204 488 146 111 127 2
112 112 107 311 328 110 109 132 422 156 103 112 3
116 112 110 115 122 115 116 117 125 110 108 120 4
118 112 108 115 121 115 116 116 121 112 109 119 5
111 112 110 171 210 116 117 112 224 116 109 113 6
115 112 116 453 675 120 115 153 490 196 113 118 7
115 112 106 153 170 114 112 117 236 114 107 118 8
119 112 110 111 114 114 109 113 121 110 102 117 9
120 112 106 110 117 112 114 111 117 107 109 116 10
126 112 116 117 122 120 116 116 121 119 116 15000 11
Chip#3
115 134 105 106 103 103 108 105 107 99 99 107 0
130 134 107 110 104 103 113 114 113 107 107 112 1
119 134 102 102 97 101 104 103 102 100 101 98 2
113 104 104 124 218 121 112 109 147 112 104 107 3
104 99 100 358 1171 320 101 157 841 409 102 95 4
100 94 97 126 314 111 102 104 277 156 98 93 5
103 100 99 103 94 99 103 98 104 100 96 98 6
104 134 102 102 106 102 108 99 110 115 100 101 7
101 99 100 290 701 163 97 114 598 484 95 98 8
107 106 104 216 850 210 104 125 770 347 102 99 9
115 134 105 106 103 109 111 108 109 104 105 103 10
121 109 100 102 95 96 100 100 103 101 98 15000 11
Chip#4
114 117 117 110 119 112 121 112 113 116 114 117 0
116 117 113 107 117 117 121 112 116 116 116 133 1
117 111 114 110 122 116 124 116 118 121 118 117 2
123 119 120 121 134 122 127 126 133 124 118 133 3
116 110 115 141 149 120 114 116 137 122 116 117 4
118 119 122 120 124 123 127 120 129 124 122 117 5
112 115 112 113 118 115 119 112 115 117 115 117 6
120 115 115 116 125 121 123 117 123 121 118 117 7
124 115 119 149 153 127 127 137 164 130 122 133 8
116 118 114 115 127 116 113 116 125 118 114 117 9
119 119 117 115 124 121 124 116 125 125 123 117 10
122 118 119 117 124 124 120 116 126 122 121 15000 11
Chip#1
123 117 113 113 114 119 107 114 116 117 124 113 0
114 116 111 362 884 116 110 144 1164 133 125 111 1
115 117 116 1026 1314 122 109 198 1735 390 121 113 2
118 123 116 144 141 125 116 116 179 124 126 114 3
115 114 112 115 116 118 114 111 117 112 116 117 4
110 115 112 134 170 112 109 117 200 113 112 102 5
107 116 115 1020 2112 126 108 381 2097 519 115 108 6
115 117 116 517 751 120 117 163 514 151 125 111 7
129 118 113 116 115 117 109 109 115 109 121 113 8
139 118 112 107 109 113 109 112 109 110 121 116 9
124 133 112 107 107 113 108 105 108 107 130 126 10
124 124 123 122 116 123 120 115 120 120 132 15000 11
Chip#2
118 113 113 114 119 121 117 110 118 112 112 118 0
115 113 115 118 122 123 115 114 129 111 108 115 1
111 110 103 349 425 110 110 200 511 138 102 113 2
112 112 108 331 351 117 109 139 449 164 108 118 3
110 112 108 134 121 114 111 114 123 108 105 112 4
112 112 113 115 120 115 111 112 123 109 105 115 5
109 111 105 172 222 113 107 111 230 112 105 111 6
116 111 113 476 726 119 111 156 519 203 112 118 7
112 108 109 154 177 116 114 113 246 119 106 115 8
126 113 114 117 123 124 121 118 123 116 117 122 9
122 113 115 115 117 119 112 112 116 112 113 124 10
124 113 114 114 122 123 114 116 121 119 113 15000 11
Chip#3
116 134 103 98 97 97 98 109 101 106 104 107 0
128 134 104 103 100 101 108 109 103 106 100 107 1
114 102 99 99 98 100 106 105 106 100 98 94 2
107 98 97 117 216 117 103 106 140 106 95 94 3
108 106 107 366 1179 327 108 165 842 432 107 107 4
99 92 97 126 310 107 94 104 271 156 95 97 5
110 101 109 113 107 108 109 115 113 111 111 107 6
102 100 99 102 103 103 102 105 107 108 99 97 7
112 107 109 303 708 163 109 120 609 488 105 103 8
108 134 105 214 844 207 103 120 764 343 98 97 9
109 101 98 102 97 98 104 103 107 99 94 98 10
117 103 97 95 95 95 99 97 99 101 94 15000 11
Chip#4
125 118 125 134 128 127 127 120 127 127 125 133 0
119 119 115 115 125 123 124 116 116 121 120 117 1
118 119 116 114 121 123 121 120 120 123 120 133 2
118 119 116 134 133 122 122 123 129 123 118 133 3
122 119 124 153 158 126 125 129 151 125 124 133 4
111 109 110 107 119 116 114 108 117 107 114 117 5
125 118 115 116 121 123 121 117 122 121 122 117 6
124 118 125 134 128 127 126 123 133 129 124 117 7
118 118 120 149 146 122 117 129 163 122 120 133 8
125 118 125 134 139 132 127 125 141 130 128 133 9
124 118 125 134 124 129 130 126 127 128 124 133 10
124 118 118 117 124 124 121 118 129 125 122 15000 11
Chip#1
132 123 116 119 117 123 107 118 122 117 129 115 0
118 112 113 380 934 116 104 145 1239 131 117 107 1
118 116 116 1095 1409 126 108 207 1852 418 123 114 2
114 117 115 143 133 115 108 115 182 124 118 111 3
121 123 120 121 123 125 116 125 129 119 129 121 4
121 117 120 145 185 121 114 127 223 122 125 119 5
122 117 120 1103 2282 129 110 409 2271 555 127 114 6
115 118 117 550 791 120 107 166 547 155 124 115 7
126 114 114 115 114 116 110 118 114 112 122 111 8
154 127 123 117 113 121 113 118 118 115 124 131 9
138 141 122 116 115 119 113 118 115 117 137 136 10
128 125 122 123 114 120 113 115 123 122 130 15000 11
Chip#2
116 109 106 108 110 113 111 104 113 107 105 113 0
124 127 119 134 130 127 118 120 132 120 116 125 1
112 118 110 369 471 120 112 211 551 144 108 117 2
115 109 109 350 364 119 116 154 487 176 108 117 3
113 112 109 114 118 116 111 112 124 112 113 112 4
115 112 112 114 118 120 112 112 119 109 109 118 5
113 112 108 186 229 120 116 114 237 115 106 116 6
110 111 106 503 762 119 111 151 545 206 107 112 7
110 109 110 155 172 112 111 110 249 113 107 112 8
112 109 112 114 115 117 109 111 119 108 106 119 9
122 109 110 111 116 120 112 110 119 110 110 124 10
117 127 115 134 115 117 111 114 122 113 113 15000 11
Chip#3
120 134 112 106 100 100 108 106 106 104 107 108 0
133 134 105 106 106 108 106 109 109 106 105 109 1
112 100 102 102 97 99 102 103 102 96 93 95 2
100 99 104 117 218 118 104 106 143 109 96 90 3
108 105 106 364 1180 321 109 163 841 432 101 103 4
107 100 99 125 315 116 102 107 281 159 101 94 5
107 98 102 102 95 101 102 106 103 99 91 92 6
110 105 106 108 106 103 107 110 118 118 105 103 7
107 102 105 302 699 163 103 111 600 484 98 103 8
106 100 102 212 842 207 107 120 767 346 99 99 9
112 134 104 106 99 102 104 109 110 107 100 101 10
123 105 97 98 95 98 98 105 103 98 96 15000 11
Chip#4
114 118 117 115 120 115 116 116 119 118 115 133 0
117 118 117 115 119 120 119 118 122 122 117 117 1
122 118 122 119 123 124 127 120 123 125 121 117 2
118 117 118 125 131 114 121 122 128 103 120 117 3
117 119 120 147 153 121 126 124 141 122 118 133 4
117 119 117 117 125 121 118 116 120 120 118 117 5
119 119 120 113 120 119 121 117 122 122 118 117 6
123 118 117 116 126 124 126 120 130 122 117 117 7
122 118 122 154 153 130 124 137 168 130 120 117 8
120 118 125 136 133 126 126 128 131 127 123 133 9
123 118 122 114 121 120 126 120 125 128 122 133 10
129 118 122 127 126 125 130 126 130 135 126 15000 11
Chip#1
129 120 114 110 115 114 104 114 115 110 119 110 0
123 118 116 400 979 119 114 151 1287 140 130 116 1
120 116 118 1146 1462 122 115 207 1928 427 122 114 2
115 113 111 142 137 117 107 112 185 119 113 107 3
120 120 117 122 118 119 116 119 124 116 125 117 4
123 115 115 135 181 120 109 130 207 125 122 108 5
117 117 120 1137 2368 126 115 419 2348 575 124 113 6
117 117 116 559 816 120 108 170 564 156 117 114 7
124 118 109 108 110 113 107 108 115 110 115 108 8
145 120 113 109 112 113 106 114 112 109 116 121 9
135 149 128 116 114 119 119 117 114 115 135 137 10
128 132 129 120 121 124 117 119 120 125 132 15000 11
Chip#2
116 113 107 134 117 122 114 111 117 106 106 123 0
113 113 112 111 120 116 111 113 127 105 107 116 1
115 113 115 390 503 126 120 223 591 149 112 125 2
117 127 117 377 389 127 119 148 522 181 116 128 3
117 118 115 134 128 120 116 118 132 114 115 122 4
117 109 112 115 120 120 111 118 123 112 115 117 5
116 109 112 189 238 119 110 113 247 116 108 121 6
110 109 108 532 808 120 111 154 577 211 108 115 7
117 109 114 169 185 127 115 116 271 119 112 123 8
119 109 114 121 121 119 120 117 119 112 111 122 9
120 109 106 105 110 115 110 105 111 106 105 119 10
125 127 113 134 122 121 112 117 121 114 116 15000 11
Chip#3
115 150 102 102 101 102 107 104 103 100 104 107 0
129 134 106 108 103 100 107 110 109 108 101 108 1
121 134 107 110 107 108 110 111 111 110 104 109 2
109 101 103 121 234 115 100 103 143 109 101 98 3
106 100 100 359 1167 320 102 154 841 414 101 104 4
110 134 104 130 317 147 106 109 283 176 101 102 5
117 134 112 109 107 111 108 115 114 108 105 108 6
112 134 111 111 116 112 113 116 119 115 109 103 7
108 102 111 297 700 161 108 120 598 487 102 103 8
102 105 103 215 843 209 107 130 774 342 99 108 9
112 100 102 99 97 102 103 103 105 101 95 99 10
124 110 98 99 98 98 101 103 105 103 98 15000 11
Chip#4
124 118 122 134 123 122 126 118 121 123 118 133 0
129 118 128 125 128 128 131 124 131 130 127 133 1
124 118 116 118 119 122 124 120 124 125 121 117 2
120 119 121 134 134 122 122 118 139 128 122 133 3
119 119 122 150 158 125 125 128 149 125 123 117 4
119 119 122 120 124 121 126 120 123 123 126 117 5
128 119 131 121 130 131 131 125 129 128 125 133 6
122 119 118 119 124 122 126 119 131 125 115 117 7
122 119 121 148 159 123 126 135 171 127 123 133 8
126 119 133 137 139 129 133 131 139 129 127 117 9
120 118 119 115 122 124 123 112 120 120 121 117 10
133 118 131 134 128 129 132 128 131 131 128 15000 11
Chip#1
136 122 121 123 120 121 118 120 128 119 131 121 0
118 121 118 425 1044 124 113 156 1376 142 121 117 1
118 118 116 1214 1561 125 112 214 2062 445 120 109 2
118 119 119 149 142 123 113 121 187 126 120 110 3
115 115 115 113 115 123 116 119 115 113 120 110 4
118 117 112 139 180 115 108 125 223 122 118 111 5
113 114 113 1221 2525 129 114 434 2507 603 117 106 6
123 121 119 594 868 129 115 178 602 164 125 114 7
133 122 122 120 117 120 115 118 119 119 122 115 8
149 125 112 107 105 116 107 114 110 107 119 123 9
135 149 129 117 113 120 116 114 117 123 137 140 10
128 132 127 121 125 124 118 119 123 125 135 15000 11
Chip#2
153 118 117 134 121 127 118 118 129 113 113 128 0
120 113 110 134 124 120 115 113 123 115 110 121 1
122 113 117 406 521 129 125 234 616 158 117 127 2
115 113 115 382 403 117 114 144 532 184 112 120 3
119 113 114 134 126 124 117 117 132 113 110 122 4
116 113 108 116 114 122 116 114 119 110 109 118 5
109 112 108 190 236 117 110 114 245 113 107 117 6
153 131 141 565 852 131 124 176 615 231 126 133 7
123 118 119 168 191 127 122 124 278 126 120 124 8
153 118 117 120 122 123 117 116 124 118 116 128 9
153 118 117 134 123 120 115 119 124 116 113 127 10
153 127 113 134 115 119 116 116 118 115 114 15000 11
Chip#3
120 134 106 106 101 106 107 108 112 106 104 113 0
123 134 101 103 97 100 105 104 103 99 100 103 1
123 134 107 107 104 99 106 106 104 104 100 102 2
106 100 104 122 218 120 109 109 144 108 100 99 3
104 100 102 353 1167 321 101 159 832 412 99 95 4
108 101 103 134 317 117 103 111 280 158 102 102 5
100 96 101 97 99 100 96 101 103 99 91 93 6
106 100 99 103 107 101 101 107 111 111 102 98 7
112 103 107 302 710 160 108 122 601 485 106 104 8
109 104 106 214 844 209 106 123 766 348 99 102 9
113 102 104 104 98 105 104 109 110 107 102 102 10
123 109 99 102 97 99 97 108 104 99 96 15000 11
Chip#4
119 118 115 115 125 117 124 117 124 123 120 117 0
123 118 119 134 127 123 130 117 124 122 122 133 1
120 118 119 111 118 122 120 113 124 121 117 117 2
124 118 125 136 140 125 130 128 141 134 127 133 3
123 118 124 156 164 127 127 131 156 129 127 133 4
116 118 113 114 120 121 121 119 125 120 118 117 5
122 117 121 116 125 121 127 117 124 125 117 133 6
119 118 115 120 123 120 126 119 129 125 117 117 7
124 118 122 155 159 124 125 139 172 128 121 133 8
120 118 119 134 139 128 126 125 135 129 127 133 9
120 119 119 116 121 121 127 118 124 120 121 133 10
130 119 122 119 127 128 127 124 129 129 123 15000 11
Chip#1
128 116 120 110 117 119 112 115 117 117 122 113 0
120 116 118 437 1130 120 114 161 1488 145 121 118 1
120 123 121 1314 1699 128 116 230 2240 463 127 115 2
122 118 120 153 143 121 116 121 199 129 125 114 3
121 120 121 121 121 128 115 120 123 119 126 115 4
117 117 116 148 192 122 113 130 239 126 120 116 5
122 118 123 1301 2725 137 116 477 2699 653 124 114 6
118 122 124 636 931 126 116 181 645 164 123 112 7
130 121 117 117 118 124 113 117 120 117 124 116 8
163 136 122 119 120 126 117 120 117 118 130 137 9
143 152 131 121 118 124 121 118 121 118 136 149 10
123 125 129 114 115 123 109 118 119 123 131 15000 11
Chip#2
118 118 113 114 118 120 115 114 118 109 109 122 0
123 118 121 134 131 123 121 119 134 114 121 124 1
117 112 110 416 533 121 112 228 627 150 109 117 2
117 112 114 415 412 116 115 147 549 183 110 119 3
120 112 114 152 126 119 115 120 128 118 112 124 4
117 112 109 152 122 119 112 114 123 113 112 119 5
122 127 117 204 254 123 124 120 260 124 116 127 6
118 102 116 580 878 122 122 165 625 226 112 122 7
113 113 110 168 194 117 115 113 274 114 112 115 8
120 113 115 115 123 122 116 122 124 116 114 122 9
127 109 106 105 112 110 109 107 111 106 105 117 10
127 109 119 118 123 119 117 114 123 113 114 15000 11
Chip#3
120 134 112 106 104 102 106 109 111 104 106 112 0
122 110 103 102 99 101 104 104 111 103 100 107 1
117 104 96 105 104 101 101 108 109 102 101 98 2
113 134 104 123 234 147 108 106 147 117 104 98 3
112 98 103 359 1169 317 101 153 833 412 96 100 4
109 99 100 129 311 120 103 108 280 176 100 106 5
108 101 100 108 101 104 105 109 104 103 101 102 6
108 134 107 106 114 103 110 111 111 111 102 101 7
104 103 104 303 713 147 107 117 603 487 102 102 8
109 134 100 216 839 206 108 120 767 348 96 98 9
117 106 104 107 103 99 102 106 111 102 102 99 10
133 134 112 108 108 107 111 110 113 111 106 15000 11
Chip#4
122 119 120 120 127 122 124 118 129 123 122 133 0
125 119 117 119 124 123 126 117 125 123 118 117 1
126 119 125 134 127 132 157 128 132 127 129 149 2
122 119 118 136 137 122 120 128 135 128 122 117 3
121 119 120 159 166 129 122 131 160 129 123 133 4
127 119 126 134 136 132 132 129 137 130 126 133 5
120 119 120 134 120 126 124 117 125 121 123 133 6
126 119 120 124 130 125 125 124 136 130 122 117 7
129 119 129 167 167 133 139 147 190 138 129 133 8
126 119 128 140 141 132 127 131 146 128 127 133 9
129 119 125 121 128 124 133 124 130 125 125 133 10
127 119 124 119 128 124 130 120 131 124 127 15000 11
