Chip#1
107 106 107 104 102 110 113 103 105 111 106 103 0
104 104 104 106 99 105 110 104 106 107 105 102 1
102 101 105 191 129 104 105 140 181 107 105 99 2
100 96 103 307 117 102 105 218 229 103 104 97 3
108 106 111 113 105 111 113 114 127 111 116 108 4
118 109 116 114 113 114 117 119 115 117 115 114 5
104 100 108 111 104 102 108 113 109 105 108 99 6
98 95 108 297 194 99 105 235 246 101 101 95 7
105 96 105 183 143 107 106 175 142 105 105 98 8
104 109 104 103 103 102 107 104 102 106 103 98 9
104 93 98 93 94 99 98 99 96 100 103 98 10
106 103 102 95 96 101 98 99 91 101 104 15000 11
Chip#2
97 99 98 106 98 97 103 100 102 96 98 95 0
108 108 108 114 101 108 107 100 110 99 105 107 1
105 102 106 113 114 108 112 100 115 107 104 102 2
103 102 103 111 134 127 108 100 135 153 96 96 3
93 99 101 104 105 101 101 100 115 117 94 92 4
99 99 99 106 105 105 104 100 105 94 96 96 5
101 104 102 109 105 105 105 100 109 101 98 100 6
105 107 108 111 142 125 110 100 149 138 109 106 7
101 102 111 110 124 122 109 100 125 139 99 105 8
98 95 97 104 99 96 99 100 98 97 98 93 9
98 100 96 103 101 102 107 99 100 99 92 94 10
101 99 104 101 102 99 103 100 103 104 98 15000 11
Chip#3
102 95 98 99 96 102 97 103 102 97 97 100 0
95 88 90 94 90 92 91 97 92 96 90 97 1
95 96 93 96 93 99 92 101 97 95 95 99 2
102 103 100 162 175 108 99 137 176 105 99 102 3
102 95 102 162 166 102 95 117 173 103 94 104 4
105 105 105 101 107 112 104 111 104 106 105 107 5
92 92 93 92 94 102 97 99 95 96 93 100 6
102 98 101 120 107 106 99 108 162 106 97 103 7
98 96 100 173 178 101 98 114 221 106 95 97 8
101 100 102 103 115 98 102 106 107 102 98 105 9
102 95 99 100 101 105 95 100 97 101 94 102 10
104 97 99 99 100 101 99 100 99 98 99 15000 11
Chip#4
102 99 102 103 103 105 101 102 100 100 103 101 0
101 96 94 99 95 97 101 94 100 96 98 100 1
94 92 89 94 89 93 94 90 93 92 90 95 2
102 102 99 106 103 101 103 101 100 97 102 101 3
100 99 99 103 101 103 104 99 103 101 100 104 4
95 96 94 97 93 96 98 96 98 98 99 100 5
98 101 94 100 100 100 106 97 101 98 99 100 6
102 101 100 104 106 104 107 104 108 104 103 104 7
99 96 92 97 98 98 104 93 97 98 98 97 8
101 98 96 100 98 102 104 100 99 97 99 99 9
95 96 87 97 95 99 96 94 101 94 102 92 10
105 102 100 107 100 106 104 101 101 104 105 15000 11
Chip#1
124 109 111 112 111 115 115 113 116 110 112 130 0
122 109 118 119 117 112 117 121 120 113 116 115 1
108 108 116 1413 597 112 113 692 1119 112 109 100 2
105 99 119 3236 417 105 106 1858 2149 107 103 100 3
106 109 113 217 118 113 111 176 367 113 109 107 4
109 109 110 113 114 113 115 112 119 110 108 99 5
114 109 119 213 170 124 122 184 192 121 124 116 6
101 99 122 3160 1626 112 111 2252 2513 108 104 102 7
119 113 128 1333 704 126 120 1156 669 123 120 113 8
119 109 114 128 117 111 115 121 124 115 113 110 9
136 109 111 106 112 106 110 109 111 108 110 123 10
145 124 119 109 114 111 115 114 111 121 139 15000 11
Chip#2
110 104 106 108 102 102 110 100 101 106 105 108 0
110 105 111 116 102 115 117 101 112 110 109 110 1
106 107 113 114 392 136 107 100 131 149 106 105 2
111 113 114 168 851 435 114 106 530 912 116 111 3
107 109 110 118 214 121 114 100 284 450 106 104 4
103 109 112 113 105 117 116 109 115 112 112 106 5
104 108 106 113 114 113 110 100 127 115 106 102 6
103 102 104 113 882 351 107 101 660 562 107 105 7
103 109 108 117 641 292 111 100 313 647 105 105 8
106 107 108 115 114 115 114 100 120 123 107 105 9
112 112 108 108 105 106 110 100 112 106 104 104 10
115 117 115 116 114 108 111 100 111 113 111 15000 11
Chip#3
128 113 103 107 105 106 103 106 104 102 104 117 0
124 108 105 105 106 120 105 111 108 107 105 114 1
110 107 108 110 115 113 108 114 128 108 106 110 2
105 107 105 967 1245 125 105 657 1250 142 104 108 3
106 107 109 870 1077 120 108 365 1253 163 105 110 4
102 105 107 107 111 115 106 109 110 108 104 109 5
100 98 102 102 103 112 104 106 101 106 97 102 6
105 98 104 410 197 112 102 157 999 152 100 106 7
101 103 103 1288 1277 117 102 345 1980 170 99 102 8
106 103 109 162 221 113 104 114 224 109 103 108 9
118 107 107 114 113 120 111 109 111 113 106 112 10
117 118 108 109 107 108 99 108 103 105 103 15000 11
Chip#4
105 107 103 107 109 105 111 106 114 109 109 104 0
105 103 102 111 105 101 122 102 107 101 101 101 1
107 106 104 106 106 110 111 108 108 101 103 103 2
102 102 100 104 119 106 107 108 108 112 105 100 3
102 101 100 106 124 113 110 105 121 115 108 105 4
102 103 104 102 100 99 104 106 104 105 108 103 5
105 105 104 107 103 106 108 109 108 105 104 101 6
104 103 104 106 107 109 107 108 110 107 106 105 7
115 111 113 117 130 116 114 111 121 127 112 112 8
105 102 102 104 113 104 104 105 107 101 103 101 9
112 107 109 111 103 106 116 105 110 103 112 109 10
105 102 103 106 106 106 108 104 108 103 103 15000 11
Chip#1
106 97 105 104 98 106 105 105 104 102 104 105 0
102 99 102 102 102 101 106 102 101 103 105 102 1
97 95 95 423 216 93 98 239 347 99 101 94 2
98 99 107 871 173 98 103 526 596 103 105 97 3
110 109 114 133 109 103 112 128 181 106 112 105 4
106 103 109 106 102 103 112 108 104 108 103 97 5
105 100 104 123 112 101 110 117 127 106 104 100 6
97 91 100 843 474 89 100 614 693 91 95 93 7
109 105 113 409 251 108 111 364 243 110 109 104 8
106 99 108 108 103 104 108 105 110 102 103 102 9
118 106 108 108 104 106 112 110 110 110 109 112 10
104 96 96 95 90 96 100 95 93 99 99 15000 11
Chip#2
122 118 118 116 105 115 114 107 116 114 113 112 0
117 118 115 116 105 118 120 109 122 119 116 115 1
108 109 108 112 592 154 107 100 142 177 112 108 2
113 111 113 200 1375 674 112 105 823 1536 112 107 3
99 105 107 115 302 126 112 101 412 706 109 104 4
108 113 119 123 105 120 126 109 126 116 118 110 5
105 111 112 120 135 121 120 104 151 132 111 111 6
112 109 112 116 1566 552 116 104 1111 952 113 105 7
106 107 111 121 1112 455 110 105 490 1120 110 106 8
106 107 110 110 131 114 114 104 122 134 109 105 9
125 116 114 114 105 110 117 100 114 109 112 110 10
119 127 122 116 105 113 117 101 119 113 117 15000 11
Chip#3
136 122 109 109 109 106 104 106 107 106 106 119 0
124 109 108 110 114 120 109 110 112 112 108 113 1
109 100 101 109 110 109 98 104 123 101 99 100 2
102 107 109 969 1237 129 106 661 1255 145 106 108 3
102 104 109 874 1075 120 105 360 1255 163 106 107 4
105 108 108 115 115 120 106 110 111 107 103 108 5
101 103 98 105 107 109 104 109 110 107 104 106 6
110 109 111 416 205 115 110 165 999 158 110 114 7
106 111 114 1297 1282 120 109 353 1989 181 106 108 8
110 103 108 162 221 112 106 111 228 112 100 109 9
110 107 108 110 109 113 104 111 111 110 101 108 10
121 120 109 111 108 120 105 110 108 107 108 15000 11
Chip#4
110 110 112 111 113 114 114 114 113 108 110 110 0
108 106 107 110 112 109 114 111 114 107 109 109 1
112 107 112 107 110 112 113 109 113 111 109 104 2
115 110 110 114 142 121 111 112 124 130 116 108 3
115 114 116 115 155 132 121 119 146 146 123 118 4
107 106 104 113 112 108 113 108 111 107 107 113 5
113 110 112 118 118 116 116 114 114 109 114 116 6
120 116 113 114 124 120 120 118 121 119 120 116 7
117 116 128 123 155 129 122 114 142 153 117 116 8
114 107 113 113 138 113 117 111 115 117 114 112 9
115 111 113 113 123 113 117 115 110 111 116 109 10
117 119 114 115 118 118 121 119 118 115 120 15000 11
Chip#1
105 100 104 101 98 102 108 99 105 102 103 105 0
109 109 108 103 103 102 111 108 109 108 103 104 1
105 106 107 428 223 103 110 252 357 108 105 102 2
