42.1875
42.1875
42.1875
42.1875
42.1875
42.1875
42.1875
42.1875
42.1875
42.1875
42.1875
42.1875
42.1875
42.125
42.125
42.125
42.125
42.125
42.125
42.125
42.125
42.125
42.125
42.125
42.125
42.0625
42.125
42.0625
42.125
42.125
42.0625
42.0625
42.0625
42.0625
42.0625
42.0625
42.0625
42.0625
42.0625
42.0625
42.0625
42.0625
42.0625
42
42
42
42
42
42
42
42
42.25
48.5625
60.1875
68.6875
79.375
86.875
96.125
102.5625
105.8125
104.875
102.4375
100.875
98.6875
97.9375
96.625
95.0625
93.5
93.625
95.125
95.125
94.4375
93.9375
94.3125
94.6875
94.375
94.125
94.125
94.25
94.3125
94.25
94.25
94.375
94.375
94.375
94.3125
94.4375
94.4375
94.25
91.6875
87
83.5625
79.0625
75.6875
71.75
71.9375
74.25
73.875
72.875
72.25
75.375
82.1875
82.5
81.6875
80.4375
79.4375
78.125
76.9375
77.4375
78
78
77.375
74.875
72
69.125
65.4375
61.875
59.3125
55.875
55.25
55.6875
62.875
64.75
64.625
64.3125
64.0625
63.625
63.125
62.6875
62.25
61.8125
61.1875
60.9375
60.5
60.3125
65.8125
73.625
81.4375
88.875
95.9375
100.375
104.9375
105
103.9375
102.5625
101.0625
99.5625
98.625
98.25
97.3125
95.9375
94.4375
93.25
94.8125
95.375
94.5625
93.5
94.3125
95.25
94.9375
93.75
91.25
86.6875
82.1875
78.9375
74.3125
71.4375
72.9375
74.4375
74.0625
73.3125
72.25
74.5
81.5
82.1875
81.3125
80.5
79.25
78.375
77.1875
77.3125
78.125
78.125
77.25
76.3125
73.6875
69.875
66.25
63.625
60.25
57.75
55.4375
55.375
58.625
64.4375
64.8125
64.5625
64.25
63.8125
63.3125
62.75
62.375
61.8125
61.4375
60.875
61.875
73.875
81.6875
91.5625
98.5
105.4375
105.625
104.125
102.75
100.8125
99.25
97.4375
96
94.5625
93.375
94
95.0625
94.8125
94.5625
94
94.125
94.625
94.4375
92.0625
88.75
84.25
81
76.75
73.25
71.5
73.875
74.5625
74
73.0625
72.9375
78.5
82.3125
82.1875
81.4375
80.625
79.75
78.8125
77.9375
77.125
77.0625
77.5625
78.125
77.8125
77.3125
75.25
72.4375
69.6875
66.9375
64.3125
61.8125
59.375
56.75
55.625
55.0625
56.9375
63.0625
65
65.0625
64.75
64.3125
63.9375
63.4375
63.0625
62.5
62.125
61.5
61.375
69.4375
77.375
90
97.0625
104.625
105.125
103.75
102.4375
100.5625
99.0625
98.1875
96.75
95.375
93.625
93.75
95
95
94.0625
94
94.5
94.625
94.1875
94
90.3125
87
83.625
80.375
77.3125
72.9375
71.9375
73.3125
74.0625
73.125
72.4375
76.5625
82.0625
81.875
81.1875
80.0625
79.1875
78.0625
77.25
