Chip#1
228 213 219 234 217 232 222 229 224 230 235 229 0 0
224 213 219 239 214 232 224 230 229 233 235 229 1 0
228 229 219 249 227 232 234 236 237 247 263 229 2 0
224 213 219 257 227 232 230 235 243 247 235 228 3 0
228 213 329 1304 669 248 247 473 1264 428 262 258 4 0
228 229 344 1592 742 248 244 717 1840 465 263 251 5 0
228 229 230 274 250 264 246 260 286 240 263 229 6 0
228 229 231 273 246 264 253 255 255 240 235 229 7 0
228 229 240 524 306 242 254 281 393 241 235 228 8 0
228 245 409 2552 1184 242 254 876 2213 512 235 236 9 0
228 229 278 1313 506 242 240 576 1339 316 235 225 10 0
228 213 230 257 238 242 239 243 246 239 219 15000 11 0
Chip#2
114 127 91 135 133 106 116 126 128 117 109 132 0 0
115 126 90 139 135 108 117 126 129 117 111 137 1 0
114 127 94 142 133 107 120 124 131 117 113 137 2 0
117 129 92 140 133 108 117 127 129 117 112 135 3 0
115 126 93 414 426 108 117 204 415 137 111 137 4 0
115 126 91 369 381 106 120 212 492 137 113 136 5 0
111 123 87 134 130 103 113 124 128 115 109 131 6 0
113 127 94 142 136 107 119 130 133 121 115 138 7 0
115 129 95 258 186 106 126 157 388 122 114 136 8 0
121 135 102 582 446 114 126 452 917 134 117 140 9 0
107 119 89 146 131 99 115 132 204 114 105 126 10 0
120 132 97 139 137 108 122 127 132 122 111 15000 11 0
Chip#3
0 0 0 33 0 0 62 48 53 0 0 0 241 0
0 0 0 33 0 0 62 48 53 0 0 0 241 0
0 0 0 33 0 0 62 48 53 0 0 0 241 0
0 0 0 33 0 0 62 48 53 0 0 0 241 0
0 0 0 33 0 0 62 48 53 0 0 0 241 0
0 0 0 33 0 0 62 48 53 0 0 0 241 0
0 0 0 33 0 0 62 48 53 0 0 0 241 0
0 0 0 33 0 0 62 48 53 0 0 0 241 0
0 0 0 33 0 0 62 48 53 0 0 0 241 0
0 0 0 33 0 0 62 48 53 0 0 0 241 0
0 0 0 33 0 0 62 48 53 0 0 0 241 0
0 0 0 33 0 0 62 48 53 0 0 15000 241 0
Chip#4
0 0 0 33 0 0 62 48 53 0 0 0 241 0
0 0 0 33 0 0 62 48 53 0 0 0 241 0
0 0 0 33 0 0 62 48 53 0 0 0 241 0
0 0 0 33 0 0 62 48 53 0 0 0 241 0
0 0 0 33 0 0 62 48 53 0 0 0 241 0
0 0 0 33 0 0 62 48 53 0 0 0 241 0
0 0 0 33 0 0 62 48 53 0 0 0 241 0
0 0 0 33 0 0 62 48 53 0 0 0 241 0
0 0 0 33 0 0 62 48 53 0 0 0 241 0
0 0 0 33 0 0 62 48 53 0 0 0 241 0
0 0 0 33 0 0 62 48 53 0 0 0 241 0
0 0 0 33 0 0 62 48 53 0 0 15000 241 0
Chip#1
104 90 100 104 106 94 95 98 91 95 100 94 0 0
104 98 98 98 105 99 99 100 92 96 102 96 1 0
106 100 102 104 105 94 98 99 95 93 102 97 2 0
100 88 96 94 97 88 87 98 90 96 95 89 3 0
94 88 94 109 107 89 87 96 110 90 93 85 4 0
99 96 100 127 114 90 96 109 129 102 99 90 5 0
97 95 91 92 97 90 93 92 86 91 95 89 6 0
108 105 107 109 108 100 100 102 103 101 103 105 7 0
100 101 102 109 103 97 102 102 103 95 99 98 8 0
100 90 94 130 112 94 91 103 123 95 100 92 9 0
115 108 110 125 114 106 107 109 119 109 110 104 10 0
105 95 102 102 102 91 92 98 93 93 99 15000 11 0
Chip#2
104 114 86 128 122 98 111 117 125 105 105 125 0 0
105 111 79 128 124 93 107 118 125 106 104 123 1 0
109 120 84 131 124 99 112 122 125 111 112 126 2 0
112 122 87 132 127 101 112 122 128 110 110 128 3 0
109 116 80 131 123 96 110 118 127 105 106 124 4 0
107 119 87 134 128 97 114 120 131 110 110 128 5 0
108 116 78 128 119 94 110 116 121 106 105 123 6 0
106 118 82 129 123 94 112 116 123 106 111 122 7 0
108 118 86 133 122 97 111 120 130 111 107 125 8 0
105 116 81 137 126 93 111 126 135 111 111 127 9 0
106 116 82 125 115 97 109 117 123 106 107 122 10 0
106 120 83 129 123 96 108 119 124 108 110 15000 11 0
Chip#3
0 0 0 33 0 0 62 48 53 0 0 0 241 0
0 0 0 33 0 0 62 48 53 0 0 0 241 0
0 0 0 33 0 0 62 48 53 0 0 0 241 0
0 0 0 33 0 0 62 48 53 0 0 0 241 0
0 0 0 33 0 0 62 48 53 0 0 0 241 0
0 0 0 33 0 0 62 48 53 0 0 0 241 0
0 0 0 33 0 0 62 48 53 0 0 0 241 0
0 0 0 33 0 0 62 48 53 0 0 0 241 0
0 0 0 33 0 0 62 48 53 0 0 0 241 0
0 0 0 33 0 0 62 48 53 0 0 0 241 0
0 0 0 33 0 0 62 48 53 0 0 0 241 0
0 0 0 33 0 0 62 48 53 0 0 15000 241 0
Chip#4
0 0 0 33 0 0 62 48 53 0 0 0 241 0
0 0 0 33 0 0 62 48 53 0 0 0 241 0
0 0 0 33 0 0 62 48 53 0 0 0 241 0
0 0 0 33 0 0 62 48 53 0 0 0 241 0
0 0 0 33 0 0 62 48 53 0 0 0 241 0
0 0 0 33 0 0 62 48 53 0 0 0 241 0
0 0 0 33 0 0 62 48 53 0 0 0 241 0
0 0 0 33 0 0 62 48 53 0 0 0 241 0
0 0 0 33 0 0 62 48 53 0 0 0 241 0
0 0 0 33 0 0 62 48 53 0 0 0 241 0
0 0 0 33 0 0 62 48 53 0 0 0 241 0
0 0 0 33 0 0 62 48 53 0 0 15000 241 0
