Chip#1
124 126 123 132 126 130 128 129 130 127 127 125 0
120 116 116 123 122 124 126 126 126 120 120 122 1
124 129 134 135 122 133 145 127 136 143 128 125 2
123 126 128 132 124 130 135 132 135 140 126 125 3
122 126 138 136 124 133 145 130 124 130 126 127 4
116 115 459 453 122 484 777 139 125 128 117 114 5
124 126 259 261 129 326 478 137 131 131 120 125 6
124 123 134 136 126 130 128 129 126 118 122 120 7
122 129 618 578 131 336 387 130 129 123 125 123 8
127 126 427 374 124 343 380 132 128 126 123 122 9
124 120 122 124 119 125 123 119 118 116 114 121 10
123 116 122 119 122 127 125 122 122 118 121 15000 11
Chip#1
122 120 121 124 125 129 122 124 125 122 122 121 0
120 120 118 124 122 126 119 124 119 118 120 115 1
120 120 129 136 116 130 140 125 131 140 123 116 2
126 124 125 129 126 131 130 124 131 138 120 121 3
123 124 131 135 119 133 144 122 124 118 120 119 4
115 124 462 455 126 486 781 137 128 135 117 121 5
114 119 248 256 121 318 474 127 130 130 117 117 6
126 126 137 139 133 133 133 129 133 124 128 128 7
119 130 615 577 124 335 379 130 130 120 121 123 8
117 120 429 370 121 335 378 123 123 123 121 117 9
120 119 116 127 118 120 123 119 124 110 116 113 10
132 129 125 130 130 132 129 126 130 124 125 15000 11
Chip#1
117 120 121 126 121 124 119 120 125 118 117 116 0
120 115 121 123 123 126 123 124 122 123 118 121 1
133 126 137 139 125 137 145 132 138 144 131 127 2
119 123 124 130 123 126 126 123 123 135 118 120 3
123 123 137 138 125 135 141 129 125 124 122 126 4
120 119 466 456 126 486 779 138 134 136 123 116 5
127 126 259 262 129 329 480 135 136 138 122 126 6
126 124 134 135 125 125 129 126 126 116 122 117 7
119 123 611 572 123 328 373 125 124 119 116 117 8
120 123 424 372 123 334 372 130 128 120 120 119 9
117 124 121 124 118 124 118 125 123 118 118 116 10
127 123 121 123 118 120 120 125 123 116 121 15000 11
