Chip#1
106 101 104 102 96 109 106 102 102 95 103 104 0
103 95 102 93 98 108 112 100 103 92 100 102 1
109 111 118 116 107 121 129 111 118 122 113 111 2
99 99 102 98 96 106 112 100 102 104 102 101 3
104 102 105 97 97 106 111 97 103 96 105 99 4
98 95 110 104 97 106 117 98 103 104 100 96 5
102 93 105 102 100 105 111 97 106 96 100 100 6
101 97 106 101 103 107 114 97 106 99 103 106 7
105 97 116 112 102 114 117 104 107 101 102 108 8
101 95 110 102 100 106 113 97 101 97 102 99 9
108 102 105 106 101 111 115 109 106 104 106 107 10
106 97 105 97 100 109 113 101 106 101 109 15000 11
Chip#2
104 104 110 104 110 109 107 97 104 97 100 101 0
107 106 111 108 116 112 111 102 101 103 105 104 1
106 106 114 108 116 113 110 98 102 102 102 104 2
111 110 115 113 121 116 117 106 101 105 107 104 3
103 105 110 114 116 114 113 103 101 101 110 104 4
102 99 109 102 107 109 104 97 95 98 96 98 5
102 101 111 107 115 111 110 99 102 101 106 101 6
109 106 116 110 118 118 117 106 105 108 114 106 7
109 105 112 110 113 116 113 103 100 101 107 104 8
103 104 107 103 111 107 106 99 99 98 106 104 9
113 111 117 114 121 121 124 113 112 110 120 114 10
110 109 112 107 117 116 111 102 102 101 104 15000 11
Chip#3
100 100 100 100 100 100 100 100 100 100 100 100 241
100 100 100 100 100 100 100 100 100 100 100 100 241
100 100 100 100 100 100 100 100 100 100 100 100 241
100 100 100 100 100 100 100 100 100 100 100 100 241
100 100 100 100 100 100 100 100 100 100 100 100 241
100 100 100 100 100 100 100 100 100 100 100 100 241
100 100 100 100 100 100 100 100 100 100 100 100 241
100 100 100 100 100 100 100 100 100 100 100 100 241
100 100 100 100 100 100 100 100 100 100 100 100 241
100 100 100 100 100 100 100 100 100 100 100 100 241
100 100 100 100 100 100 100 100 100 100 100 100 241
100 100 100 100 100 100 100 100 100 100 100 15000 241
Chip#4
100 100 100 100 100 100 100 100 100 100 100 100 241
100 100 100 100 100 100 100 100 100 100 100 100 241
100 100 100 100 100 100 100 100 100 100 100 100 241
100 100 100 100 100 100 100 100 100 100 100 100 241
100 100 100 100 100 100 100 100 100 100 100 100 241
100 100 100 100 100 100 100 100 100 100 100 100 241
100 100 100 100 100 100 100 100 100 100 100 100 241
100 100 100 100 100 100 100 100 100 100 100 100 241
100 100 100 100 100 100 100 100 100 100 100 100 241
100 100 100 100 100 100 100 100 100 100 100 100 241
100 100 100 100 100 100 100 100 100 100 100 100 241
100 100 100 100 100 100 100 100 100 100 100 15000 241
Chip#1
101 95 106 98 97 101 106 97 101 95 102 101 0
105 98 108 104 103 104 112 98 104 99 105 101 1
99 94 113 106 101 107 114 97 102 108 100 99 2
101 95 104 101 100 103 105 100 100 97 103 100 3
105 99 108 98 96 103 109 97 102 99 106 102 4
102 99 115 112 103 110 117 103 109 108 105 102 5
101 91 104 99 98 103 105 102 107 97 97 95 6
108 99 108 102 103 108 109 102 107 100 106 104 7
91 91 105 103 91 103 109 93 98 89 96 90 8
100 95 108 101 95 105 114 100 102 92 98 100 9
102 95 103 97 97 103 108 98 101 95 102 100 10
103 90 97 97 98 97 101 97 99 91 100 15000 11
Chip#2
103 99 98 94 105 106 99 95 96 97 100 96 0
103 106 106 104 108 108 104 100 101 97 102 101 1
110 105 107 107 110 107 106 99 102 102 106 109 2
104 108 111 107 111 108 110 105 104 102 110 104 3
106 106 110 113 116 107 112 104 104 101 107 104 4
106 103 105 103 107 104 104 98 101 98 100 105 5
105 103 109 105 110 113 106 102 100 104 110 106 6
109 104 107 112 115 104 108 106 104 104 113 104 7
102 103 105 102 110 104 101 98 100 99 104 99 8
105 105 105 105 111 107 105 100 105 99 104 103 9
106 105 106 104 110 108 108 102 105 103 110 106 10
106 105 106 108 112 104 108 102 104 102 107 15000 11
Chip#3
100 100 100 100 100 100 100 100 100 100 100 100 241
100 100 100 100 100 100 100 100 100 100 100 100 241
100 100 100 100 100 100 100 100 100 100 100 100 241
100 100 100 100 100 100 100 100 100 100 100 100 241
100 100 100 100 100 100 100 100 100 100 100 100 241
100 100 100 100 100 100 100 100 100 100 100 100 241
100 100 100 100 100 100 100 100 100 100 100 100 241
100 100 100 100 100 100 100 100 100 100 100 100 241
100 100 100 100 100 100 100 100 100 100 100 100 241
100 100 100 100 100 100 100 100 100 100 100 100 241
100 100 100 100 100 100 100 100 100 100 100 100 241
100 100 100 100 100 100 100 100 100 100 100 15000 241
Chip#4
100 100 100 100 100 100 100 100 100 100 100 100 241
100 100 100 100 100 100 100 100 100 100 100 100 241
100 100 100 100 100 100 100 100 100 100 100 100 241
100 100 100 100 100 100 100 100 100 100 100 100 241
100 100 100 100 100 100 100 100 100 100 100 100 241
100 100 100 100 100 100 100 100 100 100 100 100 241
100 100 100 100 100 100 100 100 100 100 100 100 241
100 100 100 100 100 100 100 100 100 100 100 100 241
100 100 100 100 100 100 100 100 100 100 100 100 241
100 100 100 100 100 100 100 100 100 100 100 100 241
100 100 100 100 100 100 100 100 100 100 100 100 241
100 100 100 100 100 100 100 100 100 100 100 15000 241
Chip#1
103 97 103 98 94 100 107 97 104 95 107 104 0
103 93 106 103 98 103 111 103 100 95 101 106 1
98 102 110 107 101 105 119 104 108 111 105 102 2
99 97 105 103 101 105 113 100 102 96 102 101 3
98 93 100 97 100 106 109 97 98 96 98 99 4
104 99 115 108 104 108 115 103 107 108 106 102 5
106 100 109 107 104 109 116 103 111 107 107 102 6
104 96 107 103 102 104 111 101 106 95 103 105 7
102 100 110 108 98 110 114 103 102 100 105 106 8
108 102 110 106 100 107 119 103 106 100 107 102 9
105 102 109 102 102 106 109 101 106 91 102 105 10
106 96 99 102 98 103 105 100 101 95 101 15000 11
Chip#2
107 105 114 107 111 107 113 105 107 104 109 108 0
99 95 101 98 101 101 101 93 98 97 95 99 1
103 96 105 102 102 106 104 96 98 99 100 98 2
105 100 110 109 112 109 108 104 105 105 105 104 3
103 100 109 108 110 107 111 103 101 105 105 104 4
101 100 103 104 102 101 100 92 98 94 97 100 5
102 99 103 102 107 107 107 102 102 98 104 104 6
103 97 105 107 107 104 105 102 98 99 109 95 7
106 106 111 108 111 109 108 104 108 105 110 105 8
96 95 100 100 100 102 99 91 93 95 100 94 9
102 96 103 100 102 104 104 97 98 103 102 99 10
112 105 114 110 110 112 111 105 107 101 110 15000 11
Chip#1
97 96 97 98 94 98 107 97 99 95 98 96 0
101 93 97 99 98 99 109 100 100 97 103 101 1
104 95 103 103 101 105 113 102 106 99 102 107 2
102 95 99 103 98 103 102 101 100 97 101 99 3
104 95 99 103 100 105 111 102 103 99 103 104 4
108 105 105 106 102 107 114 103 108 100 106 106 5
102 91 105 107 98 104 112 100 106 96 102 102 6
104 96 100 99 101 105 109 96 104 96 102 101 7
100 97 100 103 95 105 111 102 104 101 102 104 8
105 95 104 102 100 105 115 102 107 97 106 100 9
104 101 102 103 98 101 112 102 103 97 98 104 10
102 93 100 101 102 100 104 101 103 97 105 15000 11
Chip#2
107 101 109 103 106 103 104 99 100 98 105 104 0
101 101 103 105 107 103 104 97 98 96 97 99 1
107 105 109 105 108 111 104 104 106 98 104 105 2
101 98 100 100 101 102 101 91 101 94 95 96 3
106 106 106 108 108 109 108 102 104 102 104 106 4
105 109 109 109 112 112 110 99 104 105 107 105 5
103 99 104 105 105 107 105 92 98 97 100 103 6
103 104 109 104 107 106 102 97 100 98 104 101 7
103 99 105 100 106 106 100 93 96 93 100 98 8
105 100 105 103 106 103 104 96 100 97 100 103 9
109 105 106 103 107 108 104 100 100 101 109 105 10
109 108 111 109 111 109 108 102 102 101 106 15000 11
Chip#1
110 101 102 103 98 109 113 97 106 96 106 106 0
103 96 104 107 103 105 112 105 107 99 106 105 1
106 100 104 103 97 105 108 104 108 96 100 105 2
103 104 100 103 97 105 107 105 106 101 101 100 3
105 97 102 106 98 104 112 105 103 101 106 102 4
102 94 100 101 98 105 108 104 103 91 98 96 5
104 97 105 106 98 105 108 105 106 92 103 99 6
108 96 105 103 98 103 109 101 107 97 100 98 7
96 95 104 104 94 100 107 98 98 96 98 94 8
103 104 106 106 101 111 117 104 104 100 103 105 9
110 95 108 110 101 106 112 102 107 100 101 105 10
105 93 100 96 96 95 107 97 101 93 97 15000 11
Chip#2
100 100 104 102 102 103 101 93 96 98 101 103 0
101 99 104 100 102 103 102 95 98 93 97 103 1
101 98 107 103 100 102 101 97 96 96 99 100 2
103 106 106 103 108 103 105 97 101 98 101 103 3
105 105 106 103 107 106 106 98 99 102 104 104 4
94 95 98 94 96 96 95 87 88 92 91 89 5
100 96 104 100 106 106 101 93 95 97 97 98 6
111 110 116 110 116 109 111 104 107 107 111 108 7
107 109 111 108 112 113 107 100 105 102 113 105 8
104 103 106 103 106 104 102 98 96 97 101 103 9
101 104 104 103 105 104 102 98 94 99 100 104 10
103 103 103 100 104 106 98 96 100 96 104 15000 11
