Chip#1
170 0 2 28 2 0 149 10 75 11 151 10 113 6 217 14 111 10 43 5 41 5 37 5 112 9 95 10 139 9 218 126 227 23 23 32 8 1 0 32 0 0 64 193 37 101 0 8 36 101 0 8 0 0 0 1 20 73 0 32 151 112 0 8
170 0 2 28 2 1 152 10 79 11 155 10 121 7 222 15 114 10 50 5 47 6 39 6 115 10 99 11 139 10 220 126 30 23 23 0 0 0 0 16 7 1 0 32 64 128 77 132 0 0 64 193 37 101 0 8 36 101 0 8 0 0 0 1
170 0 2 28 2 2 145 9 73 11 152 10 113 6 221 15 111 9 45 5 40 5 34 5 114 9 99 10 140 9 219 126 233 23 23 0 0 0 0 16 7 1 0 32 64 128 76 132 0 0 64 193 37 101 0 8 36 101 0 8 0 0 0 1
170 0 2 28 2 3 150 10 77 11 156 10 126 7 229 15 114 10 55 6 48 6 46 6 120 10 101 11 140 9 219 126 61 23 23 0 0 0 0 16 7 1 0 32 64 128 77 132 0 0 64 193 37 101 0 8 36 101 0 8 0 0 0 1
170 0 2 28 2 4 146 10 70 11 204 14 73 50 61 34 111 10 46 5 48 18 85 56 7 16 105 11 157 11 219 126 204 23 23 0 0 0 0 16 7 1 0 32 64 128 76 132 0 0 64 193 37 101 0 8 36 101 0 8 0 0 0 1
170 0 2 28 2 5 154 11 80 11 213 15 113 53 73 35 123 11 59 6 94 25 18 67 48 20 120 12 164 11 219 126 126 23 23 0 0 0 0 16 7 1 0 32 64 128 77 132 0 0 64 193 37 101 0 8 36 101 0 8 0 0 0 1
170 0 2 28 2 6 157 10 82 11 165 11 134 8 33 16 128 11 60 6 62 7 64 8 129 10 111 11 145 10 219 126 236 23 23 0 0 0 0 16 7 1 0 32 64 128 76 132 0 0 64 193 37 101 0 8 36 101 0 8 0 0 0 1
170 0 2 28 2 7 150 11 79 11 165 11 127 8 30 16 125 11 54 6 55 7 50 7 123 10 106 11 140 10 217 126 169 23 23 0 0 0 0 16 7 1 0 32 64 128 77 132 0 0 64 193 37 101 0 8 36 101 0 8 0 0 0 1
170 0 2 28 2 8 154 10 79 11 164 11 47 16 49 18 126 11 60 6 70 8 143 14 126 10 98 11 140 10 219 126 241 23 23 0 0 0 0 16 7 1 0 32 64 128 76 132 0 0 64 193 37 101 0 8 36 101 0 8 0 0 0 1
170 0 2 28 2 9 151 10 76 11 39 17 111 86 51 49 124 10 56 6 17 35 143 96 104 24 95 10 134 9 219 126 58 23 23 0 0 0 0 16 7 1 0 32 64 128 77 132 0 0 64 193 37 101 0 8 36 101 0 8 0 0 0 1
170 0 2 28 2 10 149 10 78 11 188 12 173 42 154 26 122 11 55 6 28 20 115 58 187 15 99 11 135 9 220 126 54 23 23 0 0 0 0 16 7 1 0 32 64 128 76 132 0 0 64 193 37 101 0 8 36 101 0 8 0 0 0 1
170 0 2 28 2 11 152 10 79 11 159 10 124 7 222 15 112 10 51 5 48 6 42 6 116 9 96 10 132 9 218 126 36 23 23 0 0 0 0 16 7 1 0 32 64 128 77 132 0 0 64 193 37 101 0 8 36 101 0 8 0 0 0 1
Chip#2
170 0 2 28 18 0 104 24 72 21 154 31 87 18 127 21 131 26 83 24 103 21 26 20 129 23 88 26 124 20 17 132 164 23 23 32 8 1 0 32 0 0 64 193 37 101 0 8 36 101 0 8 0 0 0 1 20 73 0 32 151 112 0 8
170 0 2 28 18 1 108 24 76 22 153 31 88 18 128 22 131 26 85 25 104 21 21 20 132 24 90 26 127 20 16 132 183 23 23 0 0 0 0 16 7 1 0 32 64 128 77 132 0 0 64 193 37 101 0 8 36 101 0 8 0 0 0 1
170 0 2 28 18 2 111 24 74 22 155 31 89 18 126 21 132 27 84 24 103 21 24 19 132 24 89 26 124 20 18 132 184 23 23 0 0 0 0 16 7 1 0 32 64 128 76 132 0 0 64 193 37 101 0 8 36 101 0 8 0 0 0 1
170 0 2 28 18 3 98 24 74 21 151 30 86 18 125 21 130 26 81 24 100 21 20 19 126 23 81 26 120 19 17 131 127 23 23 0 0 0 0 16 7 1 0 32 64 128 77 132 0 0 64 193 37 101 0 8 36 101 0 8 0 0 0 1
170 0 2 28 18 4 108 24 76 22 153 31 86 31 80 34 130 27 81 24 150 25 183 31 144 24 86 26 122 20 18 132 128 23 23 0 0 0 0 16 7 1 0 32 64 128 76 132 0 0 64 193 37 101 0 8 36 101 0 8 0 0 0 1
170 0 2 28 18 5 108 24 77 22 155 31 222 28 241 30 134 27 88 25 147 25 185 31 141 24 90 26 128 20 18 132 184 23 23 0 0 0 0 16 7 1 0 32 64 128 77 132 0 0 64 193 37 101 0 8 36 101 0 8 0 0 0 1
170 0 2 28 18 6 102 23 71 21 151 30 85 18 126 21 130 26 83 24 98 21 19 19 131 23 85 26 120 20 17 131 139 23 23 0 0 0 0 16 7 1 0 32 64 128 76 132 0 0 64 193 37 101 0 8 36 101 0 8 0 0 0 1
170 0 2 28 18 7 111 24 77 21 156 30 93 18 127 21 133 26 87 24 102 21 27 19 130 23 90 25 126 20 18 131 199 23 23 0 0 0 0 16 7 1 0 32 64 128 77 132 0 0 64 193 37 101 0 8 36 101 0 8 0 0 0 1
170 0 2 28 18 8 108 23 75 21 155 30 172 23 167 23 127 25 85 24 129 23 15 34 129 23 88 26 123 19 17 131 79 23 23 0 0 0 0 16 7 1 0 32 64 128 76 132 0 0 64 193 37 101 0 8 36 101 0 8 0 0 0 1
170 0 2 28 18 9 110 24 79 21 159 31 93 34 80 33 135 26 86 24 140 40 15 64 141 24 90 26 124 20 17 131 32 23 23 0 0 0 0 16 7 1 0 32 64 128 77 132 0 0 64 193 37 101 0 8 36 101 0 8 0 0 0 1
170 0 2 28 18 10 102 23 72 21 152 30 91 18 123 20 130 25 82 23 107 21 76 23 130 23 82 25 121 19 18 131 210 23 23 0 0 0 0 16 7 1 0 32 64 128 76 132 0 0 64 193 37 101 0 8 36 101 0 8 0 0 0 1
170 0 2 28 18 11 107 24 74 21 157 31 83 18 126 21 129 26 84 24 99 21 21 19 130 23 88 26 124 20 18 132 169 23 23 0 0 0 0 16 7 1 0 32 64 128 77 132 0 0 64 193 37 101 0 8 36 101 0 8 0 0 0 1
Chip#3
170 0 2 28 34 241 0 0 0 0 0 0 0 0 0 0 0 0 0 0 0 0 0 0 0 0 0 0 0 0 0 0 49 23 23 32 8 1 0 32 0 0 64 193 37 101 0 8 36 101 0 8 0 0 0 1 20 73 0 32 151 112 0 8
170 0 2 28 34 241 0 0 0 0 0 0 0 0 0 0 0 0 0 0 0 0 0 0 0 0 0 0 0 0 0 0 49 23 23 0 0 0 0 16 7 1 0 32 64 128 77 132 0 0 64 193 37 101 0 8 36 101 0 8 0 0 0 1
170 0 2 28 34 241 0 0 0 0 0 0 0 0 0 0 0 0 0 0 0 0 0 0 0 0 0 0 0 0 0 0 49 23 23 0 0 0 0 16 7 1 0 32 64 128 76 132 0 0 64 193 37 101 0 8 36 101 0 8 0 0 0 1
170 0 2 28 34 241 0 0 0 0 0 0 0 0 0 0 0 0 0 0 0 0 0 0 0 0 0 0 0 0 0 0 49 23 23 0 0 0 0 16 7 1 0 32 64 128 77 132 0 0 64 193 37 101 0 8 36 101 0 8 0 0 0 1
170 0 2 28 34 241 0 0 0 0 0 0 0 0 0 0 0 0 0 0 0 0 0 0 0 0 0 0 0 0 0 0 49 23 23 0 0 0 0 16 7 1 0 32 64 128 76 132 0 0 64 193 37 101 0 8 36 101 0 8 0 0 0 1
170 0 2 28 34 241 0 0 0 0 0 0 0 0 0 0 0 0 0 0 0 0 0 0 0 0 0 0 0 0 0 0 49 23 23 0 0 0 0 16 7 1 0 32 64 128 77 132 0 0 64 193 37 101 0 8 36 101 0 8 0 0 0 1
170 0 2 28 34 241 0 0 0 0 0 0 0 0 0 0 0 0 0 0 0 0 0 0 0 0 0 0 0 0 0 0 49 23 23 0 0 0 0 16 7 1 0 32 64 128 76 132 0 0 64 193 37 101 0 8 36 101 0 8 0 0 0 1
170 0 2 28 34 241 0 0 0 0 0 0 0 0 0 0 0 0 0 0 0 0 0 0 0 0 0 0 0 0 0 0 49 23 23 0 0 0 0 16 7 1 0 32 64 128 77 132 0 0 64 193 37 101 0 8 36 101 0 8 0 0 0 1
170 0 2 28 34 241 0 0 0 0 0 0 0 0 0 0 0 0 0 0 0 0 0 0 0 0 0 0 0 0 0 0 49 23 23 0 0 0 0 16 7 1 0 32 64 128 76 132 0 0 64 193 37 101 0 8 36 101 0 8 0 0 0 1
170 0 2 28 34 241 0 0 0 0 0 0 0 0 0 0 0 0 0 0 0 0 0 0 0 0 0 0 0 0 0 0 49 23 23 0 0 0 0 16 7 1 0 32 64 128 77 132 0 0 64 193 37 101 0 8 36 101 0 8 0 0 0 1
170 0 2 28 34 241 0 0 0 0 0 0 0 0 0 0 0 0 0 0 0 0 0 0 0 0 0 0 0 0 0 0 49 23 23 0 0 0 0 16 7 1 0 32 64 128 76 132 0 0 64 193 37 101 0 8 36 101 0 8 0 0 0 1
170 0 2 28 34 241 0 0 0 0 0 0 0 0 0 0 0 0 0 0 0 0 0 0 0 0 0 0 0 0 0 0 49 23 23 0 0 0 0 16 7 1 0 32 64 128 77 132 0 0 64 193 37 101 0 8 36 101 0 8 0 0 0 1
Chip#4
170 0 2 28 50 241 0 0 0 0 0 0 0 0 0 0 0 0 0 0 0 0 0 0 0 0 0 0 0 0 0 0 65 23 23 32 8 1 0 32 0 0 64 193 37 101 0 8 36 101 0 8 0 0 0 1 20 73 0 32 151 112 0 8
170 0 2 28 50 241 0 0 0 0 0 0 0 0 0 0 0 0 0 0 0 0 0 0 0 0 0 0 0 0 0 0 65 23 23 0 0 0 0 16 7 1 0 32 64 128 77 132 0 0 64 193 37 101 0 8 36 101 0 8 0 0 0 1
170 0 2 28 50 241 0 0 0 0 0 0 0 0 0 0 0 0 0 0 0 0 0 0 0 0 0 0 0 0 0 0 65 23 23 0 0 0 0 16 7 1 0 32 64 128 76 132 0 0 64 193 37 101 0 8 36 101 0 8 0 0 0 1
170 0 2 28 50 241 0 0 0 0 0 0 0 0 0 0 0 0 0 0 0 0 0 0 0 0 0 0 0 0 0 0 65 23 23 0 0 0 0 16 7 1 0 32 64 128 77 132 0 0 64 193 37 101 0 8 36 101 0 8 0 0 0 1
170 0 2 28 50 241 0 0 0 0 0 0 0 0 0 0 0 0 0 0 0 0 0 0 0 0 0 0 0 0 0 0 65 23 23 0 0 0 0 16 7 1 0 32 64 128 76 132 0 0 64 193 37 101 0 8 36 101 0 8 0 0 0 1
170 0 2 28 50 241 0 0 0 0 0 0 0 0 0 0 0 0 0 0 0 0 0 0 0 0 0 0 0 0 0 0 65 23 23 0 0 0 0 16 7 1 0 32 64 128 77 132 0 0 64 193 37 101 0 8 36 101 0 8 0 0 0 1
170 0 2 28 50 241 0 0 0 0 0 0 0 0 0 0 0 0 0 0 0 0 0 0 0 0 0 0 0 0 0 0 65 23 23 0 0 0 0 16 7 1 0 32 64 128 76 132 0 0 64 193 37 101 0 8 36 101 0 8 0 0 0 1
170 0 2 28 50 241 0 0 0 0 0 0 0 0 0 0 0 0 0 0 0 0 0 0 0 0 0 0 0 0 0 0 65 23 23 0 0 0 0 16 7 1 0 32 64 128 77 132 0 0 64 193 37 101 0 8 36 101 0 8 0 0 0 1
170 0 2 28 50 241 0 0 0 0 0 0 0 0 0 0 0 0 0 0 0 0 0 0 0 0 0 0 0 0 0 0 65 23 23 0 0 0 0 16 7 1 0 32 64 128 76 132 0 0 64 193 37 101 0 8 36 101 0 8 0 0 0 1
170 0 2 28 50 241 0 0 0 0 0 0 0 0 0 0 0 0 0 0 0 0 0 0 0 0 0 0 0 0 0 0 65 23 23 0 0 0 0 16 7 1 0 32 64 128 77 132 0 0 64 193 37 101 0 8 36 101 0 8 0 0 0 1
170 0 2 28 50 241 0 0 0 0 0 0 0 0 0 0 0 0 0 0 0 0 0 0 0 0 0 0 0 0 0 0 65 23 23 0 0 0 0 16 7 1 0 32 64 128 76 132 0 0 64 193 37 101 0 8 36 101 0 8 0 0 0 1
170 0 2 28 50 241 0 0 0 0 0 0 0 0 0 0 0 0 0 0 0 0 0 0 0 0 0 0 0 0 0 0 65 23 23 0 0 0 0 16 7 1 0 32 64 128 77 132 0 0 64 193 37 101 0 8 36 101 0 8 0 0 0 1
