Chip#1
97 94 106 106 103 104 102 97 103 98 99 93 0
132 109 119 115 116 114 112 109 107 105 105 102 1
106 98 110 110 111 112 116 109 108 108 101 103 2
105 102 119 110 113 108 110 106 106 105 99 102 3
103 99 107 110 111 107 116 111 104 105 97 100 4
108 102 111 107 111 112 124 117 102 104 102 101 5
132 102 112 113 109 109 110 104 106 107 102 107 6
103 99 105 105 109 104 105 99 104 109 107 100 7
105 95 108 112 107 106 104 99 104 113 109 100 8
132 98 111 108 112 114 111 104 106 112 106 109 9
98 92 101 102 102 103 97 93 99 107 102 89 10
132 101 105 106 107 109 107 99 107 117 131 15000 11
Chip#2
131 106 101 100 100 103 98 101 89 101 99 102 0
131 102 102 97 100 104 98 100 89 101 102 103 1
131 104 97 94 99 98 101 103 89 98 97 97 2
131 100 103 99 103 102 96 98 89 99 100 102 3
131 105 102 99 103 102 118 126 89 100 100 104 4
131 106 101 99 99 106 125 121 89 100 102 104 5
81 101 100 97 96 99 94 97 89 100 98 99 6
112 104 102 99 99 97 96 92 89 126 116 94 7
112 99 97 94 95 99 97 96 89 111 106 99 8
85 105 100 102 99 104 98 100 89 106 100 104 9
112 94 98 88 89 91 89 93 89 124 114 93 10
112 104 101 98 95 100 95 92 89 108 105 15000 11
