Chip#1
108 109 105 107 107 100 111 108 107 108 106 108 0
97 96 97 102 102 99 109 96 103 99 97 93 1
99 90 119 135 96 128 165 98 114 158 98 90 2
102 101 107 115 100 109 129 98 112 135 105 95 3
99 100 96 101 105 103 106 102 103 100 100 99 4
101 100 99 101 103 98 102 104 112 132 103 92 5
108 106 103 109 105 107 112 105 114 126 105 99 6
101 101 99 106 101 99 104 102 104 96 100 92 7
99 102 103 104 103 106 107 103 103 101 96 93 8
105 104 104 108 103 107 113 105 107 97 102 100 9
102 96 99 102 101 104 109 101 108 99 98 99 10
104 102 95 103 102 103 107 103 100 100 102 15000 11
Chip#1
105 102 99 103 103 101 101 103 101 101 101 96 0
103 104 111 125 107 112 132 107 106 121 107 100 1
103 99 220 274 96 247 401 109 178 370 130 89 2
104 107 129 154 105 147 213 105 137 238 116 96 3
102 99 97 101 101 100 102 101 102 103 100 94 4
105 102 105 116 105 106 114 103 155 238 111 105 5
103 102 100 109 107 105 107 103 139 206 107 99 6
98 100 97 97 98 100 104 95 100 99 98 94 7
96 101 102 106 96 101 104 97 100 99 96 95 8
101 102 102 108 103 106 105 98 101 97 98 98 9
97 97 96 100 102 100 100 100 102 96 98 101 10
105 99 96 102 101 103 107 105 104 103 102 15000 11
Chip#1
98 94 94 97 96 98 104 98 99 92 92 94 0
101 97 109 118 100 109 130 102 103 117 97 98 1
103 100 222 284 100 254 410 113 183 374 153 98 2
103 102 131 157 101 152 213 107 138 238 114 101 3
102 101 100 103 102 104 107 104 106 103 100 100 4
99 100 103 109 103 104 108 105 155 238 112 98 5
102 99 96 102 100 105 104 105 136 206 106 94 6
103 102 103 102 110 105 108 104 106 100 100 99 7
101 101 100 104 102 104 107 103 104 101 98 100 8
104 100 100 104 102 103 111 100 104 97 100 101 9
103 101 103 107 107 106 106 104 107 97 105 100 10
102 99 98 106 100 100 99 100 98 96 97 15000 11
Chip#1
109 104 100 108 107 100 107 103 108 100 101 105 0
108 102 122 130 109 120 138 113 109 128 109 102 1
97 99 244 310 98 279 467 114 195 427 138 92 2
98 101 136 161 101 156 233 105 140 254 113 96 3
101 102 100 103 101 100 104 100 100 100 98 95 4
108 109 108 112 107 116 115 110 164 263 114 105 5
102 105 107 113 101 106 113 104 142 222 111 100 6
105 104 103 104 104 103 112 103 104 101 101 98 7
103 101 105 112 101 110 112 105 101 96 98 100 8
108 100 104 104 101 106 112 101 106 100 105 99 9
104 105 100 109 105 105 112 109 108 105 100 105 10
105 104 98 102 102 101 105 104 101 99 105 15000 11
Chip#1
114 110 106 113 109 114 114 109 107 107 108 106 0
108 95 111 132 104 112 139 107 108 128 102 98 1
108 101 281 351 110 314 530 124 235 494 153 101 2
105 99 141 176 103 166 261 105 147 271 114 99 3
105 101 100 108 107 105 109 102 103 103 101 95 4
105 100 104 113 104 106 112 103 173 281 114 95 5
103 99 102 112 98 105 107 101 149 238 107 95 6
108 97 95 104 103 99 106 96 102 100 95 96 7
106 105 111 114 108 109 113 105 104 101 105 100 8
105 94 98 106 100 99 107 96 98 92 98 98 9
105 102 103 104 98 100 106 100 102 97 96 100 10
105 104 100 106 105 104 105 108 108 103 105 15000 11
