Chipdp
84 2 68 4 16 11 4 1 6 2 6 1 7 2 7 4 4 6 5 6 4 7 5 7 4 7 6 8 6 7 7 8 7 4 10 6 11 6 10 7 11 7 4 1 9 2 9 1 10 2 10 4 4 9 5 9 4 10 5 10 4 7 9 8 9 7 10 8 10 4 10 9 11 9 10 10 11 10 4 1 3 2 3 1 4 2 4 4 4 3 5 3 4 4 5 4 4 7 3 8 3 7 4 8 4 4 10 3 11 3 10 4 11 4 4 1 0 2 0 1 1 2 1 4 4 0 5 0 4 1 5 1 4 7 0 8 0 7 1 8 1 4 10 0 11 0 10 1 11 1 4 1 6 2 6 1 7 2 7 4 4 6 5 6 4 7 5 7 4 7 6 8 6 7 7 8 7 4 10 6 11 6 10 7 11 7 4 1 9 2 9 1 10 2 10 4 4 9 5 9 4 10 5 10 4 7 9 8 9 7 10 8 10 4 10 9 11 9 10 10 11 10 4 1 3 2 3 1 4 2 4 4 4 3 5 3 4 4 5 4 4 7 3 8 3 7 4 8 4 4 10 3 11 3 10 4 11 4 4 1 0 2 0 1 1 2 1 4 4 0 5 0 4 1 5 1 4 7 0 8 0 7 1 8 1 4 10 0 11 0 10 1 11 1 4 6 0 7 0 6 1 7 1 4 6 3 7 3 6 4 7 4 4 6 6 7 6 6 7 7 7 4 6 9 7 9 6 10 7 10 4 9 0 10 0 9 1 10 1 4 9 3 10 3 9 4 10 4 4 9 6 10 6 9 7 10 7 4 9 9 10 9 9 10 10 10 4 3 0 4 0 3 1 4 1 4 3 3 4 3 3 4 4 4 4 3 6 4 6 3 7 4 7 4 3 9 4 9 3 10 4 10 4 0 0 1 0 0 1 1 1 4 0 3 1 3 0 4 1 4 4 0 6 1 6 0 7 1 7 4 0 9 1 9 0 10 1 10 4 7 0 8 0 7 1 8 1 4 7 3 8 3 7 4 8 4 4 7 6 8 6 7 7 8 7 4 7 9 8 9 7 10 8 10 4 10 0 11 0 10 1 11 1 4 10 3 11 3 10 4 11 4 4 10 6 11 6 10 7 11 7 4 10 9 11 9 10 10 11 10 4 4 0 5 0 4 1 5 1 4 4 3 5 3 4 4 5 4 4 4 6 5 6 4 7 5 7 4 4 9 5 9 4 10 5 10 4 1 0 2 0 1 1 2 1 4 1 3 2 3 1 4 2 4 4 1 6 2 6 1 7 2 0 0 
Chip#1
100 104 98 98 95 95 103 104 100 99 99 103 0
96 100 93 95 95 91 88 102 100 100 96 102 1
96 104 94 97 95 95 92 104 103 98 100 101 2
91 98 89 89 100 92 89 94 96 94 93 96 3
104 106 100 95 104 103 106 98 105 100 104 103 4
98 105 100 103 104 102 102 104 101 98 104 103 5
96 99 97 98 101 96 102 104 100 98 98 101 6
95 103 94 94 102 93 102 98 99 98 99 98 7
96 100 93 95 102 95 92 99 98 97 98 102 8
96 105 93 101 102 98 108 101 99 98 103 104 9
93 100 91 92 102 92 108 98 98 98 99 98 10
98 104 95 102 104 98 105 107 105 98 100 15000 11
Chip#1
99 105 95 95 104 99 105 104 100 103 100 104 0
92 95 89 90 92 87 105 98 90 92 90 92 1
98 101 94 93 102 96 93 100 98 100 99 99 2
93 101 93 93 102 92 101 99 98 100 102 98 3
96 100 94 94 104 90 101 98 99 95 100 92 4
92 98 90 93 100 95 103 95 96 94 96 94 5
93 98 90 93 97 91 103 104 103 97 96 96 6
95 96 95 99 102 95 106 102 99 100 100 102 7
99 100 99 98 104 95 107 108 102 101 104 101 8
95 99 92 97 102 95 102 103 96 98 99 97 9
92 100 90 92 98 96 102 103 89 93 95 97 10
98 107 100 99 104 102 108 104 101 101 104 15000 11
Chip#1
95 96 85 90 92 91 108 96 91 92 89 90 0
103 105 99 99 92 98 105 104 104 98 100 107 1
100 103 98 97 102 95 102 98 104 101 99 98 2
95 98 93 95 96 91 102 97 97 94 98 98 3
99 101 97 95 102 98 102 104 100 105 100 94 4
99 99 95 95 104 99 101 101 102 103 100 98 5
93 99 92 94 98 91 101 103 99 97 96 94 6
93 99 93 89 93 91 101 98 94 97 98 93 7
106 106 100 100 104 102 105 103 106 105 104 104 8
95 99 94 94 96 90 105 97 95 97 94 98 9
92 99 92 93 100 88 105 98 94 95 93 93 10
105 107 103 99 104 98 109 109 101 104 107 15000 11
Chip#1
99 103 95 99 104 95 109 101 97 97 104 101 0
95 99 93 94 95 98 109 96 100 99 99 94 1
100 104 97 97 102 93 103 103 100 98 103 96 2
100 101 93 98 101 103 103 97 100 101 99 98 3
92 103 95 90 100 95 103 96 99 97 98 94 4
96 106 93 95 104 96 103 104 99 101 99 97 5
96 98 95 94 100 99 103 98 101 99 98 98 6
100 103 90 99 102 98 102 104 102 100 100 94 7
103 107 103 99 102 104 108 108 106 105 107 107 8
98 101 92 93 101 95 108 101 100 94 100 90 9
93 96 87 88 96 89 108 96 92 92 94 91 10
101 101 97 98 101 95 103 105 96 100 100 15000 11
Chip#1
95 101 95 97 104 90 103 103 101 99 94 96 0
96 100 93 92 96 91 102 95 98 97 99 97 1
101 104 98 99 104 94 102 101 102 104 100 98 2
93 101 94 98 102 92 102 102 98 100 105 99 3
100 104 97 97 104 96 102 101 100 101 99 98 4
96 104 99 97 104 98 102 103 104 99 105 103 5
94 96 93 89 96 92 89 96 100 94 93 96 6
98 100 98 95 104 95 117 101 96 98 102 96 7
94 94 90 94 95 88 101 98 95 94 93 94 8
98 98 93 93 101 94 101 101 94 93 98 97 9
94 100 93 97 104 95 102 99 96 100 101 101 10
94 99 94 94 98 92 102 104 97 94 101 15000 11
Chip#1
93 95 92 93 92 95 102 96 94 97 95 98 0
98 105 97 98 104 102 101 98 97 101 98 102 1
103 104 95 100 104 98 106 104 97 101 102 101 2
103 107 99 106 104 106 107 112 102 109 109 105 3
95 98 93 94 104 96 107 103 99 101 98 96 4
100 103 98 97 95 98 106 105 105 101 98 99 5
93 99 93 97 98 98 106 101 95 97 98 98 6
101 105 95 102 102 96 103 108 95 103 99 99 7
99 105 97 100 104 100 107 104 105 101 98 98 8
101 104 100 107 104 103 107 105 102 104 101 102 9
100 103 94 101 95 96 108 107 104 103 100 102 10
96 104 97 102 104 99 105 103 101 98 100 15000 11
