Chipdp
84 2 82 2 16 6 4 10 6 11 6 10 7 11 7 4 7 6 8 6 7 7 8 7 4 4 6 5 6 4 7 5 7 4 1 6 2 6 1 7 2 7 4 10 9 11 9 10 10 11 10 4 7 9 8 9 7 10 8 10 4 4 9 5 9 4 10 5 10 4 1 9 2 9 1 10 2 10 4 10 3 11 3 10 4 11 4 4 7 3 8 3 7 4 8 4 4 4 3 5 3 4 4 5 4 4 1 3 2 3 1 4 2 4 4 10 0 11 0 10 1 11 1 4 7 0 8 0 7 1 8 1 4 4 0 5 0 4 1 5 1 4 1 0 2 0 1 1 2 1 4 10 6 11 6 10 7 11 7 4 7 6 8 6 7 7 8 7 4 4 6 5 6 4 7 5 7 4 1 6 2 6 1 7 2 7 4 10 9 11 9 10 10 11 10 4 7 9 8 9 7 10 8 10 4 4 9 5 9 4 10 5 10 4 1 9 2 9 1 10 2 10 4 10 3 11 3 10 4 11 4 4 7 3 8 3 7 4 8 4 4 4 3 5 3 4 4 5 4 4 1 3 2 3 1 4 2 4 4 10 0 11 0 10 1 11 1 4 7 0 8 0 7 1 8 1 4 4 0 5 0 4 1 5 1 4 1 0 2 0 1 1 2 1 
Chip#1
103 101 107 105 111 105 111 110 100 103 102 98 0
145 131 125 174 188 133 276 274 125 136 131 105 1
146 130 122 169 193 137 284 273 129 145 147 106 2
115 108 117 124 133 115 156 159 109 118 114 108 3
160 140 129 182 183 168 496 479 138 137 147 113 4
151 129 111 172 176 168 512 496 164 134 147 107 5
118 115 111 112 118 115 148 139 106 136 123 100 6
200 181 129 145 139 116 146 137 164 432 387 125 7
190 173 125 146 145 120 157 159 164 452 436 137 8
140 125 121 119 117 111 116 110 110 195 173 109 9
199 190 138 138 143 116 156 159 180 445 356 118 10
187 190 128 133 134 119 153 159 180 432 370 15000 11
Chip#2
112 99 96 95 101 96 101 97 101 98 95 99 0
112 105 108 102 108 105 153 147 101 102 108 107 1
112 101 94 97 108 94 211 210 101 101 100 98 2
112 100 102 102 104 100 112 108 101 101 102 105 3
112 102 102 105 108 99 369 387 101 105 105 102 4
82 106 100 104 110 105 425 418 101 108 110 103 5
112 99 101 98 105 96 103 99 101 111 106 103 6
112 111 108 102 108 102 111 102 98 406 343 103 7
112 103 101 99 108 103 107 98 98 281 243 104 8
112 102 98 98 100 94 102 98 98 146 122 99 9
112 114 107 100 100 103 105 102 105 509 354 108 10
112 104 102 94 95 96 98 92 72 239 191 15000 11
Chip#1
103 106 105 103 107 108 112 114 102 105 104 100 0
144 134 120 170 179 135 273 278 120 132 131 105 1
122 128 115 168 182 131 281 271 120 129 131 102 2
115 113 119 129 130 119 154 159 113 123 115 112 3
149 129 115 174 176 136 493 484 131 128 131 100 4
159 135 126 174 182 148 519 513 140 145 147 112 5
109 113 107 107 111 111 138 132 108 132 131 101 6
196 186 128 141 141 119 146 140 164 435 403 127 7
188 174 128 145 140 119 149 139 164 457 435 135 8
137 122 111 110 111 106 115 109 107 188 180 105 9
205 198 143 144 145 127 161 175 196 461 361 124 10
189 175 128 135 133 121 153 159 180 446 379 15000 11
Chip#2
112 98 97 98 95 93 100 97 105 95 100 99 0
128 103 104 103 105 97 148 162 105 104 105 104 1
112 99 97 99 104 96 211 210 105 100 97 98 2
112 104 107 105 105 103 114 110 105 102 105 105 3
112 110 106 105 109 104 380 398 105 108 109 110 4
112 105 103 107 111 103 434 434 105 104 102 104 5
112 108 108 105 106 106 112 107 105 113 109 110 6
112 113 107 105 106 108 107 106 100 412 349 107 7
112 107 107 103 101 100 110 103 99 288 251 108 8
128 107 107 102 105 102 107 104 100 152 126 109 9
112 121 110 107 109 104 110 109 113 522 369 112 10
112 105 100 94 99 97 97 95 113 245 193 15000 11
Chip#1
132 108 110 113 118 107 119 118 108 110 110 108 0
146 134 124 173 181 133 279 276 127 137 147 109 1
140 131 121 174 188 138 283 276 129 138 147 111 2
106 102 102 111 119 111 147 159 101 104 107 96 3
149 129 119 175 176 135 496 482 134 129 131 101 4
158 136 121 179 182 168 524 511 144 146 147 114 5
138 119 114 115 114 113 147 159 112 132 131 103 6
189 178 122 134 133 114 141 132 136 423 387 114 7
190 176 128 151 144 124 156 159 164 463 442 135 8
143 129 119 117 115 114 122 111 119 194 171 107 9
196 192 135 138 135 122 156 159 196 450 362 118 10
177 192 116 127 124 115 146 159 180 437 377 15000 11
Chip#2
112 100 100 99 101 97 96 95 72 101 98 97 0
112 106 107 107 108 104 155 148 113 109 104 110 1
128 107 112 108 111 106 220 210 113 107 109 104 2
112 107 103 105 101 104 115 109 113 104 105 104 3
112 104 100 104 108 104 377 390 113 106 98 104 4
78 101 98 99 105 102 426 418 72 105 97 97 5
112 107 102 104 105 104 109 103 113 114 105 108 6
112 109 102 102 100 99 105 99 113 411 343 104 7
112 108 102 100 105 100 104 98 113 286 245 105 8
112 102 100 103 100 103 101 98 113 141 121 105 9
112 110 101 98 98 93 98 100 102 521 356 103 10
112 102 97 97 99 94 100 96 102 244 193 15000 11
