Chip#1
109 105 108 111 117 108 125 119 109 104 104 99 0
150 138 126 209 225 143 368 365 132 137 147 107 1
141 135 124 202 227 168 378 365 138 147 163 107 2
132 110 115 125 137 120 175 183 116 114 131 106 3
162 142 126 215 218 184 792 767 164 137 147 108 4
161 142 122 202 213 184 825 797 180 143 147 107 5
135 123 115 118 130 120 172 175 115 145 147 101 6
227 217 129 145 164 115 154 175 180 622 556 132 7
211 195 125 145 143 124 161 159 180 655 617 141 8
145 130 111 117 117 114 120 110 115 227 192 106 9
227 220 135 135 132 120 165 159 228 643 499 118 10
206 189 120 125 127 116 158 159 212 627 529 15000 11
Chip#2
112 102 101 100 98 99 102 102 88 104 106 103 0
128 114 112 115 114 106 189 194 104 114 114 114 1
128 120 113 123 122 110 300 282 104 111 116 108 2
112 110 108 112 110 111 125 120 88 111 105 104 3
112 108 102 109 115 110 757 795 88 109 106 107 4
112 113 104 114 124 115 911 930 104 111 111 108 5
112 115 109 110 113 117 121 116 88 127 122 110 6
128 127 112 113 114 111 118 113 116 861 661 113 7
128 125 116 114 114 111 123 112 102 576 441 115 8
112 117 113 115 106 113 114 115 99 236 167 115 9
128 133 120 112 114 114 118 113 163 1223 788 117 10
112 113 103 102 99 100 100 101 104 503 358 15000 11
