Chip#1
105 104 112 111 108 113 111 107 106 105 99 105 0 224 122 139 23
102 97 109 107 108 109 114 105 103 102 97 103 1 0 0 0 0
99 94 107 105 109 111 109 106 102 100 100 98 2 0 0 0 0
105 99 110 109 111 113 109 104 103 104 102 103 3 0 0 0 0
108 101 108 112 113 113 127 124 107 104 100 103 4 0 0 0 0
104 100 110 107 112 109 127 118 104 107 101 100 5 0 0 0 0
103 105 111 111 112 112 119 106 108 107 104 103 6 0 0 0 0
102 94 106 103 105 107 103 96 97 113 107 99 7 0 0 0 0
102 92 105 101 103 105 104 97 99 113 109 93 8 0 0 0 0
100 93 102 100 102 104 100 97 100 102 95 93 9 0 0 0 0
103 100 106 108 111 107 107 103 107 114 110 103 10 0 0 0 0
100 98 110 110 108 108 107 99 104 117 131 15000 11 0 0 0 0
Chip#2
112 96 102 97 94 96 95 91 99 95 99 98 0 155 123 13 23
112 99 104 99 99 97 102 98 99 99 102 102 1 0 0 0 0
112 105 108 99 100 102 107 106 99 100 104 102 2 0 0 0 0
112 98 106 98 99 98 97 102 99 104 102 102 3 0 0 0 0
112 101 103 102 96 97 124 125 99 100 96 103 4 0 0 0 0
112 106 109 104 104 103 133 132 99 102 105 103 5 0 0 0 0
112 100 103 100 101 100 98 100 99 100 102 100 6 0 0 0 0
128 105 104 102 98 103 98 95 99 126 128 102 7 0 0 0 0
112 106 101 99 98 102 98 98 99 113 114 104 8 0 0 0 0
112 105 103 99 96 99 95 92 99 102 104 98 9 0 0 0 0
112 108 110 104 101 103 103 101 99 142 135 107 10 0 0 0 0
112 105 103 97 96 98 97 97 99 109 112 15000 11 0 0 0 0
Chip#1
99 94 110 107 103 105 106 97 101 102 98 101 0 223 123 90 23
103 99 110 112 112 109 120 116 106 105 100 96 1 0 0 0 0
102 98 107 108 108 111 121 114 104 103 101 94 2 0 0 0 0
98 95 111 107 103 105 103 106 96 102 96 98 3 0 0 0 0
99 97 107 111 107 107 140 159 103 100 96 96 4 0 0 0 0
98 93 103 105 106 106 143 159 97 99 99 99 5 0 0 0 0
99 93 101 106 100 101 104 97 100 98 94 95 6 0 0 0 0
112 104 116 115 112 114 116 109 113 134 131 107 7 0 0 0 0
99 95 105 107 105 105 106 97 107 129 131 102 8 0 0 0 0
96 89 101 101 101 100 101 94 95 102 95 93 9 0 0 0 0
103 97 106 102 100 105 105 97 103 129 116 100 10 0 0 0 0
102 95 108 105 106 107 107 101 107 124 131 15000 11 0 0 0 0
Chip#2
112 100 100 97 95 93 92 91 99 100 104 98 0 154 124 21 23
112 105 103 99 95 100 105 106 99 102 100 103 1 0 0 0 0
112 100 102 95 94 96 111 104 99 99 100 98 2 0 0 0 0
112 104 108 100 99 99 95 101 99 101 102 103 3 0 0 0 0
112 102 103 99 96 94 146 162 99 102 103 100 4 0 0 0 0
128 103 107 103 104 102 161 162 99 105 105 104 5 0 0 0 0
112 106 106 102 101 100 95 98 99 105 105 100 6 0 0 0 0
112 110 108 104 103 103 101 100 99 158 148 104 7 0 0 0 0
112 104 109 102 103 102 102 100 99 134 129 103 8 0 0 0 0
112 102 101 93 91 96 95 91 99 106 102 97 9 0 0 0 0
112 108 109 100 98 100 101 101 99 176 149 104 10 0 0 0 0
84 105 106 102 101 102 97 96 99 128 116 15000 11 0 0 0 0
Chip#1
102 99 105 110 105 109 114 110 107 100 93 101 0 224 123 116 23
111 106 119 146 164 128 221 224 121 118 112 107 1 0 0 0 0
110 106 117 141 164 125 231 219 118 121 114 106 2 0 0 0 0
132 107 115 118 120 114 144 159 112 117 107 108 3 0 0 0 0
132 110 117 149 164 136 414 415 132 118 110 108 4 0 0 0 0
132 108 116 136 138 132 417 469 132 117 131 107 5 0 0 0 0
132 107 115 121 115 115 141 159 112 128 131 106 6 0 0 0 0
157 142 126 122 122 116 126 117 164 337 304 121 7 0 0 0 0
145 123 111 112 113 112 115 110 129 335 315 121 8 0 0 0 0
111 106 112 107 107 109 109 106 108 153 147 106 9 0 0 0 0
151 138 119 119 118 117 120 112 180 333 266 114 10 0 0 0 0
145 123 116 111 112 113 124 111 164 317 275 15000 11 0 0 0 0
Chip#2
112 110 104 102 101 100 98 101 99 105 104 103 0 153 123 65 23
128 103 104 99 108 104 157 178 99 104 102 105 1 0 0 0 0
128 109 113 110 118 110 243 234 100 108 104 108 2 0 0 0 0
112 105 103 100 100 104 111 110 99 106 102 104 3 0 0 0 0
112 104 103 103 106 106 524 566 99 109 103 99 4 0 0 0 0
112 111 110 110 118 114 600 621 99 108 106 108 5 0 0 0 0
112 107 109 105 110 110 106 108 99 120 114 105 6 0 0 0 0
79 111 104 98 104 98 102 102 99 579 471 100 7 0 0 0 0
85 108 102 99 105 99 101 95 99 371 313 104 8 0 0 0 0
112 105 103 98 100 105 103 104 99 175 133 105 9 0 0 0 0
128 124 116 103 103 106 104 107 117 760 514 108 10 0 0 0 0
112 117 109 100 106 102 103 103 88 326 259 15000 11 0 0 0 0
Chip#1
109 108 115 113 121 117 125 124 109 109 106 108 0 223 123 214 23
132 108 116 162 173 131 279 280 126 119 112 102 1 0 0 0 0
132 110 119 163 180 135 292 293 127 128 131 108 2 0 0 0 0
100 100 107 116 116 108 152 159 102 100 99 95 3 0 0 0 0
133 119 122 169 174 168 614 602 180 122 131 108 4 0 0 0 0
125 119 125 162 173 168 635 627 164 126 119 112 5 0 0 0 0
112 110 115 115 121 115 152 159 113 136 131 103 6 0 0 0 0
181 163 126 119 127 117 131 118 164 491 449 122 7 0 0 0 0
171 152 121 125 126 120 131 120 164 520 485 139 8 0 0 0 0
132 112 110 107 111 106 109 99 108 195 167 99 9 0 0 0 0
178 163 120 116 114 113 124 112 196 504 423 114 10 0 0 0 0
166 152 120 117 118 111 127 120 196 497 424 15000 11 0 0 0 0
Chip#2
112 104 106 102 103 110 103 103 72 101 108 105 0 154 123 93 23
112 101 101 102 108 102 188 194 72 101 103 100 1 0 0 0 0
128 112 114 115 127 111 330 296 117 109 111 104 2 0 0 0 0
112 107 107 99 108 105 118 121 88 106 105 108 3 0 0 0 0
112 107 109 109 113 109 735 810 88 109 104 104 4 0 0 0 0
112 115 112 120 130 122 866 913 97 113 112 109 5 0 0 0 0
112 101 104 99 103 108 111 112 97 119 116 103 6 0 0 0 0
128 127 116 116 117 117 119 119 117 875 702 117 7 0 0 0 0
112 119 110 105 108 109 110 103 117 549 444 105 8 0 0 0 0
112 111 112 103 106 109 103 103 88 238 158 108 9 0 0 0 0
112 118 108 103 100 99 102 103 137 1212 798 100 10 0 0 0 0
112 114 104 100 103 104 100 106 88 480 357 15000 11 0 0 0 0
Chip#1
111 112 117 119 122 116 135 129 112 112 109 105 0 221 123 248 23
116 115 117 175 189 139 321 319 127 122 121 107 1 0 0 0 0
109 112 116 167 187 136 321 314 122 118 131 103 2 0 0 0 0
104 104 114 123 127 114 169 175 108 110 107 101 3 0 0 0 0
117 117 117 179 180 168 704 683 164 121 119 106 4 0 0 0 0
139 121 126 172 179 184 732 717 180 131 131 115 5 0 0 0 0
132 120 112 121 116 117 163 175 114 140 131 100 6 0 0 0 0
194 181 126 128 127 122 132 125 164 563 508 130 7 0 0 0 0
178 157 120 119 124 116 128 120 180 585 553 134 8 0 0 0 0
138 125 114 115 115 115 117 111 116 217 186 109 9 0 0 0 0
189 185 130 122 124 121 132 122 212 581 454 120 10 0 0 0 0
169 153 110 111 112 108 117 111 196 555 468 15000 11 0 0 0 0
Chip#2
128 106 108 99 99 102 105 101 88 104 105 109 0 154 124 113 23
112 107 109 108 113 109 194 194 88 112 111 109 1 0 0 0 0
128 111 112 111 118 110 316 302 137 111 109 104 2 0 0 0 0
112 107 110 108 111 111 127 123 88 109 105 110 3 0 0 0 0
112 109 112 109 116 113 765 837 137 114 105 103 4 0 0 0 0
128 118 116 121 128 125 893 953 98 113 111 112 5 0 0 0 0
112 111 110 108 111 115 118 116 98 129 119 109 6 0 0 0 0
112 119 113 107 111 108 107 110 106 897 719 108 7 0 0 0 0
112 119 114 113 113 115 116 109 98 574 463 110 8 0 0 0 0
112 112 110 107 103 108 107 103 98 239 165 108 9 0 0 0 0
128 127 116 110 109 105 114 110 143 1261 831 112 10 0 0 0 0
128 120 112 107 108 104 106 104 143 505 369 15000 11 0 0 0 0
Chip#1
104 105 111 111 116 107 127 123 107 108 102 102 0 223 123 187 23
133 115 122 178 194 137 345 347 132 122 131 108 1 0 0 0 0
112 116 119 178 200 143 352 346 128 127 131 108 2 0 0 0 0
106 104 111 121 127 112 177 182 108 109 106 103 3 0 0 0 0
145 127 128 186 191 184 779 761 164 127 131 112 4 0 0 0 0
133 117 120 173 181 184 794 782 180 129 131 103 5 0 0 0 0
135 115 116 116 124 116 167 175 114 142 131 101 6 0 0 0 0
200 184 121 119 124 116 131 127 180 612 551 131 7 0 0 0 0
178 157 114 115 121 113 131 118 180 630 597 131 8 0 0 0 0
138 123 117 110 118 114 116 115 112 232 192 107 9 0 0 0 0
188 189 124 115 116 112 126 118 212 627 487 113 10 0 0 0 0
180 159 119 111 118 111 128 120 196 610 514 15000 11 0 0 0 0
Chip#2
112 106 110 100 104 102 101 97 88 105 102 107 0 153 123 103 23
112 108 104 104 106 100 194 194 88 107 105 100 1 0 0 0 0
112 108 108 110 119 110 322 308 72 108 104 104 2 0 0 0 0
112 106 108 102 106 109 124 123 88 106 106 108 3 0 0 0 0
128 109 114 110 115 111 784 865 143 113 108 108 4 0 0 0 0
112 107 109 110 118 115 911 974 88 109 103 102 5 0 0 0 0
112 108 113 109 109 111 115 112 88 131 119 108 6 0 0 0 0
128 127 115 112 118 119 116 114 117 932 758 112 7 0 0 0 0
128 117 114 105 110 110 112 106 117 585 480 103 8 0 0 0 0
112 112 110 105 106 113 105 106 117 245 167 112 9 0 0 0 0
112 127 115 105 104 105 110 109 145 1302 853 113 10 0 0 0 0
112 125 119 108 109 111 109 110 97 519 379 15000 11 0 0 0 0
