Chip#1
242 291 318 253 233 274 300 254 350 221 327 276 0
244 295 320 264 235 276 288 240 337 224 327 279 1
243 291 333 263 232 277 302 253 350 237 327 277 2
242 292 320 263 235 274 303 254 338 239 311 279 3
242 293 332 261 231 274 302 268 349 235 327 280 4
239 291 315 253 216 271 300 251 333 217 311 259 5
243 294 334 261 232 275 318 269 367 236 327 277 6
243 296 320 264 235 275 304 271 353 224 327 280 7
241 291 318 260 233 273 301 254 337 238 327 276 8
242 288 320 241 230 272 299 252 351 220 311 275 9
242 291 333 254 233 287 299 253 349 219 327 275 10
248 294 321 264 236 275 288 241 337 239 327 280 11
Chip#2
373 431 332 414 407 452 378 393 382 286 342 397 0
391 433 338 429 428 456 381 395 399 303 345 414 1
377 400 320 401 412 443 380 377 383 275 330 384 2
375 430 320 411 409 437 379 376 381 286 329 396 3
373 428 335 412 409 438 362 377 368 287 325 396 4
371 427 335 412 405 436 361 376 381 285 326 394 5
374 428 332 409 407 435 375 374 380 286 324 394 6
370 430 333 395 408 436 357 372 379 266 324 394 7
376 417 335 400 397 441 362 377 368 274 331 395 8
392 429 320 415 411 453 374 391 382 284 328 394 9
390 430 335 409 407 436 372 370 379 287 323 394 10
374 428 334 414 408 436 374 369 376 280 324 392 11
Chip#3
267 353 350 161 231 196 300 265 207 256 227 232 0
267 367 348 175 230 194 312 263 206 256 228 232 1
267 367 351 160 229 214 314 268 192 250 245 251 2
267 352 351 160 248 213 311 266 194 271 246 248 3
267 355 351 176 246 212 315 270 207 258 246 251 4
267 353 350 177 231 194 314 266 206 248 227 234 5
267 366 345 174 227 193 312 248 206 246 226 231 6
267 352 351 163 229 196 315 267 205 271 246 234 7
267 353 350 177 231 212 316 268 192 271 245 249 8
267 353 351 177 231 209 314 267 194 256 247 250 9
267 364 348 174 224 192 294 265 203 246 225 229 10
267 367 351 191 244 212 315 269 193 257 248 250 11
Chip#4
215 212 128 152 142 223 182 182 207 138 230 213 0
237 233 134 171 128 210 187 182 207 128 233 216 1
215 212 113 152 141 222 183 161 191 121 223 194 2
237 232 133 157 128 208 184 180 207 128 228 213 3
234 234 130 156 143 208 186 182 207 141 228 210 4
215 231 143 152 141 222 183 191 191 121 222 209 5
215 210 127 150 139 221 183 160 191 121 222 193 6
225 236 133 156 132 212 190 185 207 131 230 214 7
220 234 132 172 148 212 188 184 207 128 231 215 8
238 252 153 175 152 234 212 202 223 148 249 237 9
235 235 151 173 149 231 204 198 223 158 245 229 10
234 230 150 171 145 230 204 201 223 145 246 227 11
