Chip#1
104 99 110 103 108 107 102 102 103 107 100 101 0 224 123 110 23
102 94 108 105 106 106 110 105 99 95 96 95 1 0 0 0 0
106 98 111 106 115 109 112 109 107 102 96 102 2 0 0 0 0
111 105 112 112 117 113 115 108 113 103 106 108 3 0 0 0 0
104 100 111 110 108 109 125 122 107 100 102 99 4 0 0 0 0
105 97 110 109 109 112 128 118 104 103 100 99 5 0 0 0 0
100 99 112 107 106 107 106 100 103 103 101 99 6 0 0 0 0
132 104 110 105 111 108 107 99 104 115 110 102 7 0 0 0 0
109 100 110 108 109 106 109 102 104 114 114 102 8 0 0 0 0
92 93 102 105 103 103 101 95 97 100 94 94 9 0 0 0 0
108 102 115 109 109 108 105 102 108 113 111 101 10 0 0 0 0
105 101 110 106 113 109 106 102 103 117 131 15000 11 0 0 0 0
Chip#2
112 99 107 97 100 98 96 93 108 101 102 102 0 153 124 43 23
112 95 102 89 89 96 92 96 72 99 96 97 1 0 0 0 0
128 102 106 100 100 100 105 103 108 101 104 103 2 0 0 0 0
112 101 100 93 95 100 97 91 72 101 100 99 3 0 0 0 0
128 103 107 100 101 102 125 129 108 102 108 107 4 0 0 0 0
112 105 103 100 100 103 129 133 72 104 104 102 5 0 0 0 0
144 108 147 102 104 108 105 102 108 108 108 113 6 0 0 0 0
112 97 102 95 91 99 89 91 108 126 122 96 7 0 0 0 0
112 101 107 98 99 99 101 100 72 121 115 99 8 0 0 0 0
112 102 113 102 101 104 106 102 108 109 111 105 9 0 0 0 0
128 102 108 95 98 99 100 96 108 138 132 105 10 0 0 0 0
112 98 103 97 99 97 96 95 108 113 111 15000 11 0 0 0 0
Chip#1
108 102 111 108 106 109 107 102 108 105 99 102 0 223 124 134 23
112 105 116 121 119 116 124 122 110 109 107 103 1 0 0 0 0
110 107 116 121 119 115 128 125 115 112 110 107 2 0 0 0 0
108 98 112 111 113 112 112 110 108 104 101 100 3 0 0 0 0
132 101 110 116 114 112 148 159 118 105 102 102 4 0 0 0 0
108 101 111 112 116 113 149 159 112 102 105 101 5 0 0 0 0
105 104 110 112 112 112 109 104 106 107 105 101 6 0 0 0 0
132 105 112 107 111 108 109 102 104 133 131 103 7 0 0 0 0
108 104 106 109 109 107 104 101 103 132 131 100 8 0 0 0 0
103 95 106 101 103 105 101 97 99 105 99 94 9 0 0 0 0
100 98 105 103 105 101 104 97 107 126 117 100 10 0 0 0 0
106 105 107 109 109 108 107 99 104 132 131 15000 11 0 0 0 0
Chip#2
112 102 107 98 103 104 105 100 72 106 108 107 0 153 124 76 23
112 102 103 97 101 100 107 107 72 104 109 100 1 0 0 0 0
112 105 102 102 100 98 112 106 108 98 100 102 2 0 0 0 0
128 102 106 95 100 98 96 100 108 101 103 99 3 0 0 0 0
112 102 108 102 98 100 151 162 108 102 103 99 4 0 0 0 0
112 110 110 104 108 105 162 162 72 111 108 109 5 0 0 0 0
112 98 100 94 96 99 93 95 72 100 100 100 6 0 0 0 0
112 107 102 97 96 100 100 95 108 157 150 98 7 0 0 0 0
112 107 104 95 103 103 96 95 72 134 131 105 8 0 0 0 0
128 111 112 107 109 108 103 101 108 114 111 108 9 0 0 0 0
112 102 108 99 99 98 97 97 108 178 155 99 10 0 0 0 0
112 106 106 97 99 98 96 93 108 126 121 15000 11 0 0 0 0
Chip#1
132 107 119 116 120 114 122 119 109 108 105 107 0 223 124 13 23
109 106 116 141 149 120 213 215 119 108 114 105 1 0 0 0 0
132 102 110 134 171 117 206 205 112 109 131 96 2 0 0 0 0
108 102 115 119 121 115 135 132 106 100 104 101 3 0 0 0 0
132 107 114 144 171 128 382 383 129 109 131 102 4 0 0 0 0
132 107 115 136 139 133 384 389 134 115 114 108 5 0 0 0 0
132 108 115 117 118 116 130 159 110 123 131 105 6 0 0 0 0
150 132 115 119 116 112 117 114 127 309 288 113 7 0 0 0 0
143 127 115 116 119 112 115 116 129 311 298 117 8 0 0 0 0
111 112 115 116 115 114 114 108 113 150 131 105 9 0 0 0 0
152 135 123 121 119 114 119 116 164 316 256 117 10 0 0 0 0
143 123 116 115 119 109 116 110 132 296 265 15000 11 0 0 0 0
Chip#2
112 102 107 98 100 104 101 93 72 102 109 107 0 154 124 65 23
128 102 106 98 105 102 161 162 108 104 105 102 1 0 0 0 0
112 102 106 104 105 104 235 228 108 104 102 100 2 0 0 0 0
86 112 110 104 103 104 111 110 72 107 104 108 3 0 0 0 0
112 108 104 103 108 108 511 550 108 111 104 103 4 0 0 0 0
112 107 112 107 114 114 578 608 108 108 109 107 5 0 0 0 0
112 106 113 103 109 108 109 104 108 121 119 113 6 0 0 0 0
128 120 116 108 109 113 114 107 101 559 480 114 7 0 0 0 0
86 110 109 100 100 108 105 98 72 358 308 103 8 0 0 0 0
112 104 104 95 99 102 102 95 101 168 137 104 9 0 0 0 0
112 120 109 100 100 103 102 97 112 737 504 103 10 0 0 0 0
112 109 107 97 103 104 97 97 112 310 256 15000 11 0 0 0 0
Chip#1
110 100 109 119 119 111 125 122 108 103 100 105 0 223 124 193 23
109 104 112 155 167 123 265 263 121 109 107 99 1 0 0 0 0
132 108 119 152 170 133 270 268 126 122 131 105 2 0 0 0 0
112 101 120 124 131 115 158 159 109 108 104 101 3 0 0 0 0
137 114 124 164 171 168 579 573 164 119 131 106 4 0 0 0 0
132 107 114 153 164 168 575 573 164 115 112 101 5 0 0 0 0
112 107 112 112 119 116 142 139 109 128 122 101 6 0 0 0 0
176 155 122 124 127 117 130 122 164 469 434 128 7 0 0 0 0
162 148 120 123 124 117 125 117 164 474 452 130 8 0 0 0 0
121 113 115 115 112 109 112 105 113 185 163 102 9 0 0 0 0
171 158 124 119 120 115 130 116 180 490 387 112 10 0 0 0 0
159 142 119 116 115 113 127 115 180 469 403 15000 11 0 0 0 0
Chip#2
112 105 108 98 100 98 98 96 112 99 100 107 0 153 124 62 23
112 104 114 105 111 106 194 194 112 107 109 105 1 0 0 0 0
112 111 115 109 118 109 312 298 112 108 109 103 2 0 0 0 0
112 98 108 95 101 100 116 110 72 98 100 102 3 0 0 0 0
112 102 103 102 108 105 703 787 112 106 105 95 4 0 0 0 0
128 112 113 112 120 121 842 891 98 112 115 109 5 0 0 0 0
128 107 114 104 106 110 115 103 98 127 120 110 6 0 0 0 0
128 125 118 110 113 108 111 110 108 838 689 107 7 0 0 0 0
128 120 116 112 111 116 116 104 98 534 439 112 8 0 0 0 0
112 109 114 103 104 108 106 103 98 231 163 108 9 0 0 0 0
128 124 116 100 109 105 107 102 140 1196 798 110 10 0 0 0 0
112 118 114 102 104 103 100 97 88 472 357 15000 11 0 0 0 0
Chip#1
132 109 119 121 125 117 127 129 119 115 110 112 0 222 124 63 23
132 109 114 164 177 128 298 303 125 115 131 103 1 0 0 0 0
109 110 117 162 179 132 302 298 125 118 131 103 2 0 0 0 0
105 104 110 121 127 116 163 175 110 104 104 102 3 0 0 0 0
134 120 120 173 180 184 665 687 180 113 131 105 4 0 0 0 0
132 115 116 164 171 168 677 687 180 124 131 107 5 0 0 0 0
135 117 116 121 125 121 157 159 116 140 147 107 6 0 0 0 0
189 180 128 130 130 123 136 124 180 544 496 134 7 0 0 0 0
178 180 126 132 133 127 135 159 180 555 528 139 8 0 0 0 0
134 119 112 111 114 111 117 107 115 208 177 103 9 0 0 0 0
176 165 122 116 115 111 124 114 196 554 440 113 10 0 0 0 0
165 148 122 116 116 112 124 115 196 542 452 15000 11 0 0 0 0
Chip#2
128 108 114 104 108 109 106 101 88 108 110 110 0 154 124 154 23
112 102 104 95 104 98 193 194 88 105 102 97 1 0 0 0 0
128 113 112 109 119 113 330 311 88 108 110 104 2 0 0 0 0
84 106 107 103 100 105 121 118 72 102 98 102 3 0 0 0 0
84 105 107 102 114 108 752 848 72 108 104 98 4 0 0 0 0
112 111 116 113 118 116 877 960 95 113 106 108 5 0 0 0 0
112 111 114 108 110 113 116 107 95 131 123 109 6 0 0 0 0
112 123 112 108 113 110 114 104 108 897 736 105 7 0 0 0 0
112 119 108 100 103 111 109 102 108 557 453 103 8 0 0 0 0
128 106 112 105 106 106 102 102 108 238 171 109 9 0 0 0 0
128 125 119 109 113 109 109 104 140 1277 858 119 10 0 0 0 0
112 115 110 98 104 98 97 101 88 496 368 15000 11 0 0 0 0
Chip#1
104 98 108 112 119 113 125 122 106 99 98 98 0 223 123 162 23
132 109 121 173 193 135 334 330 129 119 114 107 1 0 0 0 0
112 107 115 170 181 136 330 326 128 121 131 101 2 0 0 0 0
132 105 114 123 134 119 177 181 109 113 106 107 3 0 0 0 0
133 115 121 179 186 168 743 732 180 121 114 102 4 0 0 0 0
137 115 120 168 181 168 750 749 180 122 115 102 5 0 0 0 0
137 122 119 121 127 119 164 175 115 145 131 106 6 0 0 0 0
197 186 130 133 138 120 142 125 180 595 549 139 7 0 0 0 0
178 161 124 125 128 120 135 123 180 606 582 139 8 0 0 0 0
139 123 116 121 121 117 120 117 116 219 186 107 9 0 0 0 0
192 182 125 121 122 115 132 120 212 620 485 120 10 0 0 0 0
175 182 121 127 128 119 137 124 212 591 504 15000 11 0 0 0 0
Chip#2
112 101 103 98 101 105 101 97 88 105 102 105 0 153 124 90 23
128 105 108 103 109 104 200 210 140 106 104 105 1 0 0 0 0
128 115 115 113 124 116 348 331 97 114 117 113 2 0 0 0 0
112 106 108 100 109 106 125 119 97 105 105 105 3 0 0 0 0
128 113 110 109 118 113 784 883 97 111 111 108 4 0 0 0 0
112 114 115 110 128 117 913 995 97 112 111 108 5 0 0 0 0
112 105 110 104 108 111 114 110 97 127 123 108 6 0 0 0 0
128 127 122 114 119 114 120 113 110 931 770 114 7 0 0 0 0
128 117 107 95 104 105 107 96 110 576 471 104 8 0 0 0 0
112 108 109 99 101 109 106 100 110 242 167 108 9 0 0 0 0
128 123 113 100 103 103 107 101 139 1311 871 107 10 0 0 0 0
112 118 113 98 104 106 103 96 88 511 380 15000 11 0 0 0 0
