Chip#1
103 104 111 110 115 111 114 114 106 102 98 99 0 224 123 143 23
132 110 117 146 164 121 236 239 119 110 112 102 1 0 0 0 0
132 107 117 147 164 129 242 236 121 117 131 108 2 0 0 0 0
132 105 117 123 128 119 149 159 114 110 107 109 3 0 0 0 0
110 102 114 142 144 128 443 444 132 109 104 99 4 0 0 0 0
132 106 110 139 171 132 447 451 129 112 106 96 5 0 0 0 0
108 109 111 112 117 109 131 127 108 119 116 101 6 0 0 0 0
145 138 111 115 116 108 112 110 123 346 323 113 7 0 0 0 0
147 127 115 118 121 116 115 114 133 360 346 124 8 0 0 0 0
132 109 112 109 112 109 112 105 104 159 147 101 9 0 0 0 0
150 136 112 108 109 112 116 108 164 350 286 106 10 0 0 0 0
149 127 116 116 115 111 116 110 133 339 298 15000 11 0 0 0 0
Chip#2
112 104 109 95 104 98 98 96 101 104 103 104 0 155 124 55 23
112 102 106 93 103 97 136 143 101 102 103 98 1 0 0 0 0
112 102 108 102 109 100 203 194 101 104 104 102 2 0 0 0 0
112 102 110 99 104 104 109 109 101 107 108 104 3 0 0 0 0
112 104 101 103 104 100 406 450 101 106 105 100 4 0 0 0 0
112 105 109 102 110 109 466 490 101 101 102 103 5 0 0 0 0
128 106 110 104 105 110 109 108 101 120 119 109 6 0 0 0 0
128 111 110 100 106 104 105 101 97 462 384 105 7 0 0 0 0
112 108 107 102 101 105 100 101 97 299 260 102 8 0 0 0 0
112 105 108 98 104 104 100 96 97 153 131 102 9 0 0 0 0
112 115 113 100 105 103 103 104 108 592 423 109 10 0 0 0 0
112 106 106 100 100 104 100 98 108 263 216 15000 11 0 0 0 0
