Chip#1
0 167 152 135 151 127 58 147 37 103 28 220 0
0 177 168 140 176 131 74 149 53 106 28 222 1
0 174 152 137 147 123 58 145 37 106 28 214 2
0 179 184 491 243 131 74 237 261 108 28 214 3
0 179 168 275 185 127 58 237 245 111 28 217 4
0 174 152 137 179 124 58 148 37 104 28 213 5
0 178 152 139 174 129 74 152 53 108 28 217 6
0 171 168 235 206 126 74 363 461 105 28 215 7
0 180 168 422 296 131 58 989 517 111 28 222 8
0 171 168 142 176 126 58 171 53 102 28 214 9
0 180 168 143 184 132 74 154 53 114 28 226 10
0 173 152 133 152 123 74 147 37 105 28 15000 11
Chip#2
78 0 0 0 99 116 64 186 14 179 3 0 0
74 0 0 0 99 113 59 182 8 178 0 0 1
80 0 0 0 101 114 63 186 11 183 3 0 2
72 0 0 0 160 114 54 180 41 205 0 0 3
81 0 0 0 166 125 64 187 68 259 7 0 4
67 0 0 0 92 104 52 177 4 115 0 0 5
74 0 0 0 97 109 59 179 10 177 0 0 6
77 0 0 0 120 114 61 183 50 193 2 0 7
77 0 0 0 160 126 59 184 201 283 3 0 8
80 0 0 0 118 115 65 186 29 204 7 0 9
80 0 0 0 101 110 59 178 10 179 5 0 10
84 0 0 0 98 108 62 181 12 183 2 15000 11
