Chip#1
162 244 263 140 297 167 136 255 118 148 139 331 0
162 240 279 148 297 194 136 252 119 148 139 333 1
162 237 263 148 297 167 136 252 125 148 139 329 2
162 243 279 357 329 199 136 317 246 148 139 333 3
162 234 279 212 297 186 136 295 232 164 139 330 4
162 232 263 140 281 155 136 245 123 148 139 321 5
162 231 263 140 229 158 136 243 116 148 139 325 6
162 233 279 212 313 163 136 332 294 148 139 332 7
162 229 263 368 361 159 136 603 342 148 139 326 8
162 238 279 148 297 193 136 266 132 148 139 328 9
162 231 263 140 281 161 136 248 120 148 139 327 10
162 237 263 140 297 161 136 251 125 148 139 15000 11
Chip#2
120 0 0 0 46 0 15 90 19 21 0 0 0
111 0 0 0 46 0 15 87 12 15 0 0 1
108 0 0 0 30 0 0 86 9 17 0 0 2
106 0 0 0 143 0 0 81 12 15 0 0 3
113 0 0 0 145 0 15 86 24 31 0 0 4
108 0 0 0 46 0 15 92 9 16 0 0 5
121 0 0 0 46 0 15 88 16 16 0 0 6
111 0 0 0 46 0 15 85 19 21 0 0 7
114 0 0 0 149 0 15 89 54 53 0 0 8
106 0 0 0 46 0 15 81 12 15 0 0 9
112 0 0 0 46 0 15 83 8 10 0 0 10
116 0 0 0 46 0 31 92 13 19 0 15000 11
Chip#1
162 245 279 148 297 189 136 248 125 148 139 335 0
162 231 263 148 297 184 136 247 119 148 139 329 1
162 238 263 148 231 164 136 249 126 132 139 328 2
162 233 255 351 251 154 136 300 237 132 139 325 3
162 234 255 212 234 158 136 294 180 132 139 332 4
162 236 263 140 231 162 136 244 123 148 139 333 5
162 234 263 140 236 161 136 250 124 132 139 335 6
162 231 263 212 313 157 136 326 297 148 139 329 7
162 234 263 387 361 157 136 610 349 132 139 327 8
162 236 263 148 297 166 136 259 132 148 139 334 9
162 237 263 140 229 159 136 247 121 148 139 331 10
162 235 255 140 231 154 136 247 122 132 139 15000 11
Chip#2
115 0 0 0 46 0 0 84 4 14 0 0 0
112 0 0 0 46 0 15 86 10 12 0 0 1
108 0 0 0 30 0 0 79 1 9 0 0 2
113 0 0 0 46 0 0 86 16 19 0 0 3
111 0 0 0 149 0 15 89 22 28 0 0 4
108 0 0 0 46 0 15 85 11 12 0 0 5
108 0 0 0 46 0 15 85 9 11 0 0 6
117 0 0 0 46 0 15 85 23 17 0 0 7
117 0 0 0 154 0 0 85 56 55 0 0 8
113 0 0 0 46 0 15 90 15 20 0 0 9
107 0 0 0 46 0 15 84 9 14 0 0 10
107 0 0 0 46 0 15 81 7 11 0 15000 11
