Chip#1
102 92 110 103 105 103 105 97 107 100 100 99 0
98 90 106 103 99 99 109 103 100 98 97 100 1
99 93 103 106 108 104 114 104 106 102 102 99 2
132 105 116 112 114 109 112 107 112 110 131 109 3
134 107 121 123 118 114 137 159 116 115 131 115 4
103 97 106 109 109 104 131 124 104 105 102 101 5
104 98 106 103 102 106 104 100 108 102 96 95 6
105 100 111 110 106 107 112 102 109 119 131 100 7
100 97 105 103 108 99 106 99 106 118 131 100 8
102 95 108 108 109 105 104 100 107 110 104 103 9
132 107 119 115 112 111 114 111 115 126 131 111 10
104 101 111 109 106 101 106 101 109 121 131 15000 11
Chip#2
131 114 104 105 109 105 97 98 89 106 109 109 0
131 108 107 103 108 104 100 108 89 108 104 113 1
131 111 104 108 110 102 115 109 89 105 106 110 2
131 113 107 100 106 103 102 97 89 102 103 112 3
131 112 107 102 106 104 127 130 89 106 104 109 4
131 112 106 104 104 105 132 137 89 100 104 105 5
131 113 103 109 109 109 106 103 89 112 109 118 6
131 113 102 107 109 104 105 103 89 137 131 114 7
131 108 102 102 105 105 98 100 89 118 120 105 8
131 109 103 108 106 108 104 97 89 107 104 114 9
131 109 104 102 105 103 102 99 89 147 133 109 10
131 109 101 102 100 100 93 96 89 113 109 15000 11
Chip#1
106 102 110 108 107 108 112 106 108 107 106 107 0
102 97 105 105 106 104 109 104 101 102 96 100 1
100 95 108 108 108 105 114 109 107 103 100 102 2
102 94 107 103 103 101 105 100 102 103 96 96 3
103 94 108 115 106 99 121 119 103 102 95 96 4
100 93 101 100 103 103 121 117 99 99 93 95 5
105 97 110 105 105 105 105 99 101 103 100 100 6
132 107 112 108 111 106 115 102 110 127 131 108 7
103 98 110 108 109 109 104 101 107 119 131 101 8
100 91 106 105 106 97 104 95 100 107 99 99 9
104 98 105 102 100 100 104 94 102 119 131 96 10
104 100 111 107 100 107 105 101 108 123 131 15000 11
Chip#2
131 102 101 98 100 96 95 98 89 105 99 102 0
131 106 103 100 101 100 104 102 89 104 105 103 1
85 107 101 105 104 103 110 112 89 99 99 104 2
112 108 103 102 99 105 100 101 89 102 99 112 3
112 105 101 103 108 102 129 132 89 105 100 107 4
112 106 101 105 101 99 137 133 89 102 102 109 5
112 105 100 99 101 99 98 97 89 104 100 104 6
112 105 102 102 105 102 97 98 89 134 125 108 7
112 103 104 100 100 100 97 97 89 117 116 107 8
112 106 101 102 100 103 97 95 89 107 100 105 9
112 106 101 100 100 98 96 101 89 142 129 107 10
112 104 98 99 101 98 95 97 89 115 111 15000 11
