Chip#1
103 104 107 103 103 107 113 102 109 97 114 105 0 0
103 94 105 104 97 109 109 103 106 89 101 104 1 0
96 89 102 96 95 103 104 100 108 97 98 100 2 0
99 97 99 98 98 106 107 97 102 96 103 102 3 0
99 93 100 97 94 103 106 95 104 92 101 100 4 0
98 96 98 96 95 104 107 96 102 95 101 96 5 0
103 97 105 98 98 104 112 98 106 96 105 102 6 0
106 96 104 96 101 105 107 96 106 89 98 98 7 0
103 102 107 102 103 114 113 103 104 95 106 105 8 0
102 96 107 101 98 107 111 102 108 99 103 107 9 0
102 95 102 99 98 100 111 96 101 92 100 98 10 0
100 96 105 101 101 106 106 98 102 100 102 15000 11 0
Chip#1
103 96 106 99 102 103 111 97 102 92 105 104 0 0
103 95 102 101 102 109 111 100 107 97 105 100 1 0
101 100 110 107 95 111 117 100 111 109 107 101 2 0
102 96 103 97 97 108 116 96 107 101 100 101 3 0
108 100 106 103 104 109 112 101 107 103 108 107 4 0
108 105 122 119 111 118 127 109 117 112 112 115 5 0
102 95 106 96 95 105 112 98 102 99 101 101 6 0
100 95 106 97 98 105 108 94 103 97 98 101 7 0
98 93 110 103 93 104 113 93 103 89 98 100 8 0
103 96 108 101 100 111 119 100 107 99 101 106 9 0
104 100 110 98 105 108 112 97 107 93 103 107 10 0
106 100 107 101 102 104 114 102 108 100 106 15000 11 0
Chip#1
104 94 97 103 96 105 106 96 106 89 100 95 0 0
105 93 104 107 98 104 113 97 107 96 103 104 1 0
101 101 117 119 101 112 130 100 111 121 109 104 2 0
105 94 105 107 98 110 117 98 108 109 106 102 3 0
106 98 107 109 105 110 114 102 111 99 108 104 4 0
104 95 122 119 101 114 124 101 109 112 106 104 5 0
104 96 111 107 104 115 117 100 112 109 105 99 6 0
101 94 102 98 98 101 105 95 103 87 106 96 7 0
99 90 122 115 103 114 121 101 104 97 106 102 8 0
99 93 109 107 101 110 119 96 106 91 103 99 9 0
109 104 110 108 103 111 116 105 111 99 108 112 10 0
104 97 104 95 100 103 106 97 100 89 103 15000 11 0
Chip#1
99 99 106 99 98 104 109 98 106 97 107 104 0 0
109 95 105 98 102 107 112 97 104 97 107 106 1 0
105 105 128 125 102 117 136 103 119 133 114 107 2 0
106 101 111 106 103 112 120 102 112 114 108 104 3 0
110 99 106 103 105 109 115 100 111 97 108 106 4 0
102 98 128 126 100 118 130 96 116 121 106 101 5 0
105 101 111 109 104 114 124 101 118 114 111 102 6 0
106 101 109 103 103 109 112 102 111 104 109 107 7 0
105 100 129 126 102 116 125 98 108 97 108 104 8 0
102 97 118 112 101 115 119 96 107 92 102 99 9 0
109 102 110 104 104 104 114 100 111 103 111 107 10 0
106 100 106 101 101 106 111 98 106 99 107 15000 11 0
Chip#1
104 102 106 99 98 111 111 98 107 97 108 100 0 0
106 99 108 107 102 104 115 104 102 101 103 101 1 0
106 104 132 133 104 121 143 105 119 140 112 101 2 0
103 96 108 110 98 110 119 102 113 118 103 99 3 0
108 101 107 104 103 111 117 107 112 104 108 108 4 0
108 105 143 141 103 128 137 108 118 135 111 104 5 0
104 104 118 119 103 114 125 100 117 125 107 105 6 0
110 102 110 106 103 111 114 102 112 100 114 108 7 0
108 102 137 137 103 128 134 104 112 101 109 111 8 0
111 97 125 123 102 120 127 101 108 101 108 105 9 0
105 99 107 104 102 110 113 101 108 96 107 105 10 0
109 97 105 102 103 107 113 100 106 103 106 15000 11 0
Chip#1
104 99 103 99 96 104 109 96 101 95 101 101 0 0
98 91 103 97 101 103 106 90 98 93 100 95 1 0
98 96 134 138 100 127 146 98 121 148 107 105 2 0
112 104 111 110 105 112 128 107 121 129 109 111 3 0
99 94 104 97 101 106 111 95 104 97 98 100 4 0
105 100 147 145 105 129 149 104 121 141 108 104 5 0
101 102 123 120 107 124 134 104 121 135 111 112 6 0
98 89 100 98 96 98 99 91 103 95 97 98 7 0
110 95 144 140 105 126 136 103 109 97 106 108 8 0
106 102 133 123 105 128 134 102 108 103 108 107 9 0
108 97 107 101 103 106 113 101 104 99 106 107 10 0
109 96 108 99 103 107 115 95 107 101 105 15000 11 0
