Chip#1
99 100 105 106 112 105 116 116 102 107 101 102 0 220 123 131 23
109 109 114 141 141 124 266 256 122 114 131 103 1 0 0 0 0
110 112 112 141 164 127 257 252 122 112 131 103 2 0 0 0 0
108 106 114 112 121 111 149 159 113 109 106 101 3 0 0 0 0
99 101 101 129 134 124 434 431 122 103 100 95 4 0 0 0 0
132 110 116 133 137 133 451 444 136 117 111 105 5 0 0 0 0
103 107 107 108 107 106 131 124 108 118 131 96 6 0 0 0 0
151 138 111 118 119 115 120 111 164 361 333 120 7 0 0 0 0
152 135 112 118 114 109 116 112 139 376 352 121 8 0 0 0 0
112 114 110 111 106 109 111 107 113 166 163 103 9 0 0 0 0
151 135 121 112 112 111 116 108 180 362 297 112 10 0 0 0 0
140 125 107 107 107 106 115 105 164 343 297 15000 11 0 0 0 0
Chip#2
112 104 104 102 101 103 103 98 112 108 99 105 0 156 124 85 23
112 109 108 103 101 106 112 109 112 106 106 103 1 0 0 0 0
112 105 101 99 103 100 116 109 112 102 105 102 2 0 0 0 0
112 101 101 100 104 99 103 98 112 101 97 105 3 0 0 0 0
112 104 103 103 99 97 129 127 112 104 99 105 4 0 0 0 0
112 101 100 103 100 98 132 127 112 96 102 104 5 0 0 0 0
112 101 102 98 96 99 97 96 112 100 102 102 6 0 0 0 0
112 102 102 97 101 94 98 95 112 129 123 103 7 0 0 0 0
112 96 102 92 98 105 97 95 112 115 112 97 8 0 0 0 0
112 107 106 104 106 106 102 102 112 107 108 107 9 0 0 0 0
112 104 104 98 100 100 103 96 112 144 127 103 10 0 0 0 0
112 105 101 97 94 98 101 95 112 113 108 15000 11 0 0 0 0
Chip#1
132 106 110 109 112 112 109 102 110 112 131 106 0 221 123 166 23
100 95 106 106 107 103 121 116 102 104 96 100 1 0 0 0 0
100 99 102 106 108 104 119 112 100 102 101 94 2 0 0 0 0
100 97 106 106 107 104 110 108 103 104 101 100 3 0 0 0 0
99 100 105 105 105 107 140 133 106 107 96 98 4 0 0 0 0
104 98 105 102 103 104 140 129 106 101 95 95 5 0 0 0 0
100 98 100 105 105 106 105 103 100 103 100 98 6 0 0 0 0
104 98 106 103 102 100 105 100 104 133 147 99 7 0 0 0 0
98 94 103 100 101 97 99 97 99 131 147 95 8 0 0 0 0
103 97 108 103 101 103 100 97 100 109 104 95 9 0 0 0 0
102 101 103 102 102 100 103 96 104 133 131 96 10 0 0 0 0
98 98 101 96 99 97 97 94 101 123 131 15000 11 0 0 0 0
Chip#2
112 105 100 104 100 100 101 96 112 102 100 107 0 153 123 64 23
112 110 103 102 108 103 116 112 112 107 106 109 1 0 0 0 0
112 106 100 94 100 97 123 119 112 95 100 100 2 0 0 0 0
80 99 100 98 93 100 95 93 112 98 97 95 3 0 0 0 0
112 102 98 97 96 100 151 162 112 95 102 102 4 0 0 0 0
75 94 91 93 91 94 152 162 72 96 97 95 5 0 0 0 0
112 108 104 105 103 106 105 100 112 107 108 105 6 0 0 0 0
112 110 106 105 106 103 106 106 112 162 158 108 7 0 0 0 0
112 107 107 107 105 106 106 98 112 140 133 107 8 0 0 0 0
112 101 101 99 95 98 97 91 112 107 106 98 9 0 0 0 0
112 102 98 97 99 96 98 92 112 182 151 100 10 0 0 0 0
112 101 97 98 93 96 95 91 112 124 115 15000 11 0 0 0 0
Chip#1
132 112 117 123 134 115 175 180 118 119 131 109 0 221 123 192 23
145 128 130 273 283 191 828 792 196 151 163 115 1 0 0 0 0
143 128 134 264 290 201 820 776 196 157 163 119 2 0 0 0 0
137 122 125 152 168 131 295 293 126 127 131 115 3 0 0 0 0
163 145 143 281 282 253 1743 1688 252 157 147 119 4 0 0 0 0
153 136 135 250 257 252 1769 1719 250 152 179 112 5 0 0 0 0
155 146 130 130 141 131 258 253 133 209 188 115 6 0 0 0 0
305 297 152 163 165 137 173 175 264 1368 1200 189 7 0 0 0 0
259 251 140 149 164 129 168 175 273 1420 1307 205 8 0 0 0 0
163 157 131 123 125 121 131 126 128 406 307 115 9 0 0 0 0
289 288 163 146 144 130 174 175 359 1391 1021 158 10 0 0 0 0
255 240 143 138 137 127 169 175 325 1333 1079 15000 11 0 0 0 0
Chip#2
112 99 96 94 98 98 97 96 112 99 97 102 0 154 124 27 23
112 105 103 107 105 104 197 210 112 106 102 103 1 0 0 0 0
128 111 108 114 120 110 373 337 112 109 115 110 2 0 0 0 0
112 102 98 95 104 106 123 119 112 104 99 102 3 0 0 0 0
112 110 103 109 114 109 574 614 112 111 104 108 4 0 0 0 0
112 107 107 114 119 114 663 706 112 106 108 105 5 0 0 0 0
112 112 106 109 109 114 114 113 112 119 119 114 6 0 0 0 0
112 116 106 102 104 105 109 102 101 647 524 105 7 0 0 0 0
112 107 101 102 101 105 107 98 101 413 339 104 8 0 0 0 0
128 108 101 102 101 106 107 99 101 206 139 107 9 0 0 0 0
112 119 107 109 108 108 112 106 125 854 577 110 10 0 0 0 0
128 113 107 105 106 110 105 102 125 359 281 15000 11 0 0 0 0
Chip#1
132 115 121 128 134 117 172 182 116 118 131 112 0 220 123 172 23
152 137 135 278 290 201 835 803 196 157 163 119 1 0 0 0 0
149 138 139 271 299 207 822 790 212 165 168 119 2 0 0 0 0
134 117 116 147 164 125 286 289 119 127 131 111 3 0 0 0 0
169 147 143 284 282 261 1747 1690 255 157 168 119 4 0 0 0 0
155 142 133 247 259 254 1777 1723 253 159 168 118 5 0 0 0 0
163 148 131 138 145 168 258 261 134 213 193 121 6 0 0 0 0
299 291 153 158 165 139 173 175 264 1378 1204 205 7 0 0 0 0
260 249 145 150 150 135 172 159 278 1429 1313 205 8 0 0 0 0
163 155 125 123 125 122 132 127 134 407 309 118 9 0 0 0 0
290 291 157 141 138 130 169 159 359 1393 1022 148 10 0 0 0 0
253 242 138 134 138 127 165 159 318 1332 1081 15000 11 0 0 0 0
Chip#2
112 104 103 104 100 103 103 99 88 106 109 108 0 155 124 94 23
128 99 97 103 105 103 233 234 88 101 102 102 1 0 0 0 0
112 114 112 116 121 111 466 434 125 109 109 108 2 0 0 0 0
128 112 107 112 113 114 144 135 125 108 104 110 3 0 0 0 0
128 108 107 113 116 113 767 844 97 112 110 109 4 0 0 0 0
112 108 104 114 119 114 912 967 97 106 105 107 5 0 0 0 0
112 105 106 107 111 108 119 112 97 125 121 108 6 0 0 0 0
112 118 109 109 115 111 118 110 114 931 751 108 7 0 0 0 0
128 118 109 108 113 115 116 110 100 596 480 110 8 0 0 0 0
112 109 104 102 109 110 111 106 96 238 168 113 9 0 0 0 0
128 124 108 102 106 105 106 107 144 1311 867 109 10 0 0 0 0
112 114 100 98 100 99 101 97 144 523 388 15000 11 0 0 0 0
Chip#1
133 112 120 127 137 114 180 186 119 119 114 112 0 218 123 216 23
153 135 138 277 294 199 839 812 196 155 163 121 1 0 0 0 0
144 138 131 269 294 207 828 788 196 159 167 119 2 0 0 0 0
119 119 121 144 164 124 291 291 120 122 119 111 3 0 0 0 0
161 142 140 281 279 249 1752 1700 253 156 163 114 4 0 0 0 0
153 138 134 246 257 250 1785 1728 254 158 163 118 5 0 0 0 0
150 143 124 132 134 133 254 250 128 200 183 117 6 0 0 0 0
293 288 150 158 164 135 170 175 260 1373 1204 189 7 0 0 0 0
260 250 135 150 164 130 168 175 275 1423 1314 205 8 0 0 0 0
166 179 125 123 125 121 135 126 133 407 309 114 9 0 0 0 0
283 285 152 139 132 123 169 159 351 1395 1016 148 10 0 0 0 0
253 231 134 129 132 120 164 159 318 1325 1072 15000 11 0 0 0 0
Chip#2
128 104 103 103 103 105 102 102 88 104 104 103 0 154 124 103 23
112 106 103 103 110 103 244 245 88 107 102 100 1 0 0 0 0
112 113 108 113 123 110 481 450 94 109 115 107 2 0 0 0 0
112 106 103 100 106 108 134 133 94 105 100 102 3 0 0 0 0
112 110 106 108 118 110 794 870 94 109 104 104 4 0 0 0 0
128 111 109 111 119 120 943 999 94 107 111 103 5 0 0 0 0
112 103 107 100 104 109 114 112 94 126 116 104 6 0 0 0 0
112 118 107 104 111 102 110 102 110 973 769 105 7 0 0 0 0
128 124 112 113 113 113 116 109 105 625 494 112 8 0 0 0 0
112 107 106 107 104 108 106 102 105 245 167 105 9 0 0 0 0
128 129 113 102 111 108 110 114 152 1354 900 109 10 0 0 0 0
112 118 109 100 109 104 106 102 96 544 396 15000 11 0 0 0 0
Chip#1
113 110 117 124 130 112 173 182 115 115 110 107 0 222 123 129 23
144 132 134 276 289 197 843 805 196 152 163 117 1 0 0 0 0
149 136 135 272 296 208 835 792 196 160 163 124 2 0 0 0 0
134 113 122 147 164 125 291 291 120 128 131 108 3 0 0 0 0
161 142 139 281 277 249 1755 1701 252 150 147 112 4 0 0 0 0
152 132 131 247 257 253 1794 1742 252 153 163 113 5 0 0 0 0
152 139 121 133 131 129 255 247 129 203 186 112 6 0 0 0 0
303 302 161 165 169 168 180 180 267 1388 1219 205 7 0 0 0 0
261 243 139 146 164 131 168 179 275 1433 1319 205 8 0 0 0 0
163 155 124 124 124 122 132 126 134 404 312 115 9 0 0 0 0
290 293 161 142 141 135 177 175 366 1402 1028 153 10 0 0 0 0
262 246 144 139 141 133 170 175 328 1346 1084 15000 11 0 0 0 0
Chip#2
128 109 109 108 105 104 109 103 96 109 105 110 0 153 124 107 23
112 108 106 107 108 105 242 248 95 107 105 102 1 0 0 0 0
112 116 114 116 125 114 483 434 95 113 111 107 2 0 0 0 0
112 112 112 109 110 110 147 138 95 108 111 109 3 0 0 0 0
112 114 110 114 119 116 800 875 102 113 114 109 4 0 0 0 0
128 109 106 111 125 115 945 999 102 107 106 105 5 0 0 0 0
112 114 113 113 113 114 127 114 94 135 131 110 6 0 0 0 0
128 125 110 111 114 109 118 110 114 975 777 110 7 0 0 0 0
128 114 108 108 109 108 114 104 97 624 491 107 8 0 0 0 0
112 108 109 107 108 111 110 103 97 247 174 109 9 0 0 0 0
128 137 121 115 119 108 115 114 159 1371 902 117 10 0 0 0 0
128 121 109 107 108 106 110 104 102 549 403 15000 11 0 0 0 0
