Chip#1
99 97 106 99 98 111 111 98 109 100 109 104 0
108 109 114 114 107 115 122 105 114 105 111 113 1
98 97 122 130 95 134 162 102 123 149 107 101 2
99 105 107 113 98 110 128 100 113 122 111 104 3
108 107 113 108 108 116 116 109 114 105 113 115 4
104 107 113 106 105 114 115 104 127 134 111 111 5
101 101 106 107 96 106 111 103 114 115 106 106 6
103 101 106 102 101 110 111 101 111 100 111 106 7
104 107 110 109 103 114 116 104 114 103 111 110 8
102 105 103 107 102 110 114 103 108 97 111 106 9
101 101 106 102 98 106 113 98 108 99 105 104 10
102 99 103 98 102 105 107 96 106 95 102 15000 11
Chip#1
101 101 99 96 101 105 105 101 108 97 102 102 0
103 102 111 112 103 116 127 103 113 118 102 101 1
101 97 208 229 96 209 328 111 165 295 127 99 2
98 102 121 136 100 138 184 104 132 190 114 98 3
102 105 105 101 104 110 114 104 107 103 108 105 4
102 106 110 113 105 116 115 107 157 222 118 107 5
96 96 104 99 91 103 106 97 131 179 106 93 6
101 104 104 99 101 105 112 101 106 92 100 99 7
96 99 104 104 101 105 114 101 103 97 103 104 8
98 96 103 97 95 100 107 100 104 95 97 99 9
98 100 102 99 97 104 106 98 108 95 101 100 10
99 94 100 96 97 101 104 97 102 96 101 15000 11
Chip#1
99 96 97 95 96 100 106 93 104 99 98 96 0
104 102 119 121 104 114 137 105 112 125 107 101 1
103 102 247 295 104 268 443 117 199 412 153 106 2
105 102 138 153 98 154 225 103 144 254 117 104 3
104 104 105 101 102 110 111 107 107 103 102 102 4
108 109 115 112 104 115 119 107 175 263 123 106 5
105 101 105 102 98 106 113 105 145 222 106 104 6
111 111 111 108 105 112 117 111 113 103 111 113 7
99 100 110 106 100 104 107 100 103 96 101 101 8
109 104 114 110 107 109 116 109 114 104 108 107 9
102 101 106 99 98 100 109 98 103 96 101 99 10
98 102 104 101 100 103 111 102 107 99 105 15000 11
Chip#1
108 109 106 110 100 107 114 107 112 107 107 113 0
106 102 117 121 103 116 141 105 112 128 107 107 1
105 111 245 303 105 273 443 122 202 412 153 107 2
101 100 133 153 100 154 223 103 141 238 113 98 3
104 102 104 106 101 104 107 102 109 104 103 102 4
104 104 109 108 100 107 115 102 169 254 116 98 5
106 106 105 107 107 111 116 103 150 206 116 104 6
104 101 104 98 97 101 105 100 107 99 102 102 7
104 101 109 108 100 105 112 104 107 96 102 104 8
102 102 109 103 102 106 112 105 111 103 103 107 9
99 97 100 99 97 100 105 97 103 92 103 101 10
102 101 104 101 100 104 108 102 108 101 105 15000 11
Chip#1
104 102 99 103 95 101 105 101 104 99 105 105 0
102 99 120 125 100 118 141 108 107 130 102 99 1
110 107 271 331 108 294 498 122 235 462 153 108 2
103 99 140 165 98 163 246 108 150 263 118 101 3
102 104 98 104 97 105 111 97 107 100 101 102 4
103 97 110 109 102 105 117 101 175 277 123 104 5
102 100 105 107 100 104 109 98 148 238 111 98 6
108 109 105 107 102 110 119 108 114 104 112 102 7
95 95 106 106 96 101 104 94 99 96 97 94 8
103 104 109 103 102 108 109 103 103 95 102 104 9
101 96 102 96 101 105 107 101 106 95 105 100 10
103 104 103 100 101 105 104 103 107 104 105 15000 11
