Chip#1
114 107 107 106 101 99 105 105 102 103 103 104 0
110 102 101 104 102 99 104 107 102 98 102 101 1
102 100 101 100 100 99 101 105 98 97 95 93 2
112 105 131 777 228 104 109 354 384 104 106 102 3
97 97 102 420 102 97 101 256 294 96 95 93 4
102 100 107 104 101 103 106 101 102 98 99 99 5
103 101 104 104 102 105 102 103 105 103 103 99 6
104 102 107 287 154 100 102 220 296 101 102 97 7
103 96 113 516 288 98 100 585 421 93 97 94 8
107 97 107 115 99 100 102 120 110 101 99 101 9
108 102 106 102 99 100 102 106 102 98 99 101 10
104 97 94 96 94 89 95 97 90 91 91 15000 11
Chip#2
109 101 102 96 102 97 105 99 97 97 105 103 0
110 100 109 102 102 98 102 99 100 102 104 104 1
110 98 110 107 102 106 107 99 108 100 107 109 2
109 103 109 110 289 128 107 99 169 164 104 104 3
108 100 106 121 270 127 106 100 173 220 106 106 4
104 101 101 96 101 101 106 99 102 97 96 101 5
113 101 108 106 101 105 108 99 107 106 109 105 6
106 100 108 98 129 101 106 100 152 117 102 101 7
114 98 111 110 206 141 110 100 299 247 106 105 8
114 108 110 103 123 108 108 100 134 128 109 105 9
108 101 110 103 72 105 106 99 102 101 102 106 10
110 101 111 104 88 106 103 100 108 109 110 15000 11
