Chip#1
133 139 134 142 132 136 132 137 141 127 137 130 0
159 135 131 158 134 134 141 134 141 130 129 157 1
159 135 135 158 127 135 141 138 143 134 138 129 2
130 135 125 174 136 129 132 134 165 121 126 123 3
159 135 135 206 157 138 132 156 204 145 130 132 4
128 135 126 131 127 128 132 137 141 126 128 121 5
125 135 125 127 124 123 132 130 134 120 123 157 6
131 135 130 136 129 133 132 137 139 124 128 124 7
159 136 133 202 163 134 141 150 190 143 132 129 8
159 135 138 195 158 136 141 147 195 140 130 157 9
159 135 134 142 134 135 132 137 125 134 132 133 10
136 136 133 138 130 139 132 135 125 132 126 15000 11
Chip#2
128 130 121 119 125 130 130 126 129 124 127 126 0
133 134 123 121 129 127 130 129 129 130 131 127 1
130 135 124 128 129 127 127 131 127 130 131 121 2
125 124 120 128 128 127 126 131 133 124 128 123 3
134 137 124 125 132 129 133 130 135 130 128 127 4
130 130 121 121 145 129 127 126 127 127 130 127 5
134 130 120 124 145 130 131 131 129 127 128 122 6
131 137 128 125 133 134 130 134 139 132 131 125 7
134 132 121 124 145 131 131 131 142 131 128 121 8
128 128 117 114 124 122 125 126 125 120 125 123 9
140 142 131 129 145 140 140 135 132 135 140 128 10
134 134 121 117 128 127 127 129 130 131 128 15000 11
Chip#3
124 127 127 118 135 127 129 127 124 125 128 122 0
128 140 128 124 137 130 134 125 127 126 129 127 1
123 127 122 119 127 125 122 114 117 120 121 118 2
118 130 126 119 134 126 127 119 123 125 129 120 3
130 131 131 125 133 130 127 125 123 126 131 126 4
123 130 121 118 128 125 121 117 121 116 121 123 5
131 140 127 128 139 131 135 120 126 127 131 125 6
125 132 129 120 134 132 129 125 125 122 128 126 7
122 127 121 119 128 127 127 122 121 126 125 118 8
128 135 128 123 136 127 130 120 127 126 130 123 9
126 134 128 123 133 130 127 123 123 129 129 123 10
128 135 129 118 132 128 125 119 124 125 128 15000 11
Chip#4
126 127 127 127 120 133 131 132 132 126 128 122 0
133 129 129 129 120 137 131 130 132 127 137 126 1
131 122 131 120 118 137 129 129 130 118 128 128 2
126 120 119 119 116 132 122 117 119 121 125 119 3
128 127 131 129 121 138 133 132 135 124 136 127 4
129 128 129 130 125 142 129 127 132 128 131 129 5
130 127 132 126 120 141 125 131 125 126 129 128 6
130 122 126 123 117 134 124 129 130 124 124 121 7
128 126 129 126 122 134 132 128 129 126 127 126 8
123 123 127 124 116 132 124 131 129 121 121 124 9
133 126 129 127 122 141 127 131 129 127 130 121 10
134 130 132 131 129 137 132 132 135 127 129 15000 11
Chip#1
139 141 131 135 132 140 132 134 144 132 137 132 0
159 136 137 138 137 138 141 134 142 134 137 130 1
131 135 125 127 130 127 132 131 125 121 128 125 2
125 135 126 158 140 129 132 130 161 121 124 119 3
159 135 133 195 150 133 141 149 199 139 129 157 4
118 117 119 126 115 127 116 126 125 120 119 120 5
159 137 152 158 136 141 141 133 141 130 135 130 6
128 135 131 134 134 131 132 135 136 130 132 126 7
133 135 137 195 161 132 132 150 186 135 129 129 8
159 136 137 184 155 135 141 147 188 140 133 157 9
159 136 137 135 134 137 132 137 139 131 138 129 10
159 135 138 142 137 142 141 139 143 137 137 15000 11
Chip#2
125 128 124 121 124 129 129 131 130 126 127 121 0
125 126 117 115 123 123 130 125 125 123 123 121 1
133 135 121 124 131 129 130 135 132 130 131 123 2
125 124 120 121 127 123 122 131 130 123 124 117 3
123 128 117 117 129 123 129 129 126 123 125 117 4
125 128 120 117 124 125 122 126 129 123 128 119 5
134 131 125 123 132 134 131 133 130 127 127 121 6
125 130 119 122 145 125 130 126 127 122 125 121 7
128 127 115 124 127 126 129 125 133 124 125 121 8
137 132 127 125 135 130 133 134 133 134 128 122 9
123 130 117 119 121 123 129 125 126 124 124 119 10
134 132 121 121 145 127 130 130 133 128 130 15000 11
Chip#3
117 126 119 110 121 112 117 114 112 117 120 114 0
125 134 123 121 134 122 130 122 126 124 130 125 1
128 132 124 124 130 127 128 120 126 122 130 123 2
124 127 117 120 129 120 123 118 123 119 125 120 3
128 132 127 123 135 126 125 122 125 122 129 123 4
129 135 122 125 134 128 130 127 125 127 126 126 5
130 140 128 126 139 135 135 124 126 130 133 132 6
126 132 127 123 134 131 129 119 124 125 129 121 7
128 132 123 124 134 127 129 124 127 126 128 125 8
125 131 117 124 135 126 125 122 124 121 124 121 9
121 128 120 121 132 125 122 114 119 119 124 122 10
128 130 120 118 129 121 123 114 119 117 119 15000 11
Chip#4
118 112 112 118 108 117 116 112 120 115 122 110 0
119 115 115 115 119 124 118 117 121 119 120 113 1
127 121 125 124 119 132 124 123 127 124 131 123 2
114 118 112 116 110 121 113 115 114 109 110 110 3
124 118 116 118 117 129 120 118 121 119 122 120 4
121 115 120 117 119 125 120 114 126 117 119 117 5
120 123 118 115 113 124 122 119 123 119 118 116 6
125 124 124 123 119 127 123 124 125 120 125 121 7
125 124 122 126 122 134 124 125 126 127 127 126 8
130 126 127 123 122 132 123 124 122 130 127 123 9
125 123 120 124 117 130 122 127 122 122 124 123 10
130 124 124 122 121 133 125 125 126 128 129 15000 11
Chip#1
128 127 130 130 130 131 116 127 125 126 129 127 0
136 139 135 136 137 136 132 138 125 134 133 132 1
130 135 130 132 130 131 132 134 136 132 129 125 2
134 127 134 158 143 136 132 141 168 135 130 126 3
159 135 152 196 154 134 132 154 203 140 132 157 4
159 136 135 135 136 139 132 138 144 138 133 129 5
159 140 135 136 138 141 141 139 139 134 135 129 6
132 136 133 138 137 137 132 141 141 132 134 125 7
159 137 152 200 165 140 132 158 188 145 133 133 8
136 136 141 187 160 136 132 152 189 143 138 132 9
134 135 137 134 133 132 132 137 142 129 126 126 10
159 139 139 142 138 140 132 138 139 137 135 15000 11
Chip#2
131 127 120 120 127 127 129 131 127 127 125 121 0
125 128 120 123 121 127 130 125 130 123 125 118 1
133 135 125 125 128 131 130 133 135 130 131 125 2
128 127 128 129 128 130 129 129 135 130 127 121 3
127 130 124 124 125 126 131 131 133 122 130 123 4
131 131 127 125 127 129 131 130 132 130 133 126 5
131 130 124 120 129 134 131 133 133 128 127 127 6
135 135 128 124 135 134 136 134 136 131 130 130 7
131 138 127 130 132 129 133 135 139 131 126 125 8
133 135 127 125 129 130 129 132 129 126 128 122 9
131 134 125 124 127 131 131 133 133 124 128 127 10
137 137 124 124 128 134 133 130 135 127 128 15000 11
Chip#3
118 119 122 113 126 122 121 107 116 117 119 118 0
123 126 122 119 126 121 121 119 117 122 122 118 1
125 132 121 123 130 126 125 120 117 116 123 120 2
124 134 122 119 125 126 121 120 125 125 124 121 3
128 134 129 124 134 128 128 124 126 129 126 122 4
122 131 124 123 127 128 127 123 120 124 124 120 5
127 132 129 123 134 130 130 124 124 126 125 123 6
126 136 132 125 135 131 133 125 125 126 128 128 7
118 126 121 116 127 122 121 116 121 119 119 113 8
128 137 130 125 138 131 129 131 124 126 131 126 9
123 127 122 120 130 126 125 118 124 124 123 119 10
131 134 126 125 131 127 129 127 121 130 129 15000 11
Chip#4
122 120 120 122 117 123 122 122 120 119 123 116 0
121 119 126 123 121 131 123 126 129 122 128 120 1
130 126 124 120 120 127 125 123 131 122 126 121 2
121 116 115 118 115 124 122 118 119 115 118 113 3
121 124 122 123 120 128 122 124 125 124 127 117 4
132 128 128 126 126 134 127 130 136 125 132 127 5
125 126 122 122 121 128 122 130 125 121 123 122 6
123 121 124 123 117 124 122 120 123 116 123 116 7
120 122 119 122 117 124 117 124 118 122 124 116 8
119 116 114 120 116 122 118 119 119 117 121 111 9
130 127 125 124 121 130 124 125 125 123 123 117 10
130 128 127 127 125 134 120 125 126 123 128 15000 11
Chip#1
128 136 135 135 134 136 132 131 141 131 132 157 0
131 127 134 134 137 133 132 137 125 134 133 131 1
159 139 135 136 134 138 141 141 143 135 133 132 2
159 141 138 171 143 141 141 143 175 138 135 133 3
159 135 134 193 158 136 141 151 201 144 133 129 4
132 128 133 136 129 129 132 138 142 129 129 126 5
159 137 137 140 137 135 141 139 144 135 135 133 6
134 139 134 138 138 137 132 141 144 137 134 132 7
130 130 134 193 165 136 132 151 187 139 132 126 8
159 139 134 189 159 135 141 149 188 142 137 130 9
137 139 138 140 137 137 141 139 143 135 137 130 10
159 137 139 158 138 140 141 139 141 134 130 15000 11
Chip#2
127 121 117 111 121 120 126 125 119 124 123 118 0
127 126 119 113 125 124 126 123 122 120 125 119 1
135 137 121 124 131 129 134 135 135 131 130 123 2
131 130 124 126 128 126 130 133 133 126 131 125 3
128 128 113 117 125 121 126 130 135 126 124 122 4
132 134 125 120 128 130 126 130 129 126 128 123 5
130 130 123 115 131 126 129 133 127 131 131 122 6
130 131 121 126 145 129 130 133 135 132 128 123 7
133 127 117 125 135 125 129 126 132 123 127 118 8
135 135 125 125 145 134 138 137 135 130 133 131 9
140 145 128 128 145 137 138 139 135 139 135 131 10
141 138 127 126 145 133 136 135 135 130 137 15000 11
Chip#3
131 137 127 126 133 131 130 125 126 127 131 125 0
122 131 122 118 129 127 123 118 117 119 124 118 1
128 136 128 130 138 127 130 124 125 129 128 129 2
129 137 127 130 133 128 130 123 128 127 129 128 3
126 135 123 124 134 124 127 120 123 121 128 120 4
128 135 131 130 135 136 131 128 128 127 134 133 5
128 131 130 130 136 132 135 127 127 125 130 128 6
129 136 130 127 165 131 130 124 128 126 128 128 7
129 131 127 129 137 130 128 123 128 127 125 123 8
134 135 130 136 165 133 134 128 133 128 133 129 9
126 132 127 129 134 132 127 119 124 122 125 126 10
131 135 131 126 134 132 129 124 125 124 131 15000 11
Chip#4
124 118 120 118 113 122 116 118 115 116 125 113 0
122 122 121 119 116 126 123 124 121 117 125 120 1
133 124 127 125 126 133 127 129 130 128 133 124 2
121 119 114 120 117 121 112 121 119 116 118 115 3
127 124 122 122 119 130 125 125 130 122 129 120 4
113 113 111 108 108 114 111 113 113 110 116 106 5
121 123 119 118 118 128 120 125 122 122 125 121 6
128 120 121 119 119 129 120 123 124 116 123 117 7
125 118 121 119 118 125 122 122 123 115 119 120 8
121 115 121 119 117 122 120 120 122 117 127 117 9
131 126 126 122 117 128 125 125 129 122 128 122 10
128 123 127 124 120 127 124 124 130 121 127 15000 11
Chip#1
159 144 142 144 144 141 141 141 148 137 138 134 0
159 135 130 138 140 131 141 131 143 132 135 157 1
132 135 131 138 133 136 132 133 143 129 133 157 2
159 142 138 177 148 141 141 145 176 140 139 137 3
159 144 152 211 165 147 141 162 211 157 140 173 4
134 135 128 139 134 136 132 134 144 133 132 127 5
159 140 143 144 140 145 132 142 149 138 139 137 6
159 140 142 158 139 145 141 145 148 135 138 137 7
159 141 143 205 167 135 141 152 196 147 137 132 8
159 142 152 198 165 143 141 151 196 145 139 133 9
159 145 152 158 144 141 141 143 149 138 139 173 10
159 141 139 146 140 149 141 137 148 137 133 15000 11
Chip#2
134 137 128 127 145 135 137 137 137 131 134 131 0
134 131 121 119 125 126 130 129 130 124 125 126 1
127 134 121 124 127 130 129 130 133 128 128 125 2
130 131 120 126 131 129 133 130 133 131 130 125 3
135 137 127 124 145 130 133 137 135 127 133 130 4
127 131 124 117 128 126 130 128 127 124 127 125 5
137 132 125 124 145 130 134 134 133 132 133 126 6
134 134 123 124 131 126 134 134 136 130 127 130 7
131 134 128 127 145 125 130 133 142 131 130 130 8
132 134 123 124 129 129 131 131 136 127 130 123 9
130 138 123 123 145 131 136 138 133 131 130 130 10
135 135 128 128 136 133 140 138 136 131 130 15000 11
Chip#3
125 130 124 124 132 128 127 125 123 129 128 129 0
128 135 123 125 132 128 128 124 121 129 131 125 1
126 130 122 123 128 126 123 120 119 121 125 122 2
129 137 132 130 133 132 130 127 130 132 131 128 3
125 134 127 124 137 127 125 123 125 126 128 126 4
131 132 130 128 136 130 129 125 123 125 128 129 5
129 137 132 126 135 131 132 124 126 130 130 128 6
129 134 131 121 138 130 133 125 126 126 130 127 7
129 134 127 126 135 133 133 125 126 131 131 128 8
134 140 134 131 142 136 134 130 128 131 134 133 9
129 132 126 123 137 128 132 128 126 127 131 125 10
135 139 130 131 143 137 134 131 132 136 135 15000 11
Chip#4
131 121 125 123 120 134 122 130 126 126 132 124 0
125 122 121 123 119 129 123 126 125 121 125 120 1
121 116 116 118 114 127 118 124 122 116 124 119 2
122 121 118 123 117 132 123 126 129 121 128 121 3
121 118 120 123 119 132 119 124 126 119 128 120 4
126 124 124 123 121 133 122 122 127 121 127 123 5
126 121 119 118 117 128 119 120 129 121 125 115 6
130 122 125 129 122 137 125 130 127 123 134 121 7
132 127 126 125 119 137 126 130 132 126 129 123 8
124 121 119 120 117 129 119 123 126 124 130 119 9
127 127 125 127 120 137 126 132 131 122 130 122 10
127 128 125 125 124 133 124 125 133 123 131 15000 11
Chip#1
159 143 133 139 140 139 141 141 143 135 135 134 0
159 146 142 158 142 143 141 143 148 142 146 139 1
134 135 130 138 132 139 132 142 142 134 138 133 2
159 136 131 172 144 138 141 146 175 133 137 130 3
131 137 135 197 160 133 132 155 204 145 135 130 4
132 130 133 139 137 136 132 139 125 130 133 132 5
159 139 133 140 137 135 141 139 141 135 135 157 6
134 125 133 140 137 133 132 138 144 134 135 131 7
159 135 133 202 163 137 132 155 190 143 138 134 8
159 138 152 187 164 137 141 149 189 143 135 132 9
159 142 134 158 139 139 141 143 142 135 137 134 10
159 143 152 158 142 145 141 145 144 139 142 15000 11
Chip#2
127 130 121 119 145 130 130 129 127 127 129 122 0
127 131 121 116 121 126 126 129 127 122 123 122 1
131 130 124 123 128 127 133 130 127 124 127 123 2
125 130 123 126 132 130 133 134 135 126 130 119 3
134 131 120 123 145 133 130 131 136 127 128 123 4
124 127 119 114 124 126 129 125 125 123 130 121 5
133 132 123 119 129 133 134 134 129 128 135 126 6
138 142 128 131 145 138 138 139 142 136 140 132 7
131 132 124 128 145 130 130 134 139 132 133 125 8
128 131 124 124 128 133 130 131 132 128 131 126 9
124 134 121 119 125 125 133 126 126 124 124 122 10
140 137 128 125 145 134 134 131 133 134 134 15000 11
Chip#3
129 131 125 124 135 131 129 124 125 124 129 127 0
131 132 125 124 130 128 130 125 119 122 133 126 1
130 136 132 125 135 130 132 129 127 130 135 132 2
129 139 129 129 134 131 129 123 131 129 126 129 3
131 134 125 125 140 126 128 124 125 129 129 128 4
131 134 130 130 135 131 133 127 125 129 131 132 5
128 136 131 126 134 133 133 127 126 127 128 127 6
125 138 129 130 142 134 130 129 124 128 134 132 7
130 132 127 125 133 126 129 120 131 125 129 126 8
130 138 129 131 165 133 129 130 126 127 133 130 9
126 135 128 123 135 130 124 125 125 129 129 126 10
131 136 127 119 129 128 128 120 123 126 128 15000 11
Chip#4
125 115 115 122 119 122 119 118 119 120 123 116 0
123 121 121 119 113 119 120 122 119 124 125 116 1
127 116 118 119 116 124 120 123 123 115 128 120 2
127 122 122 129 122 128 126 120 127 123 127 122 3
125 123 121 125 122 129 124 122 131 122 129 120 4
127 122 121 123 124 128 125 125 129 127 132 124 5
124 115 116 119 115 124 116 117 119 116 123 114 6
126 119 122 124 118 129 122 123 120 121 128 115 7
121 120 125 120 121 126 124 124 123 120 128 120 8
113 109 111 115 116 123 114 114 118 115 118 110 9
120 114 121 123 116 129 120 122 122 117 119 114 10
132 127 128 127 127 130 130 129 131 128 136 15000 11
Chip#1
138 146 138 144 139 141 141 145 145 140 138 135 0
159 140 137 144 139 141 132 141 145 139 141 135 1
132 135 126 134 134 132 132 139 125 135 129 126 2
133 139 134 174 145 140 132 141 175 134 134 133 3
136 135 135 199 159 133 132 155 203 144 128 134 4
159 135 131 158 137 135 141 142 147 134 135 133 5
131 135 134 140 134 138 141 138 144 133 133 132 6
134 135 134 142 138 141 132 146 144 133 134 129 7
132 137 138 195 165 135 132 150 192 140 132 129 8
128 135 134 186 155 133 132 145 187 137 132 126 9
159 139 152 186 142 143 141 146 147 137 135 132 10
159 141 137 143 136 137 141 141 143 138 138 15000 11
Chip#2
130 137 124 123 129 130 134 135 132 130 134 130 0
130 132 129 125 145 133 131 138 132 127 140 127 1
133 138 127 128 131 129 134 139 133 131 135 127 2
125 127 121 124 125 126 130 134 136 123 131 122 3
130 135 127 125 132 130 136 138 137 131 137 127 4
135 135 125 129 145 129 130 137 132 130 137 126 5
131 134 132 124 132 133 136 134 132 132 135 130 6
135 135 127 127 145 131 136 137 137 134 134 126 7
140 141 131 141 145 137 138 149 147 138 144 136 8
138 141 131 131 145 134 141 143 142 135 138 128 9
133 141 131 126 129 132 137 138 135 132 140 130 10
140 138 129 131 145 137 141 139 137 132 139 15000 11
Chip#3
130 127 129 125 138 131 130 127 128 129 130 127 0
130 140 134 134 139 132 133 125 130 130 136 129 1
131 130 130 129 134 130 129 123 121 127 128 126 2
132 137 130 129 140 133 132 130 127 130 129 132 3
132 135 128 130 139 128 128 125 127 129 136 128 4
126 136 131 130 133 132 133 125 125 130 133 128 5
130 139 136 135 142 135 139 130 126 135 135 130 6
130 132 128 125 137 130 128 124 126 132 130 125 7
126 131 130 131 136 132 128 125 125 131 133 129 8
135 136 136 131 140 137 132 131 132 131 139 130 9
133 139 130 130 142 135 133 128 127 127 138 127 10
131 134 134 128 139 133 133 123 130 131 129 15000 11
Chip#4
120 119 119 119 119 123 116 120 116 119 125 116 0
127 115 119 120 117 127 124 122 121 123 130 120 1
127 119 124 127 121 128 119 125 125 122 130 123 2
130 123 127 125 125 133 125 125 125 122 134 126 3
127 120 122 117 118 127 122 123 126 121 124 118 4
118 114 119 117 116 123 116 118 119 113 121 115 5
120 111 112 110 110 125 112 117 120 121 121 116 6
126 116 122 120 117 130 120 124 125 122 127 121 7
126 119 126 123 120 125 122 128 120 126 130 117 8
120 109 118 120 119 125 117 121 118 118 127 114 9
134 126 126 132 125 129 129 131 132 132 133 126 10
136 121 129 127 126 132 125 122 129 127 132 15000 11
