Chip#1
132 102 112 108 113 102 106 101 106 103 131 107 0
106 101 110 110 108 105 115 108 104 102 97 105 1
106 99 107 111 111 106 112 108 106 105 105 102 2
106 101 111 115 107 109 109 104 114 108 104 106 3
110 102 115 115 111 109 130 125 110 108 105 103 4
132 101 116 109 113 105 128 126 112 107 131 107 5
132 104 112 111 108 101 112 102 108 108 131 106 6
132 100 105 109 102 98 101 94 106 117 131 101 7
115 104 114 109 109 100 109 96 112 126 131 112 8
104 97 106 108 103 101 103 99 103 104 131 102 9
109 100 109 109 106 105 104 95 107 122 131 101 10
132 99 114 109 109 102 105 101 110 123 131 15000 11
Chip#2
131 104 100 103 108 105 102 101 89 106 105 108 0
131 105 102 105 101 103 106 104 89 107 104 108 1
131 104 101 102 105 104 115 103 89 102 102 104 2
131 115 108 110 108 111 104 107 89 112 110 115 3
131 99 98 103 104 100 123 126 89 102 103 104 4
131 104 95 97 99 98 132 132 89 101 96 102 5
131 108 104 99 105 103 101 101 89 108 105 107 6
131 106 102 102 106 105 101 96 89 135 129 105 7
131 105 98 99 100 105 98 96 89 121 116 102 8
79 100 95 95 98 94 93 92 89 101 96 100 9
112 105 102 103 105 103 102 102 89 145 129 105 10
112 111 103 107 105 103 100 102 89 122 112 15000 11
Chip#1
102 95 102 106 106 104 102 100 99 100 101 96 0
97 95 105 101 103 97 105 101 99 102 97 96 1
103 104 108 109 108 111 115 112 106 105 101 103 2
106 97 107 107 107 106 109 102 99 103 99 102 3
105 105 110 110 111 111 131 123 106 104 101 103 4
98 93 103 105 101 106 120 117 102 99 96 98 5
104 95 112 106 105 104 104 101 102 104 131 101 6
98 95 101 101 101 99 99 86 101 115 131 96 7
102 100 107 110 107 103 105 97 103 122 147 106 8
104 98 111 107 108 101 100 99 102 108 131 102 9
105 98 100 106 106 103 99 99 101 118 131 100 10
109 106 107 109 106 105 105 101 107 123 131 15000 11
Chip#2
112 101 100 97 93 94 92 96 89 102 96 102 0
112 101 101 102 98 102 106 101 89 104 99 107 1
112 102 101 102 99 102 111 109 89 105 100 103 2
112 99 102 98 96 100 98 97 89 101 93 102 3
112 100 101 95 103 98 125 129 89 104 94 104 4
112 100 100 99 98 98 130 130 89 102 98 103 5
128 103 102 99 98 100 100 98 89 104 99 109 6
112 105 104 103 99 103 103 103 89 138 128 104 7
80 101 98 99 96 97 98 97 89 125 114 103 8
112 103 103 100 101 100 97 96 89 111 106 110 9
86 105 98 103 104 110 107 102 89 152 134 109 10
112 99 97 95 95 96 92 92 89 117 105 15000 11
Chip#1
102 98 106 102 108 101 104 100 100 100 100 101 0
103 97 106 103 102 104 111 110 102 102 99 101 1
103 94 103 105 109 105 111 110 102 100 100 106 2
104 98 110 109 106 105 107 104 103 103 131 105 3
98 94 108 109 109 106 125 122 100 104 100 105 4
108 98 108 111 111 108 128 123 106 110 104 108 5
100 99 106 105 105 105 105 100 103 100 97 102 6
104 94 106 106 99 99 101 96 99 119 131 101 7
111 104 111 111 112 109 109 103 108 126 131 109 8
104 98 108 106 106 105 107 101 106 109 104 105 9
103 105 110 106 109 107 106 102 109 124 131 106 10
100 93 107 103 105 100 103 94 100 115 110 15000 11
Chip#2
112 101 98 95 94 94 97 98 89 99 96 100 0
128 109 102 103 101 104 107 104 89 106 104 112 1
112 105 97 98 101 98 107 106 89 100 95 99 2
112 108 104 104 100 105 104 101 89 102 100 108 3
112 98 97 95 95 93 123 125 89 100 95 99 4
112 105 104 99 105 106 139 132 89 104 100 103 5
112 101 98 100 99 99 100 95 89 101 97 107 6
112 103 101 100 95 99 102 95 89 134 123 103 7
112 106 100 100 100 100 102 97 89 122 112 102 8
80 101 100 103 98 104 97 93 89 104 99 95 9
112 105 102 98 98 99 97 96 89 144 127 100 10
128 109 104 102 104 100 104 101 89 118 110 15000 11
