Chip#1
72 133 120 178 170 88 169 192 165 155 59 204 0
76 133 118 180 174 183 169 192 165 160 75 201 1
70 133 116 178 174 88 169 192 165 160 75 201 2
76 149 120 185 175 185 169 296 165 157 75 229 3
76 133 120 178 174 184 169 192 165 157 75 204 4
74 205 115 181 171 184 169 296 181 162 75 199 5
74 205 111 175 170 179 169 296 181 153 75 198 6
70 133 112 180 171 179 169 192 165 155 59 195 7
70 133 113 174 170 177 169 192 165 152 59 201 8
72 205 117 181 172 183 169 296 165 160 75 200 9
80 133 120 181 174 184 169 192 165 159 75 203 10
70 133 116 177 174 181 169 192 165 151 75 15000 11
Chip#2
25 0 0 6 83 0 10 102 72 0 0 0 0
29 0 0 6 84 0 0 99 72 0 0 0 1
0 0 0 6 82 0 10 96 72 0 0 6 2
24 0 0 22 90 0 10 101 72 0 0 6 3
27 0 0 22 87 0 10 102 72 0 0 6 4
0 0 0 6 83 0 10 93 72 0 0 7 5
23 0 0 6 86 0 10 97 72 0 0 7 6
27 0 0 22 91 0 26 102 72 0 0 7 7
27 0 0 6 87 0 10 100 72 0 0 7 8
26 0 0 22 84 0 10 104 72 0 0 7 9
32 0 0 6 93 0 10 107 72 0 0 7 10
25 0 0 6 82 0 10 97 72 0 0 15000 11
Chip#3
57 117 49 33 105 40 235 263 288 166 184 77 0
55 117 53 33 105 40 233 260 290 164 180 80 1
53 117 49 33 121 40 236 261 289 167 185 81 2
62 194 58 33 121 107 246 268 297 178 188 85 3
59 194 57 33 121 40 242 265 293 173 191 87 4
58 186 51 33 121 40 238 261 289 169 184 80 5
51 117 51 33 105 24 235 176 287 167 185 79 6
49 117 46 33 105 24 232 176 278 162 181 75 7
51 117 43 33 105 40 233 255 286 164 174 73 8
57 117 51 33 105 40 235 261 288 170 181 77 9
54 117 55 33 121 40 240 259 290 173 187 79 10
59 190 54 33 121 40 235 263 283 168 180 15000 11
Chip#4
41 69 96 86 0 147 268 96 165 112 0 30 0
37 85 95 84 0 139 268 96 181 103 0 26 1
35 69 96 84 0 147 266 96 165 109 0 30 2
37 69 98 89 0 146 268 96 181 109 0 27 3
33 69 96 86 0 141 264 96 165 106 0 25 4
43 85 100 89 0 145 273 112 181 116 0 37 5
45 85 104 92 0 147 276 112 181 114 0 37 6
35 85 98 88 0 147 266 112 181 113 0 31 7
37 69 99 86 0 147 268 112 181 110 0 30 8
37 85 100 92 0 148 273 112 181 110 0 31 9
41 85 100 89 0 147 270 112 181 105 0 29 10
35 69 94 91 0 142 266 96 181 102 0 15000 11
Chip#1
82 149 126 190 182 185 252 296 181 159 91 229 0
80 205 124 183 178 184 256 296 181 164 91 229 1
76 205 118 190 179 184 254 296 181 161 91 229 2
72 205 120 199 180 180 169 296 197 155 75 229 3
77 205 115 184 180 184 249 296 181 159 75 229 4
80 205 121 184 182 190 259 296 181 160 91 229 5
81 205 123 188 183 188 169 192 165 162 75 229 6
81 149 126 213 193 193 257 296 301 163 91 229 7
72 133 111 193 175 179 169 296 181 152 75 200 8
76 149 125 184 179 186 252 296 181 160 75 229 9
78 149 124 183 179 185 254 296 181 156 75 229 10
77 205 115 183 174 184 169 296 181 157 75 15000 11
Chip#2
22 0 0 6 83 0 10 101 72 0 0 6 0
30 0 0 22 90 0 10 109 72 0 0 6 1
22 0 0 22 85 0 26 104 72 0 0 6 2
34 0 0 22 95 0 10 109 72 0 0 6 3
24 0 0 22 85 0 10 102 72 0 3 6 4
22 0 0 6 81 0 10 99 72 0 0 6 5
22 0 0 22 85 0 26 103 72 0 0 6 6
31 0 0 6 96 0 10 107 72 0 0 6 7
31 0 0 22 92 0 26 104 72 0 0 6 8
25 0 0 6 83 0 10 100 72 0 0 6 9
25 0 0 22 84 0 26 102 72 0 3 6 10
28 0 0 22 88 0 26 105 72 25 3 15000 11
Chip#3
59 186 57 33 121 108 236 265 291 169 187 84 0
62 194 48 33 121 102 239 268 294 174 185 80 1
66 191 57 33 121 56 242 267 296 172 190 83 2
50 183 47 33 121 101 234 254 288 167 184 79 3
62 194 55 33 137 106 235 264 288 172 190 80 4
58 184 54 33 121 106 234 259 290 164 185 83 5
61 193 56 33 121 103 241 268 292 174 186 83 6
59 190 56 33 121 107 243 271 294 178 193 88 7
58 186 54 33 121 40 239 265 292 171 185 81 8
55 117 50 33 105 40 234 263 285 171 187 81 9
59 190 50 33 137 103 236 268 290 174 188 83 10
57 187 53 33 121 104 241 266 293 172 188 15000 11
Chip#4
38 85 99 86 0 145 270 112 181 111 0 33 0
38 85 99 85 0 143 272 112 181 107 0 33 1
33 69 96 86 0 144 266 112 181 107 0 31 2
42 85 105 91 0 150 274 112 252 114 0 34 3
37 85 101 92 0 145 273 128 251 114 11 38 4
42 85 100 91 0 150 273 112 181 112 0 35 5
41 85 102 91 0 149 274 112 181 112 0 35 6
38 85 99 89 0 144 273 112 246 107 0 33 7
42 85 101 94 0 149 275 112 181 114 0 37 8
41 85 102 92 0 152 276 112 181 118 0 38 9
38 85 96 86 0 143 270 112 181 108 0 30 10
39 85 99 88 0 148 276 112 181 113 0 15000 11
Chip#1
81 205 126 181 183 188 252 296 197 163 91 229 0
80 205 119 175 178 186 253 296 181 162 91 229 1
81 149 120 194 183 189 253 296 197 164 91 229 2
78 205 120 220 192 189 252 296 213 162 75 229 3
81 205 120 187 179 189 254 296 181 162 91 229 4
76 205 119 181 174 181 252 296 181 157 75 229 5
80 205 124 185 172 186 250 296 181 160 91 229 6
72 205 113 240 205 181 169 296 301 153 75 229 7
76 205 123 213 191 184 169 296 197 160 75 229 8
69 205 116 174 170 184 169 296 181 153 75 229 9
80 149 124 180 178 185 254 296 181 164 91 229 10
82 205 125 183 178 186 253 296 181 165 91 15000 11
Chip#2
28 0 0 22 88 0 26 104 72 0 0 6 0
27 0 0 22 89 0 26 106 72 0 3 6 1
25 0 0 6 88 0 10 102 72 0 0 6 2
26 0 0 22 90 0 26 104 72 0 3 6 3
28 0 0 22 88 0 26 105 72 0 3 6 4
22 0 0 22 89 0 26 105 72 0 3 6 5
30 0 0 22 89 0 26 108 72 0 3 6 6
24 0 0 22 91 0 26 103 72 0 0 5 7
24 0 0 22 92 0 26 108 72 28 3 5 8
23 0 0 6 84 0 10 103 72 0 0 5 9
25 0 0 22 85 0 26 103 72 0 3 5 10
28 0 0 22 89 0 10 102 72 0 0 15000 11
Chip#3
59 194 57 33 121 40 238 265 286 171 186 83 0
59 187 51 33 121 102 236 263 290 167 189 81 1
61 187 53 33 137 103 239 265 288 174 187 84 2
59 190 53 33 121 40 238 267 290 174 189 83 3
61 188 53 33 121 103 241 270 290 175 191 80 4
59 117 50 33 105 40 236 260 290 164 181 79 5
61 190 56 33 121 106 242 269 289 176 192 88 6
62 186 53 33 121 103 239 268 292 172 182 83 7
65 195 55 33 121 40 240 271 294 179 193 85 8
63 191 59 33 121 108 239 267 294 174 192 87 9
57 188 54 33 121 40 238 263 286 170 182 79 10
62 117 55 33 105 40 238 265 292 171 186 15000 11
Chip#4
46 85 103 97 0 152 283 128 255 115 11 39 0
39 85 95 86 0 142 274 112 181 112 11 31 1
43 85 99 86 0 146 274 112 181 114 0 35 2
43 85 101 91 0 147 279 112 248 114 0 38 3
0 0 0 33 0 0 62 48 53 0 0 0 0
0 0 0 33 0 0 62 48 53 0 0 0 0
0 0 0 33 0 0 62 48 53 0 0 0 0
0 0 0 33 0 0 62 48 53 0 0 0 0
0 0 0 33 0 0 62 48 53 0 0 0 0
0 0 0 33 0 0 62 48 53 0 0 0 0
0 0 0 33 0 0 62 48 53 0 0 0 0
0 0 0 33 0 0 62 48 53 0 0 15000 0
