Chipdp
84 2 82 2 16 6 4 10 6 11 6 10 7 11 7 4 7 6 8 6 7 7 8 7 4 4 6 5 6 4 7 5 7 4 1 6 2 6 1 7 2 7 4 10 9 11 9 10 10 11 10 4 7 9 8 9 7 10 8 10 4 4 9 5 9 4 10 5 10 4 1 9 2 9 1 10 2 10 4 10 3 11 3 10 4 11 4 4 7 3 8 3 7 4 8 4 4 4 3 5 3 4 4 5 4 4 1 3 2 3 1 4 2 4 4 10 0 11 0 10 1 11 1 4 7 0 8 0 7 1 8 1 4 4 0 5 0 4 1 5 1 4 1 0 2 0 1 1 2 1 4 10 6 11 6 10 7 11 7 4 7 6 8 6 7 7 8 7 4 4 6 5 6 4 7 5 7 4 1 6 2 6 1 7 2 7 4 10 9 11 9 10 10 11 10 4 7 9 8 9 7 10 8 10 4 4 9 5 9 4 10 5 10 4 1 9 2 9 1 10 2 10 4 10 3 11 3 10 4 11 4 4 7 3 8 3 7 4 8 4 4 4 3 5 3 4 4 5 4 4 1 3 2 3 1 4 2 4 4 10 0 11 0 10 1 11 1 4 7 0 8 0 7 1 8 1 4 4 0 5 0 4 1 5 1 4 1 0 2 0 1 1 2 1 
Chip#1
109 112 114 111 114 111 121 116 103 105 105 101 0
162 179 131 171 179 129 278 282 121 133 147 106 1
149 148 122 163 173 125 270 271 121 127 147 102 2
134 117 114 118 122 113 131 135 108 112 112 105 3
186 178 121 133 134 119 277 278 120 123 131 95 4
169 161 115 125 133 120 278 283 123 124 131 103 5
119 119 111 115 114 113 138 126 109 112 114 103 6
186 179 124 133 131 125 298 282 123 132 147 99 7
163 151 112 125 122 120 286 271 114 126 131 96 8
133 123 112 111 112 109 146 125 106 114 131 102 9
189 184 130 136 125 138 337 293 121 150 147 105 10
164 154 117 123 118 132 315 281 118 140 147 15000 11
Chip#2
112 112 109 103 101 104 105 104 97 112 104 110 0
112 107 107 100 106 103 194 210 97 108 106 107 1
112 118 109 110 114 108 330 325 97 111 105 105 2
112 111 106 100 103 105 120 120 97 106 100 107 3
128 120 114 110 111 108 233 251 97 114 112 109 4
128 121 107 105 106 111 249 267 97 108 102 105 5
112 105 101 95 98 98 101 102 97 99 96 98 6
112 115 108 99 103 102 215 231 97 106 102 99 7
112 113 107 100 105 103 180 194 97 108 103 105 8
112 107 109 97 99 106 119 126 97 105 99 99 9
112 120 107 102 99 97 381 418 97 111 103 100 10
112 123 113 107 104 102 205 234 97 113 108 15000 11
