45.3125
45.9375
48.4375
50
51.875
53.1875
54.75
55.9375
57
58.125
59.125
60.1875
61.1875
62.1875
63.125
64.0625
65
65.875
66.75
67.375
68.25
69.125
69.9375
70.8125
71.625
72.4375
73.25
73.75
74.5625
75.3125
76.0625
76.8125
77.5625
78.3125
79
79.5
80.4375
80.875
82
82.6875
83.5625
84.25
85.3125
85.9375
86.75
87.375
88.1875
88.5625
89.5625
90.125
90.875
91.25
91.8125
92.75
93.25
94
94.5
95.1875
95.75
96.5625
97.0625
97.75
98.1875
98.875
99.3125
99.9375
100.4375
101.1875
101.4375
102.1875
102.625
103.25
103.6875
104.25
104.625
105.125
105.4375
105.875
106.1875
106.625
107
107.4375
107.875
107.9375
107.125
107.0625
107.5
108.0625
107.4375
106.8125
107.1875
107.875
107.9375
106.9375
106.6875
107.5625
108
107.5
106.5
106.6875
107.4375
107.875
107.1875
106.6875
107.3125
107.875
107.625
106.625
106.625
107.375
107.875
106.9375
106.5
106.9375
107.5
107.4375
106.75
106.375
106.8125
107.625
107.1875
106.25
106.5
107
107.25
106.625
106.4375
107
107.4375
106.8125
106.4375
107
107.3125
106.6875
106.25
106.8125
107.1875
106.625
106.125
106.6875
107.125
106.625
106.1875
106.1875
106.8125
107.25
106.8125
106.125
105.9375
106.5
107.0625
106.75
106.0625
105.875
106.4375
107
106.625
105.9375
105.8125
106.375
107
106.6875
106
105.9375
106.75
106.9375
106.375
105.6875
105.8125
106.4375
106.625
106
105.9375
106.6875
106.5625
105.75
105.625
106.5
106.75
106
105.6875
106.5625
106.6875
105.6875
105.4375
106.25
106.8125
106.3125
105.625
105.3125
105.9375
106.8125
106.25
