Chip#1
119 108 114 104 111 108 120 112 107 111 117 108 0
104 98 112 97 105 103 108 103 99 101 106 96 1
106 108 107 98 107 104 108 103 101 106 103 95 2
115 108 140 928 259 115 117 405 421 111 113 108 3
108 101 113 497 116 106 115 288 324 106 113 103 4
107 101 116 99 106 103 112 108 105 106 111 99 5
99 97 104 97 107 101 111 101 99 100 107 96 6
110 101 112 180 129 103 110 220 299 108 109 98 7
120 108 128 292 196 117 131 581 446 119 122 117 8
110 108 113 108 108 105 113 123 118 108 110 102 9
115 106 117 104 112 109 116 112 111 112 114 103 10
117 108 114 107 111 105 111 112 110 112 115 15000 11
Chip#2
113 102 114 108 88 112 107 100 117 112 106 99 0
102 96 106 106 100 109 103 100 109 104 97 96 1
106 96 110 106 100 106 106 100 109 104 104 100 2
99 94 102 103 167 109 106 100 131 131 94 91 3
105 101 109 111 159 114 106 99 146 151 105 99 4
108 97 111 107 104 111 111 100 113 107 106 101 5
97 95 104 102 98 98 103 100 105 103 94 95 6
103 100 113 108 98 106 106 100 124 113 101 101 7
98 92 104 104 113 103 102 100 159 140 96 99 8
109 105 115 111 104 111 110 100 119 112 104 102 9
103 100 109 102 102 102 105 100 108 106 101 97 10
111 108 115 111 102 113 112 100 119 114 109 15000 11
Chip#3
105 96 103 102 104 120 102 109 98 95 102 103 0
99 94 98 89 100 105 95 99 90 96 94 97 1
105 96 101 101 100 120 99 109 97 99 99 106 2
109 99 105 106 107 109 106 107 106 101 104 105 3
107 96 107 104 109 112 99 108 103 103 102 106 4
105 99 106 100 109 112 105 108 98 99 104 106 5
98 87 98 92 92 105 92 97 89 95 93 97 6
105 94 102 101 105 109 104 110 102 101 102 106 7
110 103 110 117 125 120 108 115 114 109 109 112 8
105 94 98 98 102 110 101 106 97 103 102 107 9
106 94 105 94 99 120 97 103 95 99 104 103 10
107 98 102 101 102 108 101 107 97 100 97 15000 11
Chip#4
112 108 113 109 120 112 115 112 118 110 116 107 0
100 101 106 101 110 108 112 108 110 106 109 99 1
100 101 108 102 103 104 121 102 110 107 104 101 2
98 99 105 95 103 104 103 103 111 102 106 93 3
108 108 112 109 116 114 115 108 118 110 116 108 4
108 101 110 108 113 112 107 112 116 107 112 101 5
99 96 99 95 107 100 103 98 109 98 101 95 6
103 105 105 104 108 110 110 109 116 109 112 101 7
108 104 105 102 122 111 109 106 115 109 110 103 8
113 109 115 113 125 116 119 116 118 111 116 111 9
103 100 102 102 111 105 106 103 108 106 109 99 10
100 101 101 102 110 101 102 105 109 102 106 15000 11
Chip#1
117 108 113 106 103 105 112 113 109 106 110 112 0
106 94 103 97 102 97 105 106 101 98 99 98 1
104 90 104 99 101 97 101 106 106 102 97 95 2
110 101 134 920 253 103 107 396 405 106 106 101 3
110 102 113 507 114 105 110 292 329 109 109 106 4
106 108 104 99 106 100 106 111 105 101 98 97 5
102 97 104 98 95 100 103 102 106 96 101 95 6
103 94 101 177 123 100 107 222 291 102 103 98 7
111 108 116 280 183 103 115 573 446 107 106 104 8
108 108 112 109 109 106 107 126 123 104 107 102 9
111 108 113 103 108 101 112 115 110 108 107 108 10
114 108 112 101 109 101 108 113 107 106 109 15000 11
Chip#2
105 100 104 106 102 103 105 100 105 103 96 104 0
105 105 107 104 102 106 103 99 105 109 95 104 1
106 106 113 108 102 111 110 100 109 108 102 104 2
102 100 102 103 173 111 102 100 133 134 97 104 3
98 100 103 104 160 103 97 100 138 147 96 97 4
99 101 106 104 101 106 108 100 103 103 95 99 5
105 102 103 102 102 103 104 100 113 106 96 101 6
100 91 95 97 102 96 98 99 109 101 92 91 7
106 102 107 103 113 112 107 100 167 142 102 105 8
109 95 107 104 104 106 105 100 113 109 100 102 9
102 102 104 103 99 102 99 100 104 104 96 100 10
103 100 103 104 100 97 103 99 109 100 97 15000 11
Chip#1
114 106 111 101 107 103 110 107 110 107 111 109 0
106 97 109 98 105 99 103 110 111 101 103 104 1
107 97 108 107 107 100 106 112 106 106 109 101 2
111 108 140 925 257 103 110 405 421 109 113 112 3
103 99 113 500 108 103 105 282 321 106 106 103 4
110 108 114 106 106 103 110 112 113 103 107 102 5
108 103 112 103 100 103 108 108 106 104 109 104 6
104 98 108 176 125 97 105 222 298 104 103 102 7
107 101 111 272 181 103 102 567 437 108 106 98 8
103 99 107 102 101 99 102 120 117 100 101 97 9
108 103 106 106 103 99 109 111 106 103 103 103 10
115 102 113 101 101 105 109 111 102 102 107 15000 11
Chip#2
105 100 102 102 100 104 102 100 104 106 100 99 0
99 97 101 107 102 103 98 99 107 103 99 96 1
108 107 113 104 102 107 106 100 108 108 101 107 2
97 100 103 101 168 112 101 99 131 132 96 94 3
104 105 107 111 159 116 106 100 144 173 106 103 4
102 101 106 102 88 109 105 99 104 103 100 100 5
105 108 108 106 88 106 110 99 113 108 104 103 6
105 98 108 107 88 108 110 99 122 112 105 104 7
105 100 111 108 113 112 110 100 166 147 105 103 8
111 106 106 101 88 103 107 100 110 109 106 104 9
100 99 101 101 95 100 104 99 102 103 97 100 10
108 106 114 103 95 106 111 100 113 112 100 15000 11
Chip#1
115 108 109 103 107 100 106 110 107 104 110 107 0
119 108 114 108 111 104 112 116 115 108 110 108 1
111 108 113 108 105 104 111 115 106 111 107 99 2
112 108 134 918 252 105 102 396 414 107 106 103 3
114 108 118 504 111 98 107 289 322 108 111 104 4
106 96 109 99 102 100 102 108 102 101 101 94 5
108 108 113 104 108 103 108 115 101 104 106 101 6
101 96 111 171 124 101 105 220 294 101 99 98 7
97 97 112 274 181 98 102 564 421 104 99 101 8
107 108 118 108 109 104 112 123 123 112 109 106 9
106 99 104 98 105 98 102 107 103 101 98 103 10
120 105 113 102 106 108 111 116 109 109 114 15000 11
Chip#2
108 106 110 103 95 114 105 99 107 108 107 105 0
100 97 103 98 95 101 102 100 104 99 97 99 1
111 110 107 104 102 109 110 100 110 106 105 105 2
106 101 104 107 171 118 106 99 136 131 100 100 3
103 103 111 111 161 112 107 100 143 153 101 103 4
112 110 113 109 104 109 103 100 110 109 106 107 5
99 101 103 104 100 100 99 100 103 103 95 101 6
114 106 113 108 100 112 105 100 126 118 106 104 7
115 107 115 109 113 119 111 102 171 151 110 109 8
104 111 110 106 88 106 111 99 115 113 102 105 9
99 96 106 102 97 102 98 97 103 99 97 91 10
104 102 103 99 97 107 103 100 104 102 97 15000 11
