Chip#1
162 228 263 140 281 151 136 241 116 132 139 323 0
162 230 263 140 281 153 136 244 118 132 139 329 1
162 237 263 148 232 162 136 253 123 148 139 333 2
162 239 279 484 345 193 136 354 282 148 139 337 3
162 234 263 371 297 154 136 308 237 148 139 330 4
162 232 263 140 281 153 136 242 118 148 139 329 5
162 233 263 140 281 154 136 244 123 132 139 327 6
162 234 255 164 297 162 136 274 148 148 139 330 7
162 232 263 228 329 154 136 328 223 148 139 328 8
162 234 255 140 281 159 136 250 123 132 139 332 9
162 232 263 140 229 157 136 250 126 148 139 330 10
162 239 255 140 230 156 136 248 123 148 139 15000 11
Chip#2
115 0 0 0 30 0 0 87 6 7 0 0 0
115 0 0 0 46 0 0 91 5 12 0 0 1
118 0 0 0 46 0 15 86 8 12 0 0 2
112 0 0 0 168 0 0 90 16 21 0 0 3
116 0 0 0 165 0 15 87 17 33 0 0 4
111 0 0 0 46 0 15 89 2 10 0 0 5
117 0 0 0 30 0 0 87 8 10 0 0 6
112 0 0 0 46 0 15 84 9 12 0 0 7
117 0 0 0 46 0 15 84 20 26 0 0 8
115 0 0 0 46 0 15 87 11 12 0 0 9
116 0 0 0 46 0 0 83 6 10 0 0 10
117 0 0 0 46 0 15 89 8 12 0 15000 11
Chip#1
162 239 279 148 297 164 136 249 123 148 139 338 0
162 233 255 140 229 156 136 245 125 132 139 334 1
162 237 263 148 297 162 136 251 125 164 139 335 2
162 236 279 652 377 162 136 397 328 148 139 332 3
162 228 263 396 230 153 136 332 272 132 139 327 4
162 234 263 140 230 161 136 248 122 148 139 330 5
162 229 263 140 297 158 136 243 122 148 139 332 6
162 241 263 196 247 161 136 283 212 148 139 335 7
162 235 255 228 329 157 136 356 231 132 139 333 8
162 234 279 148 231 157 136 253 126 148 139 331 9
162 236 263 140 229 159 136 250 125 148 139 333 10
162 235 263 140 232 162 136 252 120 132 139 15000 11
Chip#2
107 0 0 0 30 0 0 80 0 11 0 0 0
111 0 0 0 46 0 0 89 1 11 0 0 1
106 0 0 0 46 0 15 83 1 7 0 0 2
113 0 0 0 182 0 0 87 17 29 0 0 3
111 0 0 0 179 0 15 89 22 42 0 0 4
112 0 0 0 46 0 0 84 5 15 0 0 5
111 0 0 0 46 0 15 85 4 7 0 0 6
108 0 0 0 46 0 0 84 4 7 0 0 7
118 0 0 0 143 0 15 87 26 27 0 0 8
117 0 0 0 46 0 0 87 7 15 0 0 9
108 0 0 0 46 0 15 83 0 6 0 0 10
113 0 0 0 30 0 0 84 5 11 0 15000 11
Chip#1
162 234 255 140 232 161 136 245 123 148 139 338 0
162 234 263 140 297 159 136 249 121 148 139 335 1
162 240 263 148 297 159 136 249 125 148 139 337 2
162 234 263 652 377 158 136 400 327 148 139 330 3
162 243 263 396 297 164 136 350 282 148 139 334 4
162 231 255 140 281 155 136 245 122 132 139 331 5
162 227 255 140 281 151 136 239 115 132 139 327 6
162 231 263 180 297 153 136 281 211 148 139 330 7
162 239 263 244 277 162 136 368 240 132 139 337 8
162 234 263 140 281 155 136 245 120 148 139 323 9
162 232 263 140 281 156 136 244 121 132 139 326 10
162 230 263 140 281 150 136 243 117 132 139 15000 11
Chip#2
112 0 0 0 30 0 0 91 8 12 0 0 0
116 0 0 0 30 0 0 85 0 7 0 0 1
114 0 0 0 46 0 15 85 4 9 0 0 2
112 0 0 0 182 0 0 86 19 28 0 0 3
113 0 0 0 78 0 0 85 16 38 0 0 4
108 0 0 0 46 0 0 83 0 6 0 0 5
108 0 0 0 46 0 0 81 0 7 0 0 6
115 0 0 0 46 0 0 90 12 19 0 0 7
116 0 0 0 140 0 15 91 21 26 0 0 8
111 0 0 0 46 0 15 83 6 14 0 0 9
117 0 0 0 46 0 15 90 7 16 0 0 10
116 0 0 0 46 0 0 84 2 17 0 15000 11
Chip#1
162 239 263 148 297 159 136 250 126 148 139 332 0
162 239 263 148 231 162 136 249 126 148 139 333 1
162 238 263 140 230 157 136 250 123 148 139 331 2
162 240 279 660 377 161 136 406 334 148 139 331 3
162 233 263 396 281 155 136 341 276 132 139 327 4
162 239 263 148 230 161 136 248 125 148 139 330 5
162 233 263 140 281 158 136 244 121 132 139 333 6
162 233 255 180 297 158 136 281 212 148 139 332 7
162 234 255 244 329 157 136 362 235 132 139 323 8
162 240 263 140 231 161 136 256 126 148 139 335 9
162 240 255 140 231 159 136 251 126 132 139 335 10
162 236 255 140 281 158 136 248 122 132 139 15000 11
Chip#2
115 0 0 0 46 0 15 89 0 12 0 0 0
110 0 0 0 30 0 0 81 7 7 0 0 1
110 0 0 0 46 0 15 83 1 10 0 0 2
116 0 0 0 182 0 0 86 16 26 0 0 3
115 0 0 0 182 0 0 92 27 43 0 0 4
111 0 0 0 30 0 0 85 6 15 0 0 5
122 0 0 0 46 0 15 95 13 16 0 0 6
107 0 0 0 46 0 15 83 8 9 0 0 7
116 0 0 0 46 0 0 85 26 24 0 0 8
112 0 0 0 46 0 15 85 9 16 0 0 9
108 0 0 0 30 0 0 83 1 15 0 0 10
112 0 0 0 46 0 15 83 2 12 0 15000 11
Chip#1
162 237 263 140 230 156 136 250 123 148 139 333 0
162 232 255 140 281 153 136 240 118 132 139 321 1
162 233 255 140 229 158 136 251 123 132 139 329 2
162 232 263 652 361 154 136 398 330 132 139 325 3
162 239 263 396 235 156 136 344 281 132 139 330 4
162 226 255 140 281 150 136 239 115 132 139 317 5
162 233 263 140 281 155 136 249 120 148 139 326 6
162 243 263 196 250 163 136 283 219 148 139 335 7
162 236 263 260 345 155 136 380 246 132 139 330 8
162 237 255 140 281 155 136 248 122 132 139 327 9
162 238 263 140 230 154 136 249 125 132 139 327 10
162 239 263 140 231 155 136 247 121 148 139 15000 11
Chip#2
108 0 0 0 30 0 0 80 6 7 0 0 0
122 0 0 0 46 0 0 90 13 16 0 0 1
121 0 0 0 46 0 15 92 16 14 0 0 2
110 0 0 0 182 0 0 84 17 26 0 0 3
111 0 0 0 78 0 0 83 24 38 0 0 4
111 0 0 0 137 0 15 89 7 14 0 0 5
114 0 0 0 46 0 15 84 9 11 0 0 6
117 0 0 0 46 0 0 90 13 17 0 0 7
107 0 0 0 142 0 0 83 21 22 0 0 8
113 0 0 0 46 0 15 86 7 10 0 0 9
117 0 0 0 46 0 0 87 11 15 0 0 10
123 0 0 0 46 0 0 89 11 17 0 15000 11
Chip#1
162 240 263 140 230 156 136 249 124 132 139 332 0
162 233 255 140 229 154 136 249 120 132 139 327 1
162 231 263 140 281 153 136 245 120 132 139 326 2
162 239 279 660 377 159 136 409 340 148 139 332 3
162 240 263 396 297 159 136 345 285 148 139 328 4
162 241 263 148 297 161 136 251 126 148 139 331 5
162 239 263 140 232 159 136 253 126 148 139 332 6
162 235 255 180 245 155 136 287 219 132 139 328 7
162 240 263 260 345 158 136 378 245 132 139 332 8
162 238 263 140 229 155 136 247 124 132 139 327 9
162 233 255 140 281 156 136 244 116 132 139 328 10
162 236 263 140 281 153 136 245 118 132 139 15000 11
Chip#2
116 0 0 0 46 0 0 84 7 11 0 0 0
111 0 0 0 30 0 0 86 4 12 0 0 1
117 0 0 0 46 0 15 83 8 15 0 0 2
116 0 0 0 182 0 15 87 20 31 0 0 3
121 0 0 0 182 0 15 86 28 46 0 0 4
121 0 0 0 46 0 0 87 9 15 0 0 5
114 0 0 0 46 0 15 87 8 7 0 0 6
118 0 0 0 46 0 15 85 13 17 0 0 7
114 0 0 0 139 0 15 83 20 22 0 0 8
113 0 0 0 46 0 15 85 9 15 0 0 9
102 0 0 0 30 0 15 78 0 5 0 0 10
113 0 0 0 30 0 0 86 5 10 0 15000 11
Chip#1
162 239 255 140 230 160 136 251 125 132 139 335 0
162 238 263 140 281 156 136 246 123 148 139 330 1
162 232 255 140 281 153 136 242 120 132 139 323 2
162 238 263 660 377 162 136 409 341 148 139 334 3
162 226 263 396 229 151 136 338 281 132 139 323 4
162 233 263 140 231 161 136 250 124 132 139 331 5
162 239 263 140 231 162 136 249 124 148 139 330 6
162 232 263 180 246 155 136 279 217 132 139 326 7
162 232 263 260 345 157 136 373 242 132 139 329 8
162 234 263 148 232 156 136 251 122 132 139 329 9
162 236 263 148 297 162 136 249 125 148 139 335 10
162 246 279 148 297 194 136 257 125 148 139 15000 11
Chip#2
110 0 0 0 46 0 15 87 9 12 0 0 0
105 0 0 0 30 0 0 77 0 0 0 0 1
107 0 0 0 30 0 0 80 6 5 0 0 2
112 0 0 0 182 0 15 83 19 31 0 0 3
113 0 0 0 179 0 15 89 30 43 0 0 4
111 0 0 0 46 0 15 86 9 14 0 0 5
107 0 0 0 30 0 0 81 4 6 0 0 6
112 0 0 0 46 0 0 91 17 21 0 0 7
113 0 0 0 142 0 15 87 21 29 0 0 8
113 0 0 0 46 0 15 87 7 9 0 0 9
108 0 0 0 30 0 0 84 5 10 0 0 10
116 0 0 0 46 0 0 83 6 10 0 15000 11
Chip#1
162 237 263 140 230 157 136 248 122 132 139 334 0
162 234 255 140 281 157 136 247 126 132 139 331 1
162 232 255 140 231 156 136 249 124 132 139 326 2
162 237 263 660 377 159 136 413 341 132 139 332 3
162 232 255 396 231 155 136 345 286 132 139 329 4
162 232 263 140 281 154 136 249 121 148 139 329 5
162 233 255 140 281 156 136 247 122 132 139 327 6
162 238 255 180 249 159 136 288 223 132 139 329 7
162 228 263 260 345 157 136 378 244 132 139 328 8
162 231 263 140 281 152 136 248 123 132 139 323 9
162 234 263 148 297 190 136 250 122 148 139 331 10
162 240 263 140 237 160 136 254 125 132 139 15000 11
Chip#2
120 0 0 0 46 0 15 92 14 12 0 0 0
108 0 0 0 30 0 0 80 0 5 0 0 1
116 0 0 0 46 0 15 88 7 15 0 0 2
112 0 0 0 182 0 15 88 22 35 0 0 3
106 0 0 0 177 0 15 87 21 37 0 0 4
103 0 0 0 30 0 0 80 1 3 0 0 5
111 0 0 0 46 0 15 85 5 15 0 0 6
113 0 0 0 46 0 15 86 9 12 0 0 7
115 0 0 0 146 0 15 91 28 29 0 0 8
112 0 0 0 46 0 15 86 8 15 0 0 9
109 0 0 0 46 0 15 83 4 3 0 0 10
111 0 0 0 30 0 0 89 5 15 0 15000 11
Chip#1
162 236 255 140 281 157 136 253 117 132 139 331 0
162 238 255 140 281 158 136 249 121 132 139 328 1
162 237 255 140 232 158 136 251 122 132 139 328 2
162 233 279 660 377 153 136 410 338 148 139 326 3
162 241 263 396 232 157 136 346 287 132 139 328 4
162 244 263 148 234 159 136 251 126 148 139 329 5
162 232 255 140 225 153 136 242 116 132 139 323 6
162 234 263 196 245 158 136 287 223 148 139 328 7
162 233 263 260 345 157 136 377 239 132 139 322 8
162 232 255 140 226 155 136 252 122 132 139 322 9
162 244 263 140 235 163 136 253 122 148 139 337 10
162 235 255 140 226 156 136 247 119 132 139 15000 11
Chip#2
113 0 0 0 30 0 0 85 7 11 0 0 0
111 0 0 0 30 0 0 79 1 12 0 0 1
120 0 0 0 46 0 15 92 13 14 0 0 2
110 0 0 0 182 0 15 80 16 26 0 0 3
112 0 0 0 78 0 0 89 23 40 0 0 4
116 0 0 0 46 0 15 87 8 15 0 0 5
112 0 0 0 46 0 0 80 4 5 0 0 6
110 0 0 0 46 0 0 86 8 7 0 0 7
118 0 0 0 146 0 0 83 28 28 0 0 8
115 0 0 0 46 0 0 89 8 16 0 0 9
113 0 0 0 30 0 0 86 5 6 0 0 10
118 0 0 0 46 0 15 90 7 15 0 15000 11
Chip#1
162 241 263 140 232 159 136 252 120 132 139 333 0
162 238 255 140 230 158 136 251 125 132 139 330 1
162 240 263 148 297 163 136 253 125 148 139 332 2
162 231 263 660 377 155 136 402 333 132 139 322 3
162 239 263 396 235 155 136 344 284 132 139 331 4
162 238 263 148 235 165 136 257 116 148 139 335 5
162 233 255 140 281 155 136 250 121 132 139 330 6
162 230 255 180 297 155 136 279 217 132 139 325 7
162 234 263 260 345 156 136 378 241 132 139 334 8
162 239 263 140 281 158 136 252 125 132 139 333 9
162 234 255 140 227 154 136 248 122 132 139 329 10
162 231 255 140 281 152 136 247 116 132 139 15000 11
Chip#2
113 0 0 0 46 0 0 83 9 11 0 0 0
114 0 0 0 46 0 15 85 8 14 0 0 1
108 0 0 0 46 0 0 81 2 7 0 0 2
112 0 0 0 182 0 15 81 19 31 0 0 3
115 0 0 0 182 0 0 90 32 47 0 0 4
106 0 0 0 46 0 0 85 2 6 0 0 5
112 0 0 0 46 0 0 86 6 14 0 0 6
113 0 0 0 140 0 15 92 15 16 0 0 7
113 0 0 0 149 0 0 87 22 26 0 0 8
113 0 0 0 46 0 15 85 6 9 0 0 9
106 0 0 0 118 0 0 78 0 1 0 0 10
115 0 0 0 30 0 0 89 10 17 0 15000 11
Chip#1
162 237 263 148 297 156 136 246 123 148 139 333 0
162 237 263 140 281 153 136 247 121 148 139 329 1
162 239 263 148 230 156 136 253 121 148 139 331 2
162 237 263 676 393 155 136 415 348 132 139 333 3
162 229 263 396 229 151 136 344 281 132 139 328 4
162 232 255 140 227 152 136 244 119 132 139 327 5
162 238 255 140 281 156 136 247 124 132 139 329 6
162 233 263 196 313 156 136 287 220 132 139 326 7
162 234 263 346 345 159 136 384 248 148 139 331 8
162 236 263 140 281 155 136 248 124 132 139 329 9
162 237 263 140 231 156 136 249 124 148 139 333 10
162 237 255 140 281 153 136 250 124 132 139 15000 11
Chip#2
117 0 0 0 46 0 15 88 7 12 0 0 0
118 0 0 0 46 0 0 87 8 11 0 0 1
117 0 0 0 46 0 15 84 7 14 0 0 2
114 0 0 0 182 0 15 94 23 32 0 0 3
111 0 0 0 178 0 15 91 27 42 0 0 4
113 0 0 0 46 0 0 87 5 14 0 0 5
117 0 0 0 46 0 15 93 14 20 0 0 6
114 0 0 0 46 0 15 87 13 16 0 0 7
111 0 0 0 46 0 0 84 26 27 0 0 8
114 0 0 0 46 0 15 89 10 19 0 0 9
115 0 0 0 30 0 0 85 12 12 0 0 10
116 0 0 0 46 0 0 87 8 15 0 15000 11
Chip#1
162 236 263 140 231 159 136 244 122 148 139 330 0
162 234 263 140 231 156 136 244 123 148 139 327 1
162 240 263 148 297 161 136 253 123 148 139 327 2
162 238 279 676 393 159 136 412 338 148 139 330 3
162 237 263 404 297 159 136 348 287 148 139 327 4
162 239 263 140 230 157 136 250 126 148 139 329 5
162 236 263 140 232 157 136 249 123 132 139 329 6
162 240 263 196 248 162 136 286 227 148 139 330 7
162 238 255 260 345 157 136 386 247 132 139 329 8
162 237 263 140 232 162 136 256 116 148 139 332 9
162 239 255 140 232 163 136 250 116 132 139 331 10
162 236 263 140 229 159 136 248 125 132 139 15000 11
Chip#2
108 0 0 0 30 0 0 81 8 15 0 0 0
107 0 0 0 46 0 15 85 1 7 0 0 1
112 0 0 0 30 0 0 87 4 10 0 0 2
108 0 0 0 182 0 15 85 15 28 0 0 3
116 0 0 0 182 0 15 90 31 46 0 0 4
110 0 0 0 30 0 0 83 4 8 0 0 5
113 0 0 0 46 0 15 91 7 11 0 0 6
106 0 0 0 46 0 0 84 5 10 0 0 7
116 0 0 0 153 0 15 93 29 40 0 0 8
114 0 0 0 143 0 15 91 13 16 0 0 9
113 0 0 0 46 0 15 85 7 11 0 0 10
112 0 0 0 46 0 0 84 5 8 0 15000 11
Chip#1
162 237 263 140 281 155 136 245 120 132 139 328 0
162 234 263 140 281 155 136 249 115 132 139 329 1
162 231 263 140 281 156 136 249 121 132 139 328 2
162 227 263 660 377 154 136 411 335 132 139 322 3
162 238 263 420 297 156 136 351 288 148 139 332 4
162 232 255 140 281 157 136 245 122 132 139 327 5
162 228 255 140 281 152 136 241 113 132 139 320 6
162 236 263 196 297 154 136 287 220 132 139 328 7
162 232 263 260 345 154 136 382 244 132 139 324 8
162 231 255 140 281 154 136 249 120 132 139 322 9
162 234 263 140 281 157 136 249 124 132 139 335 10
162 237 263 140 229 156 136 245 118 148 139 15000 11
Chip#2
112 0 0 0 30 0 0 85 6 11 0 0 0
108 0 0 0 46 0 15 85 9 10 0 0 1
112 0 0 0 46 0 15 85 7 7 0 0 2
111 0 0 0 182 0 15 84 20 31 0 0 3
115 0 0 0 181 0 0 90 29 41 0 0 4
106 0 0 0 46 0 15 85 7 11 0 0 5
106 0 0 0 30 0 0 80 0 2 0 0 6
107 0 0 0 46 0 15 85 7 14 0 0 7
112 0 0 0 46 0 15 87 28 34 0 0 8
113 0 0 0 135 0 15 87 7 14 0 0 9
111 0 0 0 30 0 0 87 7 12 0 0 10
113 0 0 0 46 0 0 89 8 12 0 15000 11
Chip#1
162 239 279 148 297 163 136 247 124 148 139 334 0
162 236 263 140 232 158 136 248 122 132 139 333 1
162 234 255 140 281 155 136 247 120 132 139 322 2
162 227 279 740 393 154 136 426 358 148 139 322 3
162 239 263 404 297 161 136 348 291 148 139 331 4
162 239 263 140 229 159 136 251 126 148 139 330 5
162 236 263 140 229 157 136 251 123 132 139 327 6
162 234 263 196 313 156 136 287 227 148 139 327 7
162 234 263 348 345 159 136 384 248 148 139 329 8
162 236 263 140 232 156 136 251 126 132 139 327 9
162 236 263 140 281 156 136 245 124 132 139 329 10
162 239 263 140 230 156 136 251 121 132 139 15000 11
Chip#2
121 0 0 0 46 0 15 94 8 15 0 0 0
116 0 0 0 46 0 15 91 10 15 0 0 1
110 0 0 0 30 0 0 81 2 6 0 0 2
111 0 0 0 182 0 15 83 15 24 0 0 3
108 0 0 0 78 0 0 83 22 37 0 0 4
117 0 0 0 46 0 15 90 7 14 0 0 5
115 0 0 0 46 0 15 92 5 11 0 0 6
113 0 0 0 138 0 15 92 9 10 0 0 7
107 0 0 0 46 0 0 81 20 26 0 0 8
117 0 0 0 46 0 0 89 9 15 0 0 9
115 0 0 0 30 0 0 86 5 10 0 0 10
108 0 0 0 30 0 15 84 0 12 0 15000 11
Chip#1
162 238 263 140 297 156 136 244 120 148 139 331 0
162 236 255 140 281 154 136 248 122 132 139 327 1
162 234 263 140 281 152 136 247 118 132 139 328 2
162 240 279 724 393 159 136 427 365 148 139 330 3
162 236 263 396 232 151 136 351 283 148 139 328 4
162 240 263 140 297 161 136 251 125 148 139 334 5
162 238 263 140 234 155 136 252 122 148 139 334 6
162 239 263 196 245 156 136 286 220 148 139 327 7
162 234 279 349 345 157 136 385 247 148 139 329 8
162 238 263 140 281 154 136 255 123 132 139 328 9
162 245 263 148 297 164 136 255 126 148 139 334 10
162 240 255 140 230 160 136 250 123 132 139 15000 11
Chip#2
112 0 0 0 46 0 15 87 5 12 0 0 0
117 0 0 0 30 0 0 86 4 11 0 0 1
116 0 0 0 46 0 15 81 5 7 0 0 2
111 0 0 0 182 0 0 87 19 29 0 0 3
112 0 0 0 179 0 0 85 22 36 0 0 4
110 0 0 0 30 0 0 86 1 11 0 0 5
111 0 0 0 46 0 15 85 6 10 0 0 6
112 0 0 0 46 0 15 85 8 14 0 0 7
112 0 0 0 46 0 0 86 23 28 0 0 8
114 0 0 0 46 0 0 85 6 10 0 0 9
110 0 0 0 30 0 0 83 5 6 0 0 10
116 0 0 0 46 0 0 87 12 15 0 15000 11
Chip#1
162 236 263 140 281 156 136 243 121 132 139 334 0
162 226 255 140 281 151 136 242 118 132 139 327 1
162 232 255 140 281 155 136 247 120 132 139 329 2
162 240 279 692 393 192 136 423 350 148 139 338 3
162 236 263 404 297 159 136 352 289 148 139 333 4
162 233 263 140 281 157 136 244 121 148 139 329 5
162 238 263 140 229 156 136 248 123 148 139 330 6
162 229 263 196 313 151 136 284 221 148 139 324 7
162 233 263 342 345 151 136 382 247 132 139 326 8
162 237 263 148 229 158 136 247 125 148 139 329 9
162 234 263 140 281 156 136 245 118 132 139 327 10
162 235 255 140 230 157 136 243 120 132 139 15000 11
Chip#2
112 0 0 0 46 0 15 83 2 12 0 0 0
113 0 0 0 46 0 0 85 2 7 0 0 1
120 0 0 0 46 0 15 87 9 12 0 0 2
115 0 0 0 182 0 0 89 19 34 0 0 3
108 0 0 0 178 0 0 84 21 37 0 0 4
120 0 0 0 46 0 15 89 8 16 0 0 5
121 0 0 0 46 0 15 91 8 17 0 0 6
108 0 0 0 46 0 0 85 9 17 0 0 7
120 0 0 0 150 0 0 89 29 33 0 0 8
115 0 0 0 46 0 0 89 6 12 0 0 9
108 0 0 0 46 0 15 85 4 9 0 0 10
117 0 0 0 46 0 15 86 6 10 0 15000 11
Chip#1
162 232 255 140 281 153 136 243 120 132 139 326 0
162 231 255 140 281 158 136 244 122 132 139 329 1
162 235 255 140 281 156 136 247 122 132 139 328 2
162 236 279 692 393 154 136 415 346 148 139 324 3
162 237 255 404 231 154 136 346 288 132 139 327 4
162 238 263 140 230 159 136 248 126 148 139 331 5
162 230 263 140 281 156 136 244 122 148 139 328 6
162 230 255 196 297 151 136 283 215 132 139 324 7
162 236 263 342 345 159 136 385 244 148 139 331 8
162 242 263 148 297 162 136 255 132 148 139 330 9
162 238 263 140 230 159 136 249 122 132 139 330 10
162 227 255 140 218 150 136 241 114 132 139 15000 11
Chip#2
112 0 0 0 46 0 0 84 4 7 0 0 0
113 0 0 0 30 0 0 81 9 12 0 0 1
121 0 0 0 46 0 15 92 13 21 0 0 2
123 0 0 0 182 0 15 89 24 37 0 0 3
113 0 0 0 78 0 0 87 26 43 0 0 4
113 0 0 0 46 0 15 92 11 15 0 0 5
117 0 0 0 46 0 15 93 12 17 0 0 6
112 0 0 0 46 0 0 86 8 14 0 0 7
116 0 0 0 146 0 15 85 24 26 0 0 8
118 0 0 0 46 0 0 89 7 15 0 0 9
113 0 0 0 46 0 15 86 7 11 0 0 10
113 0 0 0 46 0 0 91 8 16 0 15000 11
Chip#1
162 239 263 140 231 156 136 247 123 148 139 333 0
162 231 255 140 281 155 136 244 120 132 139 327 1
162 239 263 148 297 163 136 255 120 148 139 334 2
162 233 263 692 393 159 136 417 348 132 139 330 3
162 231 263 404 297 155 136 351 291 132 139 329 4
162 240 263 148 297 159 136 248 132 148 139 331 5
162 233 263 140 281 154 136 248 121 132 139 327 6
162 239 263 196 313 156 136 290 229 148 139 331 7
162 238 263 352 345 157 136 393 248 132 139 330 8
162 234 263 140 232 156 136 249 124 132 139 330 9
162 235 255 140 281 152 136 245 121 132 139 332 10
162 234 263 148 281 154 136 244 115 148 139 15000 11
Chip#2
110 0 0 0 30 0 15 84 4 7 0 0 0
114 0 0 0 46 0 15 86 6 9 0 0 1
112 0 0 0 46 0 0 89 8 16 0 0 2
116 0 0 0 182 0 15 87 26 36 0 0 3
116 0 0 0 182 0 15 94 35 50 0 0 4
111 0 0 0 46 0 15 83 2 7 0 0 5
121 0 0 0 46 0 0 90 9 17 0 0 6
108 0 0 0 46 0 15 85 5 14 0 0 7
110 0 0 0 140 0 0 79 23 23 0 0 8
116 0 0 0 46 0 0 86 9 16 0 0 9
111 0 0 0 30 0 0 83 5 10 0 0 10
118 0 0 0 140 0 15 95 12 19 0 15000 11
Chip#1
162 241 263 148 297 156 136 251 123 148 139 333 0
162 234 263 140 281 156 136 245 120 132 139 330 1
162 233 255 140 281 152 136 248 120 132 139 327 2
162 239 263 692 393 159 136 420 347 132 139 330 3
162 237 263 404 297 159 136 352 292 148 139 328 4
162 236 263 140 229 153 136 247 121 148 139 329 5
162 233 263 140 281 153 136 244 121 132 139 323 6
162 230 255 196 297 153 136 280 222 132 139 323 7
162 237 263 350 345 156 136 390 250 148 139 332 8
162 237 263 148 297 155 136 249 123 132 139 330 9
162 237 263 148 297 159 136 247 126 148 139 330 10
162 235 255 140 228 157 136 245 119 132 139 15000 11
Chip#2
109 0 0 0 46 0 15 83 0 11 0 0 0
113 0 0 0 46 0 15 85 8 17 0 0 1
113 0 0 0 46 0 0 86 6 11 0 0 2
116 0 0 0 182 0 0 89 21 32 0 0 3
109 0 0 0 182 0 0 85 26 45 0 0 4
107 0 0 0 46 0 0 83 0 12 0 0 5
113 0 0 0 46 0 0 87 8 14 0 0 6
112 0 0 0 46 0 0 87 13 19 0 0 7
114 0 0 0 150 0 15 90 30 37 0 0 8
112 0 0 0 46 0 0 81 8 14 0 0 9
116 0 0 0 46 0 15 87 8 15 0 0 10
113 0 0 0 46 0 0 87 7 19 0 15000 11
Chip#1
162 239 263 140 281 157 136 250 125 148 139 331 0
162 229 263 140 281 154 136 246 117 148 139 328 1
162 236 263 140 234 158 136 250 125 148 139 329 2
162 239 279 692 393 162 136 421 350 148 139 334 3
162 234 263 404 232 155 136 349 289 148 139 331 4
162 236 263 140 235 158 136 251 123 132 139 331 5
162 234 255 140 232 159 136 250 123 148 139 335 6
162 237 263 196 248 158 136 289 228 132 139 331 7
162 234 263 346 345 153 136 385 248 148 139 330 8
162 231 263 148 281 155 136 249 124 148 139 327 9
162 233 255 140 281 155 136 247 123 132 139 332 10
162 230 255 140 281 150 136 242 118 132 139 15000 11
Chip#2
111 0 0 0 46 0 15 85 4 9 0 0 0
114 0 0 0 46 0 15 89 8 15 0 0 1
111 0 0 0 46 0 0 80 4 10 0 0 2
122 0 0 0 182 0 15 91 28 41 0 0 3
116 0 0 0 182 0 0 87 23 49 0 0 4
115 0 0 0 30 0 0 92 6 15 0 0 5
118 0 0 0 46 0 15 91 12 19 0 0 6
113 0 0 0 46 0 15 89 14 14 0 0 7
111 0 0 0 145 0 15 87 30 32 0 0 8
113 0 0 0 46 0 15 91 12 20 0 0 9
109 0 0 0 46 0 15 81 1 9 0 0 10
110 0 0 0 46 0 0 87 1 12 0 15000 11
Chip#1
162 237 263 140 281 156 136 242 121 132 139 330 0
162 230 263 140 281 156 136 242 123 148 139 328 1
162 230 263 148 231 157 136 248 124 148 139 329 2
162 228 263 692 377 154 136 415 347 132 139 325 3
162 237 263 420 297 157 136 353 297 148 139 332 4
162 234 255 140 231 160 136 251 124 132 139 331 5
162 240 263 140 232 162 136 249 126 148 139 332 6
162 236 263 196 245 157 136 286 225 132 139 327 7
162 237 263 260 345 158 136 383 249 132 139 333 8
162 240 279 148 297 165 136 251 132 148 139 335 9
162 234 263 140 281 157 136 249 122 148 139 331 10
162 231 255 140 226 158 136 244 121 132 139 15000 11
Chip#2
117 0 0 0 46 0 15 89 7 11 0 0 0
116 0 0 0 46 0 15 87 6 12 0 0 1
112 0 0 0 46 0 15 86 9 16 0 0 2
114 0 0 0 182 0 15 83 21 29 0 0 3
105 0 0 0 173 0 0 80 16 31 0 0 4
120 0 0 0 46 0 15 92 12 20 0 0 5
109 0 0 0 46 0 15 80 7 18 0 0 6
111 0 0 0 46 0 15 86 8 12 0 0 7
112 0 0 0 46 0 0 90 26 28 0 0 8
116 0 0 0 46 0 15 89 11 17 0 0 9
112 0 0 0 46 0 15 81 4 10 0 0 10
116 0 0 0 46 0 15 90 8 12 0 15000 11
Chip#1
162 239 263 140 234 161 136 245 125 132 139 332 0
162 240 263 140 229 158 136 247 124 132 139 332 1
162 241 263 140 297 158 136 252 123 148 139 329 2
162 233 263 692 393 158 136 413 345 132 139 323 3
162 239 263 404 297 166 136 359 297 148 139 337 4
162 244 263 148 234 165 136 257 116 148 139 335 5
162 233 255 140 281 154 136 242 115 132 139 325 6
162 238 263 196 313 161 136 290 229 148 139 334 7
162 239 263 350 361 159 136 393 254 148 139 332 8
162 237 255 140 231 158 136 252 116 132 139 327 9
162 237 263 140 230 159 136 247 123 132 139 330 10
162 232 255 140 227 156 136 245 121 132 139 15000 11
Chip#2
120 0 0 0 46 0 15 87 5 11 0 0 0
118 0 0 0 46 0 15 85 6 14 0 0 1
110 0 0 0 46 0 0 81 0 1 0 0 2
122 0 0 0 182 0 0 91 23 38 0 0 3
108 0 0 0 182 0 15 85 27 42 0 0 4
113 0 0 0 46 0 15 85 4 7 0 0 5
116 0 0 0 46 0 15 87 5 14 0 0 6
115 0 0 0 46 0 0 87 13 14 0 0 7
108 0 0 0 142 0 0 83 26 27 0 0 8
118 0 0 0 46 0 15 92 12 19 0 0 9
113 0 0 0 46 0 15 86 4 12 0 0 10
122 0 0 0 46 0 15 93 14 23 0 15000 11
Chip#1
162 236 255 140 281 154 136 242 120 132 139 328 0
162 244 263 148 297 165 136 250 125 148 139 337 1
162 244 263 148 297 158 136 253 124 148 139 330 2
162 233 263 708 393 155 136 417 349 132 139 324 3
162 239 279 420 313 185 136 357 297 164 139 330 4
162 233 263 140 229 154 136 247 121 148 139 330 5
162 236 263 140 297 153 136 252 125 132 139 330 6
162 233 263 196 297 154 136 289 222 132 139 330 7
162 237 263 346 345 155 136 390 249 148 139 329 8
162 233 255 140 232 156 136 252 124 132 139 328 9
162 233 263 140 231 162 136 253 121 148 139 335 10
162 234 263 140 281 155 136 251 123 132 139 15000 11
Chip#2
111 0 0 0 30 0 0 84 4 6 0 0 0
114 0 0 0 46 0 15 84 5 7 0 0 1
118 0 0 0 46 0 15 87 9 16 0 0 2
114 0 0 0 182 0 15 86 23 32 0 0 3
112 0 0 0 181 0 0 80 21 38 0 0 4
116 0 0 0 46 0 15 90 5 17 0 0 5
111 0 0 0 46 0 15 81 5 9 0 0 6
114 0 0 0 46 0 0 84 12 12 0 0 7
121 0 0 0 149 0 15 86 34 33 0 0 8
117 0 0 0 46 0 15 86 6 15 0 0 9
113 0 0 0 46 0 15 89 5 11 0 0 10
111 0 0 0 30 0 0 84 1 11 0 15000 11
Chip#1
162 233 263 140 281 154 136 244 118 132 139 330 0
162 237 263 140 234 162 136 250 124 132 139 333 1
162 244 279 148 297 162 136 257 124 164 139 339 2
162 232 279 708 393 154 136 421 351 148 139 330 3
162 237 263 404 236 157 136 353 292 148 139 331 4
162 239 263 140 229 159 136 251 126 132 139 328 5
162 234 263 148 229 152 136 248 117 148 139 329 6
162 229 263 196 297 154 136 285 217 148 139 321 7
162 232 263 260 345 155 136 386 246 132 139 329 8
162 238 263 140 297 158 136 256 121 148 139 329 9
162 233 263 140 230 156 136 247 122 132 139 328 10
162 245 279 148 297 164 136 258 124 148 139 15000 11
Chip#2
110 0 0 0 30 0 0 89 4 5 0 0 0
117 0 0 0 46 0 15 84 6 9 0 0 1
115 0 0 0 46 0 0 85 2 7 0 0 2
108 0 0 0 182 0 15 86 22 29 0 0 3
112 0 0 0 182 0 15 87 26 43 0 0 4
114 0 0 0 46 0 15 89 10 17 0 0 5
122 0 0 0 46 0 0 91 15 19 0 0 6
107 0 0 0 46 0 0 80 4 7 0 0 7
108 0 0 0 146 0 0 81 20 23 0 0 8
105 0 0 0 46 0 0 83 5 8 0 0 9
106 0 0 0 46 0 0 78 0 1 0 0 10
112 0 0 0 30 0 0 85 6 17 0 15000 11
Chip#1
162 238 263 140 281 158 136 244 125 132 139 335 0
162 237 263 140 281 159 136 250 124 148 139 332 1
162 240 263 148 236 162 136 256 124 148 139 334 2
162 231 279 692 393 155 136 422 350 132 139 327 3
162 234 279 420 297 154 136 352 289 148 139 327 4
162 231 263 140 281 156 136 247 119 132 139 329 5
162 232 263 140 230 155 136 247 124 132 139 331 6
162 228 263 196 297 154 136 284 222 132 139 329 7
162 234 263 260 345 151 136 381 245 132 139 327 8
162 230 255 140 220 155 136 243 121 132 139 326 9
162 236 263 140 229 158 136 247 120 132 139 332 10
162 227 255 140 281 150 136 241 115 132 139 15000 11
Chip#2
115 0 0 0 46 0 15 89 9 16 0 0 0
112 0 0 0 30 0 0 85 6 10 0 0 1
109 0 0 0 46 0 15 84 4 7 0 0 2
113 0 0 0 182 0 15 86 20 33 0 0 3
111 0 0 0 179 0 0 80 24 40 0 0 4
109 0 0 0 46 0 15 86 5 11 0 0 5
117 0 0 0 46 0 15 81 7 7 0 0 6
115 0 0 0 46 0 0 89 12 14 0 0 7
112 0 0 0 149 0 15 80 26 29 0 0 8
111 0 0 0 46 0 15 81 8 11 0 0 9
110 0 0 0 46 0 15 85 5 11 0 0 10
113 0 0 0 46 0 0 84 8 9 0 15000 11
Chip#1
162 237 263 140 281 159 136 250 126 132 139 332 0
162 232 263 140 281 158 136 247 122 132 139 331 1
162 238 263 148 297 162 136 248 122 148 139 332 2
162 228 263 692 377 154 136 415 348 132 139 327 3
162 231 263 420 297 154 136 355 294 148 139 330 4
162 233 263 140 231 158 136 249 123 132 139 329 5
162 228 255 140 281 153 136 240 114 132 139 325 6
162 237 255 180 246 160 136 286 224 132 139 327 7
162 236 263 350 345 161 136 394 252 148 139 330 8
162 232 255 140 281 156 136 248 123 132 139 321 9
162 233 263 140 234 157 136 248 123 132 139 330 10
162 237 263 140 230 162 136 250 125 148 139 15000 11
Chip#2
105 0 0 0 46 0 15 78 2 11 0 0 0
113 0 0 0 46 0 15 89 7 14 0 0 1
113 0 0 0 46 0 15 86 7 11 0 0 2
121 0 0 0 182 0 15 95 26 45 0 0 3
112 0 0 0 182 0 0 84 26 41 0 0 4
111 0 0 0 46 0 15 85 8 11 0 0 5
109 0 0 0 46 0 15 86 5 7 0 0 6
112 0 0 0 135 0 15 87 15 14 0 0 7
111 0 0 0 144 0 0 84 26 31 0 0 8
118 0 0 0 140 0 15 89 14 23 0 0 9
116 0 0 0 46 0 15 83 9 15 0 0 10
111 0 0 0 46 0 0 84 2 10 0 15000 11
Chip#1
162 236 263 140 281 154 136 248 123 132 139 331 0
162 241 263 140 235 163 136 252 123 148 139 334 1
162 231 263 140 281 155 136 246 124 148 139 327 2
162 234 279 708 393 155 136 418 353 132 139 331 3
162 233 263 404 297 158 136 356 299 132 139 331 4
162 226 263 140 281 153 136 242 116 132 139 323 5
162 236 263 140 281 158 136 244 119 148 139 326 6
162 232 263 196 297 155 136 289 223 132 139 328 7
162 230 263 260 345 155 136 386 248 132 139 327 8
162 234 255 140 230 159 136 251 126 132 139 331 9
162 234 263 140 229 161 136 252 124 148 139 334 10
162 231 255 140 224 155 136 240 118 132 139 15000 11
Chip#2
113 0 0 0 46 0 15 85 7 14 0 0 0
116 0 0 0 46 0 0 86 9 12 0 0 1
110 0 0 0 46 0 0 84 9 12 0 0 2
107 0 0 0 182 0 0 83 19 32 0 0 3
110 0 0 0 78 0 0 82 24 43 0 0 4
115 0 0 0 46 0 0 86 12 11 0 0 5
112 0 0 0 30 0 0 88 2 11 0 0 6
117 0 0 0 46 0 0 85 13 10 0 0 7
116 0 0 0 154 0 15 90 31 34 0 0 8
113 0 0 0 46 0 0 83 8 16 0 0 9
108 0 0 0 46 0 0 81 8 12 0 0 10
107 0 0 0 46 0 0 81 2 10 0 15000 11
Chip#1
162 234 255 140 223 155 136 243 114 132 139 328 0
162 237 263 140 281 155 136 249 121 132 139 331 1
162 238 263 148 281 158 136 250 126 148 139 329 2
162 236 279 708 393 159 136 426 357 148 139 334 3
162 237 279 420 297 184 136 359 298 148 139 331 4
162 236 263 140 281 157 136 248 121 148 139 330 5
162 233 255 140 281 153 136 246 118 132 139 327 6
162 233 263 196 297 157 136 286 222 148 139 328 7
162 234 263 350 345 157 136 391 250 132 139 332 8
162 238 263 140 229 159 136 258 126 132 139 332 9
162 237 263 140 234 161 136 251 123 132 139 334 10
162 229 263 140 281 154 136 239 117 132 139 15000 11
Chip#2
111 0 0 0 46 0 0 86 6 14 0 0 0
117 0 0 0 46 0 15 92 12 14 0 0 1
116 0 0 0 46 0 0 85 8 10 0 0 2
108 0 0 0 182 0 0 83 19 34 0 0 3
117 0 0 0 182 0 15 93 38 50 0 0 4
115 0 0 0 46 0 0 86 5 9 0 0 5
111 0 0 0 46 0 15 84 11 11 0 0 6
120 0 0 0 140 0 15 91 17 23 0 0 7
115 0 0 0 148 0 0 90 36 34 0 0 8
116 0 0 0 46 0 15 90 12 19 0 0 9
113 0 0 0 46 0 15 89 12 19 0 0 10
108 0 0 0 46 0 0 83 5 7 0 15000 11
