Chip#1
456    473    683    613    583    543    487    500    509    353    537    395    0
453    464    678    604    574    543    420    500    507    274    537    333    1
457    474    686    603    577    544    481    497    507    353    537    395    2
458    468    683    612    585    547    420    502    510    276    521    335    3
474    472    681    613    596    558    436    509    515    353    537    395    4
471    473    685    620    592    561    420    510    518    353    521    395    5
479    476    680    621    596    563    436    513    522    353    537    343    6
476    482    677    613    595    554    436    516    522    353    537    395    7
479    484    683    605    601    573    500    524    532    369    572    411    8
490    489    700    627    588    565    493    517    529    385    572    411    9
498    498    695    628    594    562    497    518    529    369    572    350    10
495    492    693    619    594    562    502    516    531    369    572    351    11
Chip#2
857    803    963    982    1053    958    884    1031    1082    897    1025    1036    0
849    850    963    998    1053    958    868    1025    1075    894    1033    1037    1
850    850    963    1014    1053    958    884    1024    1076    882    1033    1031    2
848    850    963    991    1053    972    900    1030    1073    887    1033    1039    3
841    850    963    991    1053    964    884    1032    1078    884    1033    1038    4
836    850    963    991    1053    964    884    1027    1063    888    1025    1033    5
845    866    963    991    1053    964    884    1027    1083    889    1033    1026    6
838    850    963    991    1053    964    868    1014    1071    881    1025    1018    7
835    850    963    991    1053    964    868    1020    1074    895    1033    1032    8
844    850    963    991    1053    964    860    1010    1067    882    1025    1021    9
842    788    963    991    1053    964    860    1003    1059    876    1025    1006    10
842    850    963    991    1053    964    860    998    1003    871    1019    1008    11
Chip#3
1124    1275    1227    1035    1115    1067    1124    1124    1067    1124    1124    1124    0
1124    1259    1227    1019    1099    1051    1124    1124    1067    1124    1115    1124    1
1124    1259    1227    1035    1115    1051    1124    1115    1067    1124    1131    1124    2
1124    1259    1227    1019    1099    1051    1124    1115    1067    1124    1115    1124    3
1124    1259    1227    1019    1099    1051    1124    1183    1067    1124    1115    1124    4
1124    1259    1227    1035    1099    1051    1124    1183    1067    1124    1131    1124    5
1124    1259    1227    1019    1099    1051    1124    1183    1067    1124    1115    1124    6
1124    1259    1227    1035    1115    1067    1124    1183    1067    1124    1131    1124    7
1124    1259    1227    1035    1115    1051    1124    1183    1067    1124    1131    1124    8
1124    1259    1227    1019    1099    1051    1124    1183    1051    1124    1115    1124    9
1124    1243    1124    1019    1083    1051    1124    1115    1051    1124    1099    1124    10
1124    1259    1227    1035    1099    1051    1124    1183    1067    1124    1115    1124    11
Chip#4
1124    1115    1003    1019    987    1099    1035    1035    1067    971    1115    1067    0
1124    1142    1003    1019    987    1099    1035    1035    1067    868    1115    1083    1
1124    1142    1019    1035    1019    1136    1051    1067    1083    987    1124    1083    2
1124    1142    1019    1035    1003    1115    1051    1035    1067    971    1115    1083    3
1124    1142    1019    1051    1035    1115    1067    1051    1067    987    1115    1083    4
1124    1142    1035    1051    1035    1144    1051    1051    1083    987    1124    1083    5
1124    1142    1051    1051    1035    1144    1051    1051    1067    987    1115    1083    6
1124    1142    1019    1051    1035    1144    1067    1051    1067    971    1115    1067    7
1124    1142    1051    1067    1051    1144    1067    1067    1067    987    1124    1083    8
1124    1142    1051    1067    1067    1144    1124    1083    1115    987    1124    1099    9
1124    1142    1035    1083    1067    1144    1083    1083    1099    1003    1124    1083    10
1124    1142    1035    1067    1051    1144    1115    1099    1099    987    1124    1099    11
Chip#1
451    467    676    607    579    535    420    499    508    271    521    332    0
453    462    679    610    577    541    486    502    512    353    521    338    1
458    473    687    608    577    544    420    499    509    271    537    337    2
456    464    681    606    582    542    420    501    513    273    537    395    3
470    471    683    614    596    554    487    514    518    353    537    337    4
473    478    689    620    600    559    488    513    522    353    537    395    5
479    480    680    620    590    562    486    515    521    353    537    343    6
475    482    679    609    595    555    436    513    525    353    537    343    7
482    487    679    604    599    573    436    525    531    369    537    352    8
485    487    698    623    584    559    436    519    531    369    537    411    9
496    500    693    630    590    563    436    519    531    369    572    350    10
498    500    696    621    599    567    452    524    537    369    572    411    11
Chip#2
851    866    963    991    1053    964    884    1028    1076    885    1049    1039    0
851    866    963    991    1053    964    884    1023    1075    899    1049    1044    1
853    850    963    991    1053    964    884    1023    1070    877    1033    1033    2
847    850    963    991    1053    972    884    1032    1069    886    1033    1035    3
841    850    963    991    1053    972    884    1031    1074    875    1033    1032    4
842    850    963    991    1053    972    884    1028    1069    891    1033    1039    5
838    850    963    991    1053    972    884    1023    1078    883    1033    1021    6
833    785    963    991    1053    972    868    1015    1070    876    1025    1022    7
825    850    963    991    1053    972    868    1006    1064    883    1033    1024    8
841    785    963    991    1053    972    860    1012    1062    874    1025    1019    9
846    866    963    991    1053    972    868    1005    1061    875    1033    1007    10
845    866    963    991    1053    972    868    996    1045    864    1025    1010    11
Chip#3
1124    1259    1124    1019    1099    1051    1124    1183    1051    1124    1115    1124    0
1124    1259    1124    1019    1083    1051    1124    1183    1051    1124    1115    1124    1
1124    1259    1227    1019    1099    1067    1124    1183    1051    1124    1115    1124    2
1124    1259    1227    1019    1099    1067    1124    1183    1067    1124    1115    1124    3
1124    1259    1227    1019    1099    1051    1124    1183    1067    1124    1115    1124    4
1124    1243    1124    1019    1099    1051    1124    1115    1051    1124    1115    1124    5
1124    1259    1227    1019    1099    1051    1124    1181    1051    1124    1115    1124    6
1124    1259    1227    1019    1099    1051    1124    1181    1051    1124    1115    1124    7
1115    1243    1124    1003    1083    1051    1124    1115    1035    1124    1099    1115    8
1124    1259    1124    1019    1099    1051    1124    1131    1067    1124    1115    1124    9
1124    1243    1124    1003    1083    1035    1124    1131    1051    1124    1099    1124    10
1124    1259    1124    1019    1099    1051    1124    1131    1067    1124    1115    1124    11
Chip#4
1124    1142    1003    1019    922    1083    1035    1035    1051    971    1099    1067    0
1124    1142    1019    1035    1019    1099    1051    1051    1067    987    1115    1083    1
1124    1142    1019    1019    1003    1099    1051    1051    1067    971    1099    1067    2
1124    1142    1035    1051    1019    1115    1067    1051    1067    987    1115    1083    3
1124    1142    1051    1051    1051    1115    1083    1067    1067    987    1115    1099    4
1124    1142    1035    1067    1035    1115    1067    1067    1067    987    1115    1083    5
1124    1142    1051    1067    1035    1146    1067    1067    1067    987    1115    1083    6
1124    1142    1035    1067    1051    1146    1099    1067    1067    987    1115    1083    7
1124    1142    1051    1083    1051    1146    1083    1083    1083    987    1115    1099    8
1124    1142    1051    1083    1067    1146    1154    1083    1115    1003    1124    1099    9
1124    1142    1035    1067    1051    1146    1083    1083    1083    987    1115    1099    10
1124    1142    1051    1067    1067    1146    1154    1099    1099    1003    1124    1099    11
Chip#1
449    467    678    609    579    537    420    497    508    267    521    332    0
453    461    677    610    576    542    420    502    510    274    521    332    1
459    471    687    605    580    545    420    501    512    273    521    336    2
461    472    683    608    583    545    420    503    513    275    537    335    3
468    467    678    609    592    548    485    510    517    353    537    334    4
473    477    684    618    595    558    420    512    522    353    537    395    5
477    475    684    623    596    564    436    513    522    353    537    395    6
475    481    681    611    594    557    436    515    527    353    537    345    7
480    488    681    607    601    573    436    523    534    369    572    351    8
492    490    699    625    592    565    496    523    534    369    572    411    9
489    491    690    622    586    557    436    516    527    369    537    344    10
492    492    692    618    593    562    436    516    531    353    537    346    11
Chip#2
852    866    963    991    1053    967    884    1024    1080    891    1049    1036    0
853    882    963    991    1053    967    884    1029    1079    901    1049    1044    1
847    850    963    991    1053    967    868    1017    1067    875    1025    1022    2
848    850    963    991    1053    969    884    1026    1069    887    1033    1034    3
847    850    963    991    1053    969    884    1029    1069    882    1033    1031    4
834    850    963    991    1053    969    884    1019    1063    885    1033    1029    5
839    866    963    991    1053    969    884    1020    1076    883    1033    1024    6
836    850    963    991    1053    969    868    1013    1069    877    1024    1027    7
832    866    963    991    1053    969    884    1021    1073    886    1033    1028    8
842    850    963    991    1053    969    868    1011    1060    876    1025    1020    9
845    866    963    991    1053    969    860    1005    1061    875    1033    1006    10
847    866    963    991    1053    969    860    997    1003    864    1022    1005    11
Chip#3
1124    1259    1227    1035    1115    1067    1124    1179    1067    1124    1131    1124    0
1124    1259    1227    1035    1099    1067    1124    1179    1067    1124    1131    1124    1
1124    1259    1227    1035    1099    1067    1124    1179    1067    1124    1115    1124    2
1124    1259    1227    1019    1099    1051    1124    1179    1067    1124    1115    1124    3
1115    1243    1124    1019    1099    1051    1124    1115    1051    1124    1099    1124    4
1124    1259    1227    1019    1099    1051    1124    1131    1067    1124    1115    1124    5
1124    1243    1124    1019    1099    1035    1124    1115    1051    1124    1099    1115    6
1124    1243    1124    1019    1099    1051    1124    1115    1051    1124    1115    1124    7
1115    1243    1124    1019    1083    1051    1124    1115    1051    1124    1099    1124    8
1115    1243    1124    1019    1099    1051    1124    1115    1051    1124    1099    1115    9
1124    1259    1227    1035    1099    1067    1124    1131    1067    1124    1115    1124    10
1124    1275    1227    1035    1099    1067    1124    1131    1067    1124    1115    1124    11
Chip#4
1124    1142    1019    1035    927    1099    1051    1051    1067    971    1099    1083    0
1124    1142    1003    1019    927    1083    1035    1035    1051    971    1099    1067    1
1124    1142    1003    1019    987    1083    1035    1035    1051    868    1083    1067    2
1124    1142    1019    1035    1003    1099    1051    1035    1051    971    1083    1067    3
1124    1142    1019    1035    1019    1099    1067    1051    1051    971    1099    1083    4
1124    1142    1035    1067    1035    1115    1067    1067    1067    987    1115    1083    5
1124    1142    1051    1067    1035    1115    1067    1067    1067    987    1099    1083    6
1124    1142    1051    1083    1067    1155    1099    1083    1083    987    1124    1099    7
1124    1142    1067    1083    1067    1155    1083    1099    1083    1003    1124    1099    8
1124    1142    1067    1083    1067    1155    1154    1083    1115    1003    1124    1115    9
1124    1142    1051    1083    1067    1155    1115    1083    1083    1003    1124    1115    10
1124    1142    1051    1067    1067    1155    1129    1099    1099    1003    1124    1099    11
