Chip#1
123 108 120 112 116 115 116 113 117 114 118 114 0
111 102 107 106 106 109 108 113 113 108 107 108 1
101 98 106 102 102 108 103 107 101 103 107 99 2
112 108 136 924 256 115 107 396 421 109 111 106 3
114 108 118 509 122 114 116 293 334 114 113 109 4
111 108 109 103 109 109 112 116 115 111 107 104 5
106 108 107 102 106 103 106 110 109 108 110 101 6
108 108 112 181 128 108 110 224 296 106 106 102 7
106 108 114 268 179 109 107 574 446 109 106 102 8
112 108 111 109 111 108 108 130 126 113 110 103 9
111 105 107 99 103 103 102 108 107 106 106 99 10
103 99 106 98 106 97 101 103 99 102 103 15000 11
Chip#2
104 100 103 102 100 98 103 100 104 99 96 96 0
106 106 109 110 100 103 108 100 113 108 102 103 1
106 100 108 104 100 101 106 100 108 103 99 100 2
100 102 110 109 169 109 108 99 134 137 100 101 3
102 100 102 111 156 113 103 99 142 149 99 102 4
104 100 109 107 100 102 107 100 110 108 100 101 5
100 92 99 102 96 100 101 100 108 99 96 94 6
98 99 103 104 113 101 107 100 119 112 95 97 7
108 105 110 107 113 108 106 100 168 143 102 105 8
104 95 106 101 104 98 103 100 114 107 105 96 9
105 103 110 109 104 106 108 100 109 106 102 104 10
103 102 110 110 104 104 115 100 112 109 105 15000 11
Chip#3
106 96 103 100 104 109 100 108 97 100 107 103 0
97 89 92 90 94 104 95 103 93 95 96 97 1
99 85 96 88 95 96 92 101 86 95 93 91 2
101 95 102 101 103 106 101 108 105 100 103 103 3
102 95 101 100 99 109 101 110 102 101 103 105 4
102 91 102 100 108 105 104 108 95 100 98 105 5
102 94 96 100 103 104 99 106 94 101 101 103 6
101 91 99 100 103 108 101 104 98 99 102 101 7
103 87 97 109 111 104 99 101 105 100 97 103 8
105 95 102 104 106 104 99 105 101 105 107 105 9
105 94 102 101 103 109 102 104 99 101 104 105 10
103 95 101 94 99 106 101 106 97 99 103 15000 11
Chip#4
100 100 105 101 102 107 107 102 105 103 103 99 0
106 104 108 101 108 107 109 106 108 106 109 97 1
103 104 109 107 105 104 106 106 110 106 109 99 2
109 108 112 108 113 112 121 115 118 116 113 107 3
96 95 101 98 102 104 102 101 102 105 104 95 4
109 109 109 113 113 115 110 113 115 113 115 108 5
103 97 108 101 107 108 106 105 106 102 109 99 6
92 93 101 97 101 100 99 99 96 102 100 88 7
102 96 102 102 117 110 102 103 109 110 101 93 8
105 101 108 102 111 112 110 108 111 114 110 100 9
103 105 109 107 107 108 109 108 113 106 109 99 10
98 97 99 102 100 101 107 106 99 102 104 15000 11
