Chip#1
132 136 133 139 132 136 132 135 137 131 132 157 0
130 123 130 136 130 132 132 133 125 126 125 126 1
126 119 128 130 128 124 132 131 125 125 123 120 2
126 135 125 158 136 128 132 130 154 124 123 119 3
127 135 134 190 148 131 132 151 194 140 124 157 4
159 135 130 138 132 131 141 138 139 132 130 157 5
131 135 129 140 132 129 132 139 137 131 126 125 6
159 136 135 144 136 141 141 141 139 138 133 133 7
159 144 142 198 168 137 141 155 189 145 139 134 8
136 136 139 187 157 142 141 151 188 139 135 133 9
133 135 134 135 130 132 141 135 125 126 125 125 10
159 141 134 140 136 139 141 139 125 134 126 15000 11
Chip#2
131 135 127 121 131 130 136 135 135 131 134 130 0
130 132 128 125 145 133 133 133 133 134 134 131 1
131 137 127 123 128 131 133 131 132 127 133 130 2
123 123 117 120 145 122 125 127 129 124 124 121 3
133 138 120 125 129 134 131 129 137 130 130 125 4
127 141 123 121 127 133 136 130 130 124 128 126 5
128 134 124 121 131 131 131 133 130 130 128 128 6
131 137 125 124 127 130 134 139 137 127 134 130 7
132 135 125 131 145 133 133 134 143 128 127 131 8
132 134 124 125 129 131 134 130 135 124 128 127 9
131 139 121 125 128 133 131 133 132 128 127 131 10
141 141 129 126 137 140 136 138 133 131 130 15000 11
Chip#3
128 136 128 123 132 131 129 127 126 126 129 130 0
132 135 129 129 133 134 135 127 126 131 131 129 1
129 130 122 121 124 126 127 120 120 121 126 122 2
124 130 129 121 132 125 128 125 121 125 130 123 3
125 127 123 124 130 130 124 127 121 122 130 122 4
126 127 127 125 130 132 127 128 124 120 124 128 5
128 132 132 126 130 132 135 129 124 130 130 127 6
128 135 129 129 133 132 128 129 125 131 136 128 7
124 128 128 123 135 127 125 123 127 127 126 123 8
128 131 128 128 134 130 130 129 124 127 129 127 9
132 137 127 128 135 132 128 127 128 127 130 126 10
132 132 131 129 135 126 130 129 125 129 126 15000 11
Chip#4
117 116 119 117 114 128 118 117 120 115 119 120 0
121 119 119 116 113 124 116 123 115 110 118 116 1
125 120 122 125 116 133 122 123 125 118 127 122 2
126 123 119 122 117 132 123 125 124 121 126 126 3
126 124 119 118 122 128 123 120 124 120 124 122 4
120 119 118 122 118 130 118 120 119 118 122 121 5
127 122 122 122 117 137 120 126 123 121 129 127 6
125 124 122 125 121 137 122 124 121 122 128 126 7
127 122 124 124 119 129 124 125 126 124 126 124 8
124 118 119 120 112 125 120 118 119 122 121 119 9
121 122 124 122 120 127 122 124 123 121 123 121 10
130 128 131 126 122 133 130 130 129 129 125 15000 11
Chip#1
131 139 136 139 133 137 132 139 125 131 130 127 0
127 135 130 131 130 136 132 131 134 125 128 123 1
127 136 126 131 133 133 132 133 135 124 133 126 2
125 135 125 158 136 133 132 133 156 130 125 123 3
125 120 130 185 147 128 132 142 187 131 127 121 4
131 137 131 139 134 133 132 141 139 130 135 130 5
126 135 129 127 133 129 132 133 138 125 126 118 6
131 135 129 131 128 129 132 133 139 126 126 123 7
133 135 134 190 158 132 132 143 177 139 132 127 8
122 120 126 174 151 125 132 142 178 130 122 121 9
126 135 128 130 129 131 132 133 134 121 125 121 10
159 139 134 138 137 136 132 137 142 129 133 15000 11
Chip#2
128 130 124 116 128 133 136 130 130 130 131 125 0
130 127 124 120 125 129 133 130 127 126 127 122 1
131 127 123 124 125 127 127 133 130 131 130 123 2
128 124 123 120 127 126 126 127 130 128 130 123 3
131 131 123 121 128 127 129 128 133 128 132 126 4
125 128 119 115 127 129 129 127 130 128 130 123 5
125 130 123 116 124 130 130 127 126 128 130 123 6
133 132 120 125 129 133 130 131 137 131 135 123 7
128 128 119 126 131 130 125 130 132 126 128 123 8
137 139 129 131 133 134 136 137 137 132 138 130 9
130 134 125 121 131 134 131 129 132 128 128 123 10
134 132 124 123 132 129 133 131 135 127 133 15000 11
Chip#3
123 131 126 121 130 127 127 129 123 124 129 123 0
128 132 130 128 133 128 127 124 126 127 126 128 1
122 132 129 126 129 127 125 127 124 124 126 125 2
128 134 128 125 134 126 125 123 127 129 131 125 3
132 135 130 130 139 131 130 130 133 130 135 129 4
129 131 128 128 135 128 129 125 121 132 126 126 5
125 131 127 123 134 130 128 122 121 124 126 127 6
120 130 121 118 127 125 122 119 118 122 123 120 7
113 125 119 117 125 120 121 118 114 120 123 116 8
128 136 124 124 134 130 127 123 125 129 131 126 9
129 137 128 126 137 134 133 129 128 132 133 133 10
129 131 124 123 130 130 130 124 123 127 125 15000 11
Chip#4
128 126 125 122 119 130 126 124 123 122 129 123 0
120 118 116 118 113 124 116 120 119 117 125 119 1
122 115 113 116 115 120 113 115 119 116 119 120 2
126 119 118 119 117 129 122 123 125 121 125 126 3
125 124 118 120 123 132 122 125 125 119 127 124 4
125 123 122 123 121 132 125 120 127 121 123 126 5
126 122 121 123 120 129 120 125 120 120 127 122 6
131 124 126 127 127 136 127 131 126 130 136 128 7
126 122 122 124 119 128 123 125 123 124 122 124 8
127 123 119 119 123 132 118 126 124 118 126 123 9
125 122 120 118 117 130 125 124 126 124 123 120 10
125 122 122 120 119 127 120 119 120 121 126 15000 11
