Chipdp
84 2 82 2 16 6 4 10 6 11 6 10 7 11 7 4 7 6 8 6 7 7 8 7 4 4 6 5 6 4 7 5 7 4 1 6 2 6 1 7 2 7 4 10 9 11 9 10 10 11 10 4 7 9 8 9 7 10 8 10 4 4 9 5 9 4 10 5 10 4 1 9 2 9 1 10 2 10 4 10 3 11 3 10 4 11 4 4 7 3 8 3 7 4 8 4 4 4 3 5 3 4 4 5 4 4 1 3 2 3 1 4 2 4 4 10 0 11 0 10 1 11 1 4 7 0 8 0 7 1 8 1 4 4 0 5 0 4 1 5 1 4 1 0 2 0 1 1 2 1 4 10 6 11 6 10 7 11 7 4 7 6 8 6 7 7 8 7 4 4 6 5 6 4 7 5 7 4 1 6 2 6 1 7 2 7 4 10 9 11 9 10 10 11 10 4 7 9 8 9 7 10 8 10 4 4 9 5 9 4 10 5 10 4 1 9 2 9 1 10 2 10 4 10 3 11 3 10 4 11 4 4 7 3 8 3 7 4 8 4 4 4 3 5 3 4 4 5 4 4 1 3 2 3 1 4 2 4 4 10 0 11 0 10 1 11 1 4 7 0 8 0 7 1 8 1 4 4 0 5 0 4 1 5 1 4 1 0 2 0 1 1 2 1 
Chip#1
132 113 117 119 124 115 127 124 113 109 109 109 0
143 127 125 175 183 132 266 263 125 131 131 107 1
138 131 119 174 188 141 275 271 126 133 147 105 2
106 104 108 117 126 111 151 159 102 105 105 102 3
155 135 125 185 183 168 498 492 164 132 147 108 4
157 138 133 179 187 168 519 517 164 143 147 118 5
144 131 121 128 137 128 161 159 121 142 147 114 6
196 182 129 138 145 125 143 138 146 423 379 124 7
189 165 129 142 143 125 147 139 164 438 422 130 8
141 127 119 121 121 116 119 118 114 187 168 108 9
203 192 143 135 139 125 156 159 196 435 351 124 10
174 152 117 125 125 112 142 133 180 408 352 15000 11
Chip#2
112 106 104 104 104 100 100 96 98 106 102 100 0
112 104 106 104 109 104 139 141 98 108 104 102 1
112 101 103 104 105 96 189 178 98 104 102 100 2
112 106 104 100 101 99 107 104 98 105 97 100 3
112 111 110 107 109 108 388 418 98 112 108 110 4
112 110 108 103 111 108 440 450 98 106 102 100 5
112 109 109 107 106 108 106 107 98 121 115 110 6
112 111 100 98 99 96 96 101 98 415 343 94 7
112 110 108 104 109 103 103 104 98 290 248 105 8
112 106 113 100 108 106 101 102 98 148 126 109 9
112 112 110 103 99 99 103 101 105 515 356 103 10
112 111 106 100 100 99 101 100 105 245 192 15000 11
Chip#1
103 105 107 111 116 108 120 110 101 103 101 98 0
144 130 125 178 191 135 272 273 115 131 131 100 1
144 137 129 178 195 138 288 277 132 142 147 107 2
132 107 114 123 130 114 156 175 106 112 131 98 3
155 138 128 188 193 168 511 498 139 136 131 107 4
152 134 119 176 183 168 517 512 164 137 147 105 5
132 119 119 117 119 116 148 159 106 133 131 101 6
188 180 126 139 141 112 147 159 164 426 387 114 7
182 180 121 138 140 120 151 138 164 447 430 125 8
134 124 110 109 115 111 116 110 106 183 175 101 9
205 202 144 146 164 129 164 175 196 445 361 120 10
183 202 120 128 127 120 151 159 180 426 370 15000 11
Chip#2
112 96 102 92 95 97 93 91 105 99 97 98 0
112 106 106 102 103 102 137 136 105 99 102 100 1
112 103 103 102 105 106 190 178 105 104 102 100 2
112 106 108 100 99 111 107 110 105 105 99 107 3
112 107 110 107 110 109 393 418 105 107 105 103 4
112 108 108 107 108 108 446 458 105 107 105 99 5
128 105 104 98 101 104 101 104 105 112 110 102 6
82 112 108 100 100 100 100 96 105 424 351 98 7
112 120 108 107 109 110 110 107 105 296 256 109 8
112 115 110 109 106 114 105 108 105 154 131 110 9
112 113 110 104 106 99 102 103 100 527 364 104 10
112 109 103 95 94 97 97 95 99 245 199 15000 11
Chip#1
132 107 114 117 115 114 121 114 106 105 102 105 0
144 132 125 186 187 133 278 273 122 138 147 109 1
139 129 125 175 191 138 279 274 125 142 147 108 2
132 108 109 122 125 111 151 175 108 108 106 102 3
157 140 128 192 191 168 517 500 144 132 131 109 4
149 129 115 172 182 143 525 511 164 133 147 107 5
133 116 114 119 120 117 149 159 112 131 147 107 6
197 186 125 142 171 123 148 159 164 436 403 126 7
187 186 122 144 139 123 151 159 164 450 434 133 8
138 127 115 116 120 113 121 115 113 188 168 108 9
198 190 134 135 171 123 157 175 196 443 353 116 10
180 190 122 130 128 117 148 159 180 434 374 15000 11
Chip#2
112 108 104 103 103 103 100 100 99 105 100 99 0
112 112 108 104 106 100 142 143 99 106 106 108 1
112 113 107 110 110 106 193 178 99 109 109 107 2
128 105 109 103 109 104 102 110 100 107 106 109 3
112 110 107 107 109 106 387 418 99 111 105 104 4
81 106 103 103 111 108 441 459 99 107 106 102 5
112 100 102 102 108 102 103 100 99 108 110 100 6
112 112 112 105 111 106 106 106 100 429 357 110 7
128 109 110 103 104 105 103 101 99 289 253 104 8
112 107 109 103 103 105 101 96 99 153 126 105 9
112 113 104 98 101 98 98 93 105 531 365 104 10
112 111 106 103 99 100 100 97 72 253 201 15000 11
