Chip#1
141 170 297 41 142 126 64 52 62 85 135 189 0
141 170 306 55 151 126 80 59 62 85 135 189 1
141 170 308 55 159 126 80 65 78 94 135 189 2
141 170 310 98 163 126 80 71 110 95 135 189 3
125 170 443 1420 856 126 96 785 3886 974 160 199 4
141 170 527 2611 1311 126 112 1816 3912 1147 162 202 5
141 170 323 110 239 126 112 86 127 113 162 189 6
141 170 337 114 193 137 112 86 128 111 162 189 7
203 170 347 860 401 134 112 118 380 110 162 189 8
141 170 799 860 401 142 96 1043 3582 727 162 189 9
141 170 484 3795 1184 131 112 716 2782 341 162 189 10
203 170 328 111 239 126 96 76 94 85 162 15000 11
Chip#2
148 149 170 145 152 146 151 148 148 150 154 144 0
138 143 143 141 145 139 145 141 135 144 148 140 1
138 147 156 138 143 138 146 142 137 139 150 143 2
136 141 141 142 142 134 141 139 141 139 139 144 3
138 149 156 508 542 144 147 319 724 207 147 144 4
136 145 148 427 511 143 146 347 1010 199 147 141 5
147 151 156 149 156 148 154 148 154 151 160 151 6
142 144 146 141 145 143 154 141 141 146 149 141 7
140 139 156 366 261 143 147 200 535 148 148 143 8
147 153 172 863 626 148 154 599 1353 167 153 148 9
140 145 147 153 152 139 148 152 271 143 147 144 10
143 148 156 143 149 143 150 139 148 142 153 15000 11
Chip#3
100 100 100 100 100 100 100 100 100 100 100 100 241
100 100 100 100 100 100 100 100 100 100 100 100 241
100 100 100 100 100 100 100 100 100 100 100 100 241
100 100 100 100 100 100 100 100 100 100 100 100 241
100 100 100 100 100 100 100 100 100 100 100 100 241
100 100 100 100 100 100 100 100 100 100 100 100 241
100 100 100 100 100 100 100 100 100 100 100 100 241
100 100 100 100 100 100 100 100 100 100 100 100 241
100 100 100 100 100 100 100 100 100 100 100 100 241
100 100 100 100 100 100 100 100 100 100 100 100 241
100 100 100 100 100 100 100 100 100 100 100 100 241
100 100 100 100 100 100 100 100 100 100 100 15000 241
Chip#4
100 100 100 100 100 100 100 100 100 100 100 100 241
100 100 100 100 100 100 100 100 100 100 100 100 241
100 100 100 100 100 100 100 100 100 100 100 100 241
100 100 100 100 100 100 100 100 100 100 100 100 241
100 100 100 100 100 100 100 100 100 100 100 100 241
100 100 100 100 100 100 100 100 100 100 100 100 241
100 100 100 100 100 100 100 100 100 100 100 100 241
100 100 100 100 100 100 100 100 100 100 100 100 241
100 100 100 100 100 100 100 100 100 100 100 100 241
100 100 100 100 100 100 100 100 100 100 100 100 241
100 100 100 100 100 100 100 100 100 100 100 100 241
100 100 100 100 100 100 100 100 100 100 100 15000 241
