Chip#1
103 100 111 105 106 109 107 102 104 104 102 103 0 221 123 119 23
110 109 115 117 112 121 122 112 110 107 106 107 1 0 0 0 0
102 99 107 106 101 108 114 103 103 102 100 100 2 0 0 0 0
97 93 105 103 106 100 106 97 102 98 92 102 3 0 0 0 0
98 93 105 103 102 105 119 114 95 96 97 93 4 0 0 0 0
105 106 114 108 109 114 126 119 112 105 102 107 5 0 0 0 0
97 91 101 96 97 106 102 95 99 94 95 99 6 0 0 0 0
104 106 111 109 111 112 107 101 108 121 131 108 7 0 0 0 0
106 98 112 105 106 103 103 100 107 118 131 103 8 0 0 0 0
99 94 102 101 100 103 103 93 99 100 100 101 9 0 0 0 0
104 101 107 103 105 106 104 96 100 115 131 103 10 0 0 0 0
106 99 108 105 107 109 111 101 109 119 114 15000 11 0 0 0 0
Chip#2
128 106 108 105 108 105 106 103 102 107 105 107 0 155 124 104 23
80 101 100 95 99 97 103 101 72 98 99 99 1 0 0 0 0
112 101 101 100 100 100 110 104 102 101 102 100 2 0 0 0 0
112 108 103 98 100 104 102 102 102 105 102 103 3 0 0 0 0
128 108 101 99 104 105 129 126 102 106 100 104 4 0 0 0 0
112 106 104 104 106 108 138 135 102 107 110 108 5 0 0 0 0
112 106 102 98 103 102 105 97 102 105 99 104 6 0 0 0 0
112 114 102 103 103 103 101 107 102 133 129 102 7 0 0 0 0
112 108 107 104 105 103 105 106 102 122 122 103 8 0 0 0 0
112 104 101 99 99 102 101 102 102 105 106 102 9 0 0 0 0
112 108 101 98 100 105 102 102 102 145 129 100 10 0 0 0 0
112 107 103 100 98 102 101 98 102 113 112 15000 11 0 0 0 0
Chip#1
99 98 103 100 102 99 100 94 101 94 96 93 0 222 123 49 23
100 98 101 108 107 105 114 109 100 99 100 96 1 0 0 0 0
103 100 103 112 107 108 119 110 106 100 100 100 2 0 0 0 0
100 95 102 108 103 99 101 94 102 95 96 95 3 0 0 0 0
105 100 106 112 107 111 147 133 108 104 102 102 4 0 0 0 0
106 102 108 108 111 112 146 130 109 100 101 103 5 0 0 0 0
99 98 105 103 106 107 106 96 104 102 100 103 6 0 0 0 0
100 100 101 103 101 101 104 92 101 128 147 99 7 0 0 0 0
103 102 105 108 107 107 109 99 106 132 131 106 8 0 0 0 0
100 98 107 107 103 105 105 97 104 110 131 106 9 0 0 0 0
105 102 105 107 106 107 105 97 108 132 131 102 10 0 0 0 0
102 99 102 102 100 100 104 94 103 124 131 15000 11 0 0 0 0
Chip#2
77 95 92 94 93 94 93 92 72 94 94 95 0 155 123 235 23
112 105 107 99 101 102 112 110 102 101 98 105 1 0 0 0 0
112 108 103 105 105 105 124 126 102 107 102 107 2 0 0 0 0
112 104 100 104 103 103 101 107 102 106 95 103 3 0 0 0 0
112 108 101 104 103 105 156 162 102 109 102 110 4 0 0 0 0
112 108 107 102 105 109 166 178 102 108 104 112 5 0 0 0 0
112 106 101 99 99 102 105 101 102 106 103 105 6 0 0 0 0
112 105 102 99 94 98 100 101 102 160 146 105 7 0 0 0 0
79 94 96 94 90 91 95 91 72 131 120 99 8 0 0 0 0
112 99 94 97 95 97 100 97 102 107 100 105 9 0 0 0 0
112 99 100 98 95 98 95 101 102 176 148 102 10 0 0 0 0
112 106 102 98 103 99 98 102 102 132 121 15000 11 0 0 0 0
Chip#1
102 101 105 113 115 106 122 115 109 103 102 103 0 221 123 163 23
132 107 115 169 179 128 325 316 123 118 131 106 1 0 0 0 0
132 107 112 167 182 135 326 317 122 119 131 100 2 0 0 0 0
132 104 115 123 126 114 168 175 112 113 131 107 3 0 0 0 0
137 121 122 179 182 168 731 695 180 127 131 108 4 0 0 0 0
111 113 111 158 168 168 743 723 164 115 131 107 5 0 0 0 0
132 112 110 110 108 108 156 159 110 138 147 101 6 0 0 0 0
195 185 129 130 128 124 136 126 180 589 529 139 7 0 0 0 0
176 157 119 124 124 112 128 120 180 612 572 143 8 0 0 0 0
141 127 120 117 120 116 120 115 119 225 192 109 9 0 0 0 0
182 173 121 111 113 106 116 112 212 597 462 112 10 0 0 0 0
180 158 122 122 124 112 132 122 196 590 498 15000 11 0 0 0 0
Chip#2
112 102 106 104 101 104 103 102 102 106 105 107 0 155 123 77 23
112 104 104 100 110 108 169 162 102 108 109 109 1 0 0 0 0
128 108 106 110 118 106 263 256 102 107 110 108 2 0 0 0 0
112 107 107 108 104 102 120 119 102 106 103 108 3 0 0 0 0
112 113 104 107 109 109 506 535 102 109 109 110 4 0 0 0 0
112 109 106 110 114 111 578 584 102 107 108 105 5 0 0 0 0
112 107 106 107 108 108 111 108 102 116 108 108 6 0 0 0 0
112 112 102 103 108 103 106 104 102 554 448 108 7 0 0 0 0
112 109 102 104 104 105 106 99 102 365 301 103 8 0 0 0 0
128 105 108 104 105 108 104 106 102 173 135 109 9 0 0 0 0
112 119 107 105 103 105 106 108 120 723 484 112 10 0 0 0 0
128 113 110 108 105 108 103 104 120 317 252 15000 11 0 0 0 0
Chip#1
104 102 114 113 116 109 126 123 112 113 105 103 0 220 123 199 23
112 112 119 186 198 143 372 364 132 129 131 106 1 0 0 0 0
138 115 122 190 206 168 385 371 139 131 147 114 2 0 0 0 0
109 107 115 130 132 115 188 193 118 113 111 112 3 0 0 0 0
140 127 126 194 193 184 844 805 180 128 147 112 4 0 0 0 0
137 119 123 180 186 200 869 839 196 134 147 113 5 0 0 0 0
121 123 116 119 122 119 179 178 118 147 147 106 6 0 0 0 0
201 191 126 132 131 120 137 130 180 669 597 140 7 0 0 0 0
192 178 128 127 128 119 136 131 196 702 659 147 8 0 0 0 0
144 128 114 117 121 115 126 115 122 251 206 115 9 0 0 0 0
205 197 131 124 126 115 136 129 228 693 534 131 10 0 0 0 0
184 197 119 118 114 109 127 122 212 666 560 15000 11 0 0 0 0
Chip#2
128 101 102 107 106 100 105 103 88 106 103 109 0 154 124 99 23
112 107 101 100 113 104 192 194 88 107 105 105 1 0 0 0 0
112 114 107 118 124 106 346 309 88 113 110 112 2 0 0 0 0
112 98 98 98 103 99 116 110 72 96 95 102 3 0 0 0 0
128 112 109 113 118 115 696 746 97 115 114 113 4 0 0 0 0
112 109 107 113 121 116 831 837 97 113 109 108 5 0 0 0 0
112 102 107 108 109 113 119 114 97 121 120 109 6 0 0 0 0
128 117 108 105 108 110 110 112 105 825 647 110 7 0 0 0 0
128 123 110 112 111 106 111 110 100 541 429 112 8 0 0 0 0
112 107 103 102 106 108 111 102 100 229 157 110 9 0 0 0 0
112 129 119 107 114 109 116 114 144 1164 767 115 10 0 0 0 0
112 113 103 104 106 97 107 100 88 475 346 15000 11 0 0 0 0
Chip#1
98 102 106 115 113 107 128 123 109 103 101 102 0 223 123 173 23
134 114 120 193 201 140 388 380 135 123 131 109 1 0 0 0 0
132 116 120 187 206 168 389 375 132 126 147 109 2 0 0 0 0
118 114 121 134 138 121 199 196 116 118 131 111 3 0 0 0 0
143 128 129 200 201 184 885 853 180 129 131 117 4 0 0 0 0
118 115 120 180 186 184 905 875 180 127 131 112 5 0 0 0 0
139 125 121 123 121 123 186 183 119 155 147 112 6 0 0 0 0
202 197 125 127 128 117 137 120 196 697 623 137 7 0 0 0 0
194 181 124 130 127 120 138 159 212 740 694 150 8 0 0 0 0
141 127 116 113 115 107 116 111 118 249 203 108 9 0 0 0 0
206 201 133 128 118 117 136 125 228 720 553 127 10 0 0 0 0
186 176 122 118 121 115 135 123 212 699 584 15000 11 0 0 0 0
Chip#2
128 111 107 104 109 103 106 107 144 106 105 107 0 153 124 141 23
128 109 104 107 118 108 207 211 144 108 111 117 1 0 0 0 0
112 114 104 113 120 109 362 331 144 105 106 112 2 0 0 0 0
112 105 106 104 106 108 129 124 88 104 99 108 3 0 0 0 0
128 114 104 109 120 114 744 797 144 111 110 113 4 0 0 0 0
112 108 104 111 119 117 880 902 98 108 108 108 5 0 0 0 0
112 112 107 107 108 109 116 112 98 125 116 109 6 0 0 0 0
112 119 107 105 109 105 112 108 113 878 693 108 7 0 0 0 0
128 119 109 107 111 113 116 110 100 578 452 113 8 0 0 0 0
112 114 108 105 114 111 114 110 98 239 163 114 9 0 0 0 0
112 121 107 99 105 98 105 107 143 1237 802 108 10 0 0 0 0
128 114 104 95 101 99 100 98 88 508 361 15000 11 0 0 0 0
Chip#1
111 107 115 118 122 108 133 129 109 104 131 108 0 221 123 206 23
135 119 124 200 206 168 396 388 164 129 147 113 1 0 0 0 0
113 117 116 186 205 141 400 385 134 123 131 103 2 0 0 0 0
102 101 110 122 128 109 178 187 107 109 105 100 3 0 0 0 0
140 129 124 200 200 200 903 867 180 127 131 109 4 0 0 0 0
144 122 126 182 193 200 936 903 196 132 131 112 5 0 0 0 0
118 120 117 123 121 117 183 176 118 150 147 107 6 0 0 0 0
214 207 133 136 135 123 142 130 196 720 643 144 7 0 0 0 0
193 179 121 127 127 117 136 129 212 757 707 147 8 0 0 0 0
141 135 120 117 120 114 120 117 116 259 211 112 9 0 0 0 0
207 203 138 127 125 120 137 127 244 741 566 127 10 0 0 0 0
193 178 126 123 121 115 136 124 228 716 596 15000 11 0 0 0 0
Chip#2
128 112 108 109 111 106 112 107 143 109 106 113 0 155 124 165 23
128 111 107 112 115 108 212 217 88 112 112 116 1 0 0 0 0
128 112 109 116 120 108 376 343 143 111 115 114 2 0 0 0 0
112 106 102 99 103 104 128 124 88 107 99 105 3 0 0 0 0
128 107 99 104 109 106 767 821 143 106 106 101 4 0 0 0 0
112 108 104 111 120 117 912 946 143 107 106 103 5 0 0 0 0
128 105 107 103 108 111 118 112 143 128 119 108 6 0 0 0 0
112 124 109 109 114 110 112 113 112 916 727 115 7 0 0 0 0
128 120 110 115 111 110 115 112 98 594 471 107 8 0 0 0 0
112 104 106 103 104 106 109 108 98 238 158 105 9 0 0 0 0
128 132 109 105 110 106 107 107 152 1295 841 110 10 0 0 0 0
128 125 110 107 111 108 110 110 104 528 382 15000 11 0 0 0 0
