Chip#1
95 101 93 100 104 98 107 104 96 97 101 96 0 245 123 110 23
99 101 90 92 97 91 101 102 89 95 96 91 1 0 0 0 0
101 95 98 98 104 94 102 99 96 97 99 92 2 0 0 0 0
99 99 94 100 104 91 101 124 97 101 100 94 3 0 0 0 0
98 98 99 95 104 94 108 104 97 98 104 97 4 0 0 0 0
99 96 92 95 104 92 102 101 92 99 99 93 5 0 0 0 0
99 104 97 101 104 99 109 108 96 99 102 97 6 0 0 0 0
99 101 91 101 96 96 106 106 101 100 100 97 7 0 0 0 0
96 96 98 98 104 92 106 105 100 103 105 97 8 0 0 0 0
94 99 93 99 104 90 105 101 92 97 99 93 9 0 0 0 0
103 101 99 98 104 103 107 105 100 103 102 96 10 0 0 0 0
101 100 98 101 102 95 106 105 95 99 103 15000 11 0 0 0 0
Chip#1
100 100 94 104 104 98 109 124 97 98 105 102 0 245 123 185 23
95 102 92 95 104 92 101 97 89 93 96 94 1 0 0 0 0
99 106 94 98 98 91 101 102 92 97 100 91 2 0 0 0 0
101 101 95 99 102 98 107 107 97 101 101 97 3 0 0 0 0
99 105 98 99 104 98 107 105 100 103 105 104 4 0 0 0 0
98 101 94 95 97 93 107 103 94 94 100 93 5 0 0 0 0
100 103 97 103 104 102 106 107 101 101 107 101 6 0 0 0 0
100 105 98 103 104 95 106 107 100 105 105 101 7 0 0 0 0
99 103 90 102 104 92 102 101 95 97 104 94 8 0 0 0 0
100 106 95 102 104 95 106 105 97 100 106 97 9 0 0 0 0
101 105 93 103 104 96 108 108 99 103 105 98 10 0 0 0 0
96 96 90 99 104 88 108 105 94 94 99 15000 11 0 0 0 0
Chip#1
131 135 117 121 109 120 121 134 118 138 122 117 0 246 123 168 23
261 309 130 136 123 119 160 161 118 188 165 116 1 0 0 0 0
280 342 150 135 127 126 158 165 128 190 187 117 2 0 0 0 0
137 161 114 123 118 122 131 145 126 137 130 116 3 0 0 0 0
166 179 132 150 150 138 195 192 139 184 167 122 4 0 0 0 0
146 166 116 145 141 127 173 170 125 160 150 116 5 0 0 0 0
127 126 119 137 129 131 140 152 129 141 129 120 6 0 0 0 0
141 161 121 180 169 126 180 189 130 205 183 115 7 0 0 0 0
141 157 118 159 149 124 164 172 124 172 167 116 8 0 0 0 0
131 145 127 132 128 127 143 153 128 146 134 120 9 0 0 0 0
142 160 121 145 138 124 209 218 117 184 167 115 10 0 0 0 0
149 160 123 144 141 134 182 186 117 165 153 15000 11 0 0 0 0
Chip#1
150 149 123 134 127 130 140 145 127 140 142 133 0 245 122 166 23
391 460 165 166 150 139 206 201 146 250 221 136 1 0 0 0 0
424 514 195 163 160 143 203 203 153 253 221 132 2 0 0 0 0
162 191 136 145 138 140 160 165 141 160 150 131 3 0 0 0 0
202 219 144 178 177 154 245 235 154 223 202 128 4 0 0 0 0
184 207 145 175 180 151 219 210 142 207 185 128 5 0 0 0 0
142 155 133 153 147 143 158 168 143 159 147 131 6 0 0 0 0
185 201 142 238 234 156 243 244 158 279 251 136 7 0 0 0 0
182 197 146 206 205 156 217 221 155 232 224 143 8 0 0 0 0
140 161 130 146 141 140 170 176 141 170 161 131 9 0 0 0 0
185 212 147 185 184 153 293 304 161 255 229 138 10 0 0 0 0
172 195 140 164 169 150 227 234 147 201 187 15000 11 0 0 0 0
Chip#1
171 175 146 151 142 157 156 163 146 160 161 150 0 246 123 123 23
484 568 193 188 175 158 239 234 166 301 264 156 1 0 0 0 0
503 643 228 184 179 161 235 234 174 301 259 148 2 0 0 0 0
184 216 149 153 152 156 177 178 151 178 160 148 3 0 0 0 0
228 251 159 200 202 169 293 277 168 269 230 138 4 0 0 0 0
208 238 156 197 195 166 247 241 161 239 207 143 5 0 0 0 0
155 162 149 170 167 164 179 186 156 181 160 144 6 0 0 0 0
212 229 159 273 276 178 286 290 177 332 303 150 7 0 0 0 0
197 215 151 222 224 165 241 248 161 268 256 144 8 0 0 0 0
151 169 145 159 156 151 185 191 153 189 170 140 9 0 0 0 0
213 241 164 209 214 176 357 355 176 296 264 149 10 0 0 0 0
202 210 157 190 191 164 267 270 161 230 209 15000 11 0 0 0 0
Chip#1
172 174 146 154 140 151 158 169 148 164 165 151 0 245 123 142 23
540 653 206 198 183 165 257 250 175 333 295 160 1 0 0 0 0
577 747 256 198 190 172 261 254 182 338 288 159 2 0 0 0 0
196 233 161 164 157 165 185 195 160 189 171 150 3 0 0 0 0
243 275 169 222 216 180 323 304 176 294 259 150 4 0 0 0 0
242 265 174 214 220 185 281 272 176 271 237 157 5 0 0 0 0
155 172 159 179 172 168 191 198 164 191 170 151 6 0 0 0 0
228 248 166 301 312 186 317 317 188 370 338 157 7 0 0 0 0
211 229 165 247 244 174 267 268 172 302 280 149 8 0 0 0 0
170 188 157 171 167 168 203 211 163 202 183 154 9 0 0 0 0
228 260 175 222 228 182 388 388 186 331 293 156 10 0 0 0 0
228 239 173 211 217 182 309 309 176 259 238 15000 11 0 0 0 0
