Chip#1
115 111 109 116 108 115 103 115 114 107 114 115 0
113 115 115 119 114 116 103 114 114 116 114 116 1
113 110 115 120 110 114 103 114 114 111 116 115 2
122 122 126 158 133 124 103 129 159 124 122 123 3
114 106 112 182 138 116 103 131 180 121 113 109 4
119 111 119 124 123 120 103 121 125 114 114 123 5
116 114 115 120 123 118 103 121 125 112 114 118 6
119 118 119 124 116 119 103 122 109 118 119 116 7
117 115 124 180 147 114 103 138 170 127 115 120 8
114 110 116 180 136 115 103 126 165 117 113 115 9
126 127 130 130 127 128 103 126 125 125 124 125 10
122 122 123 127 117 126 103 119 109 117 120 15000 11
Chip#2
118 121 105 107 121 120 125 115 118 114 119 114 0
117 127 113 111 120 119 122 117 118 112 119 118 1
117 120 107 107 114 113 115 116 115 110 110 110 2
105 116 103 110 117 105 108 116 115 105 106 108 3
108 119 103 107 116 112 109 113 116 107 107 109 4
123 130 112 113 120 126 120 119 125 116 118 115 5
108 114 107 100 112 110 111 110 115 109 108 109 6
105 120 108 110 117 115 109 112 115 108 115 113 7
111 112 103 110 118 109 109 112 123 105 110 108 8
118 120 111 110 124 115 116 117 120 110 118 115 9
114 119 107 108 113 116 113 112 113 104 108 110 10
120 126 112 111 122 119 118 116 118 112 112 15000 11
Chip#3
116 114 116 114 122 116 113 117 114 121 117 113 0
111 111 114 106 116 110 112 109 111 109 109 113 1
120 117 117 113 125 116 118 116 116 115 123 118 2
105 112 108 110 120 110 112 108 110 112 110 108 3
119 121 117 115 127 117 122 118 117 119 115 115 4
108 112 114 112 113 116 110 112 110 114 112 111 5
115 119 119 117 122 121 118 113 116 115 119 115 6
118 125 120 118 129 121 116 119 118 125 119 119 7
109 111 111 108 116 109 111 108 111 110 109 106 8
112 118 116 113 122 120 116 118 117 118 118 113 9
111 113 115 106 120 114 108 112 109 113 112 110 10
113 116 112 110 119 115 117 111 110 114 112 15000 11
Chip#4
115 113 112 116 113 119 113 114 119 110 117 109 0
120 114 115 118 114 121 115 118 125 111 119 111 1
126 118 128 118 119 128 122 119 124 115 126 116 2
122 121 120 123 119 123 119 119 121 117 127 120 3
116 115 114 115 113 118 117 113 119 114 120 109 4
118 107 119 112 114 121 107 111 123 113 118 111 5
122 115 118 118 116 127 118 119 123 117 125 119 6
125 120 122 119 119 126 120 123 123 122 125 116 7
125 120 121 126 120 129 124 123 125 121 123 117 8
115 106 116 119 109 125 122 114 116 115 118 114 9
131 124 120 131 120 134 126 130 130 124 127 123 10
131 126 125 123 117 125 119 119 127 121 124 15000 11
