Chip#1
192 312 430 152 162 221 258 171 232 125 281 291 0
205 318 436 158 166 238 258 181 238 136 297 298 1
201 322 441 161 165 235 274 182 238 131 297 295 2
207 323 441 160 171 234 274 181 238 135 297 299 3
209 325 438 163 173 237 274 186 241 137 297 298 4
211 321 440 163 174 242 274 189 244 139 297 302 5
207 321 434 152 171 234 258 183 235 133 297 297 6
215 330 446 161 178 240 274 192 245 142 297 303 7
204 318 431 145 166 238 258 187 239 140 297 302 8
217 326 445 169 171 242 274 194 243 140 313 303 9
216 330 444 165 174 235 274 190 242 139 313 301 10
217 322 439 156 172 238 274 186 243 138 297 300 11
Chip#2
321 435 412 310 303 423 394 326 378 252 329 433 0
318 435 506 310 301 407 394 318 378 251 313 433 1
327 435 508 310 304 423 394 327 378 248 313 438 2
315 419 412 294 304 407 394 324 378 251 313 437 3
321 435 412 310 306 423 394 322 378 247 313 436 4
319 435 507 310 303 423 394 322 378 245 313 433 5
321 435 508 310 300 423 394 324 378 251 313 434 6
315 419 396 294 298 407 394 313 378 245 228 426 7
315 435 504 310 301 407 394 316 378 251 313 430 8
325 435 412 294 302 407 394 319 378 256 313 434 9
327 435 506 310 309 423 394 321 378 254 313 429 10
318 435 504 310 301 407 392 317 373 237 313 427 11
Chip#3
371 458 521 331 406 363 429 453 395 423 395 362 0
371 450 514 315 400 347 421 441 340 415 395 362 1
373 456 520 331 408 363 429 453 347 425 395 362 2
376 460 523 331 406 363 432 454 399 428 395 362 3
368 454 521 331 408 363 429 452 394 424 458 362 4
368 455 517 263 404 347 429 449 345 425 379 362 5
373 463 526 347 411 363 435 454 398 430 395 362 6
368 455 516 331 405 347 427 446 347 421 395 362 7
369 451 516 331 404 347 427 447 344 421 395 362 8
364 450 515 315 400 347 422 447 344 420 395 362 9
363 449 514 331 401 347 421 445 341 419 395 362 10
370 458 519 331 404 363 430 451 348 425 395 362 11
Chip#4
365 364 284 332 340 380 347 341 347 326 366 406 0
365 364 288 337 341 385 298 341 347 332 362 408 1
365 364 287 334 342 387 363 364 363 330 362 405 2
365 365 290 338 341 388 363 343 363 332 362 403 3
365 362 287 337 342 383 299 341 347 331 362 404 4
365 366 293 340 343 388 301 369 363 331 361 409 5
365 365 292 338 343 392 301 372 363 331 366 406 6
365 369 296 343 347 396 363 373 363 335 363 409 7
365 368 296 343 345 395 303 380 363 336 365 409 8
365 368 290 339 340 389 300 343 347 329 365 401 9
365 371 301 341 352 394 363 377 363 337 364 411 10
365 367 299 342 347 395 363 379 379 339 362 412 11
