Chip#1
105 101 102 110 98 107 99 109 102 107 106 100 0
101 96 95 106 94 104 94 106 96 98 101 94 1
108 99 100 106 103 111 97 109 101 100 110 102 2
99 91 99 103 89 103 96 98 97 101 104 94 3
109 93 103 104 98 102 97 110 101 102 105 95 4
109 100 103 114 98 110 102 110 102 107 111 101 5
103 95 98 107 99 109 101 104 100 102 109 99 6
105 101 99 108 98 108 101 106 97 102 102 100 7
108 98 102 111 101 109 101 107 102 99 111 102 8
105 105 105 115 103 110 106 113 104 107 110 102 9
101 99 103 107 97 110 98 105 97 101 101 93 10
101 96 99 107 96 102 96 101 95 98 102 15000 11
Chip#2
102 99 92 94 98 102 100 100 103 94 106 98 0
108 110 100 98 106 108 102 107 109 97 110 102 1
102 101 89 94 100 98 98 101 104 93 104 98 2
105 99 93 95 102 101 95 100 99 96 106 102 3
100 103 92 94 105 101 97 104 101 95 102 97 4
110 110 93 99 108 105 101 102 111 100 109 103 5
104 112 97 98 109 106 105 105 104 101 109 103 6
98 105 92 94 105 100 100 101 99 96 103 97 7
101 103 91 93 100 98 94 102 101 96 103 98 8
110 107 99 99 106 105 101 108 108 101 106 100 9
100 102 88 92 105 98 98 102 102 93 100 97 10
95 98 89 89 98 94 93 97 95 89 95 15000 11
Chip#3
104 111 106 101 105 108 106 105 104 105 109 102 0
102 105 103 98 102 105 103 95 99 99 105 100 1
102 107 105 99 108 109 106 100 100 108 110 105 2
102 103 105 101 102 105 101 101 92 102 108 101 3
98 104 103 95 107 100 100 95 96 95 105 101 4
102 107 105 99 107 104 102 100 100 99 108 104 5
104 108 105 98 107 106 106 101 97 103 107 101 6
98 102 101 93 98 102 100 96 93 98 104 103 7
104 109 105 101 108 106 105 102 102 104 107 101 8
101 99 105 98 106 104 101 96 97 95 103 100 9
100 104 105 99 103 104 101 100 102 104 104 99 10
99 99 102 98 101 100 101 94 96 97 103 15000 11
Chip#4
107 106 102 98 100 113 102 105 104 98 103 106 0
98 95 95 96 97 109 99 96 99 96 103 98 1
105 101 98 101 100 112 103 99 101 93 103 101 2
110 105 99 105 100 110 102 105 109 98 111 108 3
101 104 101 102 102 114 101 107 104 98 107 102 4
102 95 93 95 95 104 93 94 98 92 100 101 5
108 105 100 101 102 109 103 101 99 99 106 106 6
113 104 107 104 104 108 109 108 107 104 110 107 7
109 105 104 101 104 110 103 103 107 103 110 106 8
103 104 105 104 102 113 103 101 104 101 109 103 9
113 104 104 108 101 113 112 111 114 108 114 107 10
105 102 101 98 97 107 98 97 99 98 105 15000 11
Chip#1
95 99 92 98 86 100 91 97 93 93 99 93 0
101 100 99 102 93 102 96 105 93 102 100 96 1
107 103 103 104 99 110 102 106 105 102 114 101 2
102 101 99 103 92 101 97 98 100 99 104 92 3
95 95 98 102 88 104 93 102 95 98 101 95 4
98 94 94 98 92 96 95 105 95 96 98 93 5
98 100 104 102 97 106 100 109 101 100 102 96 6
101 100 102 98 94 100 97 101 96 98 102 97 7
105 95 104 106 94 104 97 109 101 102 106 99 8
105 100 108 104 96 105 102 108 102 105 105 101 9
103 99 99 103 97 102 98 101 97 98 102 99 10
102 96 102 103 94 108 102 104 98 102 101 15000 11
Chip#2
101 106 93 94 101 105 99 108 103 100 107 96 0
105 107 97 99 105 109 102 108 109 104 108 101 1
102 103 95 95 99 101 101 102 101 96 106 100 2
107 103 99 96 101 104 105 108 103 104 108 100 3
102 102 93 92 106 105 101 102 101 99 106 96 4
107 101 97 98 102 104 104 108 110 103 110 100 5
101 103 97 92 104 102 97 101 105 96 103 94 6
101 101 95 94 102 98 98 102 103 97 107 96 7
101 97 93 94 94 101 97 95 98 92 102 93 8
107 109 97 99 102 108 105 108 106 100 107 97 9
101 102 91 94 102 105 102 104 98 100 103 100 10
105 98 92 93 104 102 101 100 99 96 105 15000 11
Chip#3
105 109 102 103 106 108 105 105 99 104 105 103 0
107 107 105 98 104 105 107 105 98 103 109 100 1
101 102 103 99 102 106 106 104 102 99 105 100 2
101 104 103 96 106 108 100 99 98 99 105 100 3
99 98 100 97 104 102 100 101 96 99 100 95 4
101 99 98 96 101 104 102 99 94 102 102 100 5
97 102 101 97 103 103 99 100 94 93 103 99 6
103 107 101 99 104 109 105 102 103 102 108 104 7
98 102 100 96 104 103 97 96 94 99 100 99 8
102 109 101 102 108 110 105 102 100 103 108 100 9
98 102 97 96 98 105 95 95 94 98 104 100 10
99 96 97 91 99 102 92 95 91 97 94 15000 11
Chip#4
108 102 95 99 98 104 99 101 97 99 101 101 0
110 101 106 103 97 108 103 102 101 106 110 104 1
112 101 102 98 101 112 102 107 105 102 114 107 2
107 100 104 101 101 107 102 102 99 101 110 98 3
105 99 100 99 101 104 102 102 101 99 108 102 4
105 101 99 98 101 107 103 103 102 103 109 103 5
104 94 96 97 96 105 99 103 101 101 103 101 6
99 94 98 97 95 102 100 101 102 102 110 96 7
101 95 94 98 96 103 97 96 101 96 106 96 8
104 92 95 104 99 107 104 103 103 99 105 102 9
108 102 101 105 98 108 106 106 103 105 105 104 10
109 102 100 103 101 109 100 102 96 97 106 15000 11
Chip#1
104 101 102 106 94 108 101 108 100 98 101 101 0
99 94 94 106 85 106 93 100 95 96 97 96 1
107 98 100 103 96 106 98 106 97 97 104 101 2
105 99 98 104 99 107 100 105 101 101 98 95 3
102 94 98 103 94 106 97 105 101 98 100 95 4
101 95 94 100 97 100 96 102 98 97 96 98 5
108 104 103 110 98 108 106 113 105 105 105 100 6
104 98 100 104 93 104 101 102 102 101 104 102 7
95 90 96 108 93 102 93 101 97 99 100 94 8
113 104 112 115 101 112 93 112 106 112 113 106 9
98 92 93 99 88 100 91 98 92 93 101 90 10
99 98 96 104 93 105 97 104 97 97 100 15000 11
Chip#2
104 103 95 97 101 104 105 104 102 97 108 97 0
101 99 91 90 98 102 100 98 102 96 99 94 1
105 106 97 98 106 105 105 108 102 106 106 101 2
97 101 95 94 102 98 100 100 98 96 103 90 3
100 106 97 97 101 105 104 102 101 99 106 94 4
101 102 92 95 101 105 102 98 105 99 106 96 5
102 98 96 93 99 101 102 102 95 96 103 96 6
101 101 92 94 97 102 102 101 102 99 100 96 7
105 103 96 94 101 104 102 101 98 100 107 98 8
100 101 95 92 98 98 100 100 101 96 100 96 9
102 98 93 90 98 104 97 98 98 97 99 93 10
105 102 95 97 97 101 100 105 105 97 102 15000 11
Chip#3
100 103 103 101 104 106 103 102 100 103 105 103 0
104 105 102 99 106 106 102 102 100 102 104 104 1
104 104 107 98 103 109 102 99 102 98 108 90 2
106 108 107 106 106 113 108 100 106 104 109 107 3
102 104 107 97 106 108 106 102 99 102 107 103 4
101 107 101 97 103 108 103 105 98 102 102 103 5
103 104 106 97 101 106 103 99 100 101 105 104 6
104 109 107 104 104 108 106 107 104 108 110 104 7
104 104 102 103 103 103 108 107 103 100 108 104 8
107 102 108 99 109 110 112 107 102 105 108 105 9
99 103 103 102 110 108 106 105 100 106 112 104 10
97 102 103 98 109 102 103 100 98 98 105 15000 11
Chip#4
106 95 99 97 95 108 103 99 101 101 105 96 0
104 100 105 101 97 110 103 102 104 98 106 102 1
103 95 101 103 98 107 100 102 102 99 106 101 2
111 106 101 102 104 110 106 105 108 104 117 107 3
108 104 101 102 104 116 105 106 109 104 110 103 4
109 105 104 103 101 112 104 106 109 102 109 108 5
105 99 98 97 98 105 103 100 103 101 108 98 6
116 109 109 109 106 117 109 113 115 111 122 110 7
105 104 104 105 100 110 104 105 105 98 110 100 8
109 102 104 105 101 116 105 108 107 104 114 104 9
109 99 104 98 101 109 103 106 107 102 112 103 10
107 104 101 97 96 107 103 103 107 97 107 15000 11
Chip#1
99 95 102 106 96 106 99 101 101 102 100 95 0
95 94 98 98 95 104 94 102 94 96 99 95 1
103 98 102 103 94 100 100 108 125 96 102 96 2
111 109 106 115 106 115 100 113 106 111 109 104 3
97 93 100 102 90 102 98 104 97 94 97 96 4
102 96 95 100 94 101 93 105 100 102 102 94 5
102 100 103 107 97 105 101 108 100 98 105 104 6
107 101 102 108 94 105 103 108 98 103 104 101 7
105 101 99 107 94 106 101 106 104 101 101 98 8
105 101 102 108 102 108 101 108 105 102 104 100 9
108 99 106 106 98 105 102 106 100 103 105 101 10
107 104 107 108 103 112 106 112 104 105 104 15000 11
Chip#2
101 103 96 98 105 105 104 105 102 101 107 98 0
105 109 100 97 102 100 106 100 103 99 102 97 1
108 107 99 97 106 105 105 108 105 105 108 97 2
101 109 96 99 102 104 106 106 103 100 103 96 3
100 101 96 93 99 101 101 98 96 92 100 92 4
98 101 95 97 97 97 100 98 102 96 103 94 5
95 96 88 87 97 94 94 98 91 93 96 85 6
102 101 95 92 101 101 101 98 94 97 102 93 7
104 102 92 97 99 102 101 98 98 97 105 96 8
97 102 92 94 99 97 95 98 102 93 99 92 9
100 102 95 97 98 100 100 101 101 93 105 94 10
102 105 99 102 102 101 104 101 103 99 105 15000 11
Chip#3
98 105 103 99 110 103 103 98 96 101 103 100 0
104 108 105 101 106 102 107 102 98 99 104 101 1
102 107 106 102 106 109 106 106 102 105 104 104 2
107 112 112 104 114 106 108 103 101 104 104 105 3
100 102 106 96 109 104 101 96 96 102 105 99 4
106 107 110 106 108 110 110 108 105 108 107 108 5
105 109 103 102 109 110 107 101 97 104 109 103 6
94 104 99 92 103 99 100 93 94 94 102 90 7
102 100 100 98 99 100 102 98 93 101 104 99 8
101 102 103 98 103 103 102 99 97 97 100 99 9
100 105 102 93 108 105 101 96 94 99 102 101 10
101 107 103 99 107 104 101 100 98 99 105 15000 11
Chip#4
106 95 95 94 97 103 100 99 96 96 100 98 0
103 101 98 97 100 105 100 102 99 101 106 97 1
102 104 104 99 101 109 104 106 107 103 108 104 2
107 106 101 102 100 103 100 99 99 103 107 104 3
107 102 102 103 102 107 101 102 105 108 110 103 4
105 106 100 102 102 109 104 106 105 104 108 103 5
99 99 100 97 97 105 97 99 102 101 102 95 6
102 102 97 98 102 108 101 100 101 96 107 97 7
107 101 99 102 101 103 104 105 103 104 110 98 8
98 97 98 97 96 105 100 101 102 95 102 100 9
99 93 93 97 92 99 100 93 98 93 101 94 10
104 100 100 102 105 109 103 101 105 98 106 15000 11
