Chip#1
93 99 89 90 104 87 105 105 95 95 93 96 0
101 105 92 95 104 96 111 124 96 100 102 105 1
95 103 94 101 104 98 107 113 97 104 105 101 2
100 102 99 98 105 99 112 124 100 105 101 103 3
101 104 97 97 104 92 113 108 102 106 104 107 4
93 105 95 94 104 100 111 112 94 100 100 99 5
105 109 102 103 105 103 115 124 107 112 109 111 6
103 111 102 103 104 104 112 126 100 105 111 110 7
98 96 90 89 104 92 105 104 95 97 100 97 8
104 109 94 99 104 100 112 112 104 104 105 105 9
105 109 102 99 104 103 115 124 101 107 105 101 10
101 110 94 98 104 102 109 114 100 106 105 15000 11
