80.6875
81.25
83.1875
85.625
87.375
89.9375
92.375
94.75
96.9375
99
100.9375
102.75
104.4375
105.9375
106.75
106.5
105.25
103.125
103.375
105.0625
106.3125
104.5625
104.375
105.125
106.0625
106.1875
105.125
104.375
104.5
105.1875
106.125
106.25
105.3125
104.1875
104.3125
105.0625
106.0625
106.375
105.6875
104.5
104.375
105.0625
106
106.25
105.375
104.4375
104.625
105.4375
106.4375
106.375
105.6875
104.5
104.4375
105.1875
106.1875
106.375
105.5625
104.625
104.6875
105.4375
106.375
106.25
105.625
104.375
103.375
103.625
104.5625
105.6875
106.5625
106.125
105.0625
104.625
105.25
106
106.3125
105.5
104.6875
104.875
105.8125
106.6875
106.3125
105.3125
104.5
105
105.6875
106.625
106.375
105.375
104.5625
105
106.0625
106.625
105.8125
104.6875
104.4375
105.0625
106.125
106.5625
105.9375
104.875
103.75
103.875
104.875
106.25
106.75
106.125
105.0625
103.875
103.875
104.875
105.6875
106.8125
106.625
105.75
104.4375
104.5625
105.4375
106.375
106.125
105.1875
104
103.6875
104.5
105.6875
106.5
106.125
105.5625
104.375
103.5625
103.9375
105
106.1875
106.3125
105.875
104.875
103.8125
104
105
106.25
106.6875
106.0625
105
104.1875
103.6875
104.4375
105.6875
106.75
106.5625
105.6875
104.5625
104.625
105.25
106.375
106.4375
105.6875
104.625
104.125
106.625
103.5625
104.3125
106.0625
106.875
106.4375
105.8125
104.6875
104
104.625
105.75
106.375
105.875
104.875
103.875
103.9375
104.9375
105.75
106.3125
105.8125
104.875
103.875
104.0625
105.1875
106.8125
106.375
105.375
104.1875
104.4375
105.25
106.9375
106.8125
105.9375
104.8125
103.6875
103.625
104.375
105.5625
106.5625
106.3125
105.4375
104.3125
104.125
104.9375
105.6875
106.375
105.875
104.875
103.875
104
105
106.1875
106.375
105.9375
105
104
104.1875
105.3125
106.5
106.4375
105.625
104.5
103.875
104.125
105.25
106.5625
106.8125
106.0625
105
103.875
103.9375
105
106.25
104.125
106.3125
106.0625
105.1875
104.0625
103.625
104.4375
105.75
106.3125
106
105.125
104
103.5625
104.25
105.4375
106.4375
106.25
105.6875
104.25
104.0625
105
106.3125
106.6875
106.25
104.9375
104.1875
103.9375
104.875
106.125
106.4375
105.75
104.75
103.75
103.8125
104.75
106.0625
106.6875
106.1875
105.1875
104.0625
103.625
104.375
105.5625
106.5625
106.375
105.8125
104.375
103.6875
103.75
104.6875
105.9375
106.625
106.125
105.125
104.375
103.5
104
105.1875
106.5625
106.8125
106.125
105.0625
104.3125
104
104.6875
105.9375
106.5
105.9375
105
103.875
103.9375
105
105.875
106.4375
105.9375
104.9375
104.875
103.75
103.875
104.9375
106.1875
106.3125
105.8125
104.8125
103.75
103.8125
104.75
106
106.5625
106.3125
105.4375
104.375
104.0625
104.875
106.125
106.75
106.25
105.625
104.5
103.6875
104.1875
105.4375
106.375
106.125
105.1875
104.125
103.75
104.5625
105.875
106.375
106.125
105.1875
104.125
103.6875
104.4375
105.625
106.625
106.4375
105.5625
104.4375
103.625
103.75
104.6875
106
106.625
106.1875
105.1875
104.0625
103.5625
104.25
105.4375
106.5625
106.4375
105.9375
104.875
103.75
103.6875
104.625
105.9375
106.75
106.375
105.375
104.6875
104
104.625
105.875
106.6875
106.25
105.3125
104.1875
106.5625
103.8125
104.5
105.75
106.5
106.0625
105.5
104.375
103.5
104.3125
105.125
106.375
106.6875
106
104.9375
103.9375
104.125
105.125
106.3125
106.375
105.6875
104.25
104.125
105.5
106.625
106.5
105.3125
104.5625
104.0625
104.9375
106.1875
106.4375
105.75
104.75
103.625
103.5
104.25
105.5
106.5625
106.4375
105.625
104.5
103.875
104.4375
105.5625
106.5
106.4375
105.75
104.6875
103.75
104.125
105.1875
106.4375
106.75
106.0625
105.375
104.25
104.0625
105
106.25
106.5625
105.875
104.8125
103.8125
103.875
104.875
106.1875
106.875
106.375
105.4375
104.25
103.875
104.6875
106
105.0625
106.25
106.3125
105.5625
104.5
103.6875
104.25
105.875
106.375
105.5625
104.4375
103.625
104.375
105.5625
106.625
106.125
104.75
103.6875
103.8125
104.875
106.3125
105.8125
104.4375
103.6875
104.5625
105.875
106.125
105.1875
103.75
103.875
105.375
106.625
106.0625
105.0625
104
104.75
106.375
106.5
105.4375
104.3125
104.5625
105.25
106.625
106.0625
104.6875
103.75
104.5
105.8125
106.3125
105.625
104.1875
103.6875
104.8125
106.1875
107
106.375
104.9375
104.125
104.1875
105.4375
106.4375
105.875
104.5
105.1875
104.125
103.9375
105
106.625
106.5625
105.4375
104.3125
103.375
104.0625
106.125
106.625
105.8125
104.75
103.5625
104.0625
105.3125
106.5
106.4375
105.625
104.5625
103.875
104.5625
105.375
106.5
106.3125
105.5
104.4375
103.5625
104
105.1875
106.5625
106.9375
106.5
105.5625
104.4375
103.5625
104
105.0625
105.6875
105.375
104.5625
103.75
104.1875
105.3125
106.1875
105.625
104.6875
103.5
104.1875
105.875
106.5625
106.0625
104.75
103.625
103.875
104.9375
106.5625
106.5
105.3125
104.625
103.9375
104.75
106.5
106.6875
105.6875
104.5625
106.375
103.8125
103.875
105
106.375
105.875
104.5
103.6875
105.375
106.1875
105.5625
104.5625
103.6875
105.0625
105.6875
104.9375
103.5625
104.125
105.8125
106.375
105.5625
104.5
103.75
104.5625
106.125
106.1875
105.0625
104
103.8125
104.875
106.25
105.9375
104.6875
103.6875
104.375
105.5625
106.625
106.375
105.1875
104.0625
103.75
104.6875
105.625
105.125
104.1875
103.9375
104.9375
106.375
106.125
104.875
103.8125
104.0625
105.25
106.875
106.75
105.5625
104.4375
103.6875
104.5625
106.5625
106.5
105.3125
105.4375
104
103.5
104.6875
105.8125
105.6875
104.875
103.875
104
104.9375
105.75
106.125
105.5
104.5
103.875
104.4375
105.5625
106.4375
106.375
105.625
104.5625
103.6875
104.125
105.375
106.375
106.125
105.25
104.125
103.6875
104.0625
105.25
106.625
106.875
106.25
105.1875
103.5625
103.8125
105.625
106.5625
106.0625
105.0625
103.9375
103.6875
104.6875
105.625
105.125
103.875
103.875
105.25
106.5
106.1875
105.25
103.75
103.8125
105.3125
106.3125
105.8125
105.1875
103.75
103.875
105.375
106.375
105.5625
104.5
103.6875
104.1875
106.125
103.5625
106.625
106.875
106.1875
105.5
104.3125
103.5625
104.1875
105.3125
105.5
104.8125
104.1875
103.6875
104.375
105.5625
106.5625
106.4375
105.5625
104.4375
103.5625
104.0625
105.25
106.6875
107.0625
106.6875
105.6875
104.5625
103.5
103.75
104.8125
106.1875
106.75
106.1875
105.25
103.6875
103.9375
105.5
105.3125
104.1875
103.6875
104.8125
106.0625
106.625
105.875
104.4375
103.5625
104.25
105.375
105.375
104.5625
103.4375
104
105.125
105.5625
104.875
103.625
103.875
105.375
106.25
105.75
104.75
103.8125
104.75
106.5
106.75
105.375
104.25
103.5625
104.0625
103.5625
104.75
106.125
106.875
106.8125
106
104.875
103.75
103.8125
104.8125
106.0625
106.6875
106.125
105.5
104.375
103.5625
103.9375
105
105.5625
105.125
104.125
103.75
104.5625
105.4375
105.375
104.625
103.6875
103.9375
105.0625
105.75
105.3125
104
103.6875
105
106.1875
106.1875
105.3125
103.875
103.625
104.875
106.125
106.375
105.5625
103.75
103.875
105.1875
106.375
106.3125
105.4375
103.9375
103.5625
105.25
106.625
106.6875
105.875
104.375
103.625
105
105.6875
104.875
103.875
104.1875
105
105.4375
104.625
103.6875
104.4375
103.625
104.1875
105.375
106.0625
105.6875
104.75
103.6875
103.5625
104.375
105.625
106.75
106.625
105.75
104.625
103.5
103.5625
104.5625
105.625
105.75
105.3125
104.0625
103.625
104.4375
105.3125
106.375
106.125
105.25
104.1875
103.375
104
106.1875
106.875
106.0625
105
103.625
103.8125
105.25
106.4375
106.25
105.3125
103.8125
103.5625
104.8125
106.125
106.5
105.6875
103.875
103.5
104.4375
105.625
106.5625
105.6875
105
103.5
104
105.625
106.625
106.1875
105.1875
103.625
103.875
105.625
105.5
103.9375
103.625
104.9375
104.125
105.375
106.3125
106
105.125
104
103.625
104.125
105.3125
106.5
106.375
105.5625
104.5
103.75
104.25
105.25
105.25
104.8125
103.875
103.625
104.5
105.875
106.75
106.3125
105.375
104.25
103.375
103.9375
105.125
105.6875
105.25
103.75
103.9375
105.4375
105.625
104.6875
103.6875
104.0625
105.1875
106.625
106.375
105.1875
104.0625
103.75
104.6875
105.625
105.125
103.875
103.875
104.8125
106.4375
106.625
105.5625
104.5
103.625
104.3125
105.6875
105.5
103.6875
104.1875
105.875
106.6875
106.0625
104.625
103.5
103.875
105.4375
105.6875
104.6875
104
103.6875
104.9375
106.1875
106.25
105.4375
104.375
103.6875
103.75
104.6875
105.5625
105.3125
104.4375
103.6875
104.1875
105.375
106.5625
106.5
105.6875
104.9375
103.9375
104.1875
105.3125
106.5
106.375
105.5625
104.0625
103.875
105.25
106.625
106.625
105.6875
104.1875
103.625
104.625
105.5
104.9375
104
103.875
104.875
106.5
106.6875
105.625
104.5
103.6875
104.4375
106.0625
106.6875
105.875
104.8125
103.625
104.0625
105.625
106.75
106.0625
105
103.5625
103.75
105.3125
106.5
105.9375
104.875
103.875
105.0625
105.3125
106.375
106.125
105.25
104.1875
103.375
103.9375
104.75
106.1875
106.875
106.4375
105.4375
104.3125
103.5625
104.0625
105.1875
106.375
106.5625
106
105
103.875
103.5625
104.5
105.875
106.625
105.9375
104.875
103.4375
103.375
104.25
105.75
105.25
103.9375
103.75
105.4375
105.625
104.625
103.625
104.125
105.25
