Chip#1
138 142 138 146 137 138 132 142 142 134 133 132 0
159 140 152 158 137 138 141 139 142 137 134 173 1
159 135 129 136 129 135 132 135 141 130 134 157 2
159 137 133 174 143 137 132 141 162 134 128 157 3
159 143 152 205 165 142 141 156 206 148 133 133 4
159 136 131 138 136 132 141 142 142 130 132 130 5
159 139 133 158 139 138 141 141 139 134 135 157 6
159 141 152 158 143 142 141 146 144 140 139 173 7
131 139 138 201 164 139 132 156 189 148 134 133 8
159 139 152 196 165 137 141 150 198 143 134 173 9
159 140 141 142 143 138 141 146 147 137 135 132 10
159 142 138 140 139 140 132 143 125 135 133 15000 11
Chip#2
125 132 120 119 129 133 131 129 132 130 130 125 0
127 137 124 120 132 129 129 127 133 127 134 128 1
127 139 124 124 145 134 130 129 133 130 134 131 2
131 134 128 134 145 135 131 135 146 136 137 131 3
131 135 125 125 133 131 134 133 139 130 134 130 4
133 135 124 125 129 130 136 125 130 132 133 130 5
127 135 127 126 131 130 133 133 139 131 133 127 6
128 134 124 127 145 131 129 134 140 131 133 127 7
131 141 127 131 145 133 136 135 147 134 137 130 8
127 134 123 115 129 123 130 121 130 124 127 119 9
128 137 124 124 133 133 131 131 133 127 130 126 10
133 137 128 125 145 133 133 133 136 128 134 15000 11
Chip#3
131 141 135 133 139 138 136 133 132 136 133 132 0
136 143 141 135 138 137 139 138 134 143 141 134 1
133 140 132 135 142 138 136 130 134 133 133 133 2
129 140 135 132 165 137 138 133 133 135 136 135 3
135 143 132 135 140 137 136 134 125 138 134 137 4
130 144 136 137 165 142 141 134 134 136 136 134 5
128 139 136 129 135 133 133 128 127 132 131 132 6
133 146 136 134 143 138 140 136 134 132 136 134 7
131 137 131 134 139 134 135 129 133 137 131 129 8
126 139 130 129 137 136 130 129 132 131 133 129 9
118 134 124 121 129 126 128 125 121 126 121 126 10
132 136 135 131 139 138 138 131 131 138 134 15000 11
Chip#4
140 134 133 131 131 146 133 136 137 133 139 131 0
132 124 128 124 125 138 125 130 130 132 132 129 1
133 129 134 130 128 144 133 136 129 127 132 131 2
137 135 134 138 133 147 133 137 142 140 139 139 3
135 133 129 131 130 146 133 137 138 129 137 131 4
132 133 131 132 126 144 132 136 136 133 137 129 5
135 128 127 127 129 148 132 135 137 133 134 135 6
131 123 126 125 123 143 125 132 130 127 133 126 7
139 136 135 130 132 142 133 134 137 134 136 133 8
133 127 127 125 124 136 129 127 125 126 137 121 9
140 136 138 137 131 153 137 144 144 137 139 135 10
139 138 139 136 134 147 139 138 142 135 146 15000 11
Chip#1
130 135 129 136 133 135 132 138 125 131 130 129 0
159 146 152 158 144 146 141 156 149 139 142 173 1
159 148 152 158 142 141 141 147 150 139 142 138 2
159 137 133 158 139 135 132 142 165 133 133 129 3
131 135 135 190 155 129 132 156 201 144 129 127 4
159 144 142 148 140 139 132 147 147 138 140 137 5
127 136 130 132 129 132 132 138 125 126 133 157 6
159 139 138 140 137 140 132 145 143 132 138 133 7
136 139 141 196 164 139 132 158 189 144 133 132 8
136 139 138 191 161 135 132 151 194 142 135 157 9
159 146 152 158 140 142 141 151 149 143 139 138 10
159 149 152 158 148 149 141 150 148 146 147 15000 11
Chip#2
134 137 128 124 145 134 134 138 135 132 135 128 0
138 139 132 128 145 137 145 141 139 136 137 130 1
131 135 124 128 132 131 133 137 135 134 134 130 2
125 132 125 126 133 126 136 135 139 130 133 125 3
128 130 121 126 132 130 136 131 137 127 130 127 4
130 134 123 116 124 125 131 126 132 130 127 126 5
134 137 127 128 136 131 137 139 132 132 130 128 6
137 141 131 131 136 137 141 137 140 132 137 132 7
130 135 124 128 133 126 134 138 143 131 133 126 8
135 137 131 125 133 134 138 134 137 130 140 127 9
135 138 125 124 131 133 134 138 132 134 135 131 10
135 139 124 123 133 131 133 134 135 131 133 15000 11
Chip#3
129 132 128 121 130 131 123 124 121 124 126 127 0
124 130 126 121 129 135 125 120 125 129 126 123 1
125 132 130 124 130 131 128 124 126 124 129 125 2
131 139 137 135 137 138 136 131 134 131 138 134 3
137 141 137 135 140 139 138 130 134 138 138 135 4
126 139 129 128 134 133 132 130 130 131 134 128 5
133 136 135 131 135 142 136 129 133 133 133 133 6
125 137 132 131 135 133 132 130 132 131 130 132 7
128 132 128 128 132 133 130 127 128 127 128 128 8
130 136 131 134 134 136 135 130 130 130 135 129 9
129 139 130 131 133 133 124 124 126 125 131 126 10
135 141 135 131 165 138 136 129 127 136 133 15000 11
Chip#4
126 118 120 118 121 133 123 124 124 122 129 123 0
126 124 129 126 121 134 124 126 126 127 129 127 1
138 126 129 129 127 138 129 135 133 132 134 130 2
127 124 125 125 122 130 126 130 131 128 127 128 3
131 126 124 124 122 133 125 126 126 126 131 123 4
134 129 127 134 126 137 130 129 135 133 136 129 5
130 127 126 129 126 132 126 131 129 129 129 131 6
128 123 124 120 121 130 120 124 127 121 126 122 7
124 122 126 124 120 124 120 128 126 127 125 124 8
128 122 128 127 123 132 125 128 130 128 130 127 9
130 123 126 123 122 128 123 124 129 126 128 124 10
131 127 127 125 125 132 128 129 133 130 133 15000 11
Chip#1
159 142 137 140 136 140 132 147 144 138 139 139 0
159 142 137 144 138 140 141 145 143 134 138 138 1
128 135 131 131 132 135 132 137 141 132 134 134 2
159 145 152 175 145 142 141 150 173 140 140 138 3
159 139 152 200 158 141 141 162 205 149 139 173 4
138 145 143 146 140 142 132 149 148 139 139 139 5
136 141 134 143 138 137 132 145 145 136 139 133 6
159 142 139 140 137 142 141 147 150 138 140 137 7
159 136 138 199 165 135 132 158 189 144 137 135 8
159 145 152 196 163 139 141 154 200 142 143 134 9
131 135 138 134 137 135 132 135 125 132 138 126 10
159 150 141 143 140 139 132 145 148 141 142 15000 11
Chip#2
131 135 128 124 132 137 138 135 136 134 137 127 0
134 132 125 124 127 133 133 130 132 131 130 125 1
131 135 123 124 129 133 131 133 132 131 133 126 2
128 132 125 129 132 127 129 127 133 130 125 121 3
131 134 128 125 133 133 136 134 137 131 130 123 4
128 135 124 120 124 130 133 129 130 131 133 121 5
134 139 127 125 131 133 136 133 137 139 131 126 6
131 138 128 126 145 130 138 130 139 135 130 127 7
137 138 127 133 145 133 136 133 144 134 135 128 8
137 135 124 126 131 129 133 128 132 128 135 126 9
131 135 121 121 127 133 134 129 130 127 128 123 10
140 138 131 124 136 133 133 131 136 130 130 15000 11
Chip#3
128 134 128 124 128 127 125 125 125 126 124 125 0
131 140 131 125 130 131 128 125 128 131 128 127 1
128 131 127 128 135 130 132 127 126 129 129 129 2
128 137 128 128 137 130 130 129 127 131 131 127 3
130 136 134 133 138 133 133 131 128 132 131 130 4
131 136 132 131 140 134 135 131 131 131 131 129 5
130 140 130 129 132 132 130 131 127 130 129 130 6
129 135 126 128 139 135 130 130 130 126 131 127 7
124 131 130 128 135 132 129 125 127 129 130 128 8
123 136 125 129 130 131 127 128 129 131 129 127 9
125 137 131 125 134 130 127 125 127 127 135 128 10
135 138 129 130 132 137 131 127 130 130 130 15000 11
Chip#4
128 120 121 122 121 129 126 128 125 122 132 127 0
124 121 125 123 117 128 122 124 124 126 131 120 1
122 114 115 115 113 127 119 124 120 119 123 119 2
126 123 126 124 122 130 128 123 126 126 132 123 3
132 127 116 125 121 133 123 129 124 123 128 124 4
128 120 127 125 125 130 124 126 135 132 128 121 5
125 122 119 120 119 127 126 122 120 124 125 123 6
131 123 121 127 119 134 124 125 127 127 133 123 7
130 124 119 124 122 127 123 122 127 127 127 120 8
136 123 125 130 122 132 131 132 129 127 139 128 9
134 127 131 133 128 130 129 134 133 132 131 131 10
130 127 122 124 124 133 124 124 126 124 129 15000 11
Chip#1
159 145 138 140 137 136 141 145 144 139 137 133 0
159 144 152 143 138 142 141 150 144 138 141 139 1
159 139 135 130 136 139 132 145 142 133 137 130 2
133 141 137 174 145 139 141 149 170 135 133 130 3
159 140 142 200 154 135 132 154 205 144 133 130 4
159 144 152 158 146 143 141 145 149 140 142 134 5
159 140 138 142 138 137 141 145 143 134 135 130 6
159 148 142 158 139 139 141 149 147 138 142 135 7
159 144 152 200 165 138 141 159 194 147 135 134 8
159 141 152 194 167 142 141 155 197 147 138 173 9
132 141 138 139 134 140 132 143 143 131 134 129 10
159 144 152 158 139 141 141 145 144 140 138 15000 11
Chip#2
133 139 133 126 145 138 144 141 136 134 138 130 0
135 139 129 125 135 134 137 134 135 132 137 128 1
131 131 121 121 123 130 130 130 130 130 131 121 2
130 132 127 128 132 133 131 134 140 134 134 128 3
131 135 123 129 137 134 137 139 139 131 134 125 4
123 130 120 120 128 126 131 126 126 126 130 119 5
137 139 127 126 132 135 133 138 133 132 131 122 6
130 138 125 126 133 130 134 135 136 130 131 131 7
131 142 129 131 145 133 130 137 137 134 138 134 8
134 139 125 125 132 135 138 137 136 136 135 126 9
138 144 128 129 133 138 140 141 137 138 138 132 10
140 139 129 120 145 133 134 135 135 131 135 15000 11
Chip#3
136 136 134 128 140 136 134 130 132 135 136 132 0
129 137 127 128 133 130 128 124 123 127 130 128 1
128 135 129 131 135 133 129 129 124 130 133 128 2
134 136 132 135 142 138 130 130 132 133 134 135 3
133 139 129 139 140 137 136 134 131 137 136 132 4
129 135 128 132 132 134 129 131 127 131 134 126 5
136 144 137 134 138 141 139 138 131 135 136 134 6
135 143 138 130 140 141 135 134 134 137 138 134 7
135 143 137 136 144 142 135 136 137 141 139 133 8
128 132 128 129 136 131 128 133 132 130 134 128 9
130 141 129 129 134 131 128 131 127 131 131 129 10
135 139 139 135 144 139 139 135 130 133 135 15000 11
Chip#4
126 124 120 123 118 130 124 125 127 123 128 126 0
125 122 118 120 122 130 124 125 126 124 128 126 1
124 118 120 122 117 125 120 123 125 117 128 123 2
125 124 122 124 119 131 127 128 127 123 133 128 3
128 123 125 125 124 136 125 128 129 123 131 124 4
128 123 122 125 127 134 125 125 132 120 129 127 5
130 124 126 124 121 137 123 130 127 121 125 122 6
131 123 127 127 124 132 127 130 133 127 132 121 7
130 129 131 126 127 136 129 134 133 128 134 132 8
127 118 124 124 121 136 119 130 124 122 125 126 9
130 123 126 129 122 134 126 131 130 128 131 124 10
137 131 133 130 131 139 129 134 135 129 133 15000 11
Chip#1
102 98 99 107 93 103 98 101 97 97 97 96 0
110 105 106 110 101 108 106 109 101 102 106 100 1
98 94 99 102 87 101 96 98 96 97 99 95 2
104 103 104 111 98 112 105 108 102 103 105 99 3
96 96 99 99 90 105 98 104 96 103 99 96 4
99 99 100 107 93 100 97 104 98 98 99 96 5
98 100 102 104 97 102 102 105 97 101 99 96 6
101 99 104 106 96 98 101 102 98 100 99 98 7
99 94 96 104 94 102 94 98 94 99 99 94 8
102 101 103 107 99 108 95 106 98 101 105 100 9
104 106 107 108 99 110 106 112 101 105 107 100 10
107 101 103 111 98 103 106 108 100 110 104 15000 11
Chip#2
97 106 89 90 100 101 101 100 98 97 103 98 0
105 112 100 97 109 106 105 108 108 104 112 102 1
97 105 91 91 98 101 98 100 95 98 102 96 2
95 101 92 88 97 102 100 101 96 100 102 100 3
105 106 93 94 108 105 99 105 105 104 103 102 4
98 103 95 90 102 102 98 101 94 93 105 94 5
95 101 88 83 99 93 94 97 99 94 97 96 6
94 104 93 89 95 97 97 101 96 101 99 100 7
100 102 87 92 103 97 97 98 101 100 102 100 8
102 107 96 95 103 101 100 101 102 100 103 102 9
95 98 89 85 97 95 97 98 98 93 100 93 10
101 106 96 93 101 102 102 102 103 101 105 15000 11
Chip#3
100 103 105 99 102 103 101 101 100 95 104 101 0
105 105 108 104 108 107 106 104 99 104 109 106 1
97 98 102 92 98 100 99 90 90 98 99 99 2
101 104 106 93 103 105 103 97 99 103 100 103 3
104 112 111 102 109 109 105 108 102 109 110 106 4
98 104 99 104 102 103 102 104 96 102 107 103 5
94 99 99 95 97 99 97 95 92 97 100 99 6
105 113 108 104 107 106 105 101 105 100 103 107 7
99 99 100 95 99 100 97 95 98 99 103 100 8
99 102 102 97 96 100 101 95 93 93 99 99 9
105 103 101 101 105 104 99 102 100 103 105 99 10
100 100 102 98 102 103 100 95 92 99 104 15000 11
Chip#4
108 97 98 97 100 107 103 99 99 96 98 100 0
104 111 111 104 101 114 110 110 108 105 103 109 1
108 101 107 108 102 113 105 108 109 102 106 104 2
102 105 105 104 103 109 105 108 104 102 102 104 3
102 99 96 97 95 105 103 99 98 98 102 100 4
99 101 101 94 95 107 104 99 99 98 101 97 5
107 104 107 102 101 116 110 111 107 106 108 106 6
106 101 105 102 101 109 103 107 107 104 101 103 7
101 101 104 105 104 108 106 108 107 107 107 104 8
104 101 107 104 102 108 107 106 105 104 103 108 9
108 100 105 104 101 109 109 113 108 103 106 103 10
105 102 99 101 100 108 104 106 99 97 100 15000 11
Chip#1
101 95 102 102 93 101 102 102 104 97 93 98 0
99 103 104 106 94 105 101 106 98 100 99 98 1
98 95 99 100 86 98 98 104 93 99 97 96 2
103 99 99 107 94 105 103 107 104 104 97 99 3
104 99 106 110 105 105 103 110 105 106 105 101 4
99 96 104 103 99 104 100 106 100 102 101 98 5
97 98 99 102 101 101 98 104 97 100 99 96 6
104 101 104 106 98 106 98 112 97 107 102 100 7
106 103 99 111 101 108 106 108 104 106 104 104 8
97 98 99 106 98 105 106 108 101 102 101 99 9
103 103 104 110 101 106 103 109 101 102 108 100 10
102 103 102 102 96 105 97 105 100 102 99 15000 11
Chip#2
98 101 91 93 98 102 100 101 104 93 97 94 0
102 106 95 93 97 104 105 109 103 97 107 97 1
100 99 89 90 100 100 101 102 102 101 105 101 2
101 102 92 92 98 100 101 104 103 99 103 98 3
98 96 91 88 98 100 98 96 99 95 99 89 4
95 99 88 88 95 97 97 96 98 93 104 92 5
101 101 89 94 103 102 101 105 99 97 106 97 6
101 101 95 90 99 101 101 104 98 98 106 98 7
100 107 95 95 102 101 102 105 102 99 104 96 8
100 105 96 95 100 98 104 107 99 96 108 96 9
105 101 87 94 98 101 97 104 98 99 100 94 10
95 101 93 88 99 98 98 97 99 93 102 15000 11
Chip#3
102 103 98 99 106 103 101 97 99 97 100 101 0
105 103 102 101 101 102 101 99 100 95 102 101 1
98 105 102 97 97 99 100 96 100 94 102 101 2
103 104 100 99 106 102 101 99 103 98 104 106 3
102 104 100 96 103 98 100 96 97 94 102 104 4
99 103 106 102 102 105 105 100 100 98 100 100 5
101 104 99 99 101 103 106 100 96 99 105 103 6
94 95 100 92 95 98 96 95 94 95 98 92 7
100 99 101 93 102 102 101 94 97 99 105 99 8
99 100 98 96 105 98 102 96 96 95 102 101 9
104 104 97 95 99 103 102 97 97 99 103 106 10
101 103 101 99 97 107 102 95 99 97 100 15000 11
Chip#4
99 102 100 102 101 107 102 106 99 95 106 104 0
107 104 105 105 101 109 110 108 107 105 107 103 1
107 104 104 109 104 112 103 105 104 101 107 102 2
104 97 101 101 101 107 103 105 103 102 105 108 3
109 106 104 105 101 110 103 107 105 99 106 102 4
110 105 106 106 104 110 107 107 103 107 109 102 5
102 101 104 104 95 103 102 102 102 99 105 102 6
108 102 101 106 104 110 105 103 105 102 107 104 7
108 107 107 110 105 119 111 108 109 106 110 111 8
99 95 95 104 97 105 100 101 102 101 102 100 9
111 100 106 104 100 109 106 103 108 99 110 107 10
97 100 94 99 90 96 99 99 90 96 97 15000 11
Chip#1
107 104 104 110 98 112 97 107 100 103 105 102 0
102 101 99 103 95 105 99 104 100 103 102 95 1
104 98 99 104 96 103 105 106 101 105 105 99 2
103 100 108 110 98 109 103 109 109 103 104 100 3
103 100 99 108 99 106 103 112 107 108 99 104 4
106 101 104 108 99 108 105 110 101 101 104 104 5
101 100 103 102 97 104 101 105 97 104 99 100 6
108 100 108 108 96 104 106 104 99 106 106 141 7
107 103 102 112 101 110 102 112 107 106 102 99 8
108 106 111 112 102 114 102 113 110 110 110 101 9
102 98 100 98 97 102 101 104 93 104 104 100 10
105 103 99 102 95 109 101 105 97 102 99 15000 11
Chip#2
104 107 97 99 108 104 106 108 103 100 111 98 0
105 110 101 97 105 109 111 106 105 103 113 104 1
102 109 97 97 102 109 104 108 105 104 107 98 2
105 105 93 97 104 101 102 105 103 103 106 101 3
102 105 97 95 102 104 104 105 102 100 106 101 4
101 105 99 95 102 104 101 104 105 100 107 101 5
101 107 101 94 107 106 104 105 105 105 109 97 6
104 109 99 103 100 106 104 107 106 101 108 101 7
100 106 95 94 102 106 102 105 105 101 108 100 8
100 106 92 95 102 104 97 102 102 94 105 96 9
95 98 95 90 94 98 98 98 96 101 97 92 10
105 113 99 94 105 110 105 107 106 101 107 15000 11
Chip#3
98 102 102 102 106 103 100 97 102 99 105 105 0
101 104 101 97 100 99 100 96 96 100 102 100 1
101 105 105 99 103 107 108 96 102 98 105 105 2
101 107 106 102 103 105 105 101 98 104 105 105 3
107 110 111 106 109 104 107 106 104 102 109 103 4
97 104 99 103 102 105 99 101 97 97 100 101 5
105 107 106 101 107 104 107 102 99 102 104 110 6
100 109 105 101 103 103 101 99 100 98 105 103 7
107 105 110 102 111 108 103 103 107 103 110 108 8
98 100 100 95 99 104 97 91 96 93 104 100 9
104 117 109 109 111 110 107 106 106 107 113 111 10
95 99 101 97 103 104 97 101 93 95 102 15000 11
Chip#4
101 100 99 98 97 104 103 100 98 98 102 100 0
101 105 105 103 100 108 101 106 102 106 102 102 1
103 99 107 105 97 113 105 106 104 104 107 107 2
101 97 104 105 102 109 102 107 104 102 109 104 3
98 102 101 98 100 107 101 103 99 101 105 101 4
99 104 99 101 97 105 97 101 98 98 106 97 5
108 105 108 108 100 113 106 111 107 101 107 109 6
109 105 106 109 110 110 107 110 110 106 109 106 7
101 99 100 108 101 107 97 105 103 102 109 100 8
105 106 105 108 107 112 104 112 102 104 112 106 9
97 99 101 97 95 100 98 107 102 104 103 100 10
96 102 104 104 101 104 102 106 96 102 105 15000 11
Chip#1
101 104 103 100 95 105 102 105 98 102 100 104 0
107 108 108 112 103 111 102 114 109 108 106 107 1
105 108 107 110 102 106 106 114 101 107 109 106 2
107 103 103 111 98 108 106 110 109 106 100 101 3
114 109 111 119 123 115 106 119 114 111 109 106 4
106 101 104 106 101 105 103 112 104 107 105 101 5
107 104 101 108 102 106 103 113 105 107 110 108 6
104 106 104 107 102 106 106 114 105 107 107 102 7
111 104 99 115 99 108 106 110 109 112 102 102 8
106 103 106 112 97 105 106 112 105 106 102 99 9
102 98 107 103 96 109 101 109 100 103 102 100 10
104 101 100 104 95 106 102 105 102 108 103 15000 11
Chip#2
104 110 97 98 102 109 107 112 105 105 112 103 0
101 108 99 98 105 109 108 109 99 99 108 102 1
102 106 97 99 101 102 104 106 102 101 106 100 2
105 106 103 97 101 104 109 106 105 107 109 103 3
102 105 95 95 98 102 102 108 101 104 106 98 4
108 114 103 100 109 109 112 109 109 107 112 109 5
101 105 101 98 101 105 105 106 103 105 107 103 6
98 109 100 98 97 105 105 106 102 103 106 101 7
103 109 99 97 106 109 108 111 108 105 109 102 8
108 114 105 103 106 110 111 112 112 107 108 105 9
102 114 99 99 104 108 109 109 105 105 106 101 10
107 109 96 97 102 102 108 107 105 107 110 15000 11
Chip#3
106 110 105 106 112 108 110 102 105 108 108 105 0
109 117 113 104 109 108 107 107 104 104 109 106 1
104 109 105 98 106 106 102 101 102 106 103 106 2
98 103 101 96 104 105 103 99 93 97 100 100 3
99 105 102 99 99 100 100 97 97 98 98 95 4
105 107 105 103 106 102 106 100 100 102 104 100 5
104 110 108 104 104 106 110 102 100 104 110 105 6
102 111 106 101 110 106 107 103 102 105 109 109 7
104 100 105 97 108 105 102 96 99 104 107 103 8
102 107 106 103 104 104 103 101 103 102 105 104 9
107 109 107 104 109 109 107 107 104 104 112 108 10
107 109 105 102 107 109 108 103 100 105 108 15000 11
Chip#4
104 105 104 105 105 114 109 107 107 104 113 109 0
103 104 102 104 97 105 104 100 102 95 105 97 1
106 107 101 104 105 109 104 110 107 101 110 104 2
108 104 100 108 101 110 109 103 108 102 108 106 3
112 109 111 109 104 116 111 112 112 109 114 104 4
108 105 107 108 107 114 110 107 108 105 108 103 5
108 105 101 104 101 112 106 102 105 108 105 104 6
113 109 108 110 106 110 113 112 114 110 116 109 7
104 106 105 104 102 110 105 105 108 108 107 102 8
107 108 105 109 103 117 111 108 104 109 112 106 9
113 114 105 110 102 116 109 109 108 114 117 108 10
103 108 105 105 104 112 105 108 104 103 108 15000 11
Chip#1
105 105 106 108 99 106 102 106 104 102 101 106 0
110 105 107 110 99 107 105 109 105 106 105 105 1
115 110 116 119 106 115 105 125 107 115 110 109 2
108 110 109 118 107 115 105 118 111 107 108 105 3
99 99 103 119 123 106 105 112 106 105 100 99 4
109 105 107 108 99 105 105 114 104 110 105 102 5
108 109 108 114 106 110 105 119 107 111 110 110 6
103 100 103 107 98 105 101 110 100 103 100 105 7
107 101 108 119 99 113 105 115 106 107 102 105 8
109 109 115 123 123 112 105 119 106 113 109 110 9
116 115 120 112 123 116 105 123 109 115 113 111 10
107 104 102 104 97 106 105 109 100 105 97 15000 11
Chip#2
104 113 100 101 105 106 109 108 102 104 110 102 0
104 112 99 97 109 108 113 110 106 103 114 102 1
107 113 99 104 112 108 105 105 108 105 109 105 2
104 110 103 101 106 108 102 112 105 108 112 105 3
104 112 103 99 105 104 108 111 105 107 109 105 4
105 112 97 97 105 106 102 108 108 103 111 101 5
98 102 92 92 101 97 97 104 99 96 100 98 6
104 114 101 101 109 113 112 112 108 111 113 106 7
105 113 103 98 108 105 105 112 105 103 108 105 8
110 107 97 102 106 105 109 110 110 103 115 101 9
108 112 103 106 110 108 109 109 110 107 111 103 10
108 113 103 102 105 105 108 109 103 103 107 15000 11
Chip#3
110 111 109 106 108 110 108 105 106 105 110 107 0
104 108 106 102 108 108 106 104 103 103 107 105 1
109 111 109 103 103 104 106 107 104 108 109 106 2
105 109 105 101 108 103 110 105 104 103 107 106 3
110 113 109 109 114 111 106 108 110 109 112 112 4
109 108 103 106 104 108 110 107 105 104 110 110 5
110 116 115 106 109 110 112 108 106 106 112 112 6
103 105 105 102 111 103 108 106 104 103 105 105 7
102 103 106 101 102 106 101 101 102 100 104 107 8
107 113 109 115 111 114 110 113 109 109 117 112 9
109 116 109 101 106 111 107 105 107 105 108 108 10
106 109 106 106 109 106 110 107 103 107 110 15000 11
Chip#4
110 108 109 109 104 118 107 108 103 104 117 106 0
106 108 104 102 101 109 109 105 105 106 109 102 1
106 99 105 108 103 108 107 107 102 97 107 104 2
107 106 101 106 101 117 105 107 109 102 110 103 3
106 108 105 106 104 110 110 111 108 104 110 109 4
110 112 109 113 110 117 111 109 112 113 112 109 5
99 99 98 99 98 107 99 100 102 97 100 100 6
99 98 100 98 94 104 100 99 101 96 101 100 7
110 105 102 105 102 112 102 107 102 103 114 109 8
109 109 107 111 102 117 107 111 108 108 112 107 9
99 99 96 101 98 102 102 107 98 97 98 101 10
104 108 102 106 103 112 103 108 103 103 112 15000 11
Chip#1
108 103 111 110 98 106 105 105 105 106 102 101 0
110 105 107 110 101 108 105 112 110 106 107 102 1
113 105 109 114 105 110 105 114 109 108 111 107 2
111 110 109 120 108 120 105 117 113 115 110 109 3
113 98 107 118 106 109 106 114 114 109 104 101 4
109 108 115 112 106 110 106 117 111 111 106 107 5
101 100 106 103 97 104 102 109 101 104 104 98 6
101 96 103 103 99 105 103 108 102 102 97 104 7
120 111 116 132 124 118 132 121 134 116 113 114 8
107 101 108 112 123 112 103 114 111 107 102 102 9
114 113 112 112 110 116 103 119 109 113 109 106 10
113 106 112 112 107 115 103 115 110 112 110 15000 11
Chip#2
97 102 96 94 101 104 104 105 102 104 106 98 0
107 112 104 101 106 112 112 112 108 108 113 106 1
102 107 99 97 102 105 101 107 105 101 106 100 2
105 113 104 107 106 110 112 112 113 111 116 103 3
105 113 100 98 108 110 109 109 111 106 109 104 4
104 108 103 99 107 106 108 106 106 104 109 102 5
105 113 103 102 109 106 109 113 111 108 112 104 6
105 109 105 103 105 112 112 113 109 105 110 104 7
110 114 104 102 109 109 111 109 112 110 113 108 8
107 106 103 98 106 109 108 113 110 107 107 102 9
107 113 105 103 109 109 112 112 106 105 108 104 10
110 109 105 102 109 109 106 111 110 105 112 15000 11
Chip#3
105 109 105 102 113 110 103 106 103 104 108 111 0
106 105 102 102 109 104 103 101 100 103 105 103 1
113 113 114 111 106 109 106 106 104 104 109 108 2
106 107 105 103 103 105 102 104 102 104 104 106 3
112 111 109 104 111 115 110 106 107 106 110 112 4
110 114 109 112 114 111 111 112 110 111 115 113 5
100 104 103 101 104 102 101 104 99 103 100 100 6
105 109 107 101 109 109 107 107 103 104 105 104 7
109 111 113 106 111 113 108 108 104 103 109 108 8
105 107 107 103 106 106 105 103 99 101 105 110 9
107 110 105 102 108 110 103 107 109 107 107 108 10
107 105 109 106 111 109 108 106 105 106 107 15000 11
Chip#4
107 106 105 105 105 113 107 103 105 106 109 110 0
111 111 108 112 107 117 111 114 112 113 116 113 1
102 101 100 104 102 110 104 108 103 104 109 104 2
104 109 105 106 105 110 106 110 110 108 114 108 3
113 107 107 108 110 118 110 114 114 113 118 114 4
113 113 113 112 116 122 113 114 114 115 112 116 5
107 104 104 99 104 112 105 108 107 107 108 108 6
104 106 107 109 107 109 101 111 103 103 110 102 7
113 113 109 113 106 117 109 114 112 115 112 110 8
108 108 105 109 105 110 105 113 107 110 109 106 9
109 107 105 104 104 114 109 113 107 107 109 110 10
110 112 106 111 112 114 110 111 110 110 107 15000 11
Chip#1
103 106 104 103 94 108 103 106 102 101 105 106 0
111 106 111 110 98 110 103 112 106 107 105 105 1
108 110 107 108 103 112 103 118 109 111 107 112 2
106 99 102 111 99 106 105 106 106 102 102 98 3
108 105 111 123 123 111 105 115 106 113 107 108 4
113 108 109 110 105 110 105 114 107 106 107 110 5
108 105 104 108 98 113 103 113 104 106 106 102 6
119 115 116 116 123 119 132 121 110 116 111 113 7
108 105 112 127 105 106 103 113 110 108 102 104 8
111 108 109 118 110 118 103 119 110 116 113 105 9
115 108 115 115 107 119 103 121 112 111 113 114 10
118 117 115 118 106 118 103 121 113 116 114 15000 11
Chip#2
105 110 101 106 110 110 111 111 112 109 112 105 0
108 107 101 102 108 109 111 106 109 101 111 98 1
105 114 97 101 105 106 108 109 106 105 114 101 2
101 112 100 103 106 112 109 115 109 111 109 106 3
108 109 101 102 105 109 109 111 108 107 112 108 4
111 114 105 106 109 112 113 115 115 110 113 116 5
104 112 100 103 106 108 112 115 109 105 112 108 6
105 113 101 101 108 112 106 110 108 107 108 102 7
110 119 107 107 106 116 115 117 113 111 116 104 8
108 112 103 103 113 112 109 109 109 107 110 104 9
114 123 108 110 113 121 113 119 119 118 118 108 10
113 116 103 102 109 110 105 109 109 109 110 15000 11
Chip#3
117 120 115 110 119 115 114 109 112 115 115 113 0
112 116 108 109 111 116 114 111 107 110 113 112 1
105 104 108 104 111 110 108 108 102 106 109 112 2
107 111 107 106 109 109 110 102 102 100 104 107 3
113 115 110 109 116 114 113 108 109 107 108 112 4
110 114 109 104 109 114 116 110 111 107 109 111 5
105 109 105 102 107 105 108 102 102 102 107 105 6
110 114 108 109 115 110 108 112 107 106 110 111 7
110 117 109 109 114 115 114 111 113 113 110 110 8
107 116 109 109 111 110 110 106 106 105 108 110 9
112 116 109 110 117 115 110 107 110 111 113 112 10
104 108 106 103 107 109 105 102 102 107 103 15000 11
Chip#4
110 111 115 111 109 119 112 113 108 110 114 114 0
112 111 111 109 109 117 111 112 107 106 113 108 1
116 114 119 115 108 118 116 117 110 116 117 117 2
112 108 108 111 106 123 106 114 113 110 113 111 3
109 112 111 105 109 116 107 111 112 107 113 108 4
111 112 112 115 112 117 114 115 112 110 116 114 5
116 116 113 112 110 117 113 115 113 109 112 111 6
109 108 106 108 107 110 105 111 107 105 113 102 7
109 107 105 109 107 113 106 107 109 110 110 110 8
110 105 109 108 113 114 109 112 109 105 109 107 9
120 114 116 118 115 121 117 119 115 115 121 115 10
111 111 107 108 112 118 111 112 110 113 116 15000 11
Chip#1
110 117 113 118 112 120 103 119 109 110 115 109 0
119 114 116 123 123 122 103 122 109 117 115 116 1
113 111 111 115 105 115 103 118 110 112 109 107 2
116 111 111 126 123 118 103 122 110 116 114 114 3
110 135 111 138 126 117 132 125 142 117 111 116 4
110 105 109 116 111 112 103 113 109 110 109 112 5
109 113 112 119 123 120 132 123 113 112 109 114 6
113 106 111 118 123 115 132 117 113 107 107 111 7
108 111 115 132 123 114 103 119 113 115 110 102 8
110 109 113 132 123 116 103 122 113 113 116 110 9
110 106 111 116 110 114 103 117 107 110 114 109 10
115 113 113 119 123 116 103 123 114 111 109 15000 11
Chip#2
110 114 111 106 113 113 113 116 116 114 118 108 0
110 112 104 105 112 112 112 109 115 107 115 105 1
110 117 104 107 110 110 108 113 112 111 116 108 2
108 109 105 107 116 112 113 111 113 108 115 108 3
114 120 109 108 116 116 120 115 118 112 119 109 4
110 112 105 102 106 109 108 107 109 101 110 106 5
108 108 108 105 112 109 112 112 109 105 113 103 6
108 112 107 99 105 108 112 108 108 106 110 106 7
111 114 109 107 114 116 113 116 116 110 118 106 8
111 116 107 110 114 113 116 116 115 109 118 108 9
114 124 111 108 113 119 122 120 118 115 118 110 10
113 112 113 107 113 113 115 116 110 109 116 15000 11
Chip#3
104 109 103 103 104 105 105 103 102 103 103 108 0
110 116 112 108 114 115 114 111 105 108 112 109 1
110 112 109 106 104 107 112 107 97 102 108 111 2
113 114 113 107 109 114 113 113 107 109 113 113 3
111 114 109 108 112 113 110 107 105 105 109 106 4
110 116 113 110 109 117 113 112 109 113 114 115 5
113 119 113 108 110 115 118 113 105 111 112 114 6
113 117 114 106 116 119 112 111 108 110 114 111 7
114 112 112 112 111 115 116 109 107 109 114 117 8
109 112 109 104 113 111 110 109 106 107 112 113 9
110 114 109 107 112 113 111 105 109 105 109 110 10
111 122 115 114 114 119 116 113 113 116 112 15000 11
Chip#4
107 109 112 110 109 114 112 109 105 110 116 113 0
109 113 106 112 107 112 111 108 107 108 112 111 1
119 112 107 112 113 118 115 115 115 114 114 113 2
110 113 107 111 109 117 111 113 110 109 121 110 3
105 111 112 110 108 122 116 113 108 109 112 108 4
103 109 112 109 107 113 109 111 109 109 115 106 5
110 107 109 109 107 113 111 108 108 109 113 106 6
109 106 105 108 101 117 106 106 107 109 112 107 7
113 109 109 112 105 117 111 112 109 114 117 109 8
115 108 113 112 111 118 113 113 113 113 114 111 9
118 115 116 116 112 119 114 116 118 116 121 108 10
110 112 111 110 107 116 109 108 109 109 110 15000 11
Chip#1
108 106 108 111 102 115 103 114 107 110 108 109 0
116 105 116 119 123 115 103 119 110 111 111 113 1
120 113 119 118 106 115 103 122 114 117 115 115 2
116 109 112 124 106 118 103 114 114 111 105 109 3
117 118 115 136 126 116 132 129 141 122 114 114 4
122 135 119 120 123 118 132 125 114 117 113 116 5
116 109 112 112 108 114 103 121 114 113 113 114 6
126 118 117 123 123 122 103 127 114 119 123 116 7
121 117 119 150 132 122 103 130 143 125 122 120 8
118 114 120 138 127 119 103 126 125 116 115 116 9
114 109 115 116 112 118 103 126 113 115 116 114 10
116 118 120 120 123 116 103 123 113 117 118 15000 11
Chip#2
107 110 104 103 109 108 109 109 109 109 115 109 0
115 123 112 107 114 117 115 118 113 112 122 113 1
112 117 105 106 113 110 115 117 113 111 118 108 2
110 119 112 111 120 116 115 116 118 111 116 108 3
113 117 105 103 108 113 111 112 113 108 110 109 4
120 119 109 111 114 115 116 116 119 112 118 112 5
108 110 100 99 109 112 108 110 109 105 108 105 6
110 117 108 106 116 117 112 120 116 111 119 110 7
111 121 111 112 119 113 112 117 116 112 119 112 8
115 120 108 107 112 119 118 117 118 110 119 109 9
114 126 113 107 119 120 116 116 116 114 122 112 10
113 121 108 106 116 115 116 115 116 114 113 15000 11
Chip#3
109 113 111 106 115 111 112 107 108 106 113 112 0
113 119 115 112 114 119 118 112 111 110 118 114 1
110 119 114 107 116 116 116 108 105 106 114 113 2
116 121 117 114 121 121 119 116 110 111 114 115 3
110 113 113 110 116 115 116 115 106 109 114 111 4
110 117 113 113 116 116 112 108 109 106 113 111 5
117 122 119 113 120 119 119 112 111 114 116 115 6
110 119 113 106 114 116 112 107 106 105 110 110 7
113 122 114 113 119 117 117 113 110 115 114 115 8
112 118 111 112 118 119 119 110 112 111 114 113 9
117 122 113 110 118 121 119 110 113 114 117 117 10
113 126 115 113 124 122 117 111 112 109 119 15000 11
Chip#4
111 111 109 112 110 118 112 112 108 111 114 107 0
108 111 104 109 105 112 109 105 108 107 109 103 1
109 114 111 112 110 116 111 113 114 111 117 111 2
108 108 109 108 110 118 110 107 112 113 116 107 3
109 112 107 109 108 117 113 111 110 105 112 106 4
109 112 113 111 113 117 107 111 110 111 110 109 5
115 115 112 111 111 121 112 116 118 119 116 111 6
116 112 114 113 113 118 112 119 116 111 119 116 7
115 115 112 111 108 114 112 113 114 114 117 111 8
116 116 114 116 111 120 118 111 114 114 119 115 9
122 116 121 119 114 126 118 120 124 121 126 113 10
110 116 114 113 112 119 111 111 119 113 116 15000 11
Chip#1
119 117 119 118 123 118 103 123 113 118 111 111 0
119 114 119 119 114 116 103 118 113 112 113 111 1
114 110 113 112 123 116 103 116 113 112 113 111 2
121 118 119 135 129 129 103 127 141 119 118 115 3
116 117 119 138 129 119 103 126 145 120 116 107 4
130 120 128 127 126 131 132 129 125 124 122 119 5
116 110 113 119 107 119 103 119 114 115 114 109 6
113 111 112 116 106 116 103 123 113 113 113 114 7
111 111 113 138 126 114 103 122 139 115 111 106 8
119 111 119 135 128 122 103 126 142 118 114 111 9
125 117 124 128 124 126 132 126 125 121 120 116 10
125 120 125 122 126 124 132 127 125 120 119 15000 11
Chip#2
115 121 109 113 114 119 119 119 118 111 123 117 0
110 121 109 110 116 119 119 113 119 115 118 114 1
115 117 107 103 110 112 111 108 113 109 113 106 2
111 117 107 106 113 112 109 112 112 110 113 109 3
111 114 109 106 114 116 113 119 116 109 116 108 4
104 110 105 102 106 110 106 108 112 107 113 106 5
113 117 112 108 116 115 115 116 115 114 118 108 6
110 114 107 108 109 113 115 117 116 115 116 108 7
111 119 111 108 114 115 118 113 116 113 120 109 8
111 116 109 107 114 116 113 116 115 116 118 106 9
111 126 113 114 116 118 120 123 123 118 119 114 10
115 120 115 106 120 116 116 119 115 114 118 15000 11
Chip#3
112 117 114 109 119 119 113 114 110 113 116 112 0
112 114 112 103 116 113 113 109 104 109 113 106 1
110 118 112 108 117 111 110 109 104 108 108 109 2
118 125 115 107 115 119 118 113 107 110 115 113 3
117 127 121 114 125 120 119 117 116 121 120 121 4
116 118 117 110 121 121 118 114 111 115 117 115 5
116 122 114 109 114 119 119 114 113 115 118 112 6
117 123 116 109 117 120 114 114 113 113 117 117 7
116 121 120 112 122 115 117 116 117 115 117 119 8
109 114 113 107 116 116 114 111 107 111 115 112 9
114 119 116 109 117 119 112 112 112 110 115 113 10
124 126 120 123 127 125 124 119 118 121 123 15000 11
Chip#4
116 116 113 118 116 121 119 119 116 114 121 117 0
120 112 112 115 113 123 113 112 119 113 116 113 1
113 109 114 109 109 117 110 112 113 110 116 108 2
116 108 108 110 114 114 110 111 115 117 117 111 3
122 118 115 116 121 123 115 118 121 116 119 116 4
108 107 106 103 113 113 106 103 105 107 106 108 5
121 120 118 116 115 128 118 122 116 120 123 121 6
119 120 116 118 114 121 120 123 120 120 123 116 7
115 113 115 113 114 117 109 117 113 111 117 111 8
114 109 108 111 109 117 110 112 109 110 114 109 9
115 114 116 116 107 113 114 112 115 114 116 113 10
111 112 114 117 112 120 113 112 110 113 118 15000 11
Chip#1
119 118 124 122 123 123 103 123 114 119 120 118 0
124 120 128 124 127 127 132 126 114 121 122 120 1
121 115 125 120 123 123 103 123 111 120 119 114 2
118 115 119 131 126 123 103 121 142 118 116 114 3
119 117 122 144 132 121 103 134 150 125 120 114 4
125 124 128 130 123 131 103 131 125 124 124 121 5
119 119 121 124 124 123 132 125 125 121 120 113 6
127 117 126 131 127 129 132 131 125 120 124 119 7
122 122 128 158 138 131 132 129 148 125 123 119 8
120 135 122 158 137 127 132 133 150 127 121 114 9
126 117 128 128 124 128 103 125 125 121 123 115 10
125 120 124 130 126 127 103 127 125 121 122 15000 11
Chip#2
114 123 112 108 114 117 120 119 122 114 119 116 0
113 119 112 108 117 115 119 117 113 111 118 115 1
114 121 109 111 112 116 118 119 116 114 124 109 2
118 127 112 116 117 121 122 124 120 120 125 115 3
115 121 108 106 114 119 115 117 118 114 115 110 4
117 119 113 107 113 126 118 116 116 118 122 113 5
114 119 108 107 113 120 118 119 115 113 118 108 6
110 119 104 105 112 117 113 114 115 115 120 106 7
121 126 111 115 117 119 122 123 123 118 125 115 8
121 128 115 112 121 127 125 123 125 116 123 118 9
120 124 112 111 120 120 122 117 116 116 120 113 10
120 124 115 112 117 117 122 116 120 118 122 15000 11
Chip#3
119 122 114 115 122 117 114 112 112 110 115 118 0
120 125 121 118 124 124 119 119 116 120 123 119 1
117 117 114 109 118 117 114 111 112 113 118 116 2
117 121 114 113 116 114 116 112 112 113 119 120 3
116 119 114 110 126 115 116 113 112 114 118 114 4
114 117 117 112 120 120 114 114 111 116 117 114 5
118 119 117 115 120 117 117 113 111 115 119 118 6
116 119 114 112 119 119 119 116 113 116 117 119 7
117 119 115 115 124 122 118 117 119 116 118 116 8
125 131 120 119 126 128 122 123 121 122 127 123 9
114 123 119 114 124 117 119 119 116 118 122 122 10
126 128 120 119 126 125 123 124 118 119 122 15000 11
Chip#4
121 123 120 120 121 126 125 128 123 123 123 120 0
113 109 111 109 108 114 110 113 112 115 114 109 1
120 115 118 117 113 127 116 122 114 115 122 115 2
118 118 114 117 110 117 113 119 112 115 117 117 3
120 123 119 116 119 130 118 120 125 119 121 116 4
112 111 109 113 112 117 111 117 112 113 114 107 5
109 113 111 108 108 114 109 113 109 111 112 110 6
114 113 115 113 115 122 116 118 115 114 117 115 7
113 114 115 115 113 116 113 118 115 114 117 111 8
114 118 115 115 113 119 116 119 118 116 117 116 9
116 120 115 118 113 119 116 123 119 116 121 115 10
116 116 118 115 113 119 116 115 116 113 117 15000 11
Chip#1
113 110 113 114 106 116 103 117 109 111 108 112 0
121 117 120 119 124 124 132 125 109 116 118 118 1
119 117 122 124 123 120 132 121 109 119 116 119 2
116 115 120 130 115 118 103 121 109 113 118 112 3
119 135 125 158 133 123 132 137 152 130 115 116 4
122 123 130 127 128 127 132 129 134 121 122 123 5
119 118 120 119 124 120 132 127 125 119 119 118 6
127 118 124 132 128 125 132 130 125 124 119 121 7
120 119 128 158 137 122 103 131 144 122 120 118 8
121 115 126 146 133 120 103 134 148 125 123 119 9
115 113 122 120 114 119 103 118 114 118 115 112 10
159 136 152 131 133 135 132 135 139 129 130 15000 11
Chip#2
121 123 113 112 118 120 122 119 116 118 120 117 0
123 124 117 111 125 121 123 120 123 116 123 116 1
110 116 99 107 110 109 112 110 112 109 115 106 2
115 123 111 115 118 119 118 120 123 119 120 113 3
124 128 117 115 122 123 120 121 122 124 122 116 4
112 120 109 110 117 121 116 110 115 111 118 110 5
118 123 111 112 121 121 122 120 122 120 120 114 6
110 124 111 110 117 117 119 121 118 115 119 112 7
120 121 108 116 120 116 119 120 119 118 123 117 8
118 121 109 115 118 116 120 117 118 112 118 110 9
118 123 107 115 118 117 119 120 116 115 118 112 10
128 130 119 119 129 125 123 124 127 123 128 15000 11
Chip#3
121 125 117 116 122 121 116 122 117 116 123 126 0
117 123 115 115 122 120 118 116 117 115 118 119 1
124 131 123 124 127 126 124 120 120 124 123 123 2
117 127 119 118 125 124 119 116 112 117 123 121 3
119 127 119 120 125 122 118 120 117 116 122 122 4
114 121 116 118 122 121 117 119 112 115 120 115 5
123 131 122 123 120 126 121 119 119 121 126 123 6
123 132 121 118 127 127 119 124 117 122 123 121 7
118 123 115 113 124 121 114 118 113 118 120 116 8
118 127 121 116 125 127 123 122 118 116 121 121 9
124 131 123 118 130 128 122 123 120 120 128 127 10
121 123 117 115 121 121 117 118 112 115 121 15000 11
Chip#4
107 114 109 113 110 119 113 113 113 113 113 113 0
111 121 115 117 113 122 114 118 115 116 122 110 1
128 123 125 125 122 132 125 129 124 127 128 127 2
126 126 126 127 127 130 127 129 125 126 132 124 3
116 115 114 109 113 117 114 113 115 113 114 106 4
116 120 116 117 116 126 117 119 120 119 123 116 5
111 114 109 115 110 116 118 117 114 116 113 111 6
114 119 113 116 115 118 116 118 115 117 122 111 7
119 120 119 117 116 121 120 117 118 116 122 111 8
120 121 120 123 121 123 124 124 119 120 123 119 9
129 122 127 120 120 132 124 125 125 127 126 123 10
119 119 116 118 118 123 117 118 119 117 123 15000 11
Chip#1
116 120 117 118 123 119 103 121 107 113 116 113 0
119 118 117 122 123 121 132 125 107 121 119 120 1
121 119 119 124 124 122 103 126 107 120 119 120 2
120 115 124 134 129 125 103 129 142 121 119 115 3
119 115 120 147 133 123 103 135 150 126 118 112 4
122 117 120 122 124 120 103 129 125 120 120 116 5
124 135 125 126 128 128 132 127 134 120 123 157 6
125 120 120 124 129 127 103 127 125 121 122 120 7
125 120 125 150 139 124 103 133 150 123 119 120 8
126 119 126 147 140 126 103 134 150 129 120 115 9
122 118 125 124 126 125 132 126 125 122 118 119 10
125 122 124 123 127 125 132 133 125 124 118 15000 11
Chip#2
118 127 116 112 120 123 123 125 122 118 125 118 0
117 121 109 108 119 123 119 121 120 116 123 117 1
123 127 117 117 125 121 125 128 127 127 128 121 2
124 124 119 113 118 126 122 124 120 122 126 118 3
118 123 113 111 118 121 119 123 122 116 122 115 4
114 120 113 110 113 120 120 117 119 115 124 110 5
123 119 111 108 117 119 122 124 115 116 120 114 6
118 123 113 108 117 119 118 119 118 118 120 118 7
121 123 115 116 121 127 123 122 127 119 127 117 8
125 131 119 116 121 126 129 130 129 124 128 123 9
120 123 115 113 121 124 123 123 122 119 120 114 10
125 126 115 114 120 123 125 120 122 118 123 15000 11
Chip#3
119 122 116 113 120 124 116 118 114 117 118 121 0
117 125 117 114 121 122 121 116 111 116 118 116 1
121 122 120 120 125 121 121 117 118 116 123 120 2
121 122 117 110 124 121 118 117 112 115 118 119 3
126 131 122 121 129 127 121 122 119 120 125 125 4
125 131 130 124 125 127 128 123 123 122 124 128 5
116 123 117 113 120 121 118 113 114 113 117 116 6
123 128 127 120 130 125 123 124 119 120 125 125 7
124 128 123 120 125 124 122 119 121 120 125 121 8
118 126 120 118 122 125 119 118 116 117 122 121 9
121 128 123 123 125 122 121 119 119 121 124 125 10
128 136 128 128 135 131 130 125 126 127 128 15000 11
Chip#4
118 118 116 117 115 121 114 120 115 116 118 115 0
122 126 120 123 122 127 123 127 118 123 128 122 1
114 116 115 118 113 119 114 122 114 115 114 114 2
118 115 111 118 117 117 116 124 120 115 121 120 3
121 116 116 119 116 127 113 124 116 115 127 115 4
113 116 115 120 115 121 116 118 114 114 123 115 5
121 122 120 120 117 127 122 126 124 120 126 122 6
116 111 116 118 113 124 120 114 116 115 123 115 7
120 122 119 120 121 126 120 120 126 127 128 120 8
120 114 115 120 118 121 113 120 116 115 122 116 9
121 116 116 119 116 119 113 117 119 118 121 115 10
124 119 122 122 127 128 119 123 124 124 126 15000 11
Chip#1
120 114 119 124 123 122 103 125 125 116 120 115 0
125 119 125 128 116 126 103 119 125 120 122 118 1
115 118 116 118 111 116 103 118 109 110 117 112 2
124 124 124 142 132 128 132 127 144 122 118 118 3
124 117 126 150 138 128 103 134 158 127 120 120 4
125 122 128 127 133 129 132 133 135 125 124 121 5
122 120 121 127 128 124 132 127 125 116 119 115 6
124 135 128 131 132 132 132 130 136 126 124 157 7
131 135 130 174 148 128 132 142 158 132 130 129 8
122 135 125 158 134 124 132 135 155 126 118 114 9
120 135 122 127 128 125 132 126 125 116 120 115 10
128 135 131 130 134 136 132 135 136 130 128 15000 11
Chip#2
118 126 115 117 121 121 123 124 126 120 124 114 0
125 126 115 117 122 126 126 128 125 119 126 119 1
118 120 109 112 116 115 120 117 116 115 120 113 2
118 125 115 115 121 120 120 124 122 119 122 117 3
120 124 113 115 121 121 123 127 123 119 124 118 4
123 130 119 117 123 122 127 128 130 123 130 121 5
128 128 124 124 131 130 133 138 127 127 134 123 6
122 130 117 117 124 124 133 128 123 124 126 118 7
125 128 120 120 128 129 127 129 132 126 128 127 8
124 127 117 116 127 127 126 126 126 120 123 119 9
125 130 119 115 127 125 125 127 126 124 126 117 10
130 132 123 117 127 127 126 130 129 123 128 15000 11
Chip#3
126 131 126 116 127 133 127 127 121 125 126 127 0
124 128 123 117 128 127 123 120 117 119 125 122 1
124 125 121 117 129 125 127 123 116 115 126 121 2
121 125 120 117 127 127 125 118 119 118 124 118 3
126 130 123 118 132 132 129 125 120 125 130 123 4
124 126 121 122 129 127 125 122 119 122 123 120 5
122 123 121 115 125 127 124 122 117 121 125 119 6
119 123 122 115 125 126 124 122 118 118 121 121 7
120 126 120 116 131 128 122 122 119 120 124 119 8
123 123 117 118 132 127 124 116 117 119 125 120 9
122 128 121 117 126 121 123 118 120 122 120 121 10
125 126 124 120 127 125 128 124 121 120 125 15000 11
Chip#4
115 114 114 112 112 121 117 119 119 115 125 113 0
122 123 124 117 121 133 130 126 120 122 128 124 1
127 127 126 122 126 134 126 129 125 126 128 123 2
122 122 120 118 121 124 123 123 124 117 126 115 3
114 116 114 117 116 122 116 122 115 116 120 115 4
116 116 119 118 116 123 123 118 123 121 125 119 5
124 127 120 122 117 127 125 125 125 120 129 124 6
125 120 120 122 116 129 120 123 126 126 131 121 7
118 122 120 119 115 128 122 128 124 122 128 121 8
120 120 121 120 121 127 123 120 118 123 122 117 9
126 126 125 125 120 132 122 128 124 118 128 122 10
121 120 121 119 117 124 120 120 116 117 122 15000 11
Chip#1
122 124 128 127 127 127 103 129 125 122 125 120 0
126 135 128 127 127 127 132 126 125 121 124 121 1
126 135 128 130 129 128 132 131 134 126 126 157 2
125 135 129 140 134 132 132 130 149 127 122 125 3
120 124 126 158 138 128 103 137 162 130 124 120 4
127 119 128 124 127 128 103 130 125 125 123 124 5
126 136 130 132 132 136 132 141 138 125 130 157 6
130 122 129 130 129 133 132 131 125 127 124 127 7
124 120 128 158 142 125 132 135 154 129 124 121 8
125 125 133 158 140 130 132 141 158 129 127 126 9
127 135 128 128 129 129 132 131 134 124 124 157 10
122 123 124 123 126 127 103 133 125 120 120 15000 11
Chip#2
131 138 123 121 129 127 134 133 134 128 130 123 0
125 132 119 117 127 127 127 129 129 128 127 121 1
121 128 111 115 120 119 123 123 126 123 125 119 2
123 137 124 124 129 124 127 130 129 128 127 127 3
127 135 120 119 131 129 134 129 127 124 128 127 4
123 123 115 111 124 122 125 121 127 123 124 121 5
125 131 117 116 127 128 130 128 126 127 127 122 6
125 130 117 116 125 123 125 125 125 128 127 119 7
123 126 112 113 126 124 125 125 126 122 126 114 8
134 130 124 120 128 130 134 133 132 128 130 122 9
131 139 124 124 128 133 134 131 136 135 130 127 10
131 131 121 119 128 128 131 125 129 126 129 15000 11
Chip#3
130 137 128 125 132 133 132 128 128 129 130 126 0
128 128 124 120 125 131 129 120 123 117 124 125 1
122 126 122 121 124 124 121 117 120 118 120 121 2
123 130 123 123 126 128 121 122 121 122 124 125 3
122 126 119 120 123 125 121 124 121 119 124 122 4
123 125 119 118 122 124 123 122 118 120 120 121 5
121 128 122 118 122 125 124 119 119 116 123 121 6
121 123 123 119 125 127 124 122 119 119 125 122 7
125 130 124 125 132 130 124 128 123 124 124 126 8
130 136 128 125 133 133 130 129 127 126 133 132 9
126 131 124 124 130 130 123 125 120 122 125 125 10
129 130 130 126 129 127 127 123 120 121 131 15000 11
Chip#4
119 121 118 120 122 128 124 124 118 119 122 121 0
113 111 112 106 108 116 112 110 108 110 114 114 1
127 121 126 124 121 130 125 129 123 126 127 122 2
115 118 114 117 119 125 123 121 114 117 122 120 3
124 121 121 125 122 126 126 123 125 121 131 122 4
120 120 115 118 118 124 120 119 119 120 127 113 5
126 126 126 123 121 133 126 128 125 124 129 129 6
124 116 118 126 121 129 124 129 124 120 129 123 7
118 121 121 123 121 124 116 120 121 120 123 119 8
127 128 124 126 122 134 129 131 126 130 129 123 9
131 127 126 130 128 137 129 135 131 131 133 128 10
134 134 127 130 127 134 131 129 129 127 133 15000 11
Chip#1
131 137 133 131 133 137 132 133 136 129 128 157 0
126 125 129 130 127 132 103 133 125 124 125 124 1
121 118 119 119 117 124 103 126 125 122 127 117 2
126 136 129 158 139 133 132 137 152 130 128 124 3
126 127 130 158 144 127 132 145 165 134 129 123 4
126 135 131 130 128 124 132 130 139 122 124 157 5
126 135 126 128 132 135 132 133 134 126 132 157 6
128 135 130 131 134 131 132 134 135 129 126 157 7
130 139 139 181 154 133 132 146 164 139 132 157 8
128 139 134 181 144 137 132 143 159 134 132 124 9
122 135 128 131 130 129 132 131 134 127 126 157 10
131 140 131 135 130 135 132 141 139 127 128 15000 11
Chip#2
124 132 116 112 121 124 126 124 123 122 125 117 0
128 134 121 121 125 133 131 128 129 126 130 123 1
127 132 115 120 126 130 129 127 129 124 130 122 2
127 128 121 116 125 123 123 123 129 116 120 121 3
125 132 123 121 129 128 129 128 127 120 129 123 4
130 130 120 116 127 129 129 126 130 127 125 126 5
120 128 113 115 127 123 123 125 123 119 123 117 6
117 123 112 116 118 119 119 121 123 116 118 114 7
127 131 119 120 129 127 127 133 132 122 130 122 8
123 130 121 121 124 127 126 124 129 122 125 119 9
128 132 120 116 124 126 123 125 127 123 123 122 10
137 138 125 125 135 134 134 131 132 127 130 15000 11
Chip#3
126 135 123 123 132 131 125 124 121 125 129 128 0
120 132 124 122 126 127 127 123 119 122 128 121 1
118 127 122 118 122 121 125 114 119 116 123 120 2
127 131 128 130 139 133 132 129 127 127 131 132 3
125 132 128 126 132 127 124 127 125 126 133 128 4
126 136 130 129 134 132 138 129 127 129 135 130 5
124 132 128 124 127 130 127 125 119 122 126 119 6
128 134 131 126 133 130 131 128 127 131 125 126 7
122 125 122 121 126 124 121 118 119 121 125 122 8
128 132 124 125 130 128 127 119 124 120 131 125 9
129 131 125 126 130 126 127 127 123 125 134 127 10
138 140 137 133 143 139 133 131 131 133 140 15000 11
Chip#4
119 119 124 123 120 129 122 120 116 126 126 115 0
116 124 122 123 120 133 120 124 125 124 124 119 1
126 119 124 122 122 127 124 126 121 125 128 117 2
125 127 122 125 124 136 126 125 124 123 132 120 3
125 127 122 124 125 132 129 123 129 122 128 120 4
120 120 124 119 119 130 122 125 123 123 125 120 5
126 127 127 123 125 134 126 128 125 130 132 120 6
126 126 124 124 125 130 131 129 125 126 132 124 7
128 127 128 126 126 136 127 131 124 126 132 127 8
126 124 125 122 123 131 126 128 125 127 128 121 9
127 121 125 125 122 131 124 124 126 127 131 123 10
131 133 134 133 128 139 134 131 132 130 141 15000 11
