Chip#1
132 101 114 108 108 111 106 104 108 107 106 101 0 222 123 205 23
103 95 105 106 101 105 115 111 103 103 96 100 1 0 0 0 0
132 99 114 112 109 109 115 111 107 105 131 100 2 0 0 0 0
132 101 109 111 109 112 107 105 102 103 101 102 3 0 0 0 0
112 102 115 112 109 113 131 124 109 110 104 107 4 0 0 0 0
104 94 102 102 106 103 124 117 102 100 96 98 5 0 0 0 0
108 101 110 106 106 106 109 99 103 108 102 107 6 0 0 0 0
104 94 103 101 101 104 102 95 97 118 131 98 7 0 0 0 0
108 104 114 113 108 107 109 104 114 133 147 109 8 0 0 0 0
100 94 108 103 101 98 101 96 102 108 101 98 9 0 0 0 0
102 102 105 105 105 100 104 94 103 121 131 101 10 0 0 0 0
99 95 100 97 99 103 95 94 101 114 131 15000 11 0 0 0 0
Chip#2
128 106 103 98 104 106 101 98 102 106 102 104 0 155 124 84 23
112 103 100 100 105 104 110 106 102 105 104 109 1 0 0 0 0
112 98 102 98 101 99 116 115 102 104 95 99 2 0 0 0 0
112 104 103 103 108 110 109 106 102 106 102 109 3 0 0 0 0
112 101 102 99 100 102 129 129 102 101 103 104 4 0 0 0 0
112 106 103 99 105 105 137 132 102 105 99 107 5 0 0 0 0
112 105 104 102 100 105 100 99 102 104 98 104 6 0 0 0 0
112 106 102 100 104 104 102 101 102 139 133 110 7 0 0 0 0
112 104 103 100 104 106 103 97 72 120 121 108 8 0 0 0 0
112 106 108 107 108 109 107 108 102 108 109 109 9 0 0 0 0
112 101 96 93 96 96 97 92 102 144 129 102 10 0 0 0 0
112 104 102 100 100 104 100 97 102 117 119 10025 11 0 0 0 0
