Chip#1
98 94 94 101 100 95 101 100 100 100 90 94 0
103 99 98 98 104 97 112 103 103 99 101 98 1
101 99 104 103 107 101 112 102 104 104 97 98 2
99 101 99 99 103 100 107 100 101 103 98 96 3
102 101 96 98 107 105 108 102 106 101 95 96 4
100 99 138 143 105 138 173 103 107 103 92 92 5
105 97 115 120 105 124 146 107 107 100 97 92 6
104 101 99 107 103 105 111 105 107 100 96 100 7
95 94 141 145 96 115 131 96 96 96 90 88 8
96 95 122 123 96 116 131 96 97 92 90 89 9
103 99 103 98 100 98 106 104 106 96 95 94 10
97 94 95 91 96 93 99 98 96 96 90 15000 11
Chip#2
100 98 96 92 95 96 96 98 95 98 97 94 0
101 105 101 100 100 102 98 104 98 102 101 103 1
107 103 100 104 105 104 100 100 98 104 102 103 2
99 95 94 97 95 96 93 91 93 88 95 93 3
99 98 93 96 94 96 95 92 90 99 99 95 4
104 105 100 99 101 102 104 99 98 102 102 100 5
101 99 94 97 94 94 99 97 93 98 100 94 6
103 101 100 102 102 98 107 109 98 105 110 105 7
102 100 94 99 97 98 98 99 94 98 100 99 8
103 99 98 98 97 94 99 99 95 99 105 100 9
106 105 106 103 107 107 110 106 101 110 111 106 10
102 105 103 99 99 97 100 103 96 98 102 15000 11
Chip#1
103 94 95 98 100 94 104 97 98 93 96 93 0
98 90 93 99 98 100 107 102 100 99 97 94 1
101 102 105 109 104 106 116 108 109 112 101 98 2
96 97 99 99 103 101 112 103 104 103 100 94 3
104 104 109 118 107 106 119 103 106 103 100 96 4
99 101 319 311 102 308 475 112 108 107 96 94 5
101 99 181 189 102 217 311 109 107 104 94 93 6
103 100 104 104 103 99 111 102 101 95 92 93 7
98 100 376 362 98 216 252 100 101 101 96 94 8
99 100 266 240 102 217 252 101 98 97 95 95 9
105 100 99 99 100 98 107 100 108 101 100 95 10
98 93 96 97 96 94 107 95 100 93 91 15000 11
Chip#2
107 106 106 103 106 103 104 104 102 108 105 109 0
106 103 99 100 101 98 100 98 93 99 101 104 1
107 110 107 107 102 104 105 104 100 108 104 109 2
106 108 106 108 105 106 111 111 99 109 114 100 3
99 103 98 113 106 99 108 100 96 104 104 98 4
100 106 104 104 99 103 101 102 101 102 101 101 5
96 100 94 96 100 99 261 236 92 183 221 101 6
112 113 106 120 119 122 480 436 110 263 324 122 7
110 106 103 104 105 108 130 121 101 108 115 104 8
112 114 107 109 108 106 161 174 107 188 297 119 9
103 103 98 100 99 103 259 323 105 298 477 143 10
107 109 106 104 108 103 124 134 105 114 152 15000 11
Chip#1
101 101 96 102 100 101 106 103 102 100 96 94 0
103 104 99 104 108 108 113 108 103 100 105 99 1
101 100 107 118 100 106 117 107 112 120 96 99 2
102 101 98 104 102 106 111 108 107 113 98 99 3
98 100 105 108 104 97 113 102 102 93 95 94 4
92 93 375 377 101 369 589 113 100 103 90 93 5
106 106 213 218 109 253 385 114 116 116 105 102 6
97 95 102 104 101 99 105 102 102 93 92 94 7
102 106 467 443 105 259 301 103 108 99 101 98 8
97 93 327 287 102 256 298 104 103 93 95 89 9
99 95 95 98 100 93 101 98 101 95 92 95 10
103 95 99 92 97 93 101 101 97 92 87 15000 11
Chip#2
107 105 105 104 104 104 104 97 100 102 105 108 0
102 101 100 98 99 99 101 96 95 98 100 96 1
104 106 105 100 101 102 104 100 99 99 101 108 2
103 104 100 112 106 99 112 107 99 108 113 100 3
105 110 110 122 113 102 119 110 99 110 107 103 4
105 103 101 99 102 104 99 97 95 102 95 96 5
105 105 103 112 113 107 349 308 100 218 293 106 6
105 106 109 125 117 117 611 554 105 304 386 116 7
104 109 105 109 111 111 137 132 101 108 119 103 8
110 111 112 110 111 113 180 207 111 222 361 122 9
107 106 100 104 104 106 344 404 112 365 617 163 10
106 105 106 105 107 102 130 144 101 121 167 15000 11
Chip#1
103 105 100 103 108 104 105 103 106 103 102 100 0
97 94 100 99 100 99 102 100 98 96 97 93 1
104 101 106 114 103 105 120 102 111 116 100 96 2
93 96 96 101 96 97 108 102 99 105 92 93 3
103 97 111 115 107 108 122 105 102 99 102 99 4
99 100 457 446 104 452 720 118 109 112 95 92 5
102 101 240 243 103 282 442 112 107 111 96 92 6
103 104 114 114 109 108 112 109 106 99 101 96 7
100 107 551 522 108 294 349 108 100 99 95 98 8
98 102 383 332 100 297 345 102 104 95 92 93 9
97 97 92 98 101 95 104 95 100 87 87 89 10
117 111 106 102 112 108 113 108 112 107 105 15000 11
Chip#2
105 106 103 104 105 101 107 100 100 99 101 104 0
105 105 99 103 108 104 105 102 99 102 101 105 1
103 103 98 102 102 102 100 102 96 99 104 104 2
104 104 99 115 105 98 112 106 94 107 110 101 3
105 105 105 123 111 104 114 112 98 112 111 103 4
104 104 104 105 104 107 106 103 99 105 106 105 5
103 103 104 112 108 109 367 324 98 220 310 111 6
102 103 100 122 111 116 637 580 100 311 396 115 7
106 110 103 110 107 101 143 133 100 112 123 105 8
104 110 101 104 105 102 183 201 102 222 371 124 9
106 106 101 103 104 106 359 414 112 379 644 160 10
106 104 99 100 102 99 131 144 98 118 160 15000 11
Chip#1
102 99 99 101 103 98 104 101 101 96 98 94 0
99 101 105 106 108 104 111 111 104 99 101 99 1
102 101 107 119 101 109 124 105 111 117 103 99 2
106 109 106 110 112 106 117 112 111 113 103 101 3
102 101 110 115 105 106 124 104 106 99 95 99 4
103 107 457 448 108 452 720 117 108 114 100 96 5
99 102 244 245 108 286 441 112 106 112 98 96 6
102 105 108 110 104 98 109 107 109 95 100 100 7
101 110 558 530 109 299 350 108 106 97 101 96 8
99 102 379 332 105 302 352 111 102 97 95 98 9
102 106 100 108 109 104 107 108 101 104 98 102 10
96 95 93 93 93 89 99 95 97 89 89 15000 11
Chip#2
105 106 104 100 102 97 102 103 101 102 102 104 0
110 110 111 104 107 104 106 107 104 107 105 111 1
102 103 98 99 95 97 98 97 92 97 97 99 2
106 108 105 114 110 106 117 112 101 109 116 104 3
106 114 114 128 121 108 125 119 106 114 120 108 4
104 101 101 105 97 99 100 105 98 97 104 101 5
116 113 110 117 114 113 381 341 106 246 325 119 6
107 113 109 125 117 143 655 602 106 317 414 119 7
109 112 107 109 111 108 148 138 105 111 121 106 8
105 109 104 104 104 103 183 204 100 224 375 117 9
106 110 104 104 105 111 368 436 113 389 668 165 10
107 105 105 104 104 99 132 151 100 125 169 15000 11
