Chip#1
99 97 107 101 107 106 103 97 101 99 99 98 0 222 123 77 23
99 104 107 109 107 108 117 110 101 104 105 100 1 0 0 0 0
97 94 107 101 103 104 110 102 108 102 99 102 2 0 0 0 0
98 95 102 101 100 104 106 102 101 100 96 101 3 0 0 0 0
103 98 108 103 105 106 121 109 104 102 94 98 4 0 0 0 0
102 97 111 106 107 107 131 119 109 107 100 101 5 0 0 0 0
96 94 105 99 100 103 102 92 97 99 97 98 6 0 0 0 0
111 109 111 109 109 109 112 104 110 129 131 109 7 0 0 0 0
99 98 105 99 100 103 102 94 101 115 131 98 8 0 0 0 0
100 95 103 101 101 101 104 93 102 105 99 101 9 0 0 0 0
105 104 112 106 106 106 106 100 108 128 131 105 10 0 0 0 0
99 99 103 102 102 101 104 97 107 118 131 15000 11 0 0 0 0
Chip#2
128 107 108 102 104 104 105 99 106 108 106 112 0 153 123 105 23
112 100 96 95 98 98 102 99 106 99 102 103 1 0 0 0 0
128 108 107 100 101 104 116 112 106 106 108 108 2 0 0 0 0
128 102 102 98 98 100 101 98 106 99 102 107 3 0 0 0 0
112 105 108 100 105 104 130 129 106 107 104 105 4 0 0 0 0
112 110 104 103 104 104 136 135 106 107 104 110 5 0 0 0 0
112 108 108 100 105 103 107 97 106 105 104 108 6 0 0 0 0
128 107 106 103 104 105 105 104 106 134 127 105 7 0 0 0 0
112 105 108 98 101 103 105 95 106 121 115 104 8 0 0 0 0
112 102 97 97 101 104 102 98 106 109 104 104 9 0 0 0 0
112 105 108 102 103 104 105 102 106 142 132 109 10 0 0 0 0
112 104 104 100 100 98 105 98 106 121 111 15000 11 0 0 0 0
