Chip#1
105 107 98 100 100 106 95 100 101 98 107 100 0
107 109 102 109 118 106 99 101 130 96 110 98 1
95 95 90 109 122 101 94 94 136 96 100 89 2
99 105 96 95 97 102 95 95 101 94 107 95 3
108 106 101 98 98 108 98 101 102 98 110 103 4
102 102 99 102 98 108 96 98 103 96 111 96 5
114 112 103 126 153 111 99 111 159 116 119 97 6
102 100 93 105 111 101 89 97 106 96 104 92 7
107 109 102 102 103 110 102 108 106 103 109 101 8
104 105 95 99 97 104 96 100 101 98 104 95 9
113 111 107 103 103 110 101 107 109 98 118 103 10
105 102 97 98 96 103 95 104 100 93 104 15000 11
Chip#1
107 103 99 97 97 109 95 104 106 98 108 99 0
116 111 101 135 195 112 102 112 238 113 114 106 1
108 104 99 203 243 104 95 114 309 133 105 97 2
103 97 98 98 102 104 94 98 108 98 104 92 3
105 103 103 98 102 108 97 103 105 103 114 102 4
114 110 103 103 112 113 101 111 122 105 116 103 5
105 102 101 199 320 110 96 135 349 150 106 95 6
107 104 101 141 171 103 99 106 145 104 108 96 7
111 107 101 101 101 110 102 102 106 103 113 98 8
109 108 99 102 97 104 96 97 102 98 106 102 9
115 110 107 105 103 112 103 104 106 107 121 108 10
108 112 104 105 97 110 97 101 102 101 114 15000 11
Chip#1
110 108 103 105 100 112 101 105 107 108 115 99 0
107 100 97 167 304 101 95 108 399 99 104 100 1
105 101 95 339 410 103 98 124 544 173 106 101 2
109 107 99 113 105 108 104 106 127 104 109 98 3
107 100 98 102 96 101 98 100 104 98 105 101 4
115 104 104 114 122 112 103 110 128 102 111 97 5
109 108 99 337 612 109 99 171 625 206 109 99 6
111 111 103 196 263 113 101 119 210 112 106 101 7
104 98 99 91 95 103 94 101 98 95 101 95 8
113 108 103 101 99 103 100 101 105 101 111 102 9
111 114 109 105 104 106 101 107 107 103 114 111 10
109 105 102 101 103 109 101 101 102 101 110 15000 11
Chip#1
110 103 103 102 104 104 99 105 110 104 111 105 0
109 102 102 190 413 109 97 114 550 108 111 98 1
105 105 101 489 599 109 101 141 793 214 109 102 2
114 114 106 114 114 113 102 109 139 112 116 109 3
110 117 103 104 105 112 102 106 110 105 110 109 4
115 114 106 118 134 114 105 114 145 116 115 106 5
108 108 103 476 890 113 99 207 904 262 115 98 6
105 106 104 253 353 110 96 124 272 119 109 97 7
109 102 95 99 100 106 97 100 105 96 104 97 8
116 104 103 99 97 106 96 101 101 96 105 102 9
114 115 101 96 98 103 98 101 106 100 116 104 10
107 107 102 94 105 110 98 101 108 101 112 15000 11
Chip#1
118 114 104 109 107 111 106 109 112 107 118 107 0
109 110 106 233 517 113 99 124 702 116 114 106 1
110 109 106 628 763 115 99 162 1028 257 111 106 2
107 109 101 123 116 113 102 111 148 107 112 104 3
114 112 110 109 112 113 109 112 115 108 122 110 4
103 101 100 114 132 103 98 107 148 104 106 96 5
108 105 100 641 1219 114 98 251 1239 336 112 103 6
118 110 112 334 468 115 104 140 358 129 114 111 7
129 113 107 109 111 120 109 114 112 111 120 106 8
127 117 105 106 105 110 101 109 108 105 114 109 9
116 120 110 102 106 111 99 109 108 102 118 114 10
109 107 110 107 104 113 101 107 105 106 118 15000 11
Chip#1
120 119 111 109 112 119 109 109 117 112 124 114 0
113 112 109 275 634 115 106 131 857 119 117 107 1
116 120 114 763 941 118 115 180 1280 306 124 113 2
114 111 113 124 122 114 101 114 158 116 119 106 3
117 110 112 103 106 115 108 115 112 109 122 113 4
108 109 108 117 147 115 100 109 168 113 111 98 5
110 111 104 763 1503 121 103 299 1502 402 118 104 6
109 112 106 384 548 112 106 141 415 133 114 106 7
116 111 104 106 108 112 107 108 109 105 112 107 8
123 115 103 105 103 110 103 106 105 105 114 115 9
121 125 112 106 104 112 103 106 108 104 116 120 10
115 112 108 107 105 114 100 108 111 111 124 15000 11
Chip#1
115 108 102 106 102 108 102 104 108 104 113 103 0
116 115 108 301 710 120 102 142 975 129 120 108 1
110 116 107 845 1051 117 102 180 1450 333 120 104 2
114 115 111 128 131 115 108 115 168 117 120 111 3
114 112 106 107 113 114 101 110 115 108 118 108 4
117 111 106 126 154 119 101 119 177 116 117 106 5
115 111 110 854 1695 120 108 328 1706 440 120 104 6
114 111 104 422 612 115 103 151 460 133 114 103 7
128 121 114 112 112 120 111 117 122 110 124 112 8
134 125 111 112 107 116 104 109 110 109 120 121 9
124 128 115 106 106 114 102 112 112 107 122 121 10
113 114 108 107 108 112 102 111 111 110 122 15000 11
Chip#1
117 110 102 107 103 112 101 108 114 108 115 106 0
113 117 109 335 808 119 113 145 1110 133 122 116 1
110 116 107 949 1209 121 110 197 1653 372 120 106 2
118 120 114 142 134 122 111 119 179 122 122 118 3
108 113 105 109 108 116 109 112 114 109 113 107 4
113 118 112 132 163 119 109 124 192 116 120 115 5
115 116 114 957 1945 124 114 364 1948 481 119 109 6
115 117 109 475 690 120 103 156 495 141 120 107 7
127 121 114 114 117 119 113 117 115 115 125 118 8
140 128 111 110 112 122 111 114 118 111 123 125 9
127 134 115 110 110 118 107 111 112 108 130 127 10
123 127 118 119 117 124 114 114 121 120 133 15000 11
Chip#1
132 127 118 120 117 119 114 118 120 119 133 119 0
114 115 106 363 896 111 103 146 1239 129 114 103 1
114 115 112 1057 1360 119 110 207 1860 407 120 109 2
122 118 115 144 140 125 113 119 190 124 129 115 3
120 113 112 113 113 116 114 112 121 110 121 107 4
116 117 114 142 171 119 110 126 223 116 126 109 5
116 118 116 1058 2180 124 110 396 2193 532 125 113 6
120 117 113 532 764 121 108 170 543 153 120 109 7
121 111 101 106 109 109 101 107 108 104 118 104 8
147 129 113 112 114 122 110 120 119 115 127 128 9
129 137 115 112 104 115 108 115 114 107 127 129 10
117 120 117 111 113 120 108 115 118 118 127 15000 11
Chip#1
135 120 117 124 121 125 115 119 122 123 131 122 0
121 117 110 399 979 120 107 151 1344 135 124 110 1
123 122 115 1156 1470 126 113 220 2032 445 125 114 2
113 110 107 136 136 118 108 117 191 121 120 101 3
115 113 106 113 108 117 107 111 118 111 125 108 4
124 127 120 145 187 121 118 134 223 127 137 121 5
127 124 117 1146 2352 134 116 428 2385 579 129 110 6
128 127 122 570 816 127 120 177 595 163 131 117 7
128 120 114 116 117 122 111 118 119 115 126 107 8
143 123 104 105 107 110 108 109 112 107 120 117 9
140 146 124 112 116 119 110 118 115 115 137 137 10
115 122 115 114 110 115 107 110 115 115 130 15000 11
Chip#1
128 118 110 112 112 115 108 115 119 113 123 106 0
121 120 116 427 1048 121 116 163 1465 143 132 114 1
115 118 117 1241 1600 128 115 226 2201 456 124 115 2
111 118 108 148 143 120 112 125 201 123 125 113 3
115 116 112 117 117 123 117 119 121 112 127 109 4
120 122 123 148 196 122 114 130 223 119 129 116 5
127 122 122 1232 2572 140 121 462 2569 628 136 115 6
124 127 123 613 895 134 124 184 639 165 137 120 7
132 129 121 122 124 127 121 121 123 125 130 118 8
154 130 115 116 110 120 114 117 111 116 127 127 9
136 147 122 112 116 121 112 119 115 117 134 140 10
124 124 123 119 118 125 112 120 121 123 137 15000 11
Chip#1
135 119 117 115 122 118 112 117 123 119 124 114 0
124 121 122 463 1148 123 114 166 1554 140 126 121 1
126 112 114 1334 1717 122 117 235 2375 483 127 114 2
117 117 117 155 151 118 110 121 223 126 127 117 3
117 120 118 119 123 119 115 119 128 117 127 116 4
122 122 117 151 201 125 120 134 238 127 127 117 5
118 121 122 1316 2763 134 117 477 2756 657 126 109 6
118 117 117 649 947 123 113 183 666 163 122 110 7
135 123 118 122 125 125 116 120 122 112 127 115 8
158 134 119 119 117 123 115 117 121 112 134 132 9
142 154 130 122 122 125 123 124 126 123 147 146 10
130 128 123 123 123 122 120 124 127 119 142 15000 11
Chip#1
136 127 125 123 127 127 123 125 131 125 135 123 0
124 125 122 486 1216 125 120 170 1680 148 136 118 1
118 120 117 1434 1832 127 114 251 2540 511 130 115 2
114 117 117 157 151 121 113 120 240 125 124 112 3
120 123 112 119 118 122 114 121 128 112 126 110 4
115 122 114 157 203 125 118 132 244 126 126 110 5
120 123 121 1409 2947 138 117 511 2960 652 130 114 6
124 127 118 693 1007 131 117 191 719 180 125 119 7
141 130 116 121 123 126 120 125 126 118 132 122 8
160 133 120 116 115 122 112 117 121 111 127 130 9
138 146 120 110 113 119 109 115 113 112 137 139 10
122 122 120 117 116 123 114 117 118 120 136 15000 11
Chip#1
139 121 117 122 125 123 115 118 128 122 129 115 0
127 121 123 509 1294 122 118 174 1770 157 133 115 1
122 117 121 1537 1968 129 118 257 2701 542 130 116 2
122 123 118 161 150 126 117 125 223 127 129 114 3
124 123 123 123 125 129 122 130 133 123 130 123 4
117 117 118 151 210 123 113 129 256 127 126 115 5
121 124 126 1498 3136 138 118 536 3143 723 130 113 6
121 122 124 693 1062 125 110 188 735 180 125 113 7
136 114 113 114 120 120 113 116 125 113 125 112 8
164 139 120 121 118 124 118 119 121 115 130 139 9
148 153 129 119 123 125 115 122 125 117 166 148 10
126 128 127 119 124 126 121 121 127 126 145 15000 11
Chip#1
138 123 117 120 124 125 120 118 133 125 134 122 0
122 117 117 532 1344 121 115 169 1855 151 130 115 1
126 125 122 1614 2064 129 120 266 2834 572 133 124 2
120 123 122 164 158 129 121 128 239 133 126 120 3
126 127 126 127 131 131 123 126 133 124 132 120 4
120 121 118 155 215 130 119 134 261 129 130 116 5
124 121 124 1570 3287 139 117 556 3293 755 129 110 6
123 126 128 744 1116 132 122 197 767 189 131 116 7
141 125 123 126 124 128 121 121 123 123 130 122 8
174 150 130 128 127 127 128 129 124 128 138 142 9
143 157 130 120 120 125 115 124 121 116 166 149 10
133 135 131 127 128 132 118 122 126 128 143 15000 11
Chip#1
138 123 121 124 125 125 117 119 132 120 129 122 0
122 120 122 552 1426 125 114 177 1969 151 127 116 1
127 126 124 1709 2179 133 120 275 3018 602 135 119 2
127 122 126 176 164 130 121 125 246 139 132 122 3
118 123 118 120 123 125 114 115 125 119 127 117 4
135 134 131 174 232 140 130 146 289 147 142 131 5
128 127 127 1667 3491 141 122 588 3500 801 132 119 6
133 133 127 796 1176 135 123 207 821 189 135 117 7
145 128 127 129 130 128 124 127 131 124 135 122 8
166 135 117 119 114 121 115 119 117 113 132 132 9
151 162 135 127 123 126 123 119 127 126 148 156 10
128 130 130 119 121 124 116 117 122 124 142 15000 11
