Chip#1
98 96 97 87 88 97 86 94 97 87 101 94 0
101 100 100 98 111 100 92 96 124 94 100 87 1
103 97 94 118 122 100 93 100 140 103 102 95 2
107 109 106 107 99 109 98 110 109 101 106 99 3
105 108 104 103 100 105 100 105 102 98 106 102 4
103 101 98 98 97 103 96 97 106 98 101 95 5
114 111 110 132 153 111 101 116 158 115 110 101 6
104 107 106 112 116 109 96 110 113 101 107 102 7
108 102 100 95 97 104 97 100 103 94 106 95 8
105 109 100 99 95 106 96 103 100 94 107 94 9
102 100 99 97 96 105 91 98 99 89 105 92 10
102 104 99 98 97 105 94 104 101 99 104 15000 11
Chip#2
103 94 95 95 102 99 90 96 101 96 95 94 0
99 98 96 93 101 103 96 96 106 95 94 99 1
111 107 101 134 118 117 103 106 124 103 103 109 2
105 101 96 108 114 107 100 102 119 100 96 103 3
112 105 101 109 108 114 104 106 111 99 105 105 4
106 105 101 107 113 113 102 106 112 103 101 104 5
108 99 97 95 108 103 97 98 110 93 94 99 6
113 107 103 121 123 116 108 107 124 112 108 109 7
109 100 101 100 109 106 103 100 117 100 101 107 8
103 96 96 98 100 103 97 96 105 93 95 99 9
109 99 100 103 105 113 103 101 102 101 100 106 10
102 102 94 98 104 103 101 96 103 95 97 15000 11
Chip#3
97 96 96 96 91 94 96 96 98 93 94 92 0
113 134 102 102 95 99 101 105 105 101 102 103 1
102 94 94 100 99 101 100 101 100 98 96 98 2
109 98 104 101 104 99 102 103 106 100 100 99 3
100 100 102 120 196 119 100 110 165 124 99 100 4
103 98 104 101 118 100 98 96 115 102 95 97 5
101 93 99 98 91 97 96 103 99 94 94 95 6
104 96 99 98 97 98 102 101 96 100 94 100 7
100 95 97 114 148 99 97 96 143 127 96 98 8
101 94 89 98 156 100 91 95 153 112 86 92 9
103 95 99 95 96 96 95 99 103 96 94 97 10
110 99 97 101 97 100 108 103 102 102 99 15000 11
Chip#4
100 95 101 98 103 101 107 95 106 97 98 133 0
105 106 107 101 108 108 110 106 106 112 106 133 1
107 102 108 100 105 109 108 104 107 112 105 133 2
99 97 103 97 101 100 103 99 106 94 100 101 3
106 99 106 105 104 103 108 103 106 99 102 133 4
103 99 103 99 109 105 108 103 107 99 103 101 5
100 99 106 96 104 106 102 99 106 93 105 133 6
111 107 113 107 109 109 112 110 111 103 105 101 7
103 98 101 92 105 103 109 95 109 112 98 133 8
99 102 102 101 107 106 107 101 109 102 104 133 9
105 101 104 99 107 107 108 101 109 112 105 133 10
106 107 106 104 112 110 113 106 111 112 110 15000 11
Chip#1
99 100 95 103 93 103 94 98 101 95 109 95 0
103 101 102 122 172 100 98 100 204 102 102 95 1
104 97 95 190 217 108 97 107 269 125 105 97 2
98 102 98 100 100 101 95 97 108 96 101 95 3
102 105 100 99 96 105 96 99 106 95 104 100 4
108 108 105 108 108 106 101 104 117 101 114 99 5
103 104 101 190 284 105 95 124 299 135 102 94 6
104 108 104 139 164 109 100 105 145 101 112 98 7
103 100 100 97 93 102 97 99 98 95 107 91 8
98 94 92 90 90 102 93 94 96 87 100 92 9
98 101 95 97 91 99 96 94 100 92 104 97 10
102 104 100 96 99 103 95 99 101 98 110 15000 11
Chip#2
102 100 95 97 100 103 96 95 111 96 96 103 0
101 100 101 101 100 109 97 96 101 96 92 101 1
103 103 95 134 140 108 103 111 152 101 96 106 2
101 98 97 134 126 106 104 104 141 102 96 105 3
103 101 100 97 104 103 100 98 105 94 98 103 4
103 97 94 96 100 103 97 95 102 95 92 98 5
104 98 100 111 114 107 100 98 117 96 94 105 6
106 97 99 150 160 106 103 111 154 112 101 104 7
105 101 101 108 109 102 100 101 122 101 96 100 8
105 94 97 96 103 102 99 101 98 95 94 107 9
104 98 105 103 103 106 102 104 107 96 102 107 10
103 97 94 98 107 100 99 99 100 97 96 15000 11
Chip#3
109 105 99 102 100 100 104 104 105 103 100 99 0
115 106 103 106 105 101 108 105 103 102 101 107 1
109 100 98 104 94 96 100 98 99 101 98 98 2
106 95 99 102 138 103 102 98 111 100 98 98 3
96 95 98 177 432 167 102 112 330 208 91 92 4
102 95 92 99 168 97 96 95 152 116 88 94 5
104 97 104 99 93 99 99 101 100 102 94 98 6
102 98 103 101 103 101 112 100 103 107 98 95 7
107 102 105 164 287 115 106 109 256 219 102 99 8
103 95 95 131 325 125 91 103 307 176 91 93 9
104 96 99 98 97 98 100 94 98 94 92 97 10
112 100 96 94 95 98 98 96 99 98 96 15000 11
Chip#4
99 97 101 104 105 99 105 97 106 98 96 133 0
107 102 103 100 107 103 107 107 108 102 105 101 1
105 102 99 97 105 99 102 103 107 96 98 101 2
108 98 105 102 111 105 107 102 111 99 106 133 3
99 93 104 97 104 98 97 95 106 98 93 101 4
101 97 99 100 109 99 106 98 106 101 102 101 5
104 98 103 98 103 101 105 100 108 99 99 101 6
106 105 108 102 108 110 111 111 108 105 106 101 7
104 99 104 99 107 102 103 101 106 101 99 133 8
106 102 104 101 108 103 106 103 109 104 105 133 9
102 98 98 100 109 101 105 98 106 99 99 101 10
104 101 105 99 100 102 109 100 106 102 102 15000 11
Chip#1
105 99 98 102 102 106 94 101 105 100 101 96 0
103 107 104 129 179 106 101 104 209 103 109 99 1
107 97 100 190 214 102 95 105 264 130 102 97 2
99 100 92 98 92 103 91 94 103 95 100 94 3
104 103 101 99 95 105 98 96 103 95 104 95 4
98 100 101 102 103 102 96 99 107 94 105 90 5
104 102 103 181 290 104 96 126 301 141 102 95 6
104 103 104 139 159 108 96 100 144 103 104 92 7
109 103 103 105 99 109 98 103 101 101 106 97 8
104 97 95 96 93 101 85 96 96 89 102 90 9
99 100 102 95 98 102 96 99 100 96 107 95 10
102 98 100 87 92 101 90 96 98 93 97 15000 11
Chip#2
103 98 94 101 101 106 102 98 108 96 95 102 0
101 96 92 91 102 106 100 99 105 93 94 100 1
104 101 102 134 140 110 107 117 157 109 103 112 2
99 98 100 134 128 110 102 107 144 105 94 105 3
102 100 94 101 104 106 101 99 107 97 96 103 4
101 103 102 103 101 103 96 101 107 100 99 104 5
104 100 96 107 115 108 97 104 121 100 101 107 6
99 96 89 134 157 99 96 100 146 102 94 101 7
101 97 92 104 110 99 96 98 121 96 95 103 8
99 97 96 97 96 101 96 94 105 90 96 100 9
106 103 97 97 108 103 100 96 108 95 94 100 10
99 97 95 97 101 104 101 98 102 97 96 15000 11
Chip#3
109 101 103 97 99 103 107 104 103 101 102 105 0
107 102 97 98 99 99 104 103 100 96 99 102 1
104 95 100 96 101 100 106 101 103 101 100 98 2
103 99 98 101 125 99 101 101 109 98 91 95 3
97 92 88 154 342 147 91 106 269 167 94 90 4
107 99 100 103 152 105 100 105 149 112 102 98 5
102 93 92 91 90 92 95 100 101 95 90 98 6
101 93 96 92 95 95 100 94 99 97 95 90 7
93 90 92 140 234 102 97 94 210 192 91 93 8
106 96 99 126 275 124 104 105 261 176 98 99 9
106 98 98 94 101 100 100 100 102 100 98 98 10
106 100 99 98 97 97 101 96 102 94 91 15000 11
Chip#4
98 90 103 95 98 96 104 97 91 92 94 93 0
97 94 101 96 100 100 105 95 106 94 99 101 1
105 99 109 100 107 106 112 104 112 102 104 117 2
101 98 104 101 106 107 105 105 108 99 100 117 3
96 91 92 94 102 101 98 94 106 91 98 101 4
99 94 95 99 102 100 103 98 106 94 98 101 5
101 99 101 94 100 99 101 99 106 96 97 117 6
107 102 106 104 104 109 109 107 108 102 100 117 7
104 98 105 96 106 101 107 104 112 97 98 101 8
105 105 107 98 109 110 112 107 111 99 103 101 9
105 97 108 99 102 107 106 104 107 112 103 117 10
100 99 100 96 101 106 106 95 106 97 100 15000 11
Chip#1
98 97 92 94 92 99 95 93 100 93 102 89 0
102 100 97 125 172 103 94 101 197 101 104 92 1
99 97 93 190 215 100 90 104 264 123 104 96 2
104 107 106 102 103 108 97 103 112 101 105 102 3
103 103 102 96 97 103 93 101 103 95 106 90 4
107 101 97 101 105 103 91 93 109 100 102 96 5
99 97 97 190 290 104 88 125 299 134 104 88 6
102 103 98 139 161 104 98 107 142 101 109 96 7
105 101 101 98 96 101 95 100 99 96 102 97 8
104 105 101 105 96 104 95 100 103 101 109 97 9
105 114 103 101 95 103 99 101 102 93 107 101 10
104 104 104 105 104 106 97 103 106 100 109 15000 11
Chip#2
108 104 102 102 107 108 104 98 110 100 98 110 0
105 103 97 101 104 101 103 99 106 101 99 104 1
104 98 92 134 138 109 101 107 148 101 96 100 2
102 98 94 134 129 106 97 96 141 102 93 100 3
96 94 94 92 107 100 95 94 102 94 93 99 4
101 101 97 99 104 107 100 98 102 99 98 103 5
105 104 105 108 120 109 106 98 121 103 97 105 6
108 105 100 150 168 109 104 106 155 109 101 103 7
102 97 92 99 112 103 97 93 118 100 93 97 8
96 94 90 95 95 100 99 93 101 95 89 98 9
109 99 97 104 103 103 96 98 105 103 96 103 10
104 99 102 103 105 104 101 100 107 101 97 15000 11
Chip#3
103 101 92 97 95 98 100 98 98 98 97 95 0
116 109 102 98 97 102 106 106 103 101 102 103 1
99 96 90 96 96 96 96 94 100 95 95 92 2
109 104 101 108 130 109 107 104 114 104 99 100 3
104 97 97 156 348 163 94 110 269 176 92 94 4
101 94 97 103 153 98 98 96 143 111 96 95 5
104 104 96 101 94 103 104 103 105 100 102 102 6
99 96 94 97 98 94 96 96 100 100 94 90 7
104 134 94 147 259 106 102 102 217 208 96 98 8
100 92 96 120 266 117 95 101 254 153 93 92 9
104 96 92 96 97 95 101 102 99 98 96 92 10
102 98 91 90 91 95 96 99 97 94 91 15000 11
Chip#4
106 101 108 101 111 106 106 103 111 102 99 101 0
99 97 95 98 103 103 106 101 92 97 94 101 1
104 103 98 101 106 107 105 101 108 104 100 101 2
104 98 106 102 108 105 109 105 106 103 103 117 3
105 97 102 100 106 107 107 100 107 112 104 117 4
102 97 99 99 103 99 102 100 106 96 102 101 5
101 95 99 95 103 106 106 95 92 94 99 101 6
107 99 100 95 106 107 109 104 107 98 97 101 7
106 102 105 101 111 108 110 104 116 112 105 117 8
106 101 106 104 111 108 109 101 108 102 100 101 9
107 105 108 102 105 108 108 100 111 112 106 117 10
108 106 110 102 107 112 113 105 112 104 104 15000 11
