Chip#1
91 96 98 94 100 88 101 103 99 99 93 93 0
93 105 99 92 102 92 102 101 101 95 98 96 1
91 93 89 88 92 83 102 92 94 93 90 90 2
95 101 97 102 93 95 102 106 105 99 101 97 3
93 96 95 92 97 95 102 101 104 98 98 96 4
94 101 99 94 97 93 102 102 102 99 94 96 5
90 92 92 90 93 91 81 95 94 92 87 88 6
96 100 97 94 102 94 101 106 100 99 98 97 7
96 101 99 97 102 94 101 107 107 105 100 98 8
94 103 99 97 101 96 101 101 102 103 94 96 9
90 100 93 92 102 92 101 102 99 98 96 98 10
90 99 95 90 98 88 101 101 97 91 96 15000 11
Chip#1
91 93 94 85 98 87 101 97 94 94 92 92 0
92 96 93 90 96 88 89 95 96 94 95 92 1
93 100 94 92 98 90 101 99 97 93 96 92 2
94 96 94 92 98 95 91 97 96 97 96 96 3
95 100 99 90 98 91 101 102 104 98 99 96 4
87 98 97 89 100 88 101 97 99 95 98 92 5
94 100 93 92 98 92 101 101 100 97 95 94 6
96 105 99 102 98 102 103 109 106 104 103 98 7
100 104 102 98 102 92 92 107 104 104 104 97 8
95 99 98 93 102 95 101 99 99 95 98 94 9
95 101 95 93 102 95 101 106 102 100 96 96 10
98 104 100 98 102 98 101 108 106 104 99 15000 11
Chip#1
96 104 103 99 102 98 101 101 105 104 106 99 0
131 145 107 103 104 100 111 124 110 121 118 104 1
139 150 103 95 102 96 106 107 102 119 111 94 2
106 112 102 98 102 103 105 110 105 108 107 98 3
110 109 100 103 102 99 115 119 109 118 115 98 4
100 110 102 103 102 99 107 113 100 116 109 99 5
99 104 102 102 102 99 107 113 111 107 103 103 6
108 111 100 116 108 99 123 128 106 131 127 104 7
106 115 102 112 106 103 112 126 102 119 121 102 8
96 105 93 98 95 92 101 104 106 110 102 99 9
110 118 108 108 104 99 129 142 113 127 126 102 10
108 107 97 103 95 96 112 121 101 118 110 15000 11
Chip#1
93 95 93 88 96 88 112 95 99 95 93 94 0
156 178 108 100 104 95 115 114 107 137 127 103 1
165 195 116 109 104 98 118 114 114 137 126 103 2
101 116 99 98 95 96 118 108 105 105 104 99 3
124 137 111 121 111 108 137 139 124 144 132 108 4
108 116 104 104 95 100 121 115 109 129 119 98 5
98 104 102 104 95 100 106 109 102 110 105 104 6
114 142 103 128 123 107 136 148 114 148 139 100 7
103 111 99 113 107 99 118 132 110 133 126 96 8
93 101 98 94 100 88 107 109 97 110 100 97 9
119 134 112 116 115 112 158 171 119 149 142 111 10
113 122 107 113 113 103 135 142 113 130 123 15000 11
Chip#1
103 109 100 102 95 99 102 107 108 112 104 107 0
182 213 116 113 104 102 121 132 109 159 142 109 1
193 230 123 108 106 104 118 133 115 154 141 99 2
110 122 112 107 104 104 111 115 115 119 111 108 3
119 138 109 117 114 106 140 147 118 146 139 103 4
118 138 103 117 113 104 134 140 116 137 128 102 5
100 109 107 109 105 106 113 118 113 115 107 105 6
114 142 108 144 140 110 148 160 119 169 157 107 7
105 117 103 122 116 104 130 140 106 144 135 98 8
98 110 102 99 95 100 106 116 110 120 110 101 9
114 128 103 114 115 102 165 183 111 154 146 96 10
118 127 108 118 116 108 144 155 116 137 133 15000 11
Chip#1
113 115 112 106 104 107 107 113 111 112 116 110 0
212 238 118 112 107 104 131 138 119 169 157 109 1
228 261 132 114 109 104 134 139 120 167 152 103 2
121 137 114 113 107 111 118 120 120 167 119 117 3
134 150 118 123 122 114 158 161 126 164 151 103 4
119 140 113 118 120 114 141 145 119 148 139 107 5
99 107 111 108 106 103 114 124 113 121 109 102 6
119 138 106 150 147 112 161 168 121 181 168 103 7
119 138 109 137 129 106 144 154 118 157 150 105 8
99 106 103 101 95 102 114 120 105 122 115 99 9
119 138 113 125 123 106 189 198 121 167 159 103 10
127 144 114 127 127 119 162 172 119 149 142 15000 11
