Chip#1
108 108 109 103 103 104 106 103 99 109 111 104 0
106 108 111 103 107 109 110 102 102 109 111 102 1
112 105 116 109 112 110 115 111 102 116 110 104 2
108 108 118 179 124 109 114 118 121 113 111 104 3
106 108 109 136 108 109 110 112 111 117 110 103 4
106 108 113 101 107 111 112 111 102 107 110 104 5
103 103 104 101 105 104 105 101 97 108 106 101 6
106 107 111 125 115 109 111 123 134 109 111 103 7
107 108 109 151 129 110 111 173 141 111 107 104 8
103 103 109 103 103 103 108 103 99 107 105 99 9
106 108 107 106 106 104 105 105 95 106 106 99 10
104 101 108 106 105 105 109 106 98 107 109 15000 11
Chip#2
99 103 104 99 104 104 110 100 108 103 99 100 0
103 100 103 108 98 103 107 100 108 99 97 100 1
103 96 108 106 100 103 103 99 107 98 99 99 2
100 100 107 103 100 103 104 100 105 102 101 99 3
106 102 104 107 100 106 108 100 109 108 100 103 4
103 99 109 107 99 103 107 100 102 103 97 101 5
105 105 107 109 100 104 104 100 108 104 101 102 6
109 107 110 110 100 108 112 100 114 106 106 103 7
103 103 108 108 113 108 112 100 118 112 100 106 8
100 96 102 106 101 102 99 100 103 101 94 103 9
106 105 106 107 102 109 106 100 105 103 99 102 10
109 103 114 110 102 107 108 100 115 109 105 15000 11
Chip#1
106 102 104 101 103 103 105 100 98 103 106 99 0
107 108 108 102 106 106 107 103 99 107 103 103 1
106 108 108 109 108 110 107 102 102 111 107 103 2
95 96 112 536 180 100 100 165 181 101 95 96 3
102 94 107 328 107 105 103 140 155 107 105 99 4
102 108 102 98 101 100 103 100 94 100 98 96 5
102 99 102 97 99 103 105 102 102 102 99 99 6
110 108 111 246 149 109 106 214 286 107 105 103 7
110 108 120 418 251 109 108 535 334 113 106 103 8
108 108 108 107 106 103 107 112 106 103 99 99 9
102 99 97 96 97 100 101 97 88 101 97 96 10
114 108 109 106 111 104 108 105 99 108 107 15000 11
Chip#2
111 105 108 108 102 108 110 100 113 107 106 105 0
103 105 101 103 97 103 106 100 108 99 99 100 1
104 97 99 97 100 102 102 100 103 99 95 97 2
115 111 110 113 212 123 112 101 138 131 106 109 3
97 101 108 112 188 114 108 100 138 142 96 101 4
105 107 111 108 104 106 110 100 112 104 104 102 5
110 105 109 112 104 108 115 100 107 108 104 105 6
108 107 111 109 136 107 111 100 166 134 105 104 7
109 99 108 110 210 154 112 100 293 249 100 106 8
102 101 103 102 114 100 103 100 123 128 97 100 9
112 110 113 112 104 109 113 100 112 108 106 109 10
109 107 108 101 104 103 110 100 107 108 97 15000 11
Chip#1
114 108 107 103 102 99 105 102 99 104 105 106 0
106 97 103 95 100 99 98 97 91 98 99 95 1
108 107 115 113 108 111 107 110 106 113 110 103 2
104 108 134 737 223 104 110 204 212 109 106 103 3
106 108 113 435 109 105 107 159 190 107 101 102 4
104 107 112 106 109 106 106 105 103 103 103 101 5
104 106 108 104 106 108 106 101 106 111 106 106 6
107 105 113 307 169 110 106 259 373 107 109 106 7
104 108 120 538 314 109 108 727 437 108 101 104 8
112 108 111 113 107 110 108 123 118 109 106 106 9
111 108 108 107 106 105 107 107 102 103 103 104 10
120 108 109 108 108 106 107 102 101 108 109 15000 11
Chip#2
111 108 111 110 104 108 119 100 113 107 107 101 0
106 108 106 108 104 109 112 100 109 108 107 106 1
113 108 110 110 104 108 115 100 112 107 107 107 2
109 115 115 116 293 133 117 100 149 151 111 107 3
104 99 103 117 258 120 106 100 159 165 97 99 4
100 105 102 106 100 101 106 100 104 101 102 97 5
108 108 109 111 100 106 110 100 112 106 104 105 6
100 97 106 103 156 101 106 100 201 128 94 99 7
114 110 115 121 288 163 110 100 413 345 110 105 8
109 105 107 111 146 107 110 100 146 141 105 102 9
106 100 106 103 101 103 106 100 108 98 101 102 10
109 102 109 107 101 103 103 100 105 102 100 15000 11
Chip#1
112 108 112 106 107 106 106 102 106 107 110 106 0
98 93 97 92 100 94 100 100 98 100 102 102 1
106 103 104 102 105 103 109 103 103 108 107 99 2
106 108 132 805 242 108 111 216 221 113 109 106 3
104 101 112 463 114 110 107 168 190 108 102 104 4
108 98 112 103 106 108 110 103 105 107 105 102 5
114 108 114 108 113 114 115 112 106 109 113 109 6
102 98 109 323 169 105 105 269 395 106 103 101 7
110 108 127 587 339 105 110 789 452 116 106 107 8
108 108 112 112 111 106 112 123 119 107 110 103 9
111 107 109 107 108 105 108 108 106 113 107 109 10
114 108 104 98 108 101 105 107 101 103 103 15000 11
Chip#2
108 106 107 107 100 109 107 100 109 106 105 105 0
110 108 114 109 100 111 110 100 109 107 105 103 1
112 107 113 110 100 109 111 100 112 107 105 105 2
116 115 116 124 380 143 119 103 161 164 110 112 3
112 106 110 134 331 135 112 100 188 197 106 107 4
106 106 107 110 83 112 108 101 108 108 105 105 5
112 106 106 109 98 104 108 100 110 107 105 103 6
115 115 115 112 192 121 117 101 218 152 109 105 7
112 108 111 126 349 185 115 103 521 438 104 107 8
113 105 111 113 161 109 112 100 149 154 107 107 9
109 103 109 111 88 106 107 100 110 107 104 107 10
122 118 120 118 104 111 122 107 122 118 109 15000 11
Chip#1
116 108 117 110 107 108 115 110 103 108 113 109 0
111 108 107 102 108 103 110 108 101 112 107 111 1
107 99 106 104 103 103 101 102 97 107 105 101 2
106 103 135 929 260 106 105 227 248 109 107 106 3
107 108 122 537 118 113 116 181 205 112 109 113 4
104 108 108 108 107 108 108 105 106 107 107 108 5
103 108 108 102 114 105 108 107 103 108 102 108 6
107 108 114 367 182 106 110 306 446 111 105 107 7
108 108 128 685 377 110 107 917 520 112 113 107 8
103 99 102 108 106 98 100 121 118 102 99 98 9
101 101 107 99 103 99 102 100 95 101 98 101 10
121 105 111 102 103 105 108 106 105 107 110 15000 11
Chip#2
126 118 123 116 113 116 122 102 119 117 111 115 0
113 108 113 109 104 106 119 101 113 110 104 111 1
108 106 110 111 104 108 111 100 110 103 106 105 2
112 108 115 124 425 154 117 100 167 173 107 107 3
119 108 121 147 392 154 122 106 201 213 111 114 4
109 107 115 109 104 112 113 100 110 106 104 106 5
117 110 113 118 104 116 116 106 114 115 110 114 6
115 110 116 114 211 112 117 104 243 153 111 105 7
113 108 111 132 404 200 115 100 598 492 111 105 8
113 110 114 111 173 109 112 100 159 162 104 108 9
116 110 114 111 104 107 112 100 114 110 104 109 10
121 117 117 113 104 112 119 101 115 110 105 15000 11
