47
46.5
46.4375
46.375
46.3125
46.25
46.1875
46.125
46
46
45.9375
45.875
45.8125
45.75
45.6875
45.6875
45.625
45.5625
48.375
59.375
70.75
78.8125
86.4375
93.625
100.25
106.8125
106.8125
105.125
103.625
101.5
99.3125
97.125
95.5625
93.4375
93.125
94.625
94.75
93.8125
93.75
94.5
94.375
93.9375
94.25
94.25
94.25
94.3125
94.3125
94.3125
94.3125
94.375
94.4375
94.375
94.375
94.4375
94.5
91.75
88.3125
83.6875
80.3125
76.0625
72.9375
67.0625
64.3125
60.8125
58.3125
55.125
52.875
50
47.875
45.4375
45.375
45.4375
45.5625
45.6875
45.8125
45.9375
48.6875
52.0625
53.25
53.375
53.3125
53.25
53.125
53.0625
52.875
52.6875
52.5
52.4375
60
68.3125
79.25
86.9375
85.125
83.625
82.1875
81.0625
79.625
78.625
77.625
76.3125
75.375
74.25
74.5
75.5
74.0625
70.4375
67.625
64
60.5625
57.25
54.875
51.9375
50.5
48.375
46.1875
45.75
45.75
45.8125
45.875
45.9375
46.0625
46.125
47
50.5
52.25
52.5625
52.625
52.625
52.5625
52.5
52.375
52.25
52.25
52.125
52
51.875
51.75
49.875
4.911385E-25
49.75
49.75
49.6875
49.625
49.5625
49.5
49.4375
4.882607E-25
49.75
51.1875
58.75
61.625
67.3125
70.125
78.3125
80.9375
86.0625
88.5625
93.3125
97.9375
106
107.1875
106.625
105.8125
104.875
104.4375
102.875
102.375
101.375
100.8125
99.25
98.75
97.6875
97.1875
94.375
93.6875
93.0625
93.5
94.4375
94.9375
95.4375
95.375
94.75
93.9375
93.4375
4.882102E-25
94.4375
95.0625
95.25
95.25
95.1875
95.1875
95.125
4.882102E-25
