Chip#1
96 99 106 101 102 100 99 95 99 91 94 89 0 222 123 40 23
100 100 102 105 105 101 107 106 97 98 94 93 1 0 0 0 0
99 99 105 105 109 103 110 107 102 104 99 95 2 0 0 0 0
104 101 107 107 105 109 104 105 102 103 101 101 3 0 0 0 0
109 98 111 111 112 104 122 122 103 104 98 95 4 0 0 0 0
102 94 105 103 100 101 117 115 100 95 95 94 5 0 0 0 0
95 93 105 102 96 93 96 95 91 99 91 92 6 0 0 0 0
106 101 112 106 111 105 102 101 104 121 131 101 7 0 0 0 0
104 102 106 110 108 111 103 101 106 115 121 98 8 0 0 0 0
100 97 101 102 101 103 99 95 97 102 99 98 9 0 0 0 0
93 93 100 95 97 101 92 90 96 105 102 90 10 0 0 0 0
99 99 107 100 100 94 99 97 104 110 131 15000 11 0 0 0 0
Chip#2
78 94 94 89 94 93 93 92 72 93 89 94 0 153 124 231 23
112 98 95 91 89 92 96 97 108 94 96 96 1 0 0 0 0
112 102 104 103 104 99 109 104 72 104 102 99 2 0 0 0 0
112 107 107 100 108 105 107 104 108 111 104 107 3 0 0 0 0
128 102 100 98 101 96 128 125 108 101 97 103 4 0 0 0 0
112 99 101 103 100 100 129 129 108 102 103 103 5 0 0 0 0
82 95 100 94 98 96 100 97 72 100 98 100 6 0 0 0 0
112 105 102 99 101 102 106 103 108 133 127 103 7 0 0 0 0
90 99 107 97 98 100 101 97 72 122 117 100 8 0 0 0 0
112 105 102 99 100 99 105 101 108 111 108 105 9 0 0 0 0
128 109 108 102 108 105 107 106 108 146 131 107 10 0 0 0 0
112 105 100 100 99 100 102 95 108 112 108 15000 11 0 0 0 0
Chip#1
100 97 105 109 103 100 103 99 105 96 99 96 0 222 123 70 23
99 92 105 106 102 105 114 111 100 94 91 92 1 0 0 0 0
104 104 110 111 115 108 121 115 103 99 102 99 2 0 0 0 0
96 98 101 106 100 103 100 100 97 94 99 94 3 0 0 0 0
99 97 102 110 107 105 140 138 101 98 98 94 4 0 0 0 0
99 98 106 105 105 98 133 138 101 95 98 94 5 0 0 0 0
100 99 107 105 101 103 102 101 99 98 100 96 6 0 0 0 0
100 100 102 100 102 103 102 91 104 126 131 93 7 0 0 0 0
111 105 112 115 108 107 107 103 114 136 131 103 8 0 0 0 0
96 95 107 101 99 98 103 95 102 103 101 99 9 0 0 0 0
108 102 107 107 108 104 104 96 108 132 131 102 10 0 0 0 0
103 100 102 101 103 94 97 95 101 122 131 15000 11 0 0 0 0
Chip#2
112 105 103 99 101 99 98 97 72 104 97 98 0 152 124 54 23
112 100 100 93 99 98 100 98 108 99 96 99 1 0 0 0 0
112 100 101 95 99 100 114 108 108 100 100 97 2 0 0 0 0
86 100 97 95 103 98 97 98 72 105 93 98 3 0 0 0 0
112 101 101 99 101 97 147 149 72 106 97 100 4 0 0 0 0
112 102 100 95 101 100 156 162 108 99 95 103 5 0 0 0 0
112 102 100 103 100 98 98 101 108 105 98 100 6 0 0 0 0
112 104 103 99 100 96 100 101 108 158 146 102 7 0 0 0 0
112 111 106 102 105 100 105 99 108 137 131 112 8 0 0 0 0
80 93 94 94 95 94 94 91 72 105 98 99 9 0 0 0 0
112 106 101 100 104 97 102 100 108 180 157 103 10 0 0 0 0
112 104 98 99 99 99 103 101 108 125 119 15000 11 0 0 0 0
Chip#1
105 100 105 109 117 105 115 122 104 95 100 98 0 224 124 138 23
132 114 112 168 179 130 329 331 123 121 131 101 1 0 0 0 0
132 115 120 168 180 136 340 333 128 124 131 109 2 0 0 0 0
105 105 109 119 122 108 164 191 104 105 102 99 3 0 0 0 0
132 112 116 178 176 168 698 692 164 115 114 101 4 0 0 0 0
113 109 112 158 170 147 703 695 147 115 112 96 5 0 0 0 0
135 119 120 122 119 114 156 198 110 145 147 107 6 0 0 0 0
190 184 126 127 130 116 126 124 164 557 506 130 7 0 0 0 0
177 162 120 125 124 114 125 123 164 573 546 138 8 0 0 0 0
134 124 115 106 112 105 104 111 112 208 176 100 9 0 0 0 0
186 181 129 115 121 109 122 119 196 586 462 117 10 0 0 0 0
175 158 117 116 121 113 126 120 180 555 472 15000 11 0 0 0 0
Chip#2
88 102 100 100 101 100 96 98 72 106 102 99 0 153 123 50 23
112 99 100 95 103 100 167 178 108 105 98 103 1 0 0 0 0
112 107 106 108 115 106 274 262 108 111 108 104 2 0 0 0 0
112 111 110 107 110 109 121 120 108 113 106 109 3 0 0 0 0
112 112 108 112 119 113 578 633 108 115 110 107 4 0 0 0 0
112 107 104 112 118 111 659 706 108 109 105 108 5 0 0 0 0
112 107 106 109 114 111 116 108 108 120 120 107 6 0 0 0 0
128 114 104 107 111 108 111 109 106 632 519 112 7 0 0 0 0
112 107 101 102 105 103 105 98 106 402 336 102 8 0 0 0 0
112 109 104 104 104 108 102 103 106 187 139 109 9 0 0 0 0
128 119 106 99 108 102 107 102 118 855 569 108 10 0 0 0 0
112 110 103 102 104 99 102 100 88 355 273 15000 11 0 0 0 0
Chip#1
100 94 103 108 112 100 119 119 97 96 99 93 0 222 124 112 23
118 114 115 185 193 136 393 391 129 117 131 106 1 0 0 0 0
104 105 102 174 187 131 387 381 127 110 131 99 2 0 0 0 0
108 106 112 128 133 114 180 192 115 108 105 105 3 0 0 0 0
141 123 129 199 206 184 849 842 196 129 131 106 4 0 0 0 0
133 115 117 172 182 168 840 842 180 123 131 103 5 0 0 0 0
133 123 110 121 120 116 165 175 110 145 147 103 6 0 0 0 0
213 196 125 124 131 114 132 127 180 655 600 137 7 0 0 0 0
193 178 126 129 126 119 132 130 180 669 635 145 8 0 0 0 0
140 134 116 117 114 109 112 112 116 239 196 108 9 0 0 0 0
202 191 126 117 118 108 125 119 228 689 540 113 10 0 0 0 0
189 178 125 128 125 116 137 126 212 656 563 15000 11 0 0 0 0
Chip#2
112 100 101 95 100 99 97 95 88 104 98 102 0 154 124 55 23
112 106 103 103 105 106 195 194 88 109 105 105 1 0 0 0 0
112 105 96 104 111 102 322 303 88 104 98 96 2 0 0 0 0
112 101 101 98 103 104 121 121 88 104 99 105 3 0 0 0 0
128 115 114 116 123 119 762 843 106 118 111 112 4 0 0 0 0
112 107 104 105 119 114 880 949 106 106 99 99 5 0 0 0 0
112 102 100 99 104 106 111 112 72 121 116 103 6 0 0 0 0
128 125 109 109 110 109 114 112 110 884 709 112 7 0 0 0 0
112 124 112 110 115 114 115 114 98 573 451 113 8 0 0 0 0
112 105 106 104 104 104 114 107 98 240 162 112 9 0 0 0 0
112 121 102 100 103 96 101 106 132 1274 838 104 10 0 0 0 0
112 117 101 100 100 100 105 97 88 506 370 15000 11 0 0 0 0
Chip#1
108 107 112 117 117 109 135 132 108 104 110 105 0 221 123 209 23
132 114 120 196 205 143 411 415 140 124 131 102 1 0 0 0 0
132 116 122 187 205 168 409 415 136 129 131 107 2 0 0 0 0
108 105 108 129 126 112 183 191 107 107 109 99 3 0 0 0 0
137 119 122 197 200 184 880 875 180 122 131 102 4 0 0 0 0
137 116 121 184 187 184 883 884 196 126 131 105 5 0 0 0 0
119 116 112 113 117 113 163 159 113 150 131 102 6 0 0 0 0
217 201 131 133 131 115 136 126 180 690 631 139 7 0 0 0 0
196 181 125 128 131 115 140 134 180 704 683 151 8 0 0 0 0
135 125 114 113 114 107 111 110 114 243 202 107 9 0 0 0 0
209 203 135 129 122 117 136 125 228 720 566 126 10 0 0 0 0
184 176 122 119 122 111 131 123 212 677 582 15000 11 0 0 0 0
Chip#2
112 105 103 102 104 104 102 101 88 107 103 107 0 154 124 103 23
112 108 101 99 113 104 197 207 88 105 106 105 1 0 0 0 0
112 104 100 103 119 100 330 315 88 105 98 94 2 0 0 0 0
112 107 100 103 105 105 121 116 88 106 103 102 3 0 0 0 0
112 104 98 104 116 108 775 864 88 109 109 100 4 0 0 0 0
128 115 106 115 129 121 916 995 132 113 111 108 5 0 0 0 0
112 110 104 103 108 111 112 109 88 128 117 107 6 0 0 0 0
112 123 107 104 114 109 112 112 112 916 741 109 7 0 0 0 0
112 113 100 103 105 104 106 104 112 574 458 102 8 0 0 0 0
112 110 106 98 105 104 103 107 112 244 160 103 9 0 0 0 0
128 130 107 97 109 104 107 104 147 1323 863 104 10 0 0 0 0
112 120 108 105 106 105 105 102 100 528 384 15000 11 0 0 0 0
Chip#1
102 99 106 111 112 101 121 124 99 98 99 95 0 223 124 133 23
116 116 112 190 200 139 417 415 135 126 131 106 1 0 0 0 0
112 113 117 186 202 139 415 415 134 124 131 102 2 0 0 0 0
111 104 110 127 130 113 188 199 107 107 106 102 3 0 0 0 0
137 120 120 198 200 184 902 888 180 126 131 103 4 0 0 0 0
132 108 110 176 186 184 899 927 196 122 131 101 5 0 0 0 0
134 124 116 123 124 119 172 175 114 152 147 106 6 0 0 0 0
220 206 126 132 131 114 133 127 180 699 635 143 7 0 0 0 0
196 182 120 128 126 114 133 130 180 714 688 146 8 0 0 0 0
141 129 112 116 117 112 116 110 113 243 198 109 9 0 0 0 0
209 208 129 119 120 109 132 127 228 737 577 125 10 0 0 0 0
189 176 129 127 119 111 136 126 212 695 590 15000 11 0 0 0 0
Chip#2
112 107 102 105 105 102 107 104 99 111 104 109 0 152 124 97 23
112 100 101 103 109 102 195 210 99 104 100 107 1 0 0 0 0
112 112 108 114 123 113 350 325 99 117 112 112 2 0 0 0 0
85 106 103 103 109 107 124 121 99 107 105 104 3 0 0 0 0
128 114 107 113 123 115 781 867 98 113 106 112 4 0 0 0 0
112 113 113 115 127 121 919 988 94 117 108 105 5 0 0 0 0
112 108 103 105 108 108 114 108 94 126 116 105 6 0 0 0 0
112 124 107 110 110 109 115 112 110 909 742 112 7 0 0 0 0
128 125 112 110 119 113 121 114 102 585 471 112 8 0 0 0 0
112 107 106 105 106 106 106 108 102 244 162 112 9 0 0 0 0
112 130 108 103 109 104 107 108 144 1325 870 112 10 0 0 0 0
128 121 110 104 108 104 105 108 88 525 381 15000 11 0 0 0 0
