Chip#1
102 99 101 101 102 100 103 96 95 96 106 99 0 224 127 247 23
107 103 106 109 96 101 102 107 103 103 111 104 1 0 0 0 0
99 99 97 101 99 99 98 100 94 101 101 101 2 0 0 0 0
98 98 104 158 105 97 102 122 127 95 105 97 3 0 0 0 0
97 102 103 130 101 99 106 115 121 97 102 102 4 0 0 0 0
103 102 98 101 94 97 100 101 97 95 97 96 5 0 0 0 0
101 98 94 97 94 94 102 98 92 92 98 93 6 0 0 0 0
106 101 103 121 103 101 106 116 122 100 105 101 7 0 0 0 0
106 105 103 142 118 101 109 116 134 107 110 103 8 0 0 0 0
110 107 106 108 105 100 106 105 102 100 103 104 9 0 0 0 0
104 103 104 107 101 100 101 103 103 97 102 107 10 0 0 0 0
103 97 98 106 100 98 101 102 101 100 101 15000 11 0 0 0 0
Chip#2
99 94 97 99 95 98 98 100 98 96 95 93 0 0 134 21 23
103 102 101 107 102 102 101 99 103 101 104 100 1 0 0 0 0
110 102 108 103 102 105 106 99 109 106 106 104 2 0 0 0 0
102 100 102 104 102 102 99 100 104 101 97 102 3 0 0 0 0
103 93 99 101 99 102 99 99 105 100 100 96 4 0 0 0 0
100 96 96 97 94 100 94 99 100 96 100 96 5 0 0 0 0
103 101 104 106 100 104 106 100 108 96 104 104 6 0 0 0 0
102 99 103 97 101 102 98 99 100 96 99 96 7 0 0 0 0
110 103 110 107 101 109 110 100 114 104 104 103 8 0 0 0 0
102 99 99 104 96 101 102 100 105 99 97 97 9 0 0 0 0
103 99 101 102 96 100 97 99 103 101 95 100 10 0 0 0 0
100 92 97 97 97 96 98 100 102 92 91 15000 11 0 0 0 0
