Chip#1
135 119 124 130 138 119 168 182 114 118 131 113 0
163 161 136 285 303 189 798 778 180 166 173 117 1
163 175 142 281 309 197 794 762 196 179 187 117 2
116 114 117 139 151 122 265 272 116 123 117 106 3
195 184 143 298 303 239 1572 1536 228 166 171 120 4
187 172 140 269 281 233 1588 1563 244 176 177 120 5
152 144 124 132 140 133 236 237 127 198 178 114 6
319 316 162 192 195 168 210 210 258 1273 1120 205 7
269 257 135 172 176 131 195 191 255 1301 1213 205 8
161 155 124 127 124 119 133 126 132 373 290 117 9
301 308 153 150 149 123 201 191 322 1267 947 143 10
264 258 138 150 164 129 200 192 294 1220 995 15000 11
Chip#2
128 107 110 108 108 111 110 103 98 107 108 115 0
112 107 101 107 110 105 229 233 98 108 106 109 1
128 109 107 111 114 104 441 434 98 104 106 103 2
112 110 110 109 110 113 138 135 98 113 109 114 3
128 111 108 107 118 111 719 803 101 111 111 110 4
128 115 110 110 119 116 858 930 101 109 106 110 5
112 105 106 102 105 105 109 102 101 122 119 102 6
112 121 110 107 108 108 112 114 110 877 704 110 7
128 123 113 108 113 111 111 110 98 569 464 110 8
128 111 113 107 111 114 111 107 100 233 166 108 9
112 124 112 104 104 106 110 106 139 1223 819 109 10
128 120 113 104 105 109 107 108 98 492 370 15000 11
