Chip#1
254 272 442 363 357 370 346 365 520 259 447 321 0
251 264 439 367 353 364 341 364 520 251 442 319 1
260 276 450 376 366 376 351 367 520 258 445 325 2
253 269 444 368 360 372 347 362 511 251 441 321 3
261 276 453 371 363 378 351 364 511 257 442 321 4
261 275 454 377 360 380 356 375 527 254 441 323 5
265 280 453 381 369 384 354 373 527 259 446 325 6
271 284 459 382 374 388 358 378 527 259 449 324 7
275 284 466 387 455 390 365 386 520 261 449 329 8
278 290 464 390 439 393 366 383 520 264 450 331 9
275 293 467 397 389 396 368 391 520 264 452 328 10
285 301 467 399 387 401 380 402 520 264 451 333 11
Chip#2
357 356 363 471 535 455 344 426 468 283 447 411 0
356 289 363 455 519 439 340 425 469 288 453 413 1
351 288 363 455 519 439 341 426 466 290 454 415 2
347 356 363 471 535 455 335 423 466 289 449 414 3
346 282 363 471 535 455 344 423 474 286 453 417 4
349 275 347 403 519 439 341 423 465 290 455 416 5
345 276 347 404 519 439 347 432 474 294 456 417 6
357 356 467 471 535 455 349 429 477 301 456 425 7
350 356 467 471 535 471 348 430 479 296 462 425 8
343 283 347 455 519 439 339 428 470 291 446 418 9
349 356 363 471 535 471 345 432 478 299 458 421 10
345 356 363 471 535 455 339 430 470 287 453 416 11
Chip#3
369 461 517 347 413 363 425 446 398 421 461 367 0
370 465 522 347 414 363 430 450 401 425 460 363 1
374 465 528 347 418 363 430 454 401 426 462 364 2
372 462 521 331 413 363 433 448 403 427 461 367 3
378 466 526 331 417 363 428 451 400 427 395 367 4
375 462 524 347 412 363 430 452 399 424 462 364 5
373 461 520 331 411 363 428 449 345 424 395 362 6
377 466 526 331 418 363 433 454 401 424 411 369 7
373 463 522 347 414 363 429 452 401 427 463 365 8
375 461 523 331 415 363 428 450 395 420 395 364 9
374 462 525 331 415 347 428 448 399 425 395 364 10
371 458 521 331 406 363 426 448 346 423 395 364 11
Chip#4
356 370 281 321 323 381 347 333 363 326 360 407 0
356 370 285 326 329 385 347 335 363 330 364 408 1
356 370 285 321 327 379 347 334 363 328 362 407 2
356 370 278 319 324 384 347 334 363 324 361 401 3
356 370 284 326 333 387 296 340 363 333 365 409 4
356 370 284 326 330 386 363 339 379 331 369 409 5
356 370 283 325 326 383 347 336 363 327 369 405 6
356 367 286 328 334 386 295 337 363 332 369 409 7
356 367 284 324 330 382 363 376 363 332 363 409 8
356 368 289 330 335 388 363 338 379 331 368 410 9
356 367 291 325 334 383 296 338 363 331 370 408 10
364 372 296 334 341 394 303 344 363 340 373 416 11
