Chip#1
98 91 105 97 99 96 95 96 97 98 93 98 0
103 95 110 107 106 103 110 108 100 93 96 96 1
103 98 111 110 107 106 115 112 104 104 104 101 2
96 94 106 109 99 100 103 95 101 93 99 95 3
102 97 106 108 103 105 119 118 100 95 94 98 4
100 97 105 102 107 104 117 119 102 96 99 94 5
98 92 107 106 100 100 99 95 99 91 93 98 6
100 97 105 106 101 99 101 97 100 110 131 93 7
106 98 108 107 109 105 102 96 104 117 116 103 8
98 98 107 105 102 103 100 100 102 99 100 94 9
132 105 109 110 105 107 103 102 110 118 131 102 10
100 94 109 102 102 103 100 100 106 117 131 15000 11
