Chipdp
84 2 68 4 16 11 4 1 6 2 6 1 7 2 7 4 4 6 5 6 4 7 5 7 4 7 6 8 6 7 7 8 7 4 10 6 11 6 10 7 11 7 4 1 9 2 9 1 10 2 10 4 4 9 5 9 4 10 5 10 4 7 9 8 9 7 10 8 10 4 10 9 11 9 10 10 11 10 4 1 3 2 3 1 4 2 4 4 4 3 5 3 4 4 5 4 4 7 3 8 3 7 4 8 4 4 10 3 11 3 10 4 11 4 4 1 0 2 0 1 1 2 1 4 4 0 5 0 4 1 5 1 4 7 0 8 0 7 1 8 1 4 10 0 11 0 10 1 11 1 4 1 6 2 6 1 7 2 7 4 4 6 5 6 4 7 5 7 4 7 6 8 6 7 7 8 7 4 10 6 11 6 10 7 11 7 4 1 9 2 9 1 10 2 10 4 4 9 5 9 4 10 5 10 4 7 9 8 9 7 10 8 10 4 10 9 11 9 10 10 11 10 4 1 3 2 3 1 4 2 4 4 4 3 5 3 4 4 5 4 4 7 3 8 3 7 4 8 4 4 10 3 11 3 10 4 11 4 4 1 0 2 0 1 1 2 1 4 4 0 5 0 4 1 5 1 4 7 0 8 0 7 1 8 1 4 10 0 11 0 10 1 11 1 4 6 0 7 0 6 1 7 1 4 6 3 7 3 6 4 7 4 4 6 6 7 6 6 7 7 7 4 6 9 7 9 6 10 7 10 4 9 0 10 0 9 1 10 1 4 9 3 10 3 9 4 10 4 4 9 6 10 6 9 7 10 7 4 9 9 10 9 9 10 10 10 4 3 0 4 0 3 1 4 1 4 3 3 4 3 3 4 4 4 4 3 6 4 6 3 7 4 7 4 3 9 4 9 3 10 4 10 4 0 0 1 0 0 1 1 1 4 0 3 1 3 0 4 1 4 4 0 6 1 6 0 7 1 7 4 0 9 1 9 0 10 1 10 4 7 0 8 0 7 1 8 1 4 7 3 8 3 7 4 8 4 4 7 6 8 6 7 7 8 7 4 7 9 8 9 7 10 8 10 4 10 0 11 0 10 1 11 1 4 10 3 11 3 10 4 11 4 4 10 6 11 6 10 7 11 7 4 10 9 11 9 10 10 11 10 4 4 0 5 0 4 1 5 1 4 4 3 5 3 4 4 5 4 4 4 6 5 6 4 7 5 7 4 4 9 5 9 4 10 5 10 4 1 0 2 0 1 1 2 1 4 1 3 2 3 1 4 2 4 4 1 6 2 6 1 7 2 0 0 
Chip#1
100 107 99 98 104 103 115 124 102 105 100 99 0
101 105 98 99 104 100 114 108 100 105 104 105 1
100 106 95 93 104 94 108 124 99 100 95 94 2
99 105 98 104 104 100 108 109 96 106 101 99 3
104 103 97 101 104 99 109 109 104 99 101 99 4
104 109 99 100 104 102 112 124 102 105 105 100 5
95 96 89 99 104 95 102 107 97 99 98 97 6
103 100 97 104 104 102 108 110 102 107 101 102 7
96 99 92 97 104 96 109 103 99 101 99 98 8
107 104 102 100 104 104 112 124 105 104 101 104 9
103 107 99 102 104 103 111 107 99 103 102 101 10
100 103 93 93 104 102 109 109 97 100 100 15000 11
Chip#1
98 106 99 100 104 100 109 107 102 99 100 102 0
100 104 97 100 104 98 107 101 96 99 96 98 1
103 110 103 104 104 102 108 107 106 103 105 104 2
100 107 100 106 104 98 108 105 101 101 105 103 3
106 109 103 106 104 106 111 107 105 103 105 98 4
96 111 95 102 104 96 108 102 99 100 106 101 5
96 106 98 103 104 102 109 110 104 103 107 102 6
96 103 95 98 100 95 109 103 96 97 101 94 7
99 104 98 100 104 100 99 102 102 99 106 105 8
93 100 91 92 91 89 98 97 95 92 93 94 9
98 106 99 101 104 102 109 107 102 101 102 103 10
94 105 99 97 104 94 106 102 97 95 99 15000 11
Chip#1
95 103 97 93 100 98 103 102 99 95 100 101 0
99 104 97 100 104 100 106 102 101 100 101 98 1
99 106 103 100 104 98 108 102 96 101 102 103 2
99 107 100 102 104 96 107 104 100 103 104 104 3
98 105 100 98 104 102 108 102 102 104 105 98 4
99 109 103 101 104 103 106 107 100 101 100 103 5
95 103 102 97 95 100 107 107 101 100 101 102 6
101 109 99 102 95 106 107 107 100 104 101 102 7
99 106 102 107 104 104 109 108 101 103 107 99 8
94 104 97 101 104 99 102 98 100 100 99 99 9
96 104 93 94 104 96 103 104 94 99 98 98 10
101 103 95 102 104 100 107 108 100 101 101 15000 11
