Chip#1
95 87 100 95 96 93 97 93 97 96 92 93 0 224 124 19 23
103 95 110 102 103 104 110 109 103 100 99 101 1 0 0 0 0
104 99 110 102 109 108 116 112 107 102 102 102 2 0 0 0 0
132 100 112 108 105 108 106 104 102 100 105 105 3 0 0 0 0
95 91 100 100 100 94 120 115 100 98 95 92 4 0 0 0 0
98 93 103 103 102 100 122 120 103 98 99 94 5 0 0 0 0
105 99 111 105 107 104 105 99 102 104 101 102 6 0 0 0 0
103 105 114 112 109 104 104 103 108 126 131 103 7 0 0 0 0
100 95 102 102 103 99 100 97 97 118 131 98 8 0 0 0 0
99 95 103 103 101 97 96 96 100 104 102 96 9 0 0 0 0
105 101 112 108 111 103 104 100 103 119 117 100 10 0 0 0 0
99 95 105 100 97 96 100 96 97 112 131 15000 11 0 0 0 0
Chip#2
112 101 101 99 96 102 98 95 88 102 99 102 0 154 124 77 23
112 108 109 107 109 108 115 112 134 108 109 113 1 0 0 0 0
144 111 104 104 113 110 121 121 134 112 110 109 2 0 0 0 0
128 103 109 103 104 104 105 103 134 108 109 104 3 0 0 0 0
112 106 107 100 103 104 134 127 88 106 103 108 4 0 0 0 0
112 98 97 94 94 97 128 130 88 101 96 96 5 0 0 0 0
112 93 96 97 95 93 98 95 88 100 96 101 6 0 0 0 0
112 106 108 105 108 104 105 104 88 137 136 104 7 0 0 0 0
112 104 107 103 101 99 102 95 88 121 117 103 8 0 0 0 0
112 105 106 107 104 100 101 98 88 107 106 108 9 0 0 0 0
112 108 110 104 106 106 107 103 88 149 137 110 10 0 0 0 0
112 100 95 95 98 96 97 93 72 114 109 15000 11 0 0 0 0
Chip#1
106 100 112 107 109 106 101 102 106 103 105 103 0 224 123 125 23
109 104 114 112 109 109 117 117 107 107 105 106 1 0 0 0 0
98 92 108 103 106 103 114 108 103 95 98 96 2 0 0 0 0
97 92 101 100 96 98 99 97 97 94 91 95 3 0 0 0 0
100 95 108 107 102 106 126 120 102 103 101 99 4 0 0 0 0
105 105 120 111 115 109 127 124 113 107 106 105 5 0 0 0 0
96 97 108 103 103 100 107 104 99 102 97 97 6 0 0 0 0
103 95 105 96 102 96 100 97 99 112 131 95 7 0 0 0 0
98 99 105 97 101 98 100 95 100 113 131 99 8 0 0 0 0
99 100 109 107 102 100 102 101 99 100 104 102 9 0 0 0 0
109 106 115 105 108 108 105 102 112 123 112 105 10 0 0 0 0
105 109 120 115 112 109 115 109 114 127 131 15000 11 0 0 0 0
Chip#2
112 102 101 102 104 103 101 102 72 105 104 103 0 154 124 96 23
112 100 104 97 100 102 109 108 88 105 100 107 1 0 0 0 0
112 101 95 99 101 96 111 110 88 95 98 96 2 0 0 0 0
112 99 107 99 104 105 97 99 88 104 99 103 3 0 0 0 0
112 108 106 107 105 100 130 130 72 108 102 108 4 0 0 0 0
112 106 104 102 100 104 133 132 88 104 102 99 5 0 0 0 0
112 105 103 98 100 103 103 97 88 105 104 104 6 0 0 0 0
112 104 101 99 99 99 101 101 88 134 128 102 7 0 0 0 0
112 101 103 98 104 100 104 99 88 120 120 105 8 0 0 0 0
112 107 104 103 106 106 102 103 88 113 106 105 9 0 0 0 0
128 103 107 100 103 103 102 101 88 149 133 105 10 0 0 0 0
112 100 101 97 99 91 95 95 72 115 110 15000 11 0 0 0 0
