Chip#1
159 141 134 139 133 133 132 137 142 135 133 132 0
134 140 137 140 134 133 132 138 142 134 132 132 1
159 140 134 158 138 137 141 142 148 142 137 134 2
159 145 152 181 153 147 141 152 178 147 139 134 3
159 145 152 203 165 141 141 163 210 156 139 139 4
159 142 137 158 136 133 141 143 149 142 141 138 5
134 129 133 140 134 136 132 139 125 139 134 129 6
159 137 137 158 138 138 132 143 147 137 138 134 7
138 141 139 201 168 139 132 156 198 147 135 132 8
140 137 139 193 164 140 132 152 199 148 133 132 9
159 144 139 143 139 141 141 145 143 139 139 137 10
159 145 152 158 142 143 141 145 144 137 137 15000 11
Chip#2
133 137 127 121 132 133 133 135 135 134 133 128 0
135 138 128 120 131 131 134 135 135 130 135 128 1
130 132 117 121 124 128 127 131 129 126 133 126 2
138 135 127 131 145 130 134 139 144 131 137 136 3
133 137 121 120 131 129 129 129 136 128 133 125 4
141 144 127 124 132 137 138 137 135 134 135 135 5
131 135 123 117 131 126 129 129 135 130 128 127 6
134 138 129 126 145 130 130 134 139 131 137 132 7
135 131 123 126 145 133 130 134 142 127 131 126 8
137 138 124 123 145 133 133 134 137 126 137 128 9
138 139 127 126 145 138 133 137 136 132 138 134 10
145 139 133 123 133 138 136 137 137 128 134 15000 11
Chip#3
134 135 124 124 130 126 125 130 125 129 131 127 0
134 136 132 130 165 136 136 135 128 135 135 133 1
130 142 136 129 135 135 136 136 132 133 135 135 2
134 139 131 130 139 136 130 128 132 133 133 132 3
135 138 135 132 138 132 134 134 125 133 136 135 4
137 146 137 135 139 138 138 138 133 133 136 132 5
134 139 132 125 135 137 139 133 126 135 139 133 6
128 136 130 128 138 136 133 131 125 130 133 135 7
130 135 129 128 139 132 129 130 126 132 133 126 8
132 145 132 127 165 134 140 139 128 133 141 135 9
135 145 138 131 165 139 138 138 131 137 143 140 10
133 141 131 129 139 136 134 133 130 136 134 15000 11
Chip#4
137 130 128 130 131 144 129 130 135 134 139 133 0
133 127 127 130 121 138 129 132 135 127 129 129 1
128 119 128 127 122 138 125 131 131 126 128 129 2
131 122 122 127 122 137 127 129 130 128 131 127 3
137 130 128 127 127 143 132 129 136 132 138 127 4
133 135 134 137 132 148 138 135 136 139 138 137 5
132 131 128 129 127 142 126 132 136 132 133 133 6
134 128 134 130 127 143 133 135 136 133 138 131 7
128 126 126 127 126 141 129 132 131 133 133 126 8
128 119 126 126 124 133 126 124 132 132 132 130 9
130 128 126 129 125 139 123 128 127 124 128 122 10
139 134 134 134 131 142 133 131 136 136 134 15000 11
