Chip#1
98 101 93 97 104 95 107 105 96 103 98 99 0 248 123 112 23
101 111 99 99 104 95 108 109 101 105 106 104 1 0 0 0 0
99 105 99 95 104 99 111 110 100 105 105 104 2 0 0 0 0
100 107 97 97 104 103 107 105 101 107 105 105 3 0 0 0 0
95 104 93 97 104 98 103 105 100 101 96 102 4 0 0 0 0
93 103 93 93 104 92 100 101 94 98 98 101 5 0 0 0 0
99 106 97 100 104 103 109 124 104 109 104 105 6 0 0 0 0
99 103 99 98 102 95 105 112 95 101 101 107 7 0 0 0 0
103 105 103 99 104 102 109 124 104 104 101 108 8 0 0 0 0
100 111 102 104 104 107 109 109 106 107 102 108 9 0 0 0 0
101 112 106 98 104 104 111 124 102 106 106 108 10 0 0 0 0
95 99 94 97 104 99 107 108 96 100 98 15000 11 0 0 0 0
Chip#1
98 101 97 95 104 96 106 108 101 103 98 103 0 250 124 127 23
100 109 92 95 101 98 108 103 98 101 99 99 1 0 0 0 0
95 109 93 94 104 95 105 102 99 100 98 98 2 0 0 0 0
96 105 99 97 104 99 108 105 96 105 100 101 3 0 0 0 0
98 103 99 102 104 100 111 107 102 107 102 98 4 0 0 0 0
98 110 100 99 104 100 108 110 104 105 104 103 5 0 0 0 0
100 105 100 97 104 102 109 124 102 109 101 104 6 0 0 0 0
95 106 97 98 104 96 108 109 100 109 101 101 7 0 0 0 0
106 109 98 103 105 106 111 115 106 111 104 111 8 0 0 0 0
94 105 99 95 104 98 107 107 104 106 98 104 9 0 0 0 0
94 101 94 100 104 100 106 110 101 103 104 101 10 0 0 0 0
94 101 94 93 104 93 103 104 99 98 94 15000 11 0 0 0 0
Chip#1
114 116 103 103 104 98 113 114 108 112 105 107 0 244 123 197 23
258 306 126 121 114 108 148 144 115 176 156 110 1 0 0 0 0
274 340 138 114 117 106 152 147 119 175 156 105 2 0 0 0 0
119 141 102 104 104 103 120 127 106 121 106 99 3 0 0 0 0
147 162 117 128 133 120 179 178 124 168 151 110 4 0 0 0 0
132 154 113 127 131 110 161 155 119 151 133 109 5 0 0 0 0
104 115 109 114 114 114 127 133 113 127 110 107 6 0 0 0 0
134 152 112 166 167 118 178 177 123 188 187 111 7 0 0 0 0
120 139 106 137 136 107 148 157 111 157 144 102 8 0 0 0 0
109 116 100 109 105 108 125 136 105 124 115 103 9 0 0 0 0
137 160 118 135 135 115 211 214 126 174 163 114 10 0 0 0 0
121 137 107 120 119 106 161 163 106 142 133 15000 11 0 0 0 0
Chip#1
127 139 111 114 112 122 121 130 115 131 123 120 0 248 124 229 23
370 449 144 134 129 110 182 177 125 223 191 115 1 0 0 0 0
413 517 184 146 142 124 193 192 135 236 200 126 2 0 0 0 0
140 173 112 120 119 116 137 145 123 137 129 115 3 0 0 0 0
171 197 125 158 160 132 230 219 135 204 177 113 4 0 0 0 0
157 184 121 150 158 126 196 197 126 185 163 116 5 0 0 0 0
108 127 109 125 125 120 136 146 124 138 122 113 6 0 0 0 0
159 177 119 222 218 128 221 224 129 241 211 116 7 0 0 0 0
147 163 114 175 174 120 190 192 124 198 180 113 8 0 0 0 0
110 122 103 112 109 110 134 146 111 137 122 109 9 0 0 0 0
159 186 125 160 164 131 274 283 135 226 196 116 10 0 0 0 0
154 171 123 149 153 123 214 217 117 177 165 15000 11 0 0 0 0
Chip#1
139 144 116 117 117 120 127 133 118 128 129 127 0 249 123 226 23
476 566 164 156 146 124 215 209 138 269 224 133 1 0 0 0 0
500 645 207 154 155 126 212 211 138 269 226 125 2 0 0 0 0
150 188 118 122 122 124 144 151 123 146 128 119 3 0 0 0 0
198 225 133 171 178 142 271 252 141 239 199 120 4 0 0 0 0
170 203 125 159 173 132 222 216 129 205 198 113 5 0 0 0 0
115 128 117 134 135 131 148 149 124 144 127 111 6 0 0 0 0
184 206 131 252 256 147 263 264 147 290 256 126 7 0 0 0 0
170 191 126 200 207 135 221 225 134 238 214 126 8 0 0 0 0
125 146 114 125 130 126 164 170 117 162 141 124 9 0 0 0 0
188 219 144 180 192 152 334 346 153 268 233 132 10 0 0 0 0
172 190 128 165 168 128 245 248 131 200 180 15000 11 0 0 0 0
Chip#1
142 151 122 121 117 124 136 139 121 141 132 131 0 247 124 73 23
520 643 169 154 146 124 229 214 133 288 244 122 1 0 0 0 0
565 742 219 161 160 128 226 223 151 298 245 126 2 0 0 0 0
156 201 121 121 125 124 152 155 125 157 132 113 3 0 0 0 0
228 250 146 189 197 156 302 279 152 263 219 122 4 0 0 0 0
196 236 144 183 194 152 253 242 146 237 197 131 5 0 0 0 0
117 140 117 137 141 132 152 163 129 154 133 121 6 0 0 0 0
191 218 140 277 286 146 286 288 147 322 282 126 7 0 0 0 0
180 196 130 222 222 140 232 241 136 259 226 122 8 0 0 0 0
125 149 118 127 130 128 171 174 127 168 146 120 9 0 0 0 0
191 223 140 189 197 148 362 380 151 293 244 127 10 0 0 0 0
180 202 135 174 185 143 269 273 146 222 195 15000 11 0 0 0 0
