Chip#1
104 101 106 111 99 106 98 108 102 103 108 97 0
110 100 102 106 97 108 105 105 101 98 105 99 1
113 101 107 114 97 108 106 110 101 103 107 100 2
109 104 105 112 102 110 106 109 102 107 110 104 3
107 103 103 108 98 108 102 110 100 106 109 98 4
105 98 105 108 123 107 102 108 105 105 107 141 5
102 96 103 104 97 103 98 106 97 97 106 93 6
102 95 102 106 98 104 97 101 99 99 102 99 7
109 100 102 112 97 105 97 110 106 101 108 99 8
103 96 106 107 97 108 98 106 100 99 106 99 9
103 101 101 106 98 111 98 104 102 101 106 101 10
103 94 102 106 95 102 99 102 94 99 99 15000 11
Chip#2
100 106 93 93 105 97 104 104 101 97 105 102 0
100 99 89 93 103 98 95 100 98 99 102 96 1
104 105 93 95 102 100 98 105 101 103 108 101 2
104 105 100 94 102 104 105 104 102 101 106 105 3
97 101 91 87 98 100 97 100 95 97 96 97 4
100 102 95 94 100 98 97 100 101 100 102 98 5
101 105 91 93 104 105 101 107 102 103 107 100 6
105 109 100 96 104 108 102 108 103 106 107 105 7
98 103 95 92 100 101 95 102 98 95 103 98 8
97 101 89 90 97 97 94 97 95 94 96 92 9
98 99 89 88 101 98 97 97 95 95 102 96 10
105 106 97 94 105 101 98 102 103 99 107 15000 11
Chip#3
106 107 104 101 111 110 105 102 102 105 107 105 0
105 105 102 99 104 106 99 101 100 98 102 104 1
106 105 103 102 103 111 106 100 100 99 107 106 2
103 105 102 97 107 109 105 105 100 106 104 104 3
100 98 98 91 106 103 95 99 96 98 100 94 4
97 100 97 97 102 102 94 97 94 94 97 100 5
101 105 103 97 108 103 102 102 100 100 104 103 6
106 111 105 102 108 111 105 106 105 101 109 106 7
99 105 102 98 106 108 100 101 99 103 102 91 8
99 99 95 93 102 103 94 96 98 95 98 90 9
95 102 93 90 106 100 97 95 94 94 95 99 10
102 103 102 101 102 104 97 97 99 103 102 15000 11
Chip#4
111 104 105 108 106 112 112 108 110 102 104 107 0
103 101 101 98 96 103 102 102 103 101 103 102 1
109 104 105 103 103 116 109 108 109 108 110 107 2
109 106 105 105 100 105 106 108 107 103 108 107 3
109 107 107 103 102 114 106 110 112 101 106 110 4
106 98 104 102 96 105 99 95 99 96 100 98 5
108 106 106 104 101 110 109 108 108 104 105 109 6
99 98 99 96 97 109 101 96 97 96 102 98 7
97 98 95 97 94 105 103 95 99 96 95 95 8
101 95 96 98 96 102 104 100 102 97 103 97 9
107 100 101 101 94 107 101 102 104 98 103 102 10
102 105 102 99 96 105 102 102 101 102 102 15000 11
Chip#1
99 98 98 100 97 104 96 101 100 102 104 99 0
101 96 95 103 97 104 98 106 98 102 104 96 1
103 95 102 103 97 107 101 102 100 98 101 104 2
109 104 111 110 104 112 101 105 106 111 106 101 3
96 94 95 100 85 97 92 100 97 97 91 90 4
107 100 104 106 97 103 99 108 102 101 101 100 5
105 105 106 111 97 112 105 113 105 108 111 102 6
99 94 94 103 97 102 94 98 95 99 101 92 7
108 100 104 106 99 108 103 106 105 103 108 100 8
106 99 103 111 97 105 102 105 102 101 104 95 9
102 97 99 104 99 108 98 102 97 101 104 100 10
101 104 102 106 94 109 105 104 98 100 102 15000 11
Chip#2
104 105 99 99 105 109 111 107 106 104 109 101 0
97 101 92 93 101 100 104 101 99 101 103 98 1
98 103 93 89 101 102 101 102 98 101 103 98 2
101 101 95 95 98 104 102 101 103 103 103 102 3
102 102 99 94 102 104 104 105 101 100 103 100 4
108 105 97 97 102 105 105 102 105 107 106 103 5
100 99 96 90 103 101 102 105 101 95 102 100 6
97 99 92 89 97 98 102 93 96 99 102 98 7
101 103 96 93 101 104 101 101 99 99 102 101 8
102 102 97 92 102 102 100 106 102 104 107 101 9
102 103 93 97 106 101 106 104 99 99 105 102 10
102 101 99 96 102 102 102 98 101 101 100 15000 11
Chip#3
102 100 100 99 104 106 102 103 98 98 103 105 0
110 114 108 103 110 109 108 107 104 105 105 111 1
99 103 99 92 101 99 99 97 93 98 102 100 2
102 109 103 101 102 109 105 102 102 102 104 104 3
104 103 105 96 101 105 100 99 97 100 103 103 4
105 108 103 99 107 106 107 103 105 101 105 108 5
100 104 105 98 103 102 99 99 97 102 107 105 6
101 103 100 98 102 104 103 104 100 103 100 107 7
101 104 106 98 104 109 100 100 100 102 104 98 8
99 100 100 98 98 102 96 100 96 95 103 103 9
104 100 103 97 102 103 102 96 97 99 103 101 10
99 105 101 99 102 99 105 99 96 98 98 15000 11
Chip#4
112 102 107 106 104 116 105 113 110 109 118 108 0
112 108 109 108 102 118 104 107 107 106 110 103 1
104 95 98 98 93 108 93 100 103 101 102 101 2
109 108 102 108 105 114 114 111 109 109 113 110 3
114 107 108 105 109 116 112 113 112 110 114 107 4
109 105 101 110 106 113 102 105 113 108 111 104 5
97 95 98 98 95 103 99 101 101 97 96 98 6
110 111 111 110 102 116 112 111 116 111 114 109 7
104 101 102 99 100 110 101 104 104 105 110 103 8
102 102 101 106 101 109 104 110 107 102 105 104 9
104 100 100 104 95 109 101 105 105 106 107 101 10
107 104 106 108 101 110 105 102 105 103 109 15000 11
Chip#1
109 104 107 108 99 110 106 110 106 101 109 104 0
101 100 100 104 99 105 97 113 102 103 106 100 1
107 101 106 104 98 111 103 112 102 106 107 99 2
92 90 94 96 89 98 92 97 98 94 95 91 3
105 103 109 116 103 108 92 114 113 107 106 105 4
101 98 100 102 96 101 96 106 96 98 100 96 5
106 101 103 103 101 104 98 106 102 103 102 96 6
102 98 99 103 97 102 98 106 97 98 99 98 7
101 99 99 111 97 105 99 109 105 101 100 98 8
103 106 107 114 107 112 102 110 111 104 110 101 9
105 100 107 102 99 106 101 104 101 102 104 96 10
106 102 103 106 103 106 99 107 102 97 104 15000 11
Chip#2
104 106 95 95 102 106 100 104 103 101 106 100 0
102 103 96 97 101 98 102 101 101 97 103 96 1
98 99 88 92 101 100 101 102 99 99 105 93 2
100 107 97 95 99 101 100 104 102 103 105 98 3
101 99 97 100 99 100 104 105 101 103 105 101 4
104 105 96 97 103 104 102 101 105 107 107 97 5
104 103 97 95 106 109 108 105 101 101 102 102 6
110 107 101 106 110 110 108 109 112 105 109 104 7
97 106 96 97 100 102 98 101 101 103 105 98 8
104 101 93 94 102 104 100 104 102 100 100 97 9
100 105 92 94 100 101 100 102 99 101 102 98 10
104 99 91 93 98 104 104 100 98 97 105 15000 11
Chip#3
102 108 101 98 104 107 102 99 99 98 104 103 0
110 113 112 104 107 114 111 107 105 104 107 111 1
107 113 109 104 110 110 107 108 110 103 113 112 2
101 108 105 101 103 108 107 105 102 100 107 103 3
104 107 99 99 104 105 102 104 99 99 104 106 4
99 104 101 96 99 102 105 101 99 99 102 104 5
102 104 105 97 106 104 102 105 97 98 103 103 6
106 109 108 106 111 110 106 106 103 101 109 111 7
106 107 105 98 106 108 106 106 103 104 109 106 8
109 111 108 108 111 114 108 109 108 105 110 111 9
105 107 106 101 106 109 106 101 105 104 107 98 10
112 113 111 107 113 116 110 108 105 108 110 15000 11
Chip#4
98 98 97 99 95 104 99 96 104 98 98 97 0
103 99 104 98 101 103 104 102 107 103 106 102 1
107 102 104 102 103 108 105 107 107 103 105 106 2
107 106 104 109 107 109 106 108 107 105 105 107 3
107 102 104 99 100 110 107 102 107 101 103 101 4
103 104 106 108 107 108 109 100 105 107 102 104 5
107 105 105 104 103 112 103 106 108 106 105 107 6
106 106 102 103 102 113 104 105 103 103 109 102 7
103 101 101 103 101 104 101 105 105 103 106 102 8
104 104 102 104 104 113 105 107 103 104 108 102 9
105 106 106 104 102 110 102 107 110 107 102 104 10
102 102 101 99 100 104 99 102 99 101 103 15000 11
Chip#1
115 111 115 114 108 112 100 117 109 108 111 107 0
115 110 116 112 111 115 100 117 107 111 114 110 1
108 104 108 108 101 109 106 108 102 107 111 105 2
107 104 104 110 106 110 105 106 107 106 109 100 3
105 105 109 116 106 106 101 115 114 106 106 102 4
105 99 104 103 101 100 98 108 100 102 104 101 5
115 108 112 122 111 115 98 117 113 108 118 110 6
106 103 107 107 103 104 103 109 98 105 106 102 7
103 100 103 118 101 100 101 110 107 105 106 99 8
114 111 116 124 123 114 101 118 107 115 118 114 9
107 100 106 103 99 110 99 106 102 98 110 101 10
108 99 104 107 96 102 97 108 100 100 106 15000 11
Chip#2
101 97 92 92 98 100 98 100 101 100 102 101 0
105 110 100 97 105 108 104 108 103 104 109 104 1
107 109 96 95 101 105 102 105 105 104 107 101 2
107 109 100 101 109 106 111 109 105 104 108 108 3
104 107 97 98 102 105 104 108 105 103 107 102 4
108 109 99 98 106 108 108 102 105 108 109 106 5
105 103 96 95 108 104 101 102 102 103 106 104 6
104 105 96 98 103 104 105 104 105 100 106 102 7
111 110 107 108 107 110 109 110 110 111 109 106 8
102 107 96 97 102 102 108 108 105 101 105 100 9
107 107 101 98 105 108 109 109 108 111 110 104 10
105 103 93 97 105 101 101 104 108 99 105 15000 11
Chip#3
102 102 101 101 104 108 103 101 102 99 105 106 0
107 113 105 104 107 109 102 102 102 103 105 104 1
101 107 105 102 98 106 106 99 102 100 107 105 2
102 107 106 102 106 107 106 102 102 99 104 105 3
100 103 100 102 104 102 102 100 97 102 99 101 4
107 111 105 103 109 108 105 106 106 108 105 110 5
99 100 102 96 101 103 100 97 97 100 99 91 6
100 103 100 100 106 108 105 102 98 102 104 95 7
99 102 102 97 103 100 103 100 99 100 102 106 8
104 108 104 102 109 110 108 106 102 101 114 104 9
105 103 103 98 104 107 103 101 106 98 107 106 10
106 108 107 104 106 105 107 104 105 102 104 15000 11
Chip#4
109 109 113 106 108 113 109 114 113 109 110 110 0
110 109 108 108 107 118 111 114 114 108 114 109 1
114 111 112 110 107 114 110 112 112 107 110 109 2
104 105 100 102 102 109 103 107 109 105 105 103 3
110 108 108 108 107 110 109 103 112 107 103 104 4
99 102 96 97 96 105 101 100 107 103 96 104 5
103 102 102 106 101 110 106 106 104 103 102 100 6
109 106 101 105 101 110 107 105 107 107 107 108 7
108 104 104 108 105 109 106 107 108 107 105 106 8
108 104 104 105 102 112 106 106 107 102 102 102 9
113 104 100 108 102 113 103 111 103 104 110 104 10
107 101 106 105 103 109 102 107 108 103 107 15000 11
Chip#1
107 108 111 106 102 107 103 117 106 108 113 105 0
113 111 117 114 123 114 103 117 107 112 116 109 1
110 106 115 110 106 110 103 112 109 107 111 106 2
104 105 104 112 105 108 101 109 107 102 106 100 3
105 103 108 123 106 108 105 117 107 112 106 102 4
113 105 108 108 123 111 106 118 110 107 114 105 5
108 109 109 106 106 110 106 113 107 106 108 100 6
107 105 109 110 105 108 105 114 105 102 109 106 7
108 100 108 118 106 101 105 114 110 106 104 100 8
103 110 108 118 110 103 106 114 113 110 105 104 9
109 104 108 107 103 108 102 110 105 105 108 104 10
107 110 109 107 102 105 103 113 104 102 108 15000 11
Chip#2
108 109 100 103 108 108 111 112 109 108 107 106 0
110 109 105 99 105 116 111 110 116 105 112 106 1
105 106 99 99 103 108 109 105 106 104 108 102 2
107 109 101 102 112 109 109 109 109 112 109 103 3
104 106 99 97 105 108 102 106 106 101 109 103 4
107 114 101 101 103 108 109 108 109 108 109 103 5
104 106 100 98 107 110 109 109 109 105 106 103 6
107 106 103 98 105 106 108 104 105 107 109 105 7
108 109 103 103 112 109 109 108 106 105 115 106 8
104 106 100 100 106 105 111 106 106 101 106 105 9
104 109 99 99 105 110 104 105 108 103 105 103 10
108 107 99 97 104 101 109 102 103 103 105 15000 11
Chip#3
106 111 107 107 112 113 110 107 105 101 107 105 0
105 108 106 101 107 105 113 110 107 103 109 104 1
105 111 108 104 112 108 108 106 104 104 109 106 2
112 112 108 103 112 115 111 108 107 108 113 113 3
111 117 112 108 112 115 116 111 105 108 113 108 4
101 103 101 98 104 105 102 102 102 100 103 103 5
112 112 115 107 118 115 117 115 109 110 114 114 6
107 109 108 101 111 108 106 109 105 107 113 108 7
107 107 106 102 106 111 111 105 105 104 108 108 8
102 109 103 99 107 111 107 115 105 103 110 107 9
110 112 112 106 112 113 107 105 109 107 112 105 10
111 116 111 106 112 116 111 109 105 109 114 15000 11
Chip#4
113 112 112 113 108 119 111 111 113 110 113 108 0
118 114 113 115 115 119 114 114 114 117 121 119 1
117 109 112 113 112 116 112 114 112 108 112 113 2
110 111 107 112 106 118 107 112 110 105 112 109 3
104 105 105 103 108 112 106 107 108 101 110 102 4
112 107 105 110 108 119 110 112 112 108 109 106 5
119 113 109 109 108 119 111 110 116 119 114 111 6
113 109 107 108 106 117 110 117 113 110 112 107 7
109 102 109 105 107 114 106 107 104 110 112 103 8
107 101 104 101 104 112 105 110 103 107 107 108 9
120 118 113 115 109 119 116 118 118 115 118 111 10
113 107 109 111 109 113 111 110 108 107 115 15000 11
Chip#1
114 110 111 119 123 115 103 119 109 110 118 101 0
111 105 109 111 105 115 106 115 106 110 110 106 1
113 109 120 118 107 120 106 122 114 113 118 109 2
114 111 116 126 112 116 106 118 114 111 111 107 3
113 109 117 131 123 114 106 125 138 113 116 111 4
114 109 109 115 105 113 106 114 106 111 113 107 5
107 105 108 110 106 110 106 105 109 103 113 100 6
111 110 109 114 110 110 106 119 106 108 114 106 7
114 106 112 134 123 110 106 119 106 111 110 106 8
105 104 108 126 123 111 106 115 106 110 111 101 9
107 104 111 111 106 110 102 113 105 108 109 104 10
109 103 109 106 99 108 103 115 104 104 105 15000 11
Chip#2
108 110 100 105 109 106 109 111 109 106 112 103 0
112 112 101 103 113 115 116 113 110 107 109 105 1
108 109 99 102 112 110 111 109 106 104 108 103 2
111 109 105 102 108 110 112 113 109 110 113 105 3
111 107 99 98 109 108 112 113 106 105 109 105 4
114 116 112 107 114 113 115 113 115 111 115 112 5
110 110 103 102 107 110 109 114 106 108 109 103 6
107 109 101 99 105 110 115 110 108 105 112 101 7
105 106 97 99 105 104 106 108 106 103 104 101 8
110 110 99 102 109 110 108 113 110 108 111 106 9
112 109 103 99 108 112 109 109 110 108 105 101 10
112 107 100 99 110 108 111 109 109 100 107 15000 11
Chip#3
106 113 111 103 114 112 112 111 102 111 112 109 0
112 121 112 106 112 111 110 108 108 110 112 111 1
110 110 109 106 111 113 110 108 107 111 109 110 2
111 119 114 113 115 116 118 112 112 111 115 114 3
107 111 107 108 110 111 111 109 105 106 113 107 4
111 113 107 106 108 110 110 105 106 106 108 106 5
111 114 112 108 110 111 117 113 111 110 113 111 6
116 116 111 107 114 115 113 111 107 111 112 110 7
110 117 109 108 115 116 114 111 111 113 113 113 8
111 116 117 107 119 117 118 113 111 115 118 110 9
104 103 98 96 111 108 105 103 100 100 105 101 10
107 113 103 104 109 110 110 105 103 105 107 15000 11
Chip#4
110 108 108 106 107 117 110 117 112 111 112 110 0
108 108 106 105 106 112 107 112 112 109 110 109 1
112 102 107 102 105 112 107 107 104 107 105 106 2
115 111 108 109 106 117 111 115 114 110 114 113 3
110 105 107 106 107 113 110 110 112 109 111 107 4
113 109 111 110 108 119 110 117 113 109 112 109 5
114 111 113 113 112 121 113 112 113 109 113 110 6
120 119 121 119 119 127 119 124 121 118 120 116 7
111 107 112 106 110 118 109 116 109 109 113 109 8
117 108 109 112 108 114 112 114 115 115 117 110 9
115 108 112 112 106 118 110 117 113 108 116 108 10
113 107 106 108 106 113 106 111 109 106 109 15000 11
Chip#1
113 115 116 118 111 118 103 119 110 116 116 111 0
111 111 113 112 123 111 106 114 107 110 110 110 1
113 109 116 115 123 114 106 118 114 113 118 118 2
113 110 116 126 123 114 106 125 114 112 115 109 3
107 110 113 132 124 110 106 119 114 113 113 109 4
114 114 116 120 110 114 106 122 114 116 118 114 5
110 105 111 115 106 108 106 118 109 107 113 106 6
122 115 120 120 124 120 132 125 109 119 124 119 7
125 115 122 142 129 120 106 129 109 116 120 112 8
113 111 119 134 124 118 106 125 109 117 114 112 9
122 115 124 118 123 119 106 125 109 120 122 115 10
121 110 115 119 112 118 106 123 114 112 116 15000 11
Chip#2
110 109 105 102 109 110 116 115 113 110 109 105 0
115 112 105 105 109 112 109 110 113 111 115 109 1
107 109 105 97 107 109 108 113 112 108 109 104 2
110 109 104 102 106 112 105 112 113 111 112 106 3
107 109 104 99 105 106 108 108 112 104 112 104 4
111 112 104 98 106 112 109 110 113 109 114 106 5
112 109 105 99 109 110 113 108 111 112 110 106 6
111 110 105 105 113 110 112 111 115 105 113 109 7
112 113 108 108 113 113 112 116 118 109 113 109 8
115 116 107 107 113 109 111 113 116 111 115 108 9
112 109 104 103 106 108 106 111 110 109 109 104 10
120 114 111 103 114 115 115 113 118 111 113 15000 11
Chip#3
112 113 107 103 116 117 114 112 105 109 112 112 0
117 116 116 110 116 119 114 113 112 114 120 115 1
111 116 110 107 111 113 112 112 105 110 115 113 2
116 118 113 112 117 121 117 116 112 115 117 119 3
114 121 115 112 119 120 114 118 107 115 118 115 4
112 114 116 108 113 115 114 111 106 111 115 111 5
118 119 116 112 117 121 117 114 111 114 118 118 6
113 119 114 109 121 122 114 111 116 113 119 119 7
110 114 114 106 116 116 118 113 110 113 118 113 8
118 119 121 117 121 122 121 119 116 115 122 120 9
116 125 119 117 124 119 123 118 119 120 125 120 10
116 122 116 112 120 124 118 117 117 115 117 15000 11
Chip#4
112 106 107 106 110 112 109 110 109 109 112 113 0
111 111 107 109 105 115 110 114 110 115 116 113 1
110 111 108 109 105 117 107 112 109 111 112 109 2
124 121 116 119 116 128 120 122 121 119 125 119 3
110 109 105 108 108 117 110 116 114 108 112 113 4
119 116 124 120 115 122 119 115 119 120 119 121 5
120 115 116 117 113 124 119 118 120 121 117 117 6
114 107 107 105 102 119 110 112 109 103 112 104 7
121 119 121 119 115 124 118 119 119 120 122 116 8
118 118 115 117 114 127 117 114 119 115 122 120 9
121 115 115 118 113 123 117 120 119 118 119 119 10
122 116 119 117 119 122 118 117 119 121 121 15000 11
Chip#1
114 118 116 120 117 119 106 123 114 117 118 110 0
113 111 111 114 123 112 106 121 113 112 114 111 1
116 114 117 120 123 115 106 125 113 116 116 114 2
121 120 117 136 129 123 106 129 113 120 119 115 3
111 104 109 134 123 110 106 125 141 116 108 101 4
111 118 112 115 108 114 106 121 114 113 115 111 5
120 115 120 123 123 118 106 126 114 115 118 118 6
126 123 122 128 128 119 132 137 114 122 130 119 7
118 114 121 144 132 114 106 131 139 121 118 115 8
116 115 120 136 126 116 106 123 138 119 118 113 9
115 109 119 118 111 116 106 121 110 112 114 110 10
118 118 119 115 112 116 106 119 111 116 120 15000 11
Chip#2
117 117 107 107 114 116 118 117 119 116 116 112 0
115 120 112 107 114 116 115 116 115 112 113 109 1
111 113 101 107 106 110 108 112 113 109 116 108 2
120 119 109 111 112 117 115 121 119 116 116 114 3
114 109 104 107 113 109 112 115 115 107 112 106 4
117 119 109 111 114 115 118 113 116 118 118 114 5
114 114 105 107 112 113 115 115 115 115 109 110 6
112 112 104 103 108 109 115 109 108 108 111 108 7
115 114 105 107 113 115 116 113 112 109 118 108 8
118 117 104 110 116 115 119 113 120 113 116 112 9
121 124 112 110 118 121 122 123 115 118 118 114 10
114 109 107 107 110 110 112 116 110 109 112 15000 11
Chip#3
121 125 124 112 124 125 123 119 114 121 120 125 0
113 119 115 113 117 119 124 112 116 118 122 116 1
113 114 114 112 119 115 118 109 110 119 117 112 2
119 118 117 115 122 121 118 117 111 119 120 118 3
117 121 116 114 121 116 117 112 116 118 118 121 4
118 119 116 110 112 116 119 117 114 115 115 116 5
111 116 112 109 111 117 117 109 110 110 117 111 6
112 117 113 108 115 119 117 112 108 114 115 114 7
114 122 115 113 116 122 118 114 114 113 115 113 8
118 123 121 114 124 124 123 118 114 120 125 120 9
111 117 117 112 117 121 119 109 117 115 115 114 10
119 118 116 109 117 119 119 109 112 115 115 15000 11
Chip#4
116 112 111 112 106 117 110 114 112 111 119 110 0
113 114 115 111 110 118 111 114 114 120 112 115 1
119 115 120 122 115 123 118 117 119 120 125 122 2
117 118 119 123 119 127 118 119 119 118 122 121 3
120 116 115 119 116 124 122 122 121 115 124 119 4
109 113 112 112 113 117 113 108 110 110 113 111 5
118 114 118 116 113 121 115 114 118 113 119 114 6
126 124 127 123 120 133 120 128 124 124 131 124 7
112 113 109 112 112 118 113 117 113 116 121 110 8
108 105 106 105 103 113 107 106 112 103 118 107 9
125 118 115 116 105 123 117 120 119 115 119 120 10
121 116 119 118 113 124 116 117 119 111 119 15000 11
Chip#1
118 116 117 122 112 118 106 122 114 118 120 114 0
118 114 119 120 123 118 106 121 114 115 118 115 1
120 122 119 120 123 120 132 129 114 122 120 121 2
120 115 121 135 123 116 106 123 139 122 115 114 3
116 113 119 142 127 115 106 125 145 121 111 111 4
114 116 117 122 112 120 106 122 125 117 116 112 5
120 120 125 126 116 119 106 123 125 118 123 114 6
120 123 125 130 117 124 106 129 125 122 124 117 7
116 118 120 158 129 118 106 131 141 125 119 116 8
122 119 124 158 132 119 132 133 146 125 123 118 9
115 115 115 118 123 114 132 118 113 112 118 109 10
117 120 121 124 123 122 106 123 113 121 116 15000 11
Chip#2
111 110 107 105 108 110 108 115 112 109 112 104 0
115 117 108 110 114 115 112 120 116 113 119 109 1
112 112 99 111 109 110 108 110 110 108 109 108 2
114 117 105 112 114 113 112 119 119 115 120 112 3
127 120 111 115 122 123 122 127 127 119 125 117 4
118 116 108 106 116 117 115 117 118 111 116 110 5
114 113 105 106 112 112 113 120 113 114 116 113 6
118 116 105 111 116 113 112 119 116 112 115 109 7
114 116 107 107 111 115 115 119 116 115 118 110 8
118 119 108 111 116 119 116 119 116 111 118 110 9
120 114 105 106 110 112 112 116 115 111 112 108 10
121 114 112 110 114 115 115 117 116 114 115 15000 11
Chip#3
116 123 119 115 122 119 124 114 119 115 115 114 0
111 114 115 106 116 116 116 112 110 110 115 112 1
116 117 114 108 117 117 118 111 111 111 118 114 2
118 119 119 114 125 116 124 114 114 114 123 119 3
125 128 121 117 127 126 123 120 117 119 124 122 4
120 127 122 120 126 126 128 120 119 120 123 121 5
122 126 121 118 130 125 125 119 112 121 129 118 6
121 123 120 113 117 120 121 117 116 117 119 119 7
117 122 118 112 127 122 124 118 119 120 124 118 8
114 123 115 112 122 117 121 116 116 116 120 115 9
117 118 115 113 124 122 118 113 114 113 119 114 10
123 126 123 121 129 124 125 122 117 124 124 15000 11
Chip#4
114 111 107 112 109 119 113 117 108 107 112 114 0
115 119 119 113 117 126 117 122 118 115 116 117 1
115 114 116 113 117 122 116 117 115 113 120 116 2
120 121 119 123 115 123 124 124 120 116 130 123 3
119 118 118 118 110 127 118 122 121 119 121 119 4
118 112 112 117 112 119 113 110 114 116 113 114 5
116 118 114 117 116 118 118 114 116 117 118 116 6
131 126 127 122 127 134 123 126 127 123 128 127 7
122 118 118 117 119 123 118 124 123 117 121 120 8
124 121 125 122 119 130 119 123 126 120 125 123 9
127 121 121 125 120 130 125 123 127 127 126 122 10
118 116 124 117 118 127 120 120 120 117 122 15000 11
Chip#1
121 120 122 127 123 123 106 125 113 118 120 118 0
128 124 126 128 127 125 132 127 113 121 124 120 1
124 135 126 126 128 125 132 131 137 121 124 157 2
126 119 125 143 130 123 132 130 144 122 124 118 3
117 110 120 148 132 118 106 130 149 121 116 113 4
124 122 121 127 122 126 106 126 125 118 124 120 5
124 135 122 126 128 124 132 127 134 117 123 120 6
122 115 116 122 123 118 106 123 125 113 115 113 7
118 114 122 158 134 118 106 126 143 122 119 115 8
120 114 116 146 133 116 106 129 145 122 114 119 9
122 120 120 123 116 123 106 126 109 118 119 117 10
121 117 120 127 124 120 106 123 125 117 115 15000 11
Chip#2
114 119 109 106 110 115 113 119 116 116 115 112 0
114 117 111 108 109 116 112 117 116 110 115 110 1
120 123 107 110 114 116 118 121 120 120 116 112 2
121 126 120 116 120 120 122 123 122 123 125 118 3
114 114 107 108 113 110 109 115 112 112 110 105 4
110 116 108 102 108 115 112 113 112 112 112 103 5
121 119 111 112 110 120 118 120 118 119 116 113 6
114 121 108 106 112 117 112 117 115 111 113 110 7
114 119 113 107 113 116 118 119 118 116 115 110 8
118 121 111 110 116 115 120 117 118 116 116 109 9
124 121 112 111 114 120 119 116 118 116 118 112 10
128 119 117 107 122 116 116 117 120 115 116 15000 11
Chip#3
122 123 120 114 124 122 123 120 118 119 123 119 0
129 130 120 121 127 131 129 122 120 124 131 125 1
118 121 119 114 119 117 119 117 113 115 122 118 2
114 122 113 109 116 116 117 114 111 111 119 114 3
124 125 122 114 126 126 122 117 117 120 124 118 4
116 126 120 114 120 121 122 122 119 120 120 118 5
124 125 126 118 124 128 130 122 120 124 128 121 6
122 126 124 116 124 126 128 122 119 120 124 122 7
126 126 123 122 125 128 122 119 120 121 126 116 8
120 123 121 113 121 122 123 118 118 116 125 118 9
116 122 119 113 120 124 119 118 119 115 120 118 10
132 132 128 121 134 132 132 124 127 126 131 15000 11
Chip#4
124 118 121 119 112 123 119 119 123 119 126 116 0
115 114 115 115 112 121 116 119 118 114 121 113 1
124 122 125 124 117 127 125 128 126 123 128 123 2
119 113 119 117 116 124 120 122 126 116 126 119 3
122 115 115 116 116 128 115 118 123 120 127 119 4
121 122 121 123 119 124 122 124 123 122 128 121 5
128 121 121 122 118 124 123 124 126 124 128 124 6
127 118 124 122 115 124 120 120 123 120 127 122 7
123 122 120 119 117 126 118 123 124 125 127 115 8
127 122 129 125 117 127 123 124 126 124 131 126 9
127 122 120 125 117 124 126 126 124 121 130 119 10
128 123 125 124 114 128 123 125 125 124 128 15000 11
Chip#1
120 123 122 126 126 122 106 123 125 124 122 115 0
119 118 116 119 123 119 106 123 125 116 113 111 1
121 118 122 120 123 120 106 123 125 117 122 119 2
126 135 124 158 131 127 132 131 147 125 121 157 3
126 122 128 158 140 128 132 142 161 132 125 124 4
119 111 117 124 114 116 106 123 125 116 118 115 5
125 122 125 128 127 123 132 134 135 122 123 121 6
121 115 124 126 123 122 132 127 125 117 118 116 7
116 113 120 158 134 116 106 127 144 121 115 111 8
159 135 152 174 146 130 141 138 156 129 129 157 9
122 120 122 120 124 126 116 130 125 120 123 117 10
127 122 124 128 127 127 116 134 125 121 122 15000 11
Chip#2
115 121 112 111 114 118 122 123 118 118 119 113 0
121 123 116 110 117 119 122 120 122 115 122 113 1
121 119 113 111 119 117 119 121 119 119 124 115 2
123 123 113 112 121 121 123 121 122 122 122 118 3
128 126 115 116 125 124 126 125 127 118 125 123 4
117 126 116 108 121 120 120 120 119 118 120 116 5
118 119 111 107 119 119 119 123 119 112 118 117 6
120 121 111 111 120 119 118 119 122 120 120 114 7
123 126 111 116 125 123 120 121 127 120 119 115 8
123 124 112 111 124 117 122 121 122 119 118 112 9
124 126 115 113 124 120 127 124 125 123 123 119 10
124 126 113 115 120 126 123 120 127 120 117 15000 11
Chip#3
121 125 116 118 126 124 124 117 114 116 122 122 0
119 121 113 112 122 116 117 114 113 114 119 118 1
126 130 127 122 127 128 128 122 123 120 127 126 2
121 126 115 118 127 126 122 119 116 121 123 121 3
121 128 121 117 130 126 124 119 117 120 126 123 4
117 125 117 114 121 122 121 116 118 115 119 118 5
124 127 122 118 125 127 125 119 118 121 127 120 6
126 132 122 118 126 130 125 125 123 124 126 123 7
130 136 127 126 131 132 132 129 130 131 133 130 8
123 130 124 123 133 128 128 128 124 124 129 128 9
124 128 120 118 130 126 123 124 123 125 125 125 10
126 134 124 120 129 128 128 123 121 121 129 15000 11
Chip#4
123 121 126 118 118 132 123 124 126 121 129 121 0
116 118 116 116 114 118 114 120 120 117 118 115 1
120 116 121 119 114 128 114 118 120 121 123 116 2
122 124 127 126 121 136 124 123 129 126 127 119 3
119 118 118 117 117 122 124 119 119 115 128 113 4
130 128 136 130 132 138 131 134 132 128 134 129 5
126 122 122 122 120 128 123 124 129 125 123 122 6
121 121 124 119 119 133 127 125 127 123 129 121 7
124 121 121 125 122 132 123 129 129 126 125 121 8
125 118 124 124 120 125 125 130 127 123 127 122 9
126 122 122 123 118 130 123 121 125 123 127 121 10
130 124 126 126 121 132 126 125 129 126 132 15000 11
Chip#1
119 115 125 119 111 115 116 126 125 119 119 114 0
122 122 125 131 123 124 132 131 125 122 125 120 1
122 120 124 128 124 124 132 130 125 121 125 119 2
125 125 128 143 128 128 132 134 149 129 129 121 3
126 120 125 158 139 124 132 139 161 130 127 123 4
120 135 125 128 127 128 132 130 136 125 124 123 5
117 118 121 128 126 120 132 127 125 119 119 119 6
126 135 131 131 129 131 132 133 134 122 125 121 7
126 123 133 174 142 127 132 139 155 132 128 123 8
119 118 117 158 132 119 132 130 148 120 118 114 9
128 127 136 132 129 128 132 131 125 126 128 123 10
130 135 135 135 132 135 132 134 139 127 130 15000 11
Chip#2
118 120 108 113 116 119 120 120 118 114 116 112 0
127 123 117 113 120 120 125 123 122 123 126 118 1
120 124 120 119 124 123 122 128 125 124 123 119 2
117 121 113 115 121 119 120 119 123 119 123 117 3
123 127 119 117 125 123 126 127 129 124 125 126 4
127 127 119 119 124 127 126 121 127 126 130 122 5
118 120 115 112 121 116 118 123 125 123 125 117 6
118 124 116 117 124 123 123 123 126 126 123 122 7
123 121 116 117 124 119 123 125 125 127 118 118 8
123 123 119 115 127 119 123 125 127 123 125 119 9
125 127 119 116 129 125 129 127 122 128 124 121 10
128 124 121 115 125 123 123 123 127 122 127 15000 11
Chip#3
124 125 123 123 125 131 123 122 123 125 126 126 0
124 126 120 121 125 122 118 120 117 120 120 121 1
128 137 131 130 129 132 133 128 131 130 130 127 2
129 131 124 123 129 130 127 125 126 127 126 127 3
128 131 129 122 131 130 130 127 124 126 129 128 4
130 132 126 125 130 131 130 125 130 125 130 127 5
126 130 122 124 127 121 123 122 119 124 127 125 6
129 136 134 129 131 132 132 128 126 129 128 129 7
125 132 124 124 134 131 125 123 123 126 128 126 8
122 126 120 119 129 126 123 118 119 118 123 121 9
126 131 122 124 130 130 127 124 125 124 124 127 10
128 134 126 124 134 130 127 123 121 127 128 15000 11
Chip#4
114 116 116 118 114 127 115 120 116 119 119 116 0
125 123 126 120 117 127 120 125 125 123 129 122 1
126 121 125 124 124 132 129 130 131 128 129 126 2
125 120 126 122 124 130 125 131 123 127 130 122 3
121 122 121 118 119 128 124 128 123 119 125 121 4
125 119 127 123 122 133 119 125 127 125 128 122 5
130 124 128 125 126 132 129 132 126 132 131 133 6
127 123 122 122 118 136 125 126 126 126 132 122 7
130 126 129 126 127 133 129 132 129 127 131 126 8
122 118 125 117 120 125 120 124 123 120 127 122 9
136 133 127 129 127 137 130 138 133 133 133 130 10
125 127 125 125 121 126 125 126 124 122 129 15000 11
Chip#1
126 135 130 132 132 128 132 137 125 126 129 157 0
124 119 124 123 126 124 132 126 125 120 122 119 1
159 135 126 135 131 133 132 138 139 130 132 157 2
122 119 120 142 129 124 132 127 148 119 124 115 3
121 123 126 158 139 125 132 139 164 130 125 124 4
136 137 130 138 132 133 132 141 145 130 134 130 5
125 124 121 130 126 125 116 134 125 121 125 121 6
131 135 125 132 129 129 132 133 138 130 130 157 7
125 120 130 158 142 124 116 137 156 129 123 119 8
130 136 134 174 147 133 132 147 165 133 129 130 9
126 127 128 130 129 127 132 130 125 124 127 119 10
127 135 125 122 126 124 132 131 125 122 120 15000 11
Chip#2
124 127 115 115 121 123 126 127 123 124 125 119 0
125 126 115 114 119 127 123 122 125 119 123 117 1
125 124 115 117 121 121 120 121 125 126 124 122 2
128 121 117 117 123 124 125 123 127 124 124 119 3
124 126 116 117 120 121 125 121 126 122 123 119 4
127 128 119 119 131 129 130 127 127 131 130 121 5
130 128 120 120 128 129 127 130 126 132 125 122 6
124 124 121 120 123 121 129 125 125 124 126 118 7
125 127 116 119 126 123 126 125 129 120 123 119 8
125 128 116 120 125 127 129 128 132 123 130 121 9
124 130 117 116 120 120 125 125 125 120 120 121 10
131 131 120 116 130 126 129 129 127 123 123 15000 11
Chip#3
124 132 124 123 126 125 127 123 120 125 125 123 0
125 128 121 122 126 124 122 123 119 121 124 119 1
122 128 127 125 129 122 125 123 121 120 129 122 2
129 138 130 127 137 133 136 134 128 132 134 127 3
129 135 124 125 135 127 128 128 125 129 130 126 4
129 137 129 128 132 126 134 131 125 129 128 128 5
132 132 132 124 130 135 136 129 125 130 131 126 6
119 131 129 118 127 126 125 123 124 126 128 125 7
119 127 121 119 126 124 119 125 120 125 124 122 8
128 132 124 123 134 130 128 124 124 126 130 122 9
120 127 124 121 129 126 124 122 120 120 129 123 10
131 135 130 125 133 127 129 125 125 132 128 15000 11
Chip#4
127 124 121 122 122 132 124 126 118 126 129 122 0
129 129 128 123 121 130 126 129 120 125 128 124 1
130 120 122 126 121 133 126 128 123 125 132 127 2
130 128 127 127 122 129 130 131 129 130 133 128 3
125 121 119 120 121 133 124 124 127 123 129 120 4
124 122 118 123 121 129 119 123 121 122 124 120 5
129 127 125 124 121 137 124 134 125 124 129 127 6
134 130 131 133 132 138 134 137 132 129 138 129 7
132 129 128 127 126 134 126 134 129 127 132 128 8
127 119 125 126 124 134 130 130 127 127 129 122 9
130 127 121 123 122 133 123 128 126 122 126 122 10
128 130 125 131 126 139 126 134 126 123 129 15000 11
Chip#1
132 136 126 132 130 125 132 135 125 131 128 126 0
121 119 128 124 128 123 132 131 125 124 126 120 1
125 135 130 131 129 128 132 127 137 125 129 157 2
159 140 134 158 142 135 141 142 160 137 133 129 3
128 118 130 158 142 129 132 142 169 134 129 121 4
128 124 137 142 135 131 132 139 139 127 135 129 5
130 135 137 134 134 132 132 139 142 134 135 130 6
131 135 136 138 132 133 132 141 125 134 133 124 7
131 127 137 180 151 132 132 142 167 138 135 127 8
137 130 138 175 149 136 132 146 165 139 134 127 9
130 135 131 131 129 133 132 138 137 130 128 123 10
134 137 133 134 136 135 132 139 138 129 132 15000 11
Chip#2
133 132 123 121 135 129 140 135 132 128 133 126 0
128 130 117 115 123 126 127 129 129 123 123 119 1
124 127 117 116 122 123 126 124 123 119 122 114 2
127 126 120 124 127 123 127 129 130 130 124 119 3
130 130 120 120 127 129 129 129 127 126 127 122 4
130 124 116 111 122 121 126 123 123 119 128 117 5
130 126 119 115 124 123 126 130 125 126 125 123 6
133 131 120 123 127 127 131 131 130 130 125 122 7
134 130 125 125 132 134 134 138 136 128 131 125 8
130 134 121 120 128 127 131 130 129 130 127 123 9
132 135 124 121 128 130 130 130 132 124 130 125 10
138 135 127 122 133 133 136 138 133 131 128 15000 11
Chip#3
128 135 128 124 135 133 130 128 125 132 133 128 0
135 142 136 133 135 139 136 136 134 136 136 137 1
128 130 127 125 127 128 128 128 121 126 125 127 2
125 131 123 119 134 126 123 127 123 125 128 122 3
129 136 124 128 134 132 132 129 125 133 135 130 4
130 136 130 120 133 134 131 129 126 128 133 132 5
126 130 128 124 129 133 127 124 123 126 128 125 6
130 139 131 130 139 138 134 134 130 131 135 128 7
131 136 130 130 137 136 136 136 132 137 138 129 8
126 132 128 123 132 136 129 127 127 130 133 126 9
129 139 132 125 140 133 132 128 128 129 134 128 10
135 144 130 133 139 142 134 134 134 133 139 15000 11
Chip#4
126 127 129 124 121 129 131 128 124 125 131 128 0
127 124 124 122 120 127 126 126 124 121 128 124 1
135 124 133 127 126 135 127 128 131 126 133 128 2
134 127 128 127 124 133 129 129 133 126 134 126 3
136 130 128 129 126 137 129 132 135 132 135 129 4
122 119 127 123 122 134 125 124 126 123 131 126 5
129 126 131 123 122 134 129 131 125 124 130 127 6
133 128 133 126 125 128 124 132 129 123 129 127 7
128 127 126 125 124 128 125 126 127 129 131 129 8
132 129 135 132 126 137 126 132 129 129 134 127 9
130 126 126 125 122 129 123 127 125 127 132 124 10
139 140 140 138 130 144 136 140 135 134 138 15000 11
Chip#1
122 122 124 130 116 127 116 131 125 118 120 117 0
133 134 133 139 135 135 132 137 125 131 134 129 1
131 135 133 135 136 134 141 145 137 132 138 157 2
125 124 129 158 137 132 132 137 150 125 125 119 3
124 135 130 171 146 128 132 147 169 137 125 123 4
130 123 133 139 132 122 132 134 125 129 131 124 5
132 137 133 139 134 135 132 146 143 132 135 129 6
124 135 122 130 124 119 132 129 125 117 121 119 7
124 118 130 175 147 126 116 142 159 131 125 121 8
131 135 133 172 150 129 132 147 167 138 130 124 9
159 142 142 142 142 139 141 147 147 137 142 135 10
130 136 130 134 131 131 132 134 125 124 128 15000 11
Chip#2
124 132 123 121 132 125 127 124 126 130 127 121 0
127 132 123 120 128 125 133 131 130 123 127 123 1
130 131 125 120 127 127 127 133 130 127 128 122 2
128 132 125 123 128 131 130 134 127 127 130 128 3
132 135 124 123 133 129 133 131 132 126 127 123 4
128 126 120 121 127 127 130 123 127 126 123 122 5
120 124 119 115 124 124 129 123 120 123 123 115 6
127 127 120 115 124 123 126 126 123 127 128 123 7
135 131 128 126 129 127 127 134 134 131 133 128 8
128 124 119 117 125 120 127 125 123 118 122 115 9
132 134 124 119 124 124 126 130 129 124 125 119 10
133 130 121 116 129 121 125 126 127 124 122 15000 11
Chip#3
133 136 127 126 132 133 133 129 130 130 131 130 0
135 144 134 132 140 133 138 134 133 133 138 130 1
129 130 125 120 130 128 128 123 120 122 128 123 2
121 125 120 120 130 126 130 123 117 121 128 121 3
138 143 132 136 139 138 139 139 133 139 134 136 4
131 137 129 128 135 131 135 131 126 127 134 127 5
137 143 135 134 140 139 140 138 133 138 141 137 6
129 140 131 128 137 136 132 133 128 130 135 129 7
133 140 130 136 140 138 136 135 133 136 140 132 8
136 144 135 136 140 139 139 142 138 140 141 134 9
128 132 126 131 139 132 132 127 127 130 130 127 10
135 142 134 133 139 137 139 135 134 130 138 15000 11
Chip#4
125 121 128 124 120 134 126 125 124 123 129 124 0
125 124 125 123 125 134 125 126 126 126 129 128 1
127 127 127 122 120 141 126 131 127 127 134 130 2
129 124 125 127 117 132 123 128 129 127 130 126 3
138 142 132 131 135 144 143 138 138 133 138 135 4
127 127 129 129 124 136 130 127 130 124 131 127 5
122 121 121 123 116 134 125 129 126 124 128 124 6
136 136 134 134 129 144 136 140 138 135 139 133 7
131 126 126 130 127 137 130 132 131 128 128 128 8
131 129 129 130 126 139 136 137 133 136 134 128 9
132 124 128 124 126 136 130 132 133 128 133 127 10
127 130 126 126 125 137 129 131 127 126 132 15000 11
Chip#1
124 135 129 131 127 123 132 127 125 121 124 124 0
128 135 134 135 135 132 132 137 139 130 126 124 1
126 125 129 130 127 126 132 133 125 122 127 121 2
131 129 137 158 142 133 132 141 158 132 133 127 3
132 128 135 180 150 136 132 149 176 140 130 129 4
133 135 130 136 132 128 132 135 137 127 130 126 5
127 128 128 128 134 127 116 137 125 126 133 125 6
127 135 131 135 131 129 132 135 136 126 125 121 7
127 127 132 180 147 127 132 142 161 129 127 120 8
133 139 137 180 153 139 132 151 172 139 138 157 9
125 122 122 131 128 128 116 134 125 121 124 121 10
159 139 137 138 137 136 132 139 138 131 134 15000 11
Chip#2
132 134 123 123 129 135 130 134 127 131 128 122 0
130 132 120 120 127 129 129 129 127 128 125 119 1
137 138 125 128 132 135 134 137 132 134 133 125 2
131 132 121 123 129 129 129 135 129 127 123 122 3
128 126 113 114 119 125 125 129 125 123 117 114 4
133 128 120 121 128 127 130 134 127 130 127 123 5
134 132 127 121 132 130 136 135 132 136 131 125 6
128 134 121 120 129 131 126 130 130 131 129 125 7
130 135 127 125 135 131 134 133 133 131 131 125 8
123 131 119 116 129 124 127 129 127 127 128 119 9
134 137 123 121 129 130 130 133 127 132 130 125 10
137 131 123 119 132 130 133 131 133 131 125 15000 11
Chip#3
131 139 131 130 139 132 133 131 132 135 135 129 0
137 145 131 133 143 144 135 133 137 136 139 135 1
137 140 137 131 142 140 138 139 136 133 138 136 2
129 139 131 130 137 141 131 135 131 133 140 129 3
132 137 130 129 142 137 136 135 132 130 139 129 4
126 131 126 126 133 132 134 128 127 127 130 126 5
138 146 136 137 133 143 141 136 136 133 143 135 6
129 137 125 129 135 137 129 133 128 124 133 126 7
144 146 137 139 165 146 142 141 138 141 143 134 8
136 146 139 135 135 138 136 138 138 135 142 134 9
129 140 135 130 137 136 132 133 130 131 139 129 10
131 144 129 128 134 136 136 134 128 135 133 15000 11
Chip#4
136 136 133 132 127 148 133 134 132 132 136 135 0
133 128 134 131 128 139 129 137 133 132 139 133 1
137 134 132 134 132 143 133 137 139 133 139 137 2
128 126 129 130 126 132 123 127 126 124 133 129 3
128 130 131 127 128 133 125 135 127 129 133 126 4
126 124 128 127 122 138 124 128 130 128 133 124 5
131 129 131 131 128 141 127 135 131 127 129 128 6
142 131 139 133 133 148 136 137 142 135 143 136 7
132 133 134 133 129 143 127 132 135 130 138 130 8
132 128 128 132 126 138 129 131 136 130 137 128 9
130 133 128 129 128 141 126 132 132 124 131 122 10
142 137 136 136 132 147 133 139 138 133 136 15000 11
