Chip#4
313 288 205 232 216 274 242 261 264 197 300 280 0
297 301 197 226 197 273 255 245 248 205 284 278 1
310 290 201 230 198 274 241 251 260 207 297 280 2
299 294 206 219 204 296 243 241 266 181 302 282 3
316 294 207 236 208 294 259 267 267 196 288 286 4
314 303 204 233 200 293 240 249 261 207 295 278 5
295 272 192 235 205 278 244 255 245 180 282 283 6
311 294 199 229 214 291 242 259 256 206 296 275 7
303 295 194 239 210 302 249 269 268 195 291 285 8
297 296 193 237 211 302 265 240 267 201 301 286 9
294 293 194 239 194 288 265 263 265 197 302 285 10
297 291 194 229 222 297 251 265 266 194 301 280 11
Chip#1
377 384 433 354 311 389 370 350 418 307 422 375 0
380 385 447 354 313 410 371 338 420 308 439 358 1
364 386 434 357 309 388 371 334 400 288 422 357 2
365 389 436 357 314 392 375 322 419 293 425 359 3
368 389 432 352 312 391 375 334 418 306 425 358 4
382 384 430 358 313 391 373 337 421 290 424 357 5
385 399 443 366 310 406 386 336 417 307 419 373 6
371 387 437 352 333 392 377 340 422 308 424 375 7
368 389 432 352 334 400 394 344 440 311 443 381 8
388 389 435 375 329 415 390 340 420 305 441 379 9
390 407 438 357 315 411 377 343 420 311 443 376 10
396 410 437 355 335 414 397 344 443 313 445 381 11
Chip#2
494 507 400 494 492 521 461 475 491 394 418 493 0
478 509 401 480 493 537 449 464 491 399 420 494 1
494 507 414 494 494 521 448 476 491 396 431 492 2
449 485 400 472 489 521 440 479 470 374 410 484 3
476 503 422 486 481 537 450 479 495 392 430 510 4
476 508 405 484 484 537 450 489 495 399 419 492 5
467 504 411 492 488 521 439 476 491 394 411 485 6
476 489 395 481 475 521 447 455 494 396 408 472 7
469 507 403 480 491 537 460 478 495 394 418 491 8
474 506 414 482 492 521 448 448 492 397 415 485 9
477 496 402 484 481 537 448 479 495 394 414 485 10
470 488 414 474 471 521 436 452 468 369 408 479 11
Chip#3
288 417 407 231 299 250 364 303 257 291 315 315 0
306 421 415 250 302 251 353 308 278 317 306 333 1
290 429 409 231 302 249 363 319 257 311 314 313 2
305 432 409 230 301 248 360 318 270 309 317 331 3
311 435 414 249 305 264 366 309 279 331 307 320 4
289 430 410 232 300 251 366 305 256 312 318 315 5
307 417 415 235 288 252 365 304 258 315 304 314 6
301 426 390 228 296 243 357 296 269 305 295 310 7
317 425 409 229 298 244 362 316 267 308 313 313 8
301 431 391 226 282 228 343 288 244 290 295 296 9
316 429 408 228 298 246 362 316 270 305 315 313 10
299 423 388 208 278 226 341 299 246 293 294 309 11
Chip#4
313 283 187 197 188 257 230 227 287 181 306 263 0
313 281 185 193 200 285 242 253 283 179 318 273 1
313 280 186 196 204 274 228 255 286 181 317 279 2
313 285 186 197 202 276 228 241 284 178 301 258 3
317 286 207 221 193 276 249 244 287 180 305 280 4
301 263 170 194 185 270 209 218 261 161 295 248 5
329 302 192 217 223 292 247 241 285 196 317 276 6
313 290 193 218 208 298 251 247 285 182 306 278 7
332 289 198 218 215 295 254 266 274 187 305 283 8
316 281 190 196 195 278 251 237 286 181 319 259 9
312 272 194 199 195 281 240 250 286 185 304 279 10
315 275 194 201 197 283 245 250 275 188 308 282 11
Chip#1
354 398 442 369 327 384 385 349 433 305 417 367 0
359 399 443 353 310 399 369 336 416 290 415 367 1
355 414 444 369 306 397 383 348 430 301 413 362 2
358 397 444 353 306 383 368 331 419 303 414 351 3
360 396 437 383 327 384 384 347 431 301 431 365 4
362 398 445 373 331 388 388 336 434 307 431 356 5
364 387 445 352 326 390 373 338 438 291 400 355 6
370 408 456 374 322 392 392 359 460 311 441 376 7
381 402 445 368 335 390 391 359 440 310 421 377 8
370 388 432 375 316 390 373 322 419 294 404 357 9
372 406 433 374 331 386 388 341 439 290 422 357 10
387 401 444 368 332 389 391 354 438 304 421 372 11
Chip#2
475 511 421 482 494 537 468 486 484 395 438 498 0
470 510 419 502 498 553 479 483 495 398 436 496 1
471 503 430 509 499 537 466 480 491 387 446 506 2
461 485 410 490 487 537 458 471 464 370 424 482 3
468 488 400 481 480 537 463 464 493 372 429 490 4
448 484 412 481 493 537 458 475 470 372 431 485 5
449 486 415 474 470 521 440 458 471 376 425 489 6
449 485 406 481 489 521 460 453 470 373 405 466 7
449 487 412 493 488 521 441 456 468 374 429 488 8
462 484 388 491 471 521 440 455 463 371 409 484 9
448 485 391 494 492 537 456 473 470 382 426 466 10
451 490 397 477 478 521 436 454 448 364 407 466 11
Chip#3
318 423 387 224 290 245 359 313 241 304 295 309 0
323 444 411 245 313 261 383 324 274 330 315 330 1
310 428 393 229 301 251 366 307 262 313 302 310 2
307 429 408 231 301 267 366 305 257 310 301 311 3
305 423 405 227 297 245 362 319 271 310 297 310 4
316 423 406 238 290 261 360 316 268 325 312 310 5
325 426 411 247 299 261 371 323 260 329 319 330 6
317 421 404 255 293 261 360 316 267 305 309 314 7
310 426 408 231 300 261 366 311 260 314 301 312 8
317 407 390 239 277 246 358 319 269 288 295 296 9
305 423 389 225 292 262 362 306 256 308 295 312 10
306 427 406 228 293 262 363 319 271 309 296 313 11
Chip#4
299 275 177 220 177 261 253 250 256 189 292 267 0
299 275 184 207 183 265 237 232 240 188 292 267 1
299 282 191 216 202 273 244 240 260 179 295 256 2
299 281 189 216 184 272 227 238 260 181 279 256 3
299 280 185 213 199 270 227 234 244 191 279 256 4
292 274 197 215 207 277 246 249 266 181 297 264 5
308 299 206 232 207 274 250 245 261 196 296 275 6
308 309 210 238 212 297 266 263 285 198 317 297 7
311 288 194 239 194 295 248 267 265 183 317 275 8
311 289 212 239 215 295 264 261 264 197 314 279 9
295 303 193 238 212 296 250 262 283 201 315 278 10
312 289 213 237 216 297 266 265 275 205 318 283 11
Chip#1
355 398 444 369 310 397 388 332 433 300 401 352 0
363 404 453 377 334 409 392 343 441 310 422 361 1
360 386 433 372 329 389 391 338 435 290 421 354 2
359 389 446 357 311 386 376 320 418 289 402 354 3
380 401 443 370 346 403 391 350 436 307 419 354 4
381 401 463 372 327 407 394 352 455 308 419 373 5
382 401 445 370 329 387 390 339 440 307 421 357 6
382 403 437 373 336 389 398 359 440 312 424 359 7
375 396 438 380 326 388 390 336 436 308 418 372 8
368 406 449 378 329 410 391 357 440 310 420 375 9
372 409 451 375 331 388 393 339 441 309 426 357 10
373 404 447 368 331 391 393 340 436 307 421 358 11
Chip#2
463 484 409 489 468 521 459 472 467 370 430 484 0
465 506 428 492 489 537 459 494 485 394 427 510 1
470 505 414 495 495 537 452 477 464 372 430 504 2
469 521 420 498 499 553 466 486 489 394 438 510 3
454 506 414 483 480 537 454 482 476 376 431 481 4
462 501 406 493 490 537 459 477 478 383 427 483 5
459 482 407 489 467 521 457 470 466 374 427 480 6
470 509 415 502 480 553 473 478 471 398 430 507 7
461 505 417 495 493 537 462 475 466 393 416 506 8
462 503 409 492 490 521 443 458 468 375 427 486 9
448 506 412 480 492 537 454 471 468 371 427 466 10
469 504 412 494 490 537 457 469 478 369 426 483 11
Chip#3
304 423 388 238 294 262 360 316 270 308 313 313 0
308 428 391 227 302 262 367 307 261 312 299 314 1
312 429 407 228 288 262 354 328 261 314 317 317 2
318 407 387 220 281 242 348 318 241 310 293 301 3
306 424 406 226 300 258 365 324 258 329 317 311 4
308 428 387 239 299 258 363 307 256 312 315 312 5
304 407 388 239 278 241 361 305 244 307 297 311 6
322 427 407 244 300 257 361 321 256 311 314 311 7
318 424 387 224 297 257 362 304 270 309 313 310 8
326 432 412 248 302 257 369 330 277 330 319 334 9
307 426 390 226 297 245 362 304 257 312 296 311 10
307 423 388 226 296 261 363 306 256 313 295 311 11
Chip#4
296 289 201 223 199 283 255 255 260 191 302 285 0
296 283 184 210 200 270 224 242 266 177 294 258 1
296 285 187 213 186 286 226 252 259 177 278 258 2
296 301 189 213 205 286 245 254 261 191 294 271 3
312 299 204 236 220 287 244 254 279 207 297 272 4
296 287 190 219 206 275 247 254 268 178 298 276 5
295 287 192 221 206 279 250 243 270 181 297 258 6
311 292 196 235 223 295 249 240 269 180 299 275 7
295 291 196 218 212 295 251 248 286 202 297 276 8
311 302 211 237 223 298 267 262 286 198 298 280 9
311 288 195 219 208 300 253 245 269 202 298 279 10
292 285 193 215 194 280 253 265 284 201 300 278 11
