Chip#1
103 100 106 105 109 106 102 100 104 100 97 100 0 221 124 104 23
106 101 111 108 112 108 116 108 104 100 104 102 1 0 0 0 0
106 101 112 109 108 108 112 104 103 99 102 96 2 0 0 0 0
108 101 108 105 102 108 106 106 101 102 100 99 3 0 0 0 0
105 101 111 108 111 106 119 117 107 108 99 99 4 0 0 0 0
106 99 107 106 106 105 119 110 103 98 102 99 5 0 0 0 0
97 94 109 106 102 103 105 97 99 96 99 95 6 0 0 0 0
102 99 110 100 105 101 104 96 100 109 109 94 7 0 0 0 0
112 100 111 108 112 108 105 101 108 117 112 106 8 0 0 0 0
103 95 102 102 101 106 100 95 102 99 96 98 9 0 0 0 0
108 97 108 107 109 106 105 97 106 113 109 100 10 0 0 0 0
106 99 107 103 101 105 101 95 106 109 131 15000 11 0 0 0 0
Chip#2
86 100 102 102 100 98 101 102 72 104 102 105 0 152 122 54 23
112 103 102 99 101 100 102 104 106 101 103 99 1 0 0 0 0
112 105 103 103 103 98 106 103 106 101 104 99 2 0 0 0 0
112 104 102 100 104 105 100 96 106 100 99 98 3 0 0 0 0
112 101 98 100 101 98 121 121 106 100 102 99 4 0 0 0 0
112 105 101 107 100 99 123 124 72 104 103 94 5 0 0 0 0
128 105 104 100 106 105 101 102 106 104 105 107 6 0 0 0 0
112 104 100 100 101 103 98 98 106 122 121 103 7 0 0 0 0
112 102 103 103 103 102 105 102 106 118 117 107 8 0 0 0 0
112 102 101 100 100 99 102 98 106 105 103 105 9 0 0 0 0
112 101 102 100 96 97 97 96 106 128 116 99 10 0 0 0 0
112 105 103 100 101 99 102 101 106 115 109 15000 11 0 0 0 0
Chip#1
102 95 105 101 102 104 97 96 100 102 100 98 0 223 122 59 23
99 95 106 106 106 101 104 110 102 103 97 100 1 0 0 0 0
102 97 109 107 114 107 114 109 106 104 131 101 2 0 0 0 0
99 95 105 102 102 100 100 97 99 96 96 95 3 0 0 0 0
105 104 108 111 108 112 133 124 103 100 106 101 4 0 0 0 0
108 101 111 108 112 108 132 159 102 108 131 101 5 0 0 0 0
104 97 106 101 103 103 106 99 100 100 96 100 6 0 0 0 0
99 93 100 97 97 97 100 93 97 114 109 90 7 0 0 0 0
132 98 105 105 103 106 102 96 104 122 147 100 8 0 0 0 0
108 104 111 107 103 107 103 101 106 108 107 102 9 0 0 0 0
118 112 119 113 114 115 114 104 112 134 131 111 10 0 0 0 0
105 98 108 103 107 105 109 97 107 117 116 15000 11 0 0 0 0
Chip#2
112 105 102 100 103 102 101 101 106 102 105 107 0 151 123 73 23
112 100 101 100 95 98 101 101 106 101 102 102 1 0 0 0 0
112 100 100 98 96 98 109 103 106 100 98 99 2 0 0 0 0
112 100 100 99 96 96 94 97 72 99 99 102 3 0 0 0 0
112 104 101 104 103 104 148 144 106 107 106 105 4 0 0 0 0
82 98 100 98 96 97 150 147 72 100 97 97 5 0 0 0 0
112 112 106 107 103 104 103 104 106 109 106 107 6 0 0 0 0
128 111 104 104 104 100 102 106 106 146 140 105 7 0 0 0 0
128 105 104 110 105 103 105 99 106 134 127 103 8 0 0 0 0
112 105 106 99 104 97 105 98 106 109 108 108 9 0 0 0 0
112 106 102 103 98 97 102 101 106 161 142 102 10 0 0 0 0
112 105 97 100 100 98 96 101 106 120 117 15000 11 0 0 0 0
Chip#1
117 106 120 119 122 114 119 120 116 112 111 112 0 223 123 235 23
113 102 116 151 153 124 231 224 121 117 112 101 1 0 0 0 0
104 95 107 139 164 116 231 222 114 110 131 96 2 0 0 0 0
108 102 111 115 118 112 140 138 103 102 104 100 3 0 0 0 0
132 110 114 147 149 132 434 428 129 110 110 100 4 0 0 0 0
115 110 115 144 144 136 449 445 132 121 115 103 5 0 0 0 0
132 109 112 115 115 109 136 159 109 123 131 101 6 0 0 0 0
162 138 112 117 114 105 119 112 133 354 326 109 7 0 0 0 0
162 145 120 121 126 114 124 118 164 384 359 125 8 0 0 0 0
116 114 114 116 114 111 114 109 114 166 147 108 9 0 0 0 0
169 157 122 117 117 112 124 115 164 368 296 111 10 0 0 0 0
159 136 115 111 112 108 120 111 164 360 311 15000 11 0 0 0 0
Chip#2
128 102 104 105 104 102 104 95 106 106 108 104 0 153 124 87 23
112 105 103 105 109 102 159 154 106 108 106 105 1 0 0 0 0
128 120 112 119 122 115 254 240 106 118 117 112 2 0 0 0 0
112 107 108 110 110 110 119 121 97 111 110 110 3 0 0 0 0
112 114 109 109 114 109 578 624 97 112 109 110 4 0 0 0 0
112 117 109 113 124 117 719 719 97 117 115 109 5 0 0 0 0
112 106 106 108 106 108 112 110 97 121 115 105 6 0 0 0 0
128 119 110 113 116 106 110 110 109 687 539 112 7 0 0 0 0
112 113 102 102 108 102 103 104 109 462 358 100 8 0 0 0 0
128 107 104 107 105 105 106 103 109 206 144 107 9 0 0 0 0
128 126 114 105 108 109 111 110 131 892 582 108 10 0 0 0 0
128 124 113 110 114 114 110 108 105 396 300 15000 11 0 0 0 0
Chip#1
132 109 114 118 119 111 121 119 109 110 131 103 0 220 124 222 23
132 112 116 168 176 130 292 297 119 122 131 106 1 0 0 0 0
118 117 124 172 187 139 309 302 127 128 131 111 2 0 0 0 0
113 102 114 123 128 115 158 175 110 110 106 102 3 0 0 0 0
137 112 116 170 174 168 616 602 164 117 131 103 4 0 0 0 0
137 116 124 167 171 184 644 627 164 126 147 112 5 0 0 0 0
137 117 120 116 118 121 153 159 110 137 147 107 6 0 0 0 0
184 179 128 123 126 117 126 125 164 493 446 124 7 0 0 0 0
181 179 126 128 130 117 128 124 180 522 489 133 8 0 0 0 0
139 124 120 117 114 112 115 112 116 202 173 106 9 0 0 0 0
188 176 128 121 120 114 128 120 196 493 387 117 10 0 0 0 0
172 154 122 115 119 112 126 117 180 481 429 15000 11 0 0 0 0
Chip#2
128 112 110 112 108 111 110 108 97 112 109 120 0 152 123 142 23
128 107 103 107 106 103 174 178 97 105 108 107 1 0 0 0 0
128 114 107 114 123 108 288 269 97 108 112 108 2 0 0 0 0
112 107 107 110 108 115 124 121 97 111 109 108 3 0 0 0 0
128 108 107 112 120 110 726 773 97 113 115 109 4 0 0 0 0
128 112 106 116 125 117 874 882 97 113 110 107 5 0 0 0 0
84 101 101 104 101 103 114 107 97 118 115 103 6 0 0 0 0
128 126 114 118 119 113 118 118 121 850 656 113 7 0 0 0 0
112 120 107 113 116 106 110 109 102 565 434 108 8 0 0 0 0
112 113 107 112 113 114 111 113 101 228 158 113 9 0 0 0 0
112 123 108 104 106 103 101 106 140 1114 700 107 10 0 0 0 0
128 123 115 110 113 110 109 109 102 480 344 15000 11 0 0 0 0
Chip#1
110 106 112 115 119 111 120 123 107 105 131 103 0 221 123 44 23
117 110 119 179 192 132 337 335 122 121 131 100 1 0 0 0 0
121 113 117 180 196 138 352 342 129 132 131 101 2 0 0 0 0
116 105 117 127 131 115 170 178 109 114 110 102 3 0 0 0 0
146 122 128 190 193 184 750 726 180 128 131 108 4 0 0 0 0
144 117 121 175 185 184 773 749 180 132 131 111 5 0 0 0 0
135 115 115 116 119 116 163 175 112 138 147 102 6 0 0 0 0
211 191 128 123 128 119 131 126 180 589 525 128 7 0 0 0 0
194 191 124 127 126 116 136 126 180 614 579 141 8 0 0 0 0
145 131 120 117 118 115 117 114 115 226 191 108 9 0 0 0 0
206 193 133 123 121 119 133 127 196 589 457 120 10 0 0 0 0
192 175 131 123 125 117 137 132 212 574 488 15000 11 0 0 0 0
Chip#2
112 107 106 102 105 104 102 106 102 106 104 109 0 154 123 91 23
112 115 109 116 120 113 196 194 95 118 117 112 1 0 0 0 0
128 114 106 115 128 111 313 293 96 112 111 104 2 0 0 0 0
112 113 108 113 111 114 129 127 96 108 110 108 3 0 0 0 0
112 108 102 109 119 108 784 831 97 108 109 98 4 0 0 0 0
128 112 112 120 128 120 951 970 100 115 111 109 5 0 0 0 0
90 112 108 113 114 111 119 120 99 126 121 105 6 0 0 0 0
112 127 112 110 110 110 112 115 118 910 705 109 7 0 0 0 0
128 126 108 108 110 111 114 110 101 600 464 109 8 0 0 0 0
112 112 107 109 106 108 110 110 101 230 161 107 9 0 0 0 0
128 126 106 104 108 102 109 109 151 1209 770 109 10 0 0 0 0
128 123 108 108 101 104 106 101 98 510 361 15000 11 0 0 0 0
Chip#1
109 105 112 115 114 109 126 126 104 109 107 103 0 223 123 201 23
138 116 121 193 207 168 371 370 132 123 147 102 1 0 0 0 0
134 117 117 187 207 168 382 374 133 136 131 105 2 0 0 0 0
132 106 112 127 131 112 184 188 108 109 131 102 3 0 0 0 0
138 122 125 197 199 184 834 800 180 126 131 105 4 0 0 0 0
134 119 120 184 187 184 855 831 196 131 147 108 5 0 0 0 0
140 124 121 125 126 123 178 177 115 155 147 106 6 0 0 0 0
221 206 135 136 171 124 142 178 196 651 584 138 7 0 0 0 0
197 180 126 129 130 121 140 131 196 679 635 146 8 0 0 0 0
140 127 119 113 112 112 117 114 118 239 193 105 9 0 0 0 0
217 198 130 124 122 116 138 123 228 645 500 119 10 0 0 0 0
193 176 124 122 118 114 137 127 196 631 531 15000 11 0 0 0 0
Chip#2
112 105 102 100 95 100 101 101 98 100 104 102 0 152 123 56 23
112 108 101 107 113 102 190 178 98 108 108 105 1 0 0 0 0
112 117 114 123 128 110 321 290 97 115 112 108 2 0 0 0 0
112 108 107 104 113 108 125 123 97 104 103 109 3 0 0 0 0
112 117 107 111 125 117 799 842 97 112 115 107 4 0 0 0 0
128 117 110 123 132 125 964 984 101 114 112 113 5 0 0 0 0
112 112 104 109 114 113 118 119 101 129 123 108 6 0 0 0 0
112 124 112 109 116 114 118 115 116 919 713 110 7 0 0 0 0
128 121 108 105 115 109 112 115 105 609 459 112 8 0 0 0 0
112 112 110 108 111 109 110 108 98 235 160 109 9 0 0 0 0
128 131 116 109 113 110 112 118 156 1231 785 114 10 0 0 0 0
128 127 116 109 113 108 111 108 105 522 366 15000 11 0 0 0 0
