22.3125
24.4375
26.4375
28.25
29.8125
31.75
33.0625
34.3125
35.5
37.0625
38.125
39.1875
40.25
41.25
42.25
43.5
44.4375
45.375
46.3125
47.1875
48.375
49.25
50.125
50.9375
51.8125
52.625
53.6875
54.5
55.3125
56.0625
57.0625
57.8125
58.5625
59.5625
60.25
61.1875
61.875
62.8125
63.5
64.1875
65.0625
65.75
66.5625
67.1875
68
68.625
69.25
70
70.8125
71.375
72.1875
72.75
73.4375
74
74.5625
75.125
75.8125
76.3125
77.0625
77.5625
78.25
78.75
79.375
79.9375
80.5625
81.0625
81.5
82.125
82.625
83.25
83.6875
84.25
84.75
85.1875
85.625
86.0625
86.5
87.0625
87.4375
87.875
88.3125
88.6875
89.125
89.5
89.9375
90.4375
90.8125
91.1875
91.625
92.125
92.5
92.875
93.25
93.6875
94.0625
94.4375
94.6875
94.8125
95.125
95.3125
95.75
96
96.25
96.5
96.875
97.1875
97.625
97.9375
98.4375
98.5625
97.5625
96.875
97.1875
97.6875
98.1875
98.625
97.6875
97.125
97.4375
98
98.4375
97.375
97.0625
97.5
98.125
98.3125
97.3125
96.875
97.3125
98.125
98
97.125
97.1875
97.9375
98.25
97.4375
96.5
96.75
97.6875
98.125
97.375
96.6875
97.0625
97.9375
97.9375
96.8125
96.9375
97.625
98.0625
97.375
96.6875
97.3125
98
97.6875
96.75
96.5625
97.4375
97.9375
96.9375
96.125
96.75
97.5
97.4375
96.25
96.3125
97.3125
97.8125
97.1875
96.1875
96.4375
97.1875
97.4375
96.5625
96.3125
97
97.3125
96.4375
96.1875
97.1875
97.0625
96.25
96.375
95.9375
96.0625
96.8125
97.1875
96.375
96.5
97.25
96.9375
96
95.875
96.8125
97.4375
96.5625
96.0625
96.625
96.9375
95.875
95.875
96.75
97.125
96.125
95.8125
96.5
97
96.25
95.5625
96.5625
97.125
96.25
95.5625
96.3125
97.0625
96.125
95.5
96.3125
96.875
96
96.125
96.875
96.3125
95.4375
94.25
93.4375
93.8125
95.125
96.4375
97.125
96.5625
95.25
94.3125
93.25
93.9375
95.25
96.25
96.625
95.8125
95.625
96.375
96.75
96
94.4375
93.625
93.5625
94.75
95.75
96.875
96.1875
95.25
94.0625
93.3125
93.75
94.75
96.0625
96.8125
96.4375
95.5625
95.75
96.5
96.6875
95.625
94.6875
93.875
93.3125
96.5625
96.6875
95.5625
94.625
93.8125
93.3125
94.375
95.4375
96.375
96.75
95.9375
94.9375
93.8125
93.375
94.4375
95.75
96.6875
97
95.875
94.625
93.8125
93.3125
94
95.375
96.375
96.75
96
94.75
93.875
93.625
94.5
95.5
96.4375
96.375
95.5625
94.375
93.5
93.6875
94.6875
96
96.875
96.25
95
94.125
93.4375
94.1875
95.25
96.25
96.75
96
94.75
93.9375
93.625
94.5
95.5625
96.8125
96.625
95.5
94.3125
93.5
93.8125
94.875
96.25
96.8125
95.9375
95.0625
93.9375
93.4375
94.5
95.5625
96.75
96.25
95.0625
94.1875
93.375
94.125
95.1875
96.5625
96.625
95.5
94.625
93.5625
93.5
94.625
95.875
94.6875
93.625
93.625
94.9375
96.3125
96.9375
96.0625
95.1875
94.0625
93.4375
94.3125
95.3125
96.6875
96.5625
95.6875
94.5
93.75
93.375
94.1875
95.5625
96.5625
96.75
95.75
94.875
94
93.375
94.25
95.3125
96.375
96.875
96.125
94.9375
94.125
93.375
94
95.0625
96.125
96.5
95.8125
94.625
93.8125
93.5
94.6875
95.75
96.75
96.5625
95.4375
94.3125
93.5625
93.9375
95.3125
96.375
96.625
95.8125
94.9375
93.875
93.625
94.9375
96
97.0625
96.5
95.375
94.25
93.5625
94.0625
95.5
96.5625
96.5625
95.75
94.625
93.8125
93.75
94.75
96.1875
96.875
96.125
95
94.1875
93.5625
94.375
95.75
96.6875
96.1875
93.625
94.5625
96
97
96.5625
95.6875
94.5625
93.8125
93.5
94.4375
95.875
96.875
96.5625
95.6875
94.5625
93.625
93.9375
94.875
96.125
96.6875
95.875
95
93.9375
93.8125
94.6875
96.125
96.9375
96.25
95.0625
94.25
93.4375
94
95.4375
96.5
96.625
95.875
94.75
93.9375
93.8125
95.1875
96.25
97.0625
96.375
95.1875
94.375
93.6875
94.125
95.625
96.6875
96.8125
96.0625
94.875
93.875
93.6875
94.625
95.6875
96.875
96.4375
95.625
94.5625
93.8125
93.5625
94.8125
95.9375
96.9375
96.8125
95.75
94.875
94.125
93.4375
94.1875
95.3125
96.375
96.9375
96.125
95.25
94.4375
93.75
94
95.0625
96.5
96.6875
96
94.875
94.5625
96.0625
96.75
96
95.1875
94.375
93.5625
94.5
95.9375
96.9375
96.75
95.6875
94.5625
93.875
93.625
94.5625
96
96.875
96.5625
95.75
94.625
93.875
93.875
95.25
96.6875
97
96.0625
95.25
94.4375
93.625
94.625
95.6875
96.875
96.1875
95.375
94.625
93.625
94.125
95.625
96.75
96.875
95.875
94.75
94
93.4375
94.3125
95.4375
96.5625
96.5
95.75
94.9375
93.9375
93.5
94.375
95.875
96.8125
96.375
95.5625
94.75
93.75
93.4375
94.6875
95.8125
96.8125
96.25
95.4375
94.375
93.6875
93.6875
95
96
97
96.6875
95.875
95
94.25
93.625
93.6875
95.0625
96.125
96.8125
96
95.1875
94.4375
93.5625
96.8125
96.375
95.5625
94.5
93.8125
93.625
94.6875
96.1875
96.8125
96.3125
95.1875
94.4375
93.5
94
95.4375
96.75
96.5625
95.8125
94.5
93.8125
93.625
94.6875
96.1875
96.8125
96.0625
95.25
94.4375
93.5625
94.0625
95.5
96.625
96.625
95.875
95.0625
94.0625
93.5
94.3125
95.8125
96.75
96.5
95.5
94.6875
93.9375
93.5625
94.75
95.9375
96.9375
96.1875
95.375
94.625
93.6875
93.8125
94.8125
96.6875
96.8125
95.875
95.0625
94.125
93.625
94.5
95.6875
96.75
96.25
95.25
94.4375
93.5625
93.6875
95.125
96.1875
97
96.4375
95.3125
94.5625
93.625
93.625
95.0625
96.25
96.9375
96.4375
95.375
94.625
93.875
93.5625
94.625
95.625
95.75
94.6875
94
93.4375
94.3125
95.5
96.875
96.625
95.625
94.75
93.8125
93.5625
94.4375
95.625
97
96.9375
96.1875
95.375
94.375
93.75
93.75
94.625
95.6875
96.75
96.25
95.25
94.5
93.8125
93.5
94.75
95.9375
97
96.75
95.9375
95.125
94.375
93.5625
94
95.125
96.25
96.9375
96.1875
95.4375
94.625
93.75
93.8125
94.875
96.375
97.0625
96.25
95.5
94.6875
93.8125
93.625
95
96.1875
97.0625
96.625
95.875
94.8125
94.125
93.5625
94.0625
95.1875
96.6875
96.9375
96
95.25
94.5
93.8125
93.875
95.3125
96.4375
96.625
96
95.1875
94.25
93.5625
93.8125
94.875
96.375
97.1875
96.8125
96
95.1875
94.25
93.625
93.8125
94.75
95.8125
95.375
94.375
93.75
94
95.5
96.625
97.0625
96.5
95.4375
94.4375
93.8125
93.5625
94.4375
96
97
97
96
95.1875
94.4375
93.8125
93.5625
94.6875
95.8125
96.875
96.6875
95.875
95.125
94.375
93.5625
94.125
95.25
96.375
97
96.3125
95.5625
94.5
93.6875
93.9375
95
96.5
97
96.125
95.0625
94.375
93.75
93.75
94.8125
96.375
97.125
96.625
95.8125
94.8125
94.125
93.625
94.25
95.8125
96.8125
96.625
95.9375
94.875
94.1875
93.625
94.625
95.8125
96.8125
96.4375
95.6875
94.9375
94.25
93.5
94.1875
95.3125
96.5
96.5
95.8125
95
94.0625
93.5625
94.125
95.6875
96.75
96.5625
95.625
94.8125
93.9375
93.625
94.5
95.625
96.625
96.5625
93.875
93.875
95
96.125
96.75
96.1875
95.375
94.375
93.75
94.1875
95.3125
96.4375
96.625
95.875
95.125
94.1875
93.5625
94
95
96.0625
96.75
96.125
95.375
94.375
93.75
94
95.0625
96.1875
96.75
96.125
95.3125
94.3125
93.6875
93.875
95.3125
96.5
96.75
95.875
94.8125
94.125
93.5625
94.5625
96.125
96.875
96.1875
95.4375
94.6875
93.8125
93.625
94.5625
96.125
96.8125
96.125
95.3125
94.625
93.9375
93.875
95
96.125
96.8125
96.1875
95.4375
94.6875
93.8125
93.625
94.5625
96.125
96.8125
96.375
95.375
94.625
93.9375
93.9375
94.875
96
97.1875
96.8125
96.0625
95
94.3125
93.6875
94.25
95.4375
96.5625
96.8125
95.9375
95.1875
94.25
96.1875
96.875
96.375
95.375
94.625
93.75
93.375
94.3125
95.4375
96.875
96.75
96
94.9375
94.25
93.625
94.1875
95.375
96.4375
96.5
95.75
95
94.3125
93.6875
94.1875
95.3125
96.5
96.8125
95.9375
95.1875
94.4375
93.625
93.875
94.9375
96.125
96.6875
96.0625
95.3125
94.5625
93.6875
93.875
94.9375
96.125
96.8125
96.1875
95.4375
94.4375
93.8125
93.625
94.625
96.1875
96.875
96.1875
95.375
94.625
94
93.5625
94.6875
95.875
96.9375
96.75
96
95
94.3125
93.6875
94.25
95.375
96.5625
96.875
96
95.25
94.5
93.6875
93.9375
95.0625
96.1875
96.6875
96.0625
95.3125
94.5625
93.9375
93.9375
95
96.25
96.9375
96.25
95.5
94.75
93.875
93.6875
94.5
96.75
95.9375
95.1875
94.25
93.6875
94
95.5
96.6875
97.1875
96.375
95.5625
94.875
94.1875
93.5625
94.25
95.4375
96.9375
96.9375
96.25
95.5
94.5625
93.875
93.6875
94.625
96.25
97
96.5
95.75
95.0625
94.125
93.625
94.375
95.5625
96.6875
96.6875
96
95.1875
94.5
93.875
93.5625
94.375
95.9375
97
96.9375
96.1875
95.1875
94.4375
93.8125
93.5
94.8125
96
97.0625
96.875
95.9375
95.1875
94.4375
93.8125
93.75
94.8125
96
97.125
96.6875
95.9375
95.1875
94.25
93.6875
93.75
94.8125
96.0625
96.875
96.3125
95.5625
94.8125
93.9375
93.6875
94.5625
95.6875
96.75
97.25
96.4375
95.625
94.875
94.1875
93.625
94.3125
95.5
96.6875
97.125
96.625
95.5625
94.8125
94.1875
95.875
97.1875
96.8125
96.125
95.3125
94.625
94
93.5
94.375
95.5625
96.6875
96.8125
96.125
95.375
94.625
93.8125
93.5
94.3125
95.4375
96.4375
96.5625
95.875
94.875
94.1875
93.625
93.875
95
96.5625
96.75
96.125
95.375
94.4375
93.8125
93.6875
95
96.1875
97.0625
96.75
95.6875
95
94.3125
93.6875
94.25
95.4375
96.625
96.75
96.0625
95.3125
94.5625
93.9375
94.0625
95.1875
96.375
96.9375
96.3125
95.5625
94.8125
94
93.5
94.125
95.3125
96.8125
96.6875
96.0625
95
94.3125
93.75
94
95.5
96.6875
96.9375
96.0625
95.3125
94.625
93.9375
94.0625
95.0625
96.1875
97.125
96.5625
95.8125
94.8125
94.1875
93.625
94.3125
95.4375
96.625
97
96.3125
95.5625
94.625
95.5
96.6875
96.875
96.125
95.375
94.4375
93.875
93.8125
94.875
96.125
96.875
96.3125
95.5625
94.625
94
93.5625
94.25
95.4375
96.8125
96.8125
96.1875
95.125
94.4375
93.8125
93.875
95
96.1875
96.9375
96.5
95.5
94.8125
94.125
93.75
94.6875
95.875
96.875
96.5
95.75
95
94.3125
93.6875
94.4375
95.625
96.75
97.125
96.4375
95.6875
94.9375
94.125
93.6875
94.4375
95.625
96.8125
96.4375
95.6875
94.75
94.125
93.625
94.75
95.9375
97
96.8125
95.8125
95.125
94.4375
93.8125
93.8125
94.9375
96.125
96.9375
96.3125
95.5625
94.8125
94
93.4375
93.9375
95.0625
96.5625
96.875
96.25
95.5
94.5625
93.9375
93.75
94.75
96.3125
97
96.5625
95.8125
94.8125
94.1875
93.625
96.8125
96.75
96.0625
95.3125
94.625
93.75
93.6875
94.6875
95.9375
97.1875
96.8125
96.0625
95.3125
94.375
93.8125
93.5
94.75
95.875
96.8125
96.6875
95.75
95
94.3125
93.5625
93.625
94.6875
94.875
94.375
93.5625
93.8125
94.9375
96.125
96.8125
96.0625
95.3125
94.375
93.75
93.625
94.9375
96.125
97
96.4375
95.6875
94.9375
94.25
93.6875
93.9375
94.8125
94.4375
93.875
93.8125
94.875
96.0625
96.8125
96.375
95.4375
94.6875
94
93.5
94.625
95.8125
96.8125
96.5
95.75
95
94.3125
93.75
94.375
95.5625
96.75
97.25
96.4375
95.6875
94.9375
94.125
93.5625
93.75
94.8125
96.0625
96.875
96.25
95.5
94.5625
93.9375
93.5625
94.3125
94.6875
94.125
93.5625
93.75
94.75
96.0625
95.25
94.5625
93.9375
93.5
94.1875
95.8125
96.8125
96.625
95.9375
95.1875
94.25
93.6875
93.75
95.1875
96.375
97.125
96.6875
95.6875
94.9375
94.25
93.6875
93.75
94.875
96.0625
96.8125
96.1875
95.4375
94.75
93.9375
93.375
94.375
95.625
96.75
96.8125
96.125
95.3125
94.375
93.8125
93.5
94.75
95.9375
97
96.625
95.875
95.125
94.25
93.625
93.5
94.5
95.1875
95.375
95.5
95.5625
95.6875
95.75
95.8125
95.9375
96
96.0625
95.75
95.125
94.3125
93.75
93.625
94.75
94.5
94
93.375
94.125
94.75
94.9375
95.125
95.1875
95.3125
95.375
95.375
95.4375
95.5
95.625
95.6875
95.8125
95.875
95.9375
96
95.9375
95.4375
94.75
94.1875
93.4375
93.9375
93.4375
94.125
95.25
96.75
96.5625
95.875
95.125
94.1875
93.625
93.875
94.625
94.25
93.6875
93.5
94.75
95.9375
97
96.8125
96
95.25
94.3125
93.6875
93.625
94.6875
94.875
94.1875
93.5625
93.8125
95.25
96.4375
96.5
95.8125
95.0625
94.125
93.5625
94.25
94.6875
94.25
93.5
93.75
95.25
96.375
97.25
96.5625
95.75
95
94.125
93.5625
94
95.1875
96.375
97.0625
96.4375
95.4375
94.75
94.0625
93.5
94.125
95.375
96.5625
96.875
96
95.25
94.5625
93.9375
93.4375
94.4375
95.6875
96.8125
96.5625
95.8125
95.125
94.4375
93.625
93.375
94.25
94.75
94.1875
93.5625
93.8125
95.25
96.4375
96.75
95.875
95.125
94.1875
93.5625
93.75
95.0625
96.125
95
94.125
93.5625
93.875
94.6875
94.3125
93.75
93.8125
94.875
96
97.125
96.8125
96.0625
95.25
94.375
93.75
93.4375
94.625
94.6875
94.25
93.5
94.125
95.25
96.75
96.9375
96.0625
95.3125
94.5625
93.75
93.5
94.5
96.0625
96.875
96.4375
95.75
94.75
94.125
93.4375
93.9375
94.875
94.5625
93.9375
93.5
94.5625
95.75
96.75
96.5625
95.625
94.875
94.1875
93.5625
94.3125
94.75
94.1875
93.5625
93.875
94.9375
96.5
96.75
96.125
95.125
94.375
93.8125
94
95.125
96.3125
97.1875
96.625
95.625
94.875
94.25
93.6875
93.75
94.875
96
96.9375
96.5
95.75
94.8125
94.125
93.625
94.1875
95.375
96.5625
96.875
96.25
95.25
94.625
94
93.4375
96.875
96.4375
95.6875
95
94.125
93.5625
93.6875
94.75
96.4375
97.125
96.6875
95.875
94.9375
94.25
93.6875
93.8125
94.6875
94.5
93.75
93.5
94.375
95.4375
96.875
96.875
96.25
95.4375
94.5
93.875
93.5
94.25
94.6875
94.125
93.5625
93.8125
94.875
96.4375
96.625
96.0625
95.0625
94.3125
93.75
93.4375
94.6875
94.8125
94.375
93.5625
93.8125
94.9375
96.125
96.8125
96.125
95.375
94.4375
93.8125
93.6875
94.625
94.5
94
93.5
94.5625
95.75
96.8125
96.625
95.625
94.875
94
93.5625
94.3125
95.9375
97.0625
97.125
96.4375
95.375
94.6875
94.125
93.5625
94.0625
95.3125
96.5
96.875
96.0625
95.3125
94.4375
93.8125
93.5625
94.8125
96
97.125
96.9375
96
95.25
93.5625
94.5625
94.4375
93.9375
93.5
94.1875
94.5625
94.0625
93.5
93.6875
94.75
96.3125
97.125
96.75
96
95.1875
94.3125
93.6875
93.5625
94.5
95.625
97
97
96.3125
95.3125
94.625
94
93.5
94
95.625
96.8125
97.0625
96.3125
95.5625
94.625
94.0625
93.5
94.1875
94.6875
94.3125
93.625
93.8125
94.9375
96.1875
96.8125
96.1875
95.4375
94.5
93.875
93.4375
94.375
95.625
97.0625
96.875
95.9375
95.1875
94.5
93.875
93.625
94.5625
94.6875
94
93.5
94.1875
95.75
96.8125
96.4375
95.6875
95
94.3125
93.5
93.625
94.75
96.375
97.0625
96.625
95.875
94.9375
94.25
93.6875
93.5625
95
96.1875
96.9375
96.3125
95.5625
94.625
94
93.4375
94
97
96.3125
95.3125
94.625
94
93.5
94.125
95.375
96.5625
96.75
96.0625
95.0625
94.375
93.8125
93.5
94.5
95.6875
96.75
96.4375
95.6875
95
94.3125
93.75
93.75
94.875
96.125
96.9375
96.375
95.625
94.875
94.0625
93.5
93.6875
95.1875
96.375
97.0625
96.375
95.625
94.6875
94.0625
93.5
94.25
94.75
94.375
93.625
93.3125
94.1875
94.75
94.25
93.4375
93.6875
94.8125
96.375
97.1875
96.75
95.75
95
94.3125
93.5625
93.6875
95.25
96.4375
97.1875
96.5
95.75
94.75
94.1875
93.625
94.25
94.8125
94.4375
93.6875
93.5625
94.5
94.5
93.8125
93.5625
94.4375
96
97
96.8125
95.8125
95.0625
94.375
93.5625
93.75
94.875
96.125
96.8125
96.1875
95.4375
93.6875
94.75
94.5625
94
93.6875
94.5625
94.5
93.9375
93.4375
94.4375
95.5625
97.0625
97
96.0625
95.25
94.5625
93.9375
93.4375
94.25
94.75
94.25
93.6875
93.8125
94.875
96.4375
96.8125
96.25
95.25
94.5
93.9375
93.5
94.5625
94.625
94.125
93.5625
94.1875
95.3125
96.5
96.6875
96.0625
95.125
94.375
93.8125
93.5
94.75
96
97.0625
96.75
96
95.25
94.375
93.8125
93.625
94.5625
95.875
96.625
96.5625
95.875
94.9375
94.3125
93.6875
93.5625
94.9375
96.1875
96.9375
96.3125
95.625
94.6875
94.0625
93.5
94.125
95.3125
96.5625
96.75
96.0625
95.3125
94.625
93.8125
93.5625
94.9375
96.125
97
96.4375
95.6875
95
94.3125
93.5625
93.75
94.6875
96.1875
95.1875
94.5625
93.9375
93.5625
94.5
95.75
97
96.625
95.875
94.9375
94.3125
93.6875
93.5
94.875
96.0625
96.9375
96.3125
95.5625
94.8125
94.1875
93.4375
93.6875
94.8125
96.0625
96.875
96.3125
95.5625
94.625
94
93.5
94.0625
95.3125
96.8125
96.6875
96
95.25
94.625
93.8125
93.375
94.4375
95.6875
96.75
96.625
95.75
95
94.375
93.75
93.4375
94.4375
96.125
96.875
96.4375
95.5
94.8125
94.1875
93.4375
93.75
95.3125
96.5625
96.8125
96
95.25
94.625
93.8125
93.375
94.125
94.9375
95.3125
95.5
95.625
95.75
95.8125
95.875
96
96
95.75
95.125
94.3125
93.75
93.25
94.25
94.875
94.5
93.75
93.4375
94.25
94.5
94
93.4375
93.6875
97
96.375
95.3125
94.625
93.8125
93.3125
94
95.625
96.75
96.6875
95.75
95
94.3125
93.5625
93.6875
94.8125
96.375
97.125
96.6875
95.9375
95.25
94.5625
93.75
93.375
94.25
94.6875
94.125
93.625
94.25
94.6875
94.3125
93.75
93.75
94.8125
95.9375
97.125
96.75
96
95.25
94.3125
93.75
93.4375
94.375
96.0625
96.9375
96.625
95.875
95.1875
94.5
93.6875
93.4375
94.8125
96.0625
96.9375
96.375
95.625
94.9375
94.3125
93.75
93.6875
94.8125
96.0625
96.9375
96.4375
95.6875
94.9375
94.3125
93.5625
93.75
94.875
96.125
96.9375
96.375
95.6875
94.9375
94.125
93.5625
93.75
94.9375
96.1875
96.9375
96.5
95.5
94.8125
94.1875
93.625
93.75
94.875
95.75
96.5625
96.25
93.8125
93.4375
94.1875
94.6875
94.125
93.625
93.3125
94.1875
94.8125
94.1875
93.625
93.4375
94.375
96
97
96.9375
96.25
95.1875
94.5
93.875
93.4375
94.25
94.75
94.1875
93.625
93.8125
94.875
96.4375
96.75
96.1875
95.4375
94.75
93.875
93.375
93.875
94.8125
94.5
93.9375
93.4375
94.5
95.6875
96.75
96.3125
95.375
94.625
94
93.75
94.75
95.9375
97.3125
96.9375
96.1875
95.4375
94.5625
94
93.5
94.5
95.75
96.875
96.625
95.9375
95.1875
94.3125
93.75
93.875
94.75
94.625
93.9375
93.5
94.5625
95.75
96.8125
96.4375
95.6875
95
94.125
93.5625
94.0625
95.3125
96.5
96.75
96.125
95.125
94.5
93.875
93.5
94.4375
96.0625
96.8125
96.4375
93.9375
93.3125
94.0625
95.25
96.5
96.6875
96.0625
95.3125
94.4375
93.8125
93.375
94.5
95.6875
96.9375
96.5
95.8125
95.0625
94.1875
93.625
93.75
94.9375
96.1875
96.9375
96.3125
95.625
94.875
94.0625
93.5
93.8125
94.6875
94.375
93.8125
93.4375
94.5625
95.5
96.3125
96.4375
95.625
94.875
94.25
93.5
93.75
94.875
96.5
96.8125
96.25
95.25
94.5625
94
93.4375
94.0625
95.3125
96.5
96.8125
96.25
95.25
94.625
93.8125
93.375
94.125
95.75
96.8125
96.6875
95.8125
95.0625
94.1875
93.625
93.5
94.0625
93.6875
93.1875
92.5625
92.125
91.5625
91.125
90.75
90.3125
89.9375
89.625
89.1875
88.875
88.5
88.1875
87.875
87.5
87.25
86.9375
86.5625
86.3125
85.9375
85.6875
85.375
85.0625
84.8125
84.5625
84.3125
83.9375
83.6875
83.375
83.1875
82.9375
82.625
82.375
82.0625
81.8125
81.625
81.3125
81.125
80.8125
80.625
80.375
80.125
79.875
79.6875
79.4375
79.1875
79
78.75
78.5625
78.375
78.125
77.875
77.625
77.4375
77.25
77.0625
76.8125
76.5625
76.375
76.125
76
75.75
75.5625
75.3125
75.1875
74.9375
74.75
74.5625
74.375
74.1875
74
73.8125
73.625
73.4375
73.25
73.0625
72.9375
72.75
72.5625
72.375
72.25
72
71.875
71.6875
71.5625
71.3125
71.1875
71
70.875
70.6875
70.5625
70.375
70.25
70.125
69.9375
69.75
69.625
69.4375
69.3125
69.1875
69.0625
68.875
68.6875
68.5625
68.4375
68.25
68.125
67.9375
67.8125
67.6875
67.5625
67.4375
67.3125
67.125
67
66.875
66.75
66.625
66.4375
66.3125
66.1875
66.125
65.9375
65.8125
65.6875
65.5625
65.4375
65.3125
65.1875
65.0625
64.9375
64.8125
64.6875
64.5625
64.4375
64.3125
64.25
64.125
64
63.875
63.75
63.625
63.5625
63.4375
63.3125
63.25
63.125
63
62.875
62.75
62.6875
62.625
62.5
62.375
62.25
62.1875
62.0625
61.9375
61.875
61.75
61.625
61.5625
61.4375
61.375
61.25
61.1875
61.0625
61
60.875
60.8125
60.75
60.625
60.5
60.4375
60.375
60.25
60.125
60.0625
59.9375
59.875
59.75
59.6875
59.625
59.5
59.4375
59.3125
59.25
59.1875
59.125
59
58.875
58.8125
58.6875
58.625
58.5625
58.5
58.4375
58.3125
58.25
58.125
58.0625
57.9375
57.875
57.8125
57.75
57.625
57.5625
57.5
57.4375
57.3125
57.1875
57.125
57.0625
57
56.9375
56.8125
56.75
56.6875
56.625
56.5
56.4375
56.375
56.3125
56.25
56.125
56.0625
56
55.875
55.875
55.75
55.6875
55.625
55.5625
55.5
55.4375
55.3125
55.25
55.1875
55.125
55.0625
55
54.9375
54.8125
54.8125
54.6875
54.625
54.5625
54.5
54.4375
54.375
54.3125
54.25
54.1875
54.125
54.0625
54
53.9375
53.875
53.8125
53.75
53.6875
53.5625
53.5
53.4375
53.375
53.375
53.25
53.25
53.125
53.125
53.0625
52.9375
52.9375
52.8125
52.75
52.75
52.6875
52.625
52.5
52.5
52.4375
52.375
52.3125
52.25
52.1875
52.125
52.0625
52
51.9375
51.875
51.8125
51.75
51.75
51.6875
51.625
51.5625
51.5
51.4375
51.375
51.3125
51.25
51.1875
51.1875
51.125
51.0625
51
50.9375
50.875
50.8125
50.8125
50.75
50.6875
50.625
50.5625
50.5625
50.5
50.4375
50.375
50.3125
50.3125
50.25
50.1875
50.125
50.0625
50
50
49.9375
49.875
49.8125
49.8125
49.75
49.6875
49.625
49.5625
49.5
49.5
49.4375
49.4375
49.375
49.3125
49.25
49.1875
49.1875
49.125
49.0625
49
48.9375
48.9375
48.875
48.8125
48.8125
48.75
48.6875
48.625
48.625
48.5625
48.5
48.5
48.4375
48.375
48.3125
48.3125
48.25
48.1875
48.1875
48.125
48.0625
48.0625
48
47.9375
47.9375
47.875
47.8125
47.75
47.75
47.6875
47.625
47.5625
47.5625
47.5
47.5
47.4375
47.375
47.375
47.3125
47.25
47.25
47.1875
47.125
47.125
47.0625
47
47
46.9375
46.875
46.875
46.8125
46.75
46.75
46.6875
46.6875
46.625
46.625
46.5625
46.5
46.5
46.4375
46.375
46.3125
46.3125
46.25
46.25
46.1875
46.1875
46.125
46.0625
46.0625
46
46
45.9375
45.9375
45.875
45.8125
45.8125
45.75
45.75
45.6875
45.6875
45.625
45.5625
45.5625
45.5
45.5
45.4375
45.375
45.375
45.3125
45.3125
45.25
45.25
45.1875
45.1875
45.125
45.0625
45.0625
45
45
44.9375
44.9375
44.875
44.875
44.8125
44.8125
44.75
44.75
44.6875
44.6875
44.625
44.625
44.5625
44.5
44.5
44.4375
44.4375
44.375
44.375
44.3125
44.3125
44.25
44.25
44.1875
44.1875
44.125
44.125
44.0625
44.0625
44
44
43.9375
43.875
43.875
43.875
43.8125
43.8125
43.75
43.75
43.6875
43.6875
43.625
43.5625
43.5625
43.5625
43.5
43.5
43.4375
43.4375
43.375
43.375
43.3125
43.3125
43.25
43.25
43.25
43.1875
43.1875
43.125
43.125
43.0625
43.0625
43
43
43
42.9375
42.875
42.875
42.875
42.8125
42.8125
42.75
42.75
42.75
42.6875
42.6875
42.625
42.625
42.5625
42.5625
42.5
42.5
42.4375
42.4375
42.4375
42.375
42.375
42.3125
42.3125
42.3125
42.25
42.25
42.1875
42.1875
42.1875
42.125
42.125
42.0625
42.0625
42
42
41.9375
41.9375
41.9375
41.875
41.875
41.8125
41.8125
41.8125
41.75
41.75
41.75
41.6875
41.6875
41.625
41.625
41.5625
41.5625
41.5625
41.5
41.5
41.4375
41.4375
41.4375
41.375
41.375
41.375
41.3125
41.3125
41.25
41.25
41.25
41.1875
41.1875
41.1875
41.125
41.125
41.0625
41.0625
41.0625
41
41
40.9375
40.9375
40.9375
40.875
40.875
40.875
40.8125
40.8125
