Chip#1
105 105 113 105 96 100 107 102 99 108 92 106 0
116 117 115 110 106 118 112 112 110 113 115 116 1
108 109 107 108 106 115 105 109 105 107 108 108 2
108 106 115 105 99 100 108 102 108 105 104 109 3
108 106 112 107 106 114 108 112 102 110 109 106 4
108 110 107 102 108 111 102 112 107 104 92 108 5
107 103 112 107 103 109 102 108 112 112 92 113 6
117 112 123 110 113 116 114 119 116 108 117 116 7
110 103 107 99 99 111 102 105 110 105 92 109 8
110 106 120 104 100 106 112 108 110 113 111 112 9
110 117 115 111 109 111 102 117 115 101 115 116 10
131 126 116 111 111 125 119 121 113 125 112 112 15000 11
Chip#2
97 93 89 97 102 97 95 99 98 98 99 97 0
97 117 126 98 163 205 99 117 117 92 160 138 1
99 115 123 104 158 189 98 122 118 101 177 151 2
90 94 89 101 94 94 95 98 96 95 93 91 3
98 182 188 106 185 190 103 182 185 97 197 157 4
91 135 142 104 146 149 103 159 167 98 169 143 5
96 101 94 95 99 94 97 103 98 93 98 92 6
98 182 200 105 202 187 103 198 188 97 202 156 7
96 133 138 99 158 146 104 173 161 99 167 130 8
96 96 93 101 98 98 98 103 98 95 101 95 9
99 198 203 102 204 189 101 209 183 104 215 138 10
101 112 121 104 136 126 102 152 131 95 150 114 15000 11
