27.25
27.9375
30.4375
33.4375
36.5
39.5625
41.4375
44.1875
46.75
49.125
51.3125
53.375
54.6875
56.4375
58.125
59.6875
61.125
62.5
63.75
64.9375
65.6875
66.6875
67.75
68.6875
69.625
70.4375
71.25
71.75
72.5
73.25
73.9375
74.625
75.25
75.875
76.5
77.0625
77.6875
78.0625
78.625
79.1875
79.6875
80.25
80.75
81.4375
82.125
82.875
83.5625
84
84.5
85.375
85.8125
86.5625
87
87.625
88.0625
88.625
89.0625
89.625
90.0625
90.625
91
91.5625
92.0625
92.625
93.25
94.0625
94.625
95.1875
95.875
96.25
96.8125
97.1875
97.625
97.875
98.3125
98.625
99.125
99.375
99.9375
100.25
100.625
100.9375
101.3125
101.5625
102.0625
102.375
102.75
103
103.375
103.625
104
104.25
104.4375
104.5625
104.625
104.6875
104.875
105
105.125
105.3125
105.4375
105.625
105.875
106.0625
106.5
106.8125
107.25
107.5625
108.0625
108.25
108.625
108.6875
107.625
107.1875
107.25
107.5
107.875
108.1875
108.625
107.8125
106.625
106.5
106.8125
107.1875
107.9375
108.25
108.375
107.3125
106.6875
106.8125
107.3125
107.75
108.375
107.9375
106.6875
106.4375
106.8125
107.0625
107.6875
108.125
107.9375
106.8125
106.1875
106.25
106.6875
107.25
107.875
108.3125
108.0625
106.875
106.125
106.25
106.75
107.375
108.0625
108.1875
107.375
106.125
105.875
106.25
106.8125
107.5625
108.125
107.9375
106.5625
106.0625
106
106.5
107.1875
107.875
108.1875
107
106
106.125
106.5
107.4375
105.75
106.5
105.4375
106.6875
106.75
105.875
