Chip#1
105 98 106 99 98 110 112 102 109 91 109 107 0 50
99 96 127 127 100 121 146 105 109 126 111 105 1 0
111 99 318 384 110 339 577 128 267 510 164 113 2 0
106 96 147 176 98 171 271 101 150 288 124 106 3 0
105 96 112 109 103 110 112 103 108 103 107 105 4 0
101 96 114 112 98 107 115 105 181 294 122 107 5 0
105 95 110 110 95 109 114 108 160 238 112 107 6 0
101 96 105 104 101 110 115 105 107 91 107 106 7 0
106 96 116 109 101 110 115 107 107 100 102 111 8 0
103 100 110 107 98 110 113 100 107 95 105 105 9 0
104 96 112 108 104 112 113 107 107 99 108 115 10 0
104 96 104 99 98 100 108 102 107 93 108 15000 11 0
Chip#1
111 104 112 108 101 109 114 112 107 101 111 112 0 50
109 105 128 137 104 122 145 111 114 129 109 105 1 0
104 97 308 376 102 332 569 119 251 519 153 106 2 0
98 101 152 177 100 175 269 108 150 288 123 105 3 0
99 96 105 104 100 106 111 102 104 100 102 106 4 0
102 96 108 109 98 106 116 104 178 297 116 106 5 0
101 96 106 98 93 103 112 103 149 238 108 104 6 0
105 99 107 110 96 105 108 103 107 96 105 105 7 0
109 102 120 121 103 116 115 113 113 107 116 112 8 0
104 99 111 109 98 115 114 110 111 96 103 107 9 0
102 97 100 101 94 105 106 101 101 93 98 104 10 0
100 93 103 99 98 105 107 105 104 93 102 15000 11 0
Chip#1
104 99 105 103 95 104 108 101 100 93 106 107 0 50
106 100 129 132 100 124 150 111 111 132 107 108 1 0
98 93 302 374 93 325 560 117 251 510 153 99 2 0
102 97 147 180 96 174 273 107 153 294 120 104 3 0
110 106 111 113 107 115 115 109 109 108 111 111 4 0
106 99 116 110 104 114 122 110 183 299 123 111 5 0
102 95 110 106 95 106 108 104 153 238 112 102 6 0
100 93 100 99 95 101 102 96 100 93 100 102 7 0
98 95 114 112 96 105 112 103 106 91 103 101 8 0
102 94 106 102 97 110 109 101 102 95 101 104 9 0
101 96 105 101 96 103 101 100 99 87 100 95 10 0
104 96 104 104 96 106 106 102 103 99 107 15000 11 0
Chip#1
114 102 106 106 97 106 109 107 111 96 109 111 0 50
99 99 122 132 102 115 141 102 106 122 106 98 1 0
106 98 309 374 100 328 566 122 235 510 153 104 2 0
101 97 148 176 98 178 268 109 153 287 118 105 3 0
102 96 100 106 100 101 111 103 103 96 98 100 4 0
104 102 119 115 100 110 117 104 183 299 122 105 5 0
103 95 107 106 100 105 112 101 153 238 114 106 6 0
101 96 100 102 96 105 108 98 100 92 96 98 7 0
101 93 113 110 96 103 113 100 106 89 98 101 8 0
105 99 110 113 101 106 114 103 107 96 103 104 9 0
109 107 107 109 104 107 112 103 111 97 108 111 10 0
104 96 105 104 97 101 107 102 106 93 105 15000 11 0
Chip#1
103 95 104 102 97 103 107 102 103 92 102 105 0 51
106 95 122 129 102 118 142 101 104 132 105 104 1 0
105 97 304 378 103 329 565 119 251 510 153 106 2 0
102 99 147 178 97 176 266 105 152 291 119 96 3 0
105 101 108 108 100 110 114 108 112 107 107 108 4 0
105 99 115 112 102 115 119 102 183 295 119 106 5 0
108 97 107 112 102 109 112 103 155 254 117 107 6 0
98 91 100 99 96 104 108 98 102 95 97 100 7 0
105 94 111 106 94 106 111 103 100 93 102 100 8 0
108 106 109 110 103 115 119 103 108 100 101 104 9 0
97 96 103 99 93 99 109 98 103 95 103 99 10 0
106 100 103 107 101 106 114 105 104 99 105 15000 11 0
Chip#1
106 102 104 104 104 112 115 105 103 97 106 112 0 51
104 101 126 131 102 121 147 109 109 129 109 108 1 0
101 95 302 367 101 323 564 124 235 510 153 101 2 0
104 99 152 178 97 178 264 107 152 287 117 106 3 0
103 102 112 110 105 109 115 107 104 104 106 104 4 0
99 94 107 112 94 109 119 105 180 290 118 102 5 0
108 99 112 109 105 112 122 108 158 238 113 105 6 0
106 101 108 109 102 110 114 104 109 97 106 106 7 0
105 104 115 115 102 116 117 105 106 99 105 108 8 0
103 100 114 109 100 111 119 105 104 101 105 110 9 0
99 99 107 103 95 110 109 102 102 92 102 105 10 0
103 96 105 104 101 105 109 103 101 96 101 15000 11 0
Chip#1
111 105 111 102 100 105 114 105 106 93 109 111 0 51
103 98 125 135 102 120 146 105 107 125 105 102 1 0
111 107 312 377 110 333 566 133 235 510 159 113 2 0
106 101 150 183 97 174 269 108 150 287 122 107 3 0
106 100 109 104 101 110 112 104 108 101 107 108 4 0
111 101 119 121 107 112 122 108 184 300 123 110 5 0
101 93 99 101 94 104 109 97 150 238 108 99 6 0
108 104 109 106 100 106 111 109 108 99 105 100 7 0
108 104 118 119 100 118 116 108 109 97 106 107 8 0
105 102 111 103 96 109 112 107 103 96 105 104 9 0
101 95 109 103 97 105 113 105 102 96 102 105 10 0
109 101 110 110 98 110 111 104 104 103 106 15000 11 0
Chip#1
102 93 104 101 93 101 105 103 100 96 106 108 0 51
105 99 127 131 101 115 146 107 107 132 106 105 1 0
99 90 296 369 94 323 549 116 235 510 153 95 2 0
104 97 154 182 97 176 266 105 153 289 125 105 3 0
102 101 102 103 94 105 108 104 104 89 102 105 4 0
103 97 110 110 102 111 114 100 180 297 118 104 5 0
108 104 109 112 100 112 115 109 148 238 113 108 6 0
104 100 104 104 102 105 109 107 109 95 102 100 7 0
103 100 115 118 95 111 115 105 107 95 107 106 8 0
90 89 98 101 87 99 104 88 98 86 92 98 9 0
105 106 109 106 98 108 108 104 106 97 105 111 10 0
99 96 99 101 93 104 105 95 97 93 103 15000 11 0
Chip#1
117 104 110 113 103 115 111 107 114 105 113 117 0 51
104 98 123 132 102 118 142 108 109 126 109 106 1 0
99 100 298 371 102 327 553 125 235 494 153 101 2 0
102 95 145 176 100 181 263 105 152 285 123 101 3 0
104 98 105 107 96 105 109 104 106 97 102 104 4 0
97 91 107 103 95 106 112 97 176 290 116 96 5 0
96 91 98 106 93 104 107 100 149 238 108 98 6 0
106 101 106 106 98 106 109 104 106 97 102 104 7 0
98 98 111 112 98 110 114 105 107 99 103 102 8 0
99 94 106 106 96 109 107 97 101 96 100 98 9 0
106 105 113 112 101 112 114 104 109 101 103 111 10 0
111 104 104 103 101 106 109 107 106 100 106 15000 11 0
Chip#1
110 94 103 103 98 101 108 102 104 93 103 104 0 52
101 91 118 130 95 116 138 102 102 126 102 102 1 0
103 100 307 371 103 328 552 123 235 510 154 107 2 0
100 93 145 174 96 170 252 103 145 285 118 104 3 0
109 101 104 104 102 109 112 108 109 104 107 107 4 0
104 104 115 119 105 114 120 108 179 300 124 106 5 0
109 99 108 109 104 111 113 105 157 238 117 104 6 0
102 99 104 103 97 112 109 104 102 95 103 102 7 0
99 99 111 106 100 111 111 101 99 92 102 101 8 0
99 91 106 106 98 103 109 98 103 92 101 98 9 0
105 100 103 102 97 101 107 100 102 92 97 100 10 0
104 91 102 102 97 105 107 102 98 95 102 15000 11 0
Chip#1
106 96 104 98 96 100 102 94 99 91 98 104 0 52
103 95 120 126 94 116 139 102 102 124 102 99 1 0
105 94 300 367 100 325 550 126 235 510 153 106 2 0
108 100 145 175 100 176 264 110 153 288 119 110 3 0
100 96 105 102 101 103 108 104 101 97 102 99 4 0
99 101 108 110 97 108 117 108 181 294 118 102 5 0
108 102 108 109 101 115 113 105 154 238 113 111 6 0
100 91 103 97 95 103 106 97 104 93 100 101 7 0
101 97 107 107 94 103 109 102 102 95 98 102 8 0
96 93 104 101 95 109 111 101 99 89 100 101 9 0
108 101 108 114 103 105 115 108 109 100 112 108 10 0
102 101 106 104 100 109 109 107 108 101 106 15000 11 0
Chip#1
105 99 106 102 101 106 107 103 107 95 105 106 0 52
102 95 119 127 97 117 142 103 104 125 102 99 1 0
101 93 297 369 102 326 549 119 235 494 153 105 2 0
99 96 145 186 103 176 261 108 152 286 122 106 3 0
101 96 102 106 97 97 105 100 104 100 103 102 4 0
97 96 110 114 94 108 111 105 171 288 114 98 5 0
105 102 107 114 103 110 116 105 160 238 113 106 6 0
97 95 99 104 95 103 105 98 101 93 101 101 7 0
97 96 108 113 94 103 108 102 102 91 97 104 8 0
99 101 108 107 97 107 114 101 102 92 103 100 9 0
96 94 102 101 93 97 101 95 97 88 95 95 10 0
106 101 109 110 103 106 112 108 108 97 108 15000 11 0
Chip#1
105 102 104 98 97 105 105 103 102 95 102 105 0 52
102 97 125 127 97 117 142 105 104 128 107 100 1 0
97 97 296 367 102 323 550 118 235 494 153 101 2 0
101 99 144 172 90 169 261 104 149 282 117 96 3 0
99 91 104 103 96 106 102 102 103 99 100 104 4 0
105 97 115 113 102 114 119 110 181 291 119 108 5 0
104 99 108 109 100 107 112 100 152 238 111 108 6 0
103 99 105 103 100 104 106 103 103 93 100 105 7 0
109 102 119 115 107 117 120 109 109 100 109 105 8 0
100 99 109 104 96 108 112 104 106 97 102 104 9 0
106 104 105 106 97 101 109 104 102 99 103 105 10 0
108 102 107 102 101 106 108 107 102 101 106 15000 11 0
Chip#1
99 95 98 106 91 99 102 97 102 89 98 102 0 52
108 98 122 137 102 122 145 105 112 130 111 110 1 0
105 97 300 366 101 326 552 125 251 510 153 107 2 0
104 99 148 177 101 176 269 108 154 283 116 107 3 0
101 95 100 103 98 106 108 103 101 95 105 101 4 0
104 99 111 118 101 106 119 107 178 285 118 100 5 0
105 100 107 108 96 112 113 104 150 238 112 101 6 0
105 100 107 109 105 111 113 105 107 99 107 107 7 0
105 101 115 110 97 110 114 107 104 97 102 104 8 0
103 96 106 107 98 104 113 100 101 88 100 100 9 0
99 95 102 104 98 100 107 100 100 91 97 99 10 0
93 88 97 93 93 94 100 95 97 82 95 15000 11 0
Chip#1
106 95 99 103 100 101 104 102 101 93 102 105 0 53
99 88 112 125 95 115 135 97 99 117 101 100 1 0
103 100 295 367 98 320 548 119 235 494 153 104 2 0
99 95 145 176 94 171 261 103 147 278 117 100 3 0
104 94 98 102 97 105 106 101 99 97 100 96 4 0
104 101 109 112 100 106 119 104 176 287 119 102 5 0
103 99 105 107 104 107 111 105 153 238 111 105 6 0
103 98 100 102 100 108 109 103 104 96 102 100 7 0
100 96 111 110 100 109 108 101 102 92 105 100 8 0
100 99 106 109 98 106 114 101 103 97 102 102 9 0
102 104 107 104 95 99 111 100 101 93 105 102 10 0
104 99 102 106 97 105 106 103 99 93 103 15000 11 0
Chip#1
103 96 100 99 91 99 106 98 100 95 98 99 0 53
105 94 122 132 101 116 144 101 108 125 105 101 1 0
95 95 291 364 103 317 545 117 215 494 153 98 2 0
103 102 149 177 100 175 262 110 150 282 119 104 3 0
101 96 96 103 96 104 105 100 101 97 95 98 4 0
102 99 108 113 97 105 116 98 173 281 113 100 5 0
103 100 106 109 95 106 113 101 150 222 109 102 6 0
102 99 106 108 101 108 108 100 102 99 103 102 7 0
105 101 111 116 102 112 117 105 109 95 105 108 8 0
104 100 110 110 100 114 120 103 104 100 102 111 9 0
96 91 96 96 90 98 101 98 93 86 91 100 10 0
103 95 101 109 97 105 109 107 99 96 102 15000 11 0
Chip#1
110 101 105 108 104 101 104 104 104 99 105 106 0 53
99 91 119 127 95 116 143 102 100 126 100 100 1 0
99 97 300 366 103 320 549 121 251 510 153 101 2 0
98 94 142 172 94 164 261 100 148 278 117 99 3 0
108 102 106 110 102 112 116 108 109 107 109 107 4 0
106 94 107 112 96 101 113 101 176 278 116 105 5 0
106 106 111 114 102 110 117 108 155 238 116 107 6 0
110 101 108 113 105 107 112 108 112 103 108 107 7 0
98 94 108 106 95 103 109 100 100 92 100 93 8 0
99 94 105 110 97 107 112 100 100 89 102 99 9 0
92 88 92 98 89 93 97 91 92 80 89 88 10 0
104 97 102 104 96 103 107 102 102 93 101 15000 11 0
Chip#1
109 101 106 104 98 103 109 102 107 93 105 108 0 53
108 94 121 130 96 118 138 105 108 126 103 105 1 0
105 101 298 363 104 320 546 123 235 494 153 105 2 0
104 96 150 172 98 172 261 102 150 286 119 104 3 0
103 97 102 104 96 100 104 102 101 95 100 100 4 0
99 93 113 109 98 106 117 102 176 287 112 101 5 0
105 101 109 104 96 111 116 109 152 238 113 102 6 0
98 93 100 97 95 94 102 102 101 92 98 92 7 0
103 97 111 113 97 107 113 103 104 97 102 102 8 0
105 99 113 116 100 111 112 105 107 96 103 108 9 0
103 101 110 109 101 105 113 104 111 100 103 106 10 0
106 96 107 106 101 105 109 104 102 101 108 15000 11 0
Chip#1
109 101 100 102 94 105 105 97 101 97 107 105 0 54
104 96 120 130 96 115 143 105 109 132 102 100 1 0
100 91 297 359 94 314 543 119 235 494 153 101 2 0
103 95 141 174 94 170 250 101 147 280 116 101 3 0
99 95 105 102 94 107 108 102 104 103 101 100 4 0
104 101 110 113 94 110 112 102 180 283 117 104 5 0
109 105 114 113 101 115 115 110 153 238 118 110 6 0
104 96 104 99 96 110 106 100 106 93 101 104 7 0
105 99 113 115 97 112 114 108 104 96 101 102 8 0
110 105 119 118 103 116 121 110 112 103 112 112 9 0
97 93 102 106 93 100 104 98 100 92 100 96 10 0
103 98 104 108 97 104 107 102 103 100 101 15000 11 0
Chip#1
105 97 100 98 93 101 105 104 100 96 101 104 0 54
103 95 121 129 103 116 141 107 104 122 101 100 1 0
106 99 296 364 101 321 541 122 251 494 153 104 2 0
101 97 144 171 94 168 261 101 148 282 113 104 3 0
108 100 109 106 101 109 112 107 111 104 108 110 4 0
99 94 109 109 93 105 112 102 173 281 116 100 5 0
99 95 102 104 94 107 112 103 145 238 103 98 6 0
101 96 107 107 96 103 108 101 104 95 100 104 7 0
104 95 110 115 95 109 111 101 104 92 100 98 8 0
103 96 109 109 103 105 115 102 106 96 103 106 9 0
103 99 102 107 101 104 108 102 107 96 105 106 10 0
102 96 96 98 94 98 107 100 103 88 100 15000 11 0
Chip#1
109 106 112 109 102 111 115 108 107 103 112 113 0 54
104 99 125 132 102 127 145 107 109 132 107 106 1 0
99 95 288 363 100 319 545 122 235 494 153 107 2 0
98 97 143 174 93 169 261 103 147 283 118 102 3 0
105 97 105 109 95 109 108 105 103 101 112 108 4 0
103 97 113 110 96 108 115 105 178 287 118 107 5 0
101 95 99 103 94 101 107 96 145 222 102 99 6 0
103 96 100 102 101 103 108 96 104 91 100 101 7 0
100 93 107 112 95 100 109 97 102 97 100 101 8 0
105 96 107 109 100 110 113 104 104 101 102 105 9 0
99 96 102 107 93 103 109 100 97 92 95 102 10 0
106 97 106 110 101 109 112 107 104 97 109 15000 11 0
Chip#1
103 104 104 107 96 106 105 105 103 99 105 110 0 54
104 96 120 127 97 115 144 101 106 129 102 105 1 0
103 96 291 361 103 317 537 124 235 494 153 102 2 0
97 97 144 172 98 170 261 100 149 282 121 100 3 0
103 94 105 104 97 107 106 104 104 99 107 102 4 0
102 97 113 109 98 109 113 104 176 281 116 102 5 0
99 94 103 103 94 104 107 100 144 238 106 105 6 0
101 96 105 103 95 103 108 100 106 93 101 105 7 0
102 96 108 107 96 106 113 103 103 92 101 101 8 0
99 98 102 108 94 103 112 101 102 92 101 102 9 0
97 93 104 101 97 101 109 97 100 97 102 104 10 0
102 94 105 106 96 104 111 102 103 95 101 15000 11 0
Chip#1
105 99 104 106 95 100 104 98 103 93 102 104 0 55
101 95 121 133 97 122 142 101 104 129 103 104 1 0
103 95 293 360 96 320 536 115 235 494 153 105 2 0
103 96 139 177 93 166 261 105 143 272 121 100 3 0
103 99 106 106 96 104 107 103 104 100 101 102 4 0
103 95 112 112 97 104 117 102 180 283 114 102 5 0
99 96 107 108 98 106 113 102 149 238 107 102 6 0
103 96 98 99 96 100 105 100 103 89 102 98 7 0
105 96 112 116 102 111 116 105 102 95 103 104 8 0
104 99 107 118 97 108 117 103 104 95 103 106 9 0
104 96 109 112 102 103 113 104 109 93 103 107 10 0
102 93 102 106 96 101 102 102 106 95 102 15000 11 0
Chip#1
105 99 98 107 97 104 106 103 102 96 105 104 0 55
99 91 116 125 95 114 136 100 103 121 101 94 1 0
105 102 290 358 103 320 535 118 235 494 153 102 2 0
102 95 142 169 101 166 261 103 145 272 114 106 3 0
102 95 104 99 98 106 113 103 103 100 101 102 4 0
108 102 117 119 103 110 119 110 178 287 122 110 5 0
106 97 108 108 107 110 111 103 148 238 111 102 6 0
102 96 105 104 103 105 111 101 106 96 103 102 7 0
87 89 98 103 88 98 100 94 93 84 91 95 8 0
103 95 105 108 100 103 112 103 103 96 105 101 9 0
105 95 100 108 98 105 108 103 106 92 98 107 10 0
108 101 107 106 103 105 113 104 109 101 108 15000 11 0
Chip#1
110 106 106 112 104 109 114 110 109 97 109 107 0 55
106 96 121 132 98 115 143 107 109 125 101 101 1 0
104 96 294 360 104 309 535 122 235 494 153 99 2 0
105 102 149 184 107 175 265 109 157 283 125 110 3 0
96 94 102 101 98 103 105 100 99 96 100 102 4 0
103 104 114 123 103 115 121 108 183 285 124 108 5 0
104 100 106 108 101 108 114 104 148 238 108 107 6 0
101 95 104 103 100 103 108 105 102 97 98 100 7 0
98 94 106 107 90 100 107 98 100 93 96 96 8 0
95 95 103 104 93 107 106 101 100 95 97 102 9 0
105 100 103 107 102 104 112 104 109 96 107 104 10 0
99 94 100 99 97 97 104 103 101 92 103 15000 11 0
Chip#1
106 94 96 99 96 98 101 100 101 95 98 100 0 55
99 91 114 124 96 115 135 104 104 121 102 99 1 0
106 97 288 362 102 315 533 123 235 494 153 105 2 0
98 94 144 169 97 162 250 103 145 276 114 98 3 0
109 101 106 108 101 110 111 107 109 108 108 106 4 0
101 97 107 110 100 107 115 103 174 281 144 100 5 0
102 95 103 108 100 106 108 101 148 238 109 101 6 0
98 96 96 99 93 98 105 98 101 91 96 95 7 0
104 101 114 113 101 112 115 108 106 99 103 100 8 0
98 91 104 108 94 105 108 97 99 93 95 100 9 0
103 96 104 108 100 106 108 107 109 96 103 102 10 0
105 105 108 109 103 109 107 107 106 104 105 15000 11 0
Chip#1
105 97 103 102 96 105 105 105 100 93 103 108 0 55
99 94 121 127 97 121 139 103 104 124 101 104 1 0
102 98 287 353 103 319 535 123 235 478 153 105 2 0
98 95 143 174 97 166 250 103 147 272 118 101 3 0
106 104 105 103 98 110 111 108 108 104 103 105 4 0
104 101 111 113 101 109 117 102 175 280 117 102 5 0
99 91 104 103 96 104 106 102 148 222 106 98 6 0
108 99 102 107 96 106 109 102 104 93 97 101 7 0
98 91 105 109 94 104 107 96 100 89 96 98 8 0
99 94 103 102 96 105 107 97 102 89 93 101 9 0
106 101 103 109 100 107 112 102 106 91 98 102 10 0
102 97 99 102 95 101 107 102 101 95 103 15000 11 0
Chip#1
106 104 103 102 93 103 107 101 103 92 101 106 0 56
106 105 128 135 102 122 146 110 111 132 111 115 1 0
103 96 289 355 101 311 533 119 235 494 153 105 2 0
98 97 142 171 101 168 252 105 145 273 118 101 3 0
106 104 109 106 103 109 115 107 107 105 102 104 4 0
106 99 117 114 103 114 115 110 183 283 119 107 5 0
102 91 103 102 94 99 107 98 145 222 102 94 6 0
106 99 107 104 96 106 107 105 107 96 100 102 7 0
101 100 109 112 97 107 115 103 106 97 100 101 8 0
96 93 103 103 93 104 108 102 99 89 98 101 9 0
104 102 109 110 105 107 113 109 107 99 102 106 10 0
103 94 99 99 90 98 104 98 98 89 98 15000 11 0
Chip#1
104 104 102 103 98 104 107 98 106 96 100 106 0 56
106 96 123 136 103 121 146 110 112 132 108 110 1 0
98 93 284 351 97 308 523 117 235 478 153 102 2 0
96 95 145 168 96 166 246 102 144 271 114 102 3 0
104 94 98 101 100 106 105 103 106 96 102 101 4 0
104 100 110 113 103 113 121 108 175 285 117 105 5 0
102 95 106 103 97 105 111 102 147 222 106 104 6 0
101 101 105 103 101 106 111 101 107 95 106 99 7 0
104 106 114 112 102 112 115 105 104 97 105 105 8 0
96 95 106 101 94 105 111 97 101 88 96 102 9 0
105 101 103 102 97 104 114 101 102 100 103 108 10 0
104 100 102 102 101 106 109 101 101 100 101 15000 11 0
Chip#1
106 100 107 108 103 108 108 103 104 99 106 105 0 56
102 95 122 130 101 117 142 104 106 124 105 102 1 0
93 89 283 348 93 309 517 112 213 478 153 95 2 0
104 99 144 170 96 169 261 105 148 277 122 106 3 0
109 102 107 112 101 110 112 108 111 107 107 108 4 0
98 93 105 106 93 99 108 100 168 273 113 96 5 0
100 98 104 108 95 109 105 102 143 222 108 101 6 0
98 88 97 96 95 97 100 101 100 86 93 95 7 0
97 94 109 108 96 106 112 103 99 89 100 102 8 0
102 97 104 103 101 109 112 104 103 93 98 101 9 0
108 96 105 107 101 106 107 101 102 96 103 104 10 0
108 97 99 102 100 103 104 102 102 95 105 15000 11 0
Chip#1
111 105 105 110 104 109 112 108 109 100 111 108 0 56
106 104 123 132 97 121 149 104 111 130 107 105 1 0
105 99 291 356 103 315 529 123 235 478 153 102 2 0
115 107 153 181 107 175 262 113 160 280 130 117 3 0
105 99 106 106 95 108 112 102 102 104 101 107 4 0
101 97 108 108 98 110 112 103 171 276 117 102 5 0
97 91 102 101 96 107 108 101 148 222 109 102 6 0
102 96 105 103 101 106 108 101 104 99 102 105 7 0
105 107 117 119 104 112 116 109 109 99 112 111 8 0
99 99 106 104 101 107 109 96 103 93 102 101 9 0
102 100 105 108 100 105 109 104 103 93 102 104 10 0
96 93 105 97 95 101 104 100 96 89 102 15000 11 0
Chip#1
104 105 108 110 101 111 111 104 104 97 105 112 0 56
106 101 126 136 103 128 146 110 109 132 108 108 1 0
108 95 290 352 102 311 527 118 235 494 153 105 2 0
98 97 143 172 98 166 261 105 149 274 121 102 3 0
108 97 103 106 102 106 105 104 106 99 102 104 4 0
100 98 107 110 96 110 112 101 173 281 117 102 5 0
106 101 112 118 102 114 112 107 152 254 114 110 6 0
93 94 97 96 89 100 100 94 99 84 96 99 7 0
103 93 112 110 96 105 108 101 104 91 98 102 8 0
102 102 106 109 96 109 111 102 106 92 103 105 9 0
102 100 104 104 101 107 108 109 104 99 105 102 10 0
103 97 102 99 95 98 104 101 99 88 101 15000 11 0
Chip#1
102 99 99 101 96 101 102 97 96 88 101 102 0 57
103 97 118 136 98 118 139 108 107 128 106 102 1 0
102 95 288 354 95 309 523 116 235 478 153 99 2 0
105 95 144 171 102 168 244 101 148 269 118 104 3 0
99 94 100 101 94 103 107 101 102 103 98 102 4 0
102 96 109 112 98 110 114 104 174 277 118 105 5 0
105 94 100 107 98 106 112 103 150 222 107 98 6 0
112 101 111 112 104 114 114 112 112 105 108 107 7 0
109 104 115 114 103 116 117 108 112 107 108 107 8 0
103 99 107 106 97 105 115 101 107 93 103 105 9 0
103 96 98 104 91 98 102 102 101 89 101 101 10 0
109 95 108 106 97 106 107 102 103 95 107 15000 11 0
Chip#1
105 99 99 103 94 101 102 98 104 95 101 104 0 57
103 95 117 135 98 116 138 103 103 125 101 100 1 0
104 97 283 353 100 311 524 119 235 478 153 104 2 0
106 99 142 174 98 171 261 105 154 271 118 104 3 0
110 104 114 110 105 107 116 108 111 107 106 110 4 0
103 102 106 114 98 111 116 107 176 280 121 105 5 0
102 96 105 107 98 105 113 101 149 222 112 101 6 0
102 94 99 101 97 103 101 101 99 91 98 94 7 0
104 100 117 118 103 107 112 104 107 96 101 107 8 0
99 94 106 106 95 106 112 97 99 90 98 99 9 0
103 95 98 102 93 101 102 98 98 87 97 101 10 0
106 96 103 106 96 104 109 104 104 95 101 15000 11 0
Chip#1
110 95 100 102 96 99 106 102 104 93 100 102 0 57
109 101 120 135 103 122 144 104 114 125 108 106 1 0
101 94 277 348 98 305 517 119 211 478 153 95 2 0
103 99 148 177 102 171 248 107 154 273 122 106 3 0
102 99 104 106 104 106 108 107 107 97 105 104 4 0
108 100 115 112 98 114 120 109 178 278 123 105 5 0
109 101 110 112 98 107 116 107 152 238 117 106 6 0
102 93 99 97 97 100 104 101 98 93 100 95 7 0
103 104 115 115 104 112 114 110 108 100 106 105 8 0
101 100 103 104 98 105 112 100 101 93 101 105 9 0
99 96 107 102 98 103 111 103 99 95 102 104 10 0
102 99 103 104 98 104 111 102 103 97 107 15000 11 0
Chip#1
111 105 103 104 102 105 108 103 104 93 101 107 0 57
108 99 121 136 104 121 145 108 113 125 113 107 1 0
98 96 281 347 97 307 517 115 215 478 153 101 2 0
99 95 143 171 97 165 241 100 150 264 116 108 3 0
106 99 109 106 101 107 112 108 108 101 107 104 4 0
105 106 113 115 102 112 119 108 180 278 118 107 5 0
103 94 102 106 98 109 108 103 145 222 109 100 6 0
110 99 105 109 98 111 111 109 111 100 108 106 7 0
100 100 108 113 100 106 113 103 102 93 102 107 8 0
105 106 109 108 100 111 116 107 106 99 106 108 9 0
99 91 105 101 94 101 102 100 99 87 101 101 10 0
101 95 98 102 93 106 100 100 98 89 101 15000 11 0
Chip#1
100 91 99 99 91 100 98 96 97 92 102 100 0 58
106 100 121 131 100 117 141 105 107 125 109 104 1 0
102 99 282 351 104 309 521 122 235 478 153 102 2 0
99 91 139 169 93 163 246 102 143 267 118 104 3 0
101 95 98 99 96 110 109 104 102 101 105 101 4 0
99 96 106 110 95 104 113 103 169 272 117 96 5 0
109 107 114 113 105 114 113 110 150 238 116 104 6 0
106 104 104 108 101 109 109 107 107 99 106 105 7 0
103 99 109 109 97 107 106 101 102 87 98 105 8 0
104 93 106 113 100 110 109 107 101 93 105 101 9 0
105 99 100 104 96 104 106 103 101 93 101 101 10 0
105 96 100 107 95 105 105 103 100 95 103 15000 11 0
Chip#1
112 100 102 108 96 105 105 101 101 96 103 106 0 58
109 101 120 136 107 122 145 108 113 129 111 111 1 0
105 99 281 351 104 313 517 119 235 478 153 100 2 0
108 99 141 172 104 164 242 105 148 271 118 102 3 0
103 100 99 101 101 100 106 101 106 97 101 96 4 0
108 95 110 115 102 111 115 103 168 281 119 102 5 0
105 100 106 106 100 109 112 101 148 222 111 102 6 0
95 98 98 104 95 103 105 98 100 88 98 98 7 0
99 95 104 113 96 104 109 98 101 88 96 98 8 0
102 101 110 108 101 111 113 100 102 99 102 104 9 0
99 97 103 106 96 101 107 97 96 89 95 100 10 0
110 102 106 108 104 106 113 112 104 100 109 15000 11 0
Chip#1
110 104 110 112 103 107 111 105 112 99 144 112 0 58
96 94 111 127 94 116 136 100 99 120 100 96 1 0
104 100 284 348 103 307 517 122 235 478 153 102 2 0
105 104 143 176 104 174 261 111 152 272 124 108 3 0
106 104 105 107 101 109 115 105 109 103 105 105 4 0
98 101 106 112 98 109 116 103 166 274 114 102 5 0
99 97 97 102 93 101 108 100 142 222 108 95 6 0
104 99 103 103 101 101 104 101 104 91 102 101 7 0
102 97 111 112 103 104 114 103 102 96 97 104 8 0
96 91 102 99 91 100 104 97 101 88 95 99 9 0
95 94 103 102 96 103 107 101 100 89 96 98 10 0
108 100 106 107 105 112 114 108 104 104 106 15000 11 0
Chip#1
106 97 102 103 98 104 105 98 100 92 101 105 0 58
105 101 120 131 102 122 145 108 107 126 109 104 1 0
106 102 285 350 107 311 519 121 235 478 153 105 2 0
100 100 142 168 94 165 242 103 142 267 116 98 3 0
103 100 109 106 101 103 112 104 108 103 105 106 4 0
102 104 115 115 100 115 122 107 180 282 123 102 5 0
105 106 109 113 102 111 111 109 152 222 116 108 6 0
97 94 98 97 93 101 102 96 102 88 98 96 7 0
93 93 104 108 90 101 102 100 97 88 96 100 8 0
102 96 108 107 97 111 114 105 102 96 103 102 9 0
103 101 102 104 101 106 109 104 108 96 102 105 10 0
104 99 103 102 98 106 111 105 104 93 102 15000 11 0
Chip#1
106 96 103 108 101 105 108 109 106 97 98 105 0 58
97 93 115 127 95 110 137 101 104 122 101 100 1 0
104 98 283 348 98 304 508 121 215 478 153 105 2 0
106 102 142 171 100 166 241 105 152 254 124 106 3 0
110 100 105 107 100 106 108 108 106 99 106 104 4 0
106 99 113 112 101 111 115 103 171 277 116 105 5 0
102 96 100 103 97 103 109 100 143 222 107 100 6 0
105 102 108 106 105 106 113 105 108 97 107 112 7 0
104 104 115 116 102 115 116 108 107 96 106 111 8 0
103 96 106 106 94 106 107 100 103 92 96 98 9 0
103 101 104 106 95 100 109 102 102 95 96 102 10 0
109 109 112 113 105 112 113 110 109 104 108 15000 11 0
Chip#1
109 97 104 106 101 107 108 104 103 97 109 108 0 59
102 91 119 133 98 115 139 100 107 124 102 101 1 0
105 97 287 351 100 310 517 123 235 478 153 111 2 0
106 102 147 172 101 170 250 110 152 272 119 111 3 0
103 95 102 103 97 104 109 103 100 99 100 105 4 0
102 100 107 113 100 109 114 105 171 273 118 104 5 0
100 97 99 103 93 109 109 102 147 222 105 104 6 0
108 101 109 109 100 106 108 101 107 95 106 102 7 0
98 95 110 108 96 106 112 102 104 92 95 102 8 0
99 96 104 104 91 104 109 101 99 88 100 100 9 0
106 102 107 108 97 106 107 107 102 96 103 107 10 0
103 97 100 106 96 106 105 101 100 91 103 15000 11 0
Chip#1
105 99 102 106 101 106 112 102 109 99 105 111 0 59
102 96 120 126 102 115 137 107 106 121 105 101 1 0
109 99 288 351 105 311 519 124 235 478 153 105 2 0
110 104 143 177 104 171 248 109 153 272 124 107 3 0
106 99 106 110 101 109 111 109 107 104 105 106 4 0
101 91 104 108 98 103 115 101 171 268 116 100 5 0
99 96 103 103 95 100 107 100 144 222 103 96 6 0
105 102 106 110 100 111 113 105 111 100 103 104 7 0
104 102 114 114 103 109 116 107 108 99 106 105 8 0
103 100 107 107 96 104 112 102 104 99 103 100 9 0
96 89 99 96 90 98 98 91 96 87 95 92 10 0
103 99 102 107 100 105 107 103 101 95 102 15000 11 0
Chip#1
103 99 98 102 98 99 102 98 101 92 100 101 0 59
103 95 117 130 97 116 136 102 104 121 101 95 1 0
103 96 282 347 100 305 517 122 235 478 153 102 2 0
103 99 140 169 94 164 240 101 140 263 113 102 3 0
101 95 102 101 96 101 106 98 101 99 96 105 4 0
110 99 107 115 104 107 115 103 176 273 119 104 5 0
106 101 108 109 101 106 115 108 155 222 109 105 6 0
106 105 105 107 98 105 108 101 104 99 108 108 7 0
104 102 111 114 101 112 119 107 109 103 107 107 8 0
106 96 106 107 100 107 109 102 106 101 100 106 9 0
108 94 102 98 100 104 107 96 100 93 98 102 10 0
101 99 103 98 95 99 107 101 102 96 98 15000 11 0
Chip#1
103 100 104 102 96 103 105 103 100 99 107 105 0 59
101 99 115 127 98 115 136 100 102 125 98 100 1 0
102 99 282 350 98 305 517 119 251 478 153 104 2 0
105 100 139 168 91 164 241 104 144 267 112 101 3 0
108 98 100 109 97 109 108 101 109 101 101 106 4 0
101 99 107 110 93 107 114 102 174 269 113 100 5 0
101 94 105 107 93 104 107 98 144 222 109 98 6 0
108 104 105 109 95 109 108 102 104 100 102 107 7 0
101 93 109 106 93 105 105 100 101 89 96 102 8 0
112 101 109 108 101 112 113 108 107 99 102 111 9 0
98 94 104 98 95 101 104 95 98 92 98 102 10 0
109 104 109 112 100 109 114 105 112 103 107 15000 11 0
