Chip#1
109 104 109 105 106 103 101 95 101 103 95 98 0
109 108 106 108 112 108 114 110 104 105 107 101 1
103 101 102 101 107 101 109 108 101 98 99 94 2
105 100 107 105 108 108 101 99 103 102 100 96 3
111 112 110 106 114 111 116 116 107 104 106 100 4
116 109 112 111 114 116 120 117 108 110 106 103 5
109 112 114 108 111 111 106 101 106 105 106 103 6
106 104 107 103 105 108 107 109 99 100 102 98 7
105 106 106 105 111 108 111 108 103 100 101 96 8
105 107 106 108 107 108 102 102 102 100 102 101 9
108 112 106 102 112 107 109 107 102 107 100 100 10
99 99 100 97 100 98 99 101 94 94 96 15000 11
Chip#1
105 102 105 108 108 108 106 95 102 98 104 98 0
108 108 102 108 113 107 119 119 106 102 131 99 1
109 110 107 115 118 106 120 116 110 100 131 101 2
110 108 111 111 117 114 107 107 110 108 110 107 3
111 108 110 108 107 109 121 117 104 98 102 99 4
113 115 111 112 115 109 125 120 110 107 106 102 5
108 110 111 109 112 109 109 104 104 105 106 102 6
109 107 106 112 111 111 124 118 104 100 106 98 7
102 104 102 103 109 100 112 112 95 90 94 94 8
109 110 112 112 112 111 110 108 108 104 107 100 9
108 102 102 106 105 105 117 109 101 96 97 95 10
110 106 106 107 101 101 116 111 103 99 101 15000 11
Chip#1
112 113 107 112 119 105 127 127 105 103 101 98 0
155 153 121 153 171 124 405 431 134 119 131 98 1
138 147 119 152 173 128 387 393 133 114 131 95 2
132 110 107 110 112 111 138 159 101 100 100 92 3
189 181 122 129 137 129 408 428 164 122 131 99 4
159 158 110 115 124 119 389 428 129 110 111 93 5
132 124 114 108 119 112 149 179 107 109 101 94 6
194 182 128 127 126 132 451 426 131 127 131 101 7
169 166 115 121 126 132 414 395 125 128 131 102 8
132 129 109 110 108 105 162 159 106 108 101 96 9
205 198 135 123 127 168 440 387 125 146 147 105 10
171 161 112 115 119 132 408 364 119 137 131 15000 11
Chip#1
105 109 105 110 112 104 124 126 101 101 99 94 0
145 150 112 158 170 130 401 431 132 113 131 94 1
137 140 102 149 164 122 379 387 123 112 131 94 2
113 115 103 111 109 105 141 159 97 100 100 92 3
190 182 125 132 134 127 409 431 140 122 131 101 4
163 159 111 119 125 122 390 415 134 117 115 96 5
133 127 112 113 118 113 154 159 112 110 131 99 6
194 190 121 123 127 137 449 431 131 127 131 99 7
165 158 112 122 120 130 412 399 123 126 131 98 8
119 137 110 115 113 114 164 159 104 112 111 100 9
189 195 124 119 119 141 440 381 122 142 147 100 10
165 161 110 117 115 131 401 361 116 136 131 15000 11
Chip#1
113 116 111 110 118 112 132 133 107 108 107 101 0
150 154 119 161 176 133 399 415 136 118 131 99 1
137 144 119 152 169 129 382 415 131 115 147 101 2
132 121 114 118 120 117 149 159 108 114 111 105 3
183 179 116 117 121 121 401 431 127 107 107 90 4
171 179 125 129 136 127 395 431 140 124 131 108 5
132 124 108 108 115 113 151 159 109 109 106 99 6
190 185 128 127 126 132 445 424 164 126 147 101 7
175 169 125 125 133 139 420 405 129 137 131 112 8
135 136 115 118 120 112 164 175 110 115 131 101 9
190 187 122 113 117 138 432 375 121 136 147 99 10
170 187 115 112 119 135 406 361 120 138 147 15000 11
Chip#1
112 112 106 110 119 111 126 133 103 104 102 98 0
145 145 114 157 167 125 392 415 127 110 131 90 1
141 150 123 156 174 133 383 415 164 124 147 99 2
119 125 110 113 119 116 148 159 109 109 106 102 3
189 182 119 123 132 128 404 431 139 115 131 100 4
158 182 110 117 126 116 383 415 129 113 131 95 5
132 135 116 116 121 121 158 159 115 114 131 102 6
187 182 119 117 121 128 438 431 127 122 131 92 7
159 158 102 111 118 119 405 393 121 121 131 95 8
132 134 112 110 114 109 161 159 106 112 107 96 9
194 195 130 118 119 143 438 385 123 140 147 102 10
169 195 119 113 119 136 404 363 119 134 147 15000 11
