Chip#1
102 112 107 112 104 104 107 105 106 103 107 102 0
102 102 106 108 105 109 106 105 106 97 101 105 1
95 94 97 97 89 97 100 95 100 95 96 95 2
98 101 104 102 98 99 101 101 100 95 98 95 3
102 105 110 108 102 106 107 103 104 104 101 101 4
103 105 136 137 100 139 163 105 107 100 102 99 5
103 107 119 121 102 124 137 108 108 104 106 104 6
103 97 102 102 96 98 99 98 99 89 95 93 7
103 102 147 145 101 127 129 102 103 96 102 98 8
101 102 128 126 97 121 128 104 101 100 101 98 9
98 101 99 107 100 98 104 103 103 93 100 98 10
99 101 105 102 101 103 106 102 102 100 98 15000 11
Chip#1
99 99 102 106 97 103 104 102 102 95 97 100 0
98 101 102 102 97 103 105 98 100 96 100 98 1
102 102 102 101 101 103 111 103 99 100 98 95 2
99 100 103 102 97 101 100 98 99 95 100 100 3
101 104 105 108 102 101 108 105 101 95 103 98 4
98 100 158 155 102 164 215 103 102 97 96 99 5
99 101 122 126 105 135 160 105 99 96 97 98 6
99 100 103 106 102 98 105 101 99 93 100 95 7
96 105 181 182 100 136 149 100 99 93 95 98 8
102 106 156 149 102 141 147 102 102 97 100 102 9
96 102 99 101 97 103 102 101 100 92 97 95 10
102 94 96 99 95 103 102 100 97 93 97 15000 11
Chip#1
104 104 102 107 104 105 105 109 107 95 106 101 0
101 99 105 107 105 106 105 104 104 100 97 98 1
95 100 102 112 98 105 111 102 108 109 100 95 2
103 107 108 112 107 108 115 108 107 112 105 96 3
108 106 113 115 108 112 120 105 106 100 105 102 4
105 106 362 362 112 392 599 119 111 115 106 102 5
101 110 208 209 102 254 374 116 108 112 102 105 6
104 106 113 113 107 112 112 105 107 100 102 99 7
93 96 464 446 103 261 292 102 99 93 95 96 8
98 99 335 293 105 261 296 109 103 95 98 100 9
104 106 99 107 102 104 106 107 100 96 97 99 10
104 102 100 104 104 106 107 108 101 99 102 15000 11
Chip#1
104 102 100 106 103 99 104 105 103 97 100 95 0
102 96 103 104 101 101 100 102 104 96 98 100 1
103 101 112 115 100 111 119 103 104 120 101 101 2
105 101 106 106 101 103 107 103 106 108 96 101 3
102 100 117 118 107 109 121 103 102 101 101 99 4
96 97 414 411 105 443 708 112 108 108 98 96 5
102 100 225 221 104 282 427 104 103 107 98 96 6
97 99 109 112 97 101 105 97 97 89 91 94 7
105 106 554 530 105 297 339 107 104 100 103 102 8
96 104 378 330 103 291 331 102 101 96 98 98 9
99 102 104 104 100 104 99 102 103 92 96 98 10
109 107 105 108 105 108 107 103 101 103 102 15000 11
Chip#1
105 106 106 115 107 111 108 104 103 103 107 104 0
103 102 104 109 107 111 107 103 101 100 103 102 1
103 101 109 115 101 110 122 104 114 115 101 99 2
105 106 108 110 108 111 114 105 111 112 103 107 3
104 102 116 120 107 115 123 107 107 100 102 104 4
99 99 443 435 98 465 773 118 111 108 100 96 5
98 99 231 239 102 299 455 105 106 103 101 100 6
102 100 115 113 108 110 109 100 103 100 101 100 7
102 106 597 558 104 317 360 107 106 100 102 108 8
102 104 405 346 100 311 353 101 101 93 96 99 9
108 102 106 112 103 108 106 104 104 99 103 102 10
108 106 102 104 102 105 106 108 101 103 102 15000 11
Chip#1
98 96 96 101 96 99 100 98 99 92 97 95 0
102 96 99 99 95 99 101 97 97 97 94 96 1
102 96 110 116 98 107 117 101 106 111 98 98 2
103 105 102 103 102 108 111 103 107 107 103 101 3
109 101 116 123 105 116 123 110 107 104 102 104 4
92 93 432 430 96 461 753 111 100 107 98 93 5
97 97 228 234 100 293 453 104 104 100 91 88 6
103 101 116 121 104 108 111 108 106 97 101 101 7
99 101 590 556 105 313 358 105 106 100 98 99 8
95 100 399 346 101 310 353 102 103 92 96 95 9
108 104 104 107 100 104 104 98 104 97 95 102 10
114 104 107 109 103 105 109 104 108 101 103 15000 11
