49.6875
49.625
49.5625
49.5
49.4375
49.4375
49.3125
49.3125
49.25
49.1875
49.125
49.0625
49.0625
49
48.9375
48.9375
48.875
48.8125
48.8125
48.75
48.75
48.6875
48.625
48.625
48.625
48.5625
48.5625
53.625
62.0625
70.5625
78.75
86.5
93.75
100.5625
105.125
105.4375
104.5625
103.3125
101.875
99.875
98.875
98.125
96.5625
94.625
93.5
93.75
95.0625
95
94.625
94.25
94.1875
94.5
94.5
94.25
94.125
94.25
94.5
94.3125
94.25
94.4375
94.4375
94.3125
94.4375
94.5625
94.5
94.4375
93.4375
89.125
85.75
81.3125
78.125
74.0625
71.125
66.5
63.875
60.5
58.125
55.0625
52.875
49.5
47.375
45.625
45.6875
45.875
46
46.3125
46.5
47.875
51.0625
52.6875
53.0625
53.1875
53.1875
53.25
53.1875
53.1875
53.125
53.0625
53
52.9375
57.8125
71.6875
79.875
87.6875
84
82.6875
81.6875
80.375
79.125
78.1875
77
76.125
75
75.125
75.9375
75.6875
75.25
77.5625
86.4375
95.75
104.4375
107.375
106.875
105.125
103.1875
101.625
99.625
98.0625
96.125
94.625
93
93.5625
94.75
94.3125
93.4375
94.0625
94.625
94.3125
93.8125
93.8125
92.375
89.1875
85.875
82.5625
79.375
77.3125
74.3125
71.375
68.625
65.9375
63.3125
60.875
58.5
56.1875
54
51.9375
49.9375
47.6875
45.9375
45.875
46
46.125
46.3125
46.5
46.8125
47.5625
50.4375
52.25
52.5625
52.6875
52.75
52.8125
52.8125
52.8125
52.8125
52.8125
52.75
54
64
72.4375
83.25
86.25
85.25
83.875
82.875
81.5625
80.25
79
78.125
76.875
76.0625
74.9375
74.4375
75.5
75.375
73.125
70.375
66.75
64.1875
60.875
58.5
55.4375
53.25
49.8125
47.6875
45.875
45.6875
45.875
46.0625
46.3125
46.5
47
50.0625
52.6875
53
53.1875
53.25
53.25
53.25
53.1875
53.125
53.0625
53
52.75
52.75
52.75
55.625
69.125
77.4375
87.875
95.1875
104.125
107.125
106.375
105.125
103.25
101.3125
99.3125
97.8125
93.5
92.5
95.4375
96.0625
94.6875
93.6875
94.1875
95.25
95.125
94.9375
94.6875
94.4375
94.25
93.25
90.125
86.8125
83.5625
80.3125
77.25
74.25
71.4375
68.625
66
63.4375
61
58.6875
56.25
55.125
54.875
54.75
54.6875
54.75
55.125
55.4375
55.75
60.8125
64.25
64.6875
64.625
64.4375
64.125
63.9375
63.6875
63.375
62.9375
62.625
62.1875
61.75
64.8125
72.375
82.3125
80.875
79.75
78.625
77.75
76.625
75.8125
74.75
74
73.25
72.5
71.5625
70.875
70
70.5625
79.4375
86.8125
96.25
102.875
105.9375
105.125
103.375
102
99.5625
98.3125
96.5625
95.1875
93.4375
93.5625
94.9375
94.875
94
93.875
94.75
94.5625
94.0625
93.9375
90.1875
86.875
82.5625
78.3125
75.3125
72.4375
67.75
65.1875
62.625
60.25
56.9375
55.3125
55
54.8125
54.6875
54.75
55.125
55.4375
59.8125
65.75
66.375
66.1875
65.8125
65.5
64.9375
64.5625
64.0625
63.6875
63.1875
62.875
69.4375
77.25
77.3125
76.3125
75.25
74.5
73.5
72.5
71.5625
70.875
70
69.5625
68.9375
68.3125
67.5625
65.3125
62.8125
60.375
58
55.75
54.25
52.1875
50.125
48
46.0625
45.6875
45.8125
45.9375
46.125
46.25
46.4375
46.625
47.4375
50.5
52.1875
52.5625
52.6875
52.6875
52.75
52.75
52.75
52.6875
52.625
52.625
52.5625
52.5
52.4375
52.375
52.25
52.1875
52.125
52.0625
51.9375
51.9375
51.8125
51.75
51.625
51.5625
51.5
51.4375
51.3125
51.25
51.125
51
50.9375
50.8125
50.6875
50.5625
50.5
50.375
50.25
50.125
50
49.9375
49.875
49.5625
49.375
49.25
49.1875
49.0625
48.9375
48.875
48.75
48.6875
48.625
48.5
48.4375
48.3125
48.1875
48.125
48
47.875
47.8125
47.75
47.6875
47.625
47.5
47.4375
47.375
47.3125
47.25
47.1875
47.125
47.0625
46.9375
46.9375
46.875
46.75
46.6875
46.625
46.5625
46.5
46.4375
46.375
46.3125
46.25
46.1875
46.125
46.0625
46
45.9375
45.875
45.8125
45.75
45.6875
45.6875
45.625
45.5625
45.5
45.4375
45.375
45.3125
45.3125
45.25
45.1875
45.125
45.125
45.0625
45
45
44.875
44.875
44.8125
44.75
44.75
44.6875
44.625
44.625
44.5
44.5
44.4375
44.375
44.375
44.3125
44.25
44.1875
44.1875
44.125
44.0625
44
43.9375
43.875
43.875
43.8125
43.625
43.625
43.5625
43.5
43.5
43.4375
43.375
43.375
43.3125
43.25
43.25
43.1875
43.1875
43.125
43.0625
43
43
42.9375
42.9375
42.875
