Chip#1
102 101 107 106 107 109 101 101 104 107 101 100 0 224 123 109 23
104 104 108 111 113 111 107 102 107 117 131 106 1 0 0 0 0
98 100 105 102 107 104 105 99 102 109 131 98 2 0 0 0 0
105 98 107 109 106 108 102 104 99 105 100 99 3 0 0 0 0
106 100 108 109 109 109 107 100 107 114 112 101 4 0 0 0 0
106 106 111 109 114 113 105 101 108 115 131 105 5 0 0 0 0
132 106 114 111 112 109 107 103 108 113 131 107 6 0 0 0 0
102 100 111 109 109 104 103 97 104 115 111 101 7 0 0 0 0
104 98 107 103 109 105 103 100 104 117 131 102 8 0 0 0 0
100 95 102 105 106 105 103 96 99 107 97 101 9 0 0 0 0
105 104 111 108 111 108 105 96 102 115 131 103 10 0 0 0 0
96 95 107 105 105 103 101 96 106 107 107 15000 11 0 0 0 0
Chip#1
99 98 105 103 105 105 102 95 102 105 96 98 0 224 123 78 23
100 100 107 111 108 107 103 101 101 119 131 103 1 0 0 0 0
98 95 101 109 112 104 102 95 101 117 131 100 2 0 0 0 0
105 99 107 111 107 108 102 97 99 107 100 103 3 0 0 0 0
99 100 105 107 106 107 104 94 101 121 131 96 4 0 0 0 0
106 105 110 115 112 106 107 106 106 127 131 106 5 0 0 0 0
97 98 101 109 108 107 101 99 97 108 102 100 6 0 0 0 0
100 98 105 111 106 104 104 95 107 128 131 96 7 0 0 0 0
102 100 106 110 106 109 105 100 103 124 131 103 8 0 0 0 0
103 101 110 107 105 109 102 96 100 114 104 102 9 0 0 0 0
132 107 117 117 118 111 111 104 110 134 147 108 10 0 0 0 0
103 104 111 112 106 106 103 102 108 129 115 15000 11 0 0 0 0
Chip#1
110 112 114 119 126 114 114 114 112 133 147 111 0 223 124 245 23
132 120 119 208 225 124 135 131 128 433 438 139 1 0 0 0 0
140 120 126 205 231 135 146 159 164 486 469 151 2 0 0 0 0
139 124 125 136 143 120 120 119 116 187 187 112 3 0 0 0 0
199 191 138 228 226 136 148 159 164 517 510 144 4 0 0 0 0
176 167 130 193 205 130 144 140 164 545 523 151 5 0 0 0 0
132 116 120 127 132 121 119 114 114 185 182 112 6 0 0 0 0
165 150 139 237 221 132 148 159 196 622 562 146 7 0 0 0 0
145 129 117 193 192 116 132 124 164 619 580 137 8 0 0 0 0
133 122 117 132 132 115 121 114 115 232 193 108 9 0 0 0 0
174 179 142 228 196 124 144 159 228 642 509 125 10 0 0 0 0
164 147 133 184 181 120 147 159 212 616 531 15000 11 0 0 0 0
Chip#1
132 112 117 129 135 115 117 112 113 143 163 113 0 222 123 5 23
139 127 121 250 266 133 149 159 164 542 556 153 1 0 0 0 0
140 130 128 238 269 135 161 159 180 612 590 156 2 0 0 0 0
143 131 117 142 164 125 127 120 122 219 213 111 3 0 0 0 0
225 208 143 252 256 168 151 175 180 643 643 153 4 0 0 0 0
203 192 134 237 238 133 157 159 180 687 659 165 5 0 0 0 0
144 122 125 141 145 125 131 124 126 222 213 115 6 0 0 0 0
174 179 135 249 243 133 152 159 196 798 713 150 7 0 0 0 0
159 144 131 237 221 127 147 135 196 801 755 152 8 0 0 0 0
140 127 122 139 143 114 122 116 120 271 220 109 9 0 0 0 0
183 180 144 237 220 125 152 159 260 817 643 131 10 0 0 0 0
169 150 125 202 192 116 148 134 228 764 659 15000 11 0 0 0 0
Chip#1
112 109 117 127 132 112 114 110 109 148 163 108 0 222 124 140 23
143 129 125 262 282 133 158 175 164 600 611 158 1 0 0 0 0
146 139 129 254 290 144 170 175 196 673 659 171 2 0 0 0 0
137 131 119 146 164 115 124 122 117 225 222 112 3 0 0 0 0
238 236 158 278 277 168 167 175 180 709 710 189 4 0 0 0 0
206 204 140 243 252 139 162 159 180 759 731 176 5 0 0 0 0
135 125 125 145 164 122 130 124 122 236 218 112 6 0 0 0 0
177 195 147 266 259 168 157 175 212 873 776 160 7 0 0 0 0
164 152 134 245 231 128 152 159 212 879 820 161 8 0 0 0 0
134 130 120 142 140 117 126 117 121 287 227 109 9 0 0 0 0
194 192 157 256 236 135 162 159 257 902 699 139 10 0 0 0 0
182 192 139 237 207 127 158 159 258 848 722 15000 11 0 0 0 0
Chip#1
115 116 117 132 140 117 116 112 119 150 163 114 0 220 123 172 23
148 137 128 273 293 137 158 159 149 621 635 165 1 0 0 0 0
145 136 134 259 295 168 163 175 196 696 675 173 2 0 0 0 0
141 132 120 145 164 117 124 122 118 232 227 113 3 0 0 0 0
242 239 153 286 285 168 167 175 196 735 737 189 4 0 0 0 0
208 208 140 244 253 135 158 175 196 777 760 189 5 0 0 0 0
138 131 130 145 147 131 138 133 133 243 224 119 6 0 0 0 0
186 176 145 276 268 143 168 159 212 907 804 157 7 0 0 0 0
174 176 145 257 250 139 160 175 228 917 858 189 8 0 0 0 0
143 132 129 150 164 120 128 123 127 294 240 119 9 0 0 0 0
196 192 148 250 234 130 156 159 260 928 719 139 10 0 0 0 0
194 178 148 228 218 137 168 159 261 886 756 15000 11 0 0 0 0
