Chipdp
84 2 68 4 16 11 4 1 6 2 6 1 7 2 7 4 4 6 5 6 4 7 5 7 4 7 6 8 6 7 7 8 7 4 10 6 11 6 10 7 11 7 4 1 9 2 9 1 10 2 10 4 4 9 5 9 4 10 5 10 4 7 9 8 9 7 10 8 10 4 10 9 11 9 10 10 11 10 4 1 3 2 3 1 4 2 4 4 4 3 5 3 4 4 5 4 4 7 3 8 3 7 4 8 4 4 10 3 11 3 10 4 11 4 4 1 0 2 0 1 1 2 1 4 4 0 5 0 4 1 5 1 4 7 0 8 0 7 1 8 1 4 10 0 11 0 10 1 11 1 4 1 6 2 6 1 7 2 7 4 4 6 5 6 4 7 5 7 4 7 6 8 6 7 7 8 7 4 10 6 11 6 10 7 11 7 4 1 9 2 9 1 10 2 10 4 4 9 5 9 4 10 5 10 4 7 9 8 9 7 10 8 10 4 10 9 11 9 10 10 11 10 4 1 3 2 3 1 4 2 4 4 4 3 5 3 4 4 5 4 4 7 3 8 3 7 4 8 4 4 10 3 11 3 10 4 11 4 4 1 0 2 0 1 1 2 1 4 4 0 5 0 4 1 5 1 4 7 0 8 0 7 1 8 1 4 10 0 11 0 10 1 11 1 4 6 0 7 0 6 1 7 1 4 6 3 7 3 6 4 7 4 4 6 6 7 6 6 7 7 7 4 6 9 7 9 6 10 7 10 4 9 0 10 0 9 1 10 1 4 9 3 10 3 9 4 10 4 4 9 6 10 6 9 7 10 7 4 9 9 10 9 9 10 10 10 4 3 0 4 0 3 1 4 1 4 3 3 4 3 3 4 4 4 4 3 6 4 6 3 7 4 7 4 3 9 4 9 3 10 4 10 4 0 0 1 0 0 1 1 1 4 0 3 1 3 0 4 1 4 4 0 6 1 6 0 7 1 7 4 0 9 1 9 0 10 1 10 4 7 0 8 0 7 1 8 1 4 7 3 8 3 7 4 8 4 4 7 6 8 6 7 7 8 7 4 7 9 8 9 7 10 8 10 4 10 0 11 0 10 1 11 1 4 10 3 11 3 10 4 11 4 4 10 6 11 6 10 7 11 7 4 10 9 11 9 10 10 11 10 4 4 0 5 0 4 1 5 1 4 4 3 5 3 4 4 5 4 4 4 6 5 6 4 7 5 7 4 4 9 5 9 4 10 5 10 4 1 0 2 0 1 1 2 1 4 1 3 2 3 1 4 2 4 4 1 6 2 6 1 7 2 0 0 
Chip#1
109 119 106 104 104 107 109 105 104 116 115 109 0
245 282 132 127 119 112 155 153 125 188 175 117 1
241 305 136 125 111 107 149 148 116 178 167 107 2
123 144 112 117 105 112 123 127 113 124 119 110 3
142 163 116 132 130 118 182 173 121 169 156 110 4
128 152 107 126 127 107 154 154 115 148 140 103 5
109 117 109 118 113 112 124 132 120 128 116 115 6
141 157 116 187 175 126 180 186 120 196 182 114 7
131 152 114 153 142 119 160 163 120 166 164 110 8
109 152 111 111 105 110 129 138 114 132 125 110 9
139 157 118 132 135 127 211 221 125 189 187 114 10
134 148 116 132 128 118 171 173 126 146 145 15000 11
Chip#1
115 122 107 112 104 114 109 124 110 115 118 110 0
228 283 128 127 118 107 147 153 121 183 167 114 1
256 319 150 134 129 122 159 163 123 190 174 119 2
116 141 107 108 104 106 119 124 106 119 116 104 3
145 172 114 136 131 123 182 177 124 167 158 110 4
130 157 112 127 128 114 156 155 115 154 142 110 5
106 118 107 120 111 116 123 132 110 126 117 104 6
134 155 111 179 173 119 180 187 125 196 179 109 7
129 145 111 149 145 112 158 159 114 164 154 109 8
115 128 117 118 114 118 137 144 124 135 126 116 9
127 154 111 127 134 115 203 216 125 177 164 103 10
130 149 109 128 124 112 166 174 116 151 146 15000 11
Chip#1
104 110 100 98 95 95 103 99 100 105 102 99 0
244 279 130 123 118 111 150 152 121 186 168 114 1
245 312 143 123 119 111 149 152 121 182 164 110 2
119 143 109 111 104 110 118 126 111 123 116 105 3
149 175 127 145 142 123 188 182 111 176 163 114 4
126 157 111 131 131 111 158 153 118 156 138 103 5
113 124 113 122 119 115 126 138 118 131 117 109 6
134 154 112 179 170 116 177 179 121 188 180 107 7
129 146 108 144 145 112 152 155 118 162 154 104 8
108 146 106 111 106 110 126 135 118 133 126 110 9
131 155 112 132 133 114 207 219 118 180 165 107 10
129 146 112 131 127 114 165 167 116 151 142 15000 11
Chip#1
114 118 104 108 104 103 112 113 105 116 112 108 0
244 273 119 120 112 103 148 149 116 175 159 104 1
251 313 146 132 122 120 156 159 116 181 169 111 2
121 145 108 114 107 110 120 132 116 180 119 108 3
137 155 112 131 124 112 172 171 115 158 146 102 4
139 162 117 135 138 124 165 164 125 157 150 116 5
108 116 109 120 116 114 125 133 118 123 116 105 6
131 150 117 179 173 123 172 183 119 188 187 109 7
134 150 116 159 150 119 165 166 124 167 162 113 8
113 123 104 107 107 107 123 132 110 128 118 105 9
134 154 112 132 131 119 206 216 126 178 165 111 10
131 148 116 134 131 119 166 177 121 149 145 15000 11
