49.9375
50.125
51.4375
53.4375
54.9375
55.875
57.1875
58.4375
59.5625
60.6875
61.75
62.8125
63.8125
64.8125
65.8125
66.75
67.75
68.625
69.5625
70.4375
71.3125
72.4375
73.3125
74.6875
75.25
76.5625
77.375
78.4375
79.1875
80.125
80.875
82.125
82.8125
83.75
84.4375
85.3125
86
87.0625
87.75
88.5625
89.1875
90
90.625
91.625
92.1875
93
93.5625
94.5
94.875
95.5625
96.125
96.875
97.375
98.0625
98.5625
99.25
99.75
100.5625
101.0625
101.6875
102.1875
102.75
103.25
103.875
104.3125
104.8125
105.125
105.625
105.9375
106.5625
106.9375
107.375
107.9375
107.5
106.875
107.1875
107.6875
108.0625
107.375
106.75
107.125
107.875
107.5625
106.5625
106.8125
107.75
107.9375
107
106.5625
107.125
107.6875
106.9375
106.5625
107.1875
107.75
107
106.4375
106.9375
107.625
107.3125
106.5625
106.75
107.3125
107.1875
106.5
106.4375
107
107.3125
106.75
106.125
106.5
107.25
106.75
106.25
106.625
107.25
106.8125
106.0625
106.4375
107.3125
107.125
106.1875
106.5
107.125
107
106.375
106.125
106.6875
107.25
107.0625
106.4375
105.9375
106.3125
107
106.9375
106.3125
106
106.4375
107.0625
106.875
106.25
106
106.875
107
106.4375
105.8125
106.25
106.9375
106.625
105.9375
106
106.4375
106.875
106.25
105.5
105.8125
106.4375
106.75
105.8125
105.5625
106.25
106.875
106.125
105.625
105.75
106.5625
106.5625
106.125
105.4375
106
106.8125
106.5
105.625
105.4375
106.5
106.75
106.0625
105.375
105.625
106.3125
106.375
105.8125
105.5
106.0625
106.4375
105.9375
105.25
105.75
106.5625
106.25
105.4375
105.1875
106.0625
106.6875
106.1875
105.5625
105.1875
105.8125
106.3125
105.75
105.4375
106.0625
106.375
105.875
105.25
105.75
106.3125
105.75
105.1875
105.6875
106.375
105.875
105.0625
105.125
106
106.125
105.3125
105.3125
106.0625
106.375
105.875
105.0625
105.1875
106.1875
106.25
105.3125
104.9375
105.5
106.1875
106
105.375
104.9375
105.6875
106.375
106.125
105.375
104.875
105.375
106.125
106.25
105.75
105.125
104.9375
105.5625
106.25
106.0625
105.5
104.8125
104.3125
104.5625
105.375
106.1875
106.1875
105.6875
105.0625
104.625
104.25
104.9375
105.75
106.0625
105.6875
105.0625
104.4375
104.25
104.875
105.6875
105.8125
105.25
104.375
104.3125
105.3125
106.1875
105.9375
105.25
104.4375
104.375
105.625
106.1875
105.9375
105.3125
104.875
105.8125
105.875
105
104.4375
104.5
105.3125
106.0625
106
105.375
105.125
105.3125
106.0625
105.9375
105.375
104.375
104.3125
105.375
106
105.5
104.9375
104.375
104.75
106.0625
106.25
105.4375
104.8125
104.1875
104.75
105.625
106
105.125
104.5625
104.3125
105.0625
105.875
105.5
104.875
104.3125
104.8125
106
105.75
104.9375
104.375
104.4375
105.1875
106.0625
105.75
105.1875
104.5625
104.4375
105.1875
106.125
105.9375
105.125
104.5
104.4375
104.875
106.125
105.9375
105.125
104.5
104.4375
105.25
106.3125
106.125
105.125
104.6875
104.625
105.5
106.0625
105.625
104.875
104.3125
104.9375
105.8125
106.3125
105.9375
105.3125
104.6875
104.3125
104.25
104.625
105.4375
106.0625
105.75
105.1875
104.625
104.3125
104.9375
105.8125
106.3125
105.9375
105.3125
104.6875
104.375
104.9375
105.75
106
105.375
104.75
104.375
105.0625
106.0625
105.8125
104.875
104.375
104.9375
105.8125
106.0625
105.5
104.6875
104.3125
105.1875
106.0625
106.0625
105.5625
104.75
104.1875
105.125
106
106.0625
105.5
104.6875
104.3125
100
0
0
0
0
0
0
0
0
0
0
0
0
0
0
0
0
0
0
0
0
0
0
0
0
0
0
0
0
0
0
0
0
0
0
0
0
0
0
0
0
0
0
0
0
0
0
0
0
0
0
0
0
0
0
0
0
0
