Chipdp
84 2 82 2 16 6 4 10 6 11 6 10 7 11 7 4 7 6 8 6 7 7 8 7 4 4 6 5 6 4 7 5 7 4 1 6 2 6 1 7 2 7 4 10 9 11 9 10 10 11 10 4 7 9 8 9 7 10 8 10 4 4 9 5 9 4 10 5 10 4 1 9 2 9 1 10 2 10 4 10 3 11 3 10 4 11 4 4 7 3 8 3 7 4 8 4 4 4 3 5 3 4 4 5 4 4 1 3 2 3 1 4 2 4 4 10 0 11 0 10 1 11 1 4 7 0 8 0 7 1 8 1 4 4 0 5 0 4 1 5 1 4 1 0 2 0 1 1 2 1 4 10 6 11 6 10 7 11 7 4 7 6 8 6 7 7 8 7 4 4 6 5 6 4 7 5 7 4 1 6 2 6 1 7 2 7 4 10 9 11 9 10 10 11 10 4 7 9 8 9 7 10 8 10 4 4 9 5 9 4 10 5 10 4 1 9 2 9 1 10 2 10 4 10 3 11 3 10 4 11 4 4 7 3 8 3 7 4 8 4 4 4 3 5 3 4 4 5 4 4 1 3 2 3 1 4 2 4 4 10 0 11 0 10 1 11 1 4 7 0 8 0 7 1 8 1 4 4 0 5 0 4 1 5 1 4 1 0 2 0 1 1 2 1 
Chip#1
108 107 111 111 119 112 121 120 106 105 110 106 0
138 130 122 178 186 132 271 276 121 136 131 106 1
152 137 134 186 201 168 295 286 138 146 147 112 2
110 104 106 119 127 111 153 159 103 107 106 100 3
157 140 133 190 194 168 508 500 164 138 131 111 4
152 131 119 175 181 168 519 512 164 138 147 105 5
116 119 110 117 115 111 141 159 107 124 131 99 6
197 185 130 147 144 117 153 159 141 427 387 125 7
183 173 121 142 139 116 149 159 164 439 424 127 8
139 128 115 117 115 114 121 116 112 188 167 107 9
202 195 139 142 144 121 163 159 180 441 356 118 10
184 195 124 130 130 115 152 159 180 426 373 15000 11
Chip#2
112 105 106 98 96 103 100 95 101 101 97 103 0
112 101 100 99 94 97 136 133 101 100 95 96 1
112 107 104 107 108 102 189 178 101 105 104 99 2
112 110 107 102 101 109 110 108 101 108 103 100 3
112 109 106 108 108 108 385 418 101 105 104 103 4
112 104 110 107 108 109 435 450 101 105 105 100 5
112 109 110 100 101 111 106 107 101 115 109 105 6
128 111 107 107 108 106 109 103 101 417 350 107 7
128 114 108 107 106 108 112 103 101 282 250 108 8
112 113 113 107 108 109 105 104 101 151 126 105 9
112 112 106 99 94 98 103 97 98 511 356 99 10
112 109 103 97 95 94 101 96 98 240 185 15000 11
Chip#1
111 110 115 118 121 113 120 119 110 108 107 103 0
145 134 126 176 188 133 279 277 121 133 147 106 1
139 132 122 175 193 138 281 273 122 136 147 106 2
104 101 111 122 122 114 143 159 101 102 105 96 3
157 139 125 187 188 168 506 495 164 136 147 106 4
157 139 124 180 185 168 516 515 164 140 147 108 5
143 127 121 125 131 124 152 159 120 138 131 111 6
197 186 130 145 143 123 151 159 141 429 387 125 7
186 174 125 145 171 121 153 175 180 449 433 133 8
141 129 116 116 120 120 122 114 116 188 172 106 9
194 192 133 135 133 117 152 159 180 433 345 114 10
182 174 122 136 132 117 153 159 180 427 369 15000 11
Chip#2
112 101 103 99 98 100 95 92 98 102 99 105 0
128 108 106 105 105 105 138 142 98 101 102 103 1
112 107 109 107 111 104 195 178 98 102 104 105 2
112 106 109 105 108 106 110 109 98 105 108 109 3
112 106 107 99 108 109 391 418 98 107 106 99 4
112 105 104 110 111 109 445 455 98 105 106 103 5
112 100 101 100 98 102 100 98 98 109 105 97 6
112 111 106 104 100 100 105 102 98 417 355 100 7
112 106 103 102 96 102 103 95 98 283 246 108 8
112 104 107 104 99 102 101 96 98 145 123 103 9
112 109 102 98 96 94 96 96 95 521 366 102 10
112 104 98 98 90 100 92 93 95 239 187 15000 11
Chip#1
106 104 108 111 118 112 116 115 104 108 102 99 0
150 134 133 181 196 138 284 280 127 140 147 111 1
145 132 129 178 198 141 286 278 128 143 147 112 2
132 109 111 124 128 115 156 175 112 109 110 103 3
152 134 124 188 187 168 507 496 164 131 147 105 4
156 130 122 174 183 146 522 518 140 136 131 108 5
135 120 116 119 122 115 151 159 112 134 147 105 6
206 189 134 150 164 124 152 159 164 430 403 128 7
188 188 121 139 164 116 149 159 164 444 428 128 8
145 125 119 121 121 116 122 116 113 189 171 105 9
201 195 134 136 139 122 153 159 180 440 350 115 10
187 167 129 139 136 122 153 159 164 437 379 15000 11
Chip#2
112 104 101 102 96 93 95 98 95 98 102 99 0
112 101 102 99 105 98 136 133 95 104 102 98 1
112 108 108 104 109 108 194 194 95 108 110 104 2
112 110 113 105 106 110 109 109 95 109 108 104 3
112 102 104 98 103 99 380 418 95 104 100 92 4
112 108 102 109 114 109 443 457 95 109 111 107 5
112 108 110 103 109 108 106 102 95 115 114 108 6
128 113 112 109 106 109 107 106 96 428 362 105 7
112 113 113 103 103 103 109 101 95 294 252 108 8
112 108 108 103 103 108 102 102 95 147 128 104 9
112 109 109 99 100 102 101 102 100 524 370 103 10
112 111 110 109 98 105 103 102 99 251 202 15000 11
