Chipdp
84 2 68 4 16 11 4 1 6 2 6 1 7 2 7 4 4 6 5 6 4 7 5 7 4 7 6 8 6 7 7 8 7 4 10 6 11 6 10 7 11 7 4 1 9 2 9 1 10 2 10 4 4 9 5 9 4 10 5 10 4 7 9 8 9 7 10 8 10 4 10 9 11 9 10 10 11 10 4 1 3 2 3 1 4 2 4 4 4 3 5 3 4 4 5 4 4 7 3 8 3 7 4 8 4 4 10 3 11 3 10 4 11 4 4 1 0 2 0 1 1 2 1 4 4 0 5 0 4 1 5 1 4 7 0 8 0 7 1 8 1 4 10 0 11 0 10 1 11 1 4 1 6 2 6 1 7 2 7 4 4 6 5 6 4 7 5 7 4 7 6 8 6 7 7 8 7 4 10 6 11 6 10 7 11 7 4 1 9 2 9 1 10 2 10 4 4 9 5 9 4 10 5 10 4 7 9 8 9 7 10 8 10 4 10 9 11 9 10 10 11 10 4 1 3 2 3 1 4 2 4 4 4 3 5 3 4 4 5 4 4 7 3 8 3 7 4 8 4 4 10 3 11 3 10 4 11 4 4 1 0 2 0 1 1 2 1 4 4 0 5 0 4 1 5 1 4 7 0 8 0 7 1 8 1 4 10 0 11 0 10 1 11 1 4 6 0 7 0 6 1 7 1 4 6 3 7 3 6 4 7 4 4 6 6 7 6 6 7 7 7 4 6 9 7 9 6 10 7 10 4 9 0 10 0 9 1 10 1 4 9 3 10 3 9 4 10 4 4 9 6 10 6 9 7 10 7 4 9 9 10 9 9 10 10 10 4 3 0 4 0 3 1 4 1 4 3 3 4 3 3 4 4 4 4 3 6 4 6 3 7 4 7 4 3 9 4 9 3 10 4 10 4 0 0 1 0 0 1 1 1 4 0 3 1 3 0 4 1 4 4 0 6 1 6 0 7 1 7 4 0 9 1 9 0 10 1 10 4 7 0 8 0 7 1 8 1 4 7 3 8 3 7 4 8 4 4 7 6 8 6 7 7 8 7 4 7 9 8 9 7 10 8 10 4 10 0 11 0 10 1 11 1 4 10 3 11 3 10 4 11 4 4 10 6 11 6 10 7 11 7 4 10 9 11 9 10 10 11 10 4 4 0 5 0 4 1 5 1 4 4 3 5 3 4 4 5 4 4 4 6 5 6 4 7 5 7 4 4 9 5 9 4 10 5 10 4 1 0 2 0 1 1 2 1 4 1 3 2 3 1 4 2 4 4 1 6 2 6 1 7 2 0 0 
Chip#1
109 107 95 106 104 107 117 124 97 100 110 102 0
107 109 100 104 105 108 114 124 104 104 107 105 1
110 111 100 109 104 106 114 124 101 105 109 103 2
109 110 100 108 109 108 114 110 102 105 107 104 3
98 100 90 99 104 100 103 102 94 101 100 92 4
107 142 100 107 104 107 114 124 105 103 105 102 5
100 105 95 103 104 102 107 107 96 97 96 99 6
106 110 102 109 104 106 114 124 101 105 107 107 7
105 102 93 100 104 102 106 124 94 94 101 97 8
103 105 93 104 104 98 108 103 97 98 99 101 9
104 105 98 100 104 102 109 108 94 103 102 98 10
106 105 97 103 104 104 114 109 100 103 104 15000 11
Chip#1
101 103 95 99 104 107 105 102 97 103 96 98 0
104 113 95 101 100 98 105 99 101 100 100 98 1
101 103 93 102 104 100 107 102 100 98 102 97 2
100 101 98 100 104 99 103 99 94 100 100 92 3
101 101 97 97 104 100 105 105 97 103 99 97 4
104 109 98 106 104 107 107 104 100 105 105 103 5
100 102 100 106 104 106 108 109 100 104 101 102 6
101 105 94 100 104 106 108 103 97 105 102 98 7
103 101 95 102 104 107 108 103 97 101 100 98 8
104 105 94 99 104 102 105 124 99 101 104 96 9
98 104 94 95 104 102 106 101 92 99 99 97 10
101 103 93 98 104 102 106 99 91 99 100 15000 11
