Chipdp
84 2 68 4 16 11 4 1 6 2 6 1 7 2 7 4 4 6 5 6 4 7 5 7 4 7 6 8 6 7 7 8 7 4 10 6 11 6 10 7 11 7 4 1 9 2 9 1 10 2 10 4 4 9 5 9 4 10 5 10 4 7 9 8 9 7 10 8 10 4 10 9 11 9 10 10 11 10 4 1 3 2 3 1 4 2 4 4 4 3 5 3 4 4 5 4 4 7 3 8 3 7 4 8 4 4 10 3 11 3 10 4 11 4 4 1 0 2 0 1 1 2 1 4 4 0 5 0 4 1 5 1 4 7 0 8 0 7 1 8 1 4 10 0 11 0 10 1 11 1 4 1 6 2 6 1 7 2 7 4 4 6 5 6 4 7 5 7 4 7 6 8 6 7 7 8 7 4 10 6 11 6 10 7 11 7 4 1 9 2 9 1 10 2 10 4 4 9 5 9 4 10 5 10 4 7 9 8 9 7 10 8 10 4 10 9 11 9 10 10 11 10 4 1 3 2 3 1 4 2 4 4 4 3 5 3 4 4 5 4 4 7 3 8 3 7 4 8 4 4 10 3 11 3 10 4 11 4 4 1 0 2 0 1 1 2 1 4 4 0 5 0 4 1 5 1 4 7 0 8 0 7 1 8 1 4 10 0 11 0 10 1 11 1 4 6 0 7 0 6 1 7 1 4 6 3 7 3 6 4 7 4 4 6 6 7 6 6 7 7 7 4 6 9 7 9 6 10 7 10 4 9 0 10 0 9 1 10 1 4 9 3 10 3 9 4 10 4 4 9 6 10 6 9 7 10 7 4 9 9 10 9 9 10 10 10 4 3 0 4 0 3 1 4 1 4 3 3 4 3 3 4 4 4 4 3 6 4 6 3 7 4 7 4 3 9 4 9 3 10 4 10 4 0 0 1 0 0 1 1 1 4 0 3 1 3 0 4 1 4 4 0 6 1 6 0 7 1 7 4 0 9 1 9 0 10 1 10 4 7 0 8 0 7 1 8 1 4 7 3 8 3 7 4 8 4 4 7 6 8 6 7 7 8 7 4 7 9 8 9 7 10 8 10 4 10 0 11 0 10 1 11 1 4 10 3 11 3 10 4 11 4 4 10 6 11 6 10 7 11 7 4 10 9 11 9 10 10 11 10 4 4 0 5 0 4 1 5 1 4 4 3 5 3 4 4 5 4 4 4 6 5 6 4 7 5 7 4 4 9 5 9 4 10 5 10 4 1 0 2 0 1 1 2 1 4 1 3 2 3 1 4 2 4 4 1 6 2 6 1 7 2 0 0 
Chip#1
104 107 102 101 95 100 106 103 105 103 103 104 0
103 109 100 102 95 102 93 103 103 104 98 105 1
103 105 97 97 104 95 105 102 98 99 101 105 2
104 104 97 98 104 98 107 104 101 100 106 102 3
98 98 94 90 101 96 92 99 95 92 92 96 4
101 105 102 99 104 98 105 103 99 98 96 102 5
105 109 102 102 104 106 108 108 103 105 103 104 6
104 106 98 102 95 98 103 102 98 99 100 99 7
99 103 98 98 95 99 103 103 100 103 99 99 8
100 99 98 98 95 96 101 106 98 94 99 102 9
103 110 99 102 95 102 107 109 105 109 109 104 10
103 107 100 103 104 92 106 108 103 102 100 15000 11
Chip#1
94 96 94 94 97 92 106 97 95 92 94 94 0
99 103 99 98 97 95 106 102 97 99 98 105 1
100 103 102 102 97 98 103 108 106 105 106 102 2
100 103 103 100 97 100 100 104 103 100 102 101 3
106 101 102 100 104 104 103 107 108 104 107 104 4
96 99 95 97 95 98 103 103 98 99 98 99 5
98 96 94 99 96 104 103 99 99 97 93 96 6
101 100 103 103 104 102 103 103 102 105 102 98 7
90 103 90 93 93 92 103 101 90 94 93 96 8
93 99 90 92 104 92 103 98 95 97 96 97 9
103 105 98 99 104 99 103 107 105 101 105 102 10
96 99 95 97 104 94 103 103 96 94 94 15000 11
Chip#1
100 101 97 100 104 102 106 108 100 105 100 102 0
93 98 99 90 101 92 106 98 95 100 94 96 1
103 105 97 97 104 99 106 104 102 101 102 99 2
90 89 88 85 96 83 87 91 90 91 90 87 3
98 103 102 97 104 96 101 105 108 99 100 99 4
95 95 98 95 101 93 103 104 97 97 95 96 5
96 98 94 93 102 93 103 99 94 95 98 94 6
95 99 98 101 97 96 105 99 98 97 95 97 7
96 99 97 98 104 96 98 101 97 95 95 94 8
96 99 95 94 104 100 103 102 97 103 95 101 9
93 95 95 93 104 87 103 101 97 97 95 96 10
96 100 93 98 104 91 100 98 95 98 96 15000 11
