Chip#1
100 102 105 106 112 103 124 123 101 105 99 95 0
145 142 124 198 214 144 390 386 133 136 147 112 1
138 131 116 180 207 168 382 369 127 134 163 103 2
115 115 115 128 133 117 180 178 114 118 114 107 3
159 147 124 202 207 168 746 715 164 134 131 109 4
160 143 129 193 202 184 770 746 180 146 147 113 5
138 123 114 121 121 115 168 175 114 147 147 107 6
209 201 122 140 143 116 151 159 180 616 551 131 7
197 189 125 145 164 120 158 159 180 644 606 144 8
140 132 120 116 120 117 125 115 121 228 196 111 9
217 215 135 130 137 119 163 175 228 638 499 122 10
193 182 120 124 121 109 156 159 196 619 520 15000 11
Chip#2
112 104 102 102 101 104 100 96 88 101 105 102 0
112 115 112 112 116 110 220 219 88 113 109 113 1
112 114 113 116 128 114 399 364 97 117 110 115 2
112 106 108 100 108 108 129 129 97 111 103 108 3
128 109 108 109 119 110 730 810 97 108 109 107 4
112 107 102 109 116 116 874 930 97 109 104 110 5
112 104 103 105 113 104 114 110 97 126 117 108 6
128 118 107 104 110 111 110 108 109 870 702 107 7
112 121 112 108 115 113 116 110 100 572 450 110 8
112 108 108 103 110 108 106 107 100 232 163 112 9
112 123 107 103 104 103 106 104 140 1223 818 109 10
128 123 113 105 113 114 112 106 140 499 372 15000 11
