Chip#1
95 94 94 95 93 100 90 94 97 95 102 92 0
108 102 97 106 118 106 95 101 124 103 111 99 1
99 101 93 118 125 103 94 99 143 107 104 98 2
103 103 100 96 97 105 96 98 100 100 105 99 3
110 108 104 100 101 113 100 103 105 102 113 108 4
109 101 105 99 106 110 99 106 107 103 110 101 5
103 101 98 119 148 104 94 106 145 108 107 95 6
108 103 103 114 118 109 97 106 118 108 115 104 7
102 98 91 95 97 102 95 100 99 93 105 94 8
105 104 101 102 99 108 97 101 101 101 107 101 9
104 103 99 98 93 106 97 99 102 96 106 97 10
101 98 91 95 97 104 94 98 101 97 101 15000 11
Chip#1
108 102 99 103 102 109 99 103 107 105 114 107 0
107 103 99 131 191 106 99 108 237 105 110 101 1
109 114 104 205 245 109 102 114 313 140 111 109 2
111 109 105 107 111 115 100 106 114 104 115 104 3
105 107 100 105 104 114 104 109 110 101 114 106 4
107 104 100 106 108 112 100 108 113 101 107 104 5
109 112 106 208 339 114 99 135 356 150 118 106 6
110 112 104 155 178 114 102 108 156 110 118 107 7
111 107 102 105 102 113 101 104 107 102 115 105 8
103 103 94 96 95 104 95 99 101 92 107 97 9
105 101 99 96 94 103 99 97 102 91 104 101 10
104 105 100 97 97 110 102 100 105 98 111 15000 11
Chip#1
109 105 103 104 105 113 101 103 111 105 116 103 0
105 106 97 169 304 104 98 107 406 107 111 100 1
101 110 103 342 421 112 102 126 546 180 112 102 2
107 105 102 109 104 110 100 100 123 104 106 106 3
99 102 97 96 99 105 96 96 102 96 105 97 4
101 101 100 105 119 110 96 101 123 103 107 103 5
102 107 95 332 612 104 99 167 623 201 107 95 6
111 114 109 204 265 117 104 118 223 117 122 111 7
104 105 99 102 100 108 104 100 99 98 106 104 8
116 115 107 101 103 111 101 108 108 107 116 111 9
109 114 102 101 103 111 104 106 107 107 116 107 10
109 109 100 100 100 108 98 104 108 107 113 15000 11
Chip#1
115 118 112 115 109 118 113 114 115 114 122 117 0
110 107 102 204 416 110 106 120 549 116 119 109 1
108 110 104 493 599 112 107 141 796 217 112 105 2
104 109 102 115 112 110 103 103 130 107 109 101 3
110 111 104 104 112 112 106 107 111 103 115 103 4
102 105 100 110 124 110 95 105 136 102 110 98 5
114 113 107 483 895 115 108 213 911 274 116 106 6
107 113 105 254 358 112 100 125 279 123 116 102 7
107 109 100 98 102 110 101 103 103 99 111 102 8
121 114 104 101 106 111 99 105 108 100 115 109 9
109 116 103 97 96 110 98 98 106 101 109 106 10
102 100 98 96 97 105 91 98 103 100 110 15000 11
Chip#1
111 111 107 105 110 113 110 111 116 111 120 109 0
104 106 99 235 516 110 101 121 701 116 109 108 1
108 112 106 626 763 113 105 162 1032 261 115 110 2
118 120 112 132 126 116 110 118 155 113 117 113 3
116 114 109 109 110 117 109 111 116 110 120 110 4
114 115 109 119 143 121 108 117 160 117 119 114 5
114 116 108 640 1229 119 108 263 1247 349 116 108 6
113 112 104 325 464 115 112 136 359 134 118 108 7
117 112 104 104 108 113 103 108 110 105 111 104 8
127 117 109 105 103 116 103 109 109 105 114 114 9
117 127 109 109 109 115 107 110 111 105 121 119 10
110 109 103 97 106 111 107 108 109 109 118 15000 11
Chip#1
118 115 108 107 110 118 109 110 119 108 116 108 0
111 115 107 268 618 119 106 135 831 122 119 110 1
114 116 109 729 906 119 108 176 1247 295 118 106 2
120 120 109 131 126 118 111 115 161 116 119 109 3
104 108 100 98 100 111 104 108 110 102 115 101 4
108 101 101 119 141 108 104 112 164 109 108 99 5
116 116 114 747 1460 123 106 299 1495 396 125 113 6
113 113 113 384 541 118 112 144 416 139 118 110 7
123 115 109 110 112 119 114 115 119 110 122 109 8
130 120 108 110 108 113 108 115 117 105 122 114 9
117 124 103 103 107 115 102 101 108 103 116 117 10
114 117 111 109 107 118 104 111 113 111 124 15000 11
Chip#1
122 115 109 110 117 118 113 114 114 112 124 116 0
111 114 109 304 716 116 106 135 971 124 120 109 1
110 117 109 857 1053 118 106 183 1456 336 121 109 2
111 112 107 133 123 118 109 111 165 116 115 104 3
108 112 101 107 108 111 109 109 112 108 116 104 4
111 109 106 124 154 112 106 115 181 114 116 102 5
111 112 107 854 1701 123 109 329 1731 436 117 103 6
113 114 108 431 616 119 109 149 469 138 120 108 7
120 117 106 109 113 119 109 110 113 108 122 107 8
142 122 114 107 113 119 114 110 117 109 130 120 9
128 134 115 110 111 116 113 111 114 111 132 127 10
114 122 113 108 110 116 108 110 112 116 121 15000 11
Chip#1
123 117 111 112 114 119 111 109 118 113 126 110 0
115 121 115 345 816 121 117 147 1138 135 127 121 1
113 117 114 965 1232 120 113 195 1696 377 122 110 2
113 118 110 143 137 120 112 114 182 126 127 115 3
116 123 117 121 120 124 116 119 126 118 126 121 4
115 115 112 139 168 116 114 121 196 120 119 111 5
118 123 115 963 1991 129 116 376 2015 501 127 114 6
116 120 114 490 712 118 109 158 507 149 119 108 7
120 114 107 109 110 113 104 105 110 101 118 102 8
136 123 108 105 109 114 100 109 111 108 117 117 9
121 134 113 103 104 113 109 101 114 104 127 124 10
115 120 115 108 111 116 112 112 114 112 130 15000 11
Chip#1
126 124 108 114 118 118 114 115 122 114 126 110 0
116 120 108 361 888 121 109 147 1216 138 124 112 1
115 122 118 1039 1328 126 114 198 1814 402 127 116 2
116 117 115 142 141 124 107 112 187 125 115 113 3
116 118 114 115 120 119 108 117 121 114 123 113 4
113 114 108 134 172 116 108 119 197 119 120 104 5
107 114 107 1022 2128 124 102 388 2150 519 116 106 6
116 117 113 521 757 120 110 161 538 151 119 111 7
120 109 111 112 116 116 113 112 113 112 119 107 8
141 127 112 112 113 113 108 112 113 108 120 119 9
138 140 118 115 116 121 114 112 121 118 132 136 10
121 123 122 115 115 119 110 112 115 118 125 15000 11
Chip#1
135 125 121 117 122 120 114 121 124 118 127 121 0
126 122 118 406 1002 122 116 158 1377 145 130 121 1
122 121 117 1180 1509 120 112 215 2072 445 124 115 2
127 131 121 157 149 128 122 126 204 129 132 123 3
118 123 118 114 118 125 118 121 124 120 135 117 4
114 120 113 141 186 121 110 128 223 123 118 118 5
115 117 113 1158 2426 126 113 433 2447 590 122 107 6
113 110 109 574 844 117 106 167 595 150 114 107 7
128 120 112 116 114 117 109 112 119 112 118 116 8
146 125 108 108 106 115 104 107 110 109 117 123 9
136 146 122 117 117 120 115 115 122 119 135 140 10
124 127 122 122 116 124 115 120 119 123 136 15000 11
Chip#1
130 115 112 114 120 115 107 111 123 113 121 111 0
118 115 114 424 1072 118 107 156 1451 139 122 113 1
117 115 115 1238 1600 124 108 221 2201 455 121 109 2
120 122 120 153 145 124 117 120 223 126 126 115 3
117 120 115 124 117 124 115 118 128 118 125 114 4
116 117 113 143 188 123 116 124 223 123 124 118 5
121 121 118 1228 2566 132 115 457 2594 626 127 113 6
117 120 122 610 886 125 108 177 637 166 125 109 7
126 110 106 112 110 114 103 105 113 110 116 104 8
157 136 120 118 116 126 114 121 122 114 127 135 9
138 147 124 116 117 121 116 115 120 120 141 142 10
117 118 119 116 112 117 108 109 113 115 126 15000 11
Chip#1
133 116 113 117 116 117 112 116 128 115 132 115 0
118 116 115 451 1138 118 109 161 1549 142 126 116 1
121 123 116 1333 1724 127 116 234 2372 486 129 115 2
115 116 110 154 147 121 113 117 207 128 127 113 3
121 121 113 122 124 127 117 125 127 119 130 119 4
116 120 109 141 197 122 114 130 238 125 126 110 5
120 121 117 1321 2767 133 114 488 2775 663 125 110 6
117 116 113 645 939 125 113 179 675 165 120 113 7
128 115 114 114 116 122 115 115 119 108 126 107 8
157 134 113 119 116 121 116 121 124 114 130 127 9
140 148 123 110 112 124 115 117 124 116 135 141 10
120 123 114 114 113 118 106 115 117 115 127 15000 11
Chip#1
143 123 124 120 126 127 120 122 131 127 132 128 0
123 122 117 484 1216 127 119 168 1669 153 129 119 1
123 121 120 1433 1840 125 118 249 2530 514 131 114 2
133 128 126 165 160 126 125 128 229 134 130 122 3
110 115 114 115 115 121 114 114 122 111 121 113 4
122 122 116 153 203 124 117 130 252 130 126 115 5
121 125 116 1404 2945 136 116 514 2978 701 131 114 6
122 124 124 686 1006 129 118 187 720 173 125 114 7
138 123 113 116 116 121 118 119 122 118 124 117 8
166 134 124 120 116 123 117 121 124 119 127 135 9
151 163 130 125 126 127 123 122 130 125 166 154 10
128 117 114 119 112 116 112 110 118 118 132 15000 11
Chip#1
139 122 118 122 119 122 115 122 125 119 131 117 0
122 123 121 513 1296 125 118 170 1767 151 133 118 1
122 123 120 1536 1962 127 115 258 2705 544 131 112 2
122 123 120 170 157 126 118 126 239 132 132 116 3
118 120 116 119 120 128 118 125 125 118 127 119 4
123 127 118 157 204 126 120 136 264 133 129 117 5
111 114 113 1493 3120 133 110 538 3174 724 121 110 6
124 126 123 716 1072 132 126 191 745 189 130 114 7
140 128 124 122 124 129 123 120 126 118 133 122 8
170 141 122 122 121 123 121 125 124 120 136 140 9
142 151 126 116 114 122 115 116 118 115 141 142 10
124 126 126 120 112 123 115 117 121 125 135 15000 11
Chip#1
145 132 122 127 124 124 123 126 135 124 137 124 0
133 129 128 538 1360 131 122 180 1863 163 139 124 1
118 122 126 1610 2057 127 115 267 2824 571 130 124 2
123 127 126 170 160 129 118 128 243 135 135 120 3
121 125 118 124 124 125 121 128 127 122 132 118 4
127 129 127 164 222 133 127 142 272 137 135 122 5
124 127 120 1575 3297 145 121 573 3328 764 131 119 6
121 115 118 737 1116 125 115 191 774 180 122 118 7
138 129 117 121 125 124 120 121 128 121 129 122 8
166 139 121 121 117 123 118 121 123 123 130 138 9
145 154 128 114 117 120 118 118 120 119 140 152 10
127 130 129 126 124 130 117 126 130 131 143 15000 11
Chip#1
147 128 126 126 130 130 126 130 136 124 140 129 0
129 129 127 558 1434 129 122 181 1979 162 133 125 1
130 123 124 1708 2180 132 121 276 2999 602 132 122 2
121 121 121 165 157 126 116 126 243 137 127 124 3
124 118 121 124 122 126 122 122 130 123 132 126 4
132 134 132 172 230 139 126 148 285 143 141 126 5
124 128 129 1664 3496 141 124 593 3530 807 136 124 6
128 124 120 787 1180 128 118 198 814 189 130 121 7
143 126 123 127 129 125 127 122 125 124 134 128 8
172 151 124 127 127 127 126 132 124 126 137 147 9
148 158 132 120 120 125 123 118 121 120 166 153 10
126 128 131 121 123 124 115 126 124 131 137 15000 11
