Chip#1
107 106 103 106 102 107 97 105 103 105 114 105 0
109 101 105 109 123 110 99 104 135 104 111 107 1
104 99 98 125 130 104 93 100 145 107 109 98 2
110 110 109 105 107 110 99 108 112 103 115 107 3
115 116 111 113 106 112 102 104 110 109 118 110 4
105 107 105 103 105 108 99 106 107 103 110 100 5
105 108 106 126 148 106 98 106 152 110 105 98 6
101 101 98 108 116 105 98 101 109 100 109 96 7
104 103 99 100 102 106 100 100 102 99 110 101 8
103 100 98 99 97 104 92 99 99 98 106 99 9
105 98 94 99 98 102 96 100 101 96 107 97 10
107 110 102 109 110 113 101 107 103 104 116 15000 11
Chip#2
104 100 101 138 111 114 102 104 105 99 97 110 0
103 97 100 138 110 110 100 100 101 99 93 107 1
102 94 97 110 116 107 95 98 113 93 94 105 2
113 103 112 134 123 114 106 107 117 101 103 109 3
102 94 101 103 105 113 100 101 105 95 94 109 4
111 105 112 134 111 113 104 110 113 106 102 115 5
95 93 97 100 107 104 91 95 101 91 92 101 6
101 97 103 134 123 108 99 99 113 95 92 101 7
104 100 106 108 115 110 101 106 113 102 94 112 8
108 102 105 114 114 115 101 101 111 103 101 111 9
104 99 103 104 108 109 101 100 102 94 92 109 10
106 104 109 109 114 114 105 102 111 103 98 15000 11
Chip#3
114 96 95 98 97 95 103 105 111 98 96 92 0
110 96 99 97 91 94 98 100 103 95 90 92 1
117 101 102 102 97 97 104 106 107 99 92 97 2
106 93 100 97 109 100 101 101 107 94 92 95 3
120 100 102 128 194 121 103 112 177 128 97 102 4
112 94 99 101 113 100 102 98 123 101 92 94 5
109 98 102 97 94 98 105 102 104 100 95 99 6
114 100 100 98 106 99 105 104 111 99 95 94 7
103 95 96 111 148 98 100 95 144 124 92 94 8
106 94 94 104 161 103 100 100 162 112 90 92 9
109 95 95 98 93 97 102 98 106 97 91 92 10
110 134 97 97 97 94 107 103 103 96 94 15000 11
Chip#4
99 97 96 99 100 104 105 95 107 95 97 101 0
105 103 105 107 111 115 116 99 113 105 104 133 1
105 102 102 105 112 114 118 103 115 105 104 133 2
102 103 102 104 108 112 114 102 112 112 99 133 3
99 97 100 99 104 111 110 95 111 112 103 133 4
98 95 96 101 106 110 110 97 113 99 99 133 5
100 105 101 101 107 111 111 100 112 112 99 133 6
106 103 100 102 108 111 110 95 110 102 102 133 7
105 107 106 108 113 116 119 104 119 107 102 133 8
105 103 105 104 112 114 114 103 112 103 101 133 9
106 105 108 114 113 115 120 100 113 117 109 133 10
103 103 106 110 111 115 118 103 117 108 108 15000 11
Chip#1
102 101 99 98 102 100 95 95 98 94 105 99 0
107 111 104 131 177 113 100 106 223 105 107 103 1
105 108 104 190 222 108 99 110 276 128 106 103 2
107 107 108 105 106 102 97 100 111 101 109 101 3
101 103 99 98 101 107 95 96 97 93 103 94 4
101 108 104 102 104 101 98 99 109 99 104 96 5
95 101 99 181 276 101 96 121 297 134 105 92 6
101 101 104 131 160 105 97 106 142 103 104 96 7
99 103 102 96 98 101 97 103 98 98 101 96 8
110 102 101 101 99 104 97 101 98 98 108 98 9
102 100 100 92 95 103 94 98 102 89 105 91 10
109 104 104 97 98 104 99 99 103 98 107 15000 11
Chip#2
102 107 110 113 113 115 106 106 112 102 103 111 0
105 104 107 105 104 110 103 100 105 102 96 106 1
101 99 102 134 142 108 103 110 151 99 93 105 2
108 107 109 150 140 116 107 106 152 114 102 116 3
106 101 100 102 111 113 102 100 108 99 101 109 4
103 100 101 109 108 112 101 98 102 93 97 107 5
98 96 99 105 119 104 95 98 117 94 93 103 6
103 100 107 150 171 114 104 104 150 109 101 111 7
103 101 99 103 116 112 104 101 121 96 97 105 8
101 101 101 100 108 107 97 96 97 99 93 105 9
104 101 106 105 110 107 102 100 103 97 96 110 10
105 107 110 113 114 120 107 101 108 101 101 15000 11
Chip#3
101 94 97 95 92 91 95 98 99 94 94 94 0
117 104 103 101 99 97 100 103 104 99 97 103 1
110 99 96 101 97 98 97 99 107 95 95 97 2
109 101 102 105 133 106 101 103 119 101 101 97 3
109 102 102 181 431 170 103 122 333 208 102 97 4
106 95 97 103 172 103 102 105 162 117 94 94 5
109 100 102 99 96 98 101 103 104 98 96 97 6
103 90 92 91 96 92 95 97 98 96 91 85 7
96 90 93 155 268 106 94 100 258 210 89 92 8
108 95 92 134 322 124 98 104 315 210 95 98 9
112 98 98 103 98 98 102 100 102 101 94 94 10
114 134 104 97 102 96 107 103 103 101 95 15000 11
Chip#4
101 102 101 100 105 108 108 96 110 112 102 133 0
102 106 101 102 108 107 109 99 109 102 104 133 1
103 98 96 97 105 101 105 98 106 99 100 133 2
112 103 107 109 114 116 114 108 117 114 109 133 3
106 102 100 101 108 108 113 104 113 104 102 133 4
98 101 94 98 103 106 103 94 106 99 97 101 5
111 107 109 105 115 112 115 105 115 103 111 133 6
105 99 106 104 106 112 112 99 113 101 99 133 7
105 102 105 106 111 112 109 104 116 104 105 133 8
104 101 97 102 109 104 110 101 110 99 102 133 9
111 107 117 107 113 115 116 106 119 111 114 133 10
104 105 100 102 103 107 109 95 110 102 103 15000 11
Chip#1
104 103 100 96 95 101 96 97 102 100 109 95 0
102 104 100 152 245 104 101 108 316 101 104 97 1
111 109 109 286 336 112 101 127 448 160 114 104 2
109 111 106 108 107 110 100 108 122 102 114 102 3
108 105 104 102 100 106 99 100 107 102 106 101 4
109 107 108 107 115 111 98 108 121 107 110 104 5
111 111 108 283 475 114 103 157 479 180 115 98 6
107 102 103 173 214 101 99 109 176 110 110 99 7
99 103 100 95 96 104 97 100 98 95 106 97 8
107 107 101 97 94 104 94 101 99 95 110 102 9
105 105 100 95 98 105 99 96 98 99 105 102 10
108 107 107 101 102 109 104 105 108 103 111 15000 11
Chip#2
103 100 100 99 101 102 99 96 100 99 92 107 0
103 102 102 105 112 106 102 104 105 105 97 105 1
104 99 97 154 174 108 101 122 193 109 93 100 2
97 98 100 154 153 103 100 104 177 108 90 104 3
110 109 107 114 120 109 107 108 113 106 101 111 4
102 100 99 99 103 104 101 96 101 94 96 105 5
104 105 104 134 137 117 107 105 139 106 104 112 6
98 100 100 170 221 102 101 102 187 115 93 101 7
102 99 97 104 116 106 101 94 128 96 94 104 8
109 105 99 105 113 112 109 99 111 102 102 108 9
105 99 97 134 109 108 102 96 108 101 96 109 10
104 100 101 110 110 107 106 101 103 102 98 15000 11
Chip#3
109 102 99 103 101 97 101 105 106 101 101 102 0
116 100 99 99 96 100 102 104 104 96 100 98 1
116 102 102 102 102 99 107 107 112 106 105 102 2
104 95 99 106 151 103 103 99 123 101 94 97 3
103 91 97 215 595 195 95 117 449 236 90 87 4
104 92 99 108 199 102 100 98 193 122 94 94 5
109 99 105 96 97 101 103 103 104 99 98 100 6
103 94 94 98 95 92 95 98 98 95 85 93 7
113 99 98 195 369 121 104 106 345 272 97 100 8
107 95 98 151 436 147 102 105 422 213 96 99 9
114 103 104 103 103 101 103 105 107 103 99 100 10
121 134 103 102 101 97 103 105 107 98 96 15000 11
Chip#4
113 110 106 106 113 112 114 105 116 107 105 133 0
103 101 99 100 103 107 107 95 107 92 97 101 1
110 103 101 104 106 110 112 105 112 104 106 133 2
107 105 104 104 113 112 114 105 118 104 104 133 3
104 101 103 106 113 107 109 100 117 102 106 101 4
106 105 104 107 109 107 113 107 112 102 104 133 5
106 103 108 106 109 110 115 104 112 104 106 101 6
100 99 100 96 100 98 104 99 107 94 97 133 7
104 101 101 108 111 107 107 104 118 103 104 133 8
110 107 113 108 113 110 115 108 119 115 108 133 9
108 109 105 107 108 115 110 105 107 102 110 101 10
107 109 108 108 111 112 116 104 113 109 108 15000 11
Chip#1
105 103 103 102 100 108 102 100 102 101 110 95 0
109 102 101 179 320 99 98 109 433 105 107 96 1
105 99 102 371 446 104 96 126 588 180 111 95 2
102 104 101 105 106 105 100 99 122 101 107 96 3
113 107 109 106 105 110 103 105 105 103 115 104 4
107 103 104 112 117 109 101 103 130 107 114 102 5
117 109 113 373 675 115 104 183 684 218 115 106 6
102 101 98 203 271 105 96 115 223 110 107 98 7
114 105 106 102 103 110 106 101 105 101 110 102 8
111 104 103 103 100 109 98 99 100 96 105 97 9
109 108 104 99 96 103 98 103 101 97 111 102 10
105 102 109 99 100 108 100 100 105 102 111 15000 11
Chip#2
108 100 102 102 108 110 106 100 106 101 100 111 0
106 99 108 103 109 113 102 100 105 102 100 110 1
105 105 106 178 207 117 108 131 229 114 103 109 2
105 101 107 171 207 114 102 113 215 118 97 112 3
103 96 96 104 105 104 97 93 105 100 92 104 4
102 97 107 102 111 113 103 100 110 101 100 109 5
108 106 110 134 144 121 108 108 148 112 105 121 6
108 106 109 207 269 112 109 116 226 128 104 112 7
109 100 108 134 127 109 103 101 148 106 98 110 8
105 100 106 102 109 110 100 102 107 105 102 112 9
110 104 105 108 108 110 107 102 108 103 98 109 10
113 103 107 107 114 108 108 106 106 106 104 15000 11
Chip#3
119 134 101 104 101 101 101 103 104 101 99 102 0
115 100 94 96 91 90 97 98 104 92 86 93 1
120 99 102 107 104 100 102 107 109 100 100 102 2
109 99 103 115 184 114 102 109 136 108 101 102 3
106 98 96 277 838 252 98 139 618 312 94 95 4
107 99 99 122 259 112 104 103 225 138 94 94 5
108 96 99 96 88 94 92 101 99 95 91 95 6
104 94 98 101 102 97 106 100 110 107 94 94 7
108 93 97 227 506 128 100 103 449 349 89 92 8
103 93 99 174 610 168 95 115 578 267 90 95 9
109 98 105 98 100 101 102 106 107 95 91 102 10
126 134 104 108 106 102 106 103 111 102 102 15000 11
Chip#4
110 111 108 109 114 112 115 108 118 115 106 133 0
100 97 100 102 102 106 108 100 106 96 102 101 1
110 102 108 106 108 114 108 104 111 103 103 133 2
103 101 103 104 106 108 107 98 108 103 100 101 3
108 99 104 106 118 106 107 106 117 112 105 133 4
106 103 107 109 112 112 113 106 113 105 111 101 5
110 105 109 99 108 108 113 104 111 112 106 133 6
102 101 100 97 105 107 106 101 110 96 102 133 7
111 106 108 106 120 111 111 107 120 105 105 133 8
103 97 98 100 108 105 107 101 112 97 102 101 9
104 97 99 100 100 105 108 95 106 99 104 133 10
105 103 104 105 106 111 111 104 112 107 108 15000 11
Chip#1
115 107 109 108 107 111 104 108 115 109 116 106 0
109 109 107 191 386 111 101 119 497 112 116 104 1
104 94 99 437 528 104 96 128 717 195 106 91 2
103 98 99 109 110 110 99 98 130 100 107 99 3
103 107 102 103 103 108 99 101 106 100 111 98 4
110 109 111 121 127 113 108 112 139 107 112 102 5
104 97 95 428 802 103 98 189 800 237 102 95 6
104 105 103 246 342 108 101 124 259 117 107 99 7
102 98 98 99 95 103 94 97 103 98 109 97 8
114 102 99 98 98 108 94 97 98 96 104 99 9
108 106 109 101 100 108 96 101 105 96 114 103 10
107 103 107 99 105 111 99 103 107 101 113 15000 11
Chip#2
111 110 106 104 115 112 111 102 112 106 101 113 0
109 100 108 109 114 114 108 108 110 107 100 110 1
110 108 109 203 244 116 115 147 271 116 108 115 2
108 108 112 202 213 114 112 122 259 134 103 113 3
111 109 114 115 121 117 111 107 119 106 107 113 4
109 107 103 109 113 115 102 104 113 103 101 111 5
109 105 109 150 158 116 108 112 160 108 109 115 6
108 106 108 239 328 113 109 119 255 139 105 113 7
109 110 110 134 136 116 109 107 164 112 108 111 8
109 99 103 102 109 114 102 104 110 105 100 109 9
117 105 107 108 116 114 110 111 111 106 102 111 10
106 109 107 103 111 107 104 101 113 103 101 15000 11
Chip#3
120 104 104 92 97 97 102 99 104 95 96 102 0
120 103 98 90 94 95 96 100 99 94 90 100 1
109 89 94 85 97 91 95 99 103 92 91 93 2
110 98 102 113 189 109 102 105 134 105 96 96 3
104 98 96 289 918 259 100 142 674 335 91 96 4
113 103 94 120 265 109 107 108 238 144 97 102 5
110 98 102 99 99 96 103 106 107 99 99 100 6
110 134 102 102 110 105 107 105 112 109 101 99 7
112 99 99 244 554 147 102 111 491 380 94 103 8
108 98 104 189 670 183 104 119 634 289 96 103 9
109 94 96 99 95 95 101 97 103 97 94 97 10
117 102 100 95 97 94 97 100 101 95 96 15000 11
Chip#4
106 103 104 105 113 110 114 103 111 112 105 133 0
108 105 102 105 107 107 113 100 107 99 99 133 1
107 107 111 110 114 116 115 108 115 116 115 133 2
105 105 102 104 108 107 107 103 111 102 99 133 3
107 107 111 114 121 112 116 112 116 107 109 101 4
108 109 105 106 113 114 113 104 111 112 103 133 5
105 102 104 104 105 108 103 105 108 99 101 101 6
110 107 108 107 107 114 110 105 113 115 105 133 7
107 103 106 111 117 111 111 107 119 107 107 101 8
106 111 106 109 113 110 113 107 116 105 104 101 9
111 107 109 107 114 112 115 105 113 112 108 133 10
112 111 109 108 111 116 115 107 113 115 109 15000 11
Chip#1
111 106 104 109 106 108 101 106 111 109 111 108 0
121 116 115 218 466 114 108 127 620 119 118 110 1
110 109 113 545 659 113 102 147 885 233 110 102 2
103 103 107 116 113 106 99 102 138 108 110 96 3
107 107 106 103 106 111 101 105 108 104 112 102 4
105 97 101 114 127 107 99 104 143 102 111 98 5
111 108 107 535 996 114 101 221 1007 293 110 98 6
113 109 107 277 386 110 105 126 300 121 114 103 7
116 108 106 106 105 112 101 107 107 102 111 106 8
123 108 109 109 103 108 103 104 109 102 112 109 9
110 113 107 103 100 105 101 104 109 98 116 109 10
105 105 111 98 98 103 102 103 104 104 113 15000 11
Chip#2
106 97 99 102 108 114 104 100 105 100 95 110 0
104 100 101 105 107 109 104 95 105 102 97 101 1
101 100 101 215 252 112 102 147 294 115 94 101 2
112 107 108 215 224 115 108 120 274 137 107 112 3
110 105 103 107 115 109 105 104 117 106 105 111 4
111 107 112 134 116 119 109 105 116 108 108 112 5
104 104 103 150 163 115 109 105 164 101 100 110 6
108 101 107 269 369 114 108 120 286 145 98 110 7
110 107 109 134 139 115 112 107 172 109 105 113 8
113 105 108 108 110 114 108 107 113 106 103 113 9
109 104 107 108 107 114 103 104 108 101 103 109 10
105 97 99 104 104 104 97 94 103 96 94 15000 11
Chip#3
122 134 109 105 104 100 106 107 107 101 109 112 0
119 134 97 96 95 95 100 99 105 100 96 103 1
114 103 100 105 101 104 104 107 109 101 96 98 2
108 101 100 113 202 114 102 105 144 103 95 103 3
109 101 98 311 996 276 97 145 720 363 98 95 4
110 101 99 124 278 117 104 111 256 151 100 102 5
108 99 100 101 104 96 101 104 106 99 96 97 6
103 95 94 101 103 97 98 100 111 108 96 95 7
107 101 100 267 596 135 104 109 527 405 95 102 8
108 102 98 190 721 183 100 119 687 301 92 102 9
114 100 99 99 107 100 106 106 110 103 100 95 10
136 134 109 110 106 103 110 113 111 106 106 15000 11
Chip#4
115 117 113 109 120 119 119 110 117 109 109 133 0
115 115 111 113 117 119 119 112 116 111 108 133 1
112 111 109 107 113 113 116 108 115 112 109 133 2
110 106 108 108 115 114 115 108 119 115 106 133 3
113 106 113 118 128 113 114 110 123 116 108 133 4
111 110 109 109 120 112 116 107 119 105 105 133 5
111 111 104 108 114 112 114 108 112 114 111 133 6
105 103 105 105 107 107 111 98 108 101 98 101 7
118 117 114 119 126 117 115 114 133 121 111 133 8
111 110 106 109 117 116 113 105 117 112 106 133 9
107 109 111 107 114 116 116 107 110 112 108 133 10
111 113 109 109 113 112 115 106 111 107 109 15000 11
Chip#1
124 117 117 114 114 116 105 111 122 111 124 114 0
115 114 111 248 546 113 107 126 727 119 120 108 1
109 110 115 658 801 117 104 160 1074 270 118 104 2
110 112 112 129 124 115 107 110 153 113 117 105 3
111 109 111 108 108 113 100 110 114 107 116 104 4
107 111 110 125 145 111 104 114 163 111 121 105 5
109 109 104 667 1289 116 99 262 1298 353 111 98 6
110 113 113 345 486 117 103 136 365 134 118 107 7
121 112 113 116 114 115 112 108 112 116 121 111 8
126 118 106 105 110 109 105 107 109 107 116 112 9
115 119 115 102 103 110 98 104 105 101 115 115 10
117 116 117 115 115 118 104 114 115 115 129 15000 11
Chip#2
115 107 108 110 115 114 109 107 113 105 105 115 0
117 108 110 134 118 116 112 106 117 109 107 113 1
106 97 106 245 301 115 108 159 360 122 101 110 2
106 103 106 239 255 113 107 119 324 137 101 107 3
110 105 103 134 117 115 105 105 113 102 107 109 4
106 106 107 110 110 114 110 105 111 103 102 107 5
105 97 105 148 172 110 104 107 183 103 99 106 6
109 106 110 333 497 114 110 154 364 167 100 106 7
112 107 107 150 147 113 108 106 202 107 108 112 8
109 107 110 107 115 120 111 105 116 106 103 113 9
111 106 102 105 114 110 108 108 112 106 101 106 10
109 104 103 104 110 109 104 101 105 102 98 15000 11
Chip#3
116 134 106 104 100 100 107 108 109 103 106 107 0
126 134 105 97 102 102 104 100 104 106 99 107 1
120 102 101 104 100 103 102 104 104 100 101 100 2
116 134 107 123 234 124 112 112 150 114 106 108 3
112 99 98 331 1068 303 103 155 776 390 98 99 4
106 134 105 129 303 118 110 110 269 156 100 106 5
109 101 100 104 101 105 108 107 105 106 102 100 6
103 94 95 98 100 97 99 101 107 102 95 98 7
108 104 105 281 641 147 110 112 570 432 101 98 8
114 104 109 210 762 198 112 125 732 332 102 105 9
108 97 97 96 98 94 98 98 103 94 97 90 10
124 134 102 104 106 100 102 109 110 104 104 15000 11
Chip#4
104 107 109 104 109 106 113 105 110 102 105 101 0
110 109 109 106 112 111 114 107 115 109 104 133 1
111 109 110 109 111 114 109 107 118 112 114 133 2
108 107 110 113 113 113 118 108 119 112 105 133 3
114 110 117 134 136 116 117 118 130 120 116 133 4
111 117 115 116 117 116 121 112 120 116 111 133 5
113 117 117 111 120 115 119 112 120 116 109 133 6
119 118 121 121 121 121 123 119 127 120 117 133 7
111 105 110 118 131 112 113 116 143 116 108 133 8
107 110 109 111 117 110 109 106 119 104 105 101 9
113 109 114 114 112 117 116 110 118 118 113 133 10
115 117 117 110 115 118 120 111 123 103 113 15000 11
Chip#1
111 112 107 108 103 109 101 107 111 104 119 104 0
110 106 106 264 599 113 100 131 797 121 114 107 1
114 112 109 693 879 117 107 170 1194 288 116 108 2
108 111 104 122 118 113 106 107 155 105 112 106 3
108 110 110 108 108 108 102 109 109 101 112 107 4
109 104 107 122 144 112 104 114 168 107 114 108 5
113 109 112 732 1432 119 103 289 1449 386 111 107 6
113 109 113 370 524 119 105 143 403 134 121 106 7
124 118 113 115 113 118 113 115 113 112 120 111 8
134 118 112 112 109 110 106 110 112 110 118 119 9
121 121 111 108 105 109 106 108 109 101 120 115 10
117 119 120 114 111 114 109 114 117 115 122 15000 11
Chip#2
113 106 105 104 112 117 108 99 106 103 105 112 0
110 109 107 134 117 114 109 106 117 108 106 110 1
105 106 112 268 329 117 107 168 393 130 110 111 2
106 105 106 254 270 119 106 123 349 144 103 112 3
112 108 109 111 118 117 112 108 118 107 112 108 4
108 108 104 110 113 117 109 106 112 103 101 113 5
111 108 109 155 190 121 114 111 196 109 109 115 6
105 107 107 364 539 113 110 132 394 166 105 109 7
111 107 114 150 161 122 115 112 215 118 112 115 8
111 106 112 109 110 119 108 106 114 105 109 108 9
122 106 109 134 118 121 116 110 123 109 112 118 10
113 106 117 134 121 121 115 108 118 115 113 15000 11
Chip#3
112 100 99 99 94 94 101 101 96 93 97 105 0
122 134 96 94 98 95 101 101 103 97 94 102 1
123 134 104 105 106 106 107 112 112 109 104 107 2
113 102 99 111 210 116 104 105 144 110 97 100 3
114 103 105 334 1071 301 109 154 782 391 104 105 4
108 93 97 120 288 110 98 101 268 150 95 94 5
113 134 105 108 112 103 106 110 112 110 100 107 6
106 98 105 103 106 99 106 105 116 115 101 102 7
114 134 109 282 649 147 111 117 578 462 110 107 8
108 99 100 205 762 195 103 123 725 329 104 98 9
117 105 110 103 106 103 109 110 117 107 102 107 10
123 105 96 98 100 92 101 105 106 98 98 15000 11
Chip#4
110 111 113 109 117 114 118 110 116 109 110 133 0
116 109 111 110 113 117 121 112 118 116 109 133 1
116 115 113 111 117 119 118 113 118 118 115 133 2
117 115 117 117 124 119 123 118 129 116 116 133 3
115 115 117 135 139 117 121 119 133 122 114 133 4
110 107 105 106 109 111 110 108 118 114 106 133 5
108 114 114 108 117 116 115 110 117 116 113 133 6
117 115 116 114 123 119 121 116 123 116 114 133 7
115 117 111 135 136 119 115 119 146 121 108 133 8
111 106 105 107 117 111 113 105 122 112 106 133 9
119 114 118 109 113 119 116 112 119 121 116 133 10
113 118 114 114 118 117 124 112 122 121 115 15000 11
Chip#1
123 112 109 110 107 116 110 109 117 105 120 109 0
117 110 113 286 665 115 103 134 887 124 116 109 1
111 109 112 788 968 115 103 174 1323 310 121 107 2
109 109 109 131 122 113 107 114 160 116 115 104 3
107 109 106 105 106 111 100 109 112 107 116 102 4
111 114 112 132 154 116 106 119 177 114 118 104 5
117 115 117 801 1576 122 114 319 1588 417 125 109 6
121 115 114 403 576 119 113 155 439 142 124 111 7
126 116 116 117 117 115 112 119 117 113 118 114 8
135 117 109 105 104 112 102 108 108 102 120 109 9
128 129 117 114 112 118 109 114 119 111 130 121 10
120 117 117 109 113 116 107 114 112 114 127 15000 11
Chip#2
116 107 106 110 114 119 109 105 114 103 109 113 0
113 107 113 134 125 120 115 111 119 110 109 116 1
117 111 110 293 356 117 114 182 429 134 109 112 2
111 106 107 280 293 117 109 131 380 151 108 112 3
108 107 107 111 116 109 108 106 116 102 99 111 4
115 112 112 113 118 121 108 112 114 110 109 110 5
111 110 108 161 201 122 112 111 205 112 110 115 6
109 111 113 423 585 115 110 154 425 181 108 111 7
108 103 106 160 154 117 108 100 215 108 100 111 8
119 102 114 160 123 127 112 114 118 110 116 113 9
117 108 109 115 120 113 108 107 113 105 104 118 10
127 108 119 134 128 124 120 116 126 118 117 15000 11
Chip#3
124 134 116 108 104 105 110 117 117 108 111 114 0
119 102 97 95 91 95 100 101 104 93 96 103 1
117 100 105 101 102 103 104 106 107 100 100 102 2
113 102 106 128 211 117 107 114 146 114 102 105 3
108 102 103 339 1073 302 108 159 779 390 101 100 4
107 92 95 122 291 109 98 103 257 147 95 94 5
114 102 106 109 107 105 111 111 111 108 102 105 6
114 96 105 108 108 100 104 109 110 111 102 104 7
109 98 103 278 642 147 104 111 574 461 100 99 8
107 134 107 207 774 194 105 121 726 326 101 104 9
115 95 100 96 96 98 100 100 103 102 95 103 10
123 110 98 103 95 97 103 103 104 102 97 15000 11
Chip#4
112 114 110 106 117 113 120 113 120 112 115 133 0
113 113 109 107 114 109 114 109 113 102 110 101 1
116 113 116 110 121 119 119 116 122 117 114 133 2
112 110 109 111 122 116 112 112 124 107 111 133 3
117 111 115 130 141 120 119 116 135 107 114 133 4
119 119 117 116 121 125 122 122 127 122 117 133 5
111 109 109 105 112 114 119 110 119 107 111 101 6
113 105 111 107 117 116 117 112 121 109 110 101 7
115 113 115 137 139 120 120 124 153 116 115 133 8
121 119 118 117 130 121 116 120 131 120 121 133 9
122 119 116 118 123 121 125 117 126 125 120 133 10
115 110 113 110 115 120 119 113 124 122 110 15000 11
Chip#1
129 122 118 119 115 118 110 116 123 118 125 116 0
114 110 113 304 717 113 103 136 970 125 121 106 1
113 113 113 857 1056 118 104 181 1452 338 116 114 2
111 109 112 134 128 117 104 112 168 113 111 109 3
109 110 114 112 111 111 103 109 115 111 115 102 4
120 117 115 136 161 118 108 125 181 119 120 115 5
114 114 112 869 1728 121 102 329 1733 436 116 104 6
109 113 107 425 623 114 99 144 460 137 109 102 7
127 115 115 116 117 118 106 112 117 114 119 113 8
142 132 115 113 112 117 109 115 117 105 121 123 9
120 125 123 103 107 111 104 107 112 105 121 121 10
114 116 117 116 113 112 106 114 111 114 125 15000 11
Chip#2
117 112 112 113 112 117 114 107 116 108 105 119 0
116 112 112 117 124 121 115 112 123 110 109 112 1
109 111 105 311 377 117 111 186 471 137 107 115 2
115 113 115 300 319 121 112 137 412 165 111 122 3
113 107 108 115 117 114 111 110 121 107 108 116 4
116 113 112 134 118 122 115 113 122 115 115 117 5
106 109 112 170 202 119 111 104 215 112 107 113 6
109 111 109 420 633 120 114 147 456 191 109 113 7
112 111 112 149 164 117 111 111 229 115 109 121 8
118 109 115 148 120 120 115 114 117 114 112 118 9
118 105 107 110 110 113 105 99 111 107 102 112 10
112 109 108 110 115 115 111 108 108 107 105 15000 11
Chip#3
120 134 105 101 95 95 101 109 105 100 99 113 0
129 134 102 102 97 99 108 110 106 104 100 112 1
119 103 99 106 99 101 102 106 105 103 98 107 2
106 96 96 117 214 110 96 101 140 104 94 93 3
119 101 104 355 1151 316 103 160 834 412 97 103 4
104 94 91 127 307 112 103 105 271 152 94 94 5
110 100 101 104 100 101 106 109 107 101 102 104 6
106 100 99 102 103 100 106 105 110 110 99 95 7
107 100 98 290 683 163 102 114 610 487 95 95 8
107 95 100 205 821 199 97 121 780 341 95 103 9
116 134 104 106 103 98 100 108 109 104 101 103 10
126 107 96 98 99 95 98 106 102 99 94 15000 11
Chip#4
115 113 114 113 114 123 114 110 119 118 115 133 0
117 114 114 114 118 122 120 114 117 120 113 133 1
112 113 114 114 113 117 112 110 113 112 110 133 2
117 118 119 120 125 123 116 119 130 122 115 133 3
113 115 112 141 146 119 119 117 139 118 111 133 4
111 114 117 121 115 121 120 113 122 120 112 133 5
118 114 118 118 120 121 124 119 123 120 117 133 6
118 114 114 116 115 119 115 110 119 121 114 133 7
113 113 111 140 143 123 113 126 154 127 112 133 8
117 117 114 121 124 121 120 118 129 121 114 133 9
117 113 114 117 115 120 118 107 124 120 116 133 10
119 113 118 113 115 124 124 112 122 118 120 15000 11
Chip#1
123 110 114 113 108 114 109 110 118 115 118 114 0
118 116 116 331 776 117 109 145 1045 127 122 115 1
114 114 108 932 1148 112 104 191 1559 355 116 107 2
110 111 110 132 126 115 100 112 168 112 112 105 3
114 112 113 110 112 118 107 114 118 109 121 110 4
111 113 115 132 163 118 108 117 185 116 122 109 5
117 115 117 937 1856 124 107 351 1873 468 120 109 6
115 115 117 468 668 119 108 154 471 145 118 111 7
127 117 115 113 117 122 115 118 119 116 126 113 8
130 120 111 106 106 114 108 112 107 103 114 119 9
126 128 117 106 104 106 107 110 111 106 121 131 10
111 116 111 109 104 109 103 106 112 111 118 15000 11
Chip#2
115 112 110 114 114 119 111 110 113 108 105 118 0
116 112 112 120 123 119 112 112 127 113 107 112 1
110 109 110 319 394 119 108 191 484 138 105 115 2
108 109 109 307 325 116 112 190 425 163 104 115 3
118 109 113 134 124 119 116 113 123 112 112 117 4
104 106 108 134 113 114 110 106 112 106 100 111 5
118 112 113 173 217 116 115 114 224 115 109 118 6
113 111 112 439 659 119 109 150 480 196 105 119 7
108 110 106 155 167 116 113 112 229 115 107 117 8
115 113 108 116 120 112 111 110 116 107 108 115 9
123 113 115 120 118 117 115 107 117 109 109 122 10
120 113 117 134 118 116 112 110 112 115 110 15000 11
Chip#3
121 107 106 101 100 103 106 107 107 103 105 109 0
129 134 111 105 107 102 112 111 110 106 101 109 1
119 102 99 102 102 104 110 103 106 103 96 104 2
104 99 94 116 214 116 102 103 139 106 93 98 3
108 100 102 355 1149 313 98 154 834 412 94 100 4
115 100 102 130 318 116 107 110 283 157 99 102 5
110 103 105 107 104 107 110 108 111 102 99 107 6
106 100 99 104 108 101 108 105 117 116 99 100 7
114 104 107 298 694 163 107 115 613 489 104 104 8
114 107 112 221 824 210 109 126 783 353 105 108 9
117 102 100 101 103 102 101 103 107 103 96 103 10
126 134 102 101 106 99 106 104 107 101 96 15000 11
Chip#4
116 117 114 111 112 113 113 110 120 118 111 133 0
114 111 111 111 118 120 120 110 115 114 114 133 1
116 115 114 109 113 117 115 112 116 117 110 133 2
113 113 115 119 122 118 118 115 128 123 116 133 3
118 111 115 142 150 124 119 122 140 122 115 133 4
118 117 115 116 121 125 116 117 125 121 118 133 5
122 119 119 114 118 122 126 117 123 123 117 133 6
113 110 112 113 115 120 120 110 119 117 110 133 7
116 117 113 146 146 122 121 126 159 122 115 133 8
118 117 117 117 128 121 125 120 132 123 120 133 9
125 117 122 123 126 128 126 118 126 130 123 133 10
113 117 111 104 115 119 121 107 118 120 111 15000 11
Chip#1
124 114 115 112 112 113 105 111 115 115 120 110 0
108 110 106 339 832 108 98 137 1126 126 114 104 1
117 115 114 975 1240 119 109 207 1690 381 120 110 2
115 107 113 133 128 114 108 109 175 116 113 109 3
116 109 111 110 112 110 104 108 113 109 112 107 4
114 115 114 133 167 115 107 120 189 117 115 104 5
118 118 121 974 2019 127 110 379 2015 502 121 109 6
114 114 113 496 715 116 105 160 493 146 118 110 7
124 117 116 113 111 114 109 114 117 115 122 113 8
140 118 112 106 105 113 106 110 111 108 115 116 9
127 140 118 109 107 115 107 114 113 108 124 130 10
122 120 118 122 113 119 110 112 120 122 130 15000 11
Chip#2
118 112 109 111 115 115 108 108 113 105 108 115 0
110 109 108 115 117 119 108 107 119 102 104 115 1
116 108 113 351 420 124 112 206 522 144 112 121 2
109 109 112 327 341 116 109 137 455 170 105 116 3
111 108 109 114 115 117 104 108 123 107 107 117 4
116 108 121 134 123 126 117 117 118 115 116 121 5
112 112 110 178 222 117 112 113 229 115 110 116 6
113 112 109 462 698 120 111 147 507 198 110 116 7
112 112 108 155 171 121 114 111 242 112 110 119 8
116 112 110 154 118 119 111 107 116 110 109 117 9
122 112 115 121 124 124 116 114 121 116 117 125 10
129 112 117 134 122 123 117 114 114 114 118 15000 11
Chip#3
121 134 108 103 104 102 104 105 109 107 102 113 0
129 109 104 102 100 99 106 106 110 106 105 108 1
115 99 98 97 100 100 104 100 101 95 99 100 2
107 96 98 116 217 117 101 104 145 107 98 98 3
114 104 108 358 1151 317 107 167 840 432 105 106 4
110 94 98 126 311 116 103 106 278 155 95 100 5
110 100 106 103 100 103 106 109 105 103 100 106 6
108 103 105 103 112 102 103 115 115 115 104 104 7
113 104 109 296 687 147 110 121 610 493 102 109 8
112 102 104 212 820 207 103 125 781 348 98 102 9
117 103 101 102 103 99 107 101 105 102 96 103 10
122 134 98 102 94 98 105 104 105 100 98 15000 11
Chip#4
119 119 117 116 124 123 125 112 126 122 116 133 0
117 117 110 110 115 116 120 111 120 116 111 133 1
117 114 114 118 121 120 121 113 126 121 117 133 2
122 119 124 136 138 125 127 124 141 128 123 133 3
120 119 119 147 153 124 124 119 144 131 117 133 4
114 119 117 115 124 122 119 113 133 118 115 133 5
116 115 114 110 112 116 118 112 119 103 114 133 6
117 115 113 116 121 122 124 116 130 120 117 133 7
124 119 118 148 147 123 125 131 171 127 116 133 8
120 119 116 120 130 122 123 120 134 121 116 133 9
117 118 115 116 119 121 127 110 125 103 119 133 10
135 118 122 134 131 131 133 122 140 131 126 15000 11
Chip#1
121 112 112 114 110 113 108 109 113 110 112 111 0
116 114 118 368 897 115 107 144 1221 133 120 115 1
116 117 116 1039 1328 115 114 207 1810 407 125 115 2
123 121 117 147 142 122 116 120 186 129 124 116 3
116 122 122 113 115 120 113 112 119 113 114 113 4
116 117 117 137 175 118 116 121 202 120 122 113 5
115 112 114 1044 2144 125 105 386 2169 524 116 103 6
116 115 113 524 755 116 115 161 534 151 120 110 7
123 115 115 112 113 114 114 111 114 110 124 113 8
143 120 109 107 114 117 110 105 110 109 114 121 9
130 139 122 112 114 117 113 110 114 108 131 132 10
120 122 118 115 113 116 112 110 117 112 127 15000 11
Chip#2
120 112 116 134 116 123 115 114 117 114 112 123 0
113 103 112 111 118 117 110 108 119 109 108 118 1
112 111 112 361 464 121 114 210 550 147 105 116 2
108 104 110 339 355 119 109 136 480 166 101 111 3
111 107 106 114 118 110 110 106 119 105 109 113 4
112 108 113 113 116 117 112 111 122 110 110 118 5
118 108 115 187 232 121 120 117 240 118 116 124 6
117 108 122 499 759 130 122 163 552 215 120 126 7
115 112 115 157 174 123 114 112 254 116 108 117 8
115 107 110 111 114 114 109 111 112 110 105 118 9
119 113 116 114 116 115 112 111 121 108 105 122 10
119 113 114 114 117 115 112 111 118 112 113 15000 11
Chip#3
120 134 108 101 99 102 104 104 109 100 104 112 0
121 104 102 95 97 97 94 103 99 98 95 100 1
121 101 105 102 99 101 107 106 105 98 105 103 2
114 98 100 118 218 111 103 105 139 107 97 96 3
113 101 103 354 1149 314 101 157 832 410 96 100 4
116 100 105 126 314 116 107 112 281 156 105 102 5
104 98 102 94 95 99 101 105 104 101 99 102 6
110 100 103 102 104 96 104 104 109 108 100 104 7
112 96 104 290 687 147 101 115 606 483 95 99 8
108 102 99 210 820 198 101 119 771 343 96 100 9
115 103 102 102 105 99 103 99 106 101 102 98 10
133 134 104 109 104 101 106 105 110 106 106 15000 11
Chip#4
120 118 125 134 131 126 131 122 131 127 122 133 0
117 115 124 114 120 119 124 116 125 103 116 133 1
117 115 121 117 121 124 123 116 124 122 121 133 2
116 111 113 118 127 120 119 117 128 117 115 133 3
119 119 120 147 157 128 118 124 151 130 118 133 4
112 113 107 115 118 120 114 112 122 118 115 133 5
124 113 125 120 128 128 126 119 128 129 125 133 6
112 110 113 114 115 117 123 110 124 117 111 133 7
122 110 117 151 151 125 131 135 172 130 121 133 8
117 110 118 119 128 121 123 120 135 123 120 133 9
120 110 126 123 126 128 122 118 129 125 122 133 10
122 110 118 113 122 121 123 112 126 127 120 15000 11
Chip#1
129 120 118 113 116 119 114 114 123 113 124 115 0
113 108 107 377 939 115 107 138 1282 131 111 107 1
117 115 114 1110 1411 118 114 207 1934 421 120 110 2
116 113 114 140 138 115 113 114 189 126 120 113 3
121 127 118 127 123 125 122 120 123 115 129 121 4
117 117 118 140 182 119 115 125 223 120 118 110 5
116 116 115 1108 2311 125 113 412 2296 557 118 105 6
122 118 117 554 808 121 118 170 569 156 125 114 7
129 114 112 112 119 119 114 111 121 112 125 111 8
153 130 117 117 113 120 116 116 120 117 124 129 9
132 139 124 114 115 118 108 112 117 112 135 135 10
116 118 116 113 110 115 108 110 115 120 126 15000 11
Chip#2
118 110 113 114 114 120 109 108 113 107 107 116 0
116 109 117 134 127 122 116 117 129 116 109 120 1
113 111 112 373 478 121 112 219 574 145 104 118 2
112 111 119 358 380 124 115 147 506 184 113 122 3
120 111 115 134 128 121 116 117 130 118 113 121 4
105 111 109 134 114 115 112 111 116 110 109 111 5
109 112 108 183 231 115 110 116 240 114 103 115 6
115 112 121 514 789 121 115 153 563 216 110 113 7
117 111 119 160 182 120 116 120 263 118 112 117 8
117 109 109 109 114 120 109 108 117 112 108 116 9
153 113 113 134 118 120 115 111 113 112 113 124 10
120 113 119 134 123 121 115 118 118 116 120 15000 11
Chip#3
119 106 105 99 101 98 98 101 106 100 100 110 0
130 134 102 99 103 102 110 105 109 101 98 108 1
123 104 105 102 102 101 108 109 111 103 101 105 2
112 95 102 115 212 115 96 103 137 109 97 98 3
112 103 105 359 1150 312 102 160 833 413 99 102 4
112 103 105 137 315 119 110 111 281 160 102 102 5
115 134 107 106 108 103 110 110 114 101 104 104 6
112 103 104 107 109 102 108 105 113 115 101 105 7
104 95 100 289 683 147 101 110 598 487 96 98 8
109 96 98 211 817 201 96 120 779 341 94 98 9
116 99 106 101 103 101 106 103 111 101 99 100 10
134 134 104 102 100 99 103 106 109 100 101 15000 11
Chip#4
116 110 116 110 118 119 120 119 124 118 117 133 0
124 118 115 115 119 119 126 115 120 103 114 101 1
116 119 115 113 120 122 123 116 120 127 117 133 2
120 119 118 140 136 128 125 125 134 128 122 133 3
126 119 120 156 160 126 125 129 155 131 123 133 4
118 119 113 121 125 124 124 116 123 122 120 133 5
119 115 117 111 115 123 121 120 120 120 112 133 6
118 115 117 134 120 121 124 117 127 121 114 133 7
120 115 121 151 153 124 125 135 169 124 118 133 8
125 115 122 128 137 125 130 129 141 129 126 133 9
124 115 121 117 128 124 124 119 123 123 125 133 10
128 115 119 116 123 125 131 119 130 125 125 15000 11
Chip#1
130 121 116 115 117 117 108 112 123 118 125 117 0
113 115 116 410 1002 118 107 156 1372 138 120 114 1
121 122 121 1186 1512 123 115 219 2070 445 125 119 2
102 112 111 138 133 112 109 109 187 116 111 106 3
117 121 114 118 120 123 110 117 129 119 120 114 4
120 120 125 150 192 127 118 131 223 129 129 118 5
124 126 126 1188 2466 133 114 446 2471 605 135 117 6
114 118 119 582 852 123 117 171 604 161 125 117 7
123 115 111 108 112 118 104 108 114 107 114 108 8
143 125 114 114 112 117 106 111 111 109 125 122 9
132 139 118 110 110 116 107 114 113 109 131 136 10
123 123 125 121 120 119 111 122 122 125 135 15000 11
Chip#2
129 113 116 134 126 124 122 116 123 116 117 127 0
119 113 117 134 128 122 112 112 127 114 115 121 1
120 113 121 406 510 127 121 221 615 157 115 124 2
118 113 112 378 397 122 121 147 535 190 112 117 3
115 113 112 134 129 127 116 116 127 113 113 117 4
112 109 112 111 120 121 109 110 118 109 104 119 5
116 111 114 193 243 126 116 116 248 119 109 117 6
122 111 121 546 836 122 118 163 600 227 117 123 7
120 111 115 168 192 123 115 114 272 121 114 122 8
119 111 120 134 125 120 115 113 121 118 113 124 9
130 111 115 134 120 121 111 116 122 113 112 123 10
153 127 120 134 129 120 114 116 122 119 115 15000 11
Chip#3
120 107 106 99 99 100 102 103 106 99 102 107 0
132 134 105 102 103 102 110 109 109 99 100 111 1
120 101 100 100 102 101 104 103 102 98 95 100 2
108 98 99 111 211 111 102 105 140 102 94 97 3
114 134 101 357 1153 315 102 158 838 432 99 101 4
107 102 95 125 307 114 103 103 275 150 99 95 5
117 107 107 106 107 109 108 110 112 106 107 107 6
112 134 105 107 111 106 107 110 115 114 108 102 7
107 134 97 295 689 163 102 110 604 486 95 99 8
114 98 102 209 824 201 102 120 776 348 94 104 9
122 104 103 103 103 107 104 101 107 102 100 108 10
130 134 102 102 101 99 101 107 105 104 100 15000 11
Chip#4
120 118 122 115 121 121 124 119 123 124 117 133 0
122 117 117 117 119 128 125 114 126 125 117 133 1
120 117 118 113 124 123 119 114 124 123 119 133 2
128 117 128 136 138 127 132 128 137 127 123 133 3
124 115 121 150 165 125 125 124 154 128 123 133 4
120 115 121 134 128 125 122 123 130 128 120 133 5
120 115 118 114 118 124 124 117 123 125 121 133 6
122 115 120 119 124 125 126 124 134 125 117 133 7
119 115 121 155 155 127 125 134 180 129 118 133 8
120 115 119 134 131 124 126 122 139 124 118 133 9
122 115 117 118 119 121 126 117 129 123 122 133 10
131 115 125 120 127 129 132 122 137 131 129 15000 11
Chip#1
142 128 124 122 128 125 123 128 132 129 137 123 0
118 122 117 430 1072 118 112 159 1458 141 130 115 1
117 120 116 1247 1622 125 113 226 2194 452 129 113 2
124 127 126 159 150 124 121 127 223 133 131 120 3
122 123 116 121 122 123 117 121 123 118 133 121 4
115 118 116 145 189 122 112 126 223 124 119 113 5
123 125 123 1242 2600 135 113 458 2600 628 132 114 6
120 121 117 616 896 127 109 179 636 163 127 113 7
126 109 109 105 110 112 106 111 110 105 115 105 8
148 131 115 109 112 117 108 118 111 110 125 128 9
142 149 126 114 114 121 114 115 123 118 141 143 10
117 123 119 118 116 116 110 120 117 120 132 15000 11
Chip#2
124 118 120 120 121 120 114 114 119 112 112 124 0
111 118 109 134 122 115 114 111 127 106 110 118 1
119 112 112 422 526 117 116 229 631 152 110 119 2
120 113 120 390 407 121 118 147 555 193 117 123 3
117 112 112 134 127 116 114 114 124 107 110 113 4
115 112 113 114 121 119 112 110 122 106 107 117 5
119 112 117 200 251 123 118 118 260 119 118 126 6
118 112 121 565 858 127 122 165 619 234 122 119 7
117 112 114 172 192 124 121 116 281 116 113 116 8
122 113 113 134 123 122 117 111 121 115 116 126 9
125 113 113 117 116 117 109 110 118 112 113 124 10
125 113 114 116 122 119 116 112 121 112 116 15000 11
Chip#3
126 134 104 106 107 97 102 103 103 100 104 111 0
128 111 99 101 100 103 108 105 106 103 104 105 1
126 134 107 103 107 108 116 110 107 104 107 112 2
115 103 101 124 234 117 110 107 152 112 102 104 3
109 101 99 371 1225 329 103 158 893 448 91 97 4
108 103 100 131 326 116 106 109 297 166 100 99 5
114 109 102 105 105 100 107 109 111 106 104 103 6
112 99 103 102 104 101 104 104 112 112 98 99 7
96 94 89 299 722 147 97 105 632 503 90 94 8
110 102 103 234 882 209 104 129 829 365 101 106 9
117 103 102 99 104 102 103 101 107 100 101 98 10
128 150 100 103 103 99 107 106 111 106 102 15000 11
Chip#4
132 115 133 125 133 138 142 128 134 133 131 133 0
123 115 120 119 123 127 134 118 125 125 127 133 1
129 115 130 121 131 131 131 127 135 129 127 133 2
132 115 129 143 145 136 137 134 148 137 132 133 3
120 119 125 156 162 129 127 130 157 128 123 133 4
119 117 121 134 126 123 128 123 129 124 117 133 5
120 118 120 116 121 124 125 113 125 121 116 133 6
126 118 124 134 125 129 131 119 131 127 125 133 7
128 118 126 163 164 132 132 138 187 140 129 133 8
126 118 125 134 136 130 127 124 139 125 122 133 9
130 118 133 125 128 132 136 124 133 133 133 133 10
135 118 133 121 132 138 136 124 136 134 129 15000 11
