Chip#1
98 100 98 106 104 99 109 109 98 101 102 99 0 245 122 131 23
98 104 95 101 104 100 107 107 96 100 105 103 1 0 0 0 0
99 104 99 103 104 95 107 107 101 101 105 98 2 0 0 0 0
100 101 94 98 104 98 105 124 96 100 102 98 3 0 0 0 0
101 101 98 101 104 102 108 107 97 101 102 98 4 0 0 0 0
99 99 97 102 104 98 106 124 102 100 106 96 5 0 0 0 0
101 103 95 103 104 98 109 124 100 103 104 101 6 0 0 0 0
99 100 94 107 104 99 111 124 96 104 102 98 7 0 0 0 0
104 107 98 104 104 99 108 112 100 106 102 98 8 0 0 0 0
96 104 97 102 104 92 105 103 95 94 105 99 9 0 0 0 0
100 103 98 101 104 98 107 110 92 100 102 96 10 0 0 0 0
99 104 97 106 104 96 111 124 101 104 109 15000 11 0 0 0 0
