Chip#1
243 139 1184 572 117 552 1043 452 698 109 390 960 0
243 139 1200 572 117 554 1042 452 698 109 390 976 1
243 139 1216 485 117 551 1044 362 698 109 390 976 2
243 139 1216 483 117 550 1043 452 714 109 390 992 3
243 123 1263 572 117 551 1123 452 714 93 390 1008 4
242 123 1264 484 101 551 1123 361 682 93 390 1008 5
241 123 1265 485 117 552 1139 452 682 93 291 1069 6
242 123 1263 485 101 551 1139 361 682 93 291 1067 7
243 123 1265 483 117 551 1123 362 682 93 289 992 8
243 123 1265 485 117 550 1044 363 714 93 390 992 9
242 123 1265 588 101 551 1155 362 682 93 289 992 10
243 123 1265 486 101 551 1139 361 605 77 288 1008 11
Chip#2
758 730 841 792 786 715 835 815 931 787 742 1004 0
742 726 841 791 781 714 831 812 930 787 742 1004 1
758 728 840 792 786 716 835 814 931 787 758 1004 2
742 724 838 791 782 716 833 814 930 787 742 988 3
742 725 840 794 788 717 835 816 931 803 758 1004 4
742 727 842 795 788 717 835 814 929 803 758 1004 5
742 727 842 794 786 715 835 815 931 803 758 1004 6
742 731 844 798 788 718 835 815 933 803 758 1004 7
742 728 842 793 786 715 836 816 933 803 758 1004 8
742 727 843 795 786 719 835 816 931 803 742 1004 9
742 727 842 794 789 720 835 813 929 787 758 1004 10
726 728 841 795 786 716 831 812 925 787 742 988 11
Chip#3
242 942 1560 22 1192 90 509 1215 894 908 1175 100 0
241 941 1544 38 1193 89 509 1215 910 908 1175 100 1
241 942 1560 22 1190 89 509 1231 894 892 1110 100 2
241 942 1544 22 1194 89 509 1231 894 908 1110 116 3
241 944 1544 38 1193 89 509 1215 910 924 1110 116 4
241 941 1544 38 1192 89 509 1215 910 924 1110 116 5
240 942 1544 38 1194 89 509 1215 894 908 1094 116 6
241 941 1462 38 1191 89 508 1215 878 908 1172 116 7
241 940 1544 38 1192 89 509 1215 894 908 1110 116 8
243 940 1544 38 1125 89 509 1215 910 908 1094 116 9
243 943 1461 54 1191 90 511 1183 894 908 1094 132 10
243 940 1458 54 1125 90 509 1183 878 908 1046 132 11
Chip#4
641 447 440 450 410 538 493 404 721 483 481 574 0
641 447 440 450 412 554 493 404 737 483 481 573 1
657 447 456 466 412 554 493 420 753 485 481 573 2
641 447 456 466 412 554 509 420 753 485 481 574 3
657 447 456 466 412 554 493 404 737 485 481 574 4
573 447 456 450 412 554 493 404 753 485 481 574 5
657 447 456 466 413 554 493 420 753 482 481 574 6
573 447 456 450 412 554 493 404 737 483 481 574 7
657 447 456 450 412 554 493 404 753 483 481 574 8
657 447 456 450 413 554 493 404 753 485 481 577 9
641 447 456 450 412 620 493 404 753 486 481 574 10
657 447 456 466 413 554 493 404 737 483 481 574 11
Chip#1
241 139 1266 620 101 551 1171 468 682 93 289 1070 0
242 139 1265 604 117 552 1155 452 698 109 289 1070 1
191 123 1270 588 101 551 1187 362 604 77 288 1071 2
244 139 1266 668 204 741 1171 620 863 125 390 1070 3
242 123 1264 588 117 551 1139 468 682 93 390 1069 4
241 139 1265 604 117 551 1155 452 604 93 289 1008 5
242 123 1265 604 101 551 1155 468 604 93 289 1068 6
242 139 1264 588 117 551 1155 452 682 93 289 1070 7
242 139 1263 588 117 552 1139 452 698 109 390 1069 8
242 139 1265 588 117 551 1155 452 682 93 390 1069 9
241 123 1265 572 117 552 1155 452 682 93 288 1069 10
241 123 1265 588 117 554 1155 468 682 93 289 1070 11
Chip#2
774 738 843 799 789 723 836 818 928 803 758 1004 0
758 737 844 796 787 718 835 813 924 787 742 1004 1
758 736 842 797 787 720 836 815 927 787 758 1004 2
758 734 842 797 791 723 838 817 928 787 758 1004 3
758 736 845 799 793 724 841 819 932 803 774 1020 4
742 733 843 799 789 723 836 814 924 803 758 1020 5
742 734 841 796 788 721 837 813 926 787 742 1004 6
758 736 843 797 788 723 839 813 928 787 742 1004 7
742 736 843 796 786 721 839 814 925 803 742 1004 8
742 733 843 796 786 722 835 815 925 787 742 1004 9
742 733 842 796 788 723 835 813 925 787 742 1004 10
742 734 841 797 787 720 836 814 924 787 742 988 11
Chip#3
241 947 1624 0 1196 19 509 1300 942 988 1178 84 0
240 946 1624 0 1198 19 509 1299 926 956 1179 84 1
239 943 1592 22 1195 35 510 1231 926 940 1177 100 2
239 942 1576 0 1194 35 510 1298 910 972 1176 84 3
241 943 1576 22 1196 35 510 1296 926 972 1176 100 4
240 944 1592 22 1195 19 563 1298 910 956 1177 84 5
241 944 1592 0 1197 35 510 1296 942 940 1177 84 6
241 945 1608 22 1197 35 509 1299 942 956 1179 100 7
240 1021 1640 0 1199 35 508 1298 998 972 1178 84 8
239 1021 1640 0 1197 19 508 1299 942 956 1179 68 9
239 1037 1709 0 1198 19 508 1298 999 972 1180 68 10
238 1021 1640 0 1199 3 510 1299 1002 1043 1181 68 11
Chip#4
673 447 456 466 416 554 493 404 769 486 481 645 0
673 447 440 466 416 554 493 420 844 486 465 645 1
689 447 440 466 416 554 493 420 845 487 465 645 2
673 447 440 482 414 554 493 420 785 487 481 661 3
689 431 456 482 416 538 493 420 785 487 465 661 4
673 447 440 482 416 554 493 404 846 487 465 645 5
689 447 456 482 416 554 509 420 844 486 481 661 6
673 463 456 482 417 554 493 420 785 487 481 645 7
689 447 456 482 414 554 493 420 845 487 481 645 8
689 447 456 482 416 554 493 420 844 486 481 661 9
673 447 456 466 414 554 493 404 785 487 465 645 10
673 447 456 482 414 554 493 404 785 487 465 645 11
Chip#1
159 29 1392 483 69 485 1290 357 601 0 285 1077 0
159 28 1408 483 69 485 1292 356 605 0 282 1168 1
159 27 1392 484 69 485 1291 356 601 0 283 1152 2
159 28 1392 572 69 469 1291 357 605 0 285 1078 3
143 28 1392 572 53 453 1293 356 603 0 284 1152 4
143 28 1392 481 53 469 1293 357 603 0 284 1152 5
159 28 1424 483 53 469 1294 356 603 0 284 1168 6
159 28 1392 486 69 485 1292 357 603 0 284 1077 7
175 29 1376 483 69 469 1293 356 603 0 283 1152 8
159 28 1408 484 69 453 1295 357 603 0 285 1152 9
159 29 1392 486 53 453 1294 357 604 0 284 1152 10
159 28 1408 588 69 469 1292 357 601 0 284 1152 11
Chip#2
758 741 843 797 788 722 839 813 924 771 726 1004 0
758 739 843 797 784 720 836 811 922 771 726 1004 1
758 736 842 797 786 722 837 813 924 787 742 1004 2
726 735 841 796 787 722 836 814 923 787 742 988 3
742 733 843 797 788 722 836 814 926 787 726 1004 4
726 734 841 797 788 722 836 813 923 787 742 1004 5
742 735 843 796 788 721 836 813 926 771 742 1004 6
726 737 842 797 787 721 837 810 924 771 726 1004 7
726 739 843 797 787 722 836 814 923 771 726 1004 8
726 735 843 797 787 724 836 814 924 771 726 1004 9
726 738 842 799 789 724 836 814 922 771 710 988 10
726 738 843 799 787 721 836 809 919 755 710 988 11
Chip#3
239 1037 1640 0 1197 3 509 1296 999 972 1180 0 0
241 1037 1640 0 1199 3 508 1299 999 972 1180 0 1
239 1021 1711 0 1200 3 507 1302 1001 988 1182 0 2
239 1053 1711 0 1301 3 505 1300 999 988 1181 0 3
181 1069 1713 0 1333 0 508 1391 1003 1045 1286 0 4
236 1085 1713 0 1317 0 507 1375 1001 1045 1270 0 5
239 1069 1713 0 1333 0 509 1375 1003 1045 1270 0 6
181 1085 1714 0 1349 0 507 1407 1004 1043 1302 0 7
236 1085 1713 0 1317 0 507 1391 1002 988 1270 0 8
238 1037 1711 0 1285 0 505 1301 1000 972 1184 0 9
240 1085 1708 0 1285 3 509 1299 1000 1044 1182 0 10
238 1069 1711 0 1301 0 507 1300 1001 1045 1182 0 11
Chip#4
689 346 456 466 417 538 477 420 846 486 449 661 0
689 431 440 482 416 554 477 420 848 486 449 661 1
689 346 440 466 416 538 477 404 846 487 465 661 2
689 431 440 466 417 538 477 404 846 487 449 661 3
705 348 440 466 416 522 398 404 845 487 449 661 4
705 431 456 466 416 538 398 404 846 487 465 661 5
689 431 440 482 417 538 477 404 848 486 465 677 6
689 431 440 482 416 538 397 420 845 486 465 661 7
705 431 456 482 416 538 477 404 848 487 465 661 8
705 346 440 482 417 522 397 404 848 487 449 693 9
689 348 456 466 416 538 397 404 846 487 449 677 10
705 431 440 482 417 538 477 420 845 486 465 661 11
Chip#1
143 29 1424 483 37 469 1293 356 604 0 282 1075 0
143 28 1424 483 0 453 1292 356 603 0 282 1076 1
143 28 1440 588 37 469 1293 356 605 0 283 1152 2
143 28 1424 486 37 485 1291 356 682 0 283 1152 3
143 28 1440 483 37 453 1293 356 604 0 282 1152 4
143 28 1440 487 37 453 1293 356 603 0 282 1152 5
143 27 1440 485 37 469 1293 357 605 0 282 1152 6
143 28 1440 485 37 469 1294 357 604 0 282 1076 7
127 27 1456 486 0 469 1295 354 603 0 281 1168 8
143 28 1440 484 37 453 1292 354 605 0 282 1152 9
159 28 1424 487 37 469 1291 356 603 0 282 1168 10
143 27 1440 572 37 469 1293 356 603 0 282 1168 11
Chip#2
742 740 785 797 787 722 836 811 922 755 710 1004 0
742 739 842 795 785 722 836 810 922 755 710 1004 1
742 738 785 796 786 721 837 810 921 755 710 1004 2
726 736 785 796 786 723 837 810 921 771 710 988 3
726 735 841 797 787 723 836 815 922 771 710 988 4
726 735 785 797 788 722 837 811 919 771 726 988 5
726 736 843 796 787 721 837 813 921 771 710 988 6
726 738 785 797 787 722 836 809 921 755 710 1004 7
742 740 843 797 788 723 839 814 923 771 726 1004 8
726 737 842 799 787 722 836 811 922 771 710 1004 9
726 738 785 796 787 724 836 809 921 755 694 988 10
726 741 843 799 787 723 836 811 919 755 694 988 11
Chip#3
238 1085 1714 0 1349 0 507 1301 999 1045 1302 0 0
181 1101 1716 0 1349 0 509 1375 1001 1044 1318 0 1
165 1069 1718 0 1349 0 507 1301 1003 1044 1302 0 2
181 1085 1717 0 1349 0 435 1304 1000 1046 1270 0 3
181 1069 1717 0 1365 0 451 1407 1003 1044 1318 0 4
165 1133 1714 0 1365 0 505 1391 1002 1046 1318 0 5
181 1085 1716 0 1349 0 451 1375 1003 1048 1286 0 6
165 1085 1718 0 1381 0 435 1391 1004 1048 1318 0 7
165 1085 1718 0 1365 0 451 1391 1003 1046 1302 0 8
181 1069 1717 0 1333 0 505 1375 1004 1045 1302 0 9
181 1101 1717 0 1365 0 505 1303 1003 1046 1318 0 10
181 1069 1716 0 1349 0 451 1391 1001 1045 1302 0 11
Chip#4
721 346 440 466 417 522 395 404 850 487 433 693 0
721 345 440 466 418 506 397 388 851 487 433 693 1
737 343 440 466 418 522 393 404 851 487 433 693 2
721 346 424 466 417 506 394 404 850 487 433 693 3
737 346 440 466 417 506 395 404 848 489 433 693 4
737 345 440 466 418 506 395 404 851 489 433 693 5
737 343 440 466 418 506 394 404 850 487 433 693 6
737 346 440 466 418 506 394 404 850 487 433 693 7
737 345 440 466 417 506 394 404 849 489 449 693 8
737 345 440 466 417 506 394 404 848 487 433 709 9
721 345 440 450 417 522 395 404 850 487 433 693 10
737 346 440 466 418 506 394 404 850 487 449 693 11
Chip#1
191 29 1271 486 69 485 1219 359 698 61 285 1071 0
175 29 1271 572 69 485 1235 359 682 61 285 1074 1
159 30 1360 572 53 485 1219 359 608 0 285 1073 2
175 29 1272 572 69 485 1235 359 605 61 284 1075 3
175 30 1271 604 85 549 1203 359 698 61 285 1074 4
240 30 1271 588 85 551 1203 361 714 77 286 1071 5
191 30 1269 487 69 550 1187 359 682 61 285 1072 6
191 32 1270 572 69 551 1203 359 682 61 288 1073 7
191 32 1269 588 85 485 1171 362 682 77 288 1071 8
191 30 1269 485 69 485 1203 361 682 61 286 1072 9
191 30 1270 572 85 549 1171 359 682 61 288 1072 10
175 32 1270 572 69 551 1187 359 714 61 286 1074 11
Chip#2
758 734 841 796 786 719 835 814 929 787 742 1004 0
758 732 841 794 783 717 833 810 927 787 742 1004 1
742 731 785 794 786 716 834 812 924 787 726 988 2
742 727 841 795 784 718 836 815 928 787 742 988 3
742 728 785 796 787 718 836 814 930 787 742 1004 4
742 727 841 795 789 717 834 812 928 803 758 1004 5
742 729 785 791 783 712 834 809 928 787 742 988 6
742 732 842 796 787 717 835 811 929 803 742 1004 7
742 731 843 795 787 719 836 813 930 787 758 1004 8
726 731 785 794 783 718 834 811 924 771 726 988 9
742 731 842 795 788 718 834 813 924 771 742 988 10
726 731 841 797 787 719 833 812 925 787 726 988 11
Chip#3
241 942 1560 22 1195 35 508 1231 926 940 1177 84 0
240 942 1592 22 1193 88 509 1295 926 956 1177 84 1
241 943 1592 22 1193 35 509 1231 926 972 1177 100 2
241 943 1592 22 1195 35 512 1298 926 956 1176 84 3
240 943 1608 22 1195 86 508 1296 942 940 1176 100 4
240 946 1640 0 1199 19 507 1299 997 956 1180 84 5
241 944 1608 0 1194 19 509 1298 942 956 1177 84 6
242 943 1592 22 1193 35 508 1296 926 908 1176 100 7
242 941 1576 22 1193 35 509 1296 926 908 1175 84 8
240 1021 1640 0 1197 35 507 1297 998 956 1178 84 9
239 1037 1708 0 1198 3 510 1299 999 972 1180 68 10
240 946 1711 0 1200 3 505 1299 1000 972 1184 0 11
Chip#4
673 431 456 466 414 538 477 404 845 486 465 661 0
689 431 440 466 414 538 477 404 846 486 449 645 1
673 431 456 466 414 538 477 404 846 487 465 645 2
689 431 456 466 416 538 477 404 846 486 465 677 3
689 431 456 466 417 538 477 404 847 487 465 661 4
689 348 440 466 416 538 477 404 848 487 465 645 5
689 348 456 482 416 538 477 404 846 486 465 677 6
673 431 440 466 417 522 477 404 847 486 465 645 7
689 431 456 466 416 538 477 404 845 486 465 645 8
673 431 456 466 416 538 397 404 845 486 465 661 9
689 348 440 466 417 538 477 404 847 486 449 661 10
689 349 440 450 417 538 477 404 847 486 465 645 11
Chip#1
127 28 1392 480 37 453 1235 358 605 0 283 1076 0
143 27 1408 480 37 437 1235 357 605 0 283 1200 1
127 27 1424 481 0 437 1290 356 605 0 282 1200 2
111 25 1456 476 0 453 1294 356 605 0 282 1248 3
127 27 1440 483 0 453 1294 357 604 0 281 1248 4
127 28 1456 479 0 453 1292 357 682 0 282 1200 5
143 28 1440 483 37 453 1290 358 603 0 283 1216 6
143 28 1424 479 37 469 1235 357 603 0 282 1200 7
143 28 1408 483 37 453 1292 357 604 0 283 1216 8
127 28 1408 481 0 453 1291 357 604 0 282 1184 9
127 27 1408 482 0 469 1292 357 604 0 282 1200 10
143 28 1424 482 37 453 1291 357 605 0 283 1200 11
Chip#2
758 740 842 796 786 722 836 813 923 771 726 1004 0
742 739 842 795 784 719 834 811 922 755 710 1004 1
742 738 785 797 786 721 834 810 921 771 726 988 2
726 736 785 796 787 721 834 813 921 771 710 988 3
726 736 785 796 788 723 836 813 923 771 726 1004 4
726 736 785 799 788 722 834 810 919 771 710 1004 5
742 738 785 797 787 720 837 811 923 771 726 1004 6
742 737 842 797 787 721 836 809 923 771 726 1004 7
726 740 843 796 786 723 837 810 921 771 710 1004 8
726 738 785 796 787 724 837 810 921 771 694 1004 9
726 736 785 797 788 722 836 810 919 755 710 988 10
726 737 785 797 787 721 837 810 919 755 710 988 11
Chip#3
181 1101 1714 0 1349 0 507 1301 1003 1045 1270 0 0
165 1117 1718 0 1381 0 451 1423 1005 1045 1318 0 1
149 1117 1717 0 1365 0 451 1407 1004 988 1318 0 2
165 1101 1716 0 1349 0 506 1407 1005 988 1270 0 3
165 1117 1714 0 1365 0 507 1375 1003 1044 1286 0 4
181 1117 1714 0 1317 0 507 1303 1002 988 1270 0 5
165 1117 1714 0 1333 0 509 1303 1003 972 1270 0 6
181 1085 1714 0 1349 0 507 1375 1003 988 1270 0 7
165 1101 1716 0 1349 0 509 1391 1001 1046 1286 0 8
165 1101 1713 0 1349 0 507 1391 1001 988 1270 0 9
181 1117 1717 0 1365 0 506 1391 1002 956 1286 0 10
181 1085 1714 0 1349 0 505 1375 1003 972 1286 0 11
Chip#4
721 343 440 466 418 506 394 388 851 486 433 709 0
705 345 424 466 418 506 394 404 850 486 433 693 1
705 343 424 450 417 506 395 404 850 487 433 677 2
721 343 424 466 418 506 395 404 848 487 433 709 3
721 343 440 466 416 506 395 388 850 486 433 693 4
737 345 424 450 416 506 395 388 849 487 433 693 5
737 343 424 466 493 506 394 388 852 486 433 725 6
753 343 424 466 493 506 393 388 849 487 417 725 7
737 345 424 450 417 506 394 388 850 487 433 693 8
721 345 424 450 418 506 395 388 849 486 433 709 9
721 345 440 450 417 522 394 388 849 487 433 709 10
721 345 424 466 417 522 394 388 847 487 433 709 11
Chip#1
127 25 1456 484 0 437 1296 356 603 0 282 1200 0
143 25 1424 482 37 453 1293 356 603 0 282 1200 1
143 25 1408 481 37 453 1296 357 603 0 283 1184 2
143 25 1424 482 37 437 1297 354 608 0 282 1216 3
143 25 1424 481 37 437 1296 356 606 0 282 1184 4
127 25 1456 479 0 421 1294 356 603 0 282 1200 5
127 24 1472 479 0 437 1297 354 604 0 280 1232 6
127 25 1440 478 0 453 1293 356 601 0 281 1184 7
143 25 1408 483 37 437 1294 356 604 0 282 1216 8
143 27 1424 482 37 453 1292 356 601 0 282 1168 9
143 25 1408 483 53 469 1293 357 604 0 282 1168 10
143 25 1440 481 37 453 1294 354 600 0 282 1200 11
Chip#2
742 740 785 796 786 723 837 811 921 771 694 1004 0
742 738 841 796 784 719 834 810 919 755 710 1004 1
742 737 785 797 787 722 837 811 922 755 710 1004 2
726 735 785 796 787 723 836 811 921 771 710 988 3
726 737 785 797 787 721 837 813 922 771 710 1004 4
726 734 843 796 788 721 834 811 919 787 710 1004 5
726 738 785 797 787 721 837 810 921 771 726 988 6
726 738 785 797 787 721 836 809 921 771 710 988 7
726 737 843 796 786 721 838 811 921 771 726 988 8
726 736 785 796 785 722 834 810 921 771 694 988 9
726 738 785 797 787 722 836 809 919 755 694 988 10
710 737 842 797 787 722 836 810 918 755 694 988 11
Chip#3
165 1101 1717 0 1349 0 506 1391 1003 1046 1318 0 0
165 1189 1718 0 1381 0 435 1423 1086 988 1350 0 1
165 1133 1718 0 1349 0 451 1391 1002 1044 1318 0 2
149 1133 1719 0 1365 0 451 1439 1006 1044 1318 0 3
149 1190 1816 0 1445 0 506 1423 1003 1043 1350 0 4
165 1133 1717 0 1365 0 419 1407 1003 1047 1334 0 5
165 1117 1716 0 1349 0 509 1391 1003 1048 1302 0 6
165 1101 1718 0 1381 0 451 1407 1005 1046 1334 0 7
165 1117 1720 0 1365 0 451 1423 1005 1046 1318 0 8
165 1101 1717 0 1349 0 451 1391 1001 1047 1302 0 9
181 1101 1715 0 1349 0 505 1375 1001 1044 1318 0 10
181 1117 1714 0 1333 0 451 1301 1004 1047 1302 0 11
Chip#4
721 345 440 450 417 506 395 388 849 486 433 693 0
721 345 440 466 417 506 395 404 851 487 433 693 1
721 343 424 466 418 506 394 388 849 489 433 693 2
721 343 424 450 418 506 395 388 852 489 433 709 3
721 343 424 450 417 490 393 388 848 487 433 693 4
721 343 440 450 417 506 394 388 851 486 433 693 5
721 342 440 450 420 506 394 388 851 487 433 709 6
705 343 424 450 418 490 394 388 851 487 433 693 7
721 343 440 450 417 506 394 388 849 487 433 693 8
721 342 440 466 493 490 394 388 852 489 433 725 9
721 343 424 466 420 506 393 404 852 489 433 693 10
737 343 424 466 493 506 393 388 852 487 417 693 11
Chip#1
111 24 1472 483 0 421 1296 354 601 0 280 1232 0
111 25 1519 481 0 421 1294 353 603 0 279 1248 1
111 25 1519 482 0 437 1296 353 605 0 280 1232 2
95 25 1522 481 0 405 1296 353 605 0 279 1248 3
95 24 1456 482 0 421 1295 354 600 0 279 1232 4
95 24 1519 485 0 437 1296 353 600 0 279 1232 5
111 24 1520 482 0 421 1297 353 601 0 279 1248 6
95 24 1472 479 0 437 1296 354 600 0 278 1248 7
95 24 1472 478 0 437 1298 353 598 0 280 1232 8
111 24 1522 480 0 421 1296 354 603 0 279 1248 9
95 24 1522 481 0 421 1297 354 601 0 279 1248 10
95 23 1523 478 0 405 1299 353 603 0 278 1323 11
Chip#2
742 740 785 797 784 722 837 810 919 755 694 1004 0
726 740 785 796 784 721 834 808 918 739 694 1004 1
726 737 785 796 784 721 835 808 917 739 694 988 2
726 737 785 796 787 722 837 811 918 755 694 988 3
726 739 785 797 788 723 837 811 921 755 694 1004 4
710 735 785 797 787 722 836 810 920 755 710 1004 5
726 737 842 796 787 720 837 810 920 755 710 1004 6
726 740 842 797 784 723 836 809 920 755 694 1004 7
726 739 785 796 785 722 837 810 920 755 694 988 8
726 738 785 796 785 723 836 809 918 739 694 1004 9
726 738 785 797 788 723 836 809 920 739 694 988 10
726 740 785 797 787 723 837 810 918 739 678 988 11
Chip#3
149 1193 1816 0 1444 0 435 1455 1086 1045 1428 0 0
133 1193 1816 0 1447 0 451 1455 1102 1048 1366 0 1
165 1191 1816 0 1444 0 435 1455 1118 988 1429 0 2
133 1192 1832 0 1447 0 435 1471 1086 1050 1366 0 3
133 1192 1816 0 1446 0 403 1471 1102 1044 1350 0 4
133 1194 1816 0 1446 0 435 1455 1102 1045 1366 0 5
149 1191 1719 0 1445 0 451 1455 1102 972 1350 0 6
149 1192 1800 0 1445 0 435 1471 1086 988 1366 0 7
165 1191 1800 0 1447 0 435 1471 1102 1048 1334 0 8
149 1192 1832 0 1445 0 419 1471 1118 1046 1366 0 9
149 1193 1816 0 1445 0 419 1439 1118 1049 1366 0 10
149 1192 1816 0 1446 0 435 1471 1118 1047 1366 0 11
Chip#4
753 341 424 466 417 474 391 388 929 485 417 725 0
753 341 424 466 493 490 392 372 929 486 326 725 1
737 339 424 450 493 474 391 372 853 487 326 709 2
737 341 408 466 493 474 392 372 853 487 326 725 3
753 341 408 450 493 474 393 372 853 489 326 725 4
753 339 424 466 493 490 393 372 929 487 328 725 5
753 341 424 466 493 490 392 372 929 486 328 725 6
753 341 408 450 493 490 392 356 852 487 328 725 7
753 341 424 450 420 490 390 372 929 486 417 725 8
753 341 424 450 509 490 392 372 929 487 326 725 9
737 341 424 450 493 490 392 388 929 487 326 725 10
753 342 424 450 493 474 392 388 854 489 328 725 11
Chip#1
95 21 1524 481 0 389 1395 349 605 0 276 1323 0
95 21 1523 475 0 305 1298 292 600 0 276 1327 1
0 23 1523 475 0 389 1297 352 603 0 278 1325 2
0 23 1523 479 0 305 1299 292 601 0 276 1325 3
95 23 1523 474 0 389 1298 350 606 0 278 1324 4
0 23 1525 479 0 389 1379 292 603 0 276 1322 5
0 23 1526 477 0 389 1379 292 601 0 276 1327 6
0 21 1524 477 0 389 1379 292 603 0 276 1324 7
95 21 1523 480 0 389 1395 352 603 0 278 1325 8
0 21 1525 478 0 405 1395 292 601 0 276 1323 9
0 23 1523 478 0 421 1379 350 601 0 278 1264 10
95 23 1526 475 0 405 1302 350 600 0 276 1327 11
Chip#2
742 742 785 797 785 724 837 810 918 739 678 988 0
726 740 785 796 784 723 836 807 916 739 678 1004 1
726 739 785 796 787 724 836 809 917 739 678 988 2
710 685 785 797 787 724 837 809 918 739 678 988 3
710 685 785 796 787 724 836 809 917 739 678 988 4
710 685 841 797 788 723 836 807 916 739 678 1004 5
710 739 785 796 785 722 836 809 916 739 678 988 6
726 739 785 798 787 724 837 807 918 739 678 988 7
726 739 843 795 785 724 836 809 917 755 694 1004 8
710 739 785 795 784 723 835 809 916 739 635 988 9
726 739 785 796 787 725 835 807 917 739 678 988 10
726 740 785 797 785 724 836 809 916 723 633 988 11
Chip#3
149 1193 1832 0 1447 0 387 1471 1118 1047 1429 0 0
117 1194 1864 0 1448 0 387 1547 1134 1045 1430 0 1
133 1195 1848 0 1448 0 387 1544 1166 1045 1431 0 2
117 1192 1864 0 1448 0 387 1544 1134 1047 1430 0 3
117 1194 1864 0 1447 0 387 1543 1150 1050 1431 0 4
133 1193 1848 0 1444 0 387 1541 1134 1045 1430 0 5
133 1193 1864 0 1447 0 387 1487 1150 1046 1430 0 6
133 1193 1848 0 1447 0 403 1543 1150 988 1430 0 7
117 1192 1880 0 1449 0 387 1545 1182 1047 1429 0 8
133 1194 1880 0 1449 0 371 1545 1166 1047 1432 0 9
117 1195 1880 0 1449 0 387 1543 1166 1049 1430 0 10
133 1194 1848 0 1449 0 387 1545 1166 1048 1430 0 11
Chip#4
813 339 392 450 509 458 390 356 977 487 325 757 0
813 339 392 450 509 458 392 372 977 489 325 741 1
812 339 392 450 509 458 390 356 977 489 325 741 2
812 338 408 450 509 458 390 356 977 489 325 757 3
814 338 392 450 509 381 389 356 993 489 325 757 4
814 339 392 450 509 458 390 356 977 489 325 757 5
813 338 392 450 509 382 390 356 977 489 325 757 6
813 339 408 450 509 458 392 372 993 489 325 741 7
814 338 392 450 509 474 390 372 961 489 325 741 8
811 339 392 450 493 458 392 356 961 486 325 757 9
813 339 408 450 509 458 390 356 977 487 326 814 10
813 339 392 450 509 458 389 356 977 489 324 757 11
Chip#1
111 27 1456 483 0 421 1294 356 600 0 279 1200 0
127 25 1440 484 0 405 1292 355 601 0 281 1184 1
127 27 1424 484 0 421 1293 354 600 0 282 1168 2
127 27 1440 483 0 437 1294 355 603 0 281 1200 3
127 27 1440 485 0 421 1294 354 605 0 280 1200 4
127 27 1440 485 37 469 1293 356 604 0 281 1184 5
127 27 1456 484 0 437 1294 353 603 0 281 1184 6
127 25 1440 485 0 437 1296 354 603 0 280 1168 7
127 25 1456 486 0 437 1295 356 601 0 280 1184 8
127 27 1456 485 0 453 1295 354 601 0 282 1184 9
127 27 1456 484 0 437 1294 354 599 0 281 1168 10
143 27 1424 484 0 453 1291 356 600 0 282 1152 11
Chip#2
742 736 785 795 784 718 833 811 922 771 710 988 0
758 738 843 796 786 721 833 811 922 771 726 1020 1
742 739 785 794 786 721 834 811 923 771 710 988 2
726 734 785 796 786 722 835 811 921 771 726 988 3
726 735 785 799 788 722 834 813 923 787 726 1004 4
726 734 843 799 789 722 837 813 922 787 726 1004 5
726 735 785 795 787 720 836 809 922 771 710 988 6
742 737 842 797 787 721 834 809 923 771 710 1004 7
726 739 843 797 787 722 837 813 923 771 710 988 8
726 736 843 796 786 723 834 810 921 771 710 1004 9
742 735 785 797 788 722 836 810 921 771 710 988 10
726 738 785 797 787 722 835 811 921 771 710 988 11
Chip#3
165 1101 1713 0 1333 0 435 1375 1002 1045 1302 0 0
165 1101 1717 0 1349 0 506 1407 1003 1047 1302 0 1
165 1117 1715 0 1349 0 435 1407 1004 988 1318 0 2
165 1101 1717 0 1365 0 435 1423 1003 972 1318 0 3
181 1117 1718 0 1349 0 451 1391 1004 1045 1286 0 4
165 1117 1715 0 1349 0 451 1391 1002 988 1318 0 5
149 1117 1719 0 1365 0 451 1407 1004 1042 1318 0 6
165 1117 1717 0 1349 0 435 1391 1004 988 1318 0 7
149 1101 1717 0 1349 0 451 1423 1005 1047 1302 0 8
181 1101 1714 0 1317 0 451 1375 1003 1044 1270 0 9
165 1101 1712 0 1317 0 435 1375 1003 972 1270 0 10
181 1085 1714 0 1317 0 451 1375 1002 988 1286 0 11
Chip#4
705 345 424 466 417 506 394 388 848 485 433 677 0
689 345 424 466 416 506 394 388 850 485 433 677 1
705 346 424 450 417 522 394 404 850 487 433 677 2
705 345 440 466 417 522 395 388 848 487 433 693 3
721 346 440 466 416 506 394 388 847 486 433 677 4
705 345 440 466 417 506 395 404 851 486 449 677 5
721 343 440 466 417 506 395 388 850 486 433 709 6
721 345 440 466 418 506 394 388 852 486 449 693 7
721 345 424 450 416 506 394 388 848 486 433 677 8
705 345 440 450 417 506 394 388 849 487 433 677 9
705 345 424 434 416 506 394 388 848 487 433 677 10
721 343 424 450 418 506 394 388 848 486 433 693 11
Chip#1
95 24 1520 480 0 421 1296 353 599 0 278 1216 0
95 24 1522 481 0 421 1297 353 598 0 279 1248 1
95 24 1523 480 0 405 1295 353 601 0 278 1232 2
95 21 1523 480 0 405 1299 353 603 0 278 1264 3
0 23 1524 481 0 389 1299 352 600 0 277 1325 4
0 23 1525 481 0 405 1379 353 599 0 276 1264 5
0 23 1526 479 0 421 1379 352 599 0 276 1324 6
0 21 1525 480 0 405 1298 352 600 0 277 1323 7
0 23 1523 482 0 405 1299 352 601 0 277 1323 8
0 23 1525 480 0 389 1298 352 600 0 277 1264 9
0 24 1524 480 0 389 1298 353 604 0 279 1248 10
0 23 1525 480 0 405 1298 352 603 0 277 1323 11
Chip#2
742 742 785 796 785 722 835 807 916 723 678 1004 0
726 740 785 793 783 722 834 807 916 723 678 988 1
726 742 769 796 785 723 836 809 916 739 633 988 2
726 739 843 797 787 724 836 811 920 755 678 988 3
726 739 785 797 787 724 836 810 918 739 678 1004 4
710 685 785 797 788 723 835 809 917 739 678 1004 5
710 739 785 795 785 721 836 809 917 739 694 988 6
726 741 785 797 785 724 836 809 918 739 694 1004 7
710 739 785 795 784 723 836 807 917 739 678 988 8
710 739 785 796 785 723 835 807 916 739 635 988 9
710 739 769 797 787 723 835 753 916 723 632 988 10
710 742 785 797 785 723 836 809 915 723 631 988 11
Chip#3
117 1193 1832 0 1447 0 419 1455 1086 1045 1366 0 0
133 1193 1832 0 1447 0 403 1487 1102 1049 1430 0 1
133 1192 1864 0 1447 0 403 1471 1118 1046 1429 0 2
133 1195 1848 0 1447 0 403 1487 1102 972 1366 0 3
133 1193 1864 0 1448 0 387 1487 1118 1044 1430 0 4
117 1194 1880 0 1449 0 387 1548 1150 1047 1431 0 5
133 1193 1848 0 1449 0 403 1487 1134 988 1430 0 6
117 1191 1864 0 1446 0 387 1544 1118 924 1430 0 7
117 1192 1832 0 1448 0 387 1487 1134 972 1429 0 8
117 1193 1848 0 1447 0 419 1487 1118 988 1429 0 9
117 1194 1848 0 1448 0 403 1487 1118 1042 1431 0 10
117 1193 1864 0 1448 0 419 1544 1150 1045 1430 0 11
Chip#4
753 339 408 450 509 474 390 372 961 487 326 741 0
753 339 408 450 509 474 390 372 945 489 326 725 1
811 339 392 450 509 458 390 372 961 487 325 725 2
753 339 376 434 509 458 392 372 961 487 326 757 3
811 339 408 434 509 474 390 372 945 487 326 725 4
812 342 408 450 509 474 390 372 977 486 326 741 5
753 339 408 450 509 474 389 372 945 486 326 741 6
753 339 408 466 509 474 390 372 945 486 326 725 7
753 339 408 450 493 474 390 372 961 486 326 725 8
813 339 392 450 509 458 390 356 961 487 325 757 9
814 338 392 450 525 458 390 356 993 490 326 814 10
812 341 392 450 525 458 390 356 945 487 326 725 11
Chip#1
0 20 1526 484 0 302 1427 292 598 0 214 1328 0
0 20 1527 479 0 301 1443 276 598 0 214 1326 1
0 19 1616 484 0 304 1443 276 598 0 214 1327 2
0 20 1528 479 0 302 1427 276 598 0 214 1326 3
0 19 1527 485 0 301 1411 276 600 0 230 1326 4
0 20 1527 481 0 300 1443 276 599 0 214 1326 5
0 20 1616 483 0 304 1443 276 598 0 214 1327 6
0 20 1527 483 0 304 1443 276 603 0 214 1327 7
0 20 1526 481 0 302 1427 276 600 0 214 1325 8
0 19 1528 479 0 306 1427 276 600 0 214 1326 9
0 20 1527 481 0 301 1427 292 605 0 214 1326 10
0 20 1616 483 0 303 1459 276 601 0 214 1325 11
Chip#2
742 743 785 796 785 657 836 753 916 723 629 1004 0
726 744 769 796 784 657 835 753 916 707 632 1004 1
710 685 769 796 785 657 837 753 915 707 629 988 2
694 669 769 796 785 641 837 753 914 638 629 988 3
710 669 769 796 785 657 837 753 987 707 630 1004 4
710 669 785 796 787 724 837 753 914 723 630 988 5
710 685 769 796 785 641 837 737 915 707 629 988 6
694 685 769 796 784 641 835 737 915 637 628 988 7
710 685 769 795 784 657 836 753 915 707 629 988 8
710 685 769 796 783 723 835 753 914 707 628 988 9
710 685 769 797 787 724 836 753 914 707 627 988 10
710 685 785 797 787 724 836 753 915 707 628 988 11
Chip#3
85 1198 1966 0 1452 0 371 1547 1248 1050 1437 0 0
101 1277 1964 0 1449 0 355 1545 1246 1044 1434 0 1
101 1197 1966 0 1449 0 355 1545 1250 1049 1435 0 2
101 1196 1965 0 1452 0 371 1546 1166 1048 1433 0 3
85 1196 1965 0 1452 0 371 1548 1249 1164 1435 0 4
101 1198 1966 0 1451 0 355 1547 1166 1051 1435 0 5
101 1196 1967 0 1525 0 355 1549 1166 1132 1435 0 6
85 1277 1971 0 1541 0 371 1550 1250 1051 1510 0 7
85 1293 1968 0 1541 0 339 1547 1249 1132 1437 0 8
101 1293 1967 0 1452 0 355 1547 1249 1051 1437 0 9
101 1198 1966 0 1452 0 371 1546 1166 1050 1437 0 10
85 1197 1967 0 1452 0 355 1548 1251 1196 1437 0 11
Chip#4
813 338 392 450 525 458 389 356 993 489 324 814 0
815 335 376 450 541 380 388 273 1097 489 324 817 1
816 337 376 434 541 381 388 273 1097 490 322 818 2
816 335 376 434 541 381 387 273 1041 489 322 819 3
815 337 392 450 525 458 389 356 1025 490 324 816 4
815 337 392 450 541 458 388 356 1041 489 324 814 5
818 337 392 434 541 381 389 356 1025 489 324 819 6
816 338 376 450 541 458 387 372 1093 490 325 817 7
816 337 392 450 541 458 387 356 1093 491 322 817 8
815 337 392 450 525 381 388 356 1025 489 324 817 9
815 338 392 450 525 381 388 356 1009 489 325 817 10
815 338 376 434 541 382 389 356 1025 489 324 817 11
Chip#1
95 24 1523 481 0 437 1297 352 603 0 278 1216 0
95 24 1522 485 0 421 1295 353 601 0 279 1248 1
111 24 1523 483 0 421 1298 354 603 0 279 1216 2
95 23 1523 483 0 405 1297 352 600 0 278 1248 3
95 23 1523 482 0 405 1297 354 601 0 279 1264 4
95 24 1522 484 0 405 1298 353 599 0 277 1248 5
95 23 1523 483 0 389 1379 352 598 0 277 1264 6
95 23 1522 483 0 389 1298 353 600 0 279 1248 7
95 24 1472 478 0 405 1298 352 599 0 279 1248 8
95 23 1522 483 0 405 1295 353 600 0 278 1232 9
95 24 1522 484 0 405 1297 353 600 0 279 1248 10
95 24 1523 481 0 389 1296 353 599 0 278 1232 11
Chip#2
742 743 785 796 785 723 836 811 918 739 678 1004 0
726 740 769 796 783 720 834 807 917 739 636 988 1
726 740 769 795 784 721 836 809 917 739 678 988 2
726 738 785 796 785 723 836 810 918 739 678 988 3
710 685 785 796 787 724 836 809 918 739 633 1004 4
710 685 785 796 785 723 835 809 915 739 678 988 5
726 739 769 795 784 720 834 807 917 739 678 988 6
710 742 785 797 785 723 836 807 916 723 632 988 7
710 739 785 796 783 723 835 809 917 739 635 988 8
710 740 769 796 784 723 835 807 916 723 632 988 9
710 742 785 797 787 724 835 807 917 723 632 988 10
726 744 785 798 787 724 835 809 916 739 631 988 11
Chip#3
117 1194 1880 0 1449 0 371 1547 1150 1047 1433 0 0
101 1193 1880 0 1449 0 387 1545 1166 1048 1433 0 1
101 1194 1965 0 1450 0 371 1547 1247 1051 1433 0 2
117 1196 1965 0 1451 0 387 1548 1166 1148 1433 0 3
117 1195 1896 0 1451 0 371 1546 1150 1047 1432 0 4
117 1193 1896 0 1449 0 371 1545 1150 1049 1432 0 5
117 1194 1964 0 1451 0 371 1546 1150 1047 1434 0 6
101 1194 1896 0 1450 0 371 1547 1150 1048 1435 0 7
117 1194 1880 0 1449 0 371 1546 1134 1049 1433 0 8
117 1194 1896 0 1448 0 371 1546 1134 988 1430 0 9
133 1193 1864 0 1448 0 387 1543 1102 1049 1430 0 10
133 1193 1864 0 1448 0 419 1543 1150 1048 1431 0 11
Chip#4
813 339 408 450 509 458 390 372 977 487 326 757 0
812 342 408 450 493 474 390 372 945 489 325 741 1
812 339 408 450 509 458 389 372 961 489 326 741 2
812 338 392 450 509 458 389 372 961 489 324 757 3
813 341 408 450 509 458 389 372 945 487 325 741 4
812 341 392 450 509 474 389 372 961 489 326 757 5
812 339 392 450 509 458 390 372 977 489 325 757 6
812 339 408 450 509 458 390 372 961 487 326 741 7
814 338 408 450 509 458 389 372 961 487 326 741 8
812 341 408 450 509 458 390 372 961 489 326 757 9
812 339 408 434 509 474 390 372 977 487 326 741 10
811 339 408 450 509 458 389 372 961 489 324 741 11
Chip#1
95 21 1523 484 0 389 1299 352 599 0 278 1248 0
95 23 1523 484 0 405 1298 352 599 0 279 1323 1
95 23 1522 481 0 389 1379 352 599 0 277 1264 2
0 20 1524 484 0 302 1395 292 600 0 230 1326 3
0 23 1523 482 0 389 1395 350 599 0 277 1323 4
95 21 1524 481 0 405 1379 352 603 0 276 1326 5
0 21 1525 480 0 389 1395 352 601 0 277 1264 6
95 21 1523 482 0 421 1379 352 598 0 276 1324 7
0 23 1524 482 0 389 1379 353 596 0 277 1325 8
0 23 1525 483 0 304 1299 352 599 0 279 1248 9
95 23 1524 483 0 421 1300 352 599 0 277 1324 10
95 23 1522 480 0 405 1299 353 599 0 278 1264 11
Chip#2
742 742 843 797 787 721 836 810 918 739 694 1004 0
726 738 785 793 784 720 834 806 917 739 678 1004 1
726 740 785 797 785 723 835 809 918 739 678 988 2
710 738 785 796 785 721 835 809 918 755 694 988 3
726 738 785 797 787 721 836 810 918 755 694 988 4
710 738 785 796 785 722 835 807 917 739 678 988 5
726 739 785 796 785 723 836 810 918 755 694 988 6
726 738 785 795 785 721 835 807 918 755 678 988 7
710 740 785 795 784 723 835 807 917 739 678 988 8
710 739 769 796 783 722 834 807 916 739 635 988 9
710 740 785 796 785 723 835 807 916 739 635 988 10
726 741 785 797 787 722 834 809 916 739 678 988 11
Chip#3
133 1192 1832 0 1447 0 435 1455 1118 1045 1429 0 0
133 1195 1864 0 1447 0 419 1487 1150 1049 1431 0 1
117 1194 1896 0 1448 0 403 1547 1166 1045 1433 0 2
133 1195 1864 0 1448 0 419 1544 1118 1045 1430 0 3
117 1191 1848 0 1448 0 387 1541 1134 1046 1429 0 4
117 1194 1848 0 1446 0 435 1487 1118 1046 1429 0 5
133 1192 1880 0 1446 0 403 1543 1118 1048 1429 0 6
133 1190 1848 0 1448 0 387 1487 1134 1045 1366 0 7
149 1190 1832 0 1447 0 403 1543 1118 1050 1366 0 8
149 1193 1864 0 1447 0 419 1542 1134 1044 1429 0 9
133 1190 1832 0 1447 0 403 1471 1134 1045 1366 0 10
133 1193 1832 0 1444 0 419 1471 1118 1047 1366 0 11
Chip#4
812 341 408 450 509 474 390 372 945 487 325 741 0
753 341 408 434 509 474 389 356 977 489 324 741 1
812 342 392 450 493 474 390 372 945 489 326 741 2
753 343 408 450 493 474 390 372 854 487 326 741 3
812 341 424 450 509 474 390 372 945 489 325 757 4
753 341 408 450 418 474 390 372 961 487 326 725 5
812 339 408 434 509 474 389 356 977 489 325 816 6
813 339 408 450 509 458 390 372 977 489 325 814 7
812 342 408 450 493 474 390 372 961 489 325 741 8
753 341 408 450 493 474 392 372 929 487 325 757 9
812 341 408 434 509 458 389 372 977 489 325 757 10
812 341 408 434 509 458 390 356 961 487 325 757 11
Chip#1
0 21 1525 481 0 305 1395 292 603 0 230 1326 0
0 21 1526 482 0 389 1395 292 598 0 230 1325 1
0 20 1526 481 0 302 1395 292 601 0 214 1326 2
0 21 1526 480 0 405 1411 292 601 0 230 1326 3
0 20 1526 483 0 301 1411 292 599 0 230 1328 4
0 21 1525 482 0 302 1395 292 604 0 230 1325 5
0 21 1527 481 0 301 1395 292 601 0 230 1329 6
0 21 1526 484 0 302 1395 276 601 0 230 1325 7
0 21 1524 481 0 302 1379 352 601 0 230 1324 8
0 21 1526 479 0 302 1395 292 599 0 230 1326 9
0 23 1526 479 0 304 1395 350 601 0 230 1325 10
0 21 1526 479 0 302 1411 352 603 0 276 1325 11
Chip#2
742 744 785 797 785 723 836 809 917 739 633 1004 0
710 742 785 796 784 722 835 806 915 723 633 1004 1
710 685 769 796 785 722 835 807 917 723 632 988 2
710 685 785 796 787 724 836 807 917 739 678 988 3
726 740 785 797 788 724 836 809 916 739 678 1004 4
694 685 769 796 787 723 834 807 916 739 633 988 5
726 742 785 797 785 723 836 807 918 739 678 1004 6
710 685 769 796 783 722 834 805 916 739 633 988 7
710 738 785 795 784 723 835 807 917 739 678 988 8
710 685 769 796 784 724 835 807 916 723 630 988 9
726 740 785 797 785 725 836 806 916 739 678 988 10
694 685 769 796 785 722 834 753 913 723 631 988 11
Chip#3
85 1191 1896 0 1449 0 387 1543 1150 1047 1432 0 0
85 1193 1896 0 1453 0 371 1548 1118 1049 1435 0 1
101 1193 1965 0 1449 0 403 1545 1150 1046 1434 0 2
85 1197 1896 0 1450 0 371 1546 1150 1052 1432 0 3
85 1193 1896 0 1453 0 371 1547 1134 1046 1433 0 4
85 1194 1965 0 1449 0 371 1545 1166 1047 1434 0 5
85 1194 1966 0 1451 0 387 1546 1134 1045 1433 0 6
101 1193 1964 0 1449 0 387 1547 1150 1046 1433 0 7
101 1195 1965 0 1449 0 355 1546 1166 1050 1435 0 8
85 1195 1966 0 1525 0 387 1547 1166 1050 1434 0 9
101 1194 1965 0 1452 0 387 1543 1134 1047 1433 0 10
85 1196 1966 0 1451 0 355 1546 1166 1050 1435 0 11
Chip#4
814 337 392 434 525 458 389 356 993 489 325 817 0
813 337 392 434 541 458 389 372 1009 490 324 814 1
813 338 392 434 541 458 389 356 993 489 324 816 2
812 337 392 434 525 381 388 356 993 490 325 815 3
813 338 392 418 525 458 392 356 993 490 324 814 4
813 338 392 450 525 381 388 356 1025 489 325 814 5
813 338 392 450 525 381 389 356 1009 487 326 815 6
813 338 392 434 525 458 389 356 1009 487 324 814 7
814 337 376 434 525 381 388 356 993 487 324 814 8
814 338 392 434 541 381 389 271 1009 487 324 818 9
814 338 392 434 541 382 389 356 1009 489 324 815 10
815 338 392 434 541 381 388 356 1009 489 325 817 11
Chip#1
0 23 1525 482 0 305 1302 352 603 0 230 1232 0
0 23 1526 483 0 389 1395 292 600 0 230 1326 1
0 21 1525 481 0 389 1411 292 603 0 276 1264 2
0 21 1526 484 0 389 1411 350 603 0 275 1325 3
0 21 1525 480 0 389 1395 292 599 0 230 1324 4
0 20 1527 480 0 304 1411 350 598 0 230 1323 5
0 21 1526 484 0 304 1379 349 599 0 230 1324 6
0 21 1526 484 0 405 1395 352 603 0 230 1323 7
0 20 1525 482 0 389 1379 292 603 0 230 1324 8
0 20 1526 481 0 389 1411 292 603 0 230 1264 9
0 21 1528 478 0 302 1411 292 600 0 230 1325 10
0 21 1526 480 0 389 1379 292 604 0 275 1326 11
Chip#2
742 742 769 796 784 723 834 753 915 723 630 988 0
726 743 769 796 784 657 835 807 915 723 632 1004 1
726 685 769 796 784 657 835 807 915 723 630 988 2
710 669 769 796 784 723 837 753 915 723 631 988 3
710 685 769 797 787 724 835 809 987 739 632 1004 4
710 685 785 797 787 725 836 809 916 739 633 1004 5
726 685 769 796 784 657 835 753 915 723 632 988 6
710 685 769 796 785 723 834 753 916 723 629 988 7
710 685 769 796 785 723 835 807 916 723 633 988 8
710 685 769 796 785 724 835 807 916 723 630 988 9
710 685 769 797 787 725 836 807 916 723 630 988 10
726 742 785 797 785 724 836 807 915 723 629 988 11
Chip#3
101 1195 1896 0 1449 0 371 1546 1150 988 1433 0 0
101 1195 1896 0 1450 0 371 1547 1182 1048 1435 0 1
101 1193 1962 0 1449 0 355 1545 1150 1043 1432 0 2
101 1196 1896 0 1449 0 371 1545 1118 1049 1433 0 3
101 1195 1965 0 1451 0 355 1545 1166 1049 1433 0 4
117 1195 1880 0 1449 0 387 1546 1166 1045 1432 0 5
117 1196 1880 0 1448 0 387 1544 1150 1046 1431 0 6
117 1191 1864 0 1450 0 387 1547 1166 1046 1431 0 7
101 1194 1965 0 1451 0 371 1547 1182 1046 1433 0 8
101 1192 1896 0 1450 0 355 1548 1150 1047 1431 0 9
101 1196 1965 0 1452 0 371 1550 1166 1051 1433 0 10
101 1195 1896 0 1450 0 355 1546 1166 1050 1433 0 11
Chip#4
814 337 392 450 509 474 389 356 993 487 325 757 0
814 337 376 450 525 458 389 356 1009 489 325 816 1
814 339 392 450 525 458 389 271 993 489 325 757 2
814 338 392 450 525 458 390 273 993 489 325 817 3
814 337 392 450 525 458 390 356 977 490 325 814 4
815 338 392 450 525 381 389 356 1009 489 325 814 5
814 338 376 450 525 458 389 356 1009 489 325 815 6
815 335 376 434 525 381 389 273 977 487 325 816 7
814 337 392 450 525 458 389 372 993 489 324 757 8
814 338 392 450 541 381 389 356 1009 489 324 817 9
815 338 376 434 525 458 389 356 993 490 325 816 10
814 337 376 434 541 458 389 356 1009 489 325 816 11
Chip#1
246 171 1168 572 196 552 1040 484 730 125 406 928 0
244 155 1184 572 133 553 1038 468 714 125 406 960 1
244 155 1184 572 133 555 1037 468 714 125 390 944 2
244 155 1184 588 133 554 1039 452 714 125 406 960 3
246 155 1168 487 133 553 1038 468 698 125 422 928 4
244 155 1200 588 133 554 1039 468 698 125 406 960 5
244 155 1184 487 133 553 1039 452 730 109 406 928 6
245 155 1184 572 133 553 1041 468 698 125 406 960 7
245 171 1168 588 196 553 1038 468 730 125 406 928 8
244 171 1184 572 133 555 1037 468 730 125 406 944 9
244 171 1168 588 133 553 1038 468 714 125 406 928 10
244 171 1168 572 133 552 1038 484 714 141 422 928 11
Chip#2
758 723 841 788 782 707 829 817 938 803 758 1004 0
742 722 842 786 782 705 826 814 932 787 758 1004 1
742 720 837 786 783 707 831 815 934 855 758 988 2
742 717 838 786 785 709 829 817 935 803 758 988 3
742 716 838 789 787 710 830 818 937 803 774 988 4
726 713 840 789 788 708 828 814 932 803 774 988 5
742 718 841 788 783 706 833 815 935 803 758 988 6
742 714 838 786 782 705 828 812 936 855 758 988 7
742 719 841 788 783 708 833 817 936 803 774 988 8
726 717 841 788 782 708 829 815 932 787 758 988 9
742 719 838 790 786 713 831 814 934 787 758 988 10
726 718 841 791 786 709 830 818 933 787 758 972 11
Chip#3
309 861 1452 86 1029 93 511 1054 753 806 928 164 0
309 877 1452 70 1045 95 511 1053 753 892 1014 148 1
309 845 1454 70 1029 95 511 1055 754 803 932 164 2
325 877 1451 70 1029 96 510 1055 753 804 928 164 3
309 845 1384 70 947 93 511 1053 752 803 930 164 4
309 861 1452 86 1029 93 513 1055 754 804 929 164 5
309 877 1454 70 948 95 511 1055 754 803 928 225 6
325 877 1452 70 1045 95 511 1055 754 804 929 164 7
309 877 1455 86 1029 94 563 1135 830 802 932 225 8
309 877 1454 86 1045 93 511 1054 754 804 929 164 9
244 877 1455 70 1045 94 511 1055 753 802 1014 164 10
309 877 1452 70 1045 93 511 1053 755 802 931 164 11
Chip#4
566 447 440 418 405 538 493 388 673 399 481 568 0
565 463 440 434 406 554 493 388 673 399 465 568 1
566 447 440 434 406 554 493 404 673 415 481 568 2
566 447 440 434 407 538 493 404 673 415 481 570 3
568 463 456 434 409 538 493 388 613 480 481 570 4
566 463 440 434 406 538 493 388 689 415 481 568 5
568 463 440 434 409 538 493 388 673 399 481 573 6
566 463 440 434 407 538 477 388 689 399 481 569 7
569 463 440 434 405 538 493 388 673 415 481 570 8
566 463 440 450 407 554 493 388 613 415 481 572 9
566 447 440 418 407 554 493 388 613 415 481 570 10
569 463 440 434 410 538 493 388 673 415 481 570 11
