Chip#1
99 100 110 107 112 107 106 103 101 102 97 95 0 224 123 111 23
97 98 111 107 107 107 114 108 102 100 101 96 1 0 0 0 0
109 104 116 112 117 114 115 110 103 104 109 102 2 0 0 0 0
104 104 111 112 112 109 109 109 104 100 102 99 3 0 0 0 0
132 102 112 111 111 112 126 122 106 100 105 102 4 0 0 0 0
99 100 108 107 106 108 125 116 96 104 96 101 5 0 0 0 0
104 98 111 106 107 105 105 97 99 104 102 101 6 0 0 0 0
102 100 108 105 100 107 105 102 99 113 131 98 7 0 0 0 0
105 100 112 108 112 107 105 101 102 117 131 102 8 0 0 0 0
98 93 101 101 101 104 102 97 96 103 100 98 9 0 0 0 0
104 101 108 109 109 108 106 103 102 115 110 99 10 0 0 0 0
97 94 101 101 97 107 102 96 97 109 105 15000 11 0 0 0 0
Chip#2
112 99 103 92 93 97 96 92 72 101 98 102 0 155 123 19 23
112 104 108 100 103 104 106 107 72 105 104 107 1 0 0 0 0
112 105 108 98 100 100 103 108 72 104 102 103 2 0 0 0 0
112 101 106 93 101 98 100 98 105 104 99 105 3 0 0 0 0
112 96 101 91 95 92 120 120 72 100 97 96 4 0 0 0 0
78 95 102 93 99 94 124 125 72 99 97 97 5 0 0 0 0
112 108 106 102 101 106 105 104 72 104 102 109 6 0 0 0 0
76 98 103 94 91 97 93 101 72 128 120 98 7 0 0 0 0
112 105 104 97 99 104 103 98 105 119 119 107 8 0 0 0 0
112 100 106 97 100 103 96 99 105 104 104 100 9 0 0 0 0
112 106 110 99 103 103 101 98 105 147 132 103 10 0 0 0 0
112 99 98 93 96 93 92 95 72 112 109 15000 11 0 0 0 0
Chip#1
103 94 106 106 105 106 104 101 99 95 101 98 0 222 123 92 23
105 98 115 116 115 111 125 115 106 104 106 102 1 0 0 0 0
100 98 111 108 111 111 117 110 107 96 99 100 2 0 0 0 0
104 98 109 108 111 109 109 102 103 103 105 99 3 0 0 0 0
98 94 105 106 108 105 138 159 99 96 96 94 4 0 0 0 0
102 98 106 105 107 111 138 159 102 99 97 93 5 0 0 0 0
103 99 105 107 112 111 105 101 96 99 99 98 6 0 0 0 0
109 105 107 107 107 111 109 101 104 131 131 105 7 0 0 0 0
103 98 103 102 102 107 103 97 101 127 131 95 8 0 0 0 0
100 92 105 101 102 106 100 99 101 104 102 96 9 0 0 0 0
105 102 111 111 109 113 107 101 109 132 131 100 10 0 0 0 0
103 104 110 106 103 108 105 100 102 127 131 15000 11 0 0 0 0
Chip#2
112 106 108 103 101 102 97 101 105 107 102 104 0 153 124 71 23
112 105 108 98 105 105 107 110 105 104 105 104 1 0 0 0 0
112 102 103 95 101 99 111 110 105 99 98 102 2 0 0 0 0
112 105 109 105 109 106 101 103 105 102 109 109 3 0 0 0 0
112 106 107 98 103 103 147 162 105 107 104 108 4 0 0 0 0
112 100 103 97 101 102 156 162 105 101 102 104 5 0 0 0 0
128 102 104 97 103 99 97 98 105 105 104 105 6 0 0 0 0
79 99 101 95 94 96 93 95 72 154 143 95 7 0 0 0 0
112 97 100 94 99 97 96 96 105 128 123 100 8 0 0 0 0
112 108 107 107 105 106 102 99 105 115 110 105 9 0 0 0 0
112 101 106 95 100 102 101 98 105 175 152 102 10 0 0 0 0
84 105 104 98 104 99 93 97 72 124 119 15000 11 0 0 0 0
Chip#1
111 101 114 116 116 114 119 117 108 107 106 103 0 223 123 192 23
106 104 111 139 164 122 231 219 110 114 107 99 1 0 0 0 0
104 102 108 138 146 122 231 215 112 108 110 95 2 0 0 0 0
105 104 111 116 119 114 136 135 103 105 101 99 3 0 0 0 0
111 105 120 146 146 138 414 415 127 112 110 106 4 0 0 0 0
118 107 119 134 138 136 418 431 129 115 115 102 5 0 0 0 0
132 116 117 123 122 121 138 159 116 127 131 109 6 0 0 0 0
156 140 120 119 119 120 119 117 127 329 303 117 7 0 0 0 0
144 121 114 110 113 113 114 110 131 332 315 115 8 0 0 0 0
111 107 112 110 108 114 112 103 107 153 131 102 9 0 0 0 0
149 135 116 115 109 112 115 111 144 327 263 107 10 0 0 0 0
139 117 111 107 111 107 112 107 164 309 274 15000 11 0 0 0 0
Chip#2
112 102 102 105 98 105 102 98 105 104 102 104 0 151 123 65 23
112 106 106 105 106 104 157 162 105 108 109 110 1 0 0 0 0
112 107 106 104 110 104 235 227 105 105 106 100 2 0 0 0 0
112 104 107 100 100 100 111 113 105 105 97 103 3 0 0 0 0
112 105 108 102 111 105 513 550 105 106 111 103 4 0 0 0 0
112 107 108 104 110 109 578 598 105 105 106 104 5 0 0 0 0
112 101 103 97 93 97 98 101 105 107 108 102 6 0 0 0 0
112 107 106 100 100 104 100 104 105 556 455 98 7 0 0 0 0
128 105 104 98 106 98 98 97 105 358 302 102 8 0 0 0 0
112 103 109 100 101 108 106 107 105 173 139 107 9 0 0 0 0
112 114 109 99 101 104 98 101 113 724 488 104 10 0 0 0 0
112 106 108 97 99 96 96 97 113 307 245 15000 11 0 0 0 0
Chip#1
132 104 115 117 118 112 121 118 112 109 104 103 0 223 124 254 23
132 99 117 159 168 129 278 279 122 113 131 99 1 0 0 0 0
112 110 119 164 177 140 291 287 129 121 119 106 2 0 0 0 0
108 104 112 118 125 116 161 175 109 107 104 102 3 0 0 0 0
133 113 120 165 169 168 619 603 164 117 114 102 4 0 0 0 0
132 109 115 152 164 168 630 620 164 118 131 102 5 0 0 0 0
115 114 111 113 115 119 152 159 108 132 131 102 6 0 0 0 0
184 179 126 128 126 122 127 120 164 500 458 130 7 0 0 0 0
169 148 120 123 122 119 127 123 164 517 491 131 8 0 0 0 0
113 113 106 107 107 109 110 106 106 193 163 100 9 0 0 0 0
177 173 129 117 120 117 132 122 196 519 403 119 10 0 0 0 0
168 145 120 115 118 119 127 118 180 497 431 15000 11 0 0 0 0
Chip#2
112 100 104 100 96 98 100 101 113 100 102 104 0 154 123 59 23
112 104 106 103 104 97 183 178 113 105 104 105 1 0 0 0 0
112 105 109 109 113 106 295 279 113 105 105 104 2 0 0 0 0
112 108 112 105 106 110 124 121 113 106 109 108 3 0 0 0 0
112 107 108 109 115 109 693 761 113 109 111 105 4 0 0 0 0
112 113 112 116 120 120 824 851 113 112 112 107 5 0 0 0 0
112 106 108 103 106 111 112 108 113 124 119 105 6 0 0 0 0
112 124 114 108 111 113 112 113 110 820 652 112 7 0 0 0 0
112 111 108 100 104 103 105 104 110 518 415 99 8 0 0 0 0
128 114 112 108 105 113 109 109 110 233 162 113 9 0 0 0 0
128 125 114 105 109 104 106 107 140 1144 753 108 10 0 0 0 0
112 111 106 99 99 98 100 96 88 450 339 15000 11 0 0 0 0
Chip#1
110 99 114 112 118 112 124 124 108 107 102 99 0 221 123 176 23
132 109 116 174 185 132 326 322 121 118 131 103 1 0 0 0 0
113 114 117 174 193 137 331 325 125 126 131 103 2 0 0 0 0
105 101 108 117 125 111 165 175 102 98 97 98 3 0 0 0 0
134 113 120 179 186 184 724 701 180 117 112 103 4 0 0 0 0
134 114 120 162 176 168 746 725 164 118 131 105 5 0 0 0 0
132 117 115 110 116 116 164 175 112 137 131 102 6 0 0 0 0
199 185 129 124 131 117 133 126 164 579 525 132 7 0 0 0 0
186 160 126 129 131 123 136 130 180 604 566 144 8 0 0 0 0
137 121 116 112 116 116 111 110 113 215 177 103 9 0 0 0 0
196 185 138 127 132 121 136 131 228 603 468 127 10 0 0 0 0
174 151 119 115 118 114 128 120 196 579 489 15000 11 0 0 0 0
Chip#2
112 102 106 100 99 103 100 97 88 99 102 103 0 155 123 83 23
128 109 104 105 114 104 189 194 88 108 108 109 1 0 0 0 0
112 114 112 114 123 111 315 299 88 112 110 105 2 0 0 0 0
112 100 104 98 99 105 116 115 140 102 98 98 3 0 0 0 0
88 108 107 108 115 114 739 809 88 111 104 103 4 0 0 0 0
112 113 115 115 123 121 866 905 88 113 108 109 5 0 0 0 0
112 102 107 108 106 105 112 112 88 126 119 103 6 0 0 0 0
112 123 113 105 109 113 115 115 106 871 693 107 7 0 0 0 0
112 117 115 104 109 106 111 104 106 561 442 107 8 0 0 0 0
128 111 110 105 111 110 110 109 106 242 167 108 9 0 0 0 0
112 123 110 104 103 104 107 103 139 1227 799 109 10 0 0 0 0
112 114 110 99 101 105 103 101 88 490 356 15000 11 0 0 0 0
Chip#1
109 107 112 117 119 115 132 129 107 109 107 108 0 221 123 223 23
117 116 122 187 196 141 348 346 128 124 131 106 1 0 0 0 0
132 113 115 181 195 168 350 347 131 121 131 103 2 0 0 0 0
110 108 121 130 130 115 181 188 112 117 109 103 3 0 0 0 0
135 120 119 188 189 184 781 761 180 123 131 106 4 0 0 0 0
132 112 115 169 176 168 796 782 180 119 116 100 5 0 0 0 0
141 117 116 121 122 121 173 177 118 150 147 109 6 0 0 0 0
206 191 131 130 131 121 138 131 180 627 562 134 7 0 0 0 0
182 174 125 130 130 120 136 129 180 643 611 139 8 0 0 0 0
134 117 108 108 107 107 110 105 109 225 182 99 9 0 0 0 0
203 191 134 128 131 121 142 131 212 644 502 124 10 0 0 0 0
182 161 121 117 120 112 131 124 196 612 523 15000 11 0 0 0 0
Chip#2
112 106 114 103 99 103 102 103 88 104 104 109 0 153 123 115 23
128 105 112 102 106 100 197 210 88 111 109 109 1 0 0 0 0
112 109 107 110 114 104 330 296 88 106 102 102 2 0 0 0 0
128 111 113 109 111 110 130 129 88 109 106 114 3 0 0 0 0
112 112 109 108 116 114 770 837 88 113 110 103 4 0 0 0 0
112 112 108 112 119 114 895 948 88 111 105 107 5 0 0 0 0
112 107 108 100 106 110 112 103 88 126 116 107 6 0 0 0 0
112 126 116 109 115 115 116 112 113 906 715 109 7 0 0 0 0
128 118 110 104 109 108 109 102 113 572 456 108 8 0 0 0 0
128 106 106 98 98 105 100 98 113 235 155 107 9 0 0 0 0
128 129 120 107 111 108 111 107 144 1270 824 112 10 0 0 0 0
112 119 113 103 105 100 105 100 72 504 363 15000 11 0 0 0 0
