Chip#1
99 102 105 104 96 106 101 101 104 93 103 102 0
101 100 98 107 100 103 102 102 100 95 100 102 1
92 88 94 96 87 94 99 96 98 89 95 92 2
99 97 98 98 96 101 100 98 102 93 97 96 3
93 99 99 102 97 100 100 98 97 93 95 92 4
101 101 126 132 100 128 152 102 100 100 100 96 5
101 100 110 116 97 118 133 100 99 96 100 100 6
101 94 105 106 101 103 104 103 99 99 100 102 7
96 101 139 140 98 120 121 102 97 92 100 101 8
98 96 118 121 93 114 117 102 93 93 93 100 9
97 97 102 103 93 103 102 98 97 96 96 98 10
103 102 105 103 100 105 104 101 101 101 101 15000 11
Chip#1
103 105 104 101 98 101 106 103 100 100 103 101 0
103 104 104 104 103 107 111 109 106 100 98 102 1
97 93 102 108 93 104 113 100 103 105 97 95 2
104 109 102 112 100 104 113 107 103 112 106 104 3
97 97 97 104 91 97 107 94 93 87 95 95 4
105 106 291 299 104 305 459 116 107 111 103 101 5
103 102 171 178 100 207 295 109 106 108 100 101 6
103 104 109 115 104 109 108 102 103 100 102 104 7
102 101 376 361 102 214 244 105 104 99 98 104 8
101 101 264 240 103 219 239 102 100 99 100 99 9
98 97 103 106 96 105 100 100 98 99 93 101 10
104 100 100 97 97 98 99 100 96 96 95 15000 11
Chip#1
97 97 96 102 95 101 101 98 96 95 100 96 0
99 97 104 103 103 105 107 103 104 104 100 101 1
93 99 104 109 95 108 117 102 104 115 100 99 2
99 97 103 104 101 108 106 102 102 107 97 98 3
103 102 110 118 103 109 119 104 101 97 100 96 4
101 100 378 383 98 400 633 114 107 112 100 99 5
101 101 209 213 103 259 391 110 109 116 103 101 6
103 101 109 114 101 101 109 102 101 99 96 101 7
104 104 503 484 102 273 305 107 101 100 100 101 8
104 97 350 311 101 274 312 103 100 100 102 102 9
95 94 96 98 93 99 104 96 96 88 94 95 10
105 105 94 103 102 104 102 107 100 99 98 15000 11
Chip#1
101 97 99 102 102 98 104 101 98 97 98 98 0
110 107 108 116 109 110 113 110 108 111 109 106 1
101 99 108 118 95 110 121 101 106 122 100 100 2
101 100 102 104 98 105 108 102 103 115 98 101 3
104 104 113 120 101 108 122 110 107 105 101 102 4
102 105 405 403 103 427 675 119 111 118 100 100 5
106 106 221 225 108 280 416 111 108 117 105 106 6
112 106 119 118 109 110 113 108 108 105 103 106 7
102 106 537 510 105 286 326 104 102 99 100 102 8
105 106 371 326 105 288 327 107 102 100 100 102 9
101 102 103 107 100 101 107 102 103 97 98 105 10
109 104 104 107 101 106 107 107 98 101 102 15000 11
Chip#1
103 102 98 102 102 103 104 97 101 101 101 102 0
101 101 102 103 100 109 108 98 99 101 98 96 1
96 100 104 115 96 108 120 101 106 122 97 95 2
93 95 97 103 94 101 106 97 100 109 91 95 3
109 106 115 120 102 116 124 105 106 107 100 100 4
102 101 425 427 102 446 718 114 102 122 100 100 5
97 97 223 229 97 286 432 103 100 112 100 98 6
95 95 106 108 93 94 99 95 98 89 91 90 7
98 105 568 546 103 297 336 100 99 93 102 99 8
98 96 385 335 95 296 333 97 94 93 94 96 9
102 100 104 103 98 106 106 96 100 100 100 98 10
110 101 104 108 100 109 112 105 102 105 103 15000 11
