Chip#1
132 99 110 107 111 109 107 103 106 103 99 101 0 224 124 181 23
132 105 116 112 120 117 117 116 106 109 104 103 1 0 0 0 0
132 106 116 116 124 121 122 118 114 112 109 105 2 0 0 0 0
103 94 107 102 109 113 107 102 104 100 97 95 3 0 0 0 0
108 100 108 111 113 112 124 122 109 107 100 102 4 0 0 0 0
102 99 107 107 113 111 128 122 102 94 94 92 5 0 0 0 0
132 100 109 110 114 111 105 110 102 103 102 98 6 0 0 0 0
106 101 109 108 109 109 105 101 106 117 111 95 7 0 0 0 0
104 99 106 109 109 107 104 102 102 118 111 98 8 0 0 0 0
108 97 110 106 111 113 109 102 103 108 102 99 9 0 0 0 0
106 98 111 108 108 112 106 97 110 123 110 99 10 0 0 0 0
132 101 110 106 107 108 101 99 106 117 112 15000 11 0 0 0 0
Chip#2
112 104 107 97 98 98 98 96 72 104 100 94 0 154 123 41 23
112 104 102 99 94 96 98 101 106 100 102 98 1 0 0 0 0
112 112 110 103 104 104 109 107 106 109 108 105 2 0 0 0 0
112 105 102 100 101 100 97 97 106 105 104 104 3 0 0 0 0
112 106 102 100 98 102 127 127 72 105 99 97 4 0 0 0 0
112 105 100 98 99 100 127 129 106 104 100 102 5 0 0 0 0
112 99 103 97 99 98 93 95 106 105 100 104 6 0 0 0 0
82 105 107 93 98 98 98 98 72 133 125 104 7 0 0 0 0
112 108 107 103 104 100 103 100 106 125 125 108 8 0 0 0 0
112 105 107 104 99 103 95 101 106 108 108 103 9 0 0 0 0
112 103 100 94 95 97 95 90 106 142 126 102 10 0 0 0 0
112 109 102 99 98 102 101 96 106 118 112 15000 11 0 0 0 0
