Chip#1
115 208 206 87 178 162 164 159 189 76 180 302 0
115 208 212 147 194 168 108 168 190 80 180 302 1
99 192 209 90 178 164 108 159 188 79 180 302 2
115 208 207 86 178 163 108 159 185 75 180 302 3
115 192 212 147 194 167 108 159 189 79 180 302 4
115 192 213 147 178 169 108 159 190 79 180 302 5
115 208 213 147 194 168 166 168 191 79 180 302 6
47 192 211 92 178 168 108 168 188 78 180 302 7
115 208 216 95 194 172 172 168 194 80 180 302 8
115 208 214 95 194 173 168 168 193 80 180 302 9
115 208 218 97 194 175 173 169 196 82 180 302 10
115 208 218 100 194 175 173 168 196 80 180 302 11
Chip#2
261 260 213 247 315 318 195 261 289 167 182 453 0
250 251 197 237 304 302 184 248 279 151 180 368 1
255 253 213 240 310 318 187 251 281 167 180 453 2
255 250 197 242 311 302 191 253 287 151 180 437 3
254 255 197 242 312 302 190 254 286 151 180 437 4
255 257 197 245 312 302 193 253 286 151 180 437 5
253 254 197 244 309 302 191 251 288 151 180 437 6
250 246 181 234 304 302 185 243 279 135 180 365 7
253 254 197 239 308 302 188 252 282 151 180 437 8
257 256 197 243 316 302 194 252 286 151 181 437 9
253 256 197 243 315 302 187 252 286 151 180 437 10
258 260 213 245 317 318 192 256 288 167 182 437 11
Chip#3
356 402 461 213 293 299 381 330 287 370 343 331 0
356 402 463 213 296 315 379 395 287 371 344 347 1
356 407 468 218 302 299 382 401 294 374 349 347 2
356 406 467 216 300 315 384 399 294 373 347 347 3
356 403 465 214 297 299 379 334 290 371 345 347 4
356 400 460 211 293 299 380 330 287 369 341 347 5
356 404 469 216 298 299 380 398 292 374 347 347 6
356 402 463 212 298 299 378 398 288 369 342 347 7
356 406 466 216 300 315 385 399 292 376 346 347 8
356 405 467 217 301 315 382 400 291 371 348 347 9
356 401 463 214 296 299 378 332 290 370 343 347 10
356 401 462 216 295 315 380 397 289 372 345 347 11
Chip#4
331 263 229 264 271 292 234 276 299 276 331 313 0
331 266 230 268 271 290 238 278 299 277 331 315 1
331 265 225 266 272 290 233 280 299 280 331 313 2
315 266 227 269 273 294 239 281 299 279 331 315 3
331 268 233 268 274 294 239 280 299 278 331 317 4
331 268 229 264 271 288 237 279 299 279 331 313 5
331 268 232 265 273 289 234 278 299 280 331 311 6
331 331 239 275 279 299 245 287 315 283 347 321 7
331 315 226 264 270 291 236 277 299 273 331 312 8
331 315 224 258 267 283 235 273 299 268 331 307 9
315 268 232 269 274 287 237 278 299 276 331 314 10
331 267 231 267 272 290 234 278 283 276 331 314 11
Chip#1
115 192 209 147 178 165 108 168 193 78 180 302 0
115 208 210 147 194 166 108 168 193 80 180 302 1
115 192 210 91 178 166 108 159 191 78 180 302 2
115 192 209 91 178 165 108 159 189 76 180 302 3
115 192 210 147 178 168 108 168 192 78 180 302 4
115 208 214 95 194 168 167 168 194 81 180 302 5
115 192 216 96 194 173 168 169 195 83 180 302 6
115 192 207 147 194 167 108 168 190 76 180 302 7
51 192 214 98 178 173 108 159 194 79 180 302 8
47 176 211 92 178 126 108 159 190 73 180 302 9
115 192 212 95 194 169 169 168 193 76 180 302 10
115 208 214 98 194 174 171 169 195 79 180 302 11
Chip#2
259 258 197 243 316 302 188 251 287 151 180 437 0
255 258 197 240 310 302 188 252 284 151 180 453 1
250 254 197 239 309 302 184 248 281 151 180 437 2
252 253 197 238 310 302 186 248 284 151 180 453 3
255 260 213 245 314 318 188 252 285 167 180 453 4
251 252 213 241 312 318 189 254 283 167 180 453 5
247 250 181 236 303 286 182 245 277 151 180 437 6
245 246 181 235 304 286 179 244 277 135 180 437 7
251 255 197 238 307 302 186 249 282 151 180 437 8
251 256 181 241 313 302 186 251 284 151 180 437 9
254 255 197 242 308 302 188 253 289 151 180 437 10
252 258 197 242 313 302 189 253 285 151 180 437 11
Chip#3
347 395 460 207 290 299 374 333 285 315 345 331 0
363 399 462 211 295 299 378 335 292 318 346 347 1
347 398 461 211 293 299 378 336 288 317 345 331 2
363 403 465 214 300 299 382 400 293 371 351 347 3
363 403 467 215 299 299 380 402 294 370 350 347 4
363 402 463 211 298 299 378 397 291 370 346 347 5
347 404 463 213 297 299 380 336 292 318 347 347 6
363 403 466 215 300 299 380 399 292 371 349 347 7
363 401 459 209 297 299 375 333 287 315 344 331 8
363 402 464 211 299 299 382 399 292 369 348 347 9
363 403 469 218 302 299 383 400 294 373 352 347 10
363 405 465 215 299 299 380 336 292 371 348 347 11
Chip#4
315 315 223 263 270 285 230 274 283 272 315 308 0
315 315 224 269 269 288 232 277 283 270 331 311 1
315 315 227 266 270 289 237 275 283 271 315 312 2
315 263 225 268 271 291 235 278 283 274 264 310 3
315 266 223 266 273 289 236 278 283 272 315 312 4
331 268 232 268 274 293 236 283 299 279 331 315 5
331 269 232 270 277 294 237 282 299 278 331 316 6
331 331 231 272 277 296 243 281 299 278 331 314 7
315 263 227 263 269 287 232 274 355 274 315 308 8
331 274 232 271 277 291 245 285 355 280 331 316 9
331 331 233 272 276 293 239 284 355 280 331 317 10
331 273 234 274 278 294 238 284 355 279 331 316 11
Chip#1
99 192 205 84 113 126 92 159 187 72 180 302 0
115 192 212 147 178 167 108 168 194 79 180 302 1
115 192 211 147 178 164 108 168 193 79 180 302 2
115 192 210 147 178 163 108 168 190 78 180 302 3
115 192 210 93 178 165 108 168 193 79 180 302 4
115 192 212 147 194 168 108 168 192 79 180 302 5
115 192 214 95 178 169 167 168 192 80 180 302 6
115 192 211 147 178 167 108 168 192 78 180 302 7
115 192 214 98 194 170 166 168 194 81 180 302 8
115 192 216 99 194 170 172 168 195 81 180 302 9
131 192 217 100 194 171 170 169 198 81 180 302 10
115 192 215 98 194 170 168 168 196 78 180 302 11
Chip#2
251 251 197 235 306 302 181 242 277 151 180 437 0
248 245 197 233 304 302 180 244 278 151 180 437 1
255 253 197 237 311 302 186 250 281 151 180 437 2
252 254 197 239 313 302 186 250 285 151 180 437 3
251 251 197 238 310 302 188 250 283 151 180 437 4
246 250 197 237 307 302 184 246 281 151 180 437 5
255 255 197 239 311 302 188 253 284 151 181 437 6
251 254 213 241 312 318 186 249 285 167 180 453 7
254 254 197 238 311 302 187 249 280 151 180 437 8
248 250 197 233 308 318 184 248 279 151 180 453 9
251 252 197 239 310 302 187 249 281 151 180 437 10
249 252 197 242 314 302 188 250 282 151 180 437 11
Chip#3
363 401 466 211 297 299 379 394 289 366 347 347 0
363 400 463 212 297 299 379 394 290 369 344 347 1
347 396 458 205 294 225 378 332 284 314 342 331 2
363 403 465 214 300 299 383 398 293 372 349 347 3
363 400 463 212 298 299 381 334 291 319 346 347 4
363 402 465 214 296 299 383 398 291 372 349 347 5
347 402 464 213 299 299 380 334 290 320 346 331 6
363 400 462 212 298 299 381 397 290 370 346 347 7
363 404 467 216 303 315 383 400 292 375 351 347 8
347 404 465 213 298 299 380 338 290 321 350 331 9
347 402 462 212 297 299 380 334 289 319 347 331 10
363 404 465 216 299 299 382 400 292 372 347 347 11
Chip#4
315 266 226 267 274 288 235 281 355 276 266 317 0
331 264 227 265 273 288 231 276 355 274 331 308 1
331 264 226 265 275 291 234 282 355 278 331 314 2
331 269 226 266 271 291 233 283 355 275 331 313 3
331 315 226 268 271 288 239 282 355 273 331 316 4
315 268 225 267 273 288 236 280 355 275 264 310 5
315 263 224 262 268 286 230 275 355 270 315 308 6
315 264 224 265 266 285 233 279 355 270 315 308 7
315 264 226 265 268 290 236 277 355 273 331 310 8
331 269 229 269 273 293 240 281 355 276 315 312 9
331 331 236 275 281 296 299 288 355 281 331 317 10
331 271 230 270 273 288 236 280 355 274 331 312 11
Chip#1
115 192 211 147 178 167 108 168 195 79 180 302 0
115 208 211 147 178 167 108 168 193 79 180 302 1
115 192 211 91 178 163 108 159 190 79 180 302 2
115 192 211 91 178 168 108 168 191 81 180 302 3
115 192 211 92 178 164 108 168 189 76 180 302 4
115 208 214 97 194 167 108 168 193 83 180 302 5
115 192 217 100 194 172 170 168 195 80 180 302 6
115 208 212 147 194 165 108 168 192 74 180 302 7
115 208 216 100 194 171 170 169 195 82 180 302 8
115 192 216 101 194 176 108 169 197 81 180 302 9
115 192 218 99 194 173 108 168 197 81 180 302 10
115 208 216 100 194 171 170 168 197 80 180 302 11
Chip#2
255 257 197 237 312 318 184 251 283 167 180 453 0
248 250 181 230 305 286 182 241 278 135 180 437 1
248 250 197 235 308 302 186 244 280 151 180 437 2
249 252 197 239 309 302 185 247 283 151 180 437 3
252 258 197 240 313 302 191 253 284 151 180 437 4
246 247 181 231 303 302 178 245 277 151 180 437 5
252 256 197 237 312 318 188 253 285 167 180 453 6
253 254 197 237 313 302 185 248 284 151 180 437 7
252 259 197 240 311 318 187 252 288 151 180 453 8
250 251 197 237 308 302 183 249 279 151 180 437 9
254 259 197 241 317 302 188 254 288 151 185 437 10
255 259 197 242 315 302 187 249 283 167 180 453 11
Chip#3
363 403 465 217 298 299 380 398 292 319 346 331 0
363 406 466 216 298 299 382 398 294 371 347 347 1
363 402 464 214 297 299 383 397 291 369 348 347 2
363 394 458 211 293 299 375 331 289 311 341 331 3
363 404 464 216 300 315 381 399 293 370 349 331 4
347 398 459 207 293 299 374 330 287 313 342 331 5
363 406 467 215 299 299 385 398 293 370 347 347 6
347 399 460 210 294 299 375 331 289 318 342 331 7
363 401 461 213 297 299 379 397 293 317 346 347 8
363 402 463 213 295 315 377 396 291 370 344 347 9
347 395 458 206 292 223 371 328 286 311 338 331 10
363 395 459 212 295 299 375 331 287 313 342 331 11
Chip#4
315 265 227 265 272 289 234 277 355 275 263 311 0
331 263 227 265 270 288 234 278 355 271 331 312 1
315 265 224 263 271 290 231 277 355 273 331 310 2
315 260 222 261 268 284 230 275 355 271 315 306 3
331 266 225 265 271 291 232 278 355 275 331 313 4
331 264 226 265 273 287 231 278 355 274 331 309 5
315 315 225 264 271 286 232 277 355 272 315 307 6
331 265 228 264 271 286 233 277 355 271 263 310 7
331 331 235 271 278 291 236 284 355 281 331 319 8
331 267 229 267 274 292 239 280 355 273 331 313 9
331 331 230 270 276 292 234 281 355 277 331 315 10
331 264 226 265 273 285 232 278 355 272 331 309 11
