Chip#1
100 103 100 101 97 101 99 99 100 100 104 98 0
114 108 109 108 102 108 111 108 106 111 109 105 1
100 104 105 199 131 99 107 140 181 106 105 99 2
110 105 107 342 123 110 105 235 245 106 109 103 3
108 108 111 111 103 104 107 114 125 108 108 103 4
110 109 114 106 104 111 112 107 107 108 110 105 5
96 93 102 104 97 99 100 97 102 101 102 99 6
104 105 104 329 209 101 104 256 268 101 99 97 7
102 99 104 191 139 94 100 179 146 101 101 97 8
108 104 111 106 100 99 107 103 101 107 105 99 9
110 106 107 104 102 107 108 103 109 102 112 104 10
106 106 105 99 99 102 102 102 99 105 105 15000 11
Chip#2
95 98 98 105 97 98 101 100 102 100 98 101 0
98 99 104 103 98 101 101 100 104 103 97 100 1
101 99 102 107 114 104 102 100 105 104 101 100 2
96 94 96 106 134 118 100 100 135 156 97 101 3
96 95 102 104 105 103 98 99 111 121 94 98 4
104 102 104 106 105 104 105 100 101 101 105 105 5
96 97 101 110 101 92 101 99 98 100 97 97 6
103 102 102 109 146 121 103 99 145 137 98 102 7
98 92 101 104 121 109 100 100 112 140 97 98 8
109 106 110 114 114 107 139 100 111 112 106 104 9
100 102 104 103 105 103 105 100 105 104 103 104 10
102 102 106 108 105 101 105 100 104 110 104 15000 11
Chip#3
104 99 104 103 105 105 101 105 104 103 98 107 0
91 87 89 89 91 91 85 94 87 90 87 88 1
104 101 100 103 109 109 95 105 102 106 101 101 2
98 93 92 162 185 100 95 138 181 105 97 97 3
98 93 94 162 171 102 88 114 177 100 92 92 4
98 98 98 98 107 106 97 103 103 103 95 103 5
104 94 98 98 99 104 95 104 97 100 100 102 6
92 88 90 119 100 95 88 98 157 98 90 90 7
104 100 97 185 194 108 99 117 255 108 94 99 8
106 98 104 107 118 106 102 106 112 108 105 105 9
101 95 98 100 103 104 94 104 97 103 98 99 10
106 102 105 97 103 112 98 105 104 101 103 15000 11
Chip#4
98 98 94 99 95 98 104 99 103 93 101 96 0
95 103 99 103 100 98 104 96 104 100 98 96 1
92 97 94 95 92 93 100 90 94 94 95 92 2
98 99 106 102 101 104 106 99 106 101 101 95 3
99 104 103 103 103 98 104 100 101 103 104 98 4
100 105 104 104 104 106 108 105 108 103 106 101 5
89 96 90 94 89 92 96 92 94 90 92 88 6
100 101 100 104 101 102 103 102 101 101 108 96 7
97 103 100 104 101 105 103 99 103 101 101 95 8
93 88 94 92 93 96 97 92 94 90 95 91 9
100 96 97 99 95 100 101 96 96 97 99 96 10
93 93 94 97 95 96 98 96 97 92 93 15000 11
Chip#1
106 105 108 111 98 102 104 104 103 110 110 102 0
100 101 107 106 98 104 110 105 103 103 102 95 1
102 105 108 208 135 103 109 154 181 113 106 103 2
102 104 108 337 123 103 105 228 248 102 105 99 3
100 95 103 107 94 97 102 105 120 102 98 98 4
101 101 105 102 100 97 104 104 104 106 102 99 5
108 105 105 113 103 103 112 112 113 110 105 102 6
92 89 91 320 199 89 99 243 266 92 89 89 7
96 93 94 194 132 90 100 176 142 102 93 91 8
101 104 104 104 99 103 106 100 105 105 106 98 9
102 100 104 100 96 99 104 103 104 103 102 102 10
110 104 108 102 98 102 102 104 103 108 104 15000 11
Chip#2
99 98 105 101 102 102 100 99 104 97 98 100 0
100 93 99 101 102 102 104 100 100 93 101 102 1
104 98 102 103 114 105 104 100 107 104 102 105 2
95 93 95 95 132 122 92 100 127 153 96 95 3
95 98 101 104 105 103 100 100 116 122 104 100 4
105 100 105 108 105 103 99 100 105 101 107 101 5
104 108 108 108 105 105 109 100 109 102 107 111 6
100 92 98 100 140 120 99 100 143 134 94 104 7
109 109 107 105 130 121 108 100 129 145 107 107 8
99 93 96 96 102 96 92 100 96 98 97 98 9
103 99 99 100 105 97 101 100 102 97 101 99 10
100 98 99 96 99 98 96 100 101 94 96 15000 11
Chip#3
104 97 96 96 101 101 94 98 97 99 99 99 0
101 92 96 99 98 102 94 93 98 97 90 100 1
104 99 99 96 98 102 94 97 97 100 95 104 2
101 96 100 162 186 100 91 137 182 106 97 99 3
95 96 94 162 170 100 91 115 183 98 90 98 4
96 96 98 95 99 106 97 97 95 96 99 99 5
94 91 92 95 96 99 91 96 93 96 93 93 6
95 95 94 120 107 102 93 101 165 105 94 95 7
96 91 94 179 185 99 89 109 239 102 93 98 8
100 99 97 99 111 99 92 99 104 102 97 103 9
99 98 100 96 104 98 95 98 97 98 97 99 10
97 96 92 89 95 96 93 96 95 93 88 15000 11
Chip#4
98 103 100 102 99 101 107 99 106 97 105 101 0
97 96 93 92 92 96 103 90 96 90 96 87 1
94 96 93 96 93 96 98 93 97 94 98 95 2
102 106 103 107 104 105 107 104 108 105 106 104 3
104 103 106 108 104 104 104 105 108 105 108 101 4
94 97 99 96 93 98 100 99 100 98 99 97 5
102 103 99 104 100 100 106 104 101 97 103 101 6
101 101 99 102 98 103 101 98 106 98 101 96 7
98 103 100 96 99 99 106 101 104 94 103 100 8
102 105 106 104 109 104 110 107 109 101 104 101 9
98 99 100 100 98 101 106 99 103 97 101 100 10
100 99 102 102 95 101 103 96 103 96 102 15000 11
Chip#1
105 97 107 103 97 99 107 101 103 106 103 99 0
108 104 107 100 95 103 105 103 105 106 105 102 1
100 101 104 202 134 104 105 149 181 110 106 100 2
104 105 108 337 118 102 102 229 245 106 101 102 3
111 109 109 110 106 105 108 112 128 113 113 110 4
96 100 103 97 94 94 98 95 97 100 97 93 5
109 108 108 112 104 109 105 110 112 108 106 104 6
104 103 104 327 205 102 106 260 277 106 104 102 7
104 105 109 201 141 104 105 183 150 108 108 103 8
96 99 104 106 92 101 103 101 97 99 102 95 9
108 105 102 98 94 98 104 99 99 102 104 99 10
108 105 107 97 94 102 106 104 100 103 105 15000 11
Chip#2
99 97 102 99 98 98 97 97 99 98 95 99 0
98 97 102 100 98 101 99 100 102 102 99 101 1
94 90 95 97 98 97 96 98 98 97 95 95 2
95 92 99 100 136 118 92 100 133 159 93 98 3
104 98 101 104 89 100 101 99 120 126 100 103 4
95 97 105 100 105 102 101 100 104 103 99 105 5
99 98 98 104 104 102 101 100 107 105 99 106 6
93 89 96 99 133 108 95 97 140 127 93 95 7
94 92 96 95 118 109 95 100 114 139 93 92 8
106 100 105 105 105 105 100 100 105 100 102 107 9
101 97 101 95 97 96 99 100 100 94 93 99 10
99 97 101 100 101 96 103 100 105 106 101 15000 11
Chip#3
95 90 92 95 92 95 88 89 91 93 88 92 0
105 100 96 99 104 102 94 99 102 106 95 103 1
105 101 97 104 102 105 98 104 100 106 98 98 2
92 91 88 158 178 98 86 132 181 102 93 92 3
96 94 93 158 171 101 90 111 183 102 95 95 4
99 98 102 101 104 103 99 102 100 103 99 103 5
98 96 97 95 99 110 89 101 97 98 95 101 6
97 90 95 120 106 97 95 99 158 102 97 102 7
100 94 97 182 188 100 91 114 231 102 97 102 8
104 100 99 106 109 106 95 105 107 101 98 102 9
103 99 98 101 104 105 97 102 100 98 98 104 10
91 93 86 91 91 94 87 91 90 94 87 15000 11
Chip#4
95 94 93 93 90 96 100 95 96 92 93 92 0
98 100 94 93 97 96 103 94 100 100 99 96 1
101 103 97 99 104 101 106 96 104 97 99 96 2
98 105 103 99 103 101 104 101 107 101 103 101 3
101 102 97 97 100 100 98 100 100 100 98 96 4
94 96 92 100 93 93 97 90 91 93 95 95 5
93 94 90 89 92 95 96 96 96 86 90 92 6
101 99 99 100 103 101 107 99 100 102 99 97 7
105 101 100 97 100 101 97 100 103 100 102 97 8
94 102 99 96 101 102 100 97 100 96 95 100 9
96 96 100 97 97 93 98 97 99 98 99 96 10
100 96 94 96 97 98 101 99 103 96 101 15000 11
Chip#1
105 103 103 103 97 100 103 99 102 102 104 103 0
104 103 105 101 96 101 100 100 103 102 105 100 1
106 104 107 213 135 104 107 156 181 112 110 103 2
105 109 111 337 120 106 103 230 249 106 104 103 3
98 99 103 106 95 97 106 108 121 103 104 101 4
108 106 112 103 97 106 105 108 109 107 106 104 5
102 109 104 113 105 102 106 109 109 107 108 102 6
102 97 99 325 203 98 98 256 271 100 97 95 7
110 109 112 208 150 111 115 188 155 116 112 108 8
104 104 109 106 98 101 105 109 101 107 104 98 9
105 100 102 97 99 106 102 105 99 105 104 99 10
100 97 96 94 89 94 94 98 91 97 98 15000 11
Chip#2
96 90 93 96 98 92 99 99 96 96 93 92 0
101 102 102 106 98 104 103 100 102 104 103 104 1
101 102 106 105 114 101 100 100 106 107 102 101 2
99 99 100 101 140 124 103 100 131 159 96 100 3
101 104 103 101 105 101 107 100 116 125 103 104 4
109 104 109 108 105 106 111 100 110 104 107 105 5
101 102 99 101 105 97 100 100 101 100 98 100 6
100 93 99 98 135 112 99 99 140 130 99 97 7
99 103 104 105 128 117 103 100 122 143 99 101 8
101 100 99 103 97 104 98 99 100 102 98 99 9
101 99 105 102 102 99 101 100 99 104 99 102 10
98 95 98 96 102 97 98 100 90 96 92 15000 11
Chip#3
98 91 95 95 101 94 93 99 93 98 94 100 0
101 98 98 103 96 102 99 103 99 101 101 102 1
100 92 94 96 95 102 92 96 97 95 94 99 2
106 108 100 167 195 112 107 143 191 110 106 105 3
98 97 99 167 177 103 96 116 181 106 92 101 4
96 93 92 96 103 100 95 97 96 97 94 99 5
95 92 90 93 94 92 94 96 93 95 93 90 6
95 92 96 117 103 95 91 99 158 104 92 95 7
105 96 101 188 191 109 101 116 239 108 98 100 8
102 104 102 106 114 109 99 107 110 106 103 100 9
98 94 94 99 98 100 91 96 93 100 95 98 10
102 103 95 101 101 102 99 102 101 101 98 15000 11
Chip#4
98 102 100 101 100 102 104 99 100 96 96 99 0
95 96 93 93 97 97 104 96 96 90 96 96 1
95 99 96 99 95 100 103 97 101 93 98 100 2
95 98 97 94 100 100 97 97 97 98 99 97 3
92 96 93 92 97 96 101 96 97 94 96 91 4
96 96 95 96 95 96 98 94 96 94 95 93 5
95 102 96 94 93 98 100 99 96 98 101 95 6
103 100 100 99 101 105 104 99 104 103 103 99 7
102 103 102 101 98 101 110 102 107 101 103 100 8
98 100 96 103 103 100 103 98 100 100 99 100 9
95 103 102 97 106 105 107 100 98 98 102 99 10
100 102 103 99 101 101 104 99 103 96 99 15000 11
Chip#1
111 106 109 106 103 107 109 105 103 112 108 108 0
109 109 111 104 104 106 110 107 111 108 110 105 1
101 103 104 555 266 101 105 300 437 103 101 94 2
104 104 114 1188 205 103 102 715 801 105 104 95 3
104 104 105 137 108 101 103 126 193 107 108 96 4
104 104 107 104 100 108 105 103 103 106 105 98 5
102 109 105 136 119 104 105 125 131 106 108 103 6
104 101 105 1181 641 104 107 851 931 107 103 99 7
106 101 107 536 315 106 106 469 295 108 103 100 8
110 109 113 111 106 105 107 107 111 108 108 100 9
114 109 105 98 100 101 105 99 103 103 106 105 10
113 109 103 101 100 100 107 104 101 105 108 15000 11
Chip#2
107 104 104 104 102 105 103 100 106 107 104 105 0
105 99 101 104 102 104 101 99 102 107 103 105 1
95 94 92 102 241 107 93 96 107 115 97 96 2
106 103 102 134 525 297 100 100 334 569 106 104 3
106 104 109 110 163 117 108 100 211 295 108 108 4
101 100 102 100 105 102 99 100 102 99 99 100 5
104 99 99 105 105 103 104 100 115 109 104 110 6
104 98 102 105 555 245 103 100 417 363 100 101 7
99 97 102 102 408 208 96 99 217 406 101 99 8
95 93 94 98 105 94 99 99 95 99 94 96 9
109 104 103 106 105 104 107 100 102 104 104 99 10
108 110 108 105 104 104 104 100 109 109 106 15000 11
Chip#3
113 105 96 101 99 97 99 98 95 103 98 109 0
109 100 99 99 100 102 102 97 101 103 98 104 1
95 87 86 91 92 94 85 92 100 94 87 93 2
103 99 101 564 707 116 97 400 703 122 97 102 3
93 96 94 521 620 106 96 222 715 126 95 97 4
98 104 96 102 103 104 97 101 105 100 94 102 5
99 98 93 95 101 105 97 98 96 102 95 102 6
101 101 98 262 158 108 104 130 569 131 103 103 7
101 100 102 738 733 109 106 221 1093 139 97 100 8
100 101 98 127 173 105 103 103 166 107 102 102 9
106 104 98 101 106 105 99 104 101 102 97 105 10
102 102 102 97 99 102 94 100 92 100 99 15000 11
Chip#4
94 106 100 101 95 101 104 99 103 92 99 103 0
102 98 99 97 98 101 101 99 101 94 104 101 1
102 97 102 99 100 104 107 103 106 100 99 99 2
96 97 100 96 106 102 104 97 100 103 104 100 3
97 97 100 94 118 105 104 96 108 102 103 99 4
102 103 103 99 103 104 100 104 98 98 102 100 5
94 93 97 96 93 100 97 100 100 94 98 96 6
102 103 102 96 106 105 106 102 107 98 105 99 7
103 101 97 97 112 106 100 100 108 109 99 97 8
97 97 99 97 104 98 100 99 96 96 99 97 9
98 103 100 100 100 98 106 102 98 97 99 97 10
95 98 94 100 98 94 101 96 98 97 99 15000 11
Chip#1
109 105 113 102 100 103 106 105 107 107 108 107 0
111 108 111 112 106 107 108 108 112 110 112 110 1
102 104 105 557 260 97 104 300 437 106 101 95 2
115 109 122 1206 214 113 117 720 809 108 114 107 3
100 100 102 135 100 99 106 125 190 106 101 102 4
108 96 108 104 97 106 105 105 109 102 105 103 5
104 101 105 134 114 102 108 125 133 107 106 102 6
98 100 108 1169 635 99 104 849 932 99 105 102 7
101 97 109 533 311 103 105 469 292 105 104 98 8
104 109 107 113 104 103 110 108 103 102 105 101 9
113 99 103 99 98 101 108 100 101 94 102 105 10
115 109 104 101 93 97 98 97 101 103 105 15000 11
Chip#2
101 106 104 106 105 101 106 100 109 104 101 107 0
109 109 106 108 105 104 105 100 107 106 107 106 1
98 103 99 101 319 113 98 100 115 129 97 93 2
104 105 104 147 701 382 101 100 433 777 104 101 3
103 103 106 105 191 113 104 100 251 378 103 102 4
97 103 102 104 104 101 107 100 105 100 103 105 5
106 105 103 106 114 105 103 100 118 113 103 104 6
103 99 98 106 754 309 101 100 555 479 98 99 7
101 100 103 105 553 257 105 100 271 559 102 101 8
104 105 102 109 105 108 104 100 109 117 101 105 9
108 107 105 104 105 108 104 100 105 105 102 105 10
107 107 104 101 101 101 99 100 101 102 101 15000 11
Chip#3
100 99 94 91 95 96 91 97 87 93 92 99 0
101 97 97 96 99 103 93 101 96 99 98 100 1
102 101 99 99 101 102 93 100 103 101 98 99 2
95 98 96 268 316 102 93 202 323 105 98 98 3
100 94 96 253 290 102 93 150 330 110 95 100 4
90 94 95 94 98 104 95 98 92 97 97 97 5
102 98 98 97 101 104 95 100 97 103 97 98 6
91 92 90 156 114 92 93 103 269 106 92 97 7
102 100 103 346 338 108 99 145 480 113 100 103 8
96 89 93 101 123 95 92 92 116 94 93 93 9
100 96 96 97 104 98 93 102 98 97 99 99 10
102 103 101 97 105 102 95 104 100 98 103 15000 11
Chip#4
101 102 100 96 104 106 101 99 101 97 102 104 0
94 96 96 96 98 97 101 96 100 90 93 93 1
111 103 106 107 104 104 113 104 111 108 105 107 2
101 107 104 108 122 109 114 106 108 119 109 108 3
100 106 103 104 141 117 111 102 124 122 106 100 4
105 106 103 104 106 103 110 109 114 100 104 106 5
110 110 109 106 107 112 111 109 110 105 108 106 6
107 106 110 110 109 108 113 106 114 108 106 106 7
114 112 116 115 148 121 116 115 125 138 116 112 8
110 109 112 112 127 109 114 112 117 111 109 109 9
107 105 100 104 109 108 108 104 104 104 109 106 10
105 104 103 104 109 101 103 106 106 100 108 15000 11
Chip#1
104 95 99 96 90 89 98 94 100 96 101 102 0
102 101 102 101 96 102 103 101 101 101 104 102 1
110 109 116 567 275 107 115 311 446 111 114 107 2
104 101 113 1188 207 101 105 711 795 107 103 98 3
102 104 105 139 101 104 109 123 190 110 108 104 4
104 109 104 102 102 104 107 103 110 103 99 98 5
105 106 107 135 116 102 107 127 136 106 106 103 6
102 103 117 1176 648 108 112 858 935 110 108 105 7
98 97 103 530 305 96 99 466 287 97 96 93 8
101 104 103 102 94 97 100 105 104 96 102 98 9
113 105 104 101 98 102 104 103 104 102 105 105 10
114 109 104 97 95 97 102 99 95 103 108 15000 11
Chip#2
103 98 99 98 98 103 100 100 95 97 101 101 0
94 97 96 102 103 101 95 100 100 100 101 101 1
97 95 98 102 299 121 99 99 111 129 106 98 2
103 100 106 141 654 357 99 100 406 717 105 102 3
106 103 99 104 180 111 108 100 232 353 103 99 4
99 102 99 102 102 99 102 100 103 96 97 98 5
108 104 108 109 114 105 102 100 120 114 108 108 6
108 106 104 111 706 298 104 100 523 457 104 107 7
101 97 103 105 515 248 99 100 255 524 98 98 8
103 102 103 103 105 109 100 100 110 117 104 105 9
104 107 103 106 102 107 104 100 104 102 106 105 10
111 105 104 101 101 102 99 100 102 99 102 15000 11
Chip#3
106 103 103 105 102 106 101 99 98 101 100 103 0
101 99 98 101 98 102 94 97 97 101 98 99 1
98 94 94 100 100 100 89 92 98 101 93 101 2
102 100 99 279 322 120 99 206 331 109 99 102 3
91 92 93 248 284 102 86 139 324 107 90 93 4
94 90 93 97 99 98 89 96 93 95 90 98 5
100 96 95 100 98 105 94 98 98 102 94 99 6
95 95 98 159 115 101 95 106 273 110 97 97 7
98 99 96 344 336 102 99 142 479 113 97 98 8
100 95 98 105 124 100 95 97 121 97 97 103 9
99 95 93 97 98 99 94 94 91 101 97 100 10
108 105 103 103 106 105 101 100 104 105 96 15000 11
Chip#4
110 105 107 106 107 108 113 105 105 107 111 109 0
107 109 109 107 110 111 113 108 113 108 109 111 1
107 102 102 103 98 104 106 104 104 101 108 104 2
107 115 110 113 139 117 114 109 118 128 114 110 3
113 117 117 111 155 128 118 119 145 138 115 116 4
101 109 104 104 104 104 108 104 108 103 105 108 5
108 112 114 111 113 113 117 115 114 112 114 117 6
104 109 109 107 112 111 117 114 113 115 110 109 7
110 112 114 115 154 122 113 109 134 146 114 112 8
105 110 106 106 133 112 111 105 111 108 108 108 9
110 110 107 107 112 112 114 112 111 104 108 108 10
113 112 109 113 113 108 113 111 107 105 112 15000 11
Chip#1
106 109 108 102 98 98 103 102 102 105 102 103 0
106 109 112 106 99 103 105 105 105 100 105 104 1
101 100 108 554 261 100 104 300 437 102 102 93 2
105 108 116 1200 207 107 107 715 805 107 109 102 3
109 109 109 140 102 102 105 133 192 108 108 104 4
102 100 109 106 98 104 105 108 107 101 103 98 5
100 103 104 136 115 107 105 128 132 101 108 98 6
96 101 109 1170 638 101 107 845 922 99 104 97 7
100 108 108 531 312 102 102 469 295 105 102 100 8
102 106 105 104 98 103 104 107 105 103 101 100 9
113 103 102 104 95 104 105 102 101 101 103 101 10
111 109 108 100 100 103 101 103 101 108 108 15000 11
Chip#2
101 97 95 102 102 98 99 99 98 94 95 95 0
104 103 105 104 102 101 105 100 105 109 99 104 1
106 100 103 105 305 126 104 100 121 134 102 105 2
109 107 102 144 662 360 104 100 410 725 104 105 3
100 100 101 106 179 112 104 100 237 359 102 102 4
104 103 101 103 89 102 105 100 112 102 101 104 5
105 104 102 108 114 112 107 100 122 118 106 107 6
102 100 103 109 704 294 101 99 521 451 103 97 7
106 109 106 114 528 258 110 100 263 529 109 111 8
101 97 100 103 114 104 103 100 112 108 102 102 9
108 105 102 101 105 105 108 100 106 102 103 106 10
108 108 103 104 105 101 107 100 106 104 102 15000 11
Chip#3
106 101 98 98 101 106 95 103 95 100 95 103 0
99 94 96 93 98 100 93 98 96 101 97 101 1
104 95 97 100 98 102 89 97 100 101 94 102 2
98 95 93 273 317 102 90 203 323 107 97 99 3
95 88 92 248 284 96 89 140 324 103 88 93 4
92 92 97 95 96 99 90 94 91 96 89 92 5
100 96 96 95 97 105 93 97 98 100 97 102 6
99 96 95 164 118 101 95 109 273 109 98 98 7
94 98 98 338 327 100 91 143 473 112 92 94 8
104 101 99 113 132 109 102 102 124 105 102 103 9
102 99 98 98 100 104 97 97 97 102 97 102 10
104 100 99 101 101 109 98 96 100 101 99 15000 11
Chip#4
110 106 107 106 110 110 110 111 108 108 108 112 0
105 107 102 108 110 105 110 108 108 108 102 107 1
110 109 110 107 107 109 113 106 108 105 105 108 2
111 110 109 110 151 118 113 115 124 138 113 118 3
120 117 116 120 163 137 121 116 147 146 122 122 4
112 114 109 111 113 112 118 119 118 111 113 113 5
113 116 110 110 110 112 116 114 117 112 114 113 6
117 114 113 113 121 117 120 115 125 121 119 114 7
108 110 107 111 155 120 111 107 138 153 108 107 8
101 103 100 100 135 105 101 102 107 109 98 104 9
104 110 107 104 110 109 110 109 108 104 108 107 10
110 112 110 107 118 112 110 114 113 109 111 15000 11
Chip#1
114 109 109 104 103 105 108 109 110 107 109 112 0
113 108 109 101 108 108 106 109 110 108 105 108 1
96 104 104 551 265 103 99 309 437 107 98 98 2
102 101 112 1188 205 104 102 713 804 106 104 100 3
105 103 104 134 102 104 107 127 190 108 102 98 4
108 108 107 106 106 108 107 108 110 110 106 108 5
101 99 105 132 116 103 103 122 129 106 104 99 6
97 103 105 1169 638 106 103 843 930 107 101 97 7
108 105 111 535 313 111 106 472 296 107 104 104 8
96 109 102 98 96 99 101 102 105 92 102 98 9
114 103 107 101 101 101 105 103 99 101 99 104 10
119 109 109 103 103 108 105 104 105 108 113 15000 11
Chip#2
105 99 102 103 103 101 104 100 102 99 95 98 0
105 102 104 109 103 104 105 100 109 106 103 104 1
104 107 107 109 286 122 111 100 121 135 106 105 2
103 98 102 141 601 338 103 100 382 666 106 104 3
101 99 101 106 171 108 101 99 224 333 103 98 4
100 104 96 104 105 102 101 100 110 102 102 100 5
108 107 102 106 114 112 110 100 120 113 107 106 6
101 104 104 104 653 278 105 100 488 420 106 105 7
103 108 103 113 490 243 108 100 248 493 107 107 8
105 104 102 103 114 105 108 100 104 114 106 105 9
108 103 101 103 99 102 100 100 105 103 99 97 10
108 107 104 104 103 102 100 100 104 106 103 15000 11
Chip#3
100 96 94 97 95 94 89 98 90 94 88 93 0
99 94 97 91 96 100 91 87 86 98 93 97 1
104 103 99 105 103 108 98 104 103 105 100 104 2
94 92 95 268 314 108 89 203 319 103 99 93 3
98 99 96 256 290 105 95 144 328 110 97 99 4
101 104 107 102 104 108 99 107 98 101 99 103 5
96 96 96 96 94 99 91 97 91 91 92 95 6
104 104 100 164 123 109 101 116 278 113 99 103 7
98 95 100 336 330 104 93 140 475 113 94 97 8
96 94 96 111 128 105 91 99 121 101 97 95 9
101 100 97 95 100 105 94 97 96 96 95 97 10
98 95 89 91 96 98 88 96 91 98 93 15000 11
Chip#4
114 112 107 113 109 114 118 112 111 107 120 116 0
114 115 112 113 116 109 121 109 115 109 115 113 1
113 115 116 114 113 114 121 118 117 113 115 112 2
113 109 112 108 154 124 116 109 120 136 111 110 3
111 114 106 114 169 132 113 114 146 162 114 112 4
113 109 109 111 115 113 113 114 113 109 118 113 5
117 116 114 114 113 118 116 119 120 115 117 117 6
115 115 113 120 119 117 118 118 125 125 116 116 7
114 111 112 119 159 129 118 112 146 167 114 112 8
115 115 112 113 153 114 116 112 117 119 114 110 9
115 120 116 117 119 113 117 115 117 115 118 109 10
125 115 124 117 124 121 121 122 121 119 122 15000 11
Chip#1
106 104 105 105 98 106 99 100 101 106 102 106 0
105 106 109 106 104 109 109 107 107 110 108 109 1
106 106 112 561 269 104 105 304 446 112 103 104 2
104 106 114 1188 205 99 102 708 803 108 105 104 3
102 103 112 138 103 106 107 128 192 107 108 104 4
104 106 113 108 102 108 105 103 106 111 105 105 5
97 101 103 130 110 102 105 122 131 97 101 98 6
101 105 117 1176 638 108 108 851 934 103 105 98 7
98 103 104 532 313 103 102 466 291 103 99 99 8
100 103 100 102 97 98 97 103 96 96 95 93 9
108 101 105 100 96 101 103 99 97 101 102 103 10
114 106 103 95 96 98 98 102 99 110 109 15000 11
Chip#2
109 107 109 108 105 108 109 100 106 109 105 108 0
98 98 96 100 102 99 99 100 102 96 98 99 1
102 102 101 106 285 121 105 100 120 128 109 106 2
104 98 102 137 617 336 101 100 381 662 104 105 3
100 98 105 105 172 110 107 100 227 329 106 104 4
103 104 111 109 105 109 108 100 112 109 106 107 5
103 104 102 106 114 109 101 100 121 110 107 104 6
100 97 99 105 647 272 99 100 485 429 101 101 7
103 101 107 107 489 241 105 100 250 496 104 107 8
105 102 101 104 105 103 100 100 106 110 99 105 9
105 102 104 101 102 98 100 100 101 102 99 104 10
108 112 105 106 102 102 105 100 109 103 105 15000 11
Chip#3
98 93 92 91 92 102 89 93 91 94 89 96 0
100 96 94 95 100 100 95 99 97 98 97 95 1
105 100 99 101 99 102 95 101 100 106 100 97 2
94 90 90 270 307 96 85 197 322 95 87 91 3
104 100 99 258 292 108 97 148 331 109 97 98 4
97 98 98 98 99 106 97 98 95 100 94 95 5
96 96 92 96 100 100 94 101 96 102 99 97 6
101 104 96 165 123 104 99 111 279 111 99 103 7
96 95 96 344 333 100 98 142 482 115 93 98 8
95 94 92 106 123 102 91 94 120 98 92 95 9
104 96 94 97 99 105 98 99 95 100 95 98 10
105 103 102 101 101 110 97 99 98 102 95 15000 11
Chip#4
122 120 120 117 118 116 118 118 115 113 123 117 0
118 116 116 115 115 118 121 114 121 112 123 120 1
117 112 113 111 112 116 116 118 114 112 116 109 2
114 116 114 111 154 127 116 115 127 146 118 112 3
115 117 113 117 186 146 122 116 160 155 120 112 4
114 116 114 114 116 117 111 116 117 112 115 111 5
110 112 113 110 119 114 114 111 115 111 114 108 6
111 111 113 115 123 117 120 116 128 127 114 112 7
120 120 128 124 176 133 120 119 146 181 119 118 8
117 116 117 117 155 118 122 121 125 121 117 114 9
120 120 117 119 119 120 121 121 124 115 119 116 10
120 120 113 115 124 118 122 119 121 116 123 15000 11
Chip#1
106 104 103 105 97 104 104 98 101 106 106 111 0
105 103 105 103 101 104 106 107 107 105 102 100 1
104 100 104 550 266 108 107 307 446 108 105 104 2
98 104 111 1172 198 107 104 710 796 107 96 100 3
100 97 103 135 104 106 104 123 190 102 104 100 4
96 97 98 97 96 102 100 99 103 100 102 97 5
101 106 105 132 115 101 102 127 132 105 109 102 6
109 108 117 1179 643 109 110 854 939 111 109 110 7
101 103 107 536 310 103 107 473 292 103 105 103 8
106 106 103 108 105 108 108 107 105 105 105 100 9
121 108 109 108 102 110 108 109 109 106 108 113 10
117 109 108 107 99 106 107 104 103 108 116 15000 11
Chip#2
106 110 105 109 102 113 109 100 110 109 109 110 0
109 101 107 110 102 105 102 100 110 106 104 105 1
106 105 106 113 289 126 110 100 123 128 105 107 2
101 99 98 139 617 335 101 100 381 664 98 98 3
105 104 107 110 179 113 103 100 233 335 107 107 4
101 97 99 103 104 99 99 100 104 99 104 101 5
101 99 102 106 105 107 104 100 122 108 101 99 6
108 103 103 110 653 279 104 100 492 420 107 106 7
99 99 104 108 484 236 105 100 248 489 97 100 8
106 97 101 101 114 99 101 100 105 109 99 101 9
109 102 104 104 89 103 104 100 110 99 98 105 10
108 111 109 106 105 103 106 100 116 108 105 15000 11
Chip#3
110 96 102 99 98 102 98 98 96 97 95 103 0
107 100 105 100 104 106 98 103 101 100 95 104 1
104 102 104 103 106 109 100 105 102 103 98 101 2
95 96 98 270 313 106 90 204 323 107 92 95 3
93 96 100 257 288 104 93 146 328 107 93 97 4
95 94 96 94 96 98 98 99 95 98 93 92 5
99 98 95 97 100 103 97 102 96 106 95 100 6
103 99 102 162 124 103 99 115 279 115 98 102 7
96 94 98 340 333 103 94 143 479 112 92 95 8
109 105 108 115 136 111 104 105 128 106 104 108 9
100 96 99 100 99 103 97 96 95 103 92 96 10
99 103 103 93 98 100 96 99 96 100 95 15000 11
Chip#4
129 126 126 131 132 124 122 129 127 123 129 126 0
118 119 114 114 115 122 122 121 121 113 117 116 1
115 115 114 117 119 116 118 115 120 115 116 110 2
117 123 120 121 155 133 121 122 132 162 119 116 3
117 115 117 114 193 146 120 115 164 160 117 114 4
120 123 119 121 124 121 121 124 125 117 126 124 5
122 123 122 123 122 119 122 122 120 119 123 119 6
122 120 122 122 132 127 122 122 130 146 119 117 7
125 127 122 133 182 145 121 125 151 197 125 121 8
127 123 123 124 155 126 121 119 135 128 120 121 9
112 117 113 115 113 116 120 115 117 115 114 113 10
128 121 122 122 129 124 121 118 125 120 125 15000 11
Chip#1
106 104 109 103 102 103 111 107 103 108 108 109 0
110 105 105 104 105 105 105 109 106 107 103 107 1
106 105 111 556 269 106 108 307 446 110 110 104 2
106 105 111 1200 205 106 105 714 802 111 106 104 3
100 97 99 135 99 94 104 120 190 102 95 94 4
113 108 114 112 109 115 115 115 118 112 110 109 5
104 103 105 135 117 106 107 126 131 108 104 102 6
108 108 116 1171 643 106 112 852 930 108 106 103 7
109 101 107 531 311 104 110 472 297 106 106 105 8
106 108 111 113 100 110 112 109 111 111 104 108 9
117 109 109 100 105 101 107 103 105 103 105 107 10
117 109 111 102 103 106 107 107 102 108 113 15000 11
Chip#2
106 104 98 103 99 103 101 99 102 100 104 102 0
104 97 99 98 102 99 96 100 102 100 99 98 1
97 99 104 101 263 120 98 100 114 125 101 98 2
106 105 107 139 576 324 106 100 364 619 112 108 3
101 100 105 106 166 110 103 100 214 313 101 100 4
104 101 108 109 105 106 107 100 107 106 105 101 5
103 102 102 101 114 108 105 100 117 104 102 102 6
100 98 98 103 607 257 98 100 458 382 98 95 7
104 102 105 110 451 230 108 100 234 457 103 104 8
109 105 103 108 105 105 108 100 107 113 102 104 9
114 109 109 111 105 105 107 100 105 108 106 108 10
105 107 107 106 105 102 105 100 105 103 102 15000 11
Chip#3
108 98 98 104 98 102 99 98 96 100 98 101 0
101 96 99 97 94 98 97 98 98 101 96 99 1
104 95 99 102 99 102 97 100 102 101 97 103 2
100 99 99 270 322 108 97 212 332 108 95 95 3
96 93 97 258 286 105 91 144 327 106 95 92 4
98 96 99 100 103 105 97 101 96 100 95 99 5
99 100 101 101 101 99 94 97 95 103 94 101 6
100 98 104 161 119 108 99 110 276 111 97 97 7
95 85 96 338 325 100 93 136 474 110 92 92 8
101 95 100 113 124 105 99 104 121 103 99 100 9
99 93 97 100 101 106 98 98 96 99 95 98 10
100 98 100 99 95 99 91 93 93 98 93 15000 11
Chip#4
117 121 117 116 119 117 122 121 120 116 119 116 0
127 125 127 118 129 125 122 124 125 121 127 127 1
127 125 126 126 123 127 122 125 130 124 127 125 2
118 120 120 120 163 137 121 122 138 151 125 120 3
120 120 119 117 205 152 122 118 171 166 120 117 4
120 115 116 112 118 117 122 115 124 114 117 115 5
122 124 128 122 130 128 122 128 125 121 127 120 6
115 115 114 113 123 117 117 118 128 131 116 114 7
119 123 128 124 193 148 122 125 156 204 119 120 8
122 123 128 120 159 130 122 125 138 131 126 122 9
127 123 128 124 121 129 122 122 121 117 126 122 10
125 119 120 115 125 118 121 119 123 117 120 15000 11
Chip#1
108 106 102 102 97 98 104 103 100 102 103 105 0
105 104 108 106 104 104 106 108 107 106 106 108 1
106 108 109 565 272 113 106 315 446 108 112 104 2
105 105 113 1188 202 109 104 716 801 106 106 103 3
102 99 104 139 100 105 106 126 190 105 102 102 4
98 96 102 99 95 102 103 102 100 99 97 93 5
102 103 105 134 118 103 107 126 133 102 104 102 6
105 103 113 1170 642 108 107 851 927 105 105 104 7
96 100 103 526 306 97 102 464 290 102 101 99 8
101 99 107 106 97 103 99 102 102 99 97 98 9
119 108 107 106 104 106 106 104 108 108 106 113 10
110 106 102 100 91 95 98 95 96 103 105 15000 11
Chip#2
103 104 100 99 105 99 103 100 105 102 99 102 0
110 99 103 106 105 104 107 100 104 103 101 102 1
99 100 106 104 267 117 100 100 115 124 106 104 2
104 98 105 134 566 313 101 100 357 614 103 101 3
97 90 101 104 160 103 101 100 211 305 96 95 4
99 96 103 103 89 104 100 100 99 98 99 104 5
104 103 108 110 105 109 112 102 121 111 107 108 6
104 102 107 104 610 261 109 100 458 383 106 100 7
104 93 101 104 444 223 99 100 233 451 99 104 8
105 107 107 103 114 109 108 100 115 115 107 102 9
104 99 104 103 102 105 108 100 102 99 104 99 10
105 107 106 103 103 100 104 100 105 96 104 15000 11
Chip#3
109 101 100 105 103 104 102 99 96 105 100 103 0
100 91 92 95 90 96 89 94 89 96 90 95 1
97 92 96 96 94 96 94 101 98 96 95 94 2
93 90 94 268 311 98 91 202 321 105 93 94 3
95 95 93 251 284 102 90 143 324 107 92 95 4
100 99 95 103 101 103 99 101 97 101 99 100 5
95 91 92 93 95 98 88 97 97 96 93 91 6
101 99 102 160 121 105 98 109 274 108 94 99 7
100 100 100 346 331 106 99 144 478 117 97 104 8
100 96 99 107 120 104 95 99 121 100 98 100 9
104 99 98 102 105 104 102 103 101 102 100 100 10
96 92 90 91 90 91 93 92 92 93 90 15000 11
Chip#4
121 121 119 114 118 124 121 116 123 115 121 118 0
120 117 122 118 119 120 121 118 123 117 116 120 1
120 121 124 119 123 127 121 121 123 121 122 120 2
127 128 127 127 173 145 122 129 144 157 129 120 3
128 125 124 124 220 157 121 124 180 180 127 125 4
124 128 124 123 130 130 122 127 134 124 127 126 5
120 124 126 119 130 129 121 131 127 119 126 122 6
127 128 127 122 133 128 122 127 142 138 126 121 7
120 118 117 127 194 151 121 124 159 207 122 116 8
122 121 123 122 157 128 122 128 132 134 116 118 9
122 123 123 120 129 125 122 121 124 121 122 116 10
135 127 128 127 132 130 122 129 132 124 130 15000 11
Chip#1
98 97 100 97 91 96 95 96 97 100 101 99 0
100 101 103 99 97 103 103 98 100 99 97 100 1
104 104 107 554 263 102 101 303 446 106 103 99 2
108 104 109 1199 203 103 107 709 796 110 105 104 3
101 99 104 136 97 97 102 125 181 103 103 97 4
98 99 96 100 97 99 100 99 104 99 98 95 5
105 108 107 135 119 107 107 129 135 107 106 103 6
105 101 111 1170 639 101 103 852 931 105 101 97 7
106 109 109 532 315 105 105 473 294 107 103 102 8
98 96 103 105 98 95 103 104 105 99 93 95 9
110 97 105 100 98 98 102 102 103 101 99 103 10
123 113 114 111 109 111 113 113 107 116 117 15000 11
Chip#2
104 99 105 99 102 104 104 100 104 94 102 102 0
100 100 97 103 102 100 99 100 99 100 97 99 1
108 103 106 109 249 120 110 100 119 125 104 105 2
108 104 106 133 521 299 107 100 340 571 105 108 3
103 103 111 108 158 112 103 102 211 293 102 105 4
104 99 99 104 105 104 108 100 105 100 103 104 5
104 100 104 108 114 109 103 100 118 107 102 100 6
103 99 101 106 557 243 104 100 417 355 103 102 7
100 102 103 105 411 213 101 100 217 408 104 101 8
99 94 95 99 105 103 100 100 104 104 97 98 9
110 105 109 108 105 108 107 100 104 103 104 107 10
104 102 106 104 89 99 109 100 106 104 103 15000 11
Chip#3
105 95 96 99 96 98 95 97 96 96 94 98 0
101 96 100 103 105 106 98 99 97 103 98 99 1
96 92 86 93 94 99 89 92 93 95 87 95 2
95 94 97 268 317 105 97 206 325 106 95 97 3
105 96 96 263 294 104 97 144 331 107 98 97 4
97 96 98 101 99 102 95 98 95 98 93 95 5
99 93 97 96 99 102 98 99 95 97 94 96 6
107 97 101 165 123 109 103 113 278 111 103 102 7
101 95 106 342 333 106 95 147 477 118 95 103 8
101 100 103 113 129 100 97 101 128 103 99 102 9
97 94 94 97 98 100 95 98 95 96 93 92 10
105 99 100 97 106 102 99 102 102 98 98 15000 11
Chip#4
130 127 127 126 130 125 122 125 128 120 127 125 0
122 124 126 120 129 122 121 122 128 117 125 121 1
120 121 126 124 124 122 122 125 127 119 129 117 2
121 115 122 120 169 137 121 122 140 159 120 118 3
121 120 123 113 229 157 121 125 185 179 126 118 4
127 125 123 127 129 128 122 128 131 128 130 123 5
118 123 126 122 123 122 121 124 121 116 122 121 6
124 119 124 121 130 121 122 125 137 138 127 116 7
124 125 127 134 212 156 122 125 163 222 129 121 8
133 124 127 126 167 130 122 125 135 135 120 120 9
129 128 128 131 132 133 122 129 134 125 127 120 10
127 120 128 117 130 119 122 124 125 116 122 15000 11
Chip#1
104 99 102 96 92 99 94 90 99 100 99 100 0
110 108 111 106 104 107 108 107 110 111 109 106 1
94 100 103 548 258 101 99 296 446 100 103 97 2
104 104 114 1188 205 102 100 714 801 108 102 102 3
114 109 111 142 105 107 111 128 193 112 106 109 4
102 109 111 107 102 108 108 103 111 110 104 102 5
111 109 114 137 123 111 107 126 137 106 110 107 6
106 104 113 1174 634 102 105 847 927 103 102 103 7
109 109 113 535 317 105 108 472 294 107 106 101 8
109 108 111 111 103 108 107 109 112 110 108 103 9
115 103 104 107 102 106 104 105 106 106 103 110 10
113 109 103 98 96 99 105 100 102 105 109 15000 11
Chip#2
105 99 99 99 101 99 101 100 102 98 98 102 0
103 94 97 101 101 98 99 99 100 97 101 96 1
106 100 102 101 248 117 98 100 112 122 104 105 2
104 99 104 136 522 292 103 100 336 562 104 101 3
101 102 99 106 156 105 104 100 211 289 103 102 4
103 100 103 106 101 104 103 100 105 98 101 102 5
105 102 107 106 114 105 108 100 112 109 106 104 6
107 101 106 106 559 247 107 100 424 358 110 102 7
103 97 99 101 408 205 101 100 217 405 101 100 8
105 99 105 109 105 102 103 100 107 108 103 101 9
109 107 105 106 105 102 104 100 105 103 103 106 10
110 112 112 110 105 108 111 100 109 108 110 15000 11
Chip#3
106 100 94 99 100 101 101 101 105 101 98 100 0
100 90 95 93 96 98 91 94 97 96 94 95 1
105 95 99 97 100 102 94 96 101 104 94 99 2
106 100 105 276 323 120 99 208 332 118 102 105 3
91 91 93 253 280 95 91 138 324 105 92 93 4
96 92 95 99 96 100 98 97 93 96 97 99 5
98 91 92 97 98 98 97 92 93 98 92 92 6
95 92 93 162 111 98 93 101 274 103 88 88 7
99 96 95 339 327 100 95 140 477 116 95 95 8
105 100 103 107 131 106 99 102 129 108 97 102 9
104 98 94 97 96 98 94 97 97 98 94 101 10
96 92 91 97 96 94 91 92 93 97 89 15000 11
Chip#4
128 124 123 122 130 125 122 125 124 124 127 122 0
131 129 128 131 136 129 122 128 134 125 133 127 1
126 120 126 126 121 125 121 124 123 122 130 126 2
125 124 123 124 177 143 122 122 145 167 127 122 3
130 127 126 128 237 158 122 124 193 186 132 125 4
128 132 128 137 139 132 122 135 135 134 137 131 5
128 127 128 127 129 132 122 128 133 130 132 126 6
133 127 128 126 133 132 122 128 144 146 136 125 7
130 128 126 133 212 154 122 122 164 230 127 124 8
128 125 127 129 168 129 121 127 137 138 129 123 9
130 125 128 123 129 132 122 124 127 120 125 122 10
140 132 128 132 141 132 123 132 135 127 136 15000 11
Chip#1
104 100 102 103 98 103 103 99 105 101 104 105 0
109 109 108 107 99 106 110 107 110 107 109 104 1
104 104 108 558 264 104 107 305 437 102 102 102 2
102 103 113 1199 202 107 107 713 795 106 103 103 3
105 108 104 139 103 106 107 131 198 107 106 103 4
105 103 102 102 100 98 104 100 105 101 101 99 5
101 97 103 130 114 99 100 123 132 97 99 95 6
106 103 109 1176 632 104 103 846 928 102 104 102 7
106 103 103 530 310 106 102 465 298 106 103 102 8
97 97 98 97 92 97 100 101 100 96 97 94 9
118 109 107 107 102 107 107 102 106 102 105 109 10
119 109 104 102 99 98 101 99 101 102 112 15000 11
Chip#2
105 99 101 106 105 104 100 100 104 100 107 102 0
108 102 104 110 105 103 104 100 106 104 106 105 1
110 99 109 113 232 121 112 100 119 124 107 110 2
103 99 104 129 475 273 103 100 309 518 104 104 3
94 90 96 99 142 99 95 100 202 265 99 98 4
97 97 98 99 102 97 98 100 101 96 103 96 5
103 95 106 104 114 105 104 100 114 107 104 102 6
98 94 96 98 500 223 104 100 379 324 102 95 7
98 94 97 101 376 192 98 100 211 373 98 96 8
106 102 104 106 105 104 108 100 110 108 106 104 9
110 102 109 110 89 108 107 102 109 104 107 107 10
104 102 105 107 103 98 105 99 105 102 106 15000 11
Chip#3
103 92 96 99 99 102 98 98 95 100 94 99 0
95 88 90 95 94 97 91 98 92 97 90 95 1
101 95 96 97 99 103 97 101 100 101 97 98 2
98 96 96 268 314 104 90 201 325 110 89 98 3
98 94 94 255 286 100 95 147 331 111 92 97 4
101 92 97 100 101 103 95 96 100 100 98 99 5
100 92 98 96 104 100 94 101 96 102 99 98 6
100 96 105 167 126 106 102 114 284 116 98 103 7
98 89 94 341 330 102 94 144 475 112 89 97 8
104 96 99 111 130 106 97 103 122 104 96 99 9
98 96 94 98 99 102 98 101 104 101 98 103 10
98 97 97 99 98 105 97 96 97 100 94 15000 11
Chip#4
130 128 127 127 135 130 122 127 130 125 125 122 0
130 125 127 124 126 125 121 128 125 124 123 124 1
125 127 127 128 130 132 121 126 131 126 123 124 2
130 132 128 130 190 148 122 131 145 174 129 126 3
129 128 127 130 253 166 122 129 204 197 132 125 4
133 127 128 127 129 126 122 124 127 127 129 125 5
122 128 127 125 129 131 121 132 127 124 127 128 6
130 136 127 127 136 133 122 134 145 146 130 128 7
130 127 126 138 224 157 121 128 169 240 125 122 8
127 129 123 126 176 132 122 127 138 138 122 120 9
140 139 128 135 141 138 122 134 137 131 133 129 10
134 129 127 129 138 130 122 131 131 123 123 15000 11
Chip#1
105 109 107 98 100 103 103 102 106 105 105 109 0
114 106 112 111 106 108 108 108 111 107 110 104 1
104 108 113 562 266 110 112 307 446 110 108 108 2
104 104 111 1197 204 102 103 717 799 106 98 103 3
100 99 108 136 104 103 108 128 190 106 103 104 4
101 104 104 103 99 106 106 102 105 103 97 101 5
104 109 105 136 118 108 107 125 135 103 103 102 6
97 99 105 1159 633 99 99 844 926 100 99 99 7
101 99 109 532 312 102 104 467 291 101 102 104 8
109 108 105 102 108 108 105 109 106 103 106 105 9
110 99 104 101 98 100 103 104 104 103 107 106 10
111 105 104 97 96 97 102 98 99 103 110 15000 11
Chip#2
106 105 99 109 103 104 109 100 104 107 106 108 0
100 97 96 100 102 96 91 100 100 97 99 99 1
99 98 98 103 226 109 101 100 109 118 102 102 2
104 103 107 132 483 275 108 100 313 518 109 111 3
100 94 101 106 155 102 108 100 202 274 101 102 4
97 102 102 103 105 105 107 100 105 100 104 106 5
103 99 101 105 114 107 109 100 114 108 104 95 6
99 97 101 105 505 227 105 100 379 326 104 104 7
102 102 104 104 378 198 101 100 211 375 102 106 8
104 102 106 104 105 105 107 99 109 115 104 104 9
104 101 102 101 105 104 106 100 101 99 102 107 10
108 103 108 104 89 104 107 100 105 109 103 15000 11
Chip#3
108 100 102 103 107 100 97 99 96 107 100 102 0
94 92 94 96 92 100 91 94 91 95 90 92 1
103 95 96 102 105 106 95 101 100 102 98 100 2
96 91 95 266 317 100 91 201 326 106 95 94 3
101 95 96 261 289 100 98 143 329 114 98 99 4
98 94 96 97 103 101 97 98 95 98 94 98 5
100 98 96 101 103 104 93 102 98 100 99 102 6
104 101 102 168 123 109 99 113 279 117 99 104 7
105 100 100 347 331 102 99 147 483 117 100 99 8
103 97 102 109 124 103 98 105 126 103 102 102 9
98 95 95 101 100 97 95 97 95 97 98 98 10
108 101 99 103 101 109 97 98 104 101 97 15000 11
Chip#4
141 134 128 133 135 133 123 137 131 127 135 131 0
134 132 127 130 132 127 122 127 131 126 129 130 1
137 134 127 135 138 134 123 137 137 135 133 129 2
132 134 128 130 196 149 122 132 146 176 135 129 3
134 132 128 131 265 172 122 134 210 207 140 130 4
132 134 127 131 138 132 126 138 137 135 138 129 5
135 135 130 130 141 135 125 138 137 130 135 132 6
134 132 128 129 141 134 122 135 145 146 135 127 7
140 134 129 148 239 161 127 139 185 255 136 127 8
140 130 128 135 185 138 125 134 146 146 135 133 9
135 135 128 135 138 137 127 128 137 130 135 130 10
144 137 128 137 141 137 123 137 141 135 142 15000 11
Chip#1
108 104 108 102 100 106 102 100 101 105 106 109 0
101 103 103 102 97 102 102 98 103 103 103 100 1
104 99 107 557 262 104 103 304 446 106 105 100 2
105 100 111 1188 204 103 104 714 794 107 105 105 3
111 103 108 145 105 107 112 131 192 111 109 109 4
109 109 113 115 106 111 111 111 111 110 110 107 5
104 104 111 137 121 106 111 130 137 105 109 105 6
98 103 111 1168 636 107 107 847 930 101 104 99 7
101 101 108 535 312 101 105 469 290 103 99 101 8
109 108 112 112 104 110 108 113 107 105 106 103 9
119 101 105 104 99 103 104 104 104 102 106 114 10
115 108 109 104 96 102 102 105 99 108 109 15000 11
Chip#2
103 98 97 94 98 94 99 100 97 94 101 98 0
105 100 101 106 105 104 101 100 104 100 103 101 1
97 93 98 102 224 108 95 99 107 115 97 96 2
106 103 105 134 480 277 109 100 313 520 107 102 3
100 95 102 105 147 104 100 100 202 268 97 98 4
102 100 106 104 89 103 102 100 103 102 103 100 5
95 94 99 101 105 102 104 100 112 106 94 101 6
101 99 104 104 507 228 101 100 385 333 106 104 7
101 104 103 110 378 203 103 100 211 375 106 105 8
105 98 106 106 105 104 99 100 109 115 103 104 9
105 100 101 106 103 101 106 100 100 100 106 104 10
106 105 105 109 103 102 105 100 110 107 106 15000 11
Chip#3
106 100 100 99 101 105 102 102 102 105 103 104 0
100 90 96 96 98 102 90 97 93 97 98 95 1
100 94 90 97 95 96 90 97 97 96 98 93 2
96 96 97 272 319 105 94 203 323 106 94 97 3
97 91 91 255 280 102 90 147 324 107 97 92 4
95 95 93 95 100 104 97 97 92 97 93 97 5
94 92 89 95 95 99 93 97 91 98 98 95 6
98 96 96 162 120 100 98 108 276 106 98 100 7
93 91 96 339 323 97 93 138 474 112 95 97 8
102 98 99 107 124 106 99 102 124 105 101 103 9
92 89 93 91 92 94 89 93 92 93 93 96 10
104 96 99 102 102 106 98 98 99 101 100 15000 11
Chip#4
132 133 128 136 141 132 122 135 140 146 132 131 0
137 133 128 135 139 134 127 138 137 130 135 131 1
132 133 128 136 138 134 123 138 142 136 136 131 2
132 132 128 130 204 154 122 134 146 181 133 129 3
134 130 128 131 269 171 122 131 212 204 133 120 4
128 130 127 129 132 127 121 132 135 130 132 126 5
135 137 128 133 142 133 125 137 137 146 135 132 6
130 135 129 133 147 136 122 132 145 146 135 131 7
135 132 128 143 242 160 122 134 180 258 133 129 8
138 135 129 136 190 139 126 135 146 146 130 134 9
140 139 129 140 148 139 125 141 144 134 140 131 10
141 133 128 134 142 129 122 131 140 130 139 15000 11
Chip#1
114 105 105 105 97 103 105 107 105 105 106 105 0
113 109 111 107 108 106 111 108 117 111 110 112 1
108 105 108 555 267 107 108 305 446 108 105 103 2
114 106 117 1188 214 113 115 722 803 115 112 106 3
102 99 102 139 101 106 110 128 190 102 108 104 4
100 103 107 103 105 104 104 107 104 103 99 97 5
108 109 109 143 120 112 111 129 143 112 109 107 6
106 108 112 1168 636 104 109 849 932 106 106 103 7
109 103 109 536 311 101 103 467 292 101 101 105 8
105 96 102 106 97 96 103 100 103 100 97 93 9
119 109 104 108 99 107 108 103 104 102 103 107 10
118 109 107 103 98 103 102 106 101 111 113 15000 11
Chip#2
101 97 98 100 103 93 95 100 98 94 98 102 0
110 102 105 101 103 99 103 100 107 104 109 104 1
100 99 104 102 208 112 101 100 111 113 101 104 2
100 95 103 122 423 247 100 100 284 465 99 101 3
100 90 102 98 143 105 100 100 184 248 96 99 4
106 103 107 105 105 107 108 100 109 103 106 108 5
103 97 102 103 105 105 100 100 109 104 102 106 6
104 99 105 108 459 218 104 100 350 307 104 102 7
99 97 102 103 334 187 95 100 202 340 99 101 8
104 93 98 98 86 99 96 100 100 102 98 99 9
108 99 104 108 105 103 105 100 102 99 102 106 10
106 107 105 106 104 100 105 99 100 104 103 15000 11
Chip#3
113 111 108 109 105 110 106 106 103 106 105 108 0
101 98 99 101 100 104 97 103 99 102 96 99 1
106 105 103 109 105 109 101 103 111 107 103 102 2
94 99 100 273 320 108 94 204 328 110 94 99 3
92 96 96 256 279 99 92 141 325 106 90 93 4
101 100 103 105 101 102 101 102 100 100 103 104 5
98 92 98 96 99 101 93 98 92 100 95 95 6
98 92 96 159 118 103 91 108 275 107 93 98 7
99 96 102 343 327 104 95 142 477 116 93 100 8
103 98 99 107 127 103 98 101 124 101 98 100 9
100 92 96 96 99 105 95 97 98 99 95 100 10
100 101 103 97 99 99 94 99 97 98 94 15000 11
Chip#4
137 136 128 130 139 134 122 135 137 135 136 134 0
131 132 126 129 133 126 122 129 133 128 132 127 1
132 130 128 135 132 132 123 129 141 131 137 131 2
142 141 134 138 211 157 127 141 148 186 145 138 3
137 139 134 143 283 182 128 139 226 220 145 133 4
134 134 128 136 139 133 125 131 137 131 133 126 5
131 130 128 134 135 134 122 135 138 132 137 131 6
128 127 127 135 144 132 122 132 145 146 132 127 7
135 141 130 154 254 169 126 141 193 268 142 130 8
140 138 133 140 200 145 127 141 146 162 140 135 9
141 141 129 140 147 140 128 141 141 128 142 131 10
145 139 129 141 141 137 125 135 146 146 139 15000 11
Chip#1
106 101 99 103 98 98 100 98 104 105 104 99 0
113 109 109 109 104 102 112 109 112 108 110 108 1
114 109 116 557 273 113 107 315 446 111 106 107 2
108 105 117 1188 205 107 105 714 800 106 105 103 3
104 96 96 132 100 101 100 120 190 100 102 99 4
97 100 99 102 95 103 102 102 103 99 99 94 5
102 104 107 136 117 104 109 125 132 102 106 104 6
96 90 104 1155 630 97 98 836 920 95 93 95 7
97 100 104 530 313 102 100 466 286 101 99 96 8
113 108 112 112 109 110 110 112 111 106 110 106 9
114 101 104 103 102 102 109 100 107 105 103 109 10
115 109 108 103 98 104 103 107 101 106 108 15000 11
Chip#2
109 105 110 104 105 107 104 100 107 103 111 108 0
99 99 103 108 101 101 95 100 102 98 96 99 1
101 99 102 108 212 114 98 100 105 117 99 104 2
103 104 104 130 432 253 104 100 281 465 102 102 3
99 97 101 104 140 105 101 100 182 249 96 99 4
95 97 97 104 101 103 100 100 102 98 93 101 5
101 93 96 104 101 104 101 100 111 106 101 101 6
101 94 100 104 452 210 101 100 344 303 102 102 7
104 103 104 108 338 191 110 100 202 343 101 105 8
100 97 104 103 91 103 100 100 101 107 101 104 9
101 100 99 104 97 102 101 100 102 100 99 101 10
103 103 106 101 102 101 96 100 98 98 98 15000 11
Chip#3
103 96 90 95 98 96 93 92 95 94 89 93 0
109 105 99 107 107 108 103 106 99 105 103 104 1
106 101 100 106 106 106 97 97 103 101 100 100 2
100 95 101 272 319 108 94 205 331 107 93 97 3
97 95 93 257 290 98 93 143 331 109 93 94 4
96 99 96 101 98 104 98 96 95 96 95 98 5
96 93 98 103 98 102 97 100 92 100 98 96 6
93 94 88 159 112 98 94 104 270 106 94 94 7
91 90 85 337 322 93 86 136 468 106 92 93 8
105 100 102 113 131 104 97 100 128 103 100 98 9
98 96 90 96 101 99 95 94 95 98 93 95 10
98 101 93 94 97 101 97 94 95 96 94 15000 11
Chip#4
141 141 130 137 145 141 129 142 141 134 139 135 0
140 134 134 140 142 136 123 135 137 134 136 134 1
140 132 129 134 136 138 126 138 137 138 137 135 2
140 139 135 143 219 160 131 142 151 198 145 141 3
135 134 129 137 287 183 122 132 229 219 140 136 4
144 139 133 145 150 144 130 145 145 146 149 143 5
135 134 129 135 138 138 126 144 141 135 142 139 6
137 135 129 137 142 138 126 141 146 162 145 137 7
142 139 129 151 258 170 129 141 193 274 143 135 8
137 133 128 134 190 135 122 132 146 162 135 131 9
137 134 130 137 144 136 123 141 140 134 137 133 10
152 143 133 141 154 141 130 144 145 146 147 15000 11
