Chip#1
103 109 99 109 107 108 134 107 100 104 105 105 0 246 124 99 23
101 103 98 108 103 104 106 106 99 104 103 103 1 0 0 0 0
114 109 104 114 112 112 116 114 106 116 116 109 2 0 0 0 0
106 107 103 112 115 112 109 111 108 106 112 103 3 0 0 0 0
104 103 97 105 107 107 110 112 103 106 110 103 4 0 0 0 0
103 103 100 110 108 106 108 107 101 104 108 105 5 0 0 0 0
100 100 98 100 102 100 101 100 98 98 101 98 6 0 0 0 0
104 104 97 105 109 106 134 114 101 115 109 105 7 0 0 0 0
98 98 97 96 97 98 105 102 95 103 105 96 8 0 0 0 0
103 102 97 105 106 102 103 105 99 102 101 99 9 0 0 0 0
111 108 105 110 112 114 134 118 104 109 112 108 10 0 0 0 0
99 100 97 100 103 102 106 105 94 99 102 15000 11 0 0 0 0
Chip#2
105 106 101 99 101 106 99 119 103 97 102 104 0 0 127 84 23
106 103 101 102 100 103 99 98 105 101 104 105 1 0 0 0 0
108 108 102 105 101 103 101 119 102 99 101 105 2 0 0 0 0
101 98 99 95 97 96 95 98 101 99 98 102 3 0 0 0 0
107 104 107 102 99 103 98 119 102 103 105 108 4 0 0 0 0
106 104 100 103 101 106 102 119 103 102 104 108 5 0 0 0 0
96 96 99 94 93 89 94 98 97 94 96 97 6 0 0 0 0
102 98 107 92 96 99 95 98 96 93 96 101 7 0 0 0 0
107 103 100 102 104 106 101 98 106 103 105 109 8 0 0 0 0
108 107 102 105 104 107 102 119 106 103 105 110 9 0 0 0 0
99 101 102 95 92 99 98 98 98 95 97 102 10 0 0 0 0
101 102 100 101 100 107 99 98 101 99 102 15000 11 0 0 0 0
Chip#1
101 102 99 105 106 103 105 104 100 100 101 103 0 244 124 63 23
104 105 97 110 112 103 134 114 104 114 116 108 1 0 0 0 0
98 97 97 99 98 96 102 102 96 104 105 98 2 0 0 0 0
101 103 97 108 106 102 102 102 100 99 103 100 3 0 0 0 0
105 107 100 108 108 108 121 118 106 115 108 107 4 0 0 0 0
100 104 97 104 102 103 134 110 99 104 108 99 5 0 0 0 0
100 102 97 104 101 99 101 101 94 98 101 98 6 0 0 0 0
105 103 99 106 104 106 134 117 100 120 117 102 7 0 0 0 0
93 88 80 92 88 92 102 100 86 102 101 91 8 0 0 0 0
109 107 100 108 106 103 108 106 104 104 107 103 9 0 0 0 0
104 102 99 109 111 107 134 119 103 106 109 102 10 0 0 0 0
99 97 97 103 94 94 105 101 92 97 100 15000 11 0 0 0 0
Chip#2
97 94 100 97 96 97 92 119 100 98 98 99 0 0 127 43 23
95 96 99 91 92 95 91 98 97 97 93 99 1 0 0 0 0
100 101 107 99 97 102 94 119 100 99 97 101 2 0 0 0 0
105 106 101 101 105 100 99 98 107 108 104 108 3 0 0 0 0
101 102 101 98 97 103 96 98 102 101 102 101 4 0 0 0 0
105 103 104 103 104 106 106 119 103 109 108 110 5 0 0 0 0
107 106 104 107 104 107 99 119 106 109 108 108 6 0 0 0 0
100 98 99 97 96 95 91 98 103 99 98 100 7 0 0 0 0
105 102 100 101 104 100 99 119 106 107 105 108 8 0 0 0 0
108 106 106 107 107 106 99 119 107 107 106 109 9 0 0 0 0
102 102 100 99 104 99 101 98 103 106 105 108 10 0 0 0 0
106 103 100 102 104 100 101 119 102 104 104 15000 11 0 0 0 0
Chip#1
103 105 100 109 107 103 134 116 103 133 135 119 0 244 123 157 23
106 107 98 110 108 127 410 334 159 531 407 120 1 0 0 0 0
113 115 108 112 116 129 410 323 176 529 397 117 2 0 0 0 0
105 108 102 112 104 110 206 172 108 169 139 109 3 0 0 0 0
103 107 102 106 109 157 726 593 137 418 357 108 4 0 0 0 0
104 110 99 111 116 125 477 401 129 339 296 109 5 0 0 0 0
104 103 97 110 112 111 204 185 104 188 168 104 6 0 0 0 0
103 102 90 110 110 147 871 801 180 921 799 115 7 0 0 0 0
114 113 104 117 112 130 610 554 147 658 576 113 8 0 0 0 0
104 104 98 108 104 110 204 195 106 149 135 104 9 0 0 0 0
106 110 99 110 114 145 698 671 145 284 253 110 10 0 0 0 0
110 111 102 110 114 123 469 423 123 201 254 15000 11 0 0 0 0
Chip#2
108 106 100 98 103 119 154 142 109 127 124 106 0 0 127 210 23
116 112 104 110 116 138 175 168 131 151 138 120 1 0 0 0 0
108 107 101 102 103 107 134 128 105 124 118 113 2 0 0 0 0
106 99 100 101 101 129 179 163 123 167 146 110 3 0 0 0 0
107 104 100 99 104 144 206 190 141 167 161 109 4 0 0 0 0
107 104 100 103 105 118 157 133 115 138 128 114 5 0 0 0 0
103 102 101 101 108 116 138 133 120 167 155 108 6 0 0 0 0
106 104 100 98 108 127 160 151 140 186 192 119 7 0 0 0 0
107 104 105 103 105 112 135 130 114 187 150 111 8 0 0 0 0
107 102 100 99 101 110 127 130 110 151 131 105 9 0 0 0 0
105 99 99 97 103 119 147 146 133 167 163 114 10 0 0 0 0
110 103 104 105 109 115 138 132 120 167 150 15000 11 0 0 0 0
Chip#1
109 107 105 110 109 111 147 125 103 159 158 143 0 242 123 105 23
110 113 100 113 113 153 645 497 206 872 649 136 1 0 0 0 0
115 111 109 118 113 151 593 476 225 854 626 121 2 0 0 0 0
109 111 108 112 117 120 275 219 115 220 165 114 3 0 0 0 0
111 116 108 114 122 204 1209 997 171 664 564 120 4 0 0 0 0
116 115 105 116 129 151 763 617 150 540 448 116 5 0 0 0 0
108 105 100 113 116 119 272 239 114 255 217 107 6 0 0 0 0
110 110 104 119 127 197 1468 1361 251 1569 1345 134 7 0 0 0 0
110 113 104 119 120 146 992 908 177 1083 924 122 8 0 0 0 0
111 113 103 114 114 115 275 259 115 190 160 111 9 0 0 0 0
113 116 107 119 120 179 1144 1102 185 439 373 119 10 0 0 0 0
108 113 103 114 116 131 737 670 129 275 247 15000 11 0 0 0 0
Chip#2
111 112 104 102 107 137 213 178 122 167 143 114 0 0 127 181 23
103 104 101 103 100 153 226 203 134 167 157 115 1 0 0 0 0
112 111 104 105 108 118 177 148 118 167 135 113 2 0 0 0 0
107 107 100 102 105 151 261 213 141 205 184 118 3 0 0 0 0
112 112 104 106 111 194 302 271 186 238 211 128 4 0 0 0 0
107 106 104 110 113 140 214 166 128 171 150 117 5 0 0 0 0
107 106 102 107 108 126 175 158 134 207 204 113 6 0 0 0 0
107 104 106 107 107 151 215 194 170 273 260 137 7 0 0 0 0
103 106 104 102 103 119 166 151 127 207 188 110 8 0 0 0 0
107 110 101 102 107 121 154 140 119 169 158 114 9 0 0 0 0
108 106 102 105 105 143 192 185 162 231 213 129 10 0 0 0 0
105 104 99 98 101 119 158 141 122 186 176 15000 11 0 0 0 0
Chip#1
106 105 102 111 109 108 156 145 111 175 175 151 0 244 124 218 23
114 113 105 116 113 170 837 657 239 1142 838 149 1 0 0 0 0
106 108 99 106 109 154 756 596 259 1111 789 119 2 0 0 0 0
110 114 107 113 114 117 335 253 118 257 187 114 3 0 0 0 0
109 114 100 113 118 236 1599 1315 197 861 715 119 4 0 0 0 0
115 120 107 118 129 171 1003 811 166 701 570 119 5 0 0 0 0
106 109 108 116 121 125 329 278 118 308 261 115 6 0 0 0 0
115 121 109 128 130 230 1958 1803 310 2096 1793 150 7 0 0 0 0
111 108 100 116 122 159 1297 1200 200 1441 1217 120 8 0 0 0 0
105 108 100 109 112 114 327 298 115 213 174 110 9 0 0 0 0
115 117 109 119 129 204 1504 1452 209 550 471 122 10 0 0 0 0
113 115 105 113 117 146 957 868 143 335 300 15000 11 0 0 0 0
Chip#2
107 106 104 106 108 149 253 212 131 169 164 120 0 0 127 29 23
106 106 99 101 105 176 277 244 153 179 179 119 1 0 0 0 0
110 111 105 105 109 126 206 166 127 167 153 119 2 0 0 0 0
107 102 105 101 105 168 304 248 153 247 211 119 3 0 0 0 0
106 107 101 103 115 225 379 339 194 287 245 132 4 0 0 0 0
107 107 102 106 112 149 261 190 133 201 172 122 5 0 0 0 0
102 102 100 101 108 134 199 176 141 250 226 117 6 0 0 0 0
102 99 100 99 107 161 261 227 186 334 316 142 7 0 0 0 0
103 101 102 103 104 123 196 169 127 246 216 115 8 0 0 0 0
105 103 102 99 104 119 176 157 122 197 179 114 9 0 0 0 0
105 103 101 101 104 155 231 213 170 278 255 133 10 0 0 0 0
110 104 104 102 104 126 192 169 133 234 210 15000 11 0 0 0 0
Chip#1
111 110 107 111 111 111 168 140 116 190 191 166 0 243 123 236 23
113 114 105 116 116 180 991 763 269 1370 993 157 1 0 0 0 0
109 109 102 114 116 173 902 723 295 1341 952 130 2 0 0 0 0
113 113 107 113 121 121 390 287 123 291 204 116 3 0 0 0 0
114 111 105 119 120 268 1926 1568 213 1023 846 122 4 0 0 0 0
111 115 108 121 125 180 1187 960 179 825 668 117 5 0 0 0 0
114 111 113 122 125 134 380 321 133 353 302 117 6 0 0 0 0
113 115 107 128 131 256 2357 2163 350 2535 2172 154 7 0 0 0 0
121 119 111 131 129 181 1562 1432 225 1744 1458 134 8 0 0 0 0
109 109 109 113 118 119 376 349 125 239 188 115 9 0 0 0 0
114 114 109 117 125 220 1803 1749 231 641 546 122 10 0 0 0 0
114 115 107 117 129 159 1134 1036 150 384 337 15000 11 0 0 0 0
Chip#2
111 104 102 105 112 160 293 234 137 185 176 117 0 34 127 80 23
107 104 100 103 104 197 318 282 162 194 196 120 1 0 0 0 0
106 102 100 105 104 125 229 169 123 175 158 113 2 0 0 0 0
110 107 104 106 111 190 363 299 170 286 238 126 3 0 0 0 0
114 113 110 114 124 274 459 388 231 340 290 146 4 0 0 0 0
110 107 105 109 116 155 293 211 140 219 184 115 5 0 0 0 0
113 112 108 114 119 153 234 204 162 295 265 126 6 0 0 0 0
112 111 105 110 115 186 288 270 218 407 378 155 7 0 0 0 0
108 106 105 107 113 133 219 189 136 283 244 117 8 0 0 0 0
117 112 110 107 113 135 202 171 140 226 206 120 9 0 0 0 0
144 112 105 107 112 179 277 244 198 326 300 144 10 0 0 0 0
117 113 105 109 112 139 218 187 145 271 236 15000 11 0 0 0 0
