Chip#1
104 99 97 104 103 103 104 100 104 96 98 99 0 162 119 75 23
104 96 94 102 98 104 104 100 98 91 98 89 1 0 0 0 0
96 93 94 98 94 95 98 94 97 91 92 93 2 0 0 0 0
102 99 98 102 100 104 106 100 102 93 98 96 3 0 0 0 0
98 95 96 103 101 101 102 100 97 92 95 93 4 0 0 0 0
98 96 120 129 93 132 157 95 97 93 92 88 5 0 0 0 0
108 105 107 120 103 122 141 105 107 100 98 101 6 0 0 0 0
110 102 102 104 107 104 111 103 104 96 97 99 7 0 0 0 0
106 105 145 151 107 129 134 105 107 100 98 98 8 0 0 0 0
99 100 123 125 100 122 127 100 100 95 98 93 9 0 0 0 0
98 96 95 102 96 99 102 101 99 91 95 98 10 0 0 0 0
105 92 94 102 98 98 101 97 98 91 96 15000 11 0 0 0 0
