Chip#1
106 102 112 109 109 109 112 107 107 103 131 107 0
103 95 106 101 105 100 111 102 101 104 100 99 1
92 92 98 97 102 97 103 96 96 95 92 95 2
105 95 106 101 101 103 104 103 103 100 102 100 3
103 95 106 102 103 103 116 112 102 95 97 96 4
98 98 103 99 100 106 115 111 100 93 97 98 5
105 102 105 109 106 107 105 99 101 103 100 102 6
103 101 114 106 101 109 107 101 106 113 131 106 7
102 97 103 103 101 103 101 99 104 109 106 101 8
103 100 103 100 102 105 104 95 96 100 97 99 9
105 100 112 103 109 105 109 99 106 114 131 106 10
100 97 103 97 103 100 100 93 101 107 106 15000 11
Chip#2
131 101 97 99 100 98 101 99 89 105 104 110 0
131 104 101 97 101 98 107 103 89 101 99 103 1
131 100 98 91 96 93 111 101 89 96 96 98 2
131 98 96 97 93 99 97 95 89 100 97 100 3
131 101 96 95 96 99 123 124 89 100 98 99 4
131 106 104 104 99 100 127 129 89 105 99 104 5
131 106 101 100 96 99 101 102 89 104 100 102 6
131 109 104 102 104 104 106 106 89 128 122 108 7
131 108 103 97 101 103 102 101 89 117 114 105 8
131 96 97 95 93 96 96 95 89 100 98 99 9
88 101 103 98 103 100 103 100 89 134 128 104 10
112 101 106 97 98 98 103 101 89 111 111 15000 11
Chip#1
100 101 103 103 107 106 106 101 103 102 99 101 0
103 98 108 108 105 105 117 112 101 103 100 103 1
100 97 107 106 108 105 114 109 100 100 101 99 2
102 94 102 100 103 103 103 100 100 95 102 101 3
98 98 106 111 108 99 128 122 106 103 99 102 4
98 91 101 96 100 100 122 116 96 94 91 89 5
103 101 108 102 103 103 104 101 96 99 104 101 6
108 102 112 105 105 104 101 96 106 122 147 105 7
109 101 106 103 106 105 106 103 102 123 131 105 8
103 94 102 102 99 100 100 95 99 100 99 93 9
97 97 100 95 94 100 100 93 99 117 131 95 10
105 101 106 106 105 103 100 96 103 121 131 15000 11
Chip#2
81 98 97 94 91 93 92 92 89 99 97 93 0
112 95 98 91 95 98 107 101 89 99 96 104 1
112 98 98 98 104 98 119 118 89 95 98 94 2
112 104 102 102 96 98 103 98 89 100 97 105 3
112 101 97 93 90 94 142 143 89 101 98 97 4
82 102 97 94 99 102 148 147 89 98 97 97 5
112 95 96 93 90 93 97 90 89 98 97 99 6
128 106 104 104 103 105 110 102 89 155 146 107 7
112 104 106 107 101 102 103 100 89 129 126 103 8
112 100 102 97 96 98 100 97 89 105 103 100 9
112 100 98 97 95 98 97 96 89 165 144 98 10
112 102 102 95 99 97 98 97 89 121 114 15000 11
Chip#1
108 104 108 107 111 105 110 111 106 104 101 101 0
106 102 110 118 120 111 173 175 109 104 101 99 1
105 102 108 112 125 113 174 175 109 105 102 100 2
106 100 111 107 107 111 121 117 101 103 100 101 3
106 104 110 119 124 116 242 241 115 110 102 101 4
111 105 108 116 120 113 247 241 113 107 131 101 5
105 100 106 109 106 103 115 111 102 110 131 100 6
132 116 107 110 108 109 109 108 110 209 196 103 7
115 112 108 103 106 104 106 106 112 208 209 105 8
106 107 106 107 109 107 107 104 106 127 131 105 9
111 115 102 101 105 106 105 104 115 205 177 98 10
132 116 111 109 107 104 109 105 118 203 190 15000 11
Chip#2
128 107 112 103 101 102 107 101 89 107 98 109 0
112 106 108 104 111 104 153 162 89 112 106 108 1
112 107 102 103 109 103 217 209 89 106 99 109 2
112 101 106 103 104 102 110 108 89 104 102 105 3
112 98 94 94 95 97 315 334 89 101 95 97 4
112 107 103 104 106 108 374 378 89 106 102 104 5
112 107 106 98 103 103 109 101 89 109 104 103 6
112 100 95 94 94 94 96 93 89 353 300 99 7
112 101 97 100 96 96 105 95 89 256 214 100 8
112 101 101 99 99 97 98 92 89 138 117 100 9
112 113 108 102 101 100 106 101 98 462 319 107 10
112 108 101 98 98 99 96 97 98 221 180 15000 11
Chip#1
95 92 100 97 101 99 105 104 97 91 95 94 0
104 99 106 121 124 111 196 194 106 103 106 98 1
116 113 114 132 134 121 207 199 116 114 131 107 2
106 102 111 116 116 108 131 125 106 107 102 105 3
132 113 119 132 134 125 308 302 126 110 131 107 4
110 107 112 122 127 122 309 303 121 113 131 105 5
109 108 107 116 115 113 128 123 113 119 131 107 6
143 124 115 117 117 109 114 111 123 263 244 112 7
140 121 116 119 115 114 115 109 127 276 255 114 8
106 107 108 108 109 108 106 102 106 141 131 99 9
134 119 108 105 107 101 112 100 123 253 213 105 10
113 112 112 105 103 104 105 104 122 243 223 15000 11
Chip#2
112 100 100 98 101 105 96 97 98 101 104 100 0
112 102 103 100 101 102 153 162 98 106 98 104 1
112 106 107 100 104 105 236 230 98 107 104 102 2
112 100 104 94 101 99 112 104 98 101 99 98 3
128 111 108 108 110 106 371 390 98 111 109 102 4
84 100 96 98 104 110 414 418 98 101 97 100 5
112 106 108 102 101 105 103 104 98 113 110 103 6
112 111 106 103 109 106 102 104 98 402 344 103 7
128 105 97 97 98 99 101 98 98 278 241 98 8
79 99 101 99 96 99 98 98 98 141 115 97 9
112 107 103 93 98 104 105 98 98 503 354 104 10
112 106 101 102 100 99 102 100 98 244 198 15000 11
Chip#1
108 104 111 107 113 107 114 117 100 103 102 103 0
100 97 101 123 131 107 210 210 106 99 101 90 1
105 104 111 124 135 117 217 214 110 110 131 100 2
104 99 102 111 109 109 126 123 101 104 102 99 3
134 112 122 139 171 130 346 339 131 117 131 113 4
132 102 114 130 127 121 342 335 120 110 131 100 5
103 98 103 106 107 101 116 115 100 109 110 95 6
146 125 108 112 115 106 115 109 118 286 259 108 7
139 117 110 113 109 109 116 110 125 292 280 114 8
115 109 108 109 108 113 107 107 107 150 147 109 9
147 129 117 110 109 109 109 109 164 286 238 106 10
121 120 110 108 109 108 109 107 127 276 241 15000 11
Chip#2
112 106 102 98 101 103 105 98 98 105 106 105 0
85 98 97 97 98 97 148 150 98 98 97 98 1
112 108 107 104 109 103 248 228 98 104 105 110 2
112 108 106 103 103 106 119 112 98 106 100 108 3
112 106 100 97 104 102 363 379 98 101 104 100 4
128 109 107 104 108 113 420 434 98 105 99 105 5
112 106 108 103 104 111 111 109 98 115 109 107 6
112 109 102 100 106 103 107 101 98 405 344 104 7
128 113 107 103 104 109 114 107 98 284 251 112 8
112 108 104 99 99 104 103 98 98 142 122 102 9
112 117 114 103 101 104 109 107 108 504 353 109 10
112 106 103 98 103 104 102 100 108 244 197 15000 11
Chip#1
103 98 107 105 106 108 109 108 102 102 96 99 0
105 106 114 132 140 116 232 228 118 113 131 105 1
110 104 110 130 139 120 234 231 114 108 111 99 2
106 101 112 111 113 111 135 159 106 105 101 103 3
108 102 110 133 131 125 385 372 122 109 105 98 4
134 114 116 138 139 135 398 397 131 118 131 106 5
111 112 115 112 121 113 132 130 112 124 120 102 6
158 140 117 118 121 111 121 117 136 348 314 114 7
150 128 116 113 120 113 116 114 135 354 340 119 8
132 105 108 106 111 107 106 102 110 157 147 102 9
152 133 115 108 111 106 111 112 164 351 281 107 10
152 134 117 118 119 117 122 116 146 345 302 15000 11
Chip#2
112 101 97 98 94 102 100 97 108 102 102 102 0
86 99 102 99 106 97 160 154 72 102 103 100 1
112 105 103 102 104 99 240 229 108 101 100 102 2
112 108 103 100 104 104 116 113 108 104 106 109 3
112 106 104 105 108 106 371 385 108 107 105 105 4
112 102 104 100 109 108 419 434 108 102 100 103 5
128 106 106 104 104 105 114 109 108 114 110 104 6
112 103 102 100 100 99 101 98 108 400 338 98 7
112 105 104 105 103 102 107 101 108 283 249 105 8
112 101 100 99 99 100 102 93 108 142 120 104 9
128 106 106 94 100 98 100 98 98 496 351 100 10
112 111 101 103 101 100 101 97 98 244 196 15000 11
