Chip#1
98 102 100 95 96 104 101 104 105 101 107 105 0
109 100 102 102 117 108 98 104 126 100 114 107 1
104 102 100 131 132 105 101 104 146 107 112 101 2
102 96 98 91 98 99 90 92 101 92 109 94 3
101 96 93 91 94 101 95 97 100 93 110 99 4
102 97 101 102 98 105 98 100 102 99 109 104 5
98 97 94 119 143 98 94 99 148 102 105 92 6
104 98 97 102 115 101 96 100 113 96 113 102 7
103 98 98 96 96 103 97 98 99 94 109 99 8
108 100 98 102 99 105 100 101 105 98 106 102 9
117 100 103 102 102 111 104 105 110 101 115 106 10
104 98 96 94 94 104 94 96 100 93 107 15000 11
Chip#1
101 97 99 95 94 101 92 96 101 99 105 98 0
99 93 94 119 173 100 91 98 201 98 102 92 1
99 98 93 190 215 101 97 108 266 118 107 100 2
104 96 94 94 98 100 95 94 105 94 102 96 3
98 91 91 90 93 96 89 93 89 91 100 90 4
105 102 106 106 106 104 101 96 110 95 109 99 5
103 104 100 190 284 103 96 124 299 137 105 99 6
93 96 93 126 147 97 90 96 130 91 99 94 7
101 100 98 94 96 103 99 98 103 96 107 98 8
104 97 95 91 94 103 93 97 99 91 107 98 9
102 97 98 90 90 100 93 95 100 92 104 92 10
97 91 94 90 94 101 88 95 93 96 102 15000 11
Chip#1
105 105 102 95 98 105 100 98 109 98 114 103 0
98 96 95 148 255 99 94 101 311 98 109 98 1
109 104 102 287 350 102 98 116 439 154 111 99 2
109 104 104 105 111 106 102 107 118 101 114 106 3
105 104 108 103 105 111 107 106 104 102 112 104 4
108 107 106 107 115 107 104 105 127 100 113 108 5
105 100 93 267 470 97 98 146 479 173 102 95 6
103 98 102 168 213 102 94 101 173 102 102 99 7
109 98 100 101 98 102 98 99 107 100 111 97 8
110 101 99 96 98 101 96 106 100 96 108 100 9
104 106 99 99 97 102 97 98 99 93 104 101 10
110 109 101 103 102 108 98 103 107 102 113 15000 11
Chip#1
111 107 110 102 104 111 104 106 110 104 111 110 0
108 103 109 190 349 104 97 116 438 110 114 101 1
110 108 104 391 474 107 106 134 589 189 115 101 2
107 109 104 109 110 112 104 105 124 105 112 101 3
103 107 103 97 98 105 100 107 106 99 107 102 4
109 111 106 106 116 111 102 105 131 105 109 103 5
108 101 102 366 677 106 98 178 683 218 106 98 6
110 109 107 207 283 104 104 118 239 111 109 102 7
116 111 106 103 106 110 108 114 111 103 112 104 8
121 110 106 101 102 103 102 107 100 103 113 115 9
113 105 107 98 96 108 99 105 102 98 114 101 10
111 105 107 101 102 103 98 101 103 100 111 15000 11
Chip#1
111 103 99 102 100 105 98 101 110 105 115 103 0
105 105 100 191 405 102 94 115 495 108 111 103 1
104 102 100 477 576 104 101 137 727 202 114 101 2
110 109 114 116 116 114 105 110 139 110 118 108 3
103 101 99 99 102 101 99 103 102 96 106 97 4
98 96 95 101 118 102 95 106 130 98 104 99 5
108 102 99 446 816 104 95 207 812 246 108 98 6
110 101 102 229 320 109 99 117 253 115 107 100 7
111 104 100 96 103 104 97 101 109 100 118 102 8
121 112 102 99 99 104 100 104 110 104 111 103 9
107 104 98 92 90 100 96 96 97 93 102 101 10
102 101 99 92 98 111 96 100 100 94 110 15000 11
Chip#1
115 108 113 107 107 111 105 109 112 107 121 108 0
109 104 105 222 490 106 102 122 608 111 110 104 1
111 108 109 583 715 112 104 152 880 233 116 109 2
108 101 103 112 114 106 103 106 136 103 110 102 3
109 108 107 107 102 106 101 108 110 107 112 102 4
109 103 104 115 131 106 100 110 145 109 111 101 5
111 105 103 538 1016 113 103 226 1016 298 112 101 6
107 105 101 281 391 112 100 127 299 119 115 105 7
110 105 101 97 94 103 102 101 106 99 111 100 8
123 110 104 102 100 111 106 104 107 100 107 111 9
115 115 108 105 105 111 106 108 108 102 118 109 10
107 108 106 106 100 106 99 104 103 108 116 15000 11
Chip#1
108 107 104 102 102 104 101 105 109 100 110 105 0
116 115 107 260 595 110 104 130 727 125 120 108 1
108 110 108 701 853 113 107 156 1067 270 113 107 2
108 107 104 114 116 106 100 105 145 104 106 101 3
105 104 106 102 105 105 106 104 111 108 113 102 4
110 105 105 119 141 108 106 112 161 110 112 105 5
110 108 106 681 1316 113 106 267 1314 365 116 109 6
107 102 106 337 484 109 101 132 362 127 111 106 7
114 110 105 101 103 110 100 105 105 108 111 104 8
133 120 112 103 110 109 108 111 110 109 116 115 9
114 117 100 98 94 102 101 104 103 102 115 108 10
108 103 109 101 100 106 100 103 107 112 118 15000 11
Chip#1
114 103 101 95 100 103 101 103 108 103 108 105 0
116 110 111 283 654 113 107 131 805 124 116 113 1
103 101 98 761 938 110 98 161 1195 280 107 101 2
110 110 105 126 118 109 107 111 155 109 114 106 3
115 110 111 106 108 112 112 112 113 107 115 114 4
110 103 101 120 139 106 102 105 164 108 101 104 5
114 110 105 735 1457 116 105 287 1456 392 114 104 6
117 110 111 371 531 116 108 140 401 134 118 109 7
128 112 113 110 110 113 116 109 115 108 116 111 8
133 116 109 103 108 110 102 111 112 109 120 117 9
120 123 108 105 104 108 102 106 108 108 119 120 10
108 107 106 101 102 108 101 101 106 104 115 15000 11
Chip#1
114 102 100 97 98 106 101 101 107 102 109 101 0
108 107 108 296 711 110 107 137 886 123 115 107 1
109 101 103 843 1036 112 101 169 1314 310 112 98 2
116 104 108 127 121 114 103 109 156 116 115 105 3
109 108 107 102 107 112 102 108 114 103 111 102 4
103 98 99 113 140 104 100 111 167 104 107 97 5
110 107 112 809 1600 120 110 308 1590 425 120 107 6
116 110 112 396 590 117 106 147 429 137 114 107 7
117 107 108 104 100 109 103 101 109 102 115 105 8
135 116 104 104 104 108 104 109 112 109 114 114 9
124 135 118 113 111 116 107 114 118 114 129 123 10
111 107 111 106 106 103 99 104 110 104 114 15000 11
Chip#1
118 113 111 110 106 112 109 111 113 111 119 107 0
111 107 108 320 796 110 106 136 991 118 114 106 1
111 109 111 948 1184 117 104 184 1488 341 114 104 2
118 113 113 139 134 118 108 118 168 119 119 110 3
115 113 113 109 112 108 107 111 114 109 113 109 4
116 110 113 131 161 116 109 119 186 116 116 111 5
113 108 107 903 1800 117 107 338 1783 445 112 108 6
114 111 110 436 648 112 108 149 469 141 117 106 7
126 111 109 114 114 113 113 114 118 109 120 108 8
139 120 109 109 107 110 104 115 111 109 121 116 9
124 119 112 99 104 106 106 107 108 105 124 117 10
127 121 121 112 114 120 110 118 118 122 126 15000 11
Chip#1
124 115 112 112 109 115 108 109 119 113 126 109 0
122 113 116 360 864 120 116 145 1082 135 131 111 1
111 109 108 1000 1278 112 108 186 1594 358 118 102 2
116 112 112 144 131 116 110 117 169 116 119 108 3
126 114 117 115 120 118 116 118 122 112 130 115 4
115 110 114 135 161 116 104 118 187 115 118 104 5
121 124 122 958 1957 129 115 366 1948 486 125 115 6
116 110 113 478 696 118 107 150 495 142 119 103 7
132 117 114 116 115 121 108 116 117 113 124 110 8
145 124 113 113 107 113 109 114 112 111 125 121 9
130 130 115 108 107 120 108 110 117 107 127 129 10
118 114 115 113 108 112 109 112 111 114 126 15000 11
Chip#1
132 115 110 112 114 115 107 113 123 115 125 115 0
110 107 110 373 919 115 102 140 1167 132 116 107 1
123 114 116 1081 1384 121 116 198 1739 390 128 111 2
117 112 109 136 134 117 107 116 177 118 119 108 3
116 114 115 109 111 118 109 112 115 108 117 108 4
116 109 109 134 168 114 103 122 195 119 116 109 5
124 120 120 1019 2096 126 112 389 2086 516 125 114 6
122 116 112 512 739 122 112 160 508 155 122 114 7
126 114 114 112 112 117 108 114 115 111 118 111 8
141 122 113 107 105 116 104 111 112 109 114 122 9
132 141 121 114 106 116 114 116 116 115 132 130 10
123 118 113 110 108 114 103 110 112 110 125 15000 11
Chip#1
140 121 119 119 123 122 112 116 122 118 130 115 0
121 116 117 397 984 116 107 148 1239 135 118 110 1
117 118 117 1156 1484 121 106 207 1855 412 124 111 2
122 118 117 147 141 123 110 121 184 121 126 117 3
121 113 111 113 113 118 108 116 119 119 119 110 4
121 117 117 140 179 121 115 128 207 122 124 115 5
116 113 112 1086 2255 123 107 404 2230 537 118 106 6
120 115 115 540 787 123 112 166 543 153 119 109 7
134 116 118 114 120 121 115 116 119 119 121 116 8
143 120 111 107 108 111 106 106 112 107 115 119 9
133 138 121 112 112 114 108 106 115 106 127 131 10
128 121 121 119 112 118 113 120 115 119 130 15000 11
Chip#1
129 110 112 110 113 114 106 110 117 110 122 116 0
124 117 121 425 1053 123 117 155 1326 142 127 119 1
118 115 114 1231 1574 120 113 214 1986 436 125 110 2
120 114 113 150 141 119 112 116 190 123 121 111 3
121 114 116 116 114 119 114 115 123 118 126 109 4
116 112 117 142 181 122 113 128 223 123 126 115 5
114 110 115 1154 2400 125 106 427 2373 571 121 107 6
115 114 115 567 832 116 106 167 568 154 121 114 7
128 111 115 109 106 111 110 111 113 111 122 108 8
145 120 112 107 110 114 108 108 111 104 118 120 9
135 140 123 115 112 118 110 119 114 113 132 140 10
118 112 113 109 110 112 105 109 108 115 126 15000 11
Chip#1
135 114 113 112 116 114 112 115 118 114 125 121 0
120 118 117 440 1124 120 113 154 1406 138 122 114 1
126 123 122 1310 1683 127 117 221 2109 447 132 121 2
123 117 115 152 147 121 113 119 194 128 125 113 3
121 114 118 119 121 121 115 119 123 116 120 115 4
118 112 115 144 188 116 116 124 239 126 122 113 5
124 120 119 1219 2556 133 116 451 2519 610 123 112 6
122 120 116 601 880 122 115 170 606 159 122 114 7
133 120 117 115 117 115 118 118 120 115 122 118 8
160 129 115 112 114 117 114 121 118 117 127 132 9
143 146 124 113 117 118 117 118 120 117 139 143 10
130 128 122 117 120 120 113 121 122 125 134 15000 11
Chip#1
134 120 121 116 120 121 114 117 127 120 126 121 0
124 118 120 471 1172 127 114 159 1470 144 127 121 1
117 117 115 1353 1740 119 107 219 2199 452 124 113 2
127 117 118 156 148 127 113 118 223 127 125 120 3
117 122 117 125 121 126 117 121 127 118 125 121 4
118 113 111 142 189 117 109 121 239 120 120 114 5
124 116 115 1270 2656 131 116 464 2625 629 125 110 6
127 120 120 632 915 128 116 181 631 164 130 116 7
127 110 113 114 114 113 108 110 115 110 122 113 8
155 129 118 114 110 116 113 115 119 108 125 135 9
139 139 125 109 113 118 115 116 118 111 136 136 10
133 123 123 126 115 123 115 116 123 122 136 15000 11
