Chipdp
84 2 82 2 16 6 4 10 6 11 6 10 7 11 7 4 7 6 8 6 7 7 8 7 4 4 6 5 6 4 7 5 7 4 1 6 2 6 1 7 2 7 4 10 9 11 9 10 10 11 10 4 7 9 8 9 7 10 8 10 4 4 9 5 9 4 10 5 10 4 1 9 2 9 1 10 2 10 4 10 3 11 3 10 4 11 4 4 7 3 8 3 7 4 8 4 4 4 3 5 3 4 4 5 4 4 1 3 2 3 1 4 2 4 4 10 0 11 0 10 1 11 1 4 7 0 8 0 7 1 8 1 4 4 0 5 0 4 1 5 1 4 1 0 2 0 1 1 2 1 4 10 6 11 6 10 7 11 7 4 7 6 8 6 7 7 8 7 4 4 6 5 6 4 7 5 7 4 1 6 2 6 1 7 2 7 4 10 9 11 9 10 10 11 10 4 7 9 8 9 7 10 8 10 4 4 9 5 9 4 10 5 10 4 1 9 2 9 1 10 2 10 4 10 3 11 3 10 4 11 4 4 7 3 8 3 7 4 8 4 4 4 3 5 3 4 4 5 4 4 1 3 2 3 1 4 2 4 4 10 0 11 0 10 1 11 1 4 7 0 8 0 7 1 8 1 4 4 0 5 0 4 1 5 1 4 1 0 2 0 1 1 2 1 
Chip#1
106 108 112 113 113 107 121 117 108 105 104 102 0
141 129 115 162 169 128 282 280 119 129 131 102 1
143 132 120 167 175 168 291 281 129 134 147 107 2
111 109 111 121 120 111 149 159 103 105 104 99 3
155 138 121 178 173 168 527 510 164 133 147 101 4
155 130 117 164 171 168 540 530 164 138 147 109 5
117 121 112 118 120 113 147 159 110 134 131 106 6
190 184 133 145 143 117 147 159 164 450 403 126 7
177 159 121 138 139 111 148 159 164 469 446 132 8
141 124 115 121 119 113 121 116 114 197 173 106 9
190 185 135 138 134 119 154 159 196 467 363 117 10
174 153 116 130 125 113 143 138 180 451 387 15000 11
Chip#2
112 107 102 103 105 98 102 96 98 105 97 107 0
112 107 96 99 103 102 155 162 98 99 98 105 1
112 107 102 105 109 104 238 227 98 106 105 102 2
112 107 100 100 103 105 111 108 98 105 100 105 3
128 107 104 107 109 109 390 418 98 106 108 104 4
112 110 107 108 116 110 453 459 98 107 109 108 5
84 105 104 103 103 105 110 103 98 111 109 103 6
112 106 100 98 103 102 101 96 98 417 351 102 7
112 107 101 98 106 106 103 100 98 292 251 109 8
112 110 104 103 109 103 107 99 98 148 126 108 9
112 112 103 104 101 100 103 103 102 550 380 107 10
112 109 103 102 99 100 105 99 102 258 205 15000 11
Chip#1
103 102 103 107 106 101 117 111 102 104 99 99 0
139 125 120 159 171 123 287 286 120 136 131 103 1
140 131 121 162 180 131 293 282 123 136 147 106 2
112 113 111 121 120 114 153 159 109 114 111 101 3
148 132 112 167 174 138 517 505 129 126 131 100 4
155 132 126 165 173 146 545 536 164 134 147 109 5
132 119 115 115 118 109 147 159 112 137 147 106 6
183 173 120 140 136 115 140 135 140 446 403 120 7
178 173 122 136 141 113 151 159 164 468 446 130 8
137 127 117 118 114 111 117 115 118 195 173 112 9
187 180 128 133 131 113 148 159 196 464 387 116 10
177 180 124 133 128 113 151 159 180 459 387 15000 11
Chip#2
112 104 102 100 99 103 98 97 102 101 105 103 0
112 112 110 105 108 109 156 162 102 113 103 105 1
112 108 103 108 109 111 239 234 102 111 104 102 2
112 108 107 107 109 111 115 113 102 108 105 108 3
112 107 104 102 109 106 385 418 102 108 104 102 4
112 107 103 107 113 109 444 458 102 107 103 105 5
80 101 100 97 104 103 100 102 102 105 103 99 6
112 117 106 103 106 109 101 103 102 431 355 107 7
112 105 106 102 100 104 101 100 102 296 253 102 8
112 104 103 102 105 105 103 100 102 154 128 107 9
128 111 102 98 99 99 100 97 101 552 380 101 10
128 120 114 107 111 109 110 102 101 271 212 15000 11
Chip#1
132 107 112 112 119 106 125 120 106 108 131 102 0
140 128 121 162 175 125 293 282 120 131 173 105 1
137 130 120 158 175 131 289 279 125 132 173 101 2
132 104 106 111 114 106 146 175 99 105 131 97 3
149 128 119 169 175 137 520 505 132 126 131 105 4
156 137 122 167 175 168 541 533 164 142 173 108 5
116 122 111 113 113 113 149 134 112 134 131 106 6
180 179 119 132 134 107 140 132 164 445 429 115 7
182 179 125 145 143 117 149 159 180 470 450 133 8
133 124 108 108 113 106 116 107 110 188 167 101 9
190 180 133 134 130 117 153 159 196 462 368 118 10
176 180 119 128 128 114 148 159 180 456 403 15000 11
Chip#2
128 102 101 103 103 103 105 99 101 102 100 105 0
128 113 113 108 110 109 165 178 101 109 110 117 1
112 107 108 104 108 109 242 230 101 107 105 107 2
112 100 98 98 96 98 109 109 101 99 99 101 3
112 105 106 104 110 105 386 418 101 109 104 104 4
128 112 107 110 110 115 448 458 101 112 103 105 5
128 107 107 108 109 108 111 104 101 113 115 113 6
112 108 101 98 103 104 102 99 101 422 354 105 7
128 112 107 108 109 110 111 108 94 296 259 112 8
112 102 103 102 103 104 105 97 94 151 126 105 9
112 111 108 102 108 105 107 104 109 551 385 109 10
84 108 103 100 96 98 101 102 109 254 204 15000 11
Chip#1
105 107 112 109 115 107 119 116 106 105 105 103 0
145 130 125 165 174 128 292 282 121 134 147 105 1
137 127 117 161 177 129 292 281 120 133 147 102 2
138 114 119 124 130 120 157 175 116 118 131 111 3
159 144 125 178 183 168 531 515 164 137 147 113 4
155 131 122 163 173 168 538 528 164 138 147 103 5
133 117 116 116 117 116 143 139 113 134 131 103 6
187 179 124 138 133 111 144 159 164 445 419 119 7
171 151 112 132 128 112 144 131 164 464 447 122 8
134 122 110 113 112 105 114 105 106 190 163 102 9
188 181 128 136 134 119 149 137 180 468 370 115 10
178 157 121 129 128 116 149 135 180 456 403 15000 11
Chip#2
128 107 108 100 105 106 109 103 109 106 105 109 0
128 114 114 108 109 113 161 178 109 108 111 118 1
112 109 102 105 111 109 245 233 109 107 103 108 2
112 113 109 109 111 114 123 116 109 112 108 114 3
112 105 100 98 101 100 386 418 109 102 97 103 4
112 108 104 107 111 110 450 461 109 109 108 109 5
112 101 100 95 99 103 101 98 109 107 108 102 6
112 115 106 107 103 103 103 103 109 428 358 107 7
128 111 108 107 106 105 107 108 109 299 256 113 8
112 106 100 100 101 99 101 98 109 148 123 103 9
128 118 112 104 108 106 109 107 108 556 391 114 10
128 108 103 93 100 102 102 97 108 260 224 15000 11
Chip#1
104 104 107 111 111 108 115 118 104 102 101 103 0
144 132 122 165 180 129 294 284 123 134 147 105 1
140 129 120 163 181 130 293 280 125 136 147 102 2
132 105 107 118 124 107 149 159 102 105 104 101 3
153 135 121 173 179 168 530 507 140 131 131 105 4
149 129 116 164 167 139 536 521 164 128 147 102 5
132 114 106 108 112 108 140 159 104 127 131 100 6
186 174 126 140 140 114 146 137 142 445 403 121 7
181 154 120 141 135 116 151 159 164 467 447 131 8
139 124 117 117 112 108 121 110 113 193 175 107 9
190 185 134 136 139 116 157 159 196 469 387 113 10
176 185 121 133 130 115 146 159 180 452 430 15000 11
Chip#2
112 96 101 97 96 94 100 96 108 102 100 97 0
112 97 96 97 96 96 146 162 108 98 99 98 1
112 108 106 104 109 108 240 231 108 107 108 107 2
112 106 103 105 104 110 119 114 108 111 105 110 3
88 106 109 108 109 108 387 418 108 108 105 104 4
112 106 107 104 108 110 443 459 108 109 105 105 5
128 107 113 103 109 111 111 110 108 120 116 112 6
112 109 107 99 96 103 100 101 108 422 355 105 7
112 111 106 99 100 105 107 103 108 298 252 105 8
128 101 106 98 100 102 100 97 108 151 128 102 9
112 112 110 102 104 104 110 101 105 548 387 105 10
112 101 102 94 99 99 98 95 105 254 201 15000 11
