Chip#1
102 99 95 106 97 101 101 102 99 101 95 94 0
97 96 99 101 98 101 106 102 99 99 92 93 1
103 99 110 118 102 141 177 104 127 183 105 98 2
101 100 102 110 98 111 125 104 109 138 100 98 3
98 93 94 97 96 94 94 98 97 95 87 93 4
101 96 95 97 97 93 98 96 113 137 96 96 5
101 101 98 106 100 100 105 104 111 138 98 100 6
98 93 96 98 97 95 98 102 97 93 95 90 7
102 94 100 103 98 98 100 103 96 96 91 95 8
99 96 96 104 98 98 100 98 98 95 95 95 9
106 107 104 104 103 104 105 109 106 101 100 101 10
108 99 103 108 102 106 104 108 107 104 97 15000 11
Chip#2
99 105 98 98 102 97 102 99 94 97 101 101 0
96 101 94 91 99 93 100 93 89 98 97 96 1
99 98 93 99 100 94 99 95 92 96 97 99 2
103 105 101 107 107 101 111 105 98 102 102 105 3
103 106 99 105 112 102 105 105 96 104 104 103 4
96 105 95 97 100 96 98 93 95 98 99 96 5
109 109 107 107 110 108 107 105 107 109 109 108 6
103 108 103 107 110 101 106 104 101 103 105 109 7
95 100 90 89 96 96 94 95 90 94 94 96 8
107 108 103 104 108 103 110 102 101 103 107 108 9
105 104 104 100 110 102 106 104 101 107 106 110 10
96 99 93 94 99 94 98 98 90 99 96 15000 11
Chip#1
104 101 99 106 104 101 105 108 106 103 97 100 0
99 94 100 106 101 103 120 100 99 111 92 98 1
97 94 125 138 95 201 302 109 160 294 121 94 2
98 95 105 118 100 126 169 102 128 190 107 99 3
104 99 102 107 107 100 105 107 109 107 95 98 4
102 100 106 107 101 101 106 103 147 222 106 99 5
103 99 99 107 101 103 107 104 136 206 105 100 6
104 100 100 106 101 100 104 107 108 101 96 101 7
97 96 102 107 98 95 101 102 103 97 92 96 8
95 90 98 99 94 91 97 96 98 89 87 92 9
98 93 93 101 96 87 99 95 97 91 91 94 10
102 97 92 102 98 98 99 101 97 91 95 15000 11
Chip#2
97 100 95 93 99 94 100 96 98 96 95 95 0
94 93 88 91 96 86 90 87 87 94 93 89 1
105 101 98 105 105 99 105 99 95 102 102 101 2
104 108 105 158 128 98 145 131 101 112 120 101 3
102 105 107 176 138 99 147 128 98 113 110 103 4
105 105 103 102 106 99 104 104 102 105 105 105 5
103 110 103 127 119 98 104 100 98 104 106 104 6
112 109 114 165 146 108 110 109 105 107 111 104 7
102 109 96 104 105 98 99 98 98 99 99 105 8
104 106 101 100 104 98 101 102 96 101 100 101 9
100 101 100 104 102 101 106 98 95 102 99 104 10
103 103 99 99 101 98 101 95 95 97 100 15000 11
Chip#1
97 99 99 103 101 94 98 103 101 97 96 98 0
103 95 104 109 103 105 123 105 107 120 100 96 1
99 97 136 158 98 230 369 110 184 373 130 98 2
99 96 104 115 100 139 190 100 131 238 100 92 3
103 96 103 101 101 98 102 101 102 103 100 99 4
92 94 96 101 96 94 99 100 154 254 98 92 5
104 101 100 109 104 103 107 104 145 222 105 96 6
93 96 93 97 96 91 94 100 98 89 90 88 7
89 94 93 96 94 91 99 96 94 89 89 88 8
103 97 100 106 103 99 105 102 102 100 94 95 9
106 102 107 109 107 100 107 105 103 101 95 99 10
98 99 98 98 96 91 100 97 94 93 91 15000 11
Chip#2
103 104 99 99 100 94 102 99 100 98 99 103 0
105 105 104 103 106 102 105 99 99 99 102 101 1
103 105 98 97 102 96 101 96 96 98 97 101 2
103 104 111 200 140 106 177 150 104 123 123 105 3
101 108 117 265 165 108 179 142 100 119 118 100 4
101 110 104 112 107 101 107 102 101 101 102 104 5
102 100 100 144 124 99 104 97 95 99 100 100 6
103 106 115 206 161 102 111 103 101 101 109 100 7
97 99 95 110 101 96 96 92 94 96 94 94 8
99 103 98 99 104 96 99 103 96 99 101 100 9
105 104 100 104 105 101 106 104 101 102 106 108 10
99 100 99 98 102 96 100 92 95 92 96 15000 11
Chip#1
106 109 103 108 110 98 111 109 108 105 101 105 0
104 96 103 109 108 104 128 107 104 122 103 105 1
97 101 133 148 100 229 364 114 179 376 125 96 2
102 101 109 120 104 145 198 103 136 238 108 99 3
105 99 99 107 105 101 106 105 102 104 98 96 4
102 100 99 104 100 100 104 103 160 263 106 93 5
101 97 96 101 101 98 101 100 139 222 97 93 6
98 97 99 99 101 99 105 103 98 95 93 98 7
101 95 100 106 100 100 101 104 97 95 95 96 8
109 106 111 115 110 106 109 111 107 105 102 108 9
96 100 96 99 94 93 99 100 100 99 92 93 10
104 93 99 102 102 95 101 102 100 95 96 15000 11
Chip#2
100 103 94 97 97 94 96 91 92 93 96 99 0
109 113 103 102 106 101 104 104 102 102 104 103 1
110 109 104 107 108 106 111 105 102 109 107 111 2
101 108 114 264 155 107 206 160 101 127 130 104 3
92 101 115 299 180 99 197 158 95 115 120 96 4
105 106 104 115 107 106 105 102 95 104 102 106 5
105 101 103 166 135 103 107 98 95 103 101 103 6
96 104 111 276 182 99 102 99 98 102 101 99 7
104 105 101 118 113 104 104 102 99 107 100 103 8
102 104 99 102 104 102 101 99 99 105 100 101 9
99 101 100 97 99 99 104 97 96 99 102 103 10
103 110 103 100 104 98 106 102 101 102 101 15000 11
Chip#1
105 105 104 106 104 99 107 107 103 100 102 105 0
103 100 102 108 104 109 127 110 106 125 101 99 1
97 94 131 153 103 228 363 113 181 367 127 94 2
102 96 109 115 103 144 196 105 138 238 107 96 3
92 91 93 97 96 93 97 100 96 99 97 88 4
102 100 105 107 103 101 106 107 169 263 108 100 5
95 97 102 104 97 99 99 105 139 222 102 94 6
98 99 99 98 102 97 98 97 100 97 92 94 7
98 97 99 102 97 98 101 101 100 96 91 95 8
101 94 96 99 97 100 104 104 100 96 93 98 9
101 97 98 101 97 92 100 102 98 97 87 98 10
99 99 96 101 96 97 100 101 101 93 92 15000 11
Chip#2
109 112 101 100 102 99 107 98 100 103 104 101 0
103 109 104 100 105 103 100 100 100 102 101 103 1
97 97 98 94 95 96 99 95 92 98 92 96 2
103 105 117 264 152 108 206 164 99 124 130 100 3
100 105 120 311 184 106 208 159 96 123 124 99 4
107 110 105 115 106 104 108 103 104 105 105 104 5
101 106 104 166 135 98 105 99 98 99 100 99 6
102 103 116 282 188 102 108 104 102 102 107 101 7
102 108 99 117 108 99 101 98 99 97 100 100 8
100 103 98 100 97 94 99 99 95 103 100 99 9
100 103 99 96 97 99 102 103 99 102 105 93 10
106 113 106 104 106 103 107 104 106 104 105 15000 11
