Chip#1
106 105 110 108 109 105 106 99 110 112 107 105 0 223 123 140 23
108 105 112 110 112 107 112 110 109 113 105 107 1 0 0 0 0
100 102 107 109 106 108 110 109 106 105 131 102 2 0 0 0 0
99 97 106 101 101 104 103 97 95 103 97 98 3 0 0 0 0
99 92 102 100 102 103 119 111 97 98 95 95 4 0 0 0 0
95 93 101 97 97 98 116 104 95 95 95 94 5 0 0 0 0
104 101 102 106 107 100 104 100 100 105 104 101 6 0 0 0 0
100 100 105 105 102 101 102 95 101 118 114 101 7 0 0 0 0
100 95 101 97 99 98 101 94 99 115 131 94 8 0 0 0 0
102 95 105 105 97 104 102 97 100 108 104 96 9 0 0 0 0
103 100 107 100 105 106 101 97 104 119 131 100 10 0 0 0 0
96 92 97 97 96 97 101 94 99 112 105 15000 11 0 0 0 0
Chip#2
112 99 94 92 99 102 93 98 114 96 99 99 0 154 124 26 23
112 100 104 99 98 99 101 102 114 94 96 98 1 0 0 0 0
128 99 97 93 99 96 106 104 114 95 97 96 2 0 0 0 0
128 106 107 103 103 105 102 106 114 105 99 110 3 0 0 0 0
112 105 102 98 104 99 129 126 114 101 99 104 4 0 0 0 0
112 104 103 100 104 103 136 131 114 104 103 105 5 0 0 0 0
112 106 102 93 101 102 95 97 114 98 98 102 6 0 0 0 0
112 99 101 97 96 96 101 95 114 126 123 96 7 0 0 0 0
112 104 106 99 98 102 97 97 114 116 115 103 8 0 0 0 0
78 95 104 102 98 96 95 93 114 102 103 100 9 0 0 0 0
112 100 98 92 95 92 95 92 114 137 123 99 10 0 0 0 0
112 103 100 95 99 97 96 96 114 115 112 15000 11 0 0 0 0
