Chip#1
101 95 98 92 92 104 90 97 99 94 107 94 0
110 105 101 103 115 109 92 104 130 104 111 101 1
104 104 99 122 129 103 91 105 147 104 107 96 2
105 104 104 97 97 109 98 101 102 96 114 102 3
105 108 103 97 102 110 99 100 103 102 110 102 4
107 102 103 96 99 109 98 101 108 102 113 101 5
107 107 103 119 147 108 98 108 155 108 111 96 6
102 101 101 101 108 105 90 100 112 98 106 97 7
102 107 100 102 102 113 98 99 106 104 116 98 8
108 108 108 99 100 112 99 104 103 100 115 104 9
107 105 103 96 94 110 97 101 102 100 111 99 10
105 108 104 100 102 112 98 103 105 98 113 15000 11
Chip#2
108 105 101 108 109 108 103 104 107 100 97 109 0
108 108 104 102 110 113 104 100 108 99 100 113 1
104 105 99 108 118 110 102 101 121 101 93 112 2
108 103 102 105 117 109 103 105 118 103 101 110 3
105 104 99 100 107 106 101 101 111 100 100 111 4
103 101 93 100 107 109 97 100 107 95 97 109 5
110 105 103 110 116 119 105 108 115 107 103 113 6
110 105 97 114 123 112 107 107 123 107 101 113 7
106 103 93 100 107 109 96 98 108 95 95 107 8
108 104 97 95 111 112 102 100 111 100 97 115 9
104 106 99 101 103 107 100 99 106 96 93 108 10
109 105 100 102 110 112 102 104 112 103 100 15000 11
Chip#3
114 101 102 101 102 97 107 104 103 102 102 99 0
108 134 102 96 101 93 105 104 99 99 100 101 1
115 103 104 102 100 95 110 105 106 106 102 102 2
106 101 98 102 112 100 102 105 110 103 97 98 3
112 103 109 123 198 119 100 109 166 133 102 97 4
109 92 96 96 116 96 101 98 119 103 96 93 5
113 134 106 101 97 100 105 102 104 101 104 103 6
102 96 97 98 94 96 100 98 102 98 98 95 7
109 96 102 113 152 99 98 100 143 128 96 94 8
110 100 100 108 162 103 102 106 159 123 100 95 9
112 101 100 100 99 104 106 106 103 101 97 98 10
103 98 94 94 90 94 95 101 99 91 89 15000 11
Chip#4
101 97 100 98 107 109 112 100 115 99 102 101 0
102 99 98 98 109 111 112 98 112 101 102 101 1
97 94 96 98 109 107 107 98 106 96 100 101 2
101 102 101 100 113 112 114 105 111 104 108 133 3
104 99 99 99 111 110 108 99 111 97 105 101 4
102 105 104 106 113 115 113 105 117 105 109 101 5
105 105 104 101 118 116 118 108 112 103 106 133 6
106 103 106 106 113 116 116 107 116 104 108 133 7
102 93 98 100 111 108 108 98 107 99 103 101 8
99 101 98 100 107 111 108 103 111 102 103 101 9
106 98 101 98 113 110 110 104 112 98 105 133 10
101 98 99 102 107 111 109 103 110 97 104 15000 11
Chip#1
104 107 103 95 98 107 101 99 103 96 112 102 0
99 98 97 110 148 103 96 95 172 93 106 97 1
102 103 93 163 185 104 103 103 223 117 109 98 2
91 97 90 88 89 99 87 89 96 88 99 89 3
103 103 100 98 92 101 95 98 100 92 109 101 4
101 101 104 95 97 105 97 98 101 94 105 94 5
103 110 104 169 234 104 101 117 251 135 111 96 6
107 106 102 126 141 105 101 100 132 102 110 98 7
101 104 97 94 92 103 93 97 97 91 105 90 8
97 101 93 91 88 101 89 93 91 93 98 88 9
103 104 97 95 92 102 98 100 98 94 106 98 10
105 109 99 102 94 109 98 100 106 97 110 15000 11
Chip#2
109 105 102 102 109 106 102 100 108 99 101 106 0
103 99 95 100 104 106 103 94 102 100 94 104 1
105 104 101 134 137 110 108 112 143 102 102 113 2
101 100 101 134 129 107 104 105 138 105 94 107 3
105 100 100 104 109 110 101 101 112 97 101 107 4
99 101 90 98 105 102 100 98 101 91 96 101 5
98 96 95 105 111 104 98 98 116 96 96 102 6
102 100 96 134 149 103 99 101 135 103 101 106 7
111 103 101 103 117 108 104 106 121 103 102 111 8
109 103 103 104 109 108 103 104 111 102 98 109 9
108 101 96 104 107 107 106 98 109 97 98 110 10
103 104 99 100 107 106 103 100 105 97 96 15000 11
Chip#3
113 102 104 102 97 96 103 101 105 100 96 103 0
109 95 99 99 101 99 104 104 100 96 99 99 1
109 100 95 99 99 99 102 101 99 98 95 97 2
112 99 102 102 127 100 101 99 111 100 102 100 3
108 99 105 165 350 163 103 116 280 192 100 99 4
100 94 95 98 148 98 97 98 140 109 91 90 5
104 98 91 90 88 96 98 100 98 94 94 95 6
108 98 99 97 95 99 104 98 98 95 93 92 7
103 96 99 142 250 109 102 96 215 192 95 95 8
110 104 100 127 264 124 102 107 265 176 99 103 9
110 100 102 101 99 97 104 100 103 99 101 102 10
108 99 98 97 95 97 103 100 100 99 99 15000 11
Chip#4
105 102 100 100 113 111 114 105 111 101 109 101 0
103 105 100 100 107 105 108 105 106 101 107 101 1
105 103 99 104 113 105 112 104 110 102 103 133 2
101 98 102 102 111 108 110 101 109 99 108 101 3
94 90 94 97 104 100 97 98 106 91 96 101 4
107 103 99 105 115 107 113 101 111 101 109 133 5
100 90 96 97 105 100 109 99 106 95 98 101 6
102 99 99 100 108 108 115 108 111 112 102 101 7
111 105 104 105 114 112 114 112 117 114 111 133 8
93 92 97 98 99 97 106 94 90 96 101 89 9
105 103 102 104 113 113 112 108 109 112 108 117 10
99 90 91 95 104 100 100 95 106 94 98 15000 11
Chip#1
108 109 103 105 100 112 101 106 105 108 114 108 0
109 113 107 152 251 114 102 117 337 111 116 107 1
99 97 94 244 284 101 92 110 384 147 109 94 2
104 102 100 102 100 108 97 97 111 98 114 99 3
98 98 99 95 94 102 95 95 99 95 105 94 4
103 107 102 102 107 108 96 99 117 101 111 101 5
105 105 100 246 420 110 98 144 445 169 112 101 6
105 105 100 162 196 104 95 107 163 105 110 97 7
108 104 104 98 103 109 104 100 103 102 106 102 8
99 105 97 94 89 103 90 95 96 94 102 97 9
99 102 98 94 92 105 89 95 97 94 104 98 10
105 112 106 98 102 111 98 103 101 101 114 15000 11
Chip#2
104 105 99 105 110 108 101 98 107 95 96 109 0
105 107 103 107 108 110 108 101 110 101 100 115 1
102 99 95 149 161 102 101 116 182 105 93 109 2
109 107 103 150 154 110 104 111 180 118 102 117 3
103 105 99 109 111 106 102 102 111 100 102 107 4
101 101 100 105 109 108 104 102 105 97 101 105 5
109 103 106 134 130 112 102 104 134 102 104 113 6
102 101 100 168 208 108 102 107 181 113 97 105 7
109 103 100 114 120 109 101 101 133 100 98 113 8
104 103 95 103 107 107 101 98 102 100 96 110 9
111 109 102 107 108 113 109 102 111 103 97 115 10
109 107 103 106 108 109 107 105 112 101 100 15000 11
Chip#3
104 94 96 94 92 93 97 93 97 93 95 97 0
114 104 99 96 100 103 103 106 100 97 94 103 1
113 99 98 99 101 98 101 103 99 98 100 97 2
106 98 104 107 161 108 104 103 126 103 98 98 3
102 95 100 210 602 201 97 122 453 247 92 92 4
107 98 99 109 201 102 104 103 193 125 96 99 5
108 101 102 103 101 104 106 109 107 105 104 102 6
107 97 97 102 100 100 104 104 103 102 101 98 7
103 100 100 192 371 121 106 112 338 275 97 103 8
103 98 100 150 435 147 100 111 417 213 100 98 9
114 104 105 103 101 102 106 106 109 102 106 99 10
115 134 106 106 104 105 107 110 110 103 101 15000 11
Chip#4
107 98 101 99 108 105 109 105 107 95 102 101 0
110 111 99 100 112 110 113 105 110 104 104 117 1
105 101 99 100 107 111 108 105 106 99 105 101 2
102 99 98 100 106 105 112 100 106 98 97 101 3
96 98 96 102 111 103 108 99 110 99 103 101 4
103 103 95 96 102 102 105 100 107 96 99 101 5
102 106 101 102 108 110 111 104 110 101 104 101 6
112 113 109 107 113 116 121 110 115 116 106 117 7
108 102 99 106 115 110 113 109 115 104 108 101 8
100 97 96 99 104 102 106 100 106 97 98 101 9
102 99 100 101 107 107 111 103 107 97 106 101 10
106 101 96 104 106 111 112 103 110 104 105 15000 11
Chip#1
104 104 103 101 103 110 98 101 107 101 111 104 0
98 105 98 164 291 106 98 107 394 103 107 102 1
101 100 91 334 399 101 97 117 525 171 101 91 2
108 109 102 107 105 112 100 100 120 101 106 107 3
108 115 102 108 105 112 107 104 109 110 114 109 4
108 113 107 109 117 113 101 108 130 107 111 104 5
107 109 106 330 612 113 99 173 622 205 110 98 6
107 110 101 195 254 108 100 117 209 113 116 101 7
115 104 102 96 98 107 104 100 101 96 107 98 8
107 104 95 90 95 105 98 96 101 97 107 102 9
113 112 110 98 102 108 103 104 105 102 115 104 10
101 102 95 90 90 104 88 96 97 93 104 15000 11
Chip#2
106 103 97 103 106 107 104 101 110 96 100 110 0
115 109 109 114 117 114 114 112 122 109 108 117 1
102 99 97 169 198 106 101 125 224 106 98 105 2
108 112 109 173 198 113 113 116 215 124 107 113 3
110 105 109 109 116 108 107 111 117 103 105 115 4
111 104 103 105 114 110 106 105 114 106 104 112 5
106 107 102 120 136 106 104 102 141 103 102 106 6
104 109 102 198 265 109 108 111 224 126 101 106 7
108 107 108 134 130 110 108 110 155 107 101 115 8
115 110 109 110 116 115 113 106 116 109 109 115 9
112 107 100 108 110 109 108 102 107 100 99 107 10
111 109 108 110 116 113 110 107 113 105 105 15000 11
Chip#3
122 107 108 103 100 103 108 106 107 102 106 111 0
122 102 106 103 103 100 106 105 104 100 104 105 1
115 101 106 103 97 100 101 105 99 100 99 99 2
102 95 98 104 178 105 99 99 125 102 94 92 3
109 100 102 275 841 252 103 139 634 316 99 93 4
103 101 104 121 250 107 107 109 226 141 99 100 5
101 94 94 94 97 94 100 99 98 95 89 90 6
108 101 103 102 104 100 108 107 110 109 101 98 7
104 102 102 236 506 147 104 112 452 351 98 102 8
102 95 98 169 601 167 97 111 573 268 89 97 9
110 98 106 103 99 99 101 109 106 102 102 100 10
122 134 108 105 106 97 107 103 111 103 106 15000 11
Chip#4
110 107 104 109 111 112 112 106 109 105 114 117 0
100 102 90 96 105 105 103 95 106 93 96 101 1
113 109 105 107 117 112 118 110 115 104 109 117 2
104 106 102 102 113 108 113 106 110 99 110 101 3
103 99 99 101 113 105 108 104 112 102 102 101 4
102 103 99 99 108 110 113 104 113 101 105 101 5
106 103 101 104 112 114 112 105 115 102 108 101 6
110 101 104 99 117 111 114 107 108 101 106 101 7
112 110 105 113 120 114 118 116 126 101 114 101 8
102 106 101 105 113 111 114 105 114 103 109 101 9
107 101 105 102 108 110 114 104 115 104 106 101 10
106 103 104 98 108 112 108 99 113 101 108 15000 11
Chip#1
116 112 108 107 105 109 105 111 112 108 118 108 0
110 108 105 190 360 110 98 120 479 111 116 107 1
105 109 101 412 501 112 100 138 669 196 115 106 2
97 105 100 109 106 104 97 100 125 101 110 99 3
104 104 100 99 98 107 99 100 103 93 109 98 4
109 114 107 113 123 114 104 106 133 107 111 105 5
105 107 100 404 757 112 99 192 756 229 109 103 6
111 112 100 224 304 111 103 119 245 117 112 105 7
109 113 111 102 105 115 106 107 106 105 116 108 8
105 107 96 93 91 106 97 96 96 95 106 99 9
107 117 107 102 100 109 98 101 101 100 114 106 10
101 101 97 97 96 103 99 94 95 100 110 15000 11
Chip#2
108 103 102 107 108 108 101 98 110 101 98 110 0
111 106 108 107 116 110 107 108 116 109 103 111 1
102 96 99 184 219 102 101 132 245 106 98 107 2
110 112 103 184 201 113 108 114 237 127 101 116 3
117 111 115 134 116 113 112 110 119 110 106 119 4
99 103 99 102 110 104 101 100 110 101 97 105 5
104 111 105 134 144 114 109 108 155 103 102 113 6
110 111 112 232 313 115 113 124 255 135 110 113 7
102 103 97 134 130 108 100 102 154 103 98 106 8
110 108 103 107 111 110 108 104 108 107 100 110 9
116 113 108 109 116 113 112 111 111 103 102 115 10
115 113 110 110 115 112 110 107 110 106 108 15000 11
Chip#3
113 99 99 89 91 91 97 97 93 94 94 95 0
122 104 96 97 97 95 103 101 98 97 94 102 1
124 101 106 102 101 104 108 103 104 103 100 100 2
113 103 100 127 217 116 113 106 144 112 104 100 3
114 102 108 344 1078 301 109 157 798 398 107 107 4
114 101 104 130 299 121 108 115 268 158 104 103 5
108 98 106 103 100 101 106 105 104 98 100 102 6
108 99 102 104 108 101 104 104 112 110 100 98 7
114 106 105 280 642 163 113 115 569 448 105 98 8
112 101 102 205 762 194 110 121 721 324 101 99 9
108 95 103 96 94 97 102 103 103 94 97 94 10
128 134 105 108 106 102 108 105 105 102 105 15000 11
Chip#4
106 107 104 105 114 111 120 102 115 107 106 101 0
104 103 98 100 109 106 108 100 106 98 108 101 1
108 109 105 108 115 113 116 110 111 104 108 101 2
111 105 108 105 114 108 115 108 115 105 113 101 3
108 107 105 110 121 111 112 110 119 105 108 101 4
107 111 106 107 113 111 118 110 112 105 111 117 5
106 102 107 102 111 107 113 107 115 101 114 101 6
104 102 100 99 111 105 111 104 112 99 105 101 7
111 111 108 116 126 116 119 118 124 108 111 117 8
102 99 96 104 109 108 106 105 110 97 104 101 9
107 106 105 100 112 112 117 110 112 104 109 101 10
111 102 104 108 114 113 109 106 117 114 110 15000 11
Chip#1
114 115 109 102 105 113 104 107 109 105 116 106 0
108 114 103 206 428 113 103 117 573 115 117 104 1
101 105 100 504 614 110 101 144 813 214 109 101 2
110 115 103 120 116 112 103 106 137 107 110 107 3
114 115 110 106 107 113 106 114 117 111 120 104 4
105 110 99 112 127 114 103 108 145 107 111 105 5
111 113 109 505 944 117 102 219 968 280 115 99 6
107 109 102 261 360 108 102 127 282 118 110 99 7
115 110 99 96 96 109 101 101 103 101 110 101 8
124 116 108 99 100 114 101 106 105 100 114 108 9
111 116 107 95 99 108 102 106 103 103 116 109 10
111 115 107 102 107 119 108 108 107 108 116 15000 11
Chip#2
115 109 107 113 116 113 108 107 117 106 105 118 0
108 104 103 105 113 110 106 104 110 102 98 109 1
115 109 107 220 257 119 109 156 305 122 109 113 2
116 106 108 210 222 112 108 120 275 126 107 117 3
105 104 105 109 107 109 104 107 111 103 98 110 4
112 104 107 109 110 114 104 110 107 101 107 110 5
105 105 105 150 150 108 105 105 159 106 98 109 6
106 105 103 264 359 112 109 126 296 141 107 112 7
102 104 99 134 134 110 107 100 172 105 102 107 8
109 109 103 110 114 109 106 111 112 106 105 112 9
113 107 106 110 111 109 108 106 113 102 107 113 10
111 107 109 107 108 107 107 105 110 101 104 15000 11
Chip#3
120 134 105 101 100 102 110 109 109 101 107 112 0
126 110 99 101 101 98 108 106 106 103 102 99 1
114 100 100 97 97 97 102 107 103 95 100 97 2
108 93 99 113 214 112 106 106 138 101 100 89 3
112 106 106 356 1151 318 111 168 861 432 111 102 4
112 101 100 130 317 119 107 115 284 176 102 97 5
115 100 106 103 103 103 107 109 110 99 106 99 6
104 134 104 104 104 103 107 108 111 107 106 104 7
107 99 103 291 681 163 106 113 607 484 106 99 8
116 102 106 212 817 206 108 127 774 347 101 99 9
115 100 104 102 100 100 107 110 105 104 101 99 10
117 106 94 91 94 91 101 103 93 98 96 15000 11
Chip#4
102 106 104 102 112 109 112 101 108 102 106 101 0
102 102 99 97 112 110 110 105 110 103 102 101 1
104 106 100 100 112 109 112 105 111 104 106 101 2
110 102 107 108 117 112 114 110 118 104 106 101 3
104 101 101 109 126 110 108 107 120 102 109 101 4
105 99 99 104 109 109 108 107 109 98 109 101 5
99 103 99 102 106 107 109 104 109 104 104 101 6
105 103 98 102 111 108 109 101 108 102 104 101 7
111 110 104 114 123 113 116 111 129 112 109 117 8
101 102 98 97 112 109 106 101 112 101 103 101 9
105 102 105 100 108 111 109 104 111 103 111 101 10
103 102 101 100 112 108 110 99 106 112 104 15000 11
Chip#1
121 118 110 110 108 114 106 110 111 109 122 115 0
113 112 108 229 491 113 106 127 658 117 118 104 1
114 114 109 602 720 119 108 158 981 245 121 109 2
121 118 114 127 123 122 113 118 156 115 121 114 3
118 121 115 113 108 119 109 110 118 110 124 113 4
105 110 108 118 134 110 104 110 151 103 118 103 5
108 110 111 619 1184 119 101 253 1215 329 116 101 6
107 112 108 316 442 111 99 130 347 126 108 107 7
114 114 110 107 105 118 112 106 114 109 113 107 8
123 116 109 106 98 114 104 106 107 102 115 109 9
124 125 113 103 103 115 108 104 111 105 122 122 10
115 114 111 103 100 115 100 107 106 109 120 15000 11
Chip#2
115 106 107 108 114 106 102 108 112 106 104 111 0
113 107 109 115 115 112 110 114 113 107 104 115 1
109 107 106 239 285 115 108 161 340 121 103 113 2
116 112 109 239 253 115 110 129 319 141 112 116 3
108 104 96 103 110 104 102 101 113 95 97 104 4
109 108 106 110 111 108 104 108 107 100 101 106 5
110 105 106 148 171 114 110 113 182 106 107 117 6
111 105 108 331 478 115 111 136 355 159 103 113 7
109 105 107 134 145 108 109 110 198 107 107 109 8
115 113 107 116 116 114 116 108 112 103 105 117 9
122 111 110 113 122 119 112 114 118 109 110 122 10
118 111 113 114 115 116 114 112 116 108 112 15000 11
Chip#3
116 134 106 102 104 98 106 103 110 101 106 108 0
130 134 104 103 104 101 106 109 109 102 102 109 1
127 111 111 105 107 101 111 109 112 110 107 104 2
109 101 104 121 234 119 108 107 157 112 96 100 3
113 134 111 399 1308 355 116 178 966 488 110 111 4
112 103 99 135 348 122 108 114 315 176 109 103 5
107 99 105 102 103 106 108 108 104 102 100 103 6
106 106 108 108 115 106 114 119 120 117 106 107 7
102 99 99 316 762 163 101 112 673 541 94 95 8
109 105 99 233 923 216 104 127 881 382 105 102 9
122 107 106 110 110 107 112 112 114 106 106 109 10
134 134 106 106 109 102 110 113 110 111 105 15000 11
Chip#4
102 106 107 102 112 111 116 109 112 103 106 101 0
107 103 105 106 112 115 111 106 112 104 108 101 1
108 106 106 104 109 113 113 107 113 102 109 117 2
110 107 110 108 121 119 120 117 125 117 116 117 3
106 105 105 116 130 112 110 112 127 114 108 117 4
106 107 107 109 118 119 115 112 117 108 115 117 5
111 113 111 109 113 117 114 111 117 109 112 117 6
104 103 100 104 108 112 111 104 113 101 104 101 7
110 106 107 125 128 112 115 118 135 108 108 101 8
105 110 103 108 119 110 114 107 118 104 114 101 9
112 110 109 110 119 120 120 111 117 123 122 117 10
108 110 105 107 113 117 113 107 113 105 111 15000 11
Chip#1
116 114 106 105 105 111 99 105 112 103 116 101 0
105 107 101 244 560 108 98 124 746 117 113 101 1
111 110 109 681 832 115 99 162 1136 277 116 99 2
116 108 106 120 115 111 103 106 145 107 116 104 3
111 113 108 109 104 118 106 107 112 104 116 103 4
109 117 112 122 140 116 107 119 158 115 115 106 5
113 112 107 702 1360 118 104 271 1392 376 113 102 6
108 110 103 356 506 112 101 137 388 129 109 100 7
121 114 115 108 107 117 107 107 110 111 118 104 8
127 109 104 105 100 110 94 103 106 98 116 108 9
126 129 116 109 106 115 107 106 110 106 127 118 10
120 121 118 115 110 119 107 114 117 111 129 15000 11
Chip#2
112 112 110 113 114 110 114 110 113 113 106 118 0
104 105 102 109 110 107 107 106 113 105 98 112 1
106 109 107 264 309 110 111 169 371 122 103 111 2
108 104 106 254 265 107 107 124 340 141 101 107 3
111 109 105 111 118 110 108 110 118 105 104 111 4
112 109 110 110 116 116 109 106 115 108 107 111 5
105 106 103 148 175 109 107 111 188 103 102 109 6
106 110 108 352 515 109 107 131 385 159 103 106 7
110 109 109 150 152 113 110 113 215 112 108 115 8
105 104 100 103 109 108 104 101 110 102 100 107 9
124 103 115 134 123 116 114 117 119 115 113 121 10
117 103 112 110 117 113 110 108 117 109 103 15000 11
Chip#3
121 114 110 98 104 96 107 103 107 101 106 110 0
139 134 107 106 107 102 112 109 110 106 107 112 1
117 102 99 97 94 97 102 103 104 101 99 93 2
113 103 102 122 259 119 111 110 153 110 100 98 3
113 103 105 417 1394 363 108 174 1020 507 104 100 4
114 106 109 141 363 126 109 112 331 176 107 102 5
109 94 102 103 99 101 106 103 103 100 99 103 6
109 102 102 104 115 106 112 110 113 115 105 102 7
107 104 103 327 804 179 105 119 708 562 96 98 8
110 102 110 240 969 221 104 127 926 395 95 104 9
115 99 100 101 98 98 102 101 105 101 94 98 10
136 134 111 111 108 105 112 112 109 107 108 15000 11
Chip#4
106 105 106 102 108 111 110 107 112 112 105 117 0
106 106 102 100 106 111 110 105 109 101 108 101 1
101 107 99 102 105 108 108 100 106 101 106 101 2
106 109 105 111 117 112 113 110 117 103 106 101 3
100 102 104 117 125 106 108 106 119 102 103 101 4
107 107 105 104 114 114 114 107 115 107 111 101 5
116 118 119 115 121 121 120 122 120 121 116 117 6
111 110 109 109 115 117 114 112 119 109 110 101 7
111 114 109 125 131 117 116 117 142 109 104 101 8
110 111 112 115 122 115 117 114 124 109 113 101 9
113 111 113 111 114 119 118 113 118 117 120 117 10
99 99 100 101 104 107 107 97 106 112 108 15000 11
Chip#1
110 109 104 98 98 107 99 101 107 101 113 101 0
113 114 110 272 628 113 106 134 844 123 121 107 1
118 116 116 744 923 120 109 177 1253 301 125 115 2
108 103 107 115 119 111 102 106 155 108 114 103 3
111 116 110 105 110 116 108 111 116 110 116 113 4
113 118 113 127 152 118 112 125 178 119 121 114 5
109 110 106 761 1505 120 102 302 1527 403 116 103 6
110 115 113 384 550 119 106 148 423 139 120 104 7
124 121 116 112 114 117 113 117 118 113 125 116 8
130 120 111 102 104 116 104 111 113 108 115 119 9
128 136 121 109 107 119 112 116 118 115 131 129 10
116 119 112 112 105 115 104 114 116 113 127 15000 11
Chip#2
110 107 106 110 109 109 108 105 105 103 101 115 0
109 109 108 116 117 115 110 110 116 112 109 115 1
111 103 108 281 343 113 109 173 418 130 104 112 2
115 112 109 280 293 115 112 132 380 151 107 117 3
117 113 119 120 123 121 117 112 128 115 112 121 4
124 113 120 121 125 122 117 118 126 119 115 127 5
115 112 107 161 195 115 114 113 203 116 109 121 6
108 107 109 390 574 110 107 154 429 179 108 111 7
116 107 114 151 167 122 117 113 224 115 111 121 8
116 106 110 116 120 120 110 112 122 113 108 117 9
116 111 106 115 120 114 111 107 114 108 107 124 10
115 111 107 109 112 110 111 104 111 103 107 15000 11
Chip#3
123 134 106 99 100 99 108 104 107 103 111 111 0
139 134 107 104 103 100 112 109 110 108 105 116 1
129 104 110 105 100 101 109 106 109 106 109 109 2
115 103 100 125 259 126 110 115 164 114 104 104 3
104 101 105 444 1547 403 103 178 1130 554 101 101 4
110 102 106 140 398 122 107 113 352 176 101 103 5
116 103 109 108 104 107 116 112 111 107 111 107 6
108 101 100 102 108 100 106 106 112 115 101 98 7
102 96 99 358 883 165 102 111 773 618 96 100 8
114 134 104 259 1069 240 113 133 1021 448 104 100 9
117 99 103 103 101 102 102 104 106 103 97 97 10
141 134 109 110 109 106 120 115 112 107 111 15000 11
Chip#4
114 118 115 113 119 117 122 117 119 117 114 117 0
107 110 105 106 114 114 116 102 113 112 105 117 1
106 106 103 101 108 108 113 103 110 102 106 101 2
111 119 109 114 120 117 118 113 123 109 116 101 3
113 111 113 126 139 115 114 117 131 109 115 101 4
111 111 110 111 124 119 115 112 120 109 116 117 5
113 117 113 115 118 122 119 114 122 118 117 117 6
106 111 106 106 115 115 121 110 117 114 111 117 7
114 114 109 134 134 114 118 122 146 118 111 117 8
112 109 109 111 124 116 118 112 125 103 115 117 9
118 118 114 111 121 123 123 111 118 103 116 117 10
114 115 110 107 119 119 120 117 120 122 116 15000 11
Chip#1
120 109 107 103 104 112 103 106 116 108 116 106 0
115 110 113 286 682 115 104 134 924 126 119 109 1
118 118 111 820 1006 118 108 181 1379 328 121 109 2
111 114 106 126 123 117 104 108 166 111 121 103 3
103 110 106 97 104 110 97 103 111 101 111 101 4
117 113 112 128 155 118 112 117 181 116 122 109 5
115 116 106 833 1659 118 105 321 1677 432 115 101 6
116 114 109 414 607 118 109 140 460 140 122 110 7
126 116 111 109 114 118 112 109 117 110 127 114 8
134 116 108 102 105 113 99 104 111 102 120 109 9
123 125 111 101 105 112 104 106 109 105 124 117 10
122 122 118 114 114 115 113 116 115 117 127 15000 11
Chip#2
111 109 107 111 109 115 110 108 116 105 102 118 0
115 106 103 114 116 107 105 107 119 110 104 113 1
109 111 109 304 363 114 112 185 450 137 103 111 2
112 110 109 297 310 117 109 135 411 153 107 118 3
110 107 107 115 115 115 109 106 118 105 103 116 4
109 108 104 134 109 110 111 110 113 106 103 111 5
109 110 108 164 201 112 111 111 215 113 103 117 6
110 108 109 417 615 110 109 147 455 188 103 113 7
112 113 112 150 163 116 117 110 234 114 105 118 8
112 107 108 111 114 109 112 112 113 106 103 118 9
116 113 106 108 114 112 110 107 110 106 103 112 10
119 113 116 116 118 117 115 110 114 112 112 15000 11
Chip#3
130 134 109 106 103 100 106 107 106 102 111 117 0
132 109 99 101 95 98 109 107 105 102 102 107 1
128 134 107 104 107 102 107 109 111 104 106 102 2
117 105 112 136 265 147 114 116 177 123 114 104 3
110 100 102 466 1633 415 105 188 1193 580 101 97 4
108 101 104 138 408 124 104 110 367 176 101 99 5
110 102 109 109 103 105 107 107 112 107 102 97 6
108 100 104 103 112 103 104 107 120 117 101 100 7
108 98 105 377 930 174 104 122 815 646 105 100 8
110 102 106 261 1125 250 107 135 1069 478 101 99 9
120 103 109 103 104 106 108 107 112 103 101 107 10
141 134 103 108 108 102 110 109 112 104 104 15000 11
Chip#4
108 105 104 105 113 109 110 101 113 97 106 117 0
108 111 105 106 112 115 113 106 111 99 108 101 1
102 99 98 98 108 108 107 105 107 103 106 101 2
108 111 109 115 121 115 114 110 122 116 112 117 3
107 99 99 120 131 110 108 110 128 105 106 101 4
114 110 113 114 118 120 115 114 124 117 116 117 5
114 110 114 108 117 120 119 117 118 120 118 117 6
116 118 113 110 115 123 121 113 125 122 118 117 7
115 114 112 133 144 118 119 125 152 103 114 101 8
112 113 109 115 125 117 116 112 127 117 115 117 9
116 113 113 115 118 117 116 114 118 107 116 117 10
117 117 115 109 121 123 124 117 119 122 117 15000 11
Chip#1
117 112 108 109 105 114 106 107 110 108 118 107 0
114 110 115 310 738 118 105 137 997 125 121 107 1
105 110 106 877 1088 109 100 174 1495 336 111 103 2
116 119 118 138 130 121 119 118 173 123 124 117 3
115 118 116 114 115 123 108 114 119 111 121 113 4
114 114 112 131 162 119 113 120 183 112 118 108 5
117 117 117 904 1803 127 113 347 1819 456 122 110 6
115 118 112 438 646 118 107 148 479 139 116 105 7
127 118 114 109 115 118 112 117 114 111 121 116 8
141 127 116 109 107 118 110 111 111 109 121 119 9
121 128 115 101 103 112 105 109 107 104 118 124 10
117 118 118 112 110 117 110 114 115 114 127 15000 11
Chip#2
124 113 113 120 123 120 117 112 121 112 112 122 0
116 110 108 114 121 109 109 111 119 102 105 116 1
112 109 106 321 388 110 109 194 480 132 105 112 2
108 108 106 313 324 113 109 131 434 157 102 113 3
117 108 112 134 118 119 111 114 126 108 112 119 4
115 112 106 111 112 112 112 108 115 105 109 118 5
112 108 110 170 206 114 114 108 224 109 107 117 6
105 107 107 443 662 110 107 147 485 191 103 111 7
117 113 110 157 175 116 120 111 243 116 109 119 8
119 113 116 157 120 120 120 118 122 114 111 127 9
124 113 112 116 119 112 110 110 113 109 109 122 10
122 113 115 120 118 115 118 112 121 114 112 15000 11
Chip#3
120 134 109 106 104 100 104 103 105 99 108 112 0
139 134 112 111 112 105 113 117 113 111 109 119 1
123 102 104 103 108 99 107 106 105 99 99 103 2
114 104 107 131 265 147 112 106 168 110 104 104 3
113 99 104 468 1639 420 106 190 1190 581 105 99 4
110 103 104 145 427 127 114 113 382 176 104 104 5
110 104 108 108 107 107 110 111 110 107 107 106 6
115 104 105 108 114 106 108 112 122 116 104 102 7
109 103 103 375 935 174 106 123 816 644 101 100 8
102 100 103 256 1120 240 106 127 1068 469 98 97 9
122 102 99 103 106 99 104 106 110 97 100 99 10
132 134 107 101 106 100 111 109 107 102 110 15000 11
Chip#4
118 117 115 116 124 123 121 116 124 103 123 117 0
116 111 106 108 118 115 116 112 116 107 115 117 1
113 111 114 115 121 123 122 116 125 107 117 101 2
120 118 118 123 132 124 126 124 129 124 122 117 3
116 111 114 138 149 122 116 117 141 124 115 117 4
111 113 111 116 123 117 119 116 119 122 116 117 5
115 113 114 111 124 121 120 114 118 124 117 117 6
114 109 114 108 120 116 116 113 122 107 111 117 7
116 117 118 147 149 127 129 133 159 107 117 101 8
119 119 119 117 134 123 124 124 130 122 117 117 9
119 110 113 111 124 121 120 114 124 121 117 117 10
122 117 117 111 122 122 125 117 128 122 120 15000 11
Chip#1
132 118 116 117 113 125 111 117 119 118 124 114 0
110 113 111 330 808 109 103 137 1100 126 120 106 1
111 110 106 949 1211 115 104 189 1650 368 114 104 2
111 114 110 137 132 119 108 114 178 119 120 113 3
118 117 117 113 114 119 114 117 123 116 125 110 4
115 111 112 131 162 117 110 122 196 118 118 113 5
114 116 109 961 1992 120 106 372 2015 499 115 104 6
118 113 107 485 704 120 111 158 503 143 119 106 7
127 120 113 113 111 118 113 108 121 109 120 116 8
141 128 116 105 107 118 110 116 111 115 122 124 9
128 136 112 109 107 116 110 110 113 108 126 131 10
114 114 108 105 105 116 98 108 111 109 120 15000 11
Chip#2
123 113 109 113 116 114 114 117 117 113 112 122 0
120 113 114 134 124 117 114 116 128 115 110 123 1
116 113 114 347 419 120 120 205 521 144 111 124 2
120 113 118 338 351 122 109 145 471 166 111 121 3
119 112 113 134 125 120 116 120 129 110 110 119 4
120 112 117 134 120 123 122 119 126 114 115 125 5
112 108 109 174 215 119 112 113 224 113 112 117 6
110 112 109 474 711 112 110 153 523 198 108 110 7
115 112 114 155 177 115 111 111 256 116 107 119 8
131 112 121 120 124 124 116 117 124 118 116 124 9
125 112 113 115 121 114 116 111 119 112 110 125 10
122 112 112 113 116 114 111 111 118 113 110 15000 11
Chip#3
131 134 115 110 104 102 114 108 109 106 111 121 0
141 134 103 105 103 101 107 109 107 100 106 111 1
133 106 109 105 105 105 106 106 109 103 107 103 2
121 106 111 134 272 147 113 109 173 122 110 102 3
109 95 97 490 1705 436 102 186 1228 599 100 98 4
113 101 103 142 422 128 110 111 380 176 105 100 5
113 102 105 109 101 105 108 106 107 104 104 105 6
114 101 97 103 112 103 106 103 117 112 102 99 7
114 103 105 392 975 177 115 123 852 673 106 104 8
109 100 103 272 1172 252 107 136 1124 489 101 100 9
117 100 99 99 101 101 100 99 107 105 100 102 10
146 134 112 113 112 106 114 107 112 110 107 15000 11
Chip#4
110 109 104 107 115 112 114 111 115 107 111 101 0
110 114 108 110 118 117 118 113 118 116 112 117 1
123 114 123 118 124 127 127 118 126 127 121 117 2
113 119 117 119 133 123 123 122 137 123 120 117 3
113 110 110 136 149 117 114 119 143 110 115 117 4
113 114 115 115 124 121 124 116 129 120 120 117 5
117 114 115 115 121 121 122 113 120 121 118 133 6
122 117 115 120 124 127 125 119 135 122 121 117 7
112 110 113 142 146 123 120 131 163 122 120 117 8
122 119 118 121 133 123 125 128 137 127 121 117 9
117 114 118 111 119 124 124 116 123 118 118 117 10
122 117 113 111 121 120 125 118 126 122 122 15000 11
Chip#1
120 110 102 103 105 109 101 106 110 109 118 103 0
116 120 120 356 872 124 116 145 1190 137 127 119 1
121 117 113 1022 1309 123 113 198 1770 397 125 115 2
113 121 112 139 132 121 114 115 181 122 120 111 3
110 114 111 110 113 118 113 111 121 109 119 108 4
114 115 118 135 176 123 115 122 202 118 122 115 5
113 117 111 1032 2128 132 113 388 2162 527 121 108 6
120 123 112 516 755 124 114 162 534 153 124 109 7
123 118 108 109 111 116 111 111 113 113 120 106 8
143 124 109 109 108 115 114 109 106 110 116 122 9
128 140 116 106 112 115 108 109 111 111 127 127 10
121 121 111 113 113 116 106 110 113 115 125 15000 11
Chip#2
120 113 110 115 117 116 109 110 117 109 109 123 0
117 107 107 110 122 115 113 108 122 108 110 118 1
110 107 107 361 460 115 111 207 545 141 105 112 2
111 106 107 349 366 110 110 137 491 174 103 115 3
111 113 105 116 121 114 113 112 123 110 109 116 4
117 113 109 113 121 113 110 112 116 106 109 116 5
115 112 114 182 228 120 115 117 233 114 110 117 6
111 111 109 501 754 116 111 153 558 208 112 117 7
120 111 116 174 190 122 124 122 271 124 117 128 8
119 111 110 115 122 117 114 113 119 112 109 122 9
124 111 112 134 124 121 116 114 121 112 113 124 10
122 111 115 117 118 112 114 111 117 112 112 15000 11
Chip#3
126 114 114 105 97 100 103 105 104 100 105 113 0
141 134 109 104 100 102 106 110 107 102 104 114 1
132 112 112 108 107 107 113 112 113 111 110 110 2
117 105 109 137 303 147 116 120 193 123 110 111 3
106 104 108 553 1999 494 110 206 1438 680 105 102 4
115 105 109 153 506 147 113 117 449 210 106 107 5
112 101 103 101 104 105 109 109 113 103 102 99 6
114 134 113 114 120 109 111 115 127 125 108 103 7
107 102 109 474 1220 193 104 123 1066 828 100 102 8
119 104 107 322 1516 306 108 149 1443 609 106 104 9
126 105 104 107 107 103 108 107 113 102 99 103 10
144 134 106 106 101 104 106 111 112 105 106 15000 11
Chip#4
112 111 109 111 117 119 119 113 122 120 116 117 0
118 114 113 115 125 122 125 114 122 122 117 117 1
107 103 105 102 113 111 113 111 111 104 106 117 2
123 103 122 134 140 124 127 126 138 128 124 133 3
118 111 117 144 157 122 121 127 148 103 117 101 4
118 119 124 118 128 125 131 118 129 127 122 117 5
122 117 119 113 126 123 121 118 125 124 118 117 6
112 114 111 111 119 119 124 111 122 120 115 117 7
116 114 117 144 153 119 121 134 168 125 119 101 8
113 109 110 114 125 114 114 117 132 111 114 101 9
125 118 121 121 128 127 128 122 125 129 125 133 10
119 119 119 114 124 121 119 114 124 123 118 15000 11
Chip#1
134 123 115 119 121 124 110 118 122 119 129 116 0
113 115 112 379 928 116 103 150 1253 132 120 106 1
121 123 117 1092 1393 125 107 207 1904 421 126 116 2
122 120 116 143 142 124 116 117 191 126 126 116 3
115 120 117 114 114 122 113 117 120 113 125 113 4
109 122 113 135 176 122 104 120 223 117 120 106 5
116 122 118 1099 2299 131 114 416 2313 564 122 112 6
116 117 111 542 799 121 106 163 567 146 117 104 7
130 127 115 110 120 122 115 111 114 115 119 114 8
155 134 117 109 115 121 112 114 113 111 121 127 9
128 144 115 107 108 114 109 108 110 104 125 129 10
128 133 130 120 123 122 120 121 122 124 139 15000 11
Chip#2
124 111 115 122 123 121 116 118 117 112 116 128 0
115 111 119 134 125 117 115 114 130 118 117 122 1
117 111 112 390 482 120 114 217 580 147 108 124 2
117 111 112 371 389 115 112 147 521 178 109 119 3
115 111 109 134 121 115 116 116 124 110 112 116 4
118 111 113 134 123 127 118 114 126 112 115 123 5
117 113 116 183 233 120 116 117 242 118 109 118 6
116 113 116 536 802 124 120 164 592 219 116 117 7
115 113 109 162 194 119 117 114 269 120 108 118 8
120 113 115 120 120 122 117 112 122 110 110 123 9
124 113 109 114 116 115 115 108 113 110 107 123 10
153 128 121 134 128 126 122 120 128 120 120 15000 11
Chip#3
127 134 109 104 103 100 106 103 105 102 105 116 0
135 134 105 102 103 100 109 105 106 102 105 112 1
133 134 111 108 108 102 110 109 110 103 107 109 2
117 105 106 138 299 147 114 115 179 117 107 105 3
112 104 109 554 1995 499 109 208 1442 688 105 104 4
116 134 113 157 506 163 116 114 449 204 114 112 5
114 107 107 109 110 111 113 115 113 109 111 107 6
116 103 107 105 118 109 116 110 123 122 107 103 7
115 103 108 475 1225 199 107 126 1067 827 107 104 8
116 106 112 325 1513 303 112 149 1442 607 109 107 9
127 109 111 111 109 106 109 107 116 106 110 108 10
152 143 111 111 109 109 112 112 118 110 110 15000 11
Chip#4
119 117 115 119 121 122 125 114 129 123 118 117 0
122 117 117 116 124 124 127 119 123 128 121 117 1
122 117 120 118 118 122 126 118 126 120 117 133 2
116 115 118 120 126 123 124 117 134 103 122 117 3
120 117 115 148 159 125 125 126 151 124 120 117 4
120 117 122 123 130 131 130 123 136 130 128 117 5
125 118 120 114 123 127 132 123 133 127 126 117 6
119 118 120 119 127 126 130 116 134 125 122 117 7
123 118 120 154 156 124 126 137 176 130 122 133 8
117 118 117 134 132 122 125 118 138 123 123 133 9
120 118 122 118 124 129 127 122 129 124 122 117 10
121 119 122 113 121 123 129 117 124 122 120 15000 11
Chip#1
126 122 114 112 115 117 111 114 118 116 127 110 0
118 121 119 397 962 119 113 152 1308 136 126 116 1
118 122 118 1144 1451 124 113 210 1983 434 124 116 2
118 120 121 146 143 122 123 124 197 128 130 114 3
127 132 124 122 121 129 122 128 129 119 135 120 4
114 119 115 137 178 120 111 121 215 120 117 105 5
121 123 121 1149 2368 137 115 430 2412 582 123 115 6
111 117 112 558 816 116 108 163 583 154 116 109 7
122 114 107 106 113 114 110 108 110 104 116 106 8
145 127 108 109 108 114 107 111 109 105 118 120 9
129 141 117 110 105 117 108 108 110 111 130 132 10
121 127 117 109 111 120 113 109 114 117 132 15000 11
Chip#2
118 109 108 117 117 114 114 113 117 109 108 122 0
120 110 116 116 126 119 116 114 130 113 115 119 1
118 109 110 406 505 116 114 226 608 150 109 118 2
111 106 109 390 402 116 115 154 552 181 105 118 3
116 112 110 134 124 116 115 118 123 112 108 123 4
125 112 120 134 128 127 124 124 132 123 118 129 5
115 112 115 195 241 121 121 118 255 119 113 123 6
122 112 119 562 847 120 122 170 625 229 115 123 7
118 113 112 167 191 115 115 120 288 119 109 119 8
119 109 108 115 116 117 118 114 117 108 107 118 9
132 109 110 120 120 117 121 116 123 116 113 122 10
129 109 120 120 129 122 118 117 124 119 121 15000 11
Chip#3
133 143 113 111 110 106 111 111 111 106 111 118 0
141 143 105 105 108 105 110 107 109 104 102 108 1
129 104 105 105 103 106 109 109 107 101 101 104 2
120 103 106 142 303 147 113 115 184 125 110 103 3
108 104 105 555 1997 494 107 207 1446 680 107 102 4
108 101 102 154 506 147 110 116 441 207 101 98 5
116 103 102 109 105 101 106 110 107 102 107 100 6
112 134 105 114 125 110 110 116 129 128 112 106 7
106 103 105 472 1215 194 110 123 1064 829 105 100 8
108 98 104 316 1509 295 106 137 1435 599 99 95 9
127 134 111 115 115 107 111 111 114 108 106 101 10
153 134 107 106 107 103 110 109 113 108 104 15000 11
Chip#4
124 119 122 115 121 124 126 117 124 127 125 117 0
120 119 113 116 120 122 122 113 119 122 122 117 1
120 115 115 111 119 120 121 113 119 120 118 117 2
119 114 113 120 128 123 119 118 130 103 117 117 3
119 114 122 148 156 122 126 125 153 103 120 117 4
116 114 111 115 121 117 119 116 125 109 112 117 5
122 114 120 118 124 125 127 122 133 127 126 133 6
122 114 120 123 128 129 130 123 137 128 127 117 7
117 117 113 146 150 121 125 137 174 124 122 117 8
124 117 119 126 138 125 126 127 140 125 123 117 9
126 117 126 124 130 129 130 125 125 131 131 133 10
125 119 115 117 124 127 125 120 129 127 125 15000 11
Chip#1
Chip#2
Chip#3
Chip#4
