Chipdp
84 2 37 2 8 3 4 8 5 9 5 8 6 9 6 4 8 3 9 3 8 2 9 2 4 6 6 5 6 6 5 5 5 4 6 2 5 2 6 3 5 3 4 6 8 5 8 6 9 5 9 4 2 8 3 8 2 9 3 9 4 2 5 3 5 2 6 3 6 4 2 2 3 2 2 3 3 3 4 9 7 10 7 9 6 10 6 4 9 10 10 10 9 9 10 9 4 7 7 6 7 7 6 6 6 4 7 10 6 10 7 9 6 9 4 7 3 7 4 6 3 6 4 4 4 4 4 3 3 4 3 3 4 3 7 4 7 3 6 4 6 4 3 10 4 10 3 9 4 9 
Chip#1
101 102 100 106 102 103 106 105 101 103 98 101 0
97 99 99 109 100 103 116 98 98 111 97 95 1
104 104 138 160 105 206 322 117 164 296 123 99 2
104 107 114 123 110 135 180 113 128 206 112 105 3
92 89 91 96 97 94 97 96 98 96 90 92 4
102 99 104 109 100 99 109 103 147 222 107 101 5
97 96 96 102 97 97 104 97 122 183 95 93 6
99 100 102 101 104 101 106 107 103 99 97 100 7
95 99 105 107 104 100 107 102 99 100 97 96 8
97 101 100 109 101 100 108 107 101 97 97 94 9
103 94 96 101 104 93 100 101 98 96 92 98 10
103 101 96 102 101 99 100 105 101 97 100 15000 11
Chip#2
103 110 106 103 104 103 105 97 104 103 102 104 0
105 109 110 103 105 103 107 100 98 105 101 106 1
100 98 98 96 99 93 98 95 94 97 96 101 2
104 106 114 182 133 104 175 147 96 123 128 103 3
95 96 111 211 148 101 173 138 92 115 116 94 4
99 103 101 109 102 93 100 93 98 98 96 99 5
109 103 107 143 124 102 107 99 100 104 105 101 6
99 104 112 191 149 99 101 98 98 104 105 99 7
101 101 100 108 107 94 95 95 95 97 99 103 8
105 110 105 108 106 104 105 106 104 107 105 109 9
103 103 103 100 102 102 108 102 100 108 104 108 10
101 105 105 103 104 103 105 98 100 103 101 15000 11
Chip#1
104 99 97 107 103 101 105 102 103 99 102 100 0
93 86 98 99 97 98 114 100 93 104 90 89 1
101 94 136 153 101 212 318 111 162 296 121 96 2
101 95 103 113 102 129 168 98 126 190 105 93 3
98 96 102 101 98 99 101 102 100 95 92 96 4
92 94 99 101 96 95 99 96 139 222 98 94 5
101 97 103 104 102 100 104 105 132 189 98 95 6
98 97 97 104 100 97 98 100 100 93 91 93 7
97 95 100 108 98 99 100 96 96 92 92 93 8
99 97 103 102 102 100 101 103 102 97 92 99 9
99 100 100 106 100 98 104 103 101 93 95 96 10
98 93 94 102 96 92 99 97 99 91 94 15000 11
Chip#2
100 99 98 94 96 97 100 96 96 92 94 100 0
103 104 100 102 102 98 101 92 99 97 95 101 1
101 109 101 102 105 104 105 97 95 98 95 105 2
103 103 110 184 133 104 174 145 98 118 125 100 3
106 106 120 224 158 109 185 147 105 124 120 108 4
102 104 101 108 100 99 104 93 96 98 95 103 5
107 110 112 146 129 107 112 106 102 108 104 108 6
104 105 114 196 150 101 102 99 96 103 102 100 7
104 105 101 113 107 103 106 99 101 101 102 100 8
97 98 99 96 94 97 101 93 95 98 93 100 9
106 111 107 109 107 106 111 109 102 105 107 108 10
105 109 105 102 107 102 107 102 102 105 100 15000 11
