Chip#1
101 99 105 103 101 101 107 101 101 92 103 105 0
102 99 102 102 96 104 109 104 103 95 108 106 1
104 104 111 119 102 110 125 107 116 121 111 101 2
101 100 104 109 102 100 116 107 106 107 106 102 3
108 105 114 119 107 114 125 103 108 101 105 107 4
105 106 455 448 104 447 720 122 112 118 107 104 5
105 107 243 245 105 287 444 112 118 115 103 106 6
112 111 118 115 103 107 117 107 109 97 103 105 7
106 112 545 530 107 297 347 105 107 100 106 104 8
109 104 385 335 104 304 353 109 107 103 108 110 9
101 100 104 103 97 100 113 98 99 93 92 96 10
114 102 103 104 101 103 108 104 103 96 101 15000 11
Chip#2
109 108 112 110 115 111 114 107 102 104 105 108 0
106 110 110 108 111 109 114 109 102 107 104 108 1
106 101 106 109 105 104 108 102 99 99 102 109 2
111 106 111 112 111 108 114 107 99 102 107 105 3
107 113 106 115 110 112 117 107 101 105 106 106 4
107 115 110 113 112 113 114 110 102 109 107 110 5
105 101 101 102 105 104 203 180 98 147 177 100 6
112 111 109 118 116 116 338 303 102 184 237 112 7
111 113 112 113 112 109 125 120 107 108 112 108 8
103 99 104 99 102 101 133 139 95 147 204 106 9
107 106 110 104 105 104 202 225 107 216 333 130 10
112 114 112 114 113 112 126 128 106 114 135 15000 11
