Chip#1
113 111 114 113 119 112 105 112 109 108 110 108 0
109 101 110 113 111 112 117 117 103 103 100 99 1
102 100 102 110 109 107 110 116 99 96 101 96 2
109 102 108 107 111 116 102 109 104 101 104 105 3
132 109 114 111 115 113 121 118 110 108 106 101 4
132 105 106 107 107 108 114 115 106 107 100 102 5
103 98 103 107 106 106 100 99 96 94 95 92 6
113 106 114 115 112 115 122 118 107 107 106 105 7
110 104 106 109 109 106 114 116 103 102 106 98 8
104 101 114 109 105 108 105 100 104 99 101 99 9
112 108 114 107 109 111 117 111 104 108 102 102 10
108 105 105 103 107 104 114 110 99 98 101 15000 11
Chip#2
131 101 104 94 96 98 95 97 89 100 98 99 0
131 104 106 98 99 99 103 106 89 104 104 105 1
86 100 104 102 100 98 116 115 89 104 102 107 2
112 104 113 98 104 108 105 101 89 107 104 105 3
112 107 103 99 99 99 110 106 89 106 105 100 4
76 95 98 92 91 92 98 104 89 102 95 94 5
112 108 115 107 106 110 101 109 89 112 106 115 6
112 107 113 107 103 106 110 106 89 107 103 104 7
112 100 107 97 100 100 107 101 89 105 104 102 8
112 98 106 91 91 97 93 98 89 99 97 100 9
112 107 109 100 96 102 116 115 89 105 98 104 10
81 105 106 94 96 98 105 102 89 104 99 15000 11
Chip#3
100 100 100 100 100 100 100 100 100 100 100 100 241
100 100 100 100 100 100 100 100 100 100 100 100 241
100 100 100 100 100 100 100 100 100 100 100 100 241
100 100 100 100 100 100 100 100 100 100 100 100 241
100 100 100 100 100 100 100 100 100 100 100 100 241
100 100 100 100 100 100 100 100 100 100 100 100 241
100 100 100 100 100 100 100 100 100 100 100 100 241
100 100 100 100 100 100 100 100 100 100 100 100 241
100 100 100 100 100 100 100 100 100 100 100 100 241
100 100 100 100 100 100 100 100 100 100 100 100 241
100 100 100 100 100 100 100 100 100 100 100 100 241
100 100 100 100 100 100 100 100 100 100 100 15000 241
100 100 100 100 100 100 100 100 100 100 100 100 0
Chip#4
