Chip#1
102 100 102 106 101 101 101 99 103 96 99 100 0
104 98 110 106 107 107 111 108 107 102 99 100 1
104 98 108 106 108 106 110 106 106 100 101 102 2
103 98 105 106 101 106 103 100 103 95 99 102 3
102 101 108 108 107 103 120 112 109 96 99 100 4
104 97 103 103 105 104 121 112 106 98 99 102 5
132 104 111 113 114 108 109 103 107 105 131 107 6
102 97 98 101 100 101 100 93 102 105 105 93 7
99 97 100 103 101 105 102 95 106 112 131 100 8
105 99 109 105 108 102 106 94 103 104 104 102 9
132 100 107 111 107 106 103 99 107 113 131 103 10
98 94 103 102 105 98 101 90 103 108 131 15000 11
Chip#2
131 112 106 105 110 104 106 101 89 105 104 110 0
131 111 102 104 100 103 107 104 89 104 105 110 1
131 113 103 97 105 103 111 103 89 101 106 104 2
131 112 108 107 105 109 107 103 89 106 104 110 3
131 112 106 103 104 105 128 127 89 106 109 105 4
131 108 103 104 104 108 134 129 89 105 106 104 5
131 112 106 102 104 103 103 102 89 104 104 104 6
131 113 104 102 106 109 107 101 89 131 129 109 7
131 107 103 100 105 104 102 98 89 118 120 105 8
131 109 106 103 110 109 107 102 89 112 110 112 9
131 113 103 100 101 104 102 101 89 141 132 105 10
131 113 103 100 106 104 102 98 89 118 112 15000 11
