Chip#1
103 100 99 103 97 105 103 102 96 96 105 98 0
105 105 102 99 101 102 103 110 100 97 105 110 1
104 100 95 103 98 101 101 105 95 98 102 100 2
111 108 106 111 99 106 106 108 105 105 113 105 3
103 100 103 99 98 104 100 106 97 103 104 100 4
110 105 103 104 99 107 100 109 98 100 106 105 5
115 111 109 112 123 116 100 114 106 107 114 109 6
110 105 108 107 99 109 100 112 104 102 106 106 7
104 99 100 106 101 104 99 109 95 98 102 98 8
104 96 99 107 95 104 105 104 100 99 101 100 9
109 106 106 107 99 108 105 108 100 100 106 102 10
96 101 102 99 93 100 103 108 95 96 101 15000 11
Chip#2
98 102 95 94 101 102 100 108 104 97 102 94 0
107 99 93 95 103 100 100 106 105 96 103 101 1
108 106 96 97 104 100 102 107 109 100 109 106 2
102 101 100 99 101 104 101 106 108 103 106 98 3
102 101 95 88 102 101 95 98 105 93 100 96 4
102 105 99 97 104 102 104 101 109 95 106 101 5
105 102 95 95 102 98 102 104 106 99 105 101 6
105 103 95 95 99 100 102 104 106 101 105 101 7
101 107 93 97 97 100 98 108 102 94 103 98 8
100 107 99 99 104 101 100 104 104 101 105 98 9
102 110 95 98 105 104 108 108 102 100 108 101 10
104 103 96 98 104 102 102 109 105 100 104 15000 11
Chip#3
110 109 113 102 111 111 108 100 105 109 113 106 0
106 107 105 99 107 110 100 96 100 102 109 105 1
106 112 112 103 104 108 102 97 102 100 112 107 2
110 112 109 101 112 110 108 100 100 108 110 105 3
115 116 112 108 112 114 109 103 108 106 120 112 4
105 107 105 95 106 109 101 95 103 103 109 106 5
102 105 105 96 101 104 101 96 98 104 110 105 6
102 112 107 99 97 109 100 97 100 101 108 100 7
110 113 109 101 107 116 108 101 105 105 113 110 8
105 108 111 102 102 114 107 105 98 104 112 107 9
112 113 110 107 108 117 111 106 105 111 115 109 10
102 104 107 97 101 109 102 95 96 100 103 15000 11
Chip#4
110 101 105 104 104 116 103 105 103 102 110 102 0
105 101 101 101 100 108 99 107 101 102 105 103 1
103 97 97 96 98 109 99 100 99 101 106 101 2
99 91 91 94 97 104 91 99 98 96 98 93 3
104 94 99 95 102 107 98 103 97 96 102 103 4
110 98 95 101 106 114 100 102 101 101 103 102 5
107 101 99 99 102 116 101 106 103 98 106 101 6
108 99 106 102 106 117 109 109 112 106 112 104 7
103 100 98 96 103 105 102 103 103 99 103 98 8
106 98 102 99 100 113 103 105 101 102 105 98 9
110 101 102 105 106 116 107 109 112 102 105 108 10
110 108 106 110 106 116 110 110 107 109 114 15000 11
Chip#1
108 106 104 108 101 106 105 110 103 101 106 102 0
107 105 105 104 102 104 103 105 105 107 109 102 1
98 98 91 94 90 101 92 98 97 101 99 96 2
109 108 102 103 105 108 92 106 107 105 108 102 3
101 100 100 102 98 100 99 102 102 97 102 97 4
107 99 102 100 96 98 98 102 101 101 101 99 5
107 100 99 107 102 108 102 102 97 102 104 100 6
110 105 104 110 103 106 102 109 104 101 107 102 7
102 94 98 104 98 103 102 108 102 100 105 100 8
110 103 102 107 99 105 105 113 107 103 106 104 9
96 94 98 98 95 97 93 100 94 94 99 91 10
107 108 99 106 99 106 103 107 102 103 105 15000 11
Chip#2
101 103 92 95 98 104 98 100 98 103 105 98 0
105 109 97 94 104 106 109 106 101 97 105 100 1
101 103 96 94 99 98 100 105 103 100 107 97 2
100 103 92 95 99 102 101 98 102 97 105 93 3
100 106 96 94 102 101 101 106 102 97 102 94 4
95 99 89 92 97 100 97 95 98 93 100 93 5
92 92 87 87 94 90 90 93 94 94 92 89 6
98 99 89 90 97 95 98 98 102 96 99 98 7
94 92 87 89 97 94 94 91 95 86 99 89 8
104 106 92 94 100 102 102 105 105 97 106 94 9
100 109 97 95 105 102 98 104 99 99 105 96 10
101 105 96 93 99 102 100 100 103 96 100 15000 11
Chip#3
102 104 99 97 103 103 100 97 97 95 104 101 0
112 112 108 106 107 111 105 110 104 104 112 105 1
106 105 105 102 107 109 105 108 102 104 105 106 2
106 107 109 103 111 110 106 105 99 103 110 107 3
100 103 101 97 103 100 95 100 96 98 105 101 4
105 112 108 107 107 110 108 107 100 104 107 108 5
105 109 109 104 104 109 106 104 98 103 110 107 6
110 112 111 101 111 111 105 108 102 106 109 106 7
107 105 108 103 104 110 106 105 100 103 112 104 8
101 103 103 99 101 103 100 101 93 95 107 100 9
100 107 101 102 104 106 102 101 99 97 109 101 10
107 114 110 103 109 109 105 106 105 109 113 15000 11
Chip#4
101 101 106 104 101 112 103 105 104 99 102 101 0
101 99 100 99 98 105 101 100 101 102 105 102 1
111 106 108 106 106 116 109 111 110 105 109 107 2
99 92 93 94 93 100 98 97 98 93 100 97 3
107 101 106 106 101 112 110 111 104 106 107 108 4
103 102 101 101 102 112 104 105 104 102 105 101 5
101 99 100 101 98 107 102 100 105 99 102 101 6
102 100 102 102 100 108 106 107 104 103 105 102 7
109 98 100 103 104 112 102 106 107 108 109 103 8
107 104 105 105 105 114 110 112 110 112 109 108 9
108 98 101 104 103 109 107 107 108 104 103 102 10
106 105 99 108 101 110 104 105 109 103 108 15000 11
Chip#1
102 100 100 98 98 104 98 100 94 94 97 98 0
105 101 100 95 94 101 93 101 94 97 100 99 1
107 103 106 104 102 106 93 106 100 102 105 107 2
104 109 106 104 101 110 93 112 105 102 105 102 3
96 96 91 102 93 94 91 102 96 94 93 91 4
102 99 103 98 96 97 98 105 97 93 100 95 5
102 95 94 99 94 104 96 98 96 91 97 96 6
103 99 103 103 99 106 102 109 100 97 105 102 7
107 101 104 112 101 108 105 113 106 105 108 107 8
110 108 108 115 108 108 105 110 107 107 109 105 9
102 100 107 104 98 106 103 108 104 102 106 101 10
110 111 112 115 105 116 103 119 111 107 110 15000 11
Chip#2
98 103 91 92 102 100 98 101 98 96 103 92 0
102 109 99 97 105 105 106 110 103 100 108 100 1
102 105 88 94 102 104 100 105 99 97 106 96 2
101 103 95 94 102 102 102 102 103 101 106 96 3
108 106 96 95 106 106 104 109 99 101 109 96 4
102 107 93 95 106 105 105 105 106 101 108 100 5
102 106 99 102 108 106 105 108 101 101 108 100 6
104 109 97 99 101 102 106 106 101 99 106 103 7
102 102 95 97 101 100 102 104 96 100 106 98 8
100 101 91 94 98 101 98 101 102 94 102 94 9
97 106 95 97 101 104 102 105 101 98 102 93 10
111 110 100 98 104 106 108 108 102 101 109 15000 11
Chip#3
109 108 109 106 104 110 102 106 102 108 108 107 0
103 102 99 95 103 102 100 100 96 97 103 100 1
109 109 110 110 111 108 110 107 102 108 109 107 2
109 113 112 104 110 114 110 111 108 108 112 109 3
105 104 108 102 106 109 105 101 100 105 105 105 4
117 123 115 114 119 119 113 119 112 120 120 113 5
113 111 111 108 114 114 111 107 105 110 114 109 6
103 105 105 101 106 106 106 105 100 104 105 105 7
105 107 108 103 111 111 105 99 100 105 110 108 8
101 103 102 99 101 104 101 104 97 102 100 98 9
105 105 103 97 99 103 99 96 99 99 108 107 10
109 111 108 104 111 111 108 105 100 108 112 15000 11
Chip#4
108 105 101 102 102 109 104 105 105 104 103 104 0
111 109 109 111 107 114 109 114 113 110 112 110 1
103 99 101 98 102 108 102 106 107 102 102 104 2
101 98 102 105 105 112 103 106 104 101 103 106 3
107 104 104 103 104 112 101 106 109 109 109 103 4
115 109 111 112 110 118 109 110 114 110 113 111 5
104 100 102 102 96 109 99 105 105 102 102 100 6
115 107 106 104 107 114 105 114 109 108 110 108 7
108 102 102 105 104 118 102 108 107 108 108 102 8
109 107 102 105 104 113 106 116 110 110 107 106 9
106 98 102 99 104 112 103 107 107 103 110 106 10
108 106 105 102 101 113 102 106 102 107 106 15000 11
Chip#1
107 104 104 106 102 104 103 109 102 104 108 106 0
113 105 106 110 103 107 103 113 102 105 106 106 1
110 106 109 110 101 111 106 110 110 105 111 107 2
109 101 107 108 105 108 106 112 105 107 108 99 3
113 109 115 118 123 116 106 122 105 112 113 108 4
108 105 105 102 102 104 106 108 104 107 106 106 5
114 108 112 112 105 112 106 117 106 105 109 106 6
114 105 111 106 103 114 106 115 107 108 111 107 7
114 105 106 120 106 110 106 115 114 108 108 104 8
106 101 103 114 103 109 102 109 109 104 104 101 9
110 110 111 111 102 112 106 118 106 109 109 105 10
113 106 111 107 107 112 106 118 107 111 108 15000 11
Chip#2
111 109 97 98 106 106 109 108 109 105 112 101 0
114 110 101 99 108 106 109 107 109 103 110 103 1
110 110 101 102 110 112 108 113 113 103 111 104 2
102 109 97 99 105 108 104 105 105 105 108 98 3
110 114 100 99 106 109 104 109 112 105 109 103 4
102 101 95 90 99 105 99 100 101 98 105 96 5
108 109 99 103 106 108 109 113 109 104 110 102 6
108 107 100 97 108 102 105 108 109 105 106 98 7
110 110 97 105 108 108 105 109 106 100 109 102 8
110 106 96 99 105 108 106 109 109 104 107 101 9
108 103 97 97 105 106 104 105 103 104 103 97 10
112 110 101 103 104 108 111 105 109 107 110 15000 11
Chip#3
109 113 107 104 102 109 107 106 100 109 110 107 0
109 113 110 106 112 116 108 107 103 108 113 117 1
107 112 109 107 106 109 108 101 105 108 109 108 2
107 112 108 107 107 115 110 105 99 103 109 112 3
105 108 106 102 103 108 103 100 102 105 109 106 4
106 114 108 106 107 109 105 103 104 106 107 108 5
109 113 111 104 114 109 110 108 104 104 112 113 6
108 109 110 103 111 114 111 108 106 107 113 107 7
111 113 109 104 115 114 111 109 106 111 115 113 8
111 113 115 110 111 116 111 108 111 111 114 108 9
107 112 107 106 110 116 107 105 106 108 112 111 10
116 116 111 114 116 119 117 109 110 115 118 15000 11
Chip#4
105 102 104 104 106 109 97 107 108 105 107 110 0
109 106 108 104 107 119 104 108 110 109 110 107 1
102 104 102 105 102 109 98 106 105 101 109 104 2
101 99 101 105 105 107 101 106 105 99 112 102 3
113 106 106 109 109 117 110 113 116 108 116 111 4
104 107 104 108 111 116 109 108 112 106 115 109 5
109 108 111 105 109 116 107 111 115 105 116 107 6
109 105 105 106 108 112 101 107 110 104 111 104 7
110 107 105 108 102 114 103 111 109 103 114 104 8
109 106 107 104 104 113 102 110 115 108 113 107 9
114 104 108 110 105 113 106 110 108 105 112 104 10
107 105 105 110 108 113 100 107 109 102 109 15000 11
Chip#1
120 116 115 115 110 118 106 121 112 111 119 114 0
114 113 108 111 107 111 106 117 106 110 115 108 1
113 108 107 107 106 106 103 115 106 107 114 109 2
110 108 109 112 110 109 103 114 111 104 108 106 3
115 108 112 122 123 110 103 122 111 110 113 109 4
114 106 111 111 102 111 103 118 109 111 115 111 5
114 104 108 110 105 108 103 113 104 105 107 106 6
115 106 112 115 108 112 103 119 105 111 109 110 7
110 109 112 126 123 115 103 121 105 113 115 110 8
114 106 105 123 123 111 106 118 105 107 109 106 9
108 103 106 107 102 106 106 113 104 104 108 101 10
113 108 109 104 107 112 106 109 107 106 109 15000 11
Chip#2
110 110 99 101 109 109 109 112 112 111 113 105 0
114 116 105 102 113 119 112 116 113 104 114 105 1
110 116 105 103 109 112 108 113 110 107 112 108 2
104 110 103 99 101 108 105 111 105 103 106 101 3
105 107 93 99 102 108 102 108 106 97 107 97 4
114 112 105 100 112 115 111 109 112 109 113 106 5
111 109 100 106 106 113 109 111 108 108 112 101 6
105 110 100 104 108 108 106 108 108 107 111 101 7
114 116 104 108 110 112 111 112 113 109 115 108 8
112 112 100 102 110 110 112 117 113 105 115 105 9
114 114 97 101 108 112 111 111 109 103 112 101 10
113 109 96 101 108 106 108 107 108 105 108 15000 11
Chip#3
112 118 111 108 115 115 112 111 105 111 112 113 0
112 117 113 112 113 116 112 106 110 113 118 110 1
117 116 115 112 117 119 114 111 113 110 118 116 2
116 118 116 113 115 116 117 111 110 115 118 114 3
107 109 108 110 109 113 108 110 105 109 110 108 4
113 117 117 112 115 116 114 112 107 111 113 113 5
113 116 113 109 112 120 113 111 106 110 110 114 6
113 116 114 110 112 111 113 109 108 110 113 113 7
109 112 109 112 109 114 110 109 108 110 110 112 8
116 113 114 113 118 117 112 112 111 115 118 117 9
113 118 113 110 117 117 114 112 109 115 115 114 10
110 110 113 106 110 111 108 107 106 106 110 15000 11
Chip#4
116 109 112 111 107 117 113 114 114 114 117 110 0
109 109 108 110 107 118 110 112 107 108 109 111 1
110 109 112 116 109 119 111 115 113 113 116 113 2
118 114 114 116 119 125 112 122 120 113 123 115 3
116 116 108 109 110 121 114 118 114 108 118 107 4
109 106 107 110 107 119 109 111 113 110 111 113 5
107 106 104 106 105 114 105 112 109 107 109 106 6
110 105 108 109 107 118 105 111 115 109 112 109 7
115 112 111 111 108 121 111 117 115 115 112 113 8
115 111 109 110 113 123 110 114 119 116 119 117 9
109 112 106 111 109 121 110 117 113 111 114 111 10
109 107 100 104 102 117 104 109 108 103 109 15000 11
Chip#1
116 119 120 112 106 119 106 121 110 111 115 119 0
109 108 109 112 106 113 106 115 107 107 111 109 1
116 108 113 110 108 110 106 114 110 110 114 107 2
114 110 117 120 112 116 106 118 110 113 114 109 3
109 105 109 124 107 110 106 117 110 115 105 106 4
120 113 119 116 123 117 132 122 113 117 114 120 5
114 105 115 115 107 112 106 121 107 108 111 110 6
118 108 111 111 103 106 106 118 106 108 111 102 7
113 108 112 130 115 108 106 118 106 111 109 105 8
115 111 115 128 123 114 106 119 106 113 113 111 9
110 110 117 112 108 110 106 121 105 111 113 106 10
116 110 113 111 108 119 132 122 110 111 111 15000 11
Chip#2
107 112 104 101 109 109 112 112 110 109 116 106 0
108 106 97 101 106 105 108 109 103 103 109 100 1
117 117 103 108 112 110 115 115 113 114 118 108 2
104 105 97 102 105 106 108 108 102 105 106 101 3
108 110 104 102 112 108 111 111 113 104 112 105 4
107 112 104 99 106 113 106 111 110 105 113 106 5
115 123 105 109 113 116 116 118 115 116 114 117 6
115 123 109 108 117 121 119 120 123 114 118 110 7
113 114 103 102 116 113 118 112 110 112 115 109 8
114 113 105 106 116 112 112 113 110 104 113 105 9
98 112 99 95 105 108 109 109 105 104 106 96 10
108 109 103 100 108 109 111 110 109 107 109 15000 11
Chip#3
109 112 109 102 109 110 110 108 102 107 112 110 0
117 117 115 117 119 119 118 117 110 115 119 115 1
112 113 114 112 110 116 114 109 106 111 115 114 2
117 117 116 112 116 122 117 113 110 118 115 116 3
116 116 112 110 116 119 112 116 113 114 118 115 4
113 111 113 113 114 119 114 111 105 109 115 115 5
116 119 122 110 112 120 118 116 111 114 118 114 6
119 119 117 119 117 121 121 118 114 114 124 120 7
119 122 117 115 119 117 117 117 111 118 118 119 8
113 114 114 111 116 116 112 111 110 109 117 116 9
122 123 121 122 125 126 123 118 116 120 122 120 10
116 119 115 112 119 120 121 113 111 116 123 15000 11
Chip#4
117 113 112 117 112 124 115 112 113 114 114 114 0
108 109 108 104 106 114 107 111 110 107 108 109 1
114 113 115 112 110 119 107 117 113 109 114 109 2
110 109 112 113 108 113 110 112 109 108 113 113 3
113 114 114 111 113 125 114 117 116 111 117 114 4
119 111 114 115 115 122 113 117 120 119 118 116 5
111 115 107 110 110 119 110 115 115 111 119 113 6
118 119 118 118 115 131 118 118 120 115 119 116 7
114 116 113 118 114 122 115 120 120 116 122 111 8
114 111 109 118 113 119 109 118 116 117 117 114 9
124 119 122 122 121 127 122 126 121 123 125 121 10
120 114 114 117 116 122 118 118 118 111 116 15000 11
Chip#1
114 111 115 114 108 116 106 119 109 112 111 109 0
114 114 115 115 107 114 106 117 107 108 113 111 1
119 114 120 116 112 118 106 119 107 113 118 116 2
115 111 116 122 110 115 106 114 107 113 111 112 3
114 110 112 127 123 110 106 119 107 113 107 107 4
114 108 108 106 105 112 106 109 110 108 110 111 5
111 109 112 111 106 111 106 117 109 106 115 111 6
115 115 117 115 108 112 106 122 107 113 113 114 7
116 117 124 143 128 122 106 122 107 115 118 119 8
116 113 117 131 124 118 106 122 107 113 111 110 9
114 113 115 112 111 115 106 117 110 112 115 111 10
119 115 120 120 112 119 106 122 111 113 111 15000 11
Chip#2
111 113 107 102 106 109 112 109 108 107 110 103 0
111 114 108 108 113 115 119 113 113 112 115 110 1
112 116 103 102 112 112 113 111 109 112 112 108 2
115 113 107 106 114 113 112 111 112 111 115 109 3
107 107 101 98 109 109 106 108 110 109 110 104 4
104 106 100 94 98 106 105 101 103 101 107 101 5
114 112 105 102 112 115 113 111 112 108 113 106 6
114 116 105 104 114 112 116 112 118 107 113 108 7
118 119 109 111 120 117 120 117 116 114 119 112 8
110 113 104 102 113 110 112 113 108 108 109 104 9
120 121 109 107 117 120 118 117 116 119 118 117 10
114 112 105 102 116 117 112 109 110 112 110 15000 11
Chip#3
116 116 113 112 114 116 113 112 110 113 115 114 0
114 114 111 112 114 116 113 111 110 113 117 111 1
123 122 122 122 120 127 119 116 119 118 124 120 2
117 113 114 113 116 119 113 109 110 115 119 113 3
118 119 118 113 112 117 118 115 115 119 120 120 4
120 119 121 118 116 124 118 116 112 116 119 119 5
120 119 121 115 117 124 121 112 114 114 120 115 6
117 119 119 120 120 124 122 112 116 116 119 115 7
114 117 111 112 117 122 119 112 112 119 120 113 8
116 119 116 117 117 117 119 114 118 115 120 119 9
121 121 117 115 117 124 119 113 119 118 119 119 10
121 125 120 118 120 125 121 117 116 119 124 15000 11
Chip#4
116 109 113 115 116 122 116 115 118 117 119 114 0
119 121 115 116 116 129 119 122 124 123 124 122 1
116 112 114 113 113 123 116 113 118 115 116 119 2
119 112 114 119 115 127 117 122 125 121 125 119 3
113 112 113 113 114 127 113 119 121 115 122 114 4
107 112 104 110 107 117 103 111 110 107 110 106 5
119 116 115 119 114 130 119 123 115 116 124 119 6
113 111 109 112 110 117 111 116 119 115 123 114 7
111 113 109 112 113 119 112 113 123 116 117 114 8
119 114 118 123 116 128 122 122 121 120 120 117 9
119 115 116 122 114 127 115 123 125 120 125 121 10
115 111 108 113 108 117 111 117 113 114 117 15000 11
Chip#1
110 114 115 114 106 119 106 118 111 111 118 111 0
115 110 111 110 106 111 106 116 109 108 114 111 1
125 123 125 120 123 122 106 130 109 115 122 119 2
115 113 112 124 123 116 106 118 134 113 116 111 3
117 118 121 158 129 124 132 131 144 120 119 118 4
115 118 116 115 111 115 106 122 125 115 116 115 5
120 117 117 116 115 119 106 122 125 111 120 114 6
125 118 122 118 123 124 106 130 125 113 119 121 7
114 109 115 136 126 110 106 122 125 111 114 114 8
114 113 116 134 123 120 106 125 125 117 114 110 9
120 118 121 119 123 123 106 123 125 116 124 116 10
124 117 120 120 114 123 106 125 125 117 116 15000 11
Chip#2
114 117 108 111 116 116 116 119 116 112 120 113 0
114 117 105 107 113 115 119 114 112 111 116 109 1
111 114 99 107 114 110 108 113 116 111 113 108 2
115 116 108 108 113 110 112 114 113 112 110 106 3
118 120 104 110 113 119 115 116 116 111 118 112 4
118 117 109 111 114 116 115 114 116 109 116 108 5
110 114 108 107 113 112 115 116 116 115 113 108 6
110 117 105 110 117 113 118 120 116 111 118 108 7
114 113 107 110 114 115 116 112 118 114 115 113 8
118 120 109 116 117 116 123 119 116 113 120 117 9
121 121 112 108 116 119 120 120 119 115 118 116 10
120 116 111 110 118 117 120 115 119 115 116 15000 11
Chip#3
125 127 122 123 127 127 127 120 116 121 128 122 0
118 118 120 115 116 122 117 111 113 113 119 115 1
129 136 127 128 126 133 130 127 126 127 133 128 2
117 122 123 114 120 121 122 119 114 120 125 119 3
117 121 116 117 120 124 118 117 112 122 124 117 4
114 117 117 116 117 116 118 114 113 118 117 118 5
120 126 123 119 121 125 124 120 119 121 125 126 6
123 126 123 118 124 128 123 123 118 121 123 123 7
119 123 119 118 124 127 125 122 119 122 127 119 8
122 131 123 124 129 131 123 124 121 122 128 126 9
119 123 124 115 120 124 119 122 117 121 122 121 10
126 134 127 126 122 126 128 123 120 121 128 15000 11
Chip#4
122 122 122 119 120 133 118 122 125 120 123 120 0
119 116 118 118 113 124 112 120 120 119 119 114 1
122 119 122 123 120 130 120 124 120 117 125 120 2
118 115 112 117 113 124 112 118 118 113 121 116 3
126 122 120 117 119 129 117 120 126 121 125 120 4
120 120 121 118 114 127 117 119 121 122 122 117 5
120 118 115 119 119 128 111 118 123 119 123 119 6
116 115 115 124 117 127 119 116 118 117 125 116 7
120 113 120 116 112 126 114 118 123 117 121 116 8
119 120 121 124 120 127 124 124 126 122 124 124 9
122 116 113 119 115 124 112 118 123 115 121 115 10
122 123 122 124 121 128 122 125 121 121 130 15000 11
Chip#1
120 119 121 123 123 123 106 123 125 118 119 121 0
116 114 116 116 105 118 106 118 109 110 113 114 1
119 135 114 115 123 121 132 123 134 116 123 114 2
115 117 113 126 116 122 106 119 125 118 116 112 3
113 110 119 140 123 120 106 129 144 119 113 112 4
127 135 120 122 126 125 132 127 125 122 123 116 5
120 108 117 118 110 122 106 118 110 117 120 110 6
121 115 119 116 111 116 106 119 110 115 115 114 7
126 120 124 158 136 121 106 135 143 129 124 123 8
121 115 119 138 126 120 132 129 143 120 118 115 9
114 115 116 115 112 116 106 122 113 112 116 112 10
127 125 124 124 123 124 132 127 113 124 120 15000 11
Chip#2
114 112 107 110 117 110 116 116 113 114 115 106 0
121 117 111 108 117 117 122 115 116 114 116 108 1
117 114 107 107 120 116 115 115 115 112 118 108 2
117 117 108 112 117 117 116 115 116 111 116 109 3
118 120 112 113 121 120 123 116 116 118 115 113 4
110 114 107 108 116 115 119 112 110 111 115 109 5
117 121 108 111 117 121 125 120 116 116 122 110 6
115 123 109 110 120 121 120 121 119 122 118 113 7
120 120 111 108 118 119 120 119 119 115 123 112 8
121 120 109 110 118 121 120 119 120 115 119 112 9
118 124 111 111 120 120 119 120 116 112 115 110 10
123 126 116 112 124 123 120 119 119 115 119 15000 11
Chip#3
123 125 124 119 127 125 125 118 124 121 122 125 0
118 122 123 114 120 122 123 120 117 119 123 119 1
128 131 124 121 124 132 123 120 119 121 131 123 2
129 128 126 124 130 128 128 124 124 124 126 121 3
123 128 123 125 129 126 125 122 116 124 128 125 4
121 130 123 123 130 129 127 120 118 122 124 123 5
124 125 125 118 122 127 124 120 120 122 129 123 6
119 127 126 118 120 125 123 123 120 120 123 122 7
123 123 121 118 126 125 124 123 121 124 127 120 8
123 125 123 119 122 127 123 122 120 121 126 125 9
125 132 127 128 134 130 127 125 125 127 131 129 10
132 128 125 124 130 131 130 124 123 122 125 15000 11
Chip#4
122 122 119 125 121 130 122 130 125 122 131 126 0
122 118 115 118 116 128 116 123 121 121 119 116 1
121 114 114 117 117 128 114 122 123 117 116 115 2
125 122 121 125 122 128 123 124 127 126 127 123 3
125 127 126 124 126 132 124 130 131 123 133 126 4
118 116 118 125 120 129 118 122 125 123 126 119 5
126 121 120 122 121 131 119 128 123 120 125 123 6
127 124 121 123 122 130 125 125 130 117 127 120 7
120 118 120 122 116 129 115 126 125 122 124 120 8
125 122 126 124 121 132 123 131 127 126 128 123 9
122 123 122 125 123 133 127 130 127 125 130 124 10
128 123 124 123 121 133 119 125 130 127 132 15000 11
Chip#1
118 119 121 124 112 120 106 125 113 120 119 120 0
114 111 121 120 123 116 106 126 113 116 115 120 1
119 120 117 120 114 120 106 126 113 116 119 121 2
120 119 125 135 128 124 106 129 142 119 122 119 3
124 120 126 158 134 125 106 137 156 125 124 124 4
120 115 116 124 115 119 106 125 125 117 122 123 5
121 117 122 120 123 123 106 123 125 120 119 119 6
125 120 129 130 127 130 106 137 125 123 128 126 7
125 123 129 158 141 128 106 139 154 125 125 125 8
120 113 120 144 128 118 106 130 143 119 115 111 9
122 120 126 124 126 128 132 129 125 124 124 120 10
125 120 122 124 115 122 106 127 125 121 124 15000 11
Chip#2
117 126 113 110 118 116 119 121 123 115 119 113 0
118 120 111 110 117 117 123 120 122 115 116 112 1
117 121 109 108 117 115 119 121 118 112 116 110 2
121 128 116 117 120 122 125 127 123 122 123 118 3
111 112 105 106 113 113 115 114 116 113 109 109 4
121 124 116 112 120 123 123 121 125 119 120 114 5
111 120 107 105 116 115 118 119 116 110 116 108 6
121 128 112 115 124 121 125 124 126 119 120 118 7
118 120 111 111 117 115 118 117 119 112 116 113 8
117 123 107 111 121 119 125 119 122 115 118 112 9
118 128 113 113 120 121 126 123 122 116 118 113 10
120 124 115 115 120 117 120 117 123 118 118 15000 11
Chip#3
118 119 117 110 122 124 119 117 114 115 120 121 0
125 128 120 123 126 127 124 120 120 120 127 120 1
121 130 123 119 120 130 123 122 119 120 120 123 2
123 127 121 120 127 126 123 122 121 122 128 122 3
121 130 123 125 121 125 125 127 125 121 125 126 4
128 134 127 126 131 131 132 124 123 126 128 132 5
132 137 134 128 137 138 138 133 127 132 138 132 6
130 127 131 124 129 133 128 127 124 127 128 127 7
124 127 122 124 126 132 132 124 124 121 129 123 8
121 132 125 124 129 131 127 130 126 124 129 127 9
123 125 122 121 123 127 127 124 120 122 123 122 10
135 140 134 126 134 138 130 129 127 131 134 15000 11
Chip#4
116 114 114 119 120 119 113 122 121 117 121 117 0
122 121 125 129 119 128 124 126 121 124 129 126 1
125 120 121 122 118 130 120 126 124 124 131 120 2
131 128 124 126 126 136 126 128 126 127 133 129 3
127 121 120 122 125 131 126 124 127 126 131 123 4
121 118 120 119 121 130 119 122 126 117 126 119 5
120 119 116 116 118 123 123 120 123 122 122 120 6
127 120 121 120 121 128 120 124 123 121 127 121 7
127 122 128 130 125 131 124 132 127 128 125 127 8
126 126 124 123 125 133 125 129 125 130 128 126 9
128 126 126 127 124 137 129 130 132 130 133 130 10
125 122 119 123 120 129 125 126 125 123 129 15000 11
Chip#1
124 119 122 124 116 122 106 122 125 120 122 119 0
120 118 116 119 114 120 106 127 125 117 120 119 1
127 122 126 126 127 128 106 131 125 122 124 126 2
121 115 122 135 127 120 106 123 139 119 124 116 3
126 119 129 150 133 124 106 138 159 126 123 119 4
116 117 119 123 112 119 106 122 125 116 120 115 5
124 135 126 123 126 127 132 134 125 126 128 125 6
126 120 125 123 123 125 132 126 125 119 119 119 7
127 124 126 158 141 123 106 137 154 130 125 124 8
122 118 126 150 136 127 106 133 153 125 123 123 9
128 135 130 131 129 132 132 134 125 126 126 124 10
126 135 130 126 128 128 132 125 134 122 124 15000 11
Chip#2
125 126 116 113 121 120 122 127 119 118 123 117 0
120 127 117 119 124 127 126 124 120 118 123 117 1
121 120 111 111 118 121 119 121 119 122 122 114 2
124 120 112 115 120 121 119 123 122 122 120 113 3
121 126 115 119 127 120 126 130 123 122 120 117 4
127 124 117 119 126 126 125 123 129 122 128 118 5
123 126 116 116 122 121 123 128 126 116 120 116 6
123 127 117 117 127 123 123 126 126 126 117 117 7
125 126 115 116 128 124 122 123 122 123 122 118 8
123 121 112 115 117 122 122 122 120 119 120 110 9
124 126 116 112 121 125 126 125 119 122 119 112 10
131 130 116 116 127 129 125 127 126 120 125 15000 11
Chip#3
129 131 129 129 135 136 129 128 124 124 130 129 0
130 139 132 131 135 135 133 135 128 133 135 133 1
129 131 127 125 129 131 130 125 125 129 129 126 2
130 135 132 129 137 137 132 131 127 135 134 132 3
130 136 128 134 139 136 136 131 129 138 134 133 4
128 136 132 130 135 135 138 133 127 127 131 133 5
130 136 131 126 135 138 133 131 126 132 135 128 6
132 141 136 131 134 138 134 133 131 136 136 135 7
128 134 128 128 137 138 132 129 126 131 131 127 8
129 140 132 128 138 138 134 134 131 132 140 132 9
128 132 127 121 127 133 128 128 126 131 130 128 10
129 135 130 130 138 138 133 131 131 129 135 15000 11
Chip#4
124 119 121 124 120 132 123 124 124 122 128 123 0
126 124 132 130 124 138 126 132 133 135 139 130 1
130 120 124 124 120 136 125 128 130 130 128 126 2
118 119 114 117 120 130 118 122 124 118 123 117 3
125 119 127 126 126 130 123 127 129 124 128 124 4
128 119 127 127 127 137 125 131 133 129 131 126 5
131 130 129 130 128 142 130 163 136 131 136 131 6
126 121 118 124 122 133 123 124 132 122 125 122 7
125 116 121 124 119 128 119 126 125 124 129 123 8
125 127 126 131 126 133 128 129 131 124 131 128 9
133 131 132 134 132 141 131 138 137 133 136 130 10
130 128 125 129 127 134 124 129 131 129 128 15000 11
Chip#1
121 127 129 124 132 123 106 131 125 122 132 125 0
125 123 130 128 124 127 132 129 125 125 128 124 1
125 128 130 128 134 131 132 138 125 124 134 129 2
128 135 128 158 136 131 132 134 149 127 132 157 3
127 124 131 158 139 125 106 135 160 132 128 121 4
128 127 128 130 132 130 132 133 139 125 128 124 5
125 124 126 124 130 131 106 131 125 124 129 124 6
132 130 132 132 133 135 132 133 125 124 134 127 7
125 123 125 158 144 128 132 134 155 127 120 126 8
124 122 129 158 142 125 132 138 153 130 128 124 9
132 135 138 127 132 135 132 135 136 133 128 129 10
127 135 128 126 128 129 132 126 125 126 126 15000 11
Chip#2
123 120 115 114 118 121 123 119 120 122 122 112 0
125 124 116 112 120 123 126 121 123 118 120 116 1
118 119 113 112 116 116 119 120 119 116 119 114 2
123 126 113 115 124 123 120 127 123 119 124 115 3
121 130 116 115 124 123 126 124 123 120 119 113 4
121 124 115 114 120 123 122 120 119 116 121 115 5
122 121 113 115 120 121 122 127 120 119 125 112 6
121 127 117 117 122 121 126 120 119 124 123 117 7
120 123 115 116 125 124 120 120 122 118 120 114 8
130 134 121 120 127 130 127 129 127 122 128 121 9
123 130 119 119 124 123 126 121 120 124 124 119 10
133 134 121 117 133 130 129 131 127 124 128 15000 11
Chip#3
132 134 128 130 138 139 133 130 126 131 140 128 0
135 136 132 133 134 137 136 134 131 133 138 130 1
129 139 132 129 135 136 128 133 128 131 139 129 2
128 131 125 126 130 132 129 130 121 127 132 127 3
130 139 131 131 140 137 135 133 126 133 134 132 4
129 135 131 130 133 141 134 130 127 132 135 129 5
130 131 130 124 133 133 135 130 125 133 136 129 6
121 134 125 124 133 131 124 128 124 129 129 126 7
130 131 121 124 133 131 127 129 126 131 133 126 8
126 128 126 126 135 130 128 130 130 129 131 127 9
128 132 128 126 133 130 127 127 118 127 131 126 10
132 135 128 130 131 136 129 134 126 132 131 15000 11
Chip#4
121 121 121 120 121 132 123 127 130 123 132 122 0
128 130 120 125 126 136 123 136 131 130 136 127 1
127 124 124 124 121 134 125 130 127 128 132 127 2
125 119 121 126 122 132 119 129 127 129 129 122 3
120 126 120 124 122 137 122 123 127 123 131 124 4
129 124 124 123 129 141 122 126 127 131 136 129 5
128 124 126 126 125 134 122 129 129 126 132 127 6
132 124 122 126 122 137 125 131 131 128 136 126 7
126 122 122 124 121 138 125 129 127 128 129 124 8
126 123 125 124 127 134 122 131 130 132 132 127 9
134 130 126 131 125 139 126 135 137 131 134 131 10
132 127 126 130 127 132 123 130 131 130 132 15000 11
Chip#1
124 135 128 127 127 125 132 133 125 120 125 120 0
131 135 134 123 127 132 132 134 136 126 128 125 1
132 135 134 126 132 131 132 137 137 127 130 130 2
126 123 126 143 133 128 106 135 150 124 128 127 3
125 135 125 174 143 128 132 142 166 133 129 124 4
132 128 134 130 132 132 106 134 137 130 129 129 5
131 135 135 134 134 139 132 141 141 130 130 157 6
127 124 134 128 128 131 106 131 125 130 127 124 7
130 135 137 172 147 135 132 143 161 137 126 127 8
128 135 130 172 142 129 132 139 156 127 125 157 9
133 135 139 132 135 139 132 138 139 134 130 132 10
131 128 129 135 129 132 132 135 125 130 128 15000 11
Chip#2
124 127 119 117 124 126 129 126 127 120 127 119 0
123 132 117 116 124 127 130 127 126 122 128 119 1
130 131 119 119 125 126 125 127 125 123 129 121 2
127 131 119 125 128 130 133 129 127 130 134 126 3
124 130 117 117 123 124 123 125 123 122 123 117 4
131 132 120 120 123 129 127 123 127 127 125 125 5
125 126 120 116 122 124 124 125 123 127 123 119 6
127 134 123 120 128 130 130 129 129 127 130 126 7
123 126 117 120 123 120 122 123 125 122 127 115 8
132 128 117 121 122 126 125 128 126 124 128 121 9
131 137 125 128 129 131 133 133 129 127 130 126 10
131 131 121 119 128 126 126 125 123 122 121 15000 11
Chip#3
129 132 127 124 125 128 124 124 119 125 126 126 0
131 136 128 129 137 133 129 129 128 130 133 132 1
135 143 134 129 133 142 135 134 131 133 138 129 2
130 131 127 122 129 128 125 124 120 124 128 122 3
128 131 124 128 129 131 127 125 124 127 130 127 4
136 138 135 131 133 138 136 135 128 135 136 134 5
130 136 134 123 131 133 128 127 126 129 131 129 6
135 141 132 133 138 141 135 136 133 135 136 135 7
133 139 134 134 142 140 132 131 131 135 138 134 8
134 139 132 130 138 138 129 134 130 130 135 134 9
131 139 132 125 137 140 127 127 125 131 133 132 10
137 137 132 134 138 139 135 133 130 135 135 15000 11
Chip#4
133 134 127 132 129 143 129 135 136 133 138 128 0
126 124 122 123 120 133 122 129 126 123 129 120 1
122 116 114 120 116 130 115 122 121 117 122 116 2
128 128 129 129 125 136 126 134 133 126 133 128 3
122 124 119 124 121 132 122 128 127 122 128 122 4
128 130 129 130 131 143 129 136 137 130 134 129 5
125 115 121 118 119 137 122 123 125 123 124 122 6
131 128 125 126 124 143 131 134 131 126 138 128 7
139 133 134 133 134 148 133 136 139 139 143 135 8
131 130 132 136 132 146 129 137 133 134 141 130 9
145 140 135 138 138 151 137 144 141 146 148 136 10
143 137 133 131 132 147 133 140 135 133 141 15000 11
Chip#1
127 137 128 126 132 132 132 133 137 125 129 127 0
131 130 128 131 130 132 132 138 125 131 129 129 1
127 122 122 123 124 127 132 129 137 124 128 124 2
125 124 126 144 135 129 132 135 153 126 128 127 3
133 135 126 174 144 128 132 137 165 133 126 157 4
131 135 130 132 132 133 132 137 138 129 134 132 5
120 122 122 124 123 126 106 130 125 117 122 127 6
131 135 128 134 129 128 132 133 134 125 123 130 7
131 122 128 174 144 125 132 142 154 129 126 157 8
128 123 130 158 148 133 106 142 162 130 128 126 9
127 123 131 130 129 131 132 131 125 127 129 125 10
159 140 135 135 136 140 132 139 144 130 137 15000 11
Chip#2
118 130 115 117 126 127 126 125 123 123 128 119 0
133 131 124 124 129 134 136 131 133 126 130 125 1
135 135 123 126 129 131 136 134 136 131 135 127 2
125 130 121 120 128 129 130 129 130 130 125 119 3
127 127 117 117 127 126 125 127 126 120 125 125 4
123 124 116 114 121 125 125 123 125 120 125 117 5
125 131 120 116 124 130 131 127 125 126 128 121 6
130 134 119 123 129 127 137 129 133 131 130 119 7
125 128 121 124 124 125 127 129 127 123 130 118 8
125 131 121 119 126 123 127 132 126 119 126 119 9
124 126 113 111 121 120 120 120 125 118 120 117 10
134 128 121 124 131 129 131 126 129 130 127 15000 11
Chip#3
138 149 142 134 165 143 139 138 133 139 141 138 0
133 139 131 128 132 135 129 131 131 127 136 129 1
136 137 136 135 142 139 136 139 131 133 141 137 2
133 142 131 130 138 137 136 134 128 135 135 137 3
135 142 128 131 133 136 134 134 130 136 139 133 4
132 140 135 135 138 142 135 135 132 135 139 137 5
138 143 138 136 165 141 140 136 132 137 141 135 6
135 140 136 131 139 136 135 135 128 135 139 133 7
135 144 136 135 143 142 134 136 138 137 142 134 8
141 145 138 141 142 140 135 138 136 136 141 136 9
136 144 132 136 144 139 136 139 132 139 141 135 10
138 141 138 137 139 143 135 138 131 138 139 15000 11
Chip#4
138 131 133 132 132 141 135 135 132 131 136 128 0
126 122 126 124 122 132 123 128 130 128 128 121 1
137 130 131 130 133 142 132 138 133 133 139 130 2
131 129 132 134 132 142 131 135 133 130 141 133 3
131 131 125 122 126 137 128 130 129 121 136 127 4
136 129 132 131 135 144 135 138 137 136 138 134 5
138 137 138 136 131 143 138 137 136 134 139 134 6
138 135 133 137 133 141 135 138 138 134 144 134 7
130 122 122 123 125 136 120 126 126 127 131 121 8
131 128 129 129 127 139 130 135 135 132 136 127 9
132 128 127 123 124 134 125 132 133 126 134 123 10
140 135 136 136 136 142 138 137 136 135 140 15000 11
Chip#1
159 140 134 136 133 133 132 137 141 129 130 133 0
128 123 130 130 133 132 106 134 125 127 127 126 1
132 139 138 138 135 140 132 143 141 131 138 130 2
134 135 134 158 138 135 132 142 159 130 137 126 3
134 129 137 175 150 136 106 152 176 140 133 129 4
132 135 130 128 128 128 132 131 136 127 126 121 5
159 146 152 138 145 142 141 146 148 135 138 138 6
132 122 133 127 133 132 132 134 125 125 129 125 7
130 135 129 174 146 125 132 142 164 132 125 126 8
159 141 138 172 157 135 132 151 176 144 137 133 9
130 135 134 132 132 131 132 134 125 125 125 124 10
137 136 133 130 137 135 132 139 125 129 130 15000 11
Chip#2
128 132 123 121 127 127 131 129 133 126 134 123 0
127 128 120 117 128 124 130 124 126 123 125 119 1
130 126 113 119 124 130 127 125 125 123 128 122 2
127 130 117 117 125 125 127 130 130 128 127 123 3
130 128 123 123 129 131 136 135 132 131 129 127 4
125 131 117 117 128 129 129 128 129 123 130 121 5
125 128 123 120 145 127 130 134 130 126 130 122 6
125 132 121 124 131 129 131 128 132 126 130 123 7
133 132 125 127 129 130 133 131 136 131 133 126 8
130 134 123 124 133 130 134 135 135 127 133 125 9
134 138 123 125 132 137 134 138 134 135 133 126 10
138 139 127 125 136 134 134 134 136 130 134 15000 11
Chip#3
131 141 134 132 134 141 136 138 130 136 135 135 0
137 140 138 134 165 142 135 133 133 137 138 137 1
136 139 136 136 137 142 134 136 132 136 142 141 2
132 141 135 134 140 142 136 134 134 136 138 137 3
139 143 135 135 137 141 139 138 136 133 139 139 4
132 140 133 133 137 137 136 134 126 130 131 139 5
138 144 135 133 139 142 141 134 136 138 141 140 6
141 151 143 139 165 147 146 140 139 139 142 141 7
136 140 136 135 144 144 141 135 139 140 139 141 8
137 141 137 135 140 142 141 135 132 135 140 136 9
131 137 132 131 137 138 134 130 131 135 136 132 10
142 141 132 131 137 142 138 134 131 133 140 15000 11
Chip#4
131 134 135 133 132 146 131 137 131 132 141 137 0
137 134 132 133 133 146 136 136 138 136 142 134 1
136 136 138 134 131 141 138 143 142 134 145 136 2
138 135 134 132 131 143 135 136 138 138 133 131 3
132 136 133 132 131 142 132 134 131 128 141 129 4
133 135 134 134 133 143 132 135 135 133 141 131 5
132 137 131 136 131 139 134 135 135 136 138 129 6
137 135 131 131 129 143 131 138 136 134 142 133 7
142 145 142 141 137 152 140 163 149 141 148 137 8
144 138 140 139 137 152 142 163 147 145 145 140 9
143 138 136 136 133 148 133 141 142 138 140 136 10
139 142 138 138 135 149 138 141 144 142 144 15000 11
Chip#1
128 135 130 123 132 132 132 134 125 124 126 124 0
128 123 134 128 129 131 116 131 125 130 128 127 1
134 137 135 131 134 136 132 141 125 132 133 132 2
159 139 152 158 145 141 132 147 164 135 139 137 3
130 136 152 177 153 135 132 149 178 140 133 135 4
131 132 133 136 133 131 132 138 138 130 132 129 5
134 140 137 136 142 138 141 143 141 134 137 138 6
127 124 134 131 134 132 132 134 138 126 133 129 7
139 142 144 188 157 145 132 152 175 140 142 135 8
136 139 142 177 154 135 132 149 171 139 138 137 9
136 134 141 140 139 140 132 142 147 135 138 135 10
134 136 138 136 136 131 132 138 141 129 130 15000 11
Chip#2
133 135 123 123 131 131 134 133 133 132 130 125 0
127 130 117 119 121 125 127 124 126 119 127 121 1
134 137 127 129 132 131 130 133 133 128 136 126 2
125 127 116 121 125 123 126 127 126 120 125 119 3
140 137 125 128 145 133 137 139 140 132 131 126 4
127 131 124 120 129 128 129 128 133 124 130 123 5
123 128 117 117 125 124 127 128 126 124 129 122 6
130 134 120 124 131 129 129 131 130 126 130 121 7
131 138 125 128 132 134 133 134 137 132 135 125 8
130 135 125 123 129 131 129 131 136 130 133 126 9
132 137 124 125 132 137 130 134 130 131 131 127 10
138 144 127 128 133 137 137 133 137 131 133 15000 11
Chip#3
142 146 137 136 140 148 144 139 137 137 143 141 0
142 149 140 137 144 146 144 141 137 141 142 143 1
143 148 141 141 144 148 144 138 140 141 145 138 2
144 149 138 141 145 152 145 141 137 139 144 145 3
138 143 131 136 138 139 138 131 133 136 138 137 4
144 149 144 145 138 148 147 144 144 143 147 148 5
139 141 136 134 140 142 142 136 132 136 139 136 6
137 141 141 139 142 142 138 136 132 135 135 137 7
136 138 134 135 165 141 136 136 132 137 143 135 8
139 144 138 137 145 146 141 138 138 136 143 137 9
143 155 143 143 145 148 145 144 141 144 148 143 10
148 149 143 142 145 152 147 144 143 147 143 15000 11
Chip#4
139 134 135 139 130 148 137 163 142 140 140 134 0
132 130 131 133 132 142 132 137 137 133 142 133 1
142 134 135 140 131 148 136 141 138 136 144 136 2
137 129 134 139 131 143 136 141 137 133 138 135 3
137 137 132 134 133 146 136 140 139 133 137 133 4
134 134 133 137 131 153 130 138 136 135 143 131 5
136 136 135 133 136 151 137 141 142 138 142 136 6
134 134 133 134 130 144 133 163 138 130 136 135 7
142 136 135 138 133 149 137 163 146 135 136 136 8
144 131 138 140 135 153 133 147 143 139 139 135 9
141 133 134 136 132 147 132 140 138 138 141 136 10
138 135 131 136 132 143 136 163 142 134 142 15000 11
