Chipdp
165 1 12 48 48 48 48 48 48 48 48 48 48 48 48 65 83 81 82 77 49 54 52 49 57 50 51 49 48 52 48 54 51 53 50 0 208 4 16 1 0 0 0 0 4 1 7 2 7 1 8 2 8 4 4 7 5 7 4 8 5 8 4 7 7 8 7 7 8 8 8 4 10 7 11 7 10 8 11 8 4 1 10 2 10 1 11 2 11 4 4 10 5 10 4 11 5 11 4 7 10 8 10 7 11 8 11 4 10 10 11 10 10 11 11 11 4 1 4 2 4 1 5 2 5 4 4 4 5 4 4 5 5 5 4 7 4 8 4 7 5 8 5 4 10 4 11 4 10 5 11 5 4 1 1 2 1 1 2 2 2 4 4 1 5 1 4 2 5 2 4 7 1 8 1 7 2 8 2 4 10 1 11 1 10 2 11 2 4 1 7 2 7 1 8 2 8 4 4 7 5 7 4 8 5 8 4 7 7 8 7 7 8 8 8 4 10 7 11 7 10 8 11 8 4 1 10 2 10 1 11 2 11 4 4 10 5 10 4 11 5 11 4 7 10 8 10 7 11 8 11 4 10 10 11 10 10 11 11 11 4 1 4 2 4 1 5 2 5 4 4 4 5 4 4 5 5 5 4 7 4 8 4 7 5 8 5 4 10 4 11 4 10 5 11 5 4 1 1 2 1 1 2 2 2 4 4 1 5 1 4 2 5 2 4 7 1 8 1 7 2 8 2 4 10 1 11 1 10 2 11 2 4 7 1 8 1 7 2 8 2 4 7 4 8 4 7 5 8 5 4 7 7 8 7 7 8 8 8 4 7 10 8 10 7 11 8 11 4 10 1 11 1 10 2 11 2 4 10 4 11 4 10 5 11 5 4 10 7 11 7 10 8 11 8 4 10 10 11 10 10 11 11 11 4 4 1 5 1 4 2 5 2 4 4 4 5 4 4 5 5 5 4 4 7 5 7 4 8 5 8 4 4 10 5 10 4 11 5 11 4 1 1 2 1 1 2 2 2 4 1 4 2 4 1 5 2 5 4 1 7 2 7 1 8 2 8 4 1 10 2 10 1 11 2 11 4 7 0 8 0 7 1 8 1 4 7 3 8 3 7 4 8 4 4 7 6 8 6 7 7 8 7 4 7 9 8 9 7 10 8 10 4 10 0 11 0 10 1 11 1 4 10 3 11 3 10 4 11 4 4 10 6 11 6 10 7 11 7 4 10 9 11 9 10 10 11 10 4 4 0 5 0 4 1 5 1 4 4 3 5 3 4 4 5 4 4 4 6 5 6 4 7 5 7 4 4 9 5 9 4 10 5 10 4 1 0 2 0 1 1 2 1 4 1 3 2 3 1 4 2 4 4 1 6 2 6 1 7 2 7 4 1 9 2 9 1 10 2 10 
Chip#1
126 128 126 120 118 125 119 122 122 131 121 126 0
111 357 518 120 682 604 111 513 272 113 586 234 1
116 496 675 117 788 667 114 476 266 111 763 305 2
117 124 128 122 124 121 122 128 122 122 124 123 3
104 600 768 116 762 678 110 871 578 121 956 482 4
114 585 724 111 707 607 108 744 503 118 881 436 5
117 119 120 113 127 125 111 136 113 114 126 113 6
114 657 838 116 895 761 115 950 657 110 989 507 7
116 534 699 119 737 641 112 770 527 115 779 404 8
114 126 129 113 131 125 115 137 121 119 125 119 9
125 553 709 126 729 672 121 782 531 127 807 400 10
129 372 525 119 584 566 122 607 420 121 526 250 15000 11
Chip#2
101 109 99 113 105 110 104 110 110 105 105 105 0
109 198 236 122 330 393 111 194 199 114 310 252 1
101 182 203 115 287 330 108 180 184 114 348 284 2
98 105 97 102 107 103 103 113 109 101 103 107 3
99 345 411 108 359 387 104 348 374 105 391 289 4
99 246 267 111 279 291 101 301 331 106 346 271 5
103 104 99 106 108 106 102 105 107 101 103 102 6
110 354 431 119 453 392 109 418 364 113 445 304 7
106 230 259 113 293 271 109 327 277 108 319 211 8
97 106 100 111 108 106 105 114 113 109 106 103 9
98 400 436 112 457 366 104 435 353 109 475 235 10
104 182 187 118 245 211 105 263 217 110 281 161 15000 11
