Chip#1
162 232 255 140 230 160 136 218 124 132 139 332 0
162 230 255 140 226 158 136 250 121 132 139 329 1
162 235 255 140 230 163 136 251 124 132 139 331 2
162 239 263 396 271 165 136 336 287 132 139 337 3
162 233 255 228 281 157 136 337 256 132 139 325 4
162 235 255 140 234 163 136 249 126 132 139 331 5
162 233 255 140 231 159 136 218 120 132 139 330 6
162 231 255 180 241 159 136 352 340 132 139 327 7
162 237 255 260 345 166 136 730 388 132 139 332 8
162 230 255 140 225 156 136 259 76 132 139 325 9
162 228 255 140 226 158 136 243 117 132 139 329 10
162 231 255 140 227 159 136 218 119 116 139 15000 11
Chip#2
112 0 0 0 30 0 0 90 3 11 0 0 0
112 0 0 0 14 0 0 0 2 8 0 0 1
116 0 0 0 30 0 0 91 7 17 0 0 2
111 0 0 0 46 0 0 87 13 17 0 0 3
113 0 0 0 46 0 0 87 14 34 0 0 4
109 0 0 0 30 0 0 86 0 10 0 0 5
111 0 0 0 30 0 0 86 0 7 0 0 6
104 0 0 0 30 0 0 82 9 6 0 0 7
112 0 0 0 46 0 0 89 53 59 0 0 8
115 0 0 0 46 0 0 87 7 20 0 0 9
112 0 0 0 30 0 0 86 0 7 0 0 10
107 0 0 0 30 0 0 86 0 8 0 15000 11
