Chip#1
162 247 279 148 297 201 136 263 177 148 139 343 0
162 238 279 140 297 165 136 257 132 148 139 332 1
162 239 263 148 297 163 136 252 132 148 139 334 2
162 244 279 756 402 200 136 450 377 148 139 340 3
162 233 279 436 297 189 136 368 307 164 139 332 4
162 245 279 148 297 166 136 255 132 148 139 341 5
162 243 279 148 297 166 136 255 132 148 139 338 6
162 233 279 196 313 154 136 283 218 148 139 328 7
162 247 279 244 345 195 136 376 256 164 139 344 8
162 231 263 148 281 155 136 251 125 148 139 328 9
162 243 263 140 297 166 136 257 125 148 139 339 10
162 239 279 148 297 186 136 252 126 164 139 15000 11
Chip#2
123 0 0 0 46 0 15 85 16 20 0 0 0
122 0 0 0 46 0 15 83 14 20 0 0 1
122 0 0 0 46 0 0 87 15 21 0 0 2
122 0 0 0 182 0 15 86 29 43 0 0 3
118 0 0 0 182 0 15 85 36 58 0 0 4
117 0 0 0 46 0 15 87 10 15 0 0 5
116 0 0 0 46 0 15 79 10 17 0 0 6
118 0 0 0 46 0 15 80 16 19 0 0 7
113 0 0 0 139 0 15 83 28 29 0 0 8
121 0 0 0 46 0 31 87 19 27 0 0 9
116 0 0 0 46 0 15 80 9 10 0 0 10
122 0 0 0 140 0 15 92 15 23 0 15000 11
Chip#1
162 239 263 140 231 156 136 248 123 148 139 335 0
162 236 279 148 297 159 136 252 124 148 139 333 1
162 242 279 148 297 190 136 257 124 164 139 337 2
162 237 279 756 393 158 136 443 369 148 139 330 3
162 229 263 436 281 156 136 363 304 148 139 329 4
162 244 279 148 297 195 136 260 132 148 139 340 5
162 233 279 148 297 159 136 251 125 148 139 330 6
162 231 263 196 246 158 136 290 220 148 139 331 7
162 234 263 244 329 157 136 381 249 132 139 330 8
162 243 279 148 297 159 136 256 132 164 139 334 9
162 238 263 148 297 161 136 252 124 148 139 334 10
162 231 263 148 281 155 136 253 120 148 139 15000 11
Chip#2
114 0 0 0 46 0 15 77 5 12 0 0 0
119 0 0 0 132 0 31 87 13 20 0 0 1
117 0 0 0 46 0 15 87 9 17 0 0 2
116 0 0 0 182 0 15 85 26 38 0 0 3
117 0 0 0 182 0 15 85 32 51 0 0 4
120 0 0 0 46 0 15 83 6 17 0 0 5
110 0 0 0 46 0 15 79 7 11 0 0 6
115 0 0 0 46 0 0 80 10 14 0 0 7
117 0 0 0 148 0 0 89 34 38 0 0 8
116 0 0 0 46 0 15 84 14 20 0 0 9
111 0 0 0 46 0 15 83 12 9 0 0 10
120 0 0 0 46 0 15 92 8 21 0 15000 11
