Chipdp
84 2 82 2 16 6 4 10 6 11 6 10 7 11 7 4 7 6 8 6 7 7 8 7 4 4 6 5 6 4 7 5 7 4 1 6 2 6 1 7 2 7 4 10 9 11 9 10 10 11 10 4 7 9 8 9 7 10 8 10 4 4 9 5 9 4 10 5 10 4 1 9 2 9 1 10 2 10 4 10 3 11 3 10 4 11 4 4 7 3 8 3 7 4 8 4 4 4 3 5 3 4 4 5 4 4 1 3 2 3 1 4 2 4 4 10 0 11 0 10 1 11 1 4 7 0 8 0 7 1 8 1 4 4 0 5 0 4 1 5 1 4 1 0 2 0 1 1 2 1 4 10 6 11 6 10 7 11 7 4 7 6 8 6 7 7 8 7 4 4 6 5 6 4 7 5 7 4 1 6 2 6 1 7 2 7 4 10 9 11 9 10 10 11 10 4 7 9 8 9 7 10 8 10 4 4 9 5 9 4 10 5 10 4 1 9 2 9 1 10 2 10 4 10 3 11 3 10 4 11 4 4 7 3 8 3 7 4 8 4 4 4 3 5 3 4 4 5 4 4 1 3 2 3 1 4 2 4 4 10 0 11 0 10 1 11 1 4 7 0 8 0 7 1 8 1 4 4 0 5 0 4 1 5 1 4 1 0 2 0 1 1 2 1 
Chip#1
132 106 110 109 118 109 130 125 110 110 131 105 0 0 128 75 66
153 140 129 203 217 168 409 415 139 142 147 113 1 0 0 0 0
139 135 124 191 215 168 407 392 164 143 163 106 2 0 0 0 0
108 106 110 122 130 112 178 182 108 112 107 102 3 0 0 0 0
156 137 121 200 208 184 814 785 180 140 147 103 4 0 0 0 0
152 130 117 187 199 168 828 805 164 140 131 101 5 0 0 0 0
138 124 116 117 122 121 175 177 114 150 163 109 6 0 0 0 0
218 211 128 144 140 122 151 178 180 668 605 137 7 0 0 0 0
195 187 117 140 140 117 153 178 180 697 643 140 8 0 0 0 0
143 134 116 116 113 112 119 115 115 241 201 105 9 0 0 0 0
218 217 135 132 132 119 157 159 228 687 526 119 10 0 0 0 0
205 192 128 133 133 119 158 159 212 678 566 15000 11 0 0 0 0
Chip#2
112 99 102 98 103 98 98 98 98 104 102 104 0 0 128 75 66
112 102 106 103 109 106 217 222 98 108 102 100 1 0 0 0 0
128 112 108 115 122 113 412 376 98 114 110 105 2 0 0 0 0
112 109 108 107 110 115 133 126 98 109 103 108 3 0 0 0 0
128 108 107 110 118 111 761 841 98 117 110 104 4 0 0 0 0
112 109 106 113 123 120 895 958 94 113 106 103 5 0 0 0 0
112 101 103 104 108 105 116 114 94 129 120 103 6 0 0 0 0
112 118 104 102 106 105 107 102 108 912 738 107 7 0 0 0 0
112 113 102 102 109 102 107 103 108 581 463 103 8 0 0 0 0
112 105 108 103 101 110 103 104 108 240 165 107 9 0 0 0 0
128 125 110 105 110 110 114 108 145 1294 855 112 10 0 0 0 0
112 111 106 95 106 104 105 101 88 510 374 15000 11 0 0 0 0
Chip#1
105 108 112 115 116 107 127 125 110 107 107 106 0 0 0 83 66
140 129 121 192 205 140 392 382 132 134 147 111 1 0 0 0 0
135 128 120 187 207 143 390 380 132 137 147 108 2 0 0 0 0
132 112 117 127 134 120 180 184 115 115 131 107 3 0 0 0 0
153 137 124 198 206 184 794 768 164 132 131 109 4 0 0 0 0
147 132 122 185 195 184 817 791 180 141 147 108 5 0 0 0 0
137 120 119 116 125 120 169 191 118 147 147 107 6 0 0 0 0
208 200 125 138 135 115 143 159 180 644 578 130 7 0 0 0 0
194 178 122 128 132 112 148 132 196 669 635 140 8 0 0 0 0
143 129 117 115 116 114 116 116 120 243 203 113 9 0 0 0 0
214 208 136 133 131 120 154 159 228 674 518 125 10 0 0 0 0
196 185 133 125 131 123 157 159 212 657 553 15000 11 0 0 0 0
Chip#2
112 101 104 100 99 103 103 96 88 107 104 108 0 0 0 83 66
112 107 109 108 113 110 222 224 88 114 106 112 1 0 0 0 0
112 101 106 109 118 108 399 370 88 109 105 102 2 0 0 0 0
112 107 106 105 106 109 134 129 88 106 102 112 3 0 0 0 0
128 112 108 110 119 114 760 839 96 113 108 112 4 0 0 0 0
112 109 106 110 123 116 889 953 96 108 106 108 5 0 0 0 0
128 101 102 104 110 111 112 109 96 129 119 107 6 0 0 0 0
112 119 109 110 114 109 112 114 116 908 738 115 7 0 0 0 0
112 119 106 108 111 108 111 106 116 583 465 112 8 0 0 0 0
128 108 112 109 114 114 111 109 116 245 171 115 9 0 0 0 0
128 126 108 103 109 105 111 106 148 1282 854 110 10 0 0 0 0
128 120 114 104 109 105 110 104 97 516 379 15000 11 0 0 0 0
Chip#1
112 117 119 118 120 116 132 129 115 114 131 108 0 0 128 87 66
146 144 133 199 215 168 404 392 136 143 147 114 1 0 0 0 0
135 135 119 190 208 168 399 381 164 141 163 103 2 0 0 0 0
113 114 120 125 130 117 185 183 115 117 115 108 3 0 0 0 0
155 142 119 228 205 184 791 764 180 129 147 103 4 0 0 0 0
150 130 122 182 199 184 817 792 180 134 147 103 5 0 0 0 0
135 123 117 115 118 119 178 175 119 148 147 108 6 0 0 0 0
215 207 128 139 139 115 152 159 180 652 584 133 7 0 0 0 0
194 186 117 136 134 113 149 159 180 672 643 139 8 0 0 0 0
139 135 121 112 115 113 122 111 117 236 201 112 9 0 0 0 0
219 217 136 132 130 119 157 159 228 675 522 124 10 0 0 0 0
194 181 124 122 124 116 157 159 228 654 549 15000 11 0 0 0 0
Chip#2
84 101 102 99 98 102 96 96 72 99 99 98 0 0 128 87 66
112 108 107 103 114 106 212 219 88 108 103 113 1 0 0 0 0
112 106 103 109 121 106 399 369 88 105 102 103 2 0 0 0 0
112 111 107 107 109 110 134 127 88 109 103 110 3 0 0 0 0
128 109 108 111 115 114 754 831 137 109 111 105 4 0 0 0 0
112 112 102 109 120 116 880 946 137 111 105 107 5 0 0 0 0
112 111 108 112 114 111 116 110 88 129 117 112 6 0 0 0 0
112 123 107 109 113 113 112 107 109 908 727 114 7 0 0 0 0
128 117 103 108 110 106 111 102 93 581 464 109 8 0 0 0 0
128 105 104 102 109 106 104 99 93 235 160 108 9 0 0 0 0
112 125 110 109 108 109 112 110 144 1275 848 116 10 0 0 0 0
112 112 102 100 104 102 100 96 88 505 372 15000 11 0 0 0 0
Chip#1
104 102 105 111 111 109 128 125 103 102 104 100 0 0 192 89 66
143 136 124 200 213 168 395 391 132 138 147 106 1 0 0 0 0
141 139 126 198 219 147 406 388 141 148 147 117 2 0 0 0 0
112 110 111 123 130 116 181 178 114 115 131 103 3 0 0 0 0
158 146 124 210 206 184 793 765 180 137 131 112 4 0 0 0 0
149 134 122 188 198 184 805 782 180 140 147 103 5 0 0 0 0
132 119 114 113 119 117 167 175 115 143 147 103 6 0 0 0 0
214 206 129 145 139 119 149 159 180 646 580 128 7 0 0 0 0
196 181 119 136 135 113 151 159 180 675 635 140 8 0 0 0 0
144 128 124 116 116 114 122 112 120 239 199 109 9 0 0 0 0
218 215 134 135 133 116 157 159 228 670 517 121 10 0 0 0 0
201 185 121 125 128 115 154 159 212 645 548 15000 11 0 0 0 0
Chip#2
112 107 108 100 106 106 105 102 99 109 106 110 0 0 192 89 66
112 107 103 103 108 105 216 222 99 112 104 108 1 0 0 0 0
112 109 104 110 118 105 397 370 100 108 108 103 2 0 0 0 0
112 102 107 102 103 110 133 129 99 108 103 108 3 0 0 0 0
112 104 106 104 113 113 749 829 99 111 106 104 4 0 0 0 0
112 111 109 113 120 121 881 949 96 113 109 110 5 0 0 0 0
88 104 110 108 109 114 115 110 95 131 119 107 6 0 0 0 0
128 115 104 100 105 106 111 104 110 897 736 109 7 0 0 0 0
128 117 112 108 115 110 112 108 100 578 471 108 8 0 0 0 0
112 106 102 103 105 108 110 102 99 241 162 109 9 0 0 0 0
128 121 109 102 109 108 110 106 143 1271 845 108 10 0 0 0 0
112 113 107 103 108 100 105 102 88 505 374 15000 11 0 0 0 0
Chip#1
132 107 111 119 121 113 126 129 112 114 109 102 0 0 0 91 66
140 129 120 190 206 135 393 382 126 133 147 106 1 0 0 0 0
133 130 114 184 210 140 395 374 128 137 147 100 2 0 0 0 0
106 106 114 123 128 114 176 183 108 112 131 106 3 0 0 0 0
157 139 119 199 201 168 777 749 164 134 131 103 4 0 0 0 0
151 137 121 182 195 168 804 776 180 141 147 105 5 0 0 0 0
134 121 116 116 122 117 170 175 114 146 147 107 6 0 0 0 0
218 211 129 142 164 121 152 159 180 648 577 137 7 0 0 0 0
201 190 126 141 143 122 153 159 196 677 635 145 8 0 0 0 0
140 128 112 112 113 109 120 109 116 229 198 105 9 0 0 0 0
212 213 133 132 130 116 161 159 228 667 514 126 10 0 0 0 0
195 189 123 125 122 116 157 175 212 643 540 15000 11 0 0 0 0
Chip#2
89 108 110 102 114 108 111 104 88 109 106 108 0 0 128 91 66
128 106 109 105 113 108 217 219 144 106 109 109 1 0 0 0 0
112 107 109 113 126 114 401 369 144 113 108 107 2 0 0 0 0
112 100 103 102 105 106 128 124 88 104 99 104 3 0 0 0 0
128 100 106 103 118 111 747 828 144 108 102 98 4 0 0 0 0
112 108 109 109 123 115 872 946 88 107 103 102 5 0 0 0 0
112 111 114 108 116 117 116 114 88 131 128 109 6 0 0 0 0
112 117 108 103 109 105 104 103 106 896 717 105 7 0 0 0 0
128 115 109 105 109 113 107 99 106 575 459 108 8 0 0 0 0
112 105 108 102 105 106 106 98 106 232 158 100 9 0 0 0 0
112 120 112 102 108 104 106 104 140 1264 838 108 10 0 0 0 0
112 113 108 103 103 105 102 98 88 504 374 15000 11 0 0 0 0
Chip#1
132 108 114 115 122 107 132 124 113 115 131 107 0 0 0 92 66
135 132 117 187 204 138 392 381 126 136 147 101 1 0 0 0 0
141 138 121 188 213 143 397 383 131 142 147 108 2 0 0 0 0
110 107 112 119 128 114 180 178 108 112 109 105 3 0 0 0 0
155 139 122 200 204 168 774 748 164 132 131 101 4 0 0 0 0
149 132 119 184 192 184 794 768 180 142 147 101 5 0 0 0 0
133 119 116 115 118 114 168 175 112 146 147 102 6 0 0 0 0
215 200 125 135 132 112 147 135 180 637 573 128 7 0 0 0 0
197 187 128 142 141 117 156 159 180 674 635 144 8 0 0 0 0
138 129 116 110 113 113 115 109 113 229 197 105 9 0 0 0 0
214 208 129 123 127 112 157 137 212 660 507 117 10 0 0 0 0
199 186 126 125 128 116 163 159 212 644 544 15000 11 0 0 0 0
Chip#2
112 107 108 104 106 105 103 100 95 108 106 109 0 0 0 92 66
128 107 103 104 109 106 210 218 96 104 103 105 1 0 0 0 0
112 107 98 110 119 105 396 361 95 107 105 98 2 0 0 0 0
112 99 104 100 100 105 125 123 95 102 100 102 3 0 0 0 0
112 107 107 109 115 114 754 829 96 109 109 105 4 0 0 0 0
128 112 109 115 119 120 880 946 96 109 108 107 5 0 0 0 0
128 106 113 107 111 115 115 109 96 128 127 110 6 0 0 0 0
112 124 110 109 114 117 115 109 113 900 717 110 7 0 0 0 0
112 118 108 108 108 109 111 101 98 579 464 109 8 0 0 0 0
128 109 113 104 109 113 105 106 98 238 166 112 9 0 0 0 0
112 123 108 99 104 104 107 104 143 1261 838 110 10 0 0 0 0
112 119 109 104 104 103 105 97 143 500 373 15000 11 0 0 0 0
Chip#1
98 104 106 106 108 101 122 118 104 102 99 99 0 0 0 93 66
145 135 124 191 208 139 389 387 131 141 131 106 1 0 0 0 0
133 131 119 184 212 135 388 378 128 138 147 100 2 0 0 0 0
115 109 116 122 133 120 178 183 112 114 112 106 3 0 0 0 0
158 138 120 202 202 168 776 747 164 134 131 107 4 0 0 0 0
163 142 126 192 207 184 803 785 180 148 147 114 5 0 0 0 0
115 116 112 112 115 114 163 159 113 141 131 100 6 0 0 0 0
219 206 129 141 139 119 149 159 180 644 576 133 7 0 0 0 0
196 189 125 138 137 113 152 159 180 669 630 139 8 0 0 0 0
147 134 119 118 122 114 117 114 120 238 197 112 9 0 0 0 0
219 214 139 133 134 122 158 175 228 666 509 126 10 0 0 0 0
196 185 125 124 126 111 157 159 212 645 542 15000 11 0 0 0 0
Chip#2
112 107 107 107 105 110 105 104 88 111 110 112 0 0 0 93 66
112 103 107 104 109 104 216 217 88 107 106 108 1 0 0 0 0
112 114 112 112 125 115 401 367 88 117 108 108 2 0 0 0 0
128 103 106 103 105 108 132 123 143 105 105 108 3 0 0 0 0
112 112 109 110 119 119 750 829 143 113 110 107 4 0 0 0 0
112 112 110 119 125 117 876 946 96 111 110 108 5 0 0 0 0
112 104 104 104 109 106 109 106 95 124 115 105 6 0 0 0 0
128 115 106 107 110 105 110 110 112 899 714 105 7 0 0 0 0
112 118 107 107 111 114 111 108 97 576 465 109 8 0 0 0 0
112 106 109 107 108 110 105 104 97 240 168 110 9 0 0 0 0
112 119 101 104 100 103 103 102 137 1256 837 110 10 0 0 0 0
112 117 107 104 106 106 105 103 137 508 377 15000 11 0 0 0 0
Chip#1
115 116 117 122 119 116 130 131 119 114 111 115 0 0 0 94 66
139 131 114 187 204 133 383 376 122 129 147 100 1 0 0 0 0
141 136 124 190 214 138 397 385 136 145 147 112 2 0 0 0 0
109 105 110 122 122 116 174 178 108 114 110 105 3 0 0 0 0
158 142 120 199 200 168 770 744 164 133 131 101 4 0 0 0 0
153 138 125 190 201 184 794 777 180 143 147 113 5 0 0 0 0
133 120 116 121 120 120 168 175 114 148 147 108 6 0 0 0 0
219 209 128 144 164 122 152 175 196 642 577 135 7 0 0 0 0
199 187 122 136 137 119 159 159 180 662 630 140 8 0 0 0 0
141 130 116 115 120 113 120 111 119 233 197 107 9 0 0 0 0
219 213 131 123 126 112 158 159 212 655 506 115 10 0 0 0 0
195 186 121 118 119 113 153 159 196 638 532 15000 11 0 0 0 0
Chip#2
112 102 103 99 95 103 101 97 88 105 102 100 0 0 0 94 66
128 102 103 104 105 99 214 214 141 107 105 108 1 0 0 0 0
112 109 109 112 121 111 404 372 88 109 112 109 2 0 0 0 0
128 107 103 105 106 110 133 122 141 106 104 107 3 0 0 0 0
112 109 110 109 118 116 750 823 141 111 109 107 4 0 0 0 0
112 107 103 108 115 117 876 930 88 106 108 103 5 0 0 0 0
112 107 109 104 110 116 119 109 88 127 120 109 6 0 0 0 0
128 123 110 108 113 115 118 113 110 903 715 114 7 0 0 0 0
128 120 114 105 115 115 118 104 100 582 461 112 8 0 0 0 0
128 114 107 109 109 117 113 108 98 240 174 114 9 0 0 0 0
112 119 107 102 104 103 106 102 135 1258 835 109 10 0 0 0 0
128 111 100 93 101 100 98 96 134 499 365 15000 11 0 0 0 0
Chip#1
104 101 106 107 111 107 124 124 106 108 101 101 0 0 64 95 66
141 130 120 187 201 138 381 377 132 131 131 102 1 0 0 0 0
134 130 121 212 207 168 384 372 132 142 147 105 2 0 0 0 0
132 112 121 128 130 117 177 188 114 117 131 112 3 0 0 0 0
158 142 128 203 202 184 770 748 180 138 147 113 4 0 0 0 0
146 128 115 175 186 184 776 755 180 133 147 106 5 0 0 0 0
139 122 120 121 120 123 168 175 118 147 147 113 6 0 0 0 0
214 201 130 141 141 122 151 159 180 625 565 137 7 0 0 0 0
201 191 133 142 145 125 159 159 180 663 628 151 8 0 0 0 0
141 125 117 117 113 114 120 112 121 233 196 108 9 0 0 0 0
215 206 139 132 134 119 158 159 228 650 501 127 10 0 0 0 0
193 178 122 122 121 114 153 159 212 625 531 15000 11 0 0 0 0
Chip#2
112 104 101 105 99 102 102 100 88 104 104 104 0 0 64 95 66
128 105 100 98 103 100 211 214 88 100 102 101 1 0 0 0 0
112 110 102 114 118 109 396 363 88 109 109 104 2 0 0 0 0
112 107 109 107 109 109 129 127 88 108 108 107 3 0 0 0 0
112 105 104 105 114 110 747 824 88 107 108 104 4 0 0 0 0
112 114 110 114 124 119 875 930 88 112 110 110 5 0 0 0 0
112 101 103 100 104 104 115 110 88 124 119 100 6 0 0 0 0
112 119 107 112 110 108 115 108 109 892 714 104 7 0 0 0 0
112 112 104 98 99 99 101 100 109 565 452 97 8 0 0 0 0
128 112 108 108 113 114 114 107 109 238 166 113 9 0 0 0 0
112 123 112 104 108 102 107 107 140 1251 832 112 10 0 0 0 0
112 114 107 104 105 102 103 100 140 503 372 15000 11 0 0 0 0
Chip#1
108 106 110 115 114 111 128 124 106 105 106 103 0 0 128 96 66
146 132 122 194 210 138 390 385 129 137 131 106 1 0 0 0 0
139 135 124 191 214 147 397 378 135 150 147 111 2 0 0 0 0
112 102 117 124 132 115 180 182 109 112 106 111 3 0 0 0 0
157 140 124 204 205 184 765 744 180 138 147 106 4 0 0 0 0
152 135 122 186 199 168 787 764 180 138 131 108 5 0 0 0 0
117 122 115 116 115 117 164 175 115 147 131 103 6 0 0 0 0
220 212 134 141 164 121 154 159 180 638 573 137 7 0 0 0 0
197 186 131 142 164 120 156 159 196 665 634 140 8 0 0 0 0
144 125 120 115 115 115 122 112 116 238 194 106 9 0 0 0 0
215 212 131 128 128 113 154 159 228 651 506 124 10 0 0 0 0
203 190 129 132 132 123 167 175 212 649 545 15000 11 0 0 0 0
Chip#2
112 101 102 99 101 103 101 100 88 104 102 104 0 0 128 96 66
128 101 101 102 108 104 214 219 144 104 105 105 1 0 0 0 0
112 112 106 113 121 109 401 369 88 108 111 107 2 0 0 0 0
112 99 101 97 101 100 121 125 88 101 96 100 3 0 0 0 0
112 113 107 108 121 119 746 825 97 113 109 110 4 0 0 0 0
112 113 104 111 122 117 872 946 97 109 109 104 5 0 0 0 0
112 105 103 102 103 111 111 113 97 125 121 107 6 0 0 0 0
112 119 102 105 110 111 114 110 108 889 727 109 7 0 0 0 0
128 113 108 104 111 110 110 108 108 572 465 107 8 0 0 0 0
112 110 107 104 106 117 111 107 94 240 167 112 9 0 0 0 0
112 120 103 102 106 104 103 104 137 1249 832 109 10 0 0 0 0
112 118 110 105 111 108 110 102 137 505 377 15000 11 0 0 0 0
Chip#1
132 112 111 113 119 106 125 122 107 104 131 102 0 0 128 97 66
147 135 126 191 210 141 388 386 132 136 131 105 1 0 0 0 0
145 142 128 199 215 168 401 384 164 150 163 111 2 0 0 0 0
116 110 116 125 137 117 180 181 114 115 114 109 3 0 0 0 0
151 139 117 198 199 184 762 735 164 132 131 103 4 0 0 0 0
156 138 128 190 204 184 791 767 180 146 147 109 5 0 0 0 0
139 122 119 115 121 112 170 175 115 151 147 111 6 0 0 0 0
213 206 126 132 138 114 144 132 164 630 565 134 7 0 0 0 0
197 190 124 140 164 121 159 159 180 665 628 145 8 0 0 0 0
140 131 112 111 115 111 116 110 114 231 193 107 9 0 0 0 0
224 218 139 135 138 123 164 175 228 659 512 128 10 0 0 0 0
199 184 126 128 126 115 161 159 196 640 538 15000 11 0 0 0 0
Chip#2
112 105 103 100 95 97 102 95 88 102 97 105 0 0 128 97 66
112 107 101 103 109 105 208 217 88 104 102 108 1 0 0 0 0
112 109 104 110 120 108 395 369 88 106 106 105 2 0 0 0 0
112 106 104 99 105 108 129 124 88 108 97 105 3 0 0 0 0
112 105 100 107 110 108 746 822 145 104 104 103 4 0 0 0 0
128 107 103 108 118 116 868 946 145 105 100 107 5 0 0 0 0
128 111 107 104 114 116 112 112 145 129 122 110 6 0 0 0 0
112 115 100 99 104 108 109 107 108 886 711 105 7 0 0 0 0
128 120 112 108 114 113 111 107 98 576 461 108 8 0 0 0 0
112 108 107 105 106 108 107 106 98 236 163 109 9 0 0 0 0
112 124 107 99 103 105 110 103 139 1248 827 108 10 0 0 0 0
128 115 107 99 103 104 101 103 139 498 371 15000 11 0 0 0 0
Chip#1
132 109 115 115 120 111 128 159 112 114 131 106 0 0 64 98 66
143 128 122 190 200 132 387 378 126 132 147 103 1 0 0 0 0
140 134 124 194 211 168 395 375 134 145 163 107 2 0 0 0 0
110 109 108 122 125 113 172 180 109 118 111 106 3 0 0 0 0
163 142 122 205 204 168 765 734 180 138 147 108 4 0 0 0 0
153 132 120 185 196 184 784 758 180 136 147 107 5 0 0 0 0
140 123 116 122 119 121 165 175 118 152 147 108 6 0 0 0 0
218 207 130 141 164 114 152 159 180 639 576 143 7 0 0 0 0
199 182 121 141 134 117 149 159 180 662 623 140 8 0 0 0 0
146 128 116 117 114 116 119 114 115 233 197 105 9 0 0 0 0
219 214 131 135 132 115 158 175 228 659 507 126 10 0 0 0 0
205 189 129 135 128 125 159 159 212 648 544 15000 11 0 0 0 0
Chip#2
112 106 107 102 108 113 105 107 88 111 108 112 0 0 64 98 66
128 109 102 108 114 109 217 223 141 109 111 113 1 0 0 0 0
112 107 104 103 115 104 392 364 88 106 106 100 2 0 0 0 0
112 105 106 104 108 106 133 129 88 108 99 109 3 0 0 0 0
112 106 104 107 113 114 739 828 141 113 103 107 4 0 0 0 0
112 112 108 118 128 121 874 946 98 115 112 112 5 0 0 0 0
112 109 110 109 114 111 114 115 98 134 123 110 6 0 0 0 0
112 120 110 105 108 111 111 106 112 888 708 110 7 0 0 0 0
128 120 108 110 115 116 116 113 100 578 461 114 8 0 0 0 0
112 112 110 107 110 113 112 104 97 240 168 115 9 0 0 0 0
128 123 110 102 110 106 109 110 140 1246 831 115 10 0 0 0 0
112 118 113 104 108 108 109 104 140 505 373 15000 11 0 0 0 0
Chip#1
108 102 107 111 116 109 126 124 108 105 104 102 0 0 128 99 66
144 129 121 193 206 136 385 387 128 134 147 111 1 0 0 0 0
139 130 119 191 213 168 390 377 129 145 147 107 2 0 0 0 0
111 107 111 125 128 114 177 183 112 115 107 105 3 0 0 0 0
160 142 128 204 207 184 763 738 180 138 147 109 4 0 0 0 0
156 131 119 185 196 168 781 762 180 142 147 109 5 0 0 0 0
134 123 114 122 118 117 170 175 116 151 147 109 6 0 0 0 0
215 208 129 145 164 117 151 159 180 633 576 137 7 0 0 0 0
199 180 121 140 138 120 153 159 180 655 620 145 8 0 0 0 0
146 132 119 118 120 121 121 118 123 238 199 117 9 0 0 0 0
215 209 133 127 127 119 153 159 212 648 500 120 10 0 0 0 0
189 181 114 121 117 105 144 159 212 625 522 15000 11 0 0 0 0
Chip#2
128 96 103 97 104 102 102 92 143 99 98 99 0 0 128 99 66
128 112 108 108 115 105 216 222 143 105 112 109 1 0 0 0 0
128 114 114 114 122 114 399 368 143 113 111 104 2 0 0 0 0
112 106 104 102 106 106 129 121 88 106 104 104 3 0 0 0 0
112 106 103 109 118 111 740 816 97 108 105 107 4 0 0 0 0
112 103 103 105 116 114 863 930 97 104 99 100 5 0 0 0 0
112 106 110 104 111 113 116 109 97 128 121 109 6 0 0 0 0
112 115 107 103 108 106 107 107 109 885 711 105 7 0 0 0 0
128 114 108 104 109 113 114 106 97 575 456 110 8 0 0 0 0
112 99 102 99 104 105 105 97 97 230 157 102 9 0 0 0 0
128 125 112 103 108 110 109 106 143 1245 831 112 10 0 0 0 0
112 117 108 103 101 103 103 98 88 500 371 15000 11 0 0 0 0
Chip#1
109 106 112 110 117 112 127 122 109 109 109 105 0 0 0 101 66
146 131 122 187 201 139 373 371 126 137 131 105 1 0 0 0 0
138 127 120 182 200 168 382 367 132 141 147 106 2 0 0 0 0
113 110 116 128 131 114 179 182 115 117 111 107 3 0 0 0 0
151 138 124 197 200 184 753 725 164 131 131 108 4 0 0 0 0
150 134 116 178 188 184 773 750 180 137 147 108 5 0 0 0 0
134 115 108 113 119 113 163 159 114 142 147 105 6 0 0 0 0
213 204 129 144 164 124 148 159 180 619 560 135 7 0 0 0 0
193 185 122 138 135 120 149 138 180 649 613 146 8 0 0 0 0
143 131 116 117 116 113 124 114 119 234 198 112 9 0 0 0 0
211 212 128 132 131 119 151 159 212 643 499 124 10 0 0 0 0
196 180 125 127 124 114 151 159 212 624 531 15000 11 0 0 0 0
Chip#2
112 105 101 100 103 105 105 98 98 105 100 107 0 0 64 101 66
128 111 113 107 113 113 220 220 98 111 110 113 1 0 0 0 0
112 111 106 109 116 105 395 364 98 109 104 104 2 0 0 0 0
128 111 109 108 113 115 136 129 98 109 109 113 3 0 0 0 0
112 106 107 107 118 111 747 818 97 111 109 107 4 0 0 0 0
112 115 110 118 126 121 870 930 100 115 110 112 5 0 0 0 0
112 112 106 107 111 114 119 114 99 128 122 113 6 0 0 0 0
128 121 112 109 116 114 113 108 112 882 712 109 7 0 0 0 0
112 112 107 104 110 108 107 106 112 566 456 107 8 0 0 0 0
112 110 103 102 109 106 103 100 112 232 160 104 9 0 0 0 0
112 123 107 98 105 108 105 106 137 1244 832 108 10 0 0 0 0
112 113 108 102 104 108 105 97 137 500 368 15000 11 0 0 0 0
Chip#1
102 106 108 116 116 113 127 123 110 107 109 106 0 0 0 102 66
139 127 119 190 205 129 387 378 131 127 147 108 1 0 0 0 0
141 136 124 191 213 168 392 375 164 146 163 112 2 0 0 0 0
133 112 117 129 134 121 183 186 117 121 131 112 3 0 0 0 0
157 139 124 199 201 168 753 734 164 127 131 105 4 0 0 0 0
153 137 121 193 204 184 782 759 180 141 147 107 5 0 0 0 0
134 124 115 122 121 116 169 175 118 147 147 107 6 0 0 0 0
218 208 131 145 147 123 153 159 180 627 570 135 7 0 0 0 0
203 187 126 145 149 123 161 159 196 661 625 150 8 0 0 0 0
135 121 111 111 109 108 112 110 116 224 187 102 9 0 0 0 0
222 214 139 134 132 122 162 159 228 649 505 126 10 0 0 0 0
199 186 124 132 127 114 154 159 212 630 529 15000 11 0 0 0 0
Chip#2
112 102 106 100 95 100 100 100 88 102 104 107 0 0 0 102 66
84 104 104 104 108 104 216 219 72 104 103 104 1 0 0 0 0
112 106 103 112 116 106 391 361 88 106 105 105 2 0 0 0 0
112 107 106 102 100 108 124 121 88 102 100 103 3 0 0 0 0
112 106 103 107 111 109 734 813 88 108 102 104 4 0 0 0 0
112 113 106 114 119 119 861 930 97 108 103 107 5 0 0 0 0
112 111 109 110 113 111 116 113 97 128 121 112 6 0 0 0 0
128 124 110 111 113 117 114 112 112 889 714 115 7 0 0 0 0
112 114 106 102 109 109 111 100 112 569 452 104 8 0 0 0 0
128 105 104 98 98 105 101 101 112 228 162 104 9 0 0 0 0
128 123 112 104 104 104 107 106 143 1248 832 113 10 0 0 0 0
128 125 112 108 108 109 109 106 100 499 371 15000 11 0 0 0 0
Chip#1
103 102 107 107 106 107 121 120 107 103 102 102 0 0 128 103 66
137 132 125 187 200 139 383 376 132 132 147 109 1 0 0 0 0
118 130 120 180 201 144 378 365 133 141 147 111 2 0 0 0 0
112 110 114 116 126 114 177 177 109 114 131 102 3 0 0 0 0
146 132 122 192 193 168 742 719 164 128 131 103 4 0 0 0 0
155 135 125 187 200 184 775 754 196 146 163 112 5 0 0 0 0
135 122 116 121 120 117 167 175 116 143 147 109 6 0 0 0 0
208 198 122 141 143 113 147 138 164 612 551 133 7 0 0 0 0
200 189 125 141 143 123 159 159 196 652 614 146 8 0 0 0 0
138 125 111 111 111 108 112 111 114 228 192 107 9 0 0 0 0
205 203 126 130 128 116 149 159 212 638 494 119 10 0 0 0 0
187 176 120 121 116 109 143 159 212 625 523 15000 11 0 0 0 0
Chip#2
112 104 100 98 100 103 100 101 88 107 103 105 0 0 128 103 66
112 105 104 102 110 103 212 216 88 108 105 104 1 0 0 0 0
112 112 110 116 123 110 392 366 88 109 108 108 2 0 0 0 0
112 106 106 103 104 106 128 121 88 104 97 100 3 0 0 0 0
128 106 101 102 115 112 735 815 141 108 104 103 4 0 0 0 0
112 113 108 104 118 113 862 920 88 112 106 102 5 0 0 0 0
128 113 112 111 115 121 121 116 141 133 128 112 6 0 0 0 0
112 118 102 100 109 108 107 103 106 881 708 105 7 0 0 0 0
112 108 100 97 105 102 101 96 106 560 444 98 8 0 0 0 0
112 109 107 102 106 110 106 103 106 233 161 105 9 0 0 0 0
144 131 147 111 115 116 119 114 148 1253 826 117 10 0 0 0 0
112 114 107 99 103 100 98 95 88 497 364 15000 11 0 0 0 0
Chip#1
108 108 108 116 119 109 125 129 109 109 105 106 0 0 0 105 66
145 139 126 192 210 140 388 382 133 141 131 109 1 0 0 0 0
151 142 134 199 217 148 399 386 138 155 147 115 2 0 0 0 0
111 109 112 127 124 113 173 181 110 114 107 107 3 0 0 0 0
160 140 122 203 206 184 757 734 164 133 131 106 4 0 0 0 0
158 136 124 188 199 184 776 755 180 145 147 109 5 0 0 0 0
133 121 120 117 118 113 163 175 114 148 147 105 6 0 0 0 0
219 207 126 146 141 120 157 159 180 632 566 135 7 0 0 0 0
196 186 120 140 145 119 154 159 180 652 619 141 8 0 0 0 0
144 130 119 116 118 113 120 115 122 233 198 111 9 0 0 0 0
220 215 138 135 132 123 158 159 228 652 506 124 10 0 0 0 0
193 178 116 122 120 112 152 159 196 625 523 15000 11 0 0 0 0
Chip#2
128 109 110 105 106 114 107 99 94 108 111 112 0 0 0 105 66
112 104 102 104 106 102 211 216 94 107 104 100 1 0 0 0 0
112 109 108 109 116 109 395 358 94 108 108 105 2 0 0 0 0
128 117 114 113 115 116 142 135 97 115 114 119 3 0 0 0 0
112 109 104 104 116 115 740 816 97 112 106 104 4 0 0 0 0
112 111 103 108 124 115 864 930 97 108 108 102 5 0 0 0 0
128 111 110 108 114 115 121 116 97 132 123 108 6 0 0 0 0
112 115 108 102 113 105 111 109 110 884 712 109 7 0 0 0 0
112 114 107 100 105 110 110 101 94 563 455 107 8 0 0 0 0
112 111 110 102 106 110 110 108 97 238 167 110 9 0 0 0 0
128 119 103 95 100 98 98 99 131 1236 817 104 10 0 0 0 0
112 115 108 99 106 105 104 101 130 503 369 15000 11 0 0 0 0
Chip#1
132 109 111 116 119 112 128 126 110 108 131 108 0 0 64 106 66
140 132 119 187 204 133 384 381 125 132 147 108 1 0 0 0 0
139 135 119 184 208 140 385 370 133 141 147 102 2 0 0 0 0
108 107 112 122 126 112 177 176 110 110 104 101 3 0 0 0 0
156 138 124 198 202 184 750 728 180 133 147 106 4 0 0 0 0
159 139 125 187 205 184 780 754 180 145 147 112 5 0 0 0 0
122 122 117 115 120 114 165 159 115 142 131 109 6 0 0 0 0
212 211 129 145 144 121 152 159 180 630 566 135 7 0 0 0 0
194 186 120 139 135 116 157 159 180 655 617 138 8 0 0 0 0
135 124 116 111 107 109 111 110 118 227 191 107 9 0 0 0 0
221 222 139 142 131 122 165 159 228 648 504 128 10 0 0 0 0
192 181 121 121 121 114 152 137 196 621 529 15000 11 0 0 0 0
Chip#2
112 105 102 100 96 103 97 96 88 105 95 105 0 0 64 106 66
112 104 102 105 113 104 208 218 88 109 103 112 1 0 0 0 0
112 105 101 107 115 105 386 357 88 105 104 104 2 0 0 0 0
112 108 108 105 114 114 132 129 88 114 108 115 3 0 0 0 0
112 107 102 105 116 109 731 808 141 107 105 104 4 0 0 0 0
112 111 107 109 121 117 864 930 141 109 104 107 5 0 0 0 0
128 107 110 108 115 115 119 114 141 133 120 113 6 0 0 0 0
128 121 107 104 113 113 109 112 110 888 706 112 7 0 0 0 0
112 115 106 102 109 108 109 99 110 566 453 108 8 0 0 0 0
112 108 102 102 108 105 103 99 110 238 160 107 9 0 0 0 0
112 120 108 99 104 103 107 99 139 1236 820 107 10 0 0 0 0
128 119 112 104 108 105 106 100 96 503 371 15000 11 0 0 0 0
Chip#1
109 110 115 116 121 113 130 126 114 117 109 107 0 0 64 107 66
143 135 125 190 204 139 385 385 133 136 147 108 1 0 0 0 0
141 136 124 196 213 144 393 377 136 145 147 111 2 0 0 0 0
108 102 107 125 125 114 174 176 109 113 109 106 3 0 0 0 0
159 143 122 202 206 168 751 731 180 138 147 108 4 0 0 0 0
151 135 115 188 192 168 769 752 164 136 131 107 5 0 0 0 0
122 123 119 118 124 116 172 175 115 145 131 107 6 0 0 0 0
220 208 130 145 164 119 156 159 196 622 563 135 7 0 0 0 0
200 187 128 141 164 117 156 159 196 648 614 144 8 0 0 0 0
140 129 119 118 115 114 124 115 121 228 194 112 9 0 0 0 0
212 208 129 127 130 114 158 159 212 638 500 119 10 0 0 0 0
196 184 122 127 125 114 157 159 196 624 529 15000 11 0 0 0 0
Chip#2
112 111 107 102 105 108 110 106 88 111 104 113 0 0 64 107 66
112 102 102 103 108 106 210 214 88 107 104 112 1 0 0 0 0
112 110 103 109 120 109 396 361 88 108 108 104 2 0 0 0 0
112 107 109 103 100 110 132 124 88 104 102 107 3 0 0 0 0
112 107 108 105 113 110 734 815 140 109 108 109 4 0 0 0 0
112 107 107 107 116 113 861 930 140 108 103 105 5 0 0 0 0
112 102 103 100 105 110 114 109 140 126 119 108 6 0 0 0 0
128 120 108 110 109 111 110 108 110 882 704 105 7 0 0 0 0
112 115 103 103 105 103 103 104 110 561 451 107 8 0 0 0 0
128 109 103 98 103 110 104 98 110 230 162 105 9 0 0 0 0
128 125 112 107 105 104 109 107 139 1234 827 113 10 0 0 0 0
128 114 104 102 103 103 106 102 139 496 366 15000 11 0 0 0 0
Chip#1
102 104 111 112 112 107 124 123 104 103 107 100 0 0 64 108 66
144 130 121 187 205 133 379 375 126 134 147 107 1 0 0 0 0
143 135 121 187 211 138 389 378 131 145 147 114 2 0 0 0 0
112 115 119 127 132 115 177 181 114 123 131 108 3 0 0 0 0
158 143 125 200 206 184 754 730 180 137 147 109 4 0 0 0 0
158 137 121 188 198 184 771 747 180 142 147 113 5 0 0 0 0
135 121 120 115 125 117 172 175 113 142 147 107 6 0 0 0 0
215 207 131 140 164 117 154 159 180 626 563 137 7 0 0 0 0
201 189 129 145 164 121 158 159 196 654 618 143 8 0 0 0 0
116 124 108 110 112 112 115 111 109 223 186 102 9 0 0 0 0
222 212 134 134 137 124 167 175 228 648 504 127 10 0 0 0 0
197 185 130 129 128 119 161 159 196 625 526 15000 11 0 0 0 0
Chip#2
112 107 106 103 105 106 110 100 88 111 108 113 0 0 0 109 66
112 101 104 102 105 103 210 213 88 107 103 104 1 0 0 0 0
112 114 107 108 120 111 396 361 88 111 108 107 2 0 0 0 0
112 112 112 102 109 113 133 130 88 109 104 110 3 0 0 0 0
128 109 107 109 116 110 740 817 96 113 108 113 4 0 0 0 0
128 117 113 116 124 123 870 930 98 113 114 112 5 0 0 0 0
112 107 110 107 114 114 121 115 98 132 121 118 6 0 0 0 0
112 113 109 102 109 106 106 107 109 882 702 109 7 0 0 0 0
112 120 113 103 110 114 118 107 97 570 456 110 8 0 0 0 0
112 105 106 100 103 109 109 103 97 233 162 109 9 0 0 0 0
128 125 115 99 111 106 111 106 140 1238 824 112 10 0 0 0 0
128 117 108 103 106 105 106 103 96 500 370 15000 11 0 0 0 0
Chip#1
108 106 112 113 118 112 126 123 104 107 105 103 0 0 192 109 66
145 137 122 193 206 138 383 381 132 134 131 106 1 0 0 0 0
137 128 119 186 210 138 390 371 128 140 147 106 2 0 0 0 0
108 104 111 123 126 113 177 182 112 114 107 107 3 0 0 0 0
152 137 117 198 200 168 747 728 164 129 131 106 4 0 0 0 0
155 135 128 186 204 184 779 753 180 140 163 115 5 0 0 0 0
122 119 120 119 125 120 167 159 115 150 131 112 6 0 0 0 0
219 208 131 140 164 119 153 159 180 626 561 137 7 0 0 0 0
193 180 121 138 139 113 152 159 180 645 612 138 8 0 0 0 0
138 121 114 115 113 109 112 110 110 229 188 105 9 0 0 0 0
212 211 130 132 131 113 154 159 212 639 495 118 10 0 0 0 0
199 185 122 127 124 116 158 159 212 626 527 15000 11 0 0 0 0
Chip#2
112 108 103 100 101 105 100 96 88 104 100 105 0 0 192 109 66
112 100 106 102 109 103 208 214 88 107 108 107 1 0 0 0 0
112 111 106 110 118 108 391 361 88 112 109 108 2 0 0 0 0
112 106 108 104 111 110 129 124 88 108 109 110 3 0 0 0 0
112 107 104 107 111 113 729 810 88 111 106 109 4 0 0 0 0
128 115 110 116 129 125 866 930 101 118 114 109 5 0 0 0 0
112 108 108 103 111 114 118 110 101 128 121 110 6 0 0 0 0
128 119 113 109 113 113 110 108 112 884 703 109 7 0 0 0 0
112 117 108 105 118 114 114 107 95 566 452 114 8 0 0 0 0
128 109 106 102 108 110 106 107 97 235 163 110 9 0 0 0 0
128 121 109 102 104 103 105 103 133 1236 817 110 10 0 0 0 0
128 114 109 104 103 103 101 101 133 496 368 15000 11 0 0 0 0
Chip#1
106 106 111 113 120 109 131 124 109 108 110 108 0 0 0 111 66
139 132 116 190 204 135 379 375 127 129 147 103 1 0 0 0 0
140 134 119 188 214 138 390 371 138 142 147 107 2 0 0 0 0
104 106 112 119 127 113 167 177 108 107 107 103 3 0 0 0 0
162 142 129 203 211 184 752 730 180 141 147 112 4 0 0 0 0
147 125 117 181 193 168 764 744 164 131 147 105 5 0 0 0 0
118 120 115 118 122 121 164 175 119 147 147 108 6 0 0 0 0
217 209 133 145 145 122 154 159 180 625 562 135 7 0 0 0 0
197 185 128 142 143 123 159 159 180 646 618 141 8 0 0 0 0
144 135 122 119 116 117 125 120 121 238 198 114 9 0 0 0 0
217 211 134 128 130 117 153 159 212 638 498 121 10 0 0 0 0
197 187 126 124 128 120 163 159 212 627 526 15000 11 0 0 0 0
Chip#2
112 101 102 99 100 102 97 98 98 104 103 108 0 0 0 111 66
87 100 101 99 104 98 206 209 98 104 102 104 1 0 0 0 0
128 114 112 115 126 111 395 362 98 118 115 112 2 0 0 0 0
112 108 107 99 109 110 130 126 98 107 106 104 3 0 0 0 0
112 114 114 114 119 111 733 816 100 114 114 112 4 0 0 0 0
112 114 110 110 123 115 861 930 100 111 109 107 5 0 0 0 0
112 103 104 100 111 110 112 107 100 121 119 108 6 0 0 0 0
128 117 107 107 110 105 106 106 108 874 705 108 7 0 0 0 0
128 118 107 109 113 109 110 104 97 566 455 110 8 0 0 0 0
112 106 108 103 105 104 105 96 97 233 165 103 9 0 0 0 0
112 125 113 100 109 103 109 103 145 1231 821 113 10 0 0 0 0
112 112 103 98 99 99 98 98 145 493 363 15000 11 0 0 0 0
Chip#1
102 104 107 109 112 107 126 122 104 104 101 101 0 0 64 112 66
139 136 121 190 208 132 382 376 127 133 147 108 1 0 0 0 0
141 134 126 190 211 145 393 375 133 146 147 107 2 0 0 0 0
106 107 114 123 126 117 169 177 112 114 106 100 3 0 0 0 0
155 136 125 199 201 168 745 723 164 134 147 107 4 0 0 0 0
156 135 122 187 194 184 765 746 180 141 147 107 5 0 0 0 0
139 125 120 119 124 121 168 175 120 150 163 111 6 0 0 0 0
219 212 131 145 145 127 154 159 180 622 561 137 7 0 0 0 0
203 189 129 145 147 121 159 159 196 656 617 147 8 0 0 0 0
132 124 111 109 102 106 110 107 108 220 185 103 9 0 0 0 0
217 211 135 129 134 117 158 175 228 639 501 120 10 0 0 0 0
190 184 122 124 124 114 151 159 196 625 521 15000 11 0 0 0 0
Chip#2
81 100 101 97 98 97 97 97 88 104 98 104 0 0 192 112 66
112 112 109 105 111 110 214 218 88 112 106 107 1 0 0 0 0
112 117 109 115 124 116 396 367 141 113 111 109 2 0 0 0 0
112 109 109 102 110 111 125 126 88 109 106 109 3 0 0 0 0
112 113 112 110 118 116 733 815 101 113 114 112 4 0 0 0 0
112 107 106 112 124 121 856 930 97 114 110 108 5 0 0 0 0
128 109 108 108 113 115 115 110 97 129 122 109 6 0 0 0 0
128 120 110 109 109 109 114 108 110 879 700 110 7 0 0 0 0
128 114 102 103 108 110 109 104 110 565 449 108 8 0 0 0 0
112 108 102 98 105 110 102 101 110 234 163 108 9 0 0 0 0
112 129 112 99 106 104 111 107 141 1228 818 110 10 0 0 0 0
112 118 108 103 104 105 106 102 88 493 366 15000 11 0 0 0 0
Chip#1
106 108 115 118 116 112 130 125 110 109 107 106 0 0 64 113 66
148 143 131 197 211 141 388 383 129 140 147 106 1 0 0 0 0
139 137 121 192 208 140 389 371 132 142 147 112 2 0 0 0 0
135 116 119 134 133 119 180 182 113 121 131 108 3 0 0 0 0
156 142 126 203 205 168 742 724 164 134 131 109 4 0 0 0 0
152 138 122 186 200 184 766 741 180 143 147 109 5 0 0 0 0
143 121 117 124 124 117 170 175 116 148 147 109 6 0 0 0 0
217 207 131 142 146 121 153 159 180 622 563 139 7 0 0 0 0
201 180 125 146 143 117 157 159 180 642 614 145 8 0 0 0 0
139 129 116 112 112 106 115 112 114 228 193 107 9 0 0 0 0
211 209 128 128 125 114 156 159 212 636 495 117 10 0 0 0 0
190 181 120 127 122 114 157 159 196 616 520 15000 11 0 0 0 0
Chip#2
86 100 101 99 99 104 98 96 72 105 102 102 0 0 64 113 66
112 106 106 103 108 108 211 214 88 107 109 107 1 0 0 0 0
112 118 110 114 129 116 396 363 88 113 112 109 2 0 0 0 0
128 106 106 107 106 104 129 125 143 104 100 108 3 0 0 0 0
112 111 106 107 118 113 734 811 143 109 110 108 4 0 0 0 0
112 111 107 113 121 117 856 930 88 112 106 105 5 0 0 0 0
112 116 115 110 120 117 118 119 97 134 123 113 6 0 0 0 0
112 126 116 116 115 117 120 115 117 885 710 116 7 0 0 0 0
128 119 112 109 119 114 113 108 117 568 457 115 8 0 0 0 0
128 113 109 108 113 114 110 109 100 239 168 117 9 0 0 0 0
128 120 110 100 104 106 107 106 136 1229 817 108 10 0 0 0 0
112 114 108 105 110 104 105 100 88 497 366 15000 11 0 0 0 0
Chip#1
110 109 112 115 116 112 128 125 110 109 106 105 0 0 0 114 66
145 136 124 196 210 168 387 378 131 134 147 111 1 0 0 0 0
145 138 124 188 212 145 390 374 135 147 147 112 2 0 0 0 0
106 102 112 118 125 113 170 177 110 115 106 100 3 0 0 0 0
153 138 120 193 199 168 743 712 164 132 131 103 4 0 0 0 0
151 132 119 186 198 184 765 743 180 137 147 106 5 0 0 0 0
138 121 117 122 122 122 167 175 116 150 147 111 6 0 0 0 0
218 203 126 140 164 114 156 159 180 615 553 134 7 0 0 0 0
192 182 117 138 139 117 158 159 180 646 607 135 8 0 0 0 0
147 131 119 117 116 117 124 116 119 232 194 111 9 0 0 0 0
219 208 133 132 131 117 158 159 212 638 488 121 10 0 0 0 0
190 184 120 123 121 111 154 159 212 613 518 15000 11 0 0 0 0
Chip#2
112 101 101 99 100 99 102 98 88 106 102 105 0 0 0 114 66
112 101 97 100 109 102 206 211 88 100 104 105 1 0 0 0 0
112 108 106 109 116 105 394 356 141 108 110 102 2 0 0 0 0
112 109 109 104 114 110 137 127 88 108 106 110 3 0 0 0 0
128 108 104 108 119 110 735 813 141 108 109 109 4 0 0 0 0
112 112 102 109 119 115 859 930 97 107 109 103 5 0 0 0 0
112 100 100 98 101 104 107 106 97 119 111 105 6 0 0 0 0
112 118 106 102 108 108 114 102 108 874 696 107 7 0 0 0 0
128 118 115 107 120 115 120 109 102 569 458 114 8 0 0 0 0
112 110 109 104 110 113 107 103 102 236 166 110 9 0 0 0 0
128 124 112 104 113 113 111 110 145 1224 827 118 10 0 0 0 0
128 113 106 97 106 100 100 99 145 494 364 15000 11 0 0 0 0
