Chipdp
84 2 82 2 16 6 4 10 6 11 6 10 7 11 7 4 7 6 8 6 7 7 8 7 4 4 6 5 6 4 7 5 7 4 1 6 2 6 1 7 2 7 4 10 9 11 9 10 10 11 10 4 7 9 8 9 7 10 8 10 4 4 9 5 9 4 10 5 10 4 1 9 2 9 1 10 2 10 4 10 3 11 3 10 4 11 4 4 7 3 8 3 7 4 8 4 4 4 3 5 3 4 4 5 4 4 1 3 2 3 1 4 2 4 4 10 0 11 0 10 1 11 1 4 7 0 8 0 7 1 8 1 4 4 0 5 0 4 1 5 1 4 1 0 2 0 1 1 2 1 4 10 6 11 6 10 7 11 7 4 7 6 8 6 7 7 8 7 4 4 6 5 6 4 7 5 7 4 1 6 2 6 1 7 2 7 4 10 9 11 9 10 10 11 10 4 7 9 8 9 7 10 8 10 4 4 9 5 9 4 10 5 10 4 1 9 2 9 1 10 2 10 4 10 3 11 3 10 4 11 4 4 7 3 8 3 7 4 8 4 4 4 3 5 3 4 4 5 4 4 1 3 2 3 1 4 2 4 4 10 0 11 0 10 1 11 1 4 7 0 8 0 7 1 8 1 4 4 0 5 0 4 1 5 1 4 1 0 2 0 1 1 2 1 
Chip#1
109 108 110 116 118 108 126 124 104 104 102 99 0 0 128 76 66
140 132 120 203 220 137 377 378 133 141 131 102 1 0 0 0 0
138 131 126 200 221 168 378 375 164 145 147 105 2 0 0 0 0
110 106 110 124 135 115 184 182 113 113 107 102 3 0 0 0 0
161 140 129 213 224 200 834 825 196 137 147 111 4 0 0 0 0
150 129 121 192 207 184 838 838 180 136 147 106 5 0 0 0 0
135 124 120 119 127 118 167 191 115 147 147 106 6 0 0 0 0
227 214 138 149 150 120 158 159 180 667 617 139 7 0 0 0 0
203 193 130 142 164 123 159 175 196 685 675 153 8 0 0 0 0
139 130 112 116 119 111 116 112 115 231 190 105 9 0 0 0 0
220 214 131 135 135 117 157 159 212 689 534 117 10 0 0 0 0
193 179 120 130 128 119 154 159 196 654 560 15000 11 0 0 0 0
Chip#2
112 106 107 102 103 106 105 98 99 104 109 103 0 0 0 81 66
128 111 113 108 115 108 202 208 100 111 111 110 1 0 0 0 0
112 110 110 108 120 103 322 316 99 104 109 100 2 0 0 0 0
128 106 112 105 106 111 124 123 99 109 109 108 3 0 0 0 0
128 109 109 105 116 110 776 871 99 111 111 104 4 0 0 0 0
128 106 109 108 119 111 906 988 100 106 106 103 5 0 0 0 0
112 110 112 103 110 110 114 113 99 126 121 109 6 0 0 0 0
128 126 113 110 115 111 115 101 106 917 758 114 7 0 0 0 0
128 123 114 105 110 111 114 103 98 576 471 113 8 0 0 0 0
128 109 109 99 108 104 101 96 98 240 168 108 9 0 0 0 0
128 132 116 107 113 105 111 106 145 1301 879 116 10 0 0 0 0
128 117 113 100 106 100 101 97 88 508 384 15000 11 0 0 0 0
Chip#1
113 113 114 125 126 117 135 130 112 108 105 107 0 0 192 84 66
144 136 126 204 219 141 370 375 133 133 131 109 1 0 0 0 0
132 128 117 193 218 137 368 364 126 137 131 103 2 0 0 0 0
132 109 116 129 135 117 183 188 116 115 109 103 3 0 0 0 0
158 140 124 214 220 184 817 817 180 142 131 109 4 0 0 0 0
152 139 124 201 210 184 831 830 180 146 131 115 5 0 0 0 0
137 122 120 122 130 114 167 175 113 145 147 105 6 0 0 0 0
219 211 129 142 144 119 152 159 164 655 599 138 7 0 0 0 0
194 186 124 141 140 119 156 159 180 669 643 144 8 0 0 0 0
143 135 121 117 120 115 120 115 114 233 202 105 9 0 0 0 0
221 218 139 136 137 121 163 159 228 683 534 127 10 0 0 0 0
199 185 124 130 132 120 159 159 196 645 555 15000 11 0 0 0 0
Chip#2
128 111 120 103 109 105 105 106 88 104 109 113 0 0 192 84 66
112 102 106 97 106 97 192 194 88 101 105 99 1 0 0 0 0
128 105 104 105 119 100 330 307 88 105 104 97 2 0 0 0 0
112 104 106 103 105 103 124 116 72 102 104 104 3 0 0 0 0
112 105 100 97 108 104 768 863 88 99 103 93 4 0 0 0 0
112 106 106 109 120 113 900 980 140 106 104 103 5 0 0 0 0
112 110 115 109 109 116 119 114 88 128 127 109 6 0 0 0 0
112 120 109 104 105 102 101 102 102 904 746 103 7 0 0 0 0
128 119 114 105 115 110 110 102 96 576 480 110 8 0 0 0 0
112 103 107 102 101 106 105 96 95 236 166 104 9 0 0 0 0
112 123 109 98 101 98 103 98 132 1287 857 107 10 0 0 0 0
112 118 110 100 106 99 102 101 88 510 380 15000 11 0 0 0 0
Chip#1
112 109 111 122 125 113 131 130 112 105 104 106 0 0 0 90 66
140 130 119 200 215 136 367 370 131 136 147 107 1 0 0 0 0
137 132 120 197 220 168 372 365 129 145 147 106 2 0 0 0 0
132 112 116 130 141 117 181 189 113 115 107 107 3 0 0 0 0
156 139 120 210 217 184 810 806 180 134 147 103 4 0 0 0 0
149 129 114 187 202 168 814 813 180 136 131 99 5 0 0 0 0
139 124 115 122 127 122 168 175 116 151 147 106 6 0 0 0 0
221 213 131 146 171 119 158 159 180 650 600 134 7 0 0 0 0
201 192 126 140 164 123 157 159 180 669 643 143 8 0 0 0 0
140 134 116 116 119 114 121 114 117 236 197 107 9 0 0 0 0
214 213 130 130 131 116 158 159 228 674 522 124 10 0 0 0 0
197 180 123 128 133 121 161 159 212 640 548 15000 11 0 0 0 0
Chip#2
128 101 103 100 95 103 98 96 88 100 105 105 0 0 0 90 66
128 103 103 100 106 96 189 194 88 102 106 100 1 0 0 0 0
128 117 114 115 123 108 330 313 88 113 110 105 2 0 0 0 0
128 107 114 104 110 110 125 121 88 106 109 110 3 0 0 0 0
128 112 116 109 118 114 772 870 98 115 110 105 4 0 0 0 0
112 111 114 114 123 119 898 980 98 109 108 104 5 0 0 0 0
128 102 110 108 110 113 118 112 98 126 127 110 6 0 0 0 0
128 125 115 113 114 111 114 112 112 911 751 115 7 0 0 0 0
144 124 147 113 117 116 116 110 101 575 480 115 8 0 0 0 0
112 104 107 102 100 105 102 97 101 238 165 105 9 0 0 0 0
112 119 107 100 103 98 98 98 128 1282 857 102 10 0 0 0 0
112 120 113 104 109 106 105 100 88 503 378 15000 11 0 0 0 0
Chip#1
132 113 120 121 127 120 135 126 113 107 111 105 0 0 192 92 66
140 131 126 202 215 168 365 369 133 132 147 105 1 0 0 0 0
140 130 125 199 223 168 371 367 164 142 147 105 2 0 0 0 0
115 106 117 127 135 116 179 182 115 113 105 103 3 0 0 0 0
161 143 130 211 218 184 811 803 180 136 131 106 4 0 0 0 0
146 131 121 188 202 184 809 802 180 134 131 102 5 0 0 0 0
135 122 115 116 120 119 164 175 112 143 147 103 6 0 0 0 0
228 222 140 150 164 127 163 175 196 655 602 143 7 0 0 0 0
195 182 128 144 146 122 156 159 180 659 635 145 8 0 0 0 0
137 123 114 112 111 109 114 104 114 222 186 95 9 0 0 0 0
215 212 131 129 127 114 153 159 212 666 521 115 10 0 0 0 0
196 185 122 124 128 113 154 159 212 636 544 15000 11 0 0 0 0
Chip#2
112 110 108 107 101 108 100 100 88 104 106 109 0 0 192 92 66
112 104 108 100 103 99 189 194 72 101 103 102 1 0 0 0 0
128 117 113 112 118 110 330 313 88 107 110 105 2 0 0 0 0
112 106 112 107 109 108 120 121 72 104 108 108 3 0 0 0 0
112 106 108 104 115 106 772 870 88 107 106 103 4 0 0 0 0
112 111 109 112 123 115 891 973 88 108 108 109 5 0 0 0 0
112 107 110 105 106 110 114 115 88 131 121 110 6 0 0 0 0
112 123 115 108 113 109 111 110 112 908 746 110 7 0 0 0 0
128 119 116 103 110 109 107 103 98 570 480 107 8 0 0 0 0
112 104 109 100 100 105 98 100 98 233 165 108 9 0 0 0 0
128 130 120 105 105 106 111 107 140 1281 860 114 10 0 0 0 0
112 114 112 100 104 99 101 100 88 499 373 15000 11 0 0 0 0
Chip#1
104 105 108 116 122 114 126 124 106 109 101 101 0 0 0 94 66
146 136 125 203 221 144 363 374 135 138 147 103 1 0 0 0 0
140 137 126 198 223 168 370 364 131 142 147 102 2 0 0 0 0
133 113 116 132 144 121 189 192 116 118 115 111 3 0 0 0 0
159 140 125 210 219 184 799 800 180 137 131 108 4 0 0 0 0
152 131 120 191 207 168 804 803 180 138 131 105 5 0 0 0 0
137 121 114 117 127 120 167 175 113 145 131 101 6 0 0 0 0
224 213 130 146 164 128 154 175 180 650 592 134 7 0 0 0 0
197 186 126 145 164 121 156 159 180 656 635 144 8 0 0 0 0
144 129 120 122 121 116 122 119 119 233 194 106 9 0 0 0 0
221 215 135 132 137 119 161 159 228 666 521 120 10 0 0 0 0
189 181 117 123 125 114 152 159 196 630 536 15000 11 0 0 0 0
Chip#2
128 107 110 102 106 109 105 103 88 106 108 109 0 0 0 94 66
112 106 103 100 106 100 189 178 72 99 106 98 1 0 0 0 0
128 115 118 120 129 114 330 316 88 118 120 115 2 0 0 0 0
112 105 112 105 105 109 127 116 88 111 106 110 3 0 0 0 0
112 106 104 107 111 109 763 865 88 107 104 100 4 0 0 0 0
112 111 110 115 121 117 888 975 88 113 109 102 5 0 0 0 0
112 101 104 107 108 108 114 108 72 125 120 103 6 0 0 0 0
112 121 112 108 108 110 110 108 108 905 741 108 7 0 0 0 0
128 121 112 108 110 109 111 103 108 568 471 110 8 0 0 0 0
112 110 109 103 104 110 106 101 108 236 168 102 9 0 0 0 0
128 126 114 104 108 104 106 102 137 1277 853 108 10 0 0 0 0
128 119 115 102 105 105 103 103 137 499 379 15000 11 0 0 0 0
Chip#1
110 104 109 112 124 108 127 123 104 108 101 103 0 0 0 95 66
143 129 122 197 213 136 362 365 131 134 131 106 1 0 0 0 0
138 132 126 193 219 138 373 365 135 143 147 108 2 0 0 0 0
110 102 112 123 133 117 175 177 107 108 105 101 3 0 0 0 0
157 139 129 209 215 168 797 790 180 133 131 106 4 0 0 0 0
152 134 122 194 201 168 803 799 180 143 131 107 5 0 0 0 0
135 115 115 122 121 114 161 175 116 145 131 106 6 0 0 0 0
228 217 136 150 164 128 162 159 180 651 596 149 7 0 0 0 0
195 182 125 139 143 119 154 159 180 658 635 145 8 0 0 0 0
147 138 125 127 128 123 132 123 120 239 197 112 9 0 0 0 0
215 206 130 129 132 116 156 141 212 660 515 119 10 0 0 0 0
197 189 125 132 137 117 163 159 212 634 540 15000 11 0 0 0 0
Chip#2
128 108 113 102 104 110 101 103 88 105 105 107 0 0 0 95 66
128 107 109 107 111 105 194 210 88 109 108 105 1 0 0 0 0
112 113 112 114 123 113 322 308 72 112 112 103 2 0 0 0 0
112 104 104 103 104 105 116 114 88 102 104 99 3 0 0 0 0
128 113 112 107 118 117 770 867 97 112 111 105 4 0 0 0 0
112 115 116 119 124 120 890 975 95 113 115 109 5 0 0 0 0
112 105 108 103 114 109 114 108 95 127 123 100 6 0 0 0 0
128 125 114 107 110 109 111 108 108 898 743 109 7 0 0 0 0
128 119 115 108 110 114 118 106 97 574 471 112 8 0 0 0 0
128 104 102 102 101 105 103 102 97 236 168 104 9 0 0 0 0
128 130 119 108 105 109 112 108 144 1278 860 113 10 0 0 0 0
112 113 107 99 100 100 98 96 88 496 371 15000 11 0 0 0 0
Chip#1
105 104 105 113 120 105 126 120 105 100 100 99 0 0 0 96 66
145 134 122 198 213 136 361 361 129 128 131 102 1 0 0 0 0
137 135 126 191 225 168 367 363 133 145 147 111 2 0 0 0 0
132 107 120 128 138 115 181 191 110 115 131 108 3 0 0 0 0
156 145 131 207 213 184 798 790 180 138 131 114 4 0 0 0 0
143 132 123 185 202 184 797 793 180 132 147 107 5 0 0 0 0
137 128 120 125 131 128 170 175 115 153 147 112 6 0 0 0 0
221 213 133 146 164 121 159 159 180 638 589 140 7 0 0 0 0
197 191 128 141 150 124 157 159 180 652 630 148 8 0 0 0 0
143 135 121 117 121 111 119 114 116 228 188 106 9 0 0 0 0
213 212 130 130 132 114 157 159 212 650 514 124 10 0 0 0 0
188 184 124 123 126 115 154 141 196 622 536 15000 11 0 0 0 0
Chip#2
128 106 107 99 99 102 100 96 88 106 106 104 0 0 0 96 66
128 101 104 102 106 103 188 210 88 106 106 102 1 0 0 0 0
112 108 108 109 121 104 322 310 88 108 108 102 2 0 0 0 0
112 107 107 105 106 105 120 121 88 106 104 105 3 0 0 0 0
128 114 120 115 126 117 771 868 98 115 116 110 4 0 0 0 0
128 112 110 115 122 117 887 976 98 109 112 107 5 0 0 0 0
112 108 104 99 104 109 109 103 98 125 119 99 6 0 0 0 0
112 115 102 98 99 100 103 101 101 889 738 99 7 0 0 0 0
128 117 108 99 106 105 110 101 101 566 463 105 8 0 0 0 0
112 114 113 103 108 111 111 104 101 241 168 108 9 0 0 0 0
128 129 120 107 109 104 110 107 139 1274 853 112 10 0 0 0 0
112 115 106 99 104 103 98 98 88 498 371 15000 11 0 0 0 0
Chip#1
108 108 112 117 124 109 130 127 109 110 105 100 0 0 128 97 66
144 137 129 204 219 168 370 374 135 141 147 108 1 0 0 0 0
135 131 125 193 217 140 365 364 133 140 131 106 2 0 0 0 0
132 109 115 127 140 117 178 186 113 115 131 107 3 0 0 0 0
157 139 122 207 215 184 791 784 196 136 131 108 4 0 0 0 0
152 138 126 191 204 184 798 797 180 138 147 107 5 0 0 0 0
140 131 126 124 128 124 169 175 123 157 147 112 6 0 0 0 0
219 209 130 138 144 113 148 159 164 633 579 133 7 0 0 0 0
196 187 124 140 143 121 153 159 180 650 628 141 8 0 0 0 0
143 134 119 118 122 111 121 116 118 232 192 108 9 0 0 0 0
221 208 136 133 134 116 159 159 228 656 512 124 10 0 0 0 0
199 182 126 127 127 115 157 159 212 630 537 15000 11 0 0 0 0
Chip#2
128 106 109 99 103 98 100 102 88 106 108 110 0 0 128 97 66
112 111 108 104 111 102 192 194 88 107 110 102 1 0 0 0 0
112 113 110 113 125 106 330 310 88 112 111 108 2 0 0 0 0
112 110 113 104 110 103 124 123 88 112 105 112 3 0 0 0 0
112 110 110 104 115 113 766 861 94 108 110 107 4 0 0 0 0
112 108 110 112 120 115 887 971 94 109 108 107 5 0 0 0 0
112 107 107 99 103 108 111 109 94 124 120 103 6 0 0 0 0
128 120 109 105 103 105 107 109 102 898 741 105 7 0 0 0 0
128 121 116 107 111 114 109 109 97 567 464 110 8 0 0 0 0
112 101 108 103 100 102 102 100 97 233 169 107 9 0 0 0 0
128 129 119 107 109 106 109 109 140 1271 854 114 10 0 0 0 0
128 117 112 107 106 103 109 106 97 496 377 15000 11 0 0 0 0
Chip#1
104 107 112 117 122 109 128 124 104 109 104 101 0 0 128 98 66
144 132 122 202 214 139 363 363 132 136 131 102 1 0 0 0 0
138 129 121 190 219 137 367 360 131 142 131 105 2 0 0 0 0
132 107 115 125 137 122 184 186 113 114 131 99 3 0 0 0 0
151 137 120 205 213 168 787 783 180 134 131 96 4 0 0 0 0
155 134 121 191 208 168 793 789 180 142 147 105 5 0 0 0 0
141 128 124 124 133 129 174 175 123 152 131 109 6 0 0 0 0
220 213 133 146 164 124 158 159 180 639 586 137 7 0 0 0 0
193 185 122 139 140 116 149 159 180 643 620 139 8 0 0 0 0
135 127 110 117 113 112 115 111 110 221 187 99 9 0 0 0 0
211 208 130 124 128 112 152 159 212 649 507 114 10 0 0 0 0
197 184 129 133 133 120 162 159 212 626 533 15000 11 0 0 0 0
Chip#2
88 106 106 99 96 100 96 96 99 99 106 102 0 0 128 98 66
112 112 112 110 114 106 198 206 99 114 119 115 1 0 0 0 0
112 112 110 114 119 109 322 303 99 109 111 103 2 0 0 0 0
112 108 110 110 109 114 123 120 99 108 110 109 3 0 0 0 0
112 112 108 110 118 110 759 861 98 109 109 107 4 0 0 0 0
112 112 113 114 121 119 891 968 97 113 110 107 5 0 0 0 0
128 102 110 100 106 106 118 103 97 128 122 108 6 0 0 0 0
128 132 115 115 116 119 118 115 118 899 749 118 7 0 0 0 0
112 114 104 98 101 104 101 98 88 556 456 104 8 0 0 0 0
112 104 107 103 106 102 101 101 88 234 167 107 9 0 0 0 0
112 124 113 103 108 99 106 107 140 1267 851 110 10 0 0 0 0
112 118 114 104 105 106 105 102 88 498 373 15000 11 0 0 0 0
Chip#1
110 108 112 117 126 113 130 125 109 108 104 103 0 0 64 99 66
138 124 117 196 210 131 359 358 127 129 131 102 1 0 0 0 0
134 134 121 192 221 168 363 361 133 142 147 107 2 0 0 0 0
132 110 119 128 135 117 179 183 114 118 112 99 3 0 0 0 0
164 144 129 214 223 184 794 793 196 140 147 112 4 0 0 0 0
145 130 119 188 200 168 785 789 180 134 131 99 5 0 0 0 0
138 128 121 123 133 124 172 175 116 153 131 106 6 0 0 0 0
221 211 129 142 164 122 154 175 180 637 582 137 7 0 0 0 0
200 191 126 145 145 127 164 159 180 652 629 147 8 0 0 0 0
139 132 121 117 122 117 124 119 118 225 194 107 9 0 0 0 0
217 214 134 134 134 121 159 175 228 659 518 124 10 0 0 0 0
194 184 122 128 128 116 154 159 196 626 533 15000 11 0 0 0 0
Chip#2
112 106 110 103 100 105 103 98 72 107 108 107 0 0 192 99 66
112 105 103 107 105 102 188 194 72 105 99 100 1 0 0 0 0
128 113 108 110 123 106 322 308 88 113 111 105 2 0 0 0 0
128 111 113 107 109 110 127 127 88 109 110 109 3 0 0 0 0
112 101 104 100 114 108 756 854 88 108 102 95 4 0 0 0 0
128 112 110 113 119 117 885 967 97 113 111 105 5 0 0 0 0
128 108 116 110 116 119 124 115 98 132 126 115 6 0 0 0 0
128 130 118 114 114 117 118 119 110 899 743 113 7 0 0 0 0
112 118 112 108 104 108 110 109 72 563 456 107 8 0 0 0 0
112 113 112 105 106 114 109 106 110 241 167 110 9 0 0 0 0
144 132 147 108 108 110 114 109 143 1271 848 115 10 0 0 0 0
112 117 115 103 96 104 103 101 88 498 372 15000 11 0 0 0 0
Chip#1
103 98 101 109 113 103 116 118 102 96 95 93 0 0 128 100 66
147 137 126 205 221 144 366 369 135 142 131 109 1 0 0 0 0
141 132 120 192 221 140 361 360 133 142 147 106 2 0 0 0 0
132 113 117 130 139 122 181 189 116 118 112 103 3 0 0 0 0
150 136 120 205 208 168 782 782 164 131 131 101 4 0 0 0 0
146 123 114 187 198 168 787 785 180 134 131 102 5 0 0 0 0
132 119 110 115 116 115 159 175 109 142 131 96 6 0 0 0 0
221 209 133 149 151 123 159 159 180 636 583 139 7 0 0 0 0
196 180 120 133 138 119 153 159 180 646 615 137 8 0 0 0 0
143 130 114 113 114 109 122 115 116 229 187 103 9 0 0 0 0
219 217 135 135 138 119 159 159 212 654 514 120 10 0 0 0 0
201 190 129 134 134 121 163 159 212 628 539 15000 11 0 0 0 0
Chip#2
112 100 106 99 100 98 98 96 98 100 106 103 0 0 128 100 66
112 104 110 103 105 103 193 194 98 107 111 105 1 0 0 0 0
128 109 109 112 120 104 321 308 98 111 112 104 2 0 0 0 0
112 107 115 105 105 110 120 116 98 109 109 108 3 0 0 0 0
128 106 110 107 114 110 766 857 98 109 110 104 4 0 0 0 0
128 117 116 113 123 120 882 964 97 113 112 113 5 0 0 0 0
112 103 112 107 105 110 112 110 97 129 121 103 6 0 0 0 0
128 124 115 105 115 108 114 108 110 895 746 108 7 0 0 0 0
112 118 109 104 108 110 110 104 110 565 455 109 8 0 0 0 0
112 106 108 103 105 99 102 97 110 238 163 104 9 0 0 0 0
112 124 113 99 100 98 106 104 135 1256 838 109 10 0 0 0 0
128 123 115 109 103 103 109 103 97 499 374 15000 11 0 0 0 0
Chip#1
111 105 115 121 126 112 128 130 108 105 106 106 0 0 192 101 66
144 132 126 202 219 138 359 366 133 138 147 103 1 0 0 0 0
135 131 119 192 218 168 363 358 132 140 147 102 2 0 0 0 0
109 107 114 121 133 114 172 191 106 104 106 102 3 0 0 0 0
157 146 125 209 215 184 779 776 180 133 131 111 4 0 0 0 0
151 131 130 191 205 184 785 790 180 142 131 108 5 0 0 0 0
143 128 125 128 133 123 173 175 126 146 131 113 6 0 0 0 0
220 212 134 147 164 123 157 159 180 636 579 134 7 0 0 0 0
197 185 124 135 141 117 151 140 164 643 619 135 8 0 0 0 0
137 128 114 111 113 108 116 108 113 220 186 102 9 0 0 0 0
214 209 129 133 132 115 158 159 212 646 506 114 10 0 0 0 0
190 180 120 127 125 116 153 159 196 614 531 15000 11 0 0 0 0
Chip#2
112 102 103 97 99 100 95 96 72 99 104 100 0 0 192 101 66
112 105 108 102 106 100 187 194 88 108 108 100 1 0 0 0 0
112 108 110 104 115 100 320 304 88 106 110 93 2 0 0 0 0
128 108 114 105 108 109 124 121 88 111 108 109 3 0 0 0 0
112 108 112 108 115 113 766 856 88 112 112 107 4 0 0 0 0
128 114 113 115 120 119 889 967 96 111 115 108 5 0 0 0 0
112 106 114 103 111 110 120 112 95 131 121 103 6 0 0 0 0
128 129 121 112 111 113 116 114 117 902 744 114 7 0 0 0 0
128 119 108 98 106 103 105 100 88 557 455 104 8 0 0 0 0
128 115 114 105 108 113 105 107 88 236 173 110 9 0 0 0 0
128 127 115 98 105 100 105 104 137 1259 848 107 10 0 0 0 0
128 123 112 107 105 103 102 102 96 496 377 15000 11 0 0 0 0
Chip#1
106 106 112 111 119 106 126 118 104 102 99 102 0 0 192 102 66
137 125 121 193 211 130 355 354 122 127 131 101 1 0 0 0 0
133 125 121 192 220 140 365 354 129 141 147 100 2 0 0 0 0
105 104 111 122 130 114 178 184 106 112 105 98 3 0 0 0 0
155 138 120 207 211 168 776 771 180 132 131 102 4 0 0 0 0
152 130 122 191 201 184 781 786 180 137 147 107 5 0 0 0 0
138 121 116 118 126 123 167 175 116 150 147 105 6 0 0 0 0
226 214 134 151 164 133 161 175 180 636 590 139 7 0 0 0 0
193 178 121 138 140 117 149 159 180 642 620 140 8 0 0 0 0
140 124 112 112 115 109 116 110 110 227 187 105 9 0 0 0 0
220 219 140 133 141 122 164 159 228 660 514 126 10 0 0 0 0
197 181 126 125 131 117 161 159 212 622 531 15000 11 0 0 0 0
Chip#2
112 104 109 102 100 102 100 100 88 101 108 103 0 0 192 102 66
84 101 102 95 104 100 188 178 72 99 100 94 1 0 0 0 0
128 111 109 112 118 104 330 307 132 113 111 108 2 0 0 0 0
112 115 120 107 114 113 128 127 88 112 111 112 3 0 0 0 0
112 106 110 103 114 106 759 857 88 108 106 99 4 0 0 0 0
112 113 113 110 123 115 885 964 132 109 110 107 5 0 0 0 0
112 108 113 103 111 110 114 108 88 128 125 112 6 0 0 0 0
128 120 110 112 111 109 111 112 105 895 736 107 7 0 0 0 0
112 119 114 104 109 110 109 107 105 561 457 105 8 0 0 0 0
112 110 113 99 105 108 105 101 105 237 167 105 9 0 0 0 0
112 124 114 103 105 100 109 106 140 1264 841 107 10 0 0 0 0
112 114 112 99 101 99 101 100 88 490 365 15000 11 0 0 0 0
Chip#1
132 116 119 118 130 117 132 133 116 109 106 111 0 0 192 103 66
138 129 120 197 218 137 358 361 128 132 131 99 1 0 0 0 0
137 127 119 188 215 140 362 357 133 134 147 109 2 0 0 0 0
116 113 116 133 138 120 179 187 116 113 110 105 3 0 0 0 0
153 138 117 208 213 168 768 772 180 127 131 103 4 0 0 0 0
155 136 128 192 204 184 785 791 180 138 131 109 5 0 0 0 0
133 120 117 117 130 116 163 175 114 146 131 103 6 0 0 0 0
222 211 133 147 150 123 157 159 164 633 582 139 7 0 0 0 0
206 192 129 144 171 122 159 159 180 646 622 146 8 0 0 0 0
145 136 124 127 121 120 126 122 125 232 197 107 9 0 0 0 0
217 217 134 128 131 114 158 159 212 645 504 119 10 0 0 0 0
196 182 122 133 131 121 156 159 196 621 525 15000 11 0 0 0 0
Chip#2
128 113 112 103 103 100 103 96 88 109 110 108 0 0 192 103 66
112 114 112 108 110 108 198 194 88 108 114 113 1 0 0 0 0
112 112 110 107 120 106 322 305 88 108 108 103 2 0 0 0 0
128 108 110 107 106 106 128 123 134 107 108 107 3 0 0 0 0
112 105 102 100 108 104 757 849 88 106 102 99 4 0 0 0 0
112 115 113 112 125 116 881 969 88 113 115 109 5 0 0 0 0
112 113 114 107 116 110 111 113 88 133 125 112 6 0 0 0 0
128 126 110 104 115 108 110 103 106 896 737 110 7 0 0 0 0
128 123 115 107 115 114 116 102 106 563 471 109 8 0 0 0 0
112 112 115 107 111 110 106 106 106 242 168 110 9 0 0 0 0
112 123 108 99 99 100 98 100 132 1258 832 105 10 0 0 0 0
112 119 112 104 110 105 105 106 88 498 372 15000 11 0 0 0 0
Chip#1
113 108 114 117 126 114 128 127 109 108 105 103 0 0 192 104 66
145 134 126 199 211 141 362 364 127 140 131 108 1 0 0 0 0
138 129 125 196 215 137 359 357 132 143 131 103 2 0 0 0 0
109 106 110 125 135 116 174 183 106 110 107 101 3 0 0 0 0
151 135 122 204 211 168 771 765 180 129 131 101 4 0 0 0 0
152 134 125 188 202 184 780 783 196 137 147 108 5 0 0 0 0
137 121 120 121 124 121 165 175 113 147 131 107 6 0 0 0 0
220 209 131 144 164 123 152 159 180 621 576 133 7 0 0 0 0
195 182 126 136 145 117 152 159 180 640 615 139 8 0 0 0 0
141 139 125 121 122 116 125 117 120 232 192 108 9 0 0 0 0
212 208 134 133 135 117 154 159 212 644 504 118 10 0 0 0 0
192 180 122 127 130 119 158 159 196 616 522 15000 11 0 0 0 0
Chip#2
128 113 118 104 108 106 105 104 88 112 111 117 0 0 192 104 66
112 100 104 93 98 97 181 178 72 100 97 94 1 0 0 0 0
128 113 116 110 123 108 322 307 88 109 111 104 2 0 0 0 0
112 115 114 105 109 109 121 126 88 108 112 109 3 0 0 0 0
112 111 107 103 114 114 761 852 88 109 109 105 4 0 0 0 0
112 112 108 105 120 116 875 962 88 107 106 102 5 0 0 0 0
112 108 114 107 109 106 115 110 88 127 123 104 6 0 0 0 0
112 125 116 105 111 111 110 110 110 889 738 108 7 0 0 0 0
128 125 119 109 117 114 118 110 101 566 464 117 8 0 0 0 0
112 106 107 97 101 103 100 97 101 229 166 102 9 0 0 0 0
128 127 116 103 108 105 109 104 140 1259 842 112 10 0 0 0 0
128 119 113 100 105 99 105 102 140 493 372 15000 11 0 0 0 0
Chip#1
111 111 112 113 126 111 128 129 106 110 102 105 0 0 192 106 66
147 140 128 203 221 168 366 366 136 137 147 111 1 0 0 0 0
140 137 123 199 221 168 367 363 164 145 163 109 2 0 0 0 0
133 110 115 129 135 119 181 183 115 113 110 105 3 0 0 0 0
163 144 128 214 219 184 775 772 180 136 131 111 4 0 0 0 0
144 128 117 187 196 184 777 774 180 133 131 101 5 0 0 0 0
139 127 121 127 130 122 169 191 115 147 147 106 6 0 0 0 0
219 207 131 144 149 121 149 159 164 622 576 138 7 0 0 0 0
202 190 125 144 164 120 153 159 180 639 621 145 8 0 0 0 0
146 132 124 118 121 116 125 116 114 231 188 107 9 0 0 0 0
222 218 140 140 140 123 164 159 212 654 510 131 10 0 0 0 0
190 185 121 125 130 114 157 159 196 615 527 15000 11 0 0 0 0
Chip#2
112 106 107 100 100 105 101 101 88 105 105 104 0 0 128 107 66
128 113 116 109 113 108 195 210 88 115 115 110 1 0 0 0 0
112 115 112 110 123 106 322 303 88 107 115 109 2 0 0 0 0
128 108 110 100 106 106 124 123 88 109 105 107 3 0 0 0 0
112 111 113 105 114 111 761 858 97 113 110 104 4 0 0 0 0
112 105 104 105 115 109 875 957 97 108 102 102 5 0 0 0 0
128 103 110 98 103 105 110 107 97 122 121 99 6 0 0 0 0
128 121 112 104 105 108 111 109 109 890 736 107 7 0 0 0 0
112 114 109 100 108 108 115 101 109 559 456 103 8 0 0 0 0
112 114 113 104 111 110 110 106 109 241 177 110 9 0 0 0 0
112 127 119 104 103 103 111 110 140 1258 840 113 10 0 0 0 0
112 119 115 100 101 106 103 101 88 493 372 15000 11 0 0 0 0
Chip#1
108 108 117 115 122 113 128 125 108 105 107 107 0 0 64 108 66
141 137 129 202 219 143 361 363 135 136 131 112 1 0 0 0 0
143 135 126 196 220 144 365 360 140 145 131 109 2 0 0 0 0
132 109 115 130 138 120 178 184 115 112 109 107 3 0 0 0 0
152 136 124 202 210 168 769 764 164 136 131 100 4 0 0 0 0
146 131 123 185 206 184 775 776 180 138 147 103 5 0 0 0 0
132 121 119 118 121 117 164 175 113 142 147 99 6 0 0 0 0
219 209 138 150 164 120 152 159 180 625 574 137 7 0 0 0 0
189 180 119 138 140 117 151 159 180 634 613 131 8 0 0 0 0
137 127 114 111 117 111 111 109 112 226 187 101 9 0 0 0 0
220 209 138 133 138 124 159 159 212 651 511 121 10 0 0 0 0
199 184 128 127 132 119 159 159 212 616 527 15000 11 0 0 0 0
Chip#2
112 104 102 98 96 100 98 97 72 101 104 104 0 0 64 108 66
128 114 110 108 115 103 196 194 88 111 112 110 1 0 0 0 0
128 117 110 109 123 110 320 305 88 112 114 107 2 0 0 0 0
112 104 104 100 101 105 123 120 88 101 103 107 3 0 0 0 0
128 111 104 103 113 109 762 844 139 107 108 104 4 0 0 0 0
112 108 106 109 119 113 874 957 88 111 106 102 5 0 0 0 0
128 107 114 104 111 109 115 112 88 126 123 107 6 0 0 0 0
128 121 113 105 108 111 110 109 108 885 736 107 7 0 0 0 0
128 121 113 110 113 110 116 113 100 565 465 114 8 0 0 0 0
128 108 108 104 104 108 109 104 99 239 171 108 9 0 0 0 0
128 127 115 99 105 103 111 107 141 1251 843 110 10 0 0 0 0
128 121 110 104 103 103 109 107 97 496 374 15000 11 0 0 0 0
Chip#1
102 100 102 108 115 108 121 120 104 100 100 98 0 224 124 141 23
140 135 126 203 214 168 361 359 128 134 147 107 1 0 0 0 0
138 134 121 190 218 139 366 352 135 145 147 103 2 0 0 0 0
117 113 120 129 141 119 177 186 115 117 107 107 3 0 0 0 0
157 142 126 208 212 184 775 762 180 134 131 105 4 0 0 0 0
145 131 119 190 199 168 775 777 180 134 131 107 5 0 0 0 0
132 119 117 113 120 120 159 159 113 142 131 103 6 0 0 0 0
214 203 133 142 164 121 149 159 180 621 568 132 7 0 0 0 0
197 184 130 142 144 121 159 159 180 637 617 141 8 0 0 0 0
143 132 120 117 122 120 127 115 123 233 191 112 9 0 0 0 0
212 211 133 132 130 120 157 159 212 643 505 117 10 0 0 0 0
187 176 121 127 125 117 157 159 212 614 525 15000 11 0 0 0 0
Chip#2
112 106 107 98 95 99 98 95 97 101 102 104 0 155 124 51 23
112 98 101 97 101 97 180 178 97 100 98 92 1 0 0 0 0
128 111 115 115 125 110 330 307 97 113 119 110 2 0 0 0 0
112 106 102 94 101 103 114 113 97 102 103 95 3 0 0 0 0
128 113 115 107 122 111 766 858 97 114 114 108 4 0 0 0 0
112 113 113 115 125 122 882 964 98 115 114 104 5 0 0 0 0
128 111 113 104 113 114 116 110 98 131 126 107 6 0 0 0 0
128 125 112 109 110 109 111 114 112 888 736 107 7 0 0 0 0
112 121 114 105 109 111 115 113 95 563 463 109 8 0 0 0 0
112 112 113 107 106 110 106 104 95 234 174 108 9 0 0 0 0
128 131 116 102 105 106 105 108 145 1253 848 112 10 0 0 0 0
112 117 104 97 101 100 102 96 88 488 364 15000 11 0 0 0 0
