Chip#1
99 104 98 95 96 95 101 98 97 89 96 96 0 163 120 25 23
99 99 123 136 102 114 146 105 102 126 97 99 1 0 0 0 0
98 95 352 437 107 353 621 124 226 494 148 96 2 0 0 0 0
103 102 159 200 104 180 288 107 154 290 119 101 3 0 0 0 0
103 101 102 101 104 103 106 101 104 107 100 103 4 0 0 0 0
92 95 102 104 91 94 104 94 185 332 102 93 5 0 0 0 0
103 101 103 107 102 103 109 108 162 272 107 99 6 0 0 0 0
99 99 103 102 101 95 101 101 103 96 97 94 7 0 0 0 0
101 99 106 110 103 104 107 102 101 100 98 96 8 0 0 0 0
96 99 107 103 97 103 108 103 104 100 102 99 9 0 0 0 0
96 98 100 101 100 94 100 100 99 97 97 94 10 0 0 0 0
99 100 102 98 100 101 107 100 102 99 98 15000 11 0 0 0 0
