Chipdp
84 2 82 2 16 6 4 10 6 11 6 10 7 11 7 4 7 6 8 6 7 7 8 7 4 4 6 5 6 4 7 5 7 4 1 6 2 6 1 7 2 7 4 10 9 11 9 10 10 11 10 4 7 9 8 9 7 10 8 10 4 4 9 5 9 4 10 5 10 4 1 9 2 9 1 10 2 10 4 10 3 11 3 10 4 11 4 4 7 3 8 3 7 4 8 4 4 4 3 5 3 4 4 5 4 4 1 3 2 3 1 4 2 4 4 10 0 11 0 10 1 11 1 4 7 0 8 0 7 1 8 1 4 4 0 5 0 4 1 5 1 4 1 0 2 0 1 1 2 1 4 10 6 11 6 10 7 11 7 4 7 6 8 6 7 7 8 7 4 4 6 5 6 4 7 5 7 4 1 6 2 6 1 7 2 7 4 10 9 11 9 10 10 11 10 4 7 9 8 9 7 10 8 10 4 4 9 5 9 4 10 5 10 4 1 9 2 9 1 10 2 10 4 10 3 11 3 10 4 11 4 4 7 3 8 3 7 4 8 4 4 4 3 5 3 4 4 5 4 4 1 3 2 3 1 4 2 4 4 10 0 11 0 10 1 11 1 4 7 0 8 0 7 1 8 1 4 4 0 5 0 4 1 5 1 4 1 0 2 0 1 1 2 1 
Chip#1
111 109 114 119 124 114 135 130 107 109 107 107 0 0 64 78 66
146 132 128 214 230 146 406 402 135 138 131 103 1 0 0 0 0
134 131 121 214 229 168 412 415 164 141 147 107 2 0 0 0 0
117 109 125 139 140 125 194 201 120 123 115 111 3 0 0 0 0
153 135 128 228 220 184 893 863 180 137 131 105 4 0 0 0 0
150 134 122 202 210 200 917 900 196 142 147 109 5 0 0 0 0
141 123 122 127 127 119 188 187 122 157 147 111 6 0 0 0 0
238 224 144 149 147 125 162 159 196 709 635 145 7 0 0 0 0
219 202 130 150 164 130 167 187 212 748 710 151 8 0 0 0 0
156 138 128 125 127 122 130 119 126 261 217 112 9 0 0 0 0
231 225 140 139 134 121 162 159 228 728 562 124 10 0 0 0 0
209 200 134 136 133 123 163 175 228 707 600 15000 11 0 0 0 0
Chip#2
112 114 110 109 110 108 106 107 88 112 109 109 0 0 64 82 66
112 106 107 107 109 103 190 194 88 108 104 103 1 0 0 0 0
128 114 113 113 120 109 330 298 139 107 111 104 2 0 0 0 0
112 118 113 112 111 113 128 130 88 115 110 109 3 0 0 0 0
112 105 103 107 111 111 782 860 88 109 104 98 4 0 0 0 0
112 107 108 110 119 113 908 967 88 105 105 98 5 0 0 0 0
112 107 109 107 106 111 115 113 88 127 117 103 6 0 0 0 0
112 125 114 113 113 111 111 112 112 926 745 109 7 0 0 0 0
128 115 113 104 109 109 114 107 101 581 471 107 8 0 0 0 0
112 108 109 108 104 109 106 104 101 241 168 107 9 0 0 0 0
112 125 108 100 104 102 103 101 139 1281 845 105 10 0 0 0 0
128 121 110 104 105 104 102 106 139 513 377 15000 11 0 0 0 0
Chip#1
108 112 112 124 122 114 132 131 112 110 111 108 0 0 192 86 66
152 144 135 228 237 168 411 415 141 145 147 114 1 0 0 0 0
140 137 124 210 232 168 418 415 164 147 163 107 2 0 0 0 0
113 114 120 135 135 120 191 198 112 117 115 109 3 0 0 0 0
161 144 126 237 232 184 895 867 180 137 147 103 4 0 0 0 0
157 137 124 205 221 200 921 927 196 147 147 109 5 0 0 0 0
139 122 120 127 121 117 181 182 122 153 147 105 6 0 0 0 0
237 234 138 152 164 124 162 182 196 714 643 146 7 0 0 0 0
218 203 129 151 151 123 165 183 196 750 715 150 8 0 0 0 0
148 137 122 121 119 121 125 119 123 254 208 112 9 0 0 0 0
238 235 139 140 137 121 170 159 228 727 562 127 10 0 0 0 0
218 208 129 139 140 125 174 175 228 714 603 15000 11 0 0 0 0
Chip#2
112 96 100 94 90 93 95 95 72 93 99 97 0 0 192 86 66
112 109 106 105 106 99 188 210 88 105 106 107 1 0 0 0 0
112 108 108 115 116 106 314 295 88 108 109 95 2 0 0 0 0
112 112 110 104 103 105 124 121 88 102 103 107 3 0 0 0 0
112 108 103 105 110 109 777 856 88 108 106 102 4 0 0 0 0
112 109 107 110 119 115 908 969 97 108 109 107 5 0 0 0 0
112 106 112 107 110 113 115 112 97 127 121 108 6 0 0 0 0
128 129 116 114 116 116 119 114 113 925 748 110 7 0 0 0 0
128 125 110 110 110 113 115 104 98 585 480 113 8 0 0 0 0
112 101 107 102 98 105 101 98 98 240 165 102 9 0 0 0 0
128 124 112 105 105 106 111 106 147 1277 838 112 10 0 0 0 0
128 118 112 105 103 103 104 103 147 506 369 15000 11 0 0 0 0
Chip#1
105 106 114 118 114 106 131 123 103 103 100 102 0 0 0 93 66
152 142 126 217 234 168 403 415 132 140 147 109 1 0 0 0 0
141 144 126 211 239 168 412 415 136 145 147 112 2 0 0 0 0
137 122 126 139 171 129 197 203 120 126 131 109 3 0 0 0 0
163 150 129 228 225 184 883 860 180 137 131 107 4 0 0 0 0
161 143 126 211 220 200 911 898 196 146 147 109 5 0 0 0 0
132 122 115 119 121 120 181 183 116 147 147 107 6 0 0 0 0
243 230 133 157 164 127 163 183 196 710 635 144 7 0 0 0 0
217 204 126 150 164 121 167 183 196 735 705 151 8 0 0 0 0
153 140 122 125 126 121 132 120 126 256 212 115 9 0 0 0 0
231 235 140 135 135 124 177 175 244 731 555 124 10 0 0 0 0
218 204 129 134 132 122 169 175 212 708 591 15000 11 0 0 0 0
Chip#2
112 108 107 103 100 106 97 102 95 106 111 109 0 0 0 93 66
112 107 102 107 111 103 185 178 95 105 108 105 1 0 0 0 0
112 108 104 110 119 106 308 287 95 109 109 102 2 0 0 0 0
112 105 107 103 105 106 121 120 95 104 104 107 3 0 0 0 0
112 106 101 105 114 106 773 851 95 104 104 97 4 0 0 0 0
112 113 108 113 125 119 907 963 95 111 111 104 5 0 0 0 0
112 105 107 108 105 114 115 106 95 128 125 104 6 0 0 0 0
128 120 110 107 109 113 110 110 108 910 748 110 7 0 0 0 0
128 127 110 109 115 113 116 112 96 585 471 110 8 0 0 0 0
112 107 112 104 103 114 110 104 95 238 168 108 9 0 0 0 0
128 126 109 99 104 104 105 106 145 1268 832 109 10 0 0 0 0
112 115 103 99 98 93 98 97 88 497 368 15000 11 0 0 0 0
Chip#1
106 109 112 118 119 112 128 127 107 110 101 106 0 0 128 97 66
149 138 129 237 229 168 398 415 164 137 147 106 1 0 0 0 0
146 143 128 213 234 168 411 394 138 155 147 113 2 0 0 0 0
108 110 115 128 131 117 188 187 110 113 109 102 3 0 0 0 0
166 147 126 237 232 184 881 851 180 140 147 113 4 0 0 0 0
166 147 130 215 221 184 912 891 196 147 147 114 5 0 0 0 0
146 128 119 125 128 124 181 183 119 155 147 111 6 0 0 0 0
240 229 130 156 152 122 161 184 180 698 630 143 7 0 0 0 0
222 208 131 157 164 128 174 183 212 737 706 158 8 0 0 0 0
140 139 120 121 121 115 120 119 120 249 204 107 9 0 0 0 0
233 236 138 138 134 114 162 175 244 719 551 127 10 0 0 0 0
214 204 133 136 131 120 169 159 212 696 591 15000 11 0 0 0 0
Chip#2
112 107 108 102 101 106 102 98 99 107 105 105 0 0 192 98 66
112 110 104 107 111 103 190 194 99 109 103 105 1 0 0 0 0
82 104 101 108 116 99 300 284 99 105 104 98 2 0 0 0 0
112 110 107 103 106 108 123 121 99 111 104 105 3 0 0 0 0
112 112 110 112 118 115 779 855 96 114 109 107 4 0 0 0 0
112 108 108 114 119 117 900 956 95 111 106 104 5 0 0 0 0
112 107 112 108 110 113 118 113 95 132 125 107 6 0 0 0 0
128 127 119 107 114 115 116 114 116 918 745 114 7 0 0 0 0
128 130 119 118 114 119 116 109 102 585 471 113 8 0 0 0 0
112 108 108 105 106 105 110 102 102 242 167 112 9 0 0 0 0
128 125 108 103 106 105 107 106 141 1263 836 109 10 0 0 0 0
128 121 114 102 104 108 107 104 88 505 371 15000 11 0 0 0 0
Chip#1
112 105 114 117 124 112 126 123 104 109 105 106 0 0 128 99 66
151 139 128 215 231 145 398 394 128 141 163 107 1 0 0 0 0
145 138 123 213 240 168 411 415 164 145 163 108 2 0 0 0 0
118 112 120 134 141 120 191 197 116 119 110 113 3 0 0 0 0
160 139 125 228 221 184 865 842 180 138 131 103 4 0 0 0 0
165 140 129 211 223 186 905 882 180 148 147 113 5 0 0 0 0
145 135 124 128 126 129 188 186 126 152 147 114 6 0 0 0 0
243 229 139 155 164 129 163 187 180 698 628 143 7 0 0 0 0
222 204 129 152 164 124 165 186 212 731 703 152 8 0 0 0 0
145 129 119 118 119 120 121 115 119 248 203 111 9 0 0 0 0
240 231 138 142 134 124 170 159 228 719 548 127 10 0 0 0 0
215 201 130 132 131 123 170 159 212 691 585 15000 11 0 0 0 0
Chip#2
112 101 106 102 103 98 97 101 98 106 102 100 0 0 128 99 66
128 100 103 99 105 100 181 194 98 108 103 103 1 0 0 0 0
112 109 110 116 118 110 313 295 98 113 106 105 2 0 0 0 0
112 107 108 105 106 105 121 121 98 109 98 104 3 0 0 0 0
128 108 108 113 116 111 778 851 100 109 109 105 4 0 0 0 0
112 114 114 115 124 122 905 963 99 115 111 108 5 0 0 0 0
128 111 110 114 111 115 115 115 99 128 125 108 6 0 0 0 0
128 120 110 111 114 113 112 110 112 911 740 110 7 0 0 0 0
112 119 107 108 109 106 110 106 112 576 456 102 8 0 0 0 0
112 109 106 103 100 106 102 103 112 236 158 108 9 0 0 0 0
112 124 118 107 110 106 107 110 145 1256 827 108 10 0 0 0 0
128 115 112 102 103 98 102 98 145 504 365 15000 11 0 0 0 0
Chip#1
117 112 115 125 124 115 138 132 119 115 111 113 0 0 0 100 66
157 144 135 237 237 168 410 415 164 148 147 115 1 0 0 0 0
146 142 124 211 233 149 411 393 134 152 147 109 2 0 0 0 0
132 110 115 132 137 120 189 186 115 113 131 106 3 0 0 0 0
163 145 128 228 226 184 863 835 180 138 131 107 4 0 0 0 0
160 142 125 205 218 184 892 872 180 147 147 111 5 0 0 0 0
139 129 119 124 125 124 185 182 120 153 147 111 6 0 0 0 0
240 228 138 153 164 125 165 182 180 692 626 145 7 0 0 0 0
214 201 130 149 164 123 165 182 196 719 691 146 8 0 0 0 0
146 135 119 123 120 116 127 119 122 251 206 113 9 0 0 0 0
237 235 140 145 140 124 174 175 244 713 550 125 10 0 0 0 0
205 196 122 130 126 116 165 159 212 684 578 15000 11 0 0 0 0
Chip#2
112 98 104 104 100 103 100 97 88 99 103 102 0 0 0 100 66
112 102 103 102 105 103 183 194 88 107 105 99 1 0 0 0 0
128 107 108 114 120 110 303 287 88 106 110 103 2 0 0 0 0
112 102 109 104 106 104 123 120 88 105 109 107 3 0 0 0 0
112 107 108 109 114 115 778 851 88 112 110 104 4 0 0 0 0
112 108 102 112 116 114 887 950 88 107 105 97 5 0 0 0 0
128 111 113 109 114 115 120 116 140 131 125 109 6 0 0 0 0
128 124 108 109 114 109 114 110 114 911 737 112 7 0 0 0 0
128 126 115 114 119 119 118 110 104 579 464 115 8 0 0 0 0
128 109 114 110 111 116 110 107 104 242 175 112 9 0 0 0 0
128 129 110 109 111 108 107 102 145 1256 827 105 10 0 0 0 0
112 112 109 104 101 104 100 96 88 496 360 15000 11 0 0 0 0
Chip#1
132 107 115 122 126 116 131 130 113 110 109 109 0 0 64 101 66
145 137 125 216 224 168 394 391 132 140 147 108 1 0 0 0 0
143 136 122 205 233 168 406 386 133 147 163 108 2 0 0 0 0
132 112 112 134 134 117 184 191 116 117 111 105 3 0 0 0 0
168 150 128 228 229 168 867 837 180 142 131 103 4 0 0 0 0
165 139 124 209 214 184 892 867 196 142 147 106 5 0 0 0 0
140 128 114 124 122 122 181 177 115 148 147 108 6 0 0 0 0
232 223 131 150 151 122 161 178 180 683 620 135 7 0 0 0 0
220 208 130 151 164 129 168 177 196 722 697 153 8 0 0 0 0
146 131 114 116 114 111 120 111 115 241 201 105 9 0 0 0 0
240 235 145 147 164 127 176 191 244 711 548 132 10 0 0 0 0
218 202 130 139 132 125 172 175 228 691 580 15000 11 0 0 0 0
Chip#2
112 101 106 98 100 99 96 97 88 102 100 100 0 0 192 101 66
112 109 114 112 118 111 190 194 88 117 112 113 1 0 0 0 0
112 113 107 114 118 108 307 281 88 107 105 96 2 0 0 0 0
112 106 112 107 106 105 121 126 88 113 110 110 3 0 0 0 0
112 108 108 103 113 106 765 844 88 111 105 103 4 0 0 0 0
128 109 108 114 119 115 896 951 94 108 109 104 5 0 0 0 0
128 113 114 114 118 115 120 116 97 137 125 113 6 0 0 0 0
112 120 112 107 110 108 110 110 112 908 727 104 7 0 0 0 0
128 123 110 110 114 113 115 108 100 574 460 113 8 0 0 0 0
112 106 107 105 103 108 105 103 99 239 165 108 9 0 0 0 0
128 130 115 108 108 106 111 109 145 1252 826 110 10 0 0 0 0
112 115 109 109 106 105 105 102 95 500 366 15000 11 0 0 0 0
Chip#1
132 110 114 124 121 113 133 123 108 109 109 105 0 0 128 102 66
145 137 125 237 230 168 394 415 164 141 147 108 1 0 0 0 0
143 140 126 216 234 168 406 387 134 148 147 105 2 0 0 0 0
132 110 112 134 137 120 186 191 109 117 131 107 3 0 0 0 0
163 146 122 237 220 184 857 832 180 137 147 103 4 0 0 0 0
163 139 124 209 215 200 890 867 196 146 147 111 5 0 0 0 0
132 117 114 115 120 112 177 191 110 143 147 99 6 0 0 0 0
239 231 139 155 164 125 167 175 196 691 621 143 7 0 0 0 0
215 207 128 147 150 124 165 159 180 716 685 148 8 0 0 0 0
147 136 120 123 120 114 125 115 116 246 202 108 9 0 0 0 0
225 228 129 130 131 112 161 159 228 702 533 121 10 0 0 0 0
214 202 124 133 130 116 169 159 212 679 578 15000 11 0 0 0 0
Chip#2
112 108 102 99 99 104 97 98 88 99 100 99 0 0 128 102 66
112 102 102 105 109 103 185 194 88 102 103 100 1 0 0 0 0
128 117 110 120 128 115 307 295 96 111 115 108 2 0 0 0 0
112 103 110 102 108 109 121 118 95 107 103 100 3 0 0 0 0
112 107 104 107 114 111 765 847 95 106 109 99 4 0 0 0 0
112 112 113 115 123 120 895 956 100 107 108 105 5 0 0 0 0
112 101 107 104 105 110 110 112 100 124 117 107 6 0 0 0 0
128 123 112 109 115 111 112 113 113 903 719 112 7 0 0 0 0
128 117 108 102 109 109 106 104 113 569 453 102 8 0 0 0 0
112 104 102 99 96 104 98 101 113 225 155 97 9 0 0 0 0
128 127 110 105 106 104 105 104 144 1246 818 113 10 0 0 0 0
128 118 108 104 106 105 102 106 88 502 365 15000 11 0 0 0 0
Chip#1
108 109 114 119 116 109 131 124 109 104 105 101 0 0 128 103 66
146 140 126 215 230 140 396 393 133 140 147 109 1 0 0 0 0
146 140 129 214 237 168 407 392 164 147 163 109 2 0 0 0 0
106 109 112 127 135 112 183 189 110 115 106 100 3 0 0 0 0
166 151 131 237 234 200 864 838 196 143 147 109 4 0 0 0 0
158 142 125 209 217 184 891 863 180 150 147 109 5 0 0 0 0
134 120 107 124 122 117 178 175 116 146 147 105 6 0 0 0 0
239 237 140 161 164 135 170 175 180 693 623 143 7 0 0 0 0
221 204 133 152 164 124 170 175 196 717 692 151 8 0 0 0 0
147 135 124 127 121 121 125 117 123 248 204 111 9 0 0 0 0
237 230 139 141 138 123 169 159 228 710 548 122 10 0 0 0 0
208 198 124 129 127 116 165 175 228 681 577 15000 11 0 0 0 0
Chip#2
112 102 104 100 99 99 101 96 88 101 105 102 0 0 128 103 66
112 107 108 109 106 106 188 194 88 105 105 103 1 0 0 0 0
112 111 108 116 127 110 307 292 88 111 108 102 2 0 0 0 0
112 103 106 103 104 105 116 110 88 99 102 100 3 0 0 0 0
112 107 106 103 108 103 762 839 88 106 100 95 4 0 0 0 0
128 113 107 114 125 119 891 951 96 112 110 104 5 0 0 0 0
128 103 108 104 105 109 111 107 96 125 121 101 6 0 0 0 0
112 117 108 102 100 99 102 101 105 891 736 104 7 0 0 0 0
112 118 109 104 110 106 109 104 105 572 460 107 8 0 0 0 0
112 103 108 102 98 99 101 97 105 232 156 104 9 0 0 0 0
128 136 119 109 105 110 110 109 149 1251 820 114 10 0 0 0 0
112 118 109 105 104 99 101 100 88 493 362 15000 11 0 0 0 0
Chip#1
113 109 112 119 122 119 135 123 112 112 107 105 0 0 64 104 66
146 138 124 213 225 168 394 393 138 138 147 107 1 0 0 0 0
141 139 122 207 229 168 398 392 136 148 147 106 2 0 0 0 0
132 106 115 132 134 116 186 193 112 113 107 103 3 0 0 0 0
164 145 122 237 226 184 855 830 196 138 131 103 4 0 0 0 0
155 136 120 200 213 184 878 853 180 145 131 102 5 0 0 0 0
140 123 120 121 120 123 178 176 114 150 147 102 6 0 0 0 0
238 226 133 149 150 123 163 177 180 685 616 135 7 0 0 0 0
218 204 134 150 151 127 170 177 196 716 688 150 8 0 0 0 0
152 140 126 122 126 122 132 118 121 253 206 114 9 0 0 0 0
232 235 138 142 137 124 172 175 244 705 542 122 10 0 0 0 0
209 197 124 130 131 115 167 159 212 680 567 15000 11 0 0 0 0
Chip#2
112 105 106 102 103 99 98 93 99 101 105 103 0 0 0 105 66
112 104 103 108 110 103 181 194 99 106 106 102 1 0 0 0 0
112 102 101 110 114 102 300 280 99 101 100 98 2 0 0 0 0
112 106 106 102 106 105 119 118 99 107 103 104 3 0 0 0 0
128 112 107 113 117 111 763 836 100 109 110 104 4 0 0 0 0
112 115 110 113 120 116 890 954 99 111 104 102 5 0 0 0 0
128 108 108 107 109 114 109 107 100 128 120 104 6 0 0 0 0
128 124 113 115 108 110 114 109 114 898 736 110 7 0 0 0 0
112 121 109 112 114 110 112 104 114 568 457 107 8 0 0 0 0
128 115 118 109 114 117 106 107 98 242 169 110 9 0 0 0 0
128 125 112 105 103 102 102 102 140 1241 813 104 10 0 0 0 0
112 119 109 105 103 104 101 101 88 491 365 15000 11 0 0 0 0
Chip#1
132 108 116 119 124 115 132 127 113 109 109 108 0 0 192 105 66
147 143 121 213 229 143 397 387 127 140 147 107 1 0 0 0 0
143 138 121 204 231 168 403 387 131 146 147 103 2 0 0 0 0
117 112 116 133 138 121 191 191 113 122 115 108 3 0 0 0 0
167 150 130 237 227 200 852 830 180 141 147 108 4 0 0 0 0
159 137 121 204 213 200 878 855 196 145 147 105 5 0 0 0 0
135 122 115 121 124 115 178 175 115 147 147 106 6 0 0 0 0
239 226 136 152 164 124 168 175 196 683 611 138 7 0 0 0 0
224 204 131 153 164 130 170 175 196 715 687 151 8 0 0 0 0
141 131 115 119 112 113 122 117 113 239 196 108 9 0 0 0 0
232 232 138 136 137 122 170 175 244 697 540 122 10 0 0 0 0
212 200 126 134 131 122 167 159 212 678 574 15000 11 0 0 0 0
Chip#2
128 107 108 100 101 103 101 96 88 106 109 107 0 0 192 105 66
112 107 108 109 109 103 183 194 88 109 108 104 1 0 0 0 0
112 110 103 114 120 108 306 287 88 106 109 104 2 0 0 0 0
112 112 107 107 104 106 124 123 88 109 110 105 3 0 0 0 0
112 105 106 105 114 108 767 839 88 107 105 97 4 0 0 0 0
128 114 110 113 119 120 892 955 98 112 111 104 5 0 0 0 0
112 108 108 105 108 110 110 113 98 126 116 108 6 0 0 0 0
112 120 107 99 103 104 107 107 108 892 712 102 7 0 0 0 0
128 114 104 99 108 106 112 108 108 566 452 100 8 0 0 0 0
112 117 112 109 110 114 107 112 98 244 169 113 9 0 0 0 0
128 129 120 109 109 106 111 108 151 1253 825 114 10 0 0 0 0
128 118 110 102 108 103 106 103 104 496 363 15000 11 0 0 0 0
Chip#1
108 105 108 117 118 112 128 124 109 109 105 103 0 0 0 107 66
146 142 128 216 230 168 393 389 135 141 147 108 1 0 0 0 0
146 142 129 211 239 184 406 415 164 151 163 111 2 0 0 0 0
117 115 121 139 140 120 196 197 122 124 119 113 3 0 0 0 0
168 148 130 237 224 200 856 827 196 137 163 111 4 0 0 0 0
163 147 130 213 220 184 884 860 196 146 147 112 5 0 0 0 0
140 122 121 127 124 121 184 179 122 150 131 112 6 0 0 0 0
240 231 140 155 164 127 170 179 180 684 617 138 7 0 0 0 0
215 206 125 151 164 121 169 181 196 713 683 147 8 0 0 0 0
143 131 121 122 113 111 132 117 119 244 201 105 9 0 0 0 0
234 229 140 142 132 121 173 159 228 701 543 124 10 0 0 0 0
218 202 131 136 135 121 175 175 212 681 578 15000 11 0 0 0 0
Chip#2
112 107 108 105 101 108 102 107 88 104 103 108 0 0 0 107 66
112 107 108 108 111 103 185 194 88 107 100 104 1 0 0 0 0
112 114 108 114 116 108 307 286 88 111 109 102 2 0 0 0 0
112 102 106 98 94 99 116 112 88 101 97 102 3 0 0 0 0
112 108 110 108 114 114 763 839 96 108 109 103 4 0 0 0 0
112 111 106 114 115 120 884 930 95 106 109 103 5 0 0 0 0
112 107 104 105 111 111 109 110 95 127 123 103 6 0 0 0 0
128 131 116 116 117 117 118 115 118 897 736 112 7 0 0 0 0
112 114 101 100 108 108 106 102 118 567 447 100 8 0 0 0 0
112 106 102 105 100 108 105 101 88 234 158 104 9 0 0 0 0
128 129 119 110 113 109 112 114 145 1237 817 110 10 0 0 0 0
128 114 106 104 100 103 101 99 145 488 363 15000 11 0 0 0 0
Chip#1
112 112 120 123 128 119 136 130 116 114 109 107 0 0 0 108 66
153 142 131 213 233 168 394 394 136 145 147 109 1 0 0 0 0
150 143 129 213 240 168 409 391 164 153 163 114 2 0 0 0 0
113 108 112 133 133 116 188 188 109 115 112 99 3 0 0 0 0
171 153 126 237 230 184 859 829 180 142 147 113 4 0 0 0 0
161 138 119 209 213 184 873 851 196 141 147 105 5 0 0 0 0
146 132 121 128 126 123 188 183 123 153 147 111 6 0 0 0 0
243 234 140 158 164 129 170 183 196 687 617 141 7 0 0 0 0
213 203 131 147 164 121 168 183 196 709 680 147 8 0 0 0 0
143 131 115 117 114 113 116 110 114 242 201 107 9 0 0 0 0
238 232 142 149 139 121 172 175 228 701 545 131 10 0 0 0 0
217 204 130 136 139 122 169 159 212 678 578 15000 11 0 0 0 0
Chip#2
112 100 101 99 99 99 98 95 97 98 102 102 0 0 0 108 66
112 101 104 108 108 105 188 194 97 101 108 105 1 0 0 0 0
112 106 108 113 119 108 303 291 97 108 106 98 2 0 0 0 0
128 107 106 102 105 102 123 114 97 104 100 104 3 0 0 0 0
112 108 110 113 114 109 768 839 97 109 106 108 4 0 0 0 0
112 112 108 113 122 116 892 950 96 111 106 107 5 0 0 0 0
112 107 109 103 110 109 115 112 95 126 120 103 6 0 0 0 0
112 123 110 108 110 115 118 110 113 896 711 107 7 0 0 0 0
112 115 109 105 108 108 109 106 113 560 451 105 8 0 0 0 0
112 106 101 98 96 102 100 100 113 229 156 99 9 0 0 0 0
128 133 119 112 110 111 115 112 153 1246 824 113 10 0 0 0 0
128 123 110 104 108 105 112 104 100 499 370 15000 11 0 0 0 0
Chip#1
104 106 107 113 119 107 125 123 104 102 99 100 0 0 192 108 66
152 135 122 214 229 138 390 386 134 138 147 103 1 0 0 0 0
150 144 131 214 238 168 409 392 164 153 147 113 2 0 0 0 0
132 109 120 129 135 117 185 191 116 113 110 106 3 0 0 0 0
165 144 128 228 223 184 847 820 180 134 131 105 4 0 0 0 0
157 136 124 200 211 184 873 854 180 143 147 103 5 0 0 0 0
145 123 122 122 125 121 178 179 120 150 131 102 6 0 0 0 0
244 226 144 157 164 127 168 179 180 683 613 141 7 0 0 0 0
217 203 130 157 164 123 168 181 196 704 679 151 8 0 0 0 0
151 137 126 117 120 121 125 116 121 249 208 114 9 0 0 0 0
239 236 143 145 139 124 177 175 244 699 538 130 10 0 0 0 0
217 200 131 133 134 123 173 159 212 679 568 15000 11 0 0 0 0
Chip#2
112 101 106 102 101 102 100 102 88 101 108 102 0 0 192 108 66
112 104 106 104 106 100 185 194 88 108 106 103 1 0 0 0 0
112 118 112 115 121 104 307 293 88 112 108 107 2 0 0 0 0
112 111 109 107 110 110 125 125 88 113 111 109 3 0 0 0 0
112 108 106 105 113 109 763 839 88 109 109 104 4 0 0 0 0
112 108 106 109 118 113 882 945 88 107 104 98 5 0 0 0 0
112 101 102 104 105 105 110 108 88 124 120 103 6 0 0 0 0
112 123 109 108 108 110 110 112 112 883 717 104 7 0 0 0 0
128 123 109 110 113 113 110 107 98 562 451 108 8 0 0 0 0
112 114 110 112 108 114 107 106 98 239 165 110 9 0 0 0 0
112 127 108 103 104 105 109 110 141 1239 816 108 10 0 0 0 0
87 113 102 100 100 99 101 97 88 488 360 15000 11 0 0 0 0
Chip#1
115 109 117 123 125 119 137 127 115 115 110 109 0 0 64 110 66
145 136 124 207 225 143 382 380 125 133 131 105 1 0 0 0 0
138 134 119 207 224 168 394 380 129 137 147 106 2 0 0 0 0
138 117 125 135 139 128 192 194 120 121 131 112 3 0 0 0 0
168 147 130 228 230 184 852 820 180 140 131 109 4 0 0 0 0
157 136 122 200 215 184 872 849 180 143 131 106 5 0 0 0 0
138 127 120 125 125 124 179 181 118 150 147 112 6 0 0 0 0
244 236 145 158 164 136 173 181 196 680 619 143 7 0 0 0 0
214 200 125 150 149 122 164 182 196 710 679 147 8 0 0 0 0
147 135 116 115 113 113 119 112 118 241 198 109 9 0 0 0 0
234 235 143 142 135 124 174 175 228 703 540 127 10 0 0 0 0
212 203 131 138 134 127 170 159 212 675 568 15000 11 0 0 0 0
Chip#2
112 105 109 104 103 100 98 101 88 104 108 105 0 0 64 110 66
112 116 110 110 114 109 190 194 88 108 112 108 1 0 0 0 0
112 107 108 109 111 99 298 284 88 108 104 95 2 0 0 0 0
112 106 102 102 100 103 119 120 88 99 105 102 3 0 0 0 0
112 99 102 102 109 106 757 834 88 100 100 95 4 0 0 0 0
128 114 115 119 125 123 891 953 100 111 111 109 5 0 0 0 0
112 106 106 105 109 113 116 112 99 124 116 108 6 0 0 0 0
112 125 108 108 104 111 115 113 113 885 712 108 7 0 0 0 0
112 119 109 104 109 109 107 109 113 562 449 105 8 0 0 0 0
128 111 109 104 105 111 107 106 113 234 161 107 9 0 0 0 0
128 126 119 109 109 109 116 109 149 1236 819 109 10 0 0 0 0
128 119 112 104 106 104 109 108 149 496 362 15000 11 0 0 0 0
Chip#1
132 112 117 125 127 117 138 126 114 121 131 111 0 0 64 111 66
143 136 124 209 225 141 389 385 131 132 131 103 1 0 0 0 0
150 145 133 217 243 168 409 393 164 153 163 115 2 0 0 0 0
112 109 124 134 143 122 188 193 114 113 114 107 3 0 0 0 0
168 147 128 228 227 184 850 824 180 143 147 108 4 0 0 0 0
157 138 121 200 214 184 868 847 180 140 147 105 5 0 0 0 0
138 124 116 121 122 119 179 191 116 147 147 106 6 0 0 0 0
233 223 133 153 145 125 161 159 180 671 603 134 7 0 0 0 0
215 202 129 149 145 123 165 159 196 709 659 148 8 0 0 0 0
146 137 120 123 122 119 128 118 119 243 202 111 9 0 0 0 0
237 229 134 138 132 123 169 175 228 692 537 126 10 0 0 0 0
209 193 122 125 133 114 167 175 228 669 565 15000 11 0 0 0 0
Chip#2
112 107 106 102 101 99 100 101 72 106 105 102 0 0 64 111 66
112 112 112 108 114 110 187 194 88 114 111 110 1 0 0 0 0
128 114 115 118 127 111 313 292 141 112 117 105 2 0 0 0 0
112 107 112 107 105 108 119 121 88 106 105 104 3 0 0 0 0
128 108 106 107 114 111 758 837 141 111 111 102 4 0 0 0 0
112 109 102 107 116 116 877 930 88 102 106 98 5 0 0 0 0
128 106 106 103 108 108 114 114 88 126 121 105 6 0 0 0 0
128 124 114 116 115 115 119 116 118 896 736 112 7 0 0 0 0
128 118 110 112 114 115 114 108 97 566 459 109 8 0 0 0 0
112 104 102 102 103 104 101 102 97 228 160 100 9 0 0 0 0
128 120 108 100 104 103 107 99 140 1233 811 104 10 0 0 0 0
112 107 98 94 93 92 94 90 88 478 352 15000 11 0 0 0 0
Chip#1
110 107 114 112 120 112 128 122 103 104 102 102 0 0 192 112 66
149 139 129 215 230 141 392 386 129 140 147 109 1 0 0 0 0
144 137 126 204 232 168 401 381 135 146 163 108 2 0 0 0 0
110 110 121 129 137 120 184 186 112 115 111 106 3 0 0 0 0
163 145 126 215 220 184 839 812 164 138 131 103 4 0 0 0 0
165 143 134 209 221 200 872 857 196 150 147 115 5 0 0 0 0
138 123 119 118 124 121 177 178 113 147 147 106 6 0 0 0 0
234 226 136 152 164 125 161 179 180 672 605 135 7 0 0 0 0
215 200 133 149 164 122 159 179 180 703 659 144 8 0 0 0 0
147 139 126 130 128 127 132 123 126 246 202 117 9 0 0 0 0
239 235 143 141 138 122 173 175 228 695 537 125 10 0 0 0 0
203 193 122 124 125 119 159 159 212 668 560 15000 11 0 0 0 0
Chip#2
112 106 108 100 104 103 103 102 88 102 105 104 0 0 192 112 66
128 103 102 105 105 100 182 194 88 105 108 104 1 0 0 0 0
112 108 106 114 114 109 298 287 88 112 108 102 2 0 0 0 0
128 109 109 109 106 110 120 124 88 107 104 105 3 0 0 0 0
112 108 103 105 109 110 761 835 88 108 108 103 4 0 0 0 0
112 108 106 108 119 114 880 946 88 106 106 98 5 0 0 0 0
128 105 114 110 110 110 119 109 143 125 125 108 6 0 0 0 0
128 127 114 114 113 115 116 114 116 890 714 113 7 0 0 0 0
128 118 112 110 111 111 115 108 116 566 451 107 8 0 0 0 0
112 101 106 98 96 105 105 101 116 230 161 98 9 0 0 0 0
128 125 118 112 113 108 111 109 145 1237 818 112 10 0 0 0 0
128 117 112 107 100 105 104 99 145 496 361 15000 11 0 0 0 0
Chip#1
132 107 119 121 124 113 132 159 110 109 131 106 0 0 64 114 66
146 137 128 213 232 141 393 383 133 140 147 103 1 0 0 0 0
138 135 119 208 231 168 395 378 133 145 163 105 2 0 0 0 0
117 108 119 132 135 115 186 188 113 114 112 106 3 0 0 0 0
174 148 133 228 232 184 843 823 180 143 147 111 4 0 0 0 0
161 140 125 203 217 200 869 847 196 145 147 111 5 0 0 0 0
139 124 121 119 122 123 176 181 116 150 147 107 6 0 0 0 0
232 224 131 150 164 125 163 182 180 669 609 139 7 0 0 0 0
212 196 128 147 144 122 161 182 180 695 659 146 8 0 0 0 0
147 131 124 119 121 115 125 117 120 243 203 109 9 0 0 0 0
228 224 131 136 134 117 169 175 228 689 531 124 10 0 0 0 0
211 198 126 133 130 120 165 159 212 667 563 15000 11 0 0 0 0
Chip#2
128 108 108 109 103 104 102 103 88 106 109 105 0 0 64 114 66
112 103 106 107 106 102 179 194 88 99 104 103 1 0 0 0 0
112 109 109 115 119 109 301 286 88 109 108 100 2 0 0 0 0
112 108 112 105 110 110 119 124 88 107 105 110 3 0 0 0 0
128 106 112 112 118 111 765 843 97 111 111 105 4 0 0 0 0
128 111 114 116 120 117 881 946 97 108 117 105 5 0 0 0 0
128 107 109 110 113 109 114 115 97 127 117 107 6 0 0 0 0
112 127 109 108 110 106 109 113 106 884 704 110 7 0 0 0 0
112 115 107 108 110 106 109 104 106 560 448 102 8 0 0 0 0
112 107 109 105 101 104 106 106 106 235 164 108 9 0 0 0 0
112 124 112 102 104 99 103 104 137 1228 809 108 10 0 0 0 0
128 114 109 97 105 100 98 99 137 490 360 15000 11 0 0 0 0
Chip#1
112 109 114 117 120 109 131 125 109 109 110 106 0 0 128 115 66
150 142 128 214 227 168 395 388 132 140 147 107 1 0 0 0 0
143 142 124 209 232 141 399 382 135 148 147 107 2 0 0 0 0
133 114 119 132 131 120 189 189 116 117 109 109 3 0 0 0 0
171 153 131 237 229 184 847 818 180 143 147 114 4 0 0 0 0
163 137 125 205 213 200 870 843 196 145 147 106 5 0 0 0 0
140 127 120 125 125 120 179 175 119 150 147 105 6 0 0 0 0
242 230 139 153 164 127 170 175 196 675 615 138 7 0 0 0 0
214 200 129 146 164 121 163 159 196 695 659 145 8 0 0 0 0
149 139 124 122 122 117 130 117 122 241 204 111 9 0 0 0 0
238 237 143 142 139 125 177 175 228 699 536 128 10 0 0 0 0
207 193 124 127 127 115 164 159 212 666 562 15000 11 0 0 0 0
Chip#2
128 105 104 103 105 100 102 101 88 107 105 103 0 0 64 116 66
112 112 103 103 109 105 181 194 88 106 106 99 1 0 0 0 0
128 115 112 119 122 113 310 292 143 111 116 108 2 0 0 0 0
112 111 108 108 111 109 125 121 88 105 106 105 3 0 0 0 0
112 108 103 110 113 114 757 835 88 108 106 105 4 0 0 0 0
112 111 109 113 120 114 880 946 94 109 109 103 5 0 0 0 0
128 102 103 109 108 111 115 109 94 126 119 104 6 0 0 0 0
112 119 103 105 106 110 107 106 108 878 701 97 7 0 0 0 0
128 125 112 107 114 113 112 109 98 566 451 105 8 0 0 0 0
112 106 103 100 96 102 98 101 98 227 158 100 9 0 0 0 0
128 130 118 110 109 109 111 112 147 1234 816 113 10 0 0 0 0
128 118 107 99 99 98 101 101 147 486 360 15000 11 0 0 0 0
