Chipdp
84 2 82 2 16 6 4 10 6 11 6 10 7 11 7 4 7 6 8 6 7 7 8 7 4 4 6 5 6 4 7 5 7 4 1 6 2 6 1 7 2 7 4 10 9 11 9 10 10 11 10 4 7 9 8 9 7 10 8 10 4 4 9 5 9 4 10 5 10 4 1 9 2 9 1 10 2 10 4 10 3 11 3 10 4 11 4 4 7 3 8 3 7 4 8 4 4 4 3 5 3 4 4 5 4 4 1 3 2 3 1 4 2 4 4 10 0 11 0 10 1 11 1 4 7 0 8 0 7 1 8 1 4 4 0 5 0 4 1 5 1 4 1 0 2 0 1 1 2 1 4 10 6 11 6 10 7 11 7 4 7 6 8 6 7 7 8 7 4 4 6 5 6 4 7 5 7 4 1 6 2 6 1 7 2 7 4 10 9 11 9 10 10 11 10 4 7 9 8 9 7 10 8 10 4 4 9 5 9 4 10 5 10 4 1 9 2 9 1 10 2 10 4 10 3 11 3 10 4 11 4 4 7 3 8 3 7 4 8 4 4 4 3 5 3 4 4 5 4 4 1 3 2 3 1 4 2 4 4 10 0 11 0 10 1 11 1 4 7 0 8 0 7 1 8 1 4 4 0 5 0 4 1 5 1 4 1 0 2 0 1 1 2 1 
Chip#1
106 101 103 106 101 100 101 99 104 104 94 100 0 0 192 74 66
106 99 105 112 107 108 112 111 103 98 100 97 1 0 0 0 0
108 101 108 109 105 106 114 110 103 98 101 99 2 0 0 0 0
103 98 103 103 100 106 101 94 97 95 95 98 3 0 0 0 0
104 94 107 111 103 104 122 114 103 95 95 101 4 0 0 0 0
108 101 111 109 107 108 126 118 103 100 101 101 5 0 0 0 0
109 104 112 110 111 109 104 102 107 108 102 102 6 0 0 0 0
110 104 108 108 109 108 106 101 107 122 131 103 7 0 0 0 0
104 97 105 105 102 104 105 96 101 118 131 101 8 0 0 0 0
108 101 112 109 109 106 103 100 107 108 106 107 9 0 0 0 0
109 104 107 109 107 108 101 95 101 122 131 100 10 0 0 0 0
132 104 107 110 105 106 102 99 104 123 131 15000 11 0 0 0 0
Chip#2
112 98 101 94 91 97 98 93 89 99 98 102 0 0 128 76 66
112 102 100 95 100 98 104 101 89 96 96 102 1 0 0 0 0
87 99 101 94 96 99 116 112 89 99 102 97 2 0 0 0 0
112 99 98 93 93 99 97 93 89 98 96 99 3 0 0 0 0
112 104 98 94 94 100 124 126 89 98 102 103 4 0 0 0 0
112 104 101 100 101 104 136 133 89 105 103 104 5 0 0 0 0
112 107 107 99 100 106 102 100 89 107 104 110 6 0 0 0 0
112 110 106 105 103 105 101 101 89 133 131 107 7 0 0 0 0
112 102 103 95 101 99 93 97 89 119 115 103 8 0 0 0 0
112 100 95 92 96 102 100 96 89 101 104 104 9 0 0 0 0
112 100 103 92 98 105 100 93 89 141 126 104 10 0 0 0 0
112 101 100 99 98 102 96 91 89 111 108 15000 11 0 0 0 0
Chip#1
105 102 106 105 102 108 102 101 103 104 96 100 0 0 64 78 66
102 99 105 106 105 104 115 110 103 102 131 99 1 0 0 0 0
102 95 101 105 105 107 111 106 95 96 99 93 2 0 0 0 0
100 97 102 101 101 105 102 96 97 96 92 98 3 0 0 0 0
100 97 107 103 102 106 120 115 102 96 98 94 4 0 0 0 0
102 97 106 109 108 108 125 115 103 103 101 101 5 0 0 0 0
102 100 103 106 100 105 103 99 103 104 96 99 6 0 0 0 0
106 106 106 105 102 103 103 97 103 122 131 102 7 0 0 0 0
102 94 102 103 99 100 99 94 102 113 131 98 8 0 0 0 0
102 100 102 105 105 101 104 96 103 105 101 98 9 0 0 0 0
99 102 107 103 100 108 103 94 101 118 131 103 10 0 0 0 0
104 100 107 106 103 106 104 100 102 117 131 15000 11 0 0 0 0
Chip#2
112 102 100 97 95 102 97 95 89 102 100 102 0 0 64 78 66
112 106 102 99 98 100 103 104 89 105 100 105 1 0 0 0 0
112 102 98 95 94 98 109 107 89 95 100 102 2 0 0 0 0
112 106 104 98 99 104 98 102 89 104 102 105 3 0 0 0 0
112 105 98 98 99 96 127 129 89 100 104 105 4 0 0 0 0
112 100 101 99 101 100 134 131 89 99 105 104 5 0 0 0 0
112 103 106 100 98 103 101 98 89 107 102 109 6 0 0 0 0
112 107 107 100 103 104 98 99 89 138 138 107 7 0 0 0 0
128 106 104 104 105 105 102 97 89 121 121 112 8 0 0 0 0
112 101 100 98 96 99 98 93 89 104 100 104 9 0 0 0 0
112 112 109 108 104 108 110 106 89 152 139 113 10 0 0 0 0
112 101 106 94 99 103 98 100 89 112 109 15000 11 0 0 0 0
Chip#1
100 97 102 100 96 103 101 93 96 94 96 96 0 0 64 80 66
103 101 105 109 106 106 112 112 106 100 100 100 1 0 0 0 0
106 106 110 116 107 108 117 114 108 103 102 112 2 0 0 0 0
95 92 100 97 100 100 96 97 100 91 95 95 3 0 0 0 0
109 105 110 113 111 114 126 123 107 103 102 107 4 0 0 0 0
106 102 112 108 106 111 125 122 103 103 100 101 5 0 0 0 0
109 104 111 113 107 112 106 107 104 100 104 100 6 0 0 0 0
112 106 110 113 113 107 106 105 107 123 147 106 7 0 0 0 0
106 97 110 108 101 107 102 103 97 122 131 99 8 0 0 0 0
108 105 114 110 106 109 105 101 103 107 105 105 9 0 0 0 0
109 106 112 110 106 107 107 100 103 118 131 107 10 0 0 0 0
109 109 111 110 109 111 104 109 108 121 131 15000 11 0 0 0 0
Chip#2
112 104 104 99 95 103 101 102 89 102 103 103 0 0 64 80 66
112 106 109 102 104 104 106 108 89 102 105 107 1 0 0 0 0
112 104 103 100 103 99 119 116 89 104 105 108 2 0 0 0 0
112 102 103 102 101 99 100 98 89 100 100 107 3 0 0 0 0
112 99 102 94 98 100 125 127 89 105 104 103 4 0 0 0 0
112 108 107 103 103 108 136 132 89 104 106 108 5 0 0 0 0
112 98 102 95 95 98 97 96 89 96 99 105 6 0 0 0 0
112 105 103 100 99 102 102 102 89 131 126 105 7 0 0 0 0
112 100 97 97 99 99 96 100 89 115 110 100 8 0 0 0 0
112 104 107 97 95 103 105 103 89 109 103 107 9 0 0 0 0
112 100 101 95 93 99 101 98 89 144 135 102 10 0 0 0 0
112 105 104 99 94 99 97 97 89 118 115 15000 11 0 0 0 0
Chip#1
103 100 103 108 105 105 101 102 102 105 100 103 0 0 0 82 66
105 101 110 108 105 104 115 112 106 103 101 101 1 0 0 0 0
103 98 106 105 103 101 114 107 101 99 96 98 2 0 0 0 0
104 98 107 106 105 106 102 101 104 103 96 102 3 0 0 0 0
105 101 108 109 106 108 122 123 102 102 99 101 4 0 0 0 0
102 98 105 107 100 106 117 116 101 98 100 99 5 0 0 0 0
132 100 111 108 107 109 107 106 104 103 131 102 6 0 0 0 0
111 106 110 108 108 111 107 103 108 124 131 107 7 0 0 0 0
103 102 101 102 100 100 97 90 99 117 131 100 8 0 0 0 0
104 98 107 103 99 104 102 96 99 99 94 100 9 0 0 0 0
106 102 110 108 106 106 100 99 101 118 131 106 10 0 0 0 0
102 95 105 100 97 98 97 95 96 109 131 15000 11 0 0 0 0
Chip#2
81 102 101 98 99 97 97 95 89 101 98 105 0 0 192 82 66
112 101 100 97 98 99 106 106 89 98 104 100 1 0 0 0 0
112 113 110 105 108 105 129 124 89 107 111 114 2 0 0 0 0
80 99 95 93 95 97 96 95 89 94 96 100 3 0 0 0 0
112 109 106 100 103 99 129 130 89 106 105 109 4 0 0 0 0
81 106 101 102 98 100 129 135 89 105 98 107 5 0 0 0 0
112 106 102 102 101 100 106 98 89 106 102 112 6 0 0 0 0
112 107 106 104 104 104 101 98 89 132 129 108 7 0 0 0 0
112 104 102 98 100 103 100 97 89 114 116 108 8 0 0 0 0
112 102 98 93 98 97 96 93 89 102 102 102 9 0 0 0 0
112 98 98 91 94 93 95 91 89 138 126 104 10 0 0 0 0
84 105 106 98 96 97 97 96 89 114 108 15000 11 0 0 0 0
Chip#1
104 102 112 109 112 111 106 101 110 108 100 106 0 0 128 83 66
103 99 106 106 109 101 115 108 102 99 97 100 1 0 0 0 0
105 100 106 109 108 107 112 109 106 102 99 99 2 0 0 0 0
109 101 111 109 108 111 103 103 103 104 100 101 3 0 0 0 0
110 104 111 111 109 111 127 122 104 105 99 101 4 0 0 0 0
104 106 114 106 109 108 128 122 103 102 100 101 5 0 0 0 0
105 106 112 109 113 111 105 103 108 108 100 103 6 0 0 0 0
98 95 101 102 101 100 99 92 97 114 131 96 7 0 0 0 0
106 104 110 107 102 106 105 101 100 121 131 103 8 0 0 0 0
104 105 111 108 108 107 106 97 106 108 100 99 9 0 0 0 0
102 99 106 105 105 105 103 96 99 114 131 98 10 0 0 0 0
105 105 112 108 107 113 105 103 107 127 131 15000 11 0 0 0 0
Chip#2
112 104 103 99 101 103 101 95 89 104 103 107 0 0 128 83 66
112 102 100 100 94 98 106 102 89 99 100 103 1 0 0 0 0
112 100 98 99 98 99 119 114 89 96 104 102 2 0 0 0 0
112 101 104 100 104 102 101 102 89 101 105 107 3 0 0 0 0
112 105 103 99 103 99 124 125 89 102 100 107 4 0 0 0 0
112 102 96 97 98 96 127 127 89 93 96 99 5 0 0 0 0
112 95 100 94 98 96 97 98 89 96 95 102 6 0 0 0 0
112 110 106 105 100 100 103 102 89 141 133 109 7 0 0 0 0
112 102 103 102 98 98 98 96 89 114 115 107 8 0 0 0 0
112 104 102 95 96 105 98 96 89 106 100 104 9 0 0 0 0
112 100 107 100 99 98 102 93 89 141 132 103 10 0 0 0 0
112 105 100 95 96 99 96 98 89 112 112 15000 11 0 0 0 0
Chip#1
100 102 103 102 103 103 101 102 99 99 100 100 0 0 192 84 66
106 106 110 109 106 106 117 114 101 102 104 100 1 0 0 0 0
106 101 112 107 113 113 117 111 106 108 104 101 2 0 0 0 0
104 97 103 106 101 105 101 99 96 99 101 93 3 0 0 0 0
105 102 112 110 111 107 126 122 104 104 101 106 4 0 0 0 0
105 99 110 106 106 103 126 120 106 102 96 101 5 0 0 0 0
109 102 108 105 103 107 103 100 102 104 102 100 6 0 0 0 0
109 105 111 107 105 109 104 104 102 121 117 103 7 0 0 0 0
112 106 114 107 108 111 107 104 106 126 131 107 8 0 0 0 0
106 100 111 105 103 105 105 97 103 112 102 102 9 0 0 0 0
99 101 108 103 105 104 106 96 100 122 131 100 10 0 0 0 0
104 95 103 101 100 101 100 96 100 114 131 15000 11 0 0 0 0
Chip#2
112 98 98 98 101 103 93 93 89 100 97 102 0 0 192 84 66
112 99 103 98 100 100 103 107 89 102 102 103 1 0 0 0 0
112 100 98 98 98 102 118 112 89 106 100 99 2 0 0 0 0
112 101 100 102 99 105 101 104 89 105 106 107 3 0 0 0 0
112 100 100 94 95 99 120 127 89 106 103 99 4 0 0 0 0
78 101 97 98 95 98 129 132 89 95 98 99 5 0 0 0 0
128 103 102 100 100 99 98 97 89 101 104 105 6 0 0 0 0
112 104 103 95 98 100 97 97 89 132 128 107 7 0 0 0 0
112 96 102 99 96 97 98 96 89 114 119 100 8 0 0 0 0
112 107 107 102 100 108 106 103 89 108 111 108 9 0 0 0 0
112 108 107 102 98 103 100 97 89 148 134 104 10 0 0 0 0
112 105 103 95 95 99 98 96 89 117 115 15000 11 0 0 0 0
Chip#1
104 104 108 107 107 107 103 101 101 104 97 100 0 0 192 85 66
96 97 107 103 103 101 109 107 100 95 99 99 1 0 0 0 0
103 99 109 108 112 113 116 107 103 98 131 101 2 0 0 0 0
104 99 107 105 106 107 104 100 97 102 96 101 3 0 0 0 0
100 101 106 106 105 107 125 118 103 104 101 98 4 0 0 0 0
110 106 111 107 111 109 127 124 106 108 100 100 5 0 0 0 0
102 100 106 108 103 106 106 102 101 105 99 100 6 0 0 0 0
99 95 103 100 100 97 101 92 95 112 131 93 7 0 0 0 0
97 98 102 101 102 99 100 95 96 117 131 93 8 0 0 0 0
99 99 106 102 99 105 101 92 99 105 101 99 9 0 0 0 0
112 104 114 111 108 107 112 103 109 126 117 107 10 0 0 0 0
99 101 109 101 102 105 102 97 102 119 131 15000 11 0 0 0 0
Chip#2
112 109 108 102 101 110 107 103 89 109 109 112 0 0 64 86 66
112 108 104 95 98 104 112 109 89 105 99 104 1 0 0 0 0
84 95 100 94 93 96 112 112 89 98 98 99 2 0 0 0 0
81 95 92 94 91 99 89 92 89 98 93 98 3 0 0 0 0
112 102 102 97 94 97 123 129 89 102 100 104 4 0 0 0 0
112 102 100 94 98 98 132 127 89 102 99 105 5 0 0 0 0
128 108 106 98 103 110 105 106 89 105 106 105 6 0 0 0 0
128 107 107 103 101 106 102 104 89 133 137 108 7 0 0 0 0
128 106 104 104 100 100 102 99 89 122 123 108 8 0 0 0 0
128 107 104 98 99 103 102 98 89 109 109 105 9 0 0 0 0
112 105 106 97 99 103 104 102 89 146 132 105 10 0 0 0 0
112 101 98 94 94 96 96 92 89 111 106 15000 11 0 0 0 0
Chip#1
92 93 100 96 97 99 99 93 93 90 91 92 0 0 192 86 66
106 104 112 108 105 105 120 115 107 103 104 102 1 0 0 0 0
100 99 103 107 105 107 114 109 100 99 101 100 2 0 0 0 0
102 100 102 102 100 103 105 101 100 95 95 98 3 0 0 0 0
103 102 108 107 106 103 122 118 102 98 101 98 4 0 0 0 0
104 99 110 101 106 108 121 116 101 95 99 98 5 0 0 0 0
109 104 112 113 111 109 109 107 102 104 106 105 6 0 0 0 0
108 107 119 112 112 112 109 102 109 122 131 107 7 0 0 0 0
106 107 112 109 109 108 106 99 101 119 131 106 8 0 0 0 0
103 106 110 110 107 108 106 101 104 107 131 107 9 0 0 0 0
109 106 107 105 102 107 104 96 103 119 114 102 10 0 0 0 0
100 99 106 103 97 105 101 97 103 112 131 15000 11 0 0 0 0
Chip#2
79 96 100 92 90 98 93 86 89 98 96 97 0 0 192 86 66
112 104 102 99 95 102 101 107 89 102 102 104 1 0 0 0 0
112 106 104 99 100 105 118 115 89 102 99 102 2 0 0 0 0
112 106 103 103 101 106 105 106 89 109 108 107 3 0 0 0 0
112 110 108 108 108 104 130 132 89 107 112 108 4 0 0 0 0
112 100 102 99 99 103 129 131 89 105 102 105 5 0 0 0 0
112 96 92 91 88 89 95 90 89 94 96 98 6 0 0 0 0
112 107 102 102 103 100 101 97 89 131 128 107 7 0 0 0 0
112 107 104 95 100 100 100 97 89 121 115 108 8 0 0 0 0
112 112 104 104 103 105 106 103 89 112 105 110 9 0 0 0 0
112 102 98 93 94 97 101 98 89 144 128 104 10 0 0 0 0
112 102 98 98 98 98 100 97 89 112 108 15000 11 0 0 0 0
Chip#1
98 99 107 106 102 105 103 99 101 102 95 98 0 0 0 88 66
103 101 107 107 106 105 105 109 97 100 102 99 1 0 0 0 0
109 106 112 111 112 115 121 117 109 104 109 106 2 0 0 0 0
108 101 114 109 109 106 114 107 103 104 104 101 3 0 0 0 0
106 100 108 110 107 105 124 118 106 103 99 105 4 0 0 0 0
102 94 101 101 99 99 117 115 100 96 93 94 5 0 0 0 0
99 104 107 111 103 106 100 100 100 99 97 102 6 0 0 0 0
102 101 105 107 105 106 100 97 104 122 131 100 7 0 0 0 0
95 97 102 101 97 98 97 93 96 113 131 95 8 0 0 0 0
98 95 103 103 102 104 100 95 100 102 95 100 9 0 0 0 0
105 100 107 102 97 100 102 93 102 114 131 96 10 0 0 0 0
104 106 112 107 106 108 105 101 103 126 131 15000 11 0 0 0 0
Chip#2
112 106 103 100 99 103 106 101 89 108 105 104 0 0 0 88 66
112 98 100 94 99 98 103 99 89 99 98 100 1 0 0 0 0
112 104 106 102 100 98 116 115 89 98 102 103 2 0 0 0 0
112 104 102 100 101 102 100 101 89 101 103 104 3 0 0 0 0
112 101 100 99 98 102 124 126 89 105 106 100 4 0 0 0 0
84 101 103 97 99 105 130 132 89 98 102 97 5 0 0 0 0
112 100 107 99 98 102 100 96 89 106 106 104 6 0 0 0 0
112 101 101 97 95 98 95 100 89 126 123 104 7 0 0 0 0
112 99 98 94 94 94 98 91 89 113 111 99 8 0 0 0 0
82 102 101 98 96 102 97 92 89 102 98 102 9 0 0 0 0
112 100 106 98 95 100 97 96 89 144 132 100 10 0 0 0 0
112 107 107 98 91 100 100 97 89 117 110 15000 11 0 0 0 0
Chip#1
100 94 103 97 99 98 103 94 100 98 94 94 0 0 64 89 66
98 98 101 103 96 104 112 111 96 96 91 96 1 0 0 0 0
98 101 105 108 106 108 115 111 100 102 100 100 2 0 0 0 0
105 105 112 110 103 109 109 104 103 105 101 102 3 0 0 0 0
98 102 107 109 103 108 122 119 103 98 97 98 4 0 0 0 0
109 104 114 108 106 109 122 122 107 102 104 102 5 0 0 0 0
110 109 114 110 111 114 106 106 106 107 107 103 6 0 0 0 0
106 104 111 106 106 106 107 101 106 121 131 103 7 0 0 0 0
111 102 107 109 106 105 109 97 104 121 112 103 8 0 0 0 0
98 100 106 103 106 105 103 99 102 107 101 99 9 0 0 0 0
104 104 111 107 107 103 106 99 104 124 131 101 10 0 0 0 0
110 108 114 106 106 107 107 107 103 119 131 15000 11 0 0 0 0
Chip#2
112 102 104 98 103 103 101 97 89 101 103 109 0 0 192 89 66
128 106 107 97 96 104 109 109 89 98 100 104 1 0 0 0 0
112 100 103 98 98 100 123 118 89 102 99 103 2 0 0 0 0
112 106 104 102 96 105 105 103 89 104 104 108 3 0 0 0 0
112 106 97 102 100 102 125 129 89 98 104 102 4 0 0 0 0
112 102 104 95 100 102 128 131 89 100 100 105 5 0 0 0 0
72 95 98 88 93 91 91 90 56 91 89 80 6 0 0 0 0
112 106 110 99 98 102 98 97 89 131 131 107 7 0 0 0 0
112 101 102 94 94 98 100 91 89 114 117 97 8 0 0 0 0
112 102 106 103 100 104 97 95 89 102 105 103 9 0 0 0 0
112 100 100 94 98 99 98 95 89 139 127 99 10 0 0 0 0
112 105 101 95 91 96 98 93 89 111 108 15000 11 0 0 0 0
Chip#1
99 99 102 101 99 99 101 96 95 96 97 98 0 0 192 90 66
102 101 108 109 105 109 111 112 100 103 101 103 1 0 0 0 0
98 98 106 101 106 98 105 109 96 100 96 96 2 0 0 0 0
100 99 108 106 106 105 103 103 97 100 96 100 3 0 0 0 0
102 101 107 107 103 105 120 118 99 100 96 93 4 0 0 0 0
97 101 103 101 103 105 117 114 100 100 97 90 5 0 0 0 0
97 98 106 102 97 98 100 97 97 100 94 94 6 0 0 0 0
98 101 110 106 102 103 104 99 100 119 131 99 7 0 0 0 0
103 102 105 105 105 109 103 96 99 121 110 98 8 0 0 0 0
102 102 106 109 106 108 104 101 106 108 102 102 9 0 0 0 0
99 102 106 100 99 100 100 97 99 114 110 100 10 0 0 0 0
104 108 112 108 108 106 106 101 104 122 131 15000 11 0 0 0 0
Chip#2
112 102 96 99 91 97 96 95 89 99 99 100 0 0 192 90 66
87 105 102 98 100 96 107 106 89 102 99 102 1 0 0 0 0
128 108 106 102 103 105 118 116 89 104 104 105 2 0 0 0 0
112 100 97 98 99 97 98 95 89 101 104 104 3 0 0 0 0
112 106 102 102 98 105 132 126 89 107 103 108 4 0 0 0 0
128 100 96 97 98 105 132 129 89 99 104 105 5 0 0 0 0
112 105 98 99 95 105 101 96 89 101 100 102 6 0 0 0 0
112 111 103 102 103 106 105 101 89 132 129 109 7 0 0 0 0
112 105 107 99 103 106 106 98 89 124 117 108 8 0 0 0 0
112 101 98 94 96 97 97 92 89 100 100 103 9 0 0 0 0
112 100 104 93 96 100 102 98 89 142 129 103 10 0 0 0 0
112 106 101 102 98 97 103 96 89 113 110 15000 11 0 0 0 0
Chip#1
99 100 103 102 106 105 101 99 100 102 99 96 0 0 192 91 66
102 105 111 110 107 111 120 112 103 104 105 107 1 0 0 0 0
99 104 105 106 109 109 119 111 103 104 107 100 2 0 0 0 0
102 102 108 105 103 105 103 104 101 99 97 96 3 0 0 0 0
103 101 108 105 107 109 124 122 106 102 101 99 4 0 0 0 0
105 102 112 106 111 109 126 124 108 108 102 102 5 0 0 0 0
100 100 106 103 102 104 104 100 99 99 96 98 6 0 0 0 0
103 102 102 106 105 107 103 99 103 117 131 96 7 0 0 0 0
106 100 107 107 101 106 104 97 100 117 131 99 8 0 0 0 0
98 99 107 103 102 105 100 95 104 107 99 99 9 0 0 0 0
108 106 111 110 113 107 109 101 110 127 131 108 10 0 0 0 0
106 106 110 109 106 104 103 101 104 121 131 15000 11 0 0 0 0
Chip#2
112 99 101 98 101 98 100 97 89 101 102 103 0 0 192 91 66
128 99 101 95 98 94 109 105 89 99 95 102 1 0 0 0 0
112 110 109 104 106 109 127 116 89 109 103 108 2 0 0 0 0
112 102 100 97 99 102 102 97 89 105 99 104 3 0 0 0 0
112 108 102 103 103 104 132 132 89 106 105 109 4 0 0 0 0
112 104 106 99 96 99 132 132 89 102 97 107 5 0 0 0 0
79 101 103 97 93 97 97 92 89 99 100 102 6 0 0 0 0
79 101 96 94 93 97 97 95 89 128 123 97 7 0 0 0 0
112 100 106 99 99 102 101 95 89 119 117 105 8 0 0 0 0
112 102 101 94 96 99 100 97 89 102 102 108 9 0 0 0 0
112 108 109 103 106 105 109 98 89 149 137 109 10 0 0 0 0
112 104 106 97 101 100 107 100 89 115 112 15000 11 0 0 0 0
Chip#1
99 97 102 99 101 103 101 97 101 99 95 100 0 0 0 93 66
99 104 110 107 107 106 116 114 102 103 100 99 1 0 0 0 0
102 105 109 111 112 111 117 114 103 104 101 102 2 0 0 0 0
105 102 106 108 103 107 105 104 101 103 100 100 3 0 0 0 0
103 102 112 108 106 107 122 122 103 103 104 99 4 0 0 0 0
102 100 106 107 103 107 120 118 102 102 97 99 5 0 0 0 0
109 109 116 109 108 107 106 106 102 108 102 101 6 0 0 0 0
98 99 102 99 99 98 99 89 99 114 109 89 7 0 0 0 0
106 106 111 108 108 111 112 104 104 122 131 101 8 0 0 0 0
97 93 103 97 96 97 99 90 93 102 95 92 9 0 0 0 0
104 99 107 105 101 108 102 101 102 117 131 101 10 0 0 0 0
98 99 108 103 102 101 104 100 102 117 131 15000 11 0 0 0 0
Chip#2
112 107 104 98 100 104 103 100 89 106 103 104 0 0 128 93 66
86 101 100 95 99 100 106 103 89 105 98 103 1 0 0 0 0
112 105 103 99 96 102 119 114 89 105 100 105 2 0 0 0 0
112 100 102 94 94 100 98 97 89 101 100 102 3 0 0 0 0
112 102 101 99 98 98 125 130 89 102 103 104 4 0 0 0 0
80 100 101 94 96 98 127 127 89 95 96 99 5 0 0 0 0
112 111 108 104 103 99 109 102 89 108 103 109 6 0 0 0 0
80 100 97 95 91 97 100 96 89 128 123 95 7 0 0 0 0
112 107 106 102 100 105 109 99 89 124 120 107 8 0 0 0 0
112 98 95 92 89 97 97 95 89 107 98 103 9 0 0 0 0
112 107 109 99 94 108 103 106 89 147 133 105 10 0 0 0 0
112 106 102 94 98 98 100 98 89 113 114 15000 11 0 0 0 0
Chip#1
103 100 108 102 102 104 103 97 100 99 99 102 0 0 0 94 66
105 107 112 111 108 113 122 117 106 107 104 102 1 0 0 0 0
102 102 107 102 109 103 114 109 102 99 97 98 2 0 0 0 0
99 95 101 105 101 100 101 99 96 98 99 93 3 0 0 0 0
100 105 112 113 109 109 127 124 100 100 101 101 4 0 0 0 0
108 97 111 109 109 108 125 120 106 109 100 102 5 0 0 0 0
100 99 107 103 101 104 100 99 99 100 101 96 6 0 0 0 0
104 99 106 106 102 104 104 97 100 115 131 100 7 0 0 0 0
105 104 107 106 105 105 102 96 102 122 131 103 8 0 0 0 0
102 98 108 107 106 105 107 99 101 108 104 100 9 0 0 0 0
102 100 106 100 105 106 101 96 104 118 131 101 10 0 0 0 0
99 98 106 97 101 103 99 95 99 112 131 15000 11 0 0 0 0
Chip#2
112 99 96 94 95 98 95 92 89 98 97 102 0 0 0 94 66
112 106 107 97 100 104 110 108 89 107 99 105 1 0 0 0 0
112 101 101 99 100 99 116 114 89 101 98 103 2 0 0 0 0
112 102 100 95 96 99 98 100 89 100 95 100 3 0 0 0 0
112 107 101 99 96 104 125 132 89 105 103 107 4 0 0 0 0
112 106 106 93 101 103 132 132 89 105 100 100 5 0 0 0 0
112 98 100 97 99 98 98 93 89 101 94 100 6 0 0 0 0
128 109 108 100 99 100 100 101 89 135 129 107 7 0 0 0 0
112 102 98 93 96 100 96 93 89 114 111 100 8 0 0 0 0
88 107 104 100 103 104 98 101 89 112 102 104 9 0 0 0 0
112 111 104 99 104 104 100 103 89 145 131 107 10 0 0 0 0
112 101 100 92 94 94 97 91 89 112 103 15000 11 0 0 0 0
Chip#1
105 105 108 109 113 109 105 104 107 104 105 107 0 0 128 95 66
103 100 112 107 102 107 112 112 101 102 100 100 1 0 0 0 0
105 101 114 109 112 109 114 115 110 102 106 103 2 0 0 0 0
102 97 100 103 101 104 103 99 100 93 93 95 3 0 0 0 0
103 99 108 107 102 108 121 115 99 100 101 99 4 0 0 0 0
102 102 103 103 106 106 122 118 104 105 100 105 5 0 0 0 0
102 99 106 105 105 104 104 102 96 96 97 100 6 0 0 0 0
104 102 112 110 106 109 109 103 102 126 131 111 7 0 0 0 0
110 105 114 110 109 108 106 101 104 121 131 108 8 0 0 0 0
97 100 106 108 100 104 105 97 100 99 105 100 9 0 0 0 0
104 104 105 109 103 106 103 96 101 121 131 101 10 0 0 0 0
99 98 107 101 97 101 99 95 99 110 131 15000 11 0 0 0 0
Chip#2
112 100 100 98 101 96 96 95 89 104 102 104 0 0 128 95 66
112 110 109 103 104 104 110 109 89 106 104 112 1 0 0 0 0
82 104 103 93 99 98 114 113 89 102 103 102 2 0 0 0 0
112 99 98 92 93 102 96 97 89 99 95 102 3 0 0 0 0
112 105 107 100 101 103 132 133 89 106 106 105 4 0 0 0 0
112 99 95 92 95 100 121 130 89 94 97 100 5 0 0 0 0
84 104 104 100 100 102 98 101 89 109 104 104 6 0 0 0 0
128 111 109 104 106 104 109 107 89 137 132 110 7 0 0 0 0
112 99 102 97 98 96 102 92 89 113 110 103 8 0 0 0 0
87 101 107 103 101 106 103 102 89 111 108 108 9 0 0 0 0
112 101 106 99 101 102 101 93 89 146 135 104 10 0 0 0 0
112 102 101 98 96 102 97 101 89 114 111 15000 11 0 0 0 0
Chip#1
98 98 101 106 100 105 105 95 101 105 96 103 0 0 192 96 66
97 97 101 101 102 99 110 106 95 99 94 95 1 0 0 0 0
106 98 111 108 105 109 122 114 105 104 105 100 2 0 0 0 0
99 100 103 106 102 106 103 106 101 102 97 92 3 0 0 0 0
104 100 108 109 107 107 124 122 103 102 100 99 4 0 0 0 0
108 99 111 111 107 108 121 120 106 105 100 100 5 0 0 0 0
111 106 116 116 111 111 112 104 104 114 131 106 6 0 0 0 0
104 104 108 111 106 111 107 101 107 121 131 107 7 0 0 0 0
110 102 112 108 107 109 111 104 104 126 131 103 8 0 0 0 0
97 97 101 97 101 100 99 91 96 104 95 94 9 0 0 0 0
106 104 111 109 106 108 105 100 102 121 116 99 10 0 0 0 0
104 100 108 101 102 104 107 101 103 118 131 15000 11 0 0 0 0
Chip#2
112 102 97 97 96 100 103 101 89 104 102 105 0 0 128 97 66
84 104 104 95 104 103 111 106 89 104 98 104 1 0 0 0 0
112 102 97 95 99 100 120 113 89 101 99 102 2 0 0 0 0
112 102 106 99 100 102 100 99 89 106 96 104 3 0 0 0 0
112 105 106 102 108 103 132 133 89 104 105 108 4 0 0 0 0
112 104 97 99 103 104 130 129 89 101 97 108 5 0 0 0 0
112 104 97 98 98 99 98 98 89 101 96 104 6 0 0 0 0
112 101 100 95 96 93 101 95 89 127 119 97 7 0 0 0 0
81 99 96 93 98 97 96 92 89 115 111 95 8 0 0 0 0
112 102 95 94 101 100 98 97 89 104 99 100 9 0 0 0 0
112 111 104 104 106 104 110 103 89 149 131 112 10 0 0 0 0
112 99 96 95 90 98 96 92 89 109 109 15000 11 0 0 0 0
Chip#1
100 102 107 102 103 107 105 102 103 103 100 100 0 0 64 98 66
106 104 110 109 106 105 115 114 104 99 105 100 1 0 0 0 0
100 99 103 107 106 105 112 110 101 100 100 95 2 0 0 0 0
102 99 105 100 102 100 104 95 99 101 95 99 3 0 0 0 0
104 105 106 111 106 108 126 120 108 102 102 105 4 0 0 0 0
100 104 107 103 106 108 121 120 107 103 100 98 5 0 0 0 0
102 98 106 105 103 105 104 100 100 102 99 96 6 0 0 0 0
105 102 106 108 103 105 106 102 103 119 131 100 7 0 0 0 0
103 104 106 107 107 105 106 104 110 121 131 103 8 0 0 0 0
105 104 115 103 103 105 105 101 106 108 109 103 9 0 0 0 0
103 106 108 102 103 104 104 101 106 122 131 105 10 0 0 0 0
102 101 112 103 102 104 104 101 108 117 131 15000 11 0 0 0 0
Chip#2
87 102 103 100 101 103 102 101 89 102 104 103 0 0 64 98 66
112 102 104 95 100 103 110 104 89 99 99 105 1 0 0 0 0
79 102 100 94 96 94 114 112 89 98 102 102 2 0 0 0 0
112 106 104 97 96 104 101 102 89 102 103 108 3 0 0 0 0
112 100 96 94 96 92 124 125 89 99 98 100 4 0 0 0 0
112 102 101 102 100 103 134 133 89 100 103 104 5 0 0 0 0
112 105 100 99 101 98 97 95 89 101 100 103 6 0 0 0 0
84 107 100 99 101 98 101 101 89 133 125 104 7 0 0 0 0
112 101 101 100 98 98 101 95 89 114 116 103 8 0 0 0 0
86 107 107 98 101 100 103 97 89 104 105 105 9 0 0 0 0
79 99 98 93 98 96 94 92 89 137 120 95 10 0 0 0 0
112 110 103 98 103 100 105 99 89 115 116 15000 11 0 0 0 0
Chip#1
104 100 106 105 103 105 107 101 102 99 99 101 0 0 64 99 66
102 97 103 107 102 105 112 107 99 100 99 101 1 0 0 0 0
100 105 112 112 114 109 126 116 110 110 106 101 2 0 0 0 0
97 92 103 105 103 98 97 96 96 89 90 90 3 0 0 0 0
102 102 110 109 105 107 124 120 103 104 100 99 4 0 0 0 0
103 93 107 103 105 103 122 115 102 103 95 100 5 0 0 0 0
108 107 112 112 112 109 114 108 108 108 104 105 6 0 0 0 0
104 99 107 106 99 105 104 100 101 118 131 96 7 0 0 0 0
99 95 101 102 96 100 100 95 99 112 107 94 8 0 0 0 0
102 105 111 108 108 111 106 101 107 109 107 103 9 0 0 0 0
102 100 108 105 102 103 103 96 101 118 109 99 10 0 0 0 0
106 109 108 108 111 104 107 99 106 122 131 15000 11 0 0 0 0
Chip#2
79 101 91 88 91 94 93 87 89 94 97 96 0 0 64 99 66
112 102 106 99 104 103 110 106 89 102 105 105 1 0 0 0 0
112 108 107 104 104 104 121 120 89 102 104 109 2 0 0 0 0
112 101 100 93 99 98 97 96 89 99 99 102 3 0 0 0 0
112 101 100 98 103 99 125 129 89 99 100 100 4 0 0 0 0
112 98 100 95 93 97 128 127 89 99 99 105 5 0 0 0 0
80 99 96 92 95 93 92 93 89 95 98 100 6 0 0 0 0
112 104 98 95 98 93 96 95 89 127 123 99 7 0 0 0 0
112 104 102 95 100 100 101 97 89 117 117 103 8 0 0 0 0
112 98 94 86 93 94 95 91 89 95 95 99 9 0 0 0 0
128 109 107 102 103 98 101 102 89 144 133 107 10 0 0 0 0
112 105 103 99 100 103 105 98 89 113 116 15000 11 0 0 0 0
Chip#1
99 100 103 100 94 104 100 95 95 99 95 94 0 0 64 100 66
103 98 107 106 105 99 115 111 101 100 96 100 1 0 0 0 0
97 95 103 102 105 101 114 103 99 96 95 95 2 0 0 0 0
106 102 110 107 105 109 104 102 102 103 101 103 3 0 0 0 0
100 100 108 110 102 105 124 118 100 100 92 100 4 0 0 0 0
106 101 111 110 113 109 127 123 107 107 104 101 5 0 0 0 0
103 102 106 107 101 99 103 97 103 99 99 102 6 0 0 0 0
103 99 103 106 102 100 104 95 102 114 110 100 7 0 0 0 0
106 106 108 107 108 108 106 101 104 124 131 105 8 0 0 0 0
100 102 111 106 107 106 102 96 104 105 102 103 9 0 0 0 0
99 100 108 105 101 101 104 93 102 117 107 98 10 0 0 0 0
102 98 106 102 99 97 96 94 102 110 131 15000 11 0 0 0 0
Chip#2
112 110 102 98 99 97 102 100 89 106 105 105 0 0 192 100 66
128 104 106 100 101 104 107 104 89 100 105 110 1 0 0 0 0
112 99 103 99 98 104 116 114 89 104 106 105 2 0 0 0 0
112 99 96 92 98 98 95 97 89 96 97 102 3 0 0 0 0
112 100 101 94 93 96 124 125 89 98 97 97 4 0 0 0 0
112 105 102 99 96 100 132 132 89 99 105 109 5 0 0 0 0
81 102 97 92 98 97 100 95 89 96 104 105 6 0 0 0 0
88 107 101 102 100 97 101 101 89 132 129 105 7 0 0 0 0
112 100 95 92 93 94 100 95 89 114 112 103 8 0 0 0 0
112 98 96 94 93 96 96 93 89 100 99 102 9 0 0 0 0
87 105 103 99 96 100 105 101 89 142 128 110 10 0 0 0 0
112 105 103 97 93 98 98 97 89 112 112 15000 11 0 0 0 0
Chip#1
104 106 114 110 108 111 107 103 110 105 131 106 0 0 64 101 66
104 102 106 107 108 108 112 111 100 102 104 101 1 0 0 0 0
97 95 103 101 102 103 107 101 96 96 95 92 2 0 0 0 0
100 100 106 111 108 104 110 103 103 104 96 102 3 0 0 0 0
106 102 108 108 108 106 124 119 101 104 100 105 4 0 0 0 0
103 100 112 108 112 104 124 120 106 104 99 102 5 0 0 0 0
104 99 108 103 103 106 103 100 105 100 102 98 6 0 0 0 0
106 109 114 108 111 112 109 103 108 123 117 107 7 0 0 0 0
99 100 107 101 99 101 104 95 100 118 112 96 8 0 0 0 0
96 90 107 95 103 99 101 91 100 100 92 92 9 0 0 0 0
110 106 116 111 108 107 111 103 108 123 131 107 10 0 0 0 0
99 99 106 106 99 104 103 96 103 118 131 15000 11 0 0 0 0
Chip#2
112 101 101 100 94 103 100 100 89 104 100 103 0 0 64 101 66
80 100 96 92 91 102 100 101 89 95 96 98 1 0 0 0 0
112 101 96 92 91 97 112 109 89 98 103 99 2 0 0 0 0
112 102 102 99 96 104 97 98 89 102 102 110 3 0 0 0 0
112 108 103 102 106 108 128 131 89 106 106 110 4 0 0 0 0
112 104 103 95 99 103 132 130 89 99 102 104 5 0 0 0 0
76 101 100 92 91 94 97 89 89 95 97 102 6 0 0 0 0
112 102 101 100 95 103 100 99 89 132 129 104 7 0 0 0 0
112 100 96 94 95 97 96 95 89 114 109 102 8 0 0 0 0
112 104 101 95 96 103 101 98 89 104 103 100 9 0 0 0 0
112 106 107 102 98 105 105 95 89 147 132 109 10 0 0 0 0
85 102 101 94 95 103 97 92 89 112 106 15000 11 0 0 0 0
Chip#1
106 104 114 115 111 109 105 103 107 109 102 106 0 0 192 102 66
104 102 110 109 106 109 109 116 100 109 101 103 1 0 0 0 0
109 107 114 113 113 114 117 117 110 110 109 105 2 0 0 0 0
91 98 100 103 101 106 100 97 100 98 94 96 3 0 0 0 0
100 98 107 107 105 103 121 122 99 100 97 101 4 0 0 0 0
102 104 111 109 102 104 120 122 100 102 95 100 5 0 0 0 0
98 97 103 101 99 100 100 93 100 96 93 93 6 0 0 0 0
108 105 111 107 109 107 110 103 109 122 131 103 7 0 0 0 0
97 95 101 101 99 101 103 94 97 115 106 96 8 0 0 0 0
109 107 114 110 111 109 110 102 109 114 131 108 9 0 0 0 0
106 107 111 103 106 109 103 104 109 122 131 107 10 0 0 0 0
98 97 103 97 97 98 99 96 99 110 101 15000 11 0 0 0 0
Chip#2
112 104 104 99 105 104 102 103 89 106 104 109 0 0 192 102 66
112 101 106 92 98 99 101 106 89 95 102 103 1 0 0 0 0
112 98 101 92 93 97 114 112 89 96 97 98 2 0 0 0 0
112 110 106 98 100 105 103 98 89 101 106 103 3 0 0 0 0
82 99 98 92 96 100 123 125 89 99 102 99 4 0 0 0 0
112 104 101 93 100 100 125 130 89 95 102 100 5 0 0 0 0
112 102 104 103 103 109 103 101 89 105 105 108 6 0 0 0 0
112 106 104 102 100 104 96 101 89 129 127 105 7 0 0 0 0
88 108 106 104 103 102 100 97 89 121 123 104 8 0 0 0 0
112 106 103 99 98 100 98 100 89 102 108 102 9 0 0 0 0
112 107 102 95 98 102 102 100 89 140 128 107 10 0 0 0 0
112 112 108 102 105 105 100 108 89 122 115 15000 11 0 0 0 0
Chip#1
93 98 103 100 97 97 97 96 96 99 91 95 0 0 64 104 66
97 100 107 107 102 107 112 108 106 100 99 101 1 0 0 0 0
97 97 106 103 108 104 106 106 102 99 98 99 2 0 0 0 0
110 106 112 109 111 107 106 104 104 108 101 106 3 0 0 0 0
102 100 107 109 108 104 121 118 106 102 94 102 4 0 0 0 0
106 99 114 109 109 105 124 122 104 113 99 101 5 0 0 0 0
103 101 114 110 103 108 105 103 106 104 105 101 6 0 0 0 0
106 106 114 110 111 113 107 106 107 124 131 108 7 0 0 0 0
100 102 107 108 108 105 107 99 108 119 131 102 8 0 0 0 0
104 98 111 107 105 106 101 100 100 105 105 105 9 0 0 0 0
104 101 108 107 101 103 103 101 103 122 131 100 10 0 0 0 0
103 94 102 103 100 98 99 96 102 115 107 15000 11 0 0 0 0
Chip#2
112 104 102 93 98 98 95 95 89 95 95 102 0 0 192 104 66
112 105 102 95 100 100 109 101 89 102 96 104 1 0 0 0 0
112 104 101 97 101 100 118 113 89 99 102 104 2 0 0 0 0
112 106 107 102 103 106 105 103 89 108 103 113 3 0 0 0 0
112 107 101 93 99 99 127 127 89 98 96 107 4 0 0 0 0
82 104 104 99 103 108 133 129 89 100 100 105 5 0 0 0 0
112 100 100 95 93 100 100 99 89 98 97 104 6 0 0 0 0
78 102 98 98 96 98 101 97 89 125 122 102 7 0 0 0 0
128 105 101 98 101 102 106 97 89 115 117 105 8 0 0 0 0
112 102 97 98 99 99 100 98 89 102 99 102 9 0 0 0 0
112 105 104 99 99 102 98 96 89 142 128 105 10 0 0 0 0
112 102 103 99 101 100 98 97 89 118 110 15000 11 0 0 0 0
Chip#1
98 97 102 103 100 107 99 100 97 94 93 94 0 0 192 105 66
104 101 110 107 106 108 116 119 102 103 99 99 1 0 0 0 0
98 99 105 105 106 109 112 110 101 99 97 99 2 0 0 0 0
99 98 107 101 101 105 101 101 97 93 95 101 3 0 0 0 0
98 98 105 103 100 100 120 117 97 96 96 94 4 0 0 0 0
103 97 107 107 102 106 121 119 99 96 96 95 5 0 0 0 0
96 99 108 103 100 106 104 96 97 95 95 98 6 0 0 0 0
99 95 101 101 103 105 101 93 100 114 131 100 7 0 0 0 0
108 102 110 111 106 112 105 102 106 124 131 102 8 0 0 0 0
98 97 107 103 102 106 104 96 101 103 99 95 9 0 0 0 0
99 100 107 106 102 105 102 95 95 114 131 98 10 0 0 0 0
102 99 107 109 100 105 103 97 103 115 109 15000 11 0 0 0 0
Chip#2
112 102 107 91 98 102 98 98 89 106 97 99 0 0 192 105 66
84 104 106 97 101 99 105 104 89 101 99 103 1 0 0 0 0
112 100 100 97 93 96 116 112 89 98 97 102 2 0 0 0 0
112 101 102 100 96 100 102 101 89 104 98 108 3 0 0 0 0
112 107 101 102 105 97 127 129 89 101 103 103 4 0 0 0 0
81 101 91 89 100 98 128 126 89 94 97 98 5 0 0 0 0
112 105 102 97 98 102 96 97 89 98 98 100 6 0 0 0 0
112 100 101 98 93 97 98 96 89 127 122 100 7 0 0 0 0
85 99 103 102 96 99 102 100 89 119 112 105 8 0 0 0 0
112 101 98 92 94 100 100 96 89 105 99 102 9 0 0 0 0
112 99 100 89 95 92 97 86 89 135 121 99 10 0 0 0 0
112 111 109 103 104 104 105 101 89 119 116 15000 11 0 0 0 0
Chip#1
104 105 112 107 109 106 103 102 106 103 105 103 0 0 128 107 66
92 94 101 101 105 96 109 110 97 93 91 96 1 0 0 0 0
106 104 108 111 109 109 116 115 106 103 105 103 2 0 0 0 0
100 100 102 102 102 101 103 101 101 96 100 99 3 0 0 0 0
106 106 108 110 108 107 124 123 104 104 101 102 4 0 0 0 0
99 98 105 107 102 100 115 117 99 99 93 95 5 0 0 0 0
100 98 108 108 106 104 101 99 97 102 94 96 6 0 0 0 0
108 107 110 105 107 107 104 107 109 118 112 100 7 0 0 0 0
99 94 102 103 101 99 100 96 95 114 131 95 8 0 0 0 0
92 93 100 100 93 98 96 90 94 96 94 95 9 0 0 0 0
106 105 111 111 111 106 105 103 104 121 131 105 10 0 0 0 0
99 94 106 100 101 106 101 95 100 114 107 15000 11 0 0 0 0
Chip#2
112 101 100 94 94 96 100 91 89 99 100 103 0 0 128 107 66
112 104 103 98 100 100 106 106 89 101 102 107 1 0 0 0 0
112 102 100 95 98 97 119 110 89 100 102 103 2 0 0 0 0
112 105 102 102 96 102 101 98 89 100 102 104 3 0 0 0 0
112 104 98 98 100 97 125 130 89 102 98 105 4 0 0 0 0
112 104 102 97 98 103 132 129 89 99 100 104 5 0 0 0 0
79 101 100 94 96 97 102 96 89 102 102 100 6 0 0 0 0
112 107 101 102 98 102 100 96 89 129 129 105 7 0 0 0 0
88 102 102 102 104 102 101 93 89 115 116 104 8 0 0 0 0
112 108 103 100 100 106 101 98 89 106 106 108 9 0 0 0 0
112 99 96 91 94 92 98 98 89 135 122 97 10 0 0 0 0
86 104 98 98 98 96 98 91 89 113 110 15000 11 0 0 0 0
Chip#1
91 97 101 97 96 96 95 96 95 94 85 90 0 0 0 109 66
103 101 107 101 102 105 107 114 100 100 97 96 1 0 0 0 0
103 100 112 105 111 108 109 115 104 100 101 100 2 0 0 0 0
102 100 111 106 100 107 103 103 103 103 99 99 3 0 0 0 0
97 95 103 105 101 99 120 117 96 98 93 90 4 0 0 0 0
98 94 110 101 101 104 117 116 102 98 95 93 5 0 0 0 0
113 106 121 113 111 111 111 112 113 113 109 107 6 0 0 0 0
99 99 112 100 102 101 101 97 102 113 131 95 7 0 0 0 0
102 97 105 103 99 104 101 97 99 113 131 96 8 0 0 0 0
99 97 108 103 101 100 101 97 102 103 100 99 9 0 0 0 0
103 99 108 105 102 100 101 99 103 119 131 95 10 0 0 0 0
106 100 112 108 100 107 100 97 106 117 131 15000 11 0 0 0 0
Chip#2
85 108 103 98 101 102 101 98 89 105 100 108 0 0 192 109 66
112 102 98 93 94 93 102 101 89 99 98 104 1 0 0 0 0
128 103 103 94 100 102 124 116 89 100 104 104 2 0 0 0 0
112 102 106 97 96 99 97 101 89 104 100 105 3 0 0 0 0
112 102 100 99 99 103 124 127 89 105 99 103 4 0 0 0 0
82 102 101 97 98 103 128 132 89 100 97 98 5 0 0 0 0
112 104 101 95 93 96 97 95 89 93 98 102 6 0 0 0 0
112 110 107 100 100 103 101 100 89 128 129 105 7 0 0 0 0
112 99 97 92 95 96 93 97 89 113 110 100 8 0 0 0 0
112 106 101 97 96 104 100 97 89 104 103 103 9 0 0 0 0
128 108 107 98 101 103 98 102 89 140 129 105 10 0 0 0 0
112 104 104 95 98 100 96 95 89 112 111 15000 11 0 0 0 0
Chip#1
102 100 103 106 102 104 103 97 101 99 101 100 0 0 128 110 66
132 106 116 110 113 114 115 118 106 105 131 106 1 0 0 0 0
106 100 112 103 106 107 111 111 104 99 96 100 2 0 0 0 0
95 94 101 97 103 100 102 93 94 99 92 98 3 0 0 0 0
98 98 105 103 106 105 121 118 99 98 98 96 4 0 0 0 0
102 100 107 105 105 107 120 119 104 102 99 100 5 0 0 0 0
104 104 112 106 108 108 106 103 103 104 102 106 6 0 0 0 0
98 97 100 99 99 98 99 94 96 109 111 95 7 0 0 0 0
100 100 106 106 102 100 103 94 102 113 111 100 8 0 0 0 0
96 97 105 99 101 101 100 94 99 103 99 96 9 0 0 0 0
111 106 115 110 109 111 107 104 106 126 131 105 10 0 0 0 0
103 101 110 103 105 104 104 100 103 118 131 15000 11 0 0 0 0
Chip#2
112 102 98 95 99 100 97 93 89 102 99 102 0 0 128 110 66
112 112 107 99 105 105 112 108 89 106 108 112 1 0 0 0 0
112 108 104 104 105 105 127 121 89 106 105 108 2 0 0 0 0
112 106 107 102 99 108 106 106 89 107 106 112 3 0 0 0 0
112 102 104 94 100 102 125 127 89 101 103 103 4 0 0 0 0
112 101 98 89 98 99 127 131 89 98 95 100 5 0 0 0 0
112 100 103 94 93 102 93 99 89 100 100 103 6 0 0 0 0
77 102 97 95 96 93 98 97 89 125 119 98 7 0 0 0 0
112 94 96 92 91 94 98 93 89 112 111 95 8 0 0 0 0
112 99 98 94 94 97 100 96 89 105 102 100 9 0 0 0 0
112 105 100 97 98 97 100 100 89 142 123 103 10 0 0 0 0
112 98 100 94 94 97 97 95 89 111 104 15000 11 0 0 0 0
Chip#1
104 102 108 101 103 103 103 99 105 105 100 99 0 0 192 111 66
103 104 110 108 106 106 117 111 104 103 100 101 1 0 0 0 0
103 105 110 107 108 108 112 107 103 98 100 98 2 0 0 0 0
103 101 110 108 106 105 100 103 101 104 100 101 3 0 0 0 0
104 98 101 106 101 108 121 122 99 98 97 95 4 0 0 0 0
105 105 114 109 108 111 126 125 107 109 101 105 5 0 0 0 0
104 100 107 106 103 104 106 99 102 100 101 100 6 0 0 0 0
105 104 107 103 103 103 99 96 106 121 131 103 7 0 0 0 0
105 101 106 100 103 100 103 96 102 118 111 100 8 0 0 0 0
106 106 110 109 102 108 106 102 109 107 106 103 9 0 0 0 0
105 104 105 103 102 106 103 99 104 119 111 102 10 0 0 0 0
100 101 107 102 100 105 99 96 106 115 131 15000 11 0 0 0 0
Chip#2
112 106 107 100 101 109 105 99 89 107 103 107 0 0 192 111 66
112 99 100 100 98 97 105 102 89 99 99 104 1 0 0 0 0
112 101 103 95 96 99 116 113 89 102 97 98 2 0 0 0 0
112 102 100 98 101 104 102 102 89 104 102 104 3 0 0 0 0
89 107 104 103 101 108 132 130 89 106 100 107 4 0 0 0 0
112 100 102 98 100 103 128 129 89 100 98 100 5 0 0 0 0
128 103 104 97 100 102 100 97 89 105 103 107 6 0 0 0 0
86 102 100 99 100 103 101 98 89 131 125 105 7 0 0 0 0
128 111 108 104 109 108 110 104 89 127 125 108 8 0 0 0 0
112 102 101 95 95 97 98 91 89 106 100 100 9 0 0 0 0
112 100 100 94 94 96 97 98 89 139 127 100 10 0 0 0 0
112 106 104 98 96 98 101 100 89 113 111 15000 11 0 0 0 0
Chip#1
100 101 108 105 101 105 102 99 102 100 99 100 0 0 64 113 66
103 106 110 108 106 108 111 111 103 107 104 103 1 0 0 0 0
102 100 107 105 105 101 110 109 102 101 100 99 2 0 0 0 0
102 101 107 108 103 105 102 103 97 95 100 100 3 0 0 0 0
102 100 107 107 102 106 124 117 96 100 99 100 4 0 0 0 0
109 107 112 111 107 111 126 124 108 107 110 103 5 0 0 0 0
102 94 107 107 102 104 100 99 96 103 99 98 6 0 0 0 0
106 101 107 107 105 107 104 103 104 119 131 101 7 0 0 0 0
112 108 112 113 108 109 107 106 107 121 131 107 8 0 0 0 0
103 92 105 102 103 103 103 94 96 105 101 96 9 0 0 0 0
100 99 105 105 103 104 99 95 100 115 110 99 10 0 0 0 0
108 105 116 112 108 108 107 101 103 122 131 15000 11 0 0 0 0
Chip#2
112 102 97 94 93 100 101 92 89 99 102 104 0 0 64 113 66
112 110 108 102 99 106 111 107 89 106 106 107 1 0 0 0 0
112 106 102 100 98 100 123 119 89 100 103 107 2 0 0 0 0
84 102 103 97 96 98 100 101 89 100 100 107 3 0 0 0 0
81 101 98 94 95 97 123 123 89 101 97 98 4 0 0 0 0
112 99 96 95 95 103 132 127 89 98 102 103 5 0 0 0 0
112 104 103 97 100 104 103 95 89 102 106 108 6 0 0 0 0
112 106 102 98 100 100 98 102 89 129 126 105 7 0 0 0 0
112 104 107 100 108 104 103 101 89 124 120 109 8 0 0 0 0
112 107 113 103 103 108 105 101 89 113 111 109 9 0 0 0 0
112 102 102 93 93 102 101 92 89 138 128 105 10 0 0 0 0
112 104 102 98 99 100 98 96 89 115 110 15000 11 0 0 0 0
Chip#1
104 101 112 105 103 107 107 103 102 104 100 105 0 0 0 115 66
96 93 105 99 101 99 106 106 94 91 91 94 1 0 0 0 0
105 100 108 106 107 111 116 108 100 103 97 101 2 0 0 0 0
99 100 106 105 102 103 104 100 100 103 95 99 3 0 0 0 0
106 102 116 111 109 111 126 122 108 108 105 105 4 0 0 0 0
98 95 102 103 103 105 117 116 97 98 90 98 5 0 0 0 0
100 94 103 100 100 100 102 101 95 98 95 94 6 0 0 0 0
100 99 105 103 102 108 104 99 100 113 131 98 7 0 0 0 0
97 98 103 102 102 101 100 97 102 119 131 94 8 0 0 0 0
100 95 106 101 103 100 99 95 96 100 96 95 9 0 0 0 0
108 98 110 103 103 106 103 96 102 115 107 95 10 0 0 0 0
106 106 115 107 103 108 105 103 104 119 131 15000 11 0 0 0 0
Chip#2
112 102 100 97 99 96 100 93 89 98 100 103 0 0 0 115 66
112 108 103 102 101 102 109 104 89 106 106 108 1 0 0 0 0
112 104 102 98 99 100 116 109 89 101 102 102 2 0 0 0 0
112 102 98 97 98 100 93 97 89 98 96 104 3 0 0 0 0
112 106 102 103 103 106 123 130 89 106 99 105 4 0 0 0 0
112 102 104 99 105 102 132 132 89 106 104 112 5 0 0 0 0
112 105 106 102 101 104 98 102 89 101 103 108 6 0 0 0 0
85 105 96 88 95 96 96 93 89 131 125 94 7 0 0 0 0
112 107 102 100 101 102 106 101 89 119 119 104 8 0 0 0 0
79 98 100 94 103 104 97 92 89 105 96 103 9 0 0 0 0
112 105 103 95 96 92 100 95 89 141 128 105 10 0 0 0 0
79 102 98 91 99 102 98 93 89 113 109 15000 11 0 0 0 0
Chip#1
102 99 105 106 99 100 102 97 100 99 93 100 0 0 192 116 66
97 97 103 102 100 103 112 107 103 100 99 99 1 0 0 0 0
98 99 101 100 102 103 111 107 100 95 96 88 2 0 0 0 0
132 107 115 111 111 113 114 107 107 108 105 109 3 0 0 0 0
109 101 112 111 107 106 126 120 104 107 102 103 4 0 0 0 0
100 99 103 101 106 105 117 115 101 96 95 96 5 0 0 0 0
104 99 112 108 102 107 104 99 101 104 99 102 6 0 0 0 0
106 101 107 105 103 105 104 101 103 117 111 105 7 0 0 0 0
100 99 107 107 105 105 105 96 103 117 131 100 8 0 0 0 0
105 102 107 108 100 106 105 100 102 108 102 100 9 0 0 0 0
103 101 107 102 100 104 102 97 100 118 109 100 10 0 0 0 0
97 97 105 103 97 99 96 97 97 112 131 15000 11 0 0 0 0
Chip#2
112 99 106 95 96 100 95 97 89 99 100 98 0 0 192 116 66
112 102 100 97 96 97 100 103 89 101 104 99 1 0 0 0 0
112 111 110 104 108 109 125 125 89 105 110 108 2 0 0 0 0
112 96 97 97 95 99 96 97 89 96 96 98 3 0 0 0 0
112 105 103 99 101 103 128 132 89 106 102 104 4 0 0 0 0
112 100 92 99 99 96 125 129 89 99 96 102 5 0 0 0 0
112 104 106 98 101 102 103 102 89 106 105 104 6 0 0 0 0
112 112 106 102 108 106 107 103 89 144 131 110 7 0 0 0 0
112 101 96 100 100 98 97 95 89 115 109 99 8 0 0 0 0
112 104 106 102 101 103 102 101 89 106 106 104 9 0 0 0 0
128 109 109 99 99 108 104 103 89 146 133 101 10 0 0 0 0
112 100 97 94 94 97 93 96 89 112 108 15000 11 0 0 0 0
Chip#1
102 104 111 102 102 105 102 97 100 103 100 102 0 0 192 117 66
108 109 117 113 112 106 122 118 108 107 105 108 1 0 0 0 0
106 109 112 113 108 109 121 115 107 108 131 102 2 0 0 0 0
99 98 107 103 103 101 101 101 102 102 99 98 3 0 0 0 0
104 102 110 107 105 104 121 119 103 99 97 98 4 0 0 0 0
100 95 105 101 106 104 120 117 97 102 92 98 5 0 0 0 0
100 104 110 107 103 106 102 102 103 102 104 106 6 0 0 0 0
105 106 111 108 106 107 106 106 109 124 131 102 7 0 0 0 0
104 102 110 107 102 104 104 102 99 121 110 100 8 0 0 0 0
104 101 111 107 103 104 106 102 104 103 104 102 9 0 0 0 0
102 104 105 103 105 104 103 93 102 117 110 98 10 0 0 0 0
99 105 106 102 99 104 95 96 104 110 111 15000 11 0 0 0 0
Chip#2
112 104 102 97 98 94 96 92 89 100 96 97 0 0 128 118 66
112 102 100 102 95 98 105 103 89 99 100 100 1 0 0 0 0
112 100 100 97 94 102 115 113 89 101 97 100 2 0 0 0 0
112 102 103 97 99 97 96 99 89 100 98 102 3 0 0 0 0
84 99 98 94 95 93 120 116 89 98 98 98 4 0 0 0 0
112 98 98 95 100 98 124 126 89 99 97 98 5 0 0 0 0
112 96 97 97 89 92 97 95 89 104 98 97 6 0 0 0 0
128 98 101 93 95 97 95 90 89 125 122 100 7 0 0 0 0
128 106 107 100 104 105 105 96 89 125 117 103 8 0 0 0 0
112 99 100 100 104 104 102 98 89 107 106 108 9 0 0 0 0
112 106 104 97 101 100 101 98 89 145 132 104 10 0 0 0 0
112 105 107 100 101 105 106 104 89 119 114 15000 11 0 0 0 0
Chip#1
109 107 114 108 113 112 104 106 107 107 105 101 0 0 0 119 66
100 98 105 103 103 99 110 110 99 99 90 94 1 0 0 0 0
95 94 101 99 99 97 109 106 96 96 94 93 2 0 0 0 0
93 93 102 99 99 100 101 97 97 98 91 94 3 0 0 0 0
102 98 102 102 101 105 124 116 104 99 94 94 4 0 0 0 0
102 100 107 106 103 106 124 115 103 104 100 98 5 0 0 0 0
97 97 105 103 100 103 104 99 97 96 94 95 6 0 0 0 0
103 98 106 105 102 105 104 100 103 117 131 103 7 0 0 0 0
100 102 110 107 106 105 109 97 101 121 131 105 8 0 0 0 0
99 94 103 101 99 100 101 95 101 103 101 98 9 0 0 0 0
99 102 111 103 103 106 105 99 103 118 131 100 10 0 0 0 0
104 101 107 100 101 104 103 97 100 121 131 15000 11 0 0 0 0
Chip#2
78 94 100 92 93 96 97 93 89 96 95 98 0 0 0 119 66
112 107 107 104 103 105 114 107 89 105 104 113 1 0 0 0 0
112 111 103 103 105 102 115 115 89 108 106 108 2 0 0 0 0
84 95 98 95 96 96 96 92 89 95 93 100 3 0 0 0 0
112 100 97 95 96 97 125 130 89 99 97 100 4 0 0 0 0
128 106 104 103 103 103 137 133 89 104 100 105 5 0 0 0 0
89 100 101 102 99 96 100 96 89 101 96 100 6 0 0 0 0
80 96 94 93 94 94 95 93 89 125 117 102 7 0 0 0 0
112 104 103 98 105 99 105 97 89 118 114 104 8 0 0 0 0
112 99 98 97 94 97 96 92 89 105 97 103 9 0 0 0 0
112 102 98 95 95 99 97 96 89 142 122 105 10 0 0 0 0
112 101 104 102 100 103 106 100 89 117 115 15000 11 0 0 0 0
Chip#1
93 93 100 94 98 101 100 94 93 94 91 93 0 0 0 120 66
102 94 105 100 102 101 112 109 96 99 96 94 1 0 0 0 0
103 106 108 106 108 109 116 110 103 102 97 99 2 0 0 0 0
103 98 108 108 106 108 105 107 102 105 100 102 3 0 0 0 0
102 99 106 105 111 105 120 117 102 105 99 100 4 0 0 0 0
102 94 102 101 103 101 119 115 99 96 100 96 5 0 0 0 0
103 100 108 101 103 105 104 97 102 99 100 99 6 0 0 0 0
111 107 114 110 111 113 111 102 110 123 131 105 7 0 0 0 0
100 94 105 99 97 103 103 95 99 113 131 101 8 0 0 0 0
100 97 107 105 101 107 102 95 102 108 100 101 9 0 0 0 0
102 100 108 106 102 107 104 99 102 119 131 101 10 0 0 0 0
98 97 108 96 102 107 102 95 102 115 110 15000 11 0 0 0 0
Chip#2
112 106 106 108 106 109 110 106 89 108 106 110 0 0 0 120 66
112 100 103 93 93 97 104 97 89 100 100 104 1 0 0 0 0
128 112 104 100 105 103 121 115 89 105 103 107 2 0 0 0 0
112 105 107 102 105 99 103 100 89 104 104 110 3 0 0 0 0
112 110 106 104 109 106 130 133 89 111 110 109 4 0 0 0 0
112 106 100 99 103 99 129 127 89 104 100 104 5 0 0 0 0
112 106 104 103 100 106 103 101 89 107 104 107 6 0 0 0 0
112 99 95 94 96 96 95 96 89 128 119 103 7 0 0 0 0
112 105 103 94 99 103 101 96 89 118 117 104 8 0 0 0 0
112 105 106 99 100 102 105 102 89 107 105 108 9 0 0 0 0
128 110 104 102 105 105 106 98 89 145 131 112 10 0 0 0 0
112 102 98 95 95 97 97 96 89 111 110 15000 11 0 0 0 0
Chip#1
104 101 111 108 105 109 105 100 106 104 101 103 0 0 192 120 66
99 97 102 105 107 106 111 109 97 98 99 99 1 0 0 0 0
100 97 108 105 112 104 111 108 101 103 96 101 2 0 0 0 0
105 101 112 110 112 113 111 109 103 108 109 101 3 0 0 0 0
100 100 105 106 103 103 114 112 100 95 93 94 4 0 0 0 0
99 100 103 105 105 105 119 112 96 104 97 99 5 0 0 0 0
100 101 109 106 106 108 107 99 97 96 99 96 6 0 0 0 0
99 100 102 103 100 100 100 95 96 113 107 100 7 0 0 0 0
102 99 101 101 102 99 99 92 94 112 110 90 8 0 0 0 0
98 99 107 101 100 100 101 95 99 105 131 96 9 0 0 0 0
102 104 105 96 103 106 101 94 99 117 107 96 10 0 0 0 0
103 101 110 101 101 106 102 99 103 118 131 15000 11 0 0 0 0
Chip#2
85 102 104 95 99 98 98 98 89 101 102 105 0 0 192 120 66
80 94 92 92 91 94 102 102 89 95 94 97 1 0 0 0 0
112 102 103 94 98 96 118 112 89 100 97 102 2 0 0 0 0
112 98 95 92 96 98 98 91 89 100 95 99 3 0 0 0 0
112 98 97 91 95 96 118 125 89 100 95 99 4 0 0 0 0
112 99 97 94 103 98 128 129 89 99 95 100 5 0 0 0 0
128 105 108 99 105 104 106 103 89 106 103 108 6 0 0 0 0
112 104 102 99 100 100 102 101 89 129 123 107 7 0 0 0 0
112 104 104 98 101 100 103 98 89 120 117 108 8 0 0 0 0
112 104 102 97 103 103 104 98 89 107 103 107 9 0 0 0 0
128 108 107 102 110 106 107 101 89 147 135 113 10 0 0 0 0
112 100 100 93 99 99 102 93 89 113 109 15000 11 0 0 0 0
Chip#1
100 98 105 96 102 100 100 96 95 94 94 96 0 0 64 122 66
106 106 112 108 112 109 117 116 107 109 105 106 1 0 0 0 0
99 97 107 103 103 104 111 106 101 102 100 98 2 0 0 0 0
95 97 103 101 100 101 102 101 100 96 94 98 3 0 0 0 0
99 99 103 108 105 101 119 118 102 99 100 96 4 0 0 0 0
102 99 106 102 103 108 121 118 101 100 101 100 5 0 0 0 0
99 94 106 102 103 101 102 97 99 96 96 95 6 0 0 0 0
103 94 102 97 100 101 97 93 97 107 109 92 7 0 0 0 0
96 98 101 101 99 101 99 95 95 109 131 96 8 0 0 0 0
93 91 97 96 97 96 95 94 100 100 97 92 9 0 0 0 0
104 105 114 108 107 108 104 104 102 119 147 105 10 0 0 0 0
97 98 100 97 97 100 97 92 102 112 109 15000 11 0 0 0 0
Chip#2
112 105 100 100 100 100 101 95 89 104 104 109 0 0 64 122 66
112 99 92 91 93 94 101 101 89 96 96 100 1 0 0 0 0
128 106 104 103 101 104 116 110 89 102 106 104 2 0 0 0 0
112 100 102 98 101 102 103 100 89 105 105 108 3 0 0 0 0
112 101 100 97 98 99 128 125 89 102 99 103 4 0 0 0 0
85 104 100 95 98 102 127 127 89 99 98 100 5 0 0 0 0
112 102 103 103 104 100 98 96 89 101 98 109 6 0 0 0 0
112 105 104 102 105 104 105 98 89 133 127 107 7 0 0 0 0
128 101 100 97 103 97 102 92 89 118 115 102 8 0 0 0 0
128 107 104 102 103 106 101 98 89 108 106 108 9 0 0 0 0
112 101 100 95 95 99 97 93 89 139 125 100 10 0 0 0 0
112 100 101 99 94 98 98 93 89 111 111 15000 11 0 0 0 0
Chip#1
98 97 101 101 102 103 95 97 100 100 90 93 0 0 192 123 66
99 98 107 101 101 101 111 104 96 103 94 98 1 0 0 0 0
104 100 102 106 103 104 109 107 102 98 95 94 2 0 0 0 0
99 98 106 107 100 104 102 100 97 99 100 95 3 0 0 0 0
103 100 107 107 108 107 125 120 106 107 101 102 4 0 0 0 0
103 100 110 107 107 111 125 120 104 105 100 101 5 0 0 0 0
103 100 111 107 107 107 104 101 103 105 101 102 6 0 0 0 0
102 100 105 105 99 105 101 96 101 123 131 103 7 0 0 0 0
103 99 106 105 103 108 101 97 101 117 131 98 8 0 0 0 0
103 95 111 101 106 106 105 99 100 108 104 99 9 0 0 0 0
98 99 106 101 101 100 96 92 99 119 105 99 10 0 0 0 0
102 100 106 101 100 103 101 96 102 119 131 15000 11 0 0 0 0
Chip#2
80 96 102 94 90 94 93 93 89 99 98 99 0 0 192 123 66
112 108 104 102 101 102 112 106 89 108 103 109 1 0 0 0 0
84 96 98 94 95 96 114 108 89 98 97 97 2 0 0 0 0
128 105 108 102 100 102 104 98 89 106 103 112 3 0 0 0 0
81 92 91 88 94 94 120 116 89 101 93 94 4 0 0 0 0
112 106 104 103 105 108 137 138 89 108 110 113 5 0 0 0 0
128 99 100 95 98 97 101 93 89 102 97 100 6 0 0 0 0
112 100 94 94 91 94 97 91 89 126 119 103 7 0 0 0 0
112 105 104 100 100 103 105 100 89 117 112 108 8 0 0 0 0
112 111 113 105 108 110 105 107 89 114 109 110 9 0 0 0 0
112 104 104 99 101 104 105 99 89 147 133 105 10 0 0 0 0
112 104 98 98 96 103 100 98 89 112 108 15000 11 0 0 0 0
Chip#1
102 104 110 107 105 106 103 96 101 105 95 100 0 0 0 125 66
100 100 106 103 106 101 112 108 102 107 97 95 1 0 0 0 0
97 97 103 94 102 99 105 106 95 96 95 92 2 0 0 0 0
105 98 108 102 105 105 105 100 99 103 99 95 3 0 0 0 0
102 102 108 108 107 109 124 120 103 105 102 96 4 0 0 0 0
105 102 107 108 107 112 125 118 104 107 102 102 5 0 0 0 0
103 102 106 105 103 106 105 100 102 101 100 102 6 0 0 0 0
97 100 102 100 97 101 99 96 99 113 131 92 7 0 0 0 0
105 100 110 105 107 107 104 96 103 121 131 102 8 0 0 0 0
99 101 103 102 100 99 103 96 97 103 101 98 9 0 0 0 0
99 101 106 102 105 105 106 100 102 118 110 105 10 0 0 0 0
95 97 103 101 99 101 99 94 97 114 131 15000 11 0 0 0 0
Chip#2
112 100 100 98 98 100 100 98 89 100 100 103 0 0 128 125 66
112 104 101 99 98 102 107 106 89 104 102 103 1 0 0 0 0
112 105 102 99 101 102 120 110 89 102 105 108 2 0 0 0 0
112 105 108 100 101 103 105 99 89 106 104 110 3 0 0 0 0
112 106 104 103 101 102 128 125 89 102 106 108 4 0 0 0 0
112 106 101 99 100 97 134 127 89 101 103 103 5 0 0 0 0
128 104 106 100 103 106 105 98 89 106 105 109 6 0 0 0 0
112 101 101 100 96 99 102 96 89 134 128 102 7 0 0 0 0
112 98 101 94 98 104 101 92 89 119 112 103 8 0 0 0 0
112 104 100 98 98 98 106 97 89 102 100 104 9 0 0 0 0
112 106 106 98 103 103 103 100 89 142 134 110 10 0 0 0 0
112 101 102 99 95 96 101 96 89 112 111 15000 11 0 0 0 0
Chip#1
102 98 112 106 107 106 106 100 103 100 99 99 0 0 0 126 66
104 101 111 108 112 109 117 117 101 103 99 102 1 0 0 0 0
100 104 102 110 102 106 110 110 104 100 101 95 2 0 0 0 0
99 94 101 105 102 104 100 101 99 96 97 96 3 0 0 0 0
104 104 107 108 107 107 125 124 104 104 99 100 4 0 0 0 0
102 94 107 105 108 99 116 117 96 100 94 95 5 0 0 0 0
95 97 108 102 101 101 105 100 99 98 98 94 6 0 0 0 0
95 94 101 97 97 93 97 95 95 109 107 95 7 0 0 0 0
102 101 107 106 102 101 103 100 102 114 131 99 8 0 0 0 0
97 92 97 99 99 99 102 96 99 99 96 96 9 0 0 0 0
98 97 100 103 100 103 100 96 97 110 110 98 10 0 0 0 0
102 107 114 109 107 106 103 107 109 121 131 15000 11 0 0 0 0
Chip#2
112 104 103 97 103 103 98 101 89 106 104 107 0 0 0 126 66
112 104 98 93 100 100 107 101 89 100 102 97 1 0 0 0 0
112 99 101 98 101 102 118 116 89 99 99 98 2 0 0 0 0
76 95 94 92 91 96 97 93 89 99 92 102 3 0 0 0 0
128 112 110 108 106 104 136 133 89 109 109 109 4 0 0 0 0
112 105 104 99 103 102 133 131 89 107 103 104 5 0 0 0 0
112 100 103 99 103 100 100 98 89 102 102 102 6 0 0 0 0
112 110 108 105 108 108 107 103 89 135 129 110 7 0 0 0 0
112 104 104 95 104 99 109 98 89 119 114 100 8 0 0 0 0
112 104 101 99 98 102 105 98 89 106 102 104 9 0 0 0 0
112 104 107 99 104 104 103 98 89 149 132 107 10 0 0 0 0
112 104 100 100 101 99 98 97 89 114 111 15000 11 0 0 0 0
Chip#1
98 99 106 101 97 105 101 97 96 96 97 96 0 0 0 127 66
96 98 105 100 101 105 109 107 95 103 100 98 1 0 0 0 0
99 97 103 101 108 107 112 104 101 98 97 93 2 0 0 0 0
100 99 102 103 101 105 107 100 101 96 131 96 3 0 0 0 0
97 97 105 105 105 106 120 117 99 96 95 95 4 0 0 0 0
99 100 107 106 108 107 121 115 103 104 105 96 5 0 0 0 0
99 98 107 103 99 100 100 97 95 100 94 96 6 0 0 0 0
104 105 111 107 106 108 107 96 103 119 112 101 7 0 0 0 0
104 107 108 108 109 108 105 101 104 122 115 101 8 0 0 0 0
99 99 110 106 101 106 104 95 102 107 99 100 9 0 0 0 0
106 106 110 108 105 107 105 101 104 119 131 99 10 0 0 0 0
99 99 108 102 105 104 101 96 102 114 131 15000 11 0 0 0 0
Chip#2
112 100 107 98 101 102 100 95 89 102 100 107 0 0 0 127 66
112 104 103 98 100 98 102 104 89 101 99 102 1 0 0 0 0
128 108 107 102 105 109 121 116 89 102 102 108 2 0 0 0 0
112 99 97 95 95 99 95 91 89 99 96 99 3 0 0 0 0
112 102 100 99 99 102 123 120 89 98 96 103 4 0 0 0 0
112 107 107 98 106 108 134 136 89 107 104 110 5 0 0 0 0
112 108 107 100 101 104 101 97 89 104 102 108 6 0 0 0 0
112 101 98 95 95 97 96 95 89 126 120 102 7 0 0 0 0
112 106 108 98 101 103 103 98 89 117 115 104 8 0 0 0 0
81 100 102 92 95 98 100 96 89 101 99 100 9 0 0 0 0
112 107 98 93 96 97 97 93 89 139 127 107 10 0 0 0 0
82 105 103 98 98 99 97 91 89 111 109 15000 11 0 0 0 0
Chip#1
102 99 107 103 103 103 104 97 100 99 96 100 0 0 32 128 66
102 102 107 106 103 106 112 109 97 105 97 98 1 0 0 0 0
109 105 108 109 112 112 117 109 107 107 101 105 2 0 0 0 0
93 90 93 95 97 96 97 95 89 90 89 88 3 0 0 0 0
97 94 103 106 101 103 117 115 97 99 95 93 4 0 0 0 0
97 93 101 96 101 100 114 114 97 96 94 90 5 0 0 0 0
102 99 106 101 102 105 102 100 96 98 98 99 6 0 0 0 0
96 94 96 99 97 100 101 94 95 114 131 95 7 0 0 0 0
100 100 106 101 102 106 100 99 100 117 116 98 8 0 0 0 0
97 98 105 99 105 104 104 97 99 105 100 98 9 0 0 0 0
98 99 102 101 100 101 96 89 99 112 105 95 10 0 0 0 0
103 100 106 101 100 105 100 96 101 118 131 15000 11 0 0 0 0
Chip#2
86 102 103 102 103 103 100 102 89 105 99 104 0 0 160 128 66
84 107 98 99 98 103 110 103 89 100 99 105 1 0 0 0 0
112 96 95 92 95 93 112 107 89 96 96 99 2 0 0 0 0
112 98 97 97 96 103 97 95 89 100 94 105 3 0 0 0 0
78 101 95 91 95 100 120 121 89 100 96 102 4 0 0 0 0
112 106 104 100 104 104 132 129 89 107 102 105 5 0 0 0 0
112 108 103 100 100 102 103 98 89 102 96 109 6 0 0 0 0
112 102 92 94 94 93 93 93 89 126 121 95 7 0 0 0 0
112 105 101 97 101 100 97 97 89 118 114 107 8 0 0 0 0
81 106 100 98 100 100 102 96 89 107 98 103 9 0 0 0 0
112 105 104 99 99 99 102 99 89 142 126 109 10 0 0 0 0
112 99 96 95 94 94 93 93 89 112 105 15000 11 0 0 0 0
Chip#1
96 98 105 101 99 101 92 99 101 96 96 94 0 0 0 129 66
100 100 103 105 103 104 111 108 102 99 102 102 1 0 0 0 0
99 102 112 108 108 104 114 107 101 104 102 103 2 0 0 0 0
99 102 112 109 108 109 105 100 109 105 101 106 3 0 0 0 0
100 98 107 107 111 101 120 119 101 102 102 98 4 0 0 0 0
100 99 111 105 105 105 122 116 106 107 100 100 5 0 0 0 0
99 100 106 102 107 103 101 99 97 99 102 96 6 0 0 0 0
98 102 107 105 105 105 103 97 101 113 131 95 7 0 0 0 0
132 105 112 110 107 108 111 103 106 123 147 103 8 0 0 0 0
98 97 108 106 103 106 102 96 101 109 104 99 9 0 0 0 0
104 101 109 107 107 106 106 101 107 122 131 103 10 0 0 0 0
103 101 110 105 103 106 106 99 103 117 131 15000 11 0 0 0 0
Chip#2
112 107 108 103 104 108 103 101 89 109 103 112 0 0 0 129 66
112 104 104 100 101 100 105 106 89 101 100 109 1 0 0 0 0
81 102 101 100 99 100 116 112 89 99 98 98 2 0 0 0 0
112 102 98 97 94 97 97 93 89 100 97 100 3 0 0 0 0
112 102 98 93 96 96 116 121 89 102 99 100 4 0 0 0 0
112 102 100 99 99 103 128 131 89 101 100 101 5 0 0 0 0
112 100 98 95 91 97 97 95 89 98 96 103 6 0 0 0 0
73 99 95 94 90 94 93 92 89 122 116 99 7 0 0 0 0
82 104 100 98 95 98 98 97 89 118 114 99 8 0 0 0 0
112 105 101 99 99 99 101 98 89 108 99 104 9 0 0 0 0
80 95 96 93 88 89 93 92 89 137 122 98 10 0 0 0 0
112 102 100 100 98 100 102 97 89 113 112 15000 11 0 0 0 0
Chip#1
99 104 107 107 106 108 104 102 100 102 100 100 0 0 160 129 66
96 99 106 101 101 103 114 104 96 91 96 98 1 0 0 0 0
102 98 103 103 103 104 111 103 101 93 98 95 2 0 0 0 0
102 98 110 103 102 107 106 102 102 99 100 98 3 0 0 0 0
99 101 108 108 102 109 121 120 102 99 98 99 4 0 0 0 0
99 98 106 101 103 105 114 115 101 96 96 93 5 0 0 0 0
104 104 110 110 106 111 114 101 103 105 102 102 6 0 0 0 0
103 106 108 105 107 106 106 97 103 119 131 101 7 0 0 0 0
102 99 102 106 103 101 102 95 96 115 109 98 8 0 0 0 0
100 102 108 105 102 105 106 102 102 104 101 100 9 0 0 0 0
106 102 112 103 107 106 105 100 103 118 131 102 10 0 0 0 0
105 105 108 105 105 106 106 100 102 123 111 15000 11 0 0 0 0
Chip#2
112 98 104 93 96 98 97 97 89 98 96 103 0 0 160 129 66
112 104 102 97 99 104 106 103 89 104 103 107 1 0 0 0 0
112 105 100 95 100 99 114 114 89 104 103 99 2 0 0 0 0
112 107 106 98 99 104 104 101 89 105 100 108 3 0 0 0 0
112 102 106 98 98 98 123 126 89 100 100 104 4 0 0 0 0
112 112 107 103 103 103 136 133 89 106 103 109 5 0 0 0 0
79 99 102 100 94 98 98 95 89 98 100 104 6 0 0 0 0
112 100 100 91 90 92 95 86 89 126 123 98 7 0 0 0 0
112 99 107 99 93 99 97 97 89 119 116 104 8 0 0 0 0
128 109 108 105 106 102 105 102 89 108 109 112 9 0 0 0 0
112 105 104 99 99 104 107 99 89 142 129 105 10 0 0 0 0
112 105 104 97 103 102 105 98 89 114 110 15000 11 0 0 0 0
Chip#1
97 102 103 99 100 101 103 101 99 99 96 98 0 0 32 130 66
104 102 111 107 108 112 112 109 102 100 105 94 1 0 0 0 0
108 104 112 108 113 113 124 112 108 109 131 107 2 0 0 0 0
103 94 106 106 105 107 102 101 102 96 100 99 3 0 0 0 0
106 102 106 109 108 111 121 120 107 104 105 101 4 0 0 0 0
100 97 108 106 102 105 119 118 103 100 100 96 5 0 0 0 0
108 100 107 110 105 109 105 102 104 102 101 103 6 0 0 0 0
98 101 103 106 102 103 101 99 106 117 131 98 7 0 0 0 0
102 97 106 106 107 106 104 100 102 117 131 102 8 0 0 0 0
98 100 106 105 105 105 101 101 100 107 105 102 9 0 0 0 0
102 104 105 109 101 105 99 95 101 115 131 99 10 0 0 0 0
98 94 102 100 94 101 97 97 100 107 131 15000 11 0 0 0 0
Chip#2
112 102 102 93 100 102 100 97 89 100 93 105 0 0 96 130 66
112 101 96 95 94 100 106 99 89 100 97 99 1 0 0 0 0
112 101 101 97 98 104 118 104 89 96 95 97 2 0 0 0 0
112 104 109 99 104 108 105 102 89 104 103 105 3 0 0 0 0
112 99 100 94 98 97 123 123 89 99 98 100 4 0 0 0 0
112 110 109 104 106 104 133 133 89 104 104 108 5 0 0 0 0
112 99 102 95 95 96 96 93 89 100 97 104 6 0 0 0 0
81 99 96 94 94 97 97 97 89 125 120 97 7 0 0 0 0
112 104 98 97 100 99 98 97 89 113 111 100 8 0 0 0 0
112 101 103 99 103 100 101 100 89 108 104 104 9 0 0 0 0
112 106 107 102 103 99 102 96 89 141 132 103 10 0 0 0 0
112 111 102 100 108 102 101 97 89 117 116 15000 11 0 0 0 0
Chip#1
104 104 112 106 111 114 105 108 108 107 100 101 0 0 128 130 66
98 100 107 107 102 106 112 110 95 102 97 96 1 0 0 0 0
100 100 105 101 102 104 111 108 100 102 96 95 2 0 0 0 0
96 100 105 106 100 105 104 103 101 103 131 101 3 0 0 0 0
98 97 101 103 102 104 117 117 100 99 98 95 4 0 0 0 0
102 100 106 105 107 103 121 116 101 103 131 98 5 0 0 0 0
104 98 106 108 105 103 104 97 95 99 100 99 6 0 0 0 0
102 106 111 108 106 109 103 100 96 123 131 100 7 0 0 0 0
105 105 103 107 105 104 107 102 107 119 114 99 8 0 0 0 0
105 104 110 107 106 106 107 102 102 109 102 101 9 0 0 0 0
103 105 112 106 103 109 106 101 103 121 131 103 10 0 0 0 0
100 106 111 110 107 106 107 104 104 119 131 15000 11 0 0 0 0
Chip#2
112 101 102 97 98 98 98 100 89 102 98 103 0 0 128 130 66
112 107 106 100 104 100 107 107 89 107 102 110 1 0 0 0 0
112 102 100 93 95 99 115 108 89 94 96 100 2 0 0 0 0
112 107 110 100 103 103 105 102 89 102 102 107 3 0 0 0 0
112 105 104 98 101 98 127 131 89 102 98 104 4 0 0 0 0
112 111 107 105 105 102 134 131 89 105 104 110 5 0 0 0 0
112 102 104 98 98 103 100 95 89 100 100 107 6 0 0 0 0
112 100 100 92 96 94 95 95 89 126 121 103 7 0 0 0 0
80 98 96 93 95 99 97 89 89 113 109 97 8 0 0 0 0
112 106 112 105 106 104 102 101 89 112 102 110 9 0 0 0 0
80 110 102 100 100 103 102 97 89 139 121 103 10 0 0 0 0
112 104 100 93 96 99 97 96 89 112 109 15000 11 0 0 0 0
Chip#1
108 106 114 112 108 111 106 108 103 105 106 102 0 0 0 131 66
104 99 111 107 108 106 112 116 102 100 101 96 1 0 0 0 0
109 99 110 106 111 109 120 117 109 108 105 103 2 0 0 0 0
104 102 115 111 112 112 111 109 108 105 101 106 3 0 0 0 0
100 98 106 103 102 106 122 117 101 100 97 93 4 0 0 0 0
104 97 106 108 106 103 120 114 101 100 97 101 5 0 0 0 0
106 104 112 108 108 114 109 106 104 108 105 107 6 0 0 0 0
98 100 107 106 101 103 106 101 102 119 131 98 7 0 0 0 0
105 107 110 110 109 109 109 104 108 123 131 105 8 0 0 0 0
98 97 108 102 101 104 105 96 100 104 102 93 9 0 0 0 0
96 94 100 100 97 101 96 94 96 113 104 90 10 0 0 0 0
103 98 111 105 106 105 107 101 101 115 114 15000 11 0 0 0 0
Chip#2
112 106 106 98 96 106 105 101 89 106 103 109 0 0 0 131 66
112 102 101 92 94 98 106 99 89 100 102 103 1 0 0 0 0
112 104 104 99 101 104 118 116 89 104 104 107 2 0 0 0 0
112 102 103 99 100 104 101 102 89 101 103 105 3 0 0 0 0
112 102 102 94 99 100 123 125 89 100 98 104 4 0 0 0 0
112 102 106 99 96 102 133 129 89 104 105 103 5 0 0 0 0
128 107 104 97 104 108 102 96 89 105 106 110 6 0 0 0 0
112 105 103 98 95 102 102 98 89 129 131 103 7 0 0 0 0
112 107 110 103 104 104 106 106 89 118 121 109 8 0 0 0 0
112 101 100 100 103 102 101 100 89 108 103 107 9 0 0 0 0
112 102 103 97 90 96 101 95 89 140 132 100 10 0 0 0 0
112 100 97 95 98 99 102 96 89 112 111 15000 11 0 0 0 0
Chip#1
106 104 109 110 108 111 107 107 107 105 102 106 0 0 192 131 66
103 98 106 105 105 103 109 108 97 100 102 100 1 0 0 0 0
103 97 110 106 103 107 114 109 101 107 100 99 2 0 0 0 0
99 99 107 108 106 104 107 104 100 103 100 96 3 0 0 0 0
105 106 114 111 111 106 125 119 106 107 105 103 4 0 0 0 0
99 98 108 105 106 106 124 117 102 104 97 100 5 0 0 0 0
99 98 110 102 103 105 106 97 99 99 101 95 6 0 0 0 0
106 100 111 108 107 109 109 103 106 122 131 100 7 0 0 0 0
95 98 98 103 103 101 97 97 96 113 131 95 8 0 0 0 0
102 100 107 105 106 107 102 100 106 110 104 100 9 0 0 0 0
104 107 107 102 101 100 103 99 100 114 106 96 10 0 0 0 0
96 99 103 97 101 107 104 97 101 113 111 15000 11 0 0 0 0
Chip#2
81 104 98 95 98 98 97 95 89 98 102 102 0 0 0 132 66
112 112 109 103 105 109 115 110 89 111 109 112 1 0 0 0 0
112 96 101 91 96 96 114 107 89 91 96 97 2 0 0 0 0
78 93 95 93 93 94 97 92 89 96 90 97 3 0 0 0 0
112 106 103 97 103 100 123 129 89 105 105 108 4 0 0 0 0
112 99 94 92 93 97 127 127 89 96 94 99 5 0 0 0 0
112 108 104 100 104 99 101 98 89 106 99 105 6 0 0 0 0
112 96 98 95 95 93 93 98 89 124 127 100 7 0 0 0 0
112 104 104 99 103 105 101 101 89 121 119 107 8 0 0 0 0
112 107 104 97 100 103 100 96 89 107 104 110 9 0 0 0 0
112 106 106 102 100 106 102 100 89 146 132 108 10 0 0 0 0
78 94 94 88 86 89 89 86 89 101 105 15000 11 0 0 0 0
Chip#1
93 91 100 96 94 98 100 94 90 95 91 88 0 0 96 132 66
109 107 110 113 113 114 117 116 101 112 106 106 1 0 0 0 0
103 98 108 105 105 105 114 110 96 99 99 98 2 0 0 0 0
108 104 111 111 108 108 107 106 101 105 105 101 3 0 0 0 0
102 100 105 109 106 106 121 118 99 100 97 100 4 0 0 0 0
96 97 103 103 99 100 117 111 97 99 96 93 5 0 0 0 0
99 94 101 101 99 103 100 96 97 98 93 95 6 0 0 0 0
98 94 103 99 94 99 100 94 97 110 109 95 7 0 0 0 0
104 101 108 107 106 108 104 103 102 121 131 103 8 0 0 0 0
98 92 102 97 101 101 101 95 99 98 99 94 9 0 0 0 0
98 100 105 101 96 103 102 94 100 112 131 95 10 0 0 0 0
100 100 106 102 103 104 100 97 97 114 111 15000 11 0 0 0 0
Chip#2
112 95 100 92 94 96 93 93 89 95 94 99 0 0 96 132 66
112 102 103 98 95 94 103 101 89 100 99 100 1 0 0 0 0
112 98 100 98 98 99 112 113 89 101 99 97 2 0 0 0 0
112 102 103 99 96 102 100 99 89 102 102 110 3 0 0 0 0
112 104 102 99 103 96 121 125 89 102 99 103 4 0 0 0 0
112 100 103 97 98 96 127 127 89 102 103 100 5 0 0 0 0
81 104 102 97 98 100 98 98 89 102 99 103 6 0 0 0 0
112 106 104 102 98 100 102 101 89 127 129 103 7 0 0 0 0
112 101 106 102 98 102 104 97 89 120 110 105 8 0 0 0 0
112 99 102 99 96 99 103 96 89 104 102 103 9 0 0 0 0
112 102 102 98 95 97 101 95 89 141 127 100 10 0 0 0 0
128 109 109 102 100 105 102 99 89 117 111 15000 11 0 0 0 0
Chip#1
100 95 106 99 102 100 102 96 97 100 96 98 0 0 32 133 66
98 102 106 106 106 106 111 112 101 102 100 96 1 0 0 0 0
103 100 107 107 107 106 112 116 103 102 100 100 2 0 0 0 0
104 101 105 109 106 107 104 104 100 100 101 95 3 0 0 0 0
96 98 103 106 103 103 116 114 99 105 93 93 4 0 0 0 0
103 97 108 106 101 109 116 119 102 101 94 96 5 0 0 0 0
103 99 110 111 105 108 106 104 102 102 102 102 6 0 0 0 0
102 101 107 105 103 103 100 99 99 119 131 101 7 0 0 0 0
99 97 101 106 101 106 99 97 100 115 131 96 8 0 0 0 0
98 95 103 103 105 104 104 99 97 105 100 96 9 0 0 0 0
103 101 106 106 105 103 104 102 101 115 131 103 10 0 0 0 0
97 91 97 99 92 97 95 94 100 107 104 15000 11 0 0 0 0
Chip#2
112 106 106 100 98 99 102 96 89 101 102 102 0 0 32 133 66
112 106 107 97 103 104 110 104 89 104 102 107 1 0 0 0 0
112 104 101 99 100 98 119 112 89 96 99 103 2 0 0 0 0
112 102 100 95 101 98 103 97 89 99 96 104 3 0 0 0 0
112 102 100 100 96 98 129 126 89 104 100 107 4 0 0 0 0
84 100 101 95 103 97 130 129 89 98 99 102 5 0 0 0 0
80 100 96 95 98 98 97 96 89 96 95 102 6 0 0 0 0
112 105 102 99 96 99 103 97 89 128 123 105 7 0 0 0 0
78 99 98 92 94 96 96 91 89 112 111 99 8 0 0 0 0
112 104 100 97 96 99 102 93 89 101 102 104 9 0 0 0 0
112 105 101 98 101 102 100 96 89 141 123 104 10 0 0 0 0
112 105 102 98 98 102 101 91 89 113 110 15000 11 0 0 0 0
Chip#1
99 97 106 101 99 104 99 94 99 100 94 98 0 0 160 133 66
97 100 103 103 102 100 114 109 99 99 97 99 1 0 0 0 0
98 99 107 103 101 99 110 106 96 99 95 96 2 0 0 0 0
104 98 106 110 107 103 103 105 100 103 97 100 3 0 0 0 0
106 108 114 111 106 114 128 124 107 113 105 106 4 0 0 0 0
102 94 100 100 99 100 121 115 97 100 96 98 5 0 0 0 0
99 93 98 100 99 99 99 94 91 96 95 95 6 0 0 0 0
105 100 103 108 101 108 104 100 102 117 131 101 7 0 0 0 0
104 105 110 113 107 107 107 104 104 123 131 102 8 0 0 0 0
98 97 101 105 96 103 99 97 95 99 100 100 9 0 0 0 0
103 102 103 103 99 106 101 95 99 113 111 98 10 0 0 0 0
98 94 102 102 93 96 101 96 93 108 106 15000 11 0 0 0 0
Chip#2
112 94 102 97 95 97 100 93 89 95 104 99 0 0 224 133 66
128 106 99 94 98 102 111 104 89 98 102 105 1 0 0 0 0
112 95 95 95 94 92 111 109 89 92 90 97 2 0 0 0 0
82 105 101 97 95 100 103 100 89 106 98 99 3 0 0 0 0
112 105 106 102 103 104 134 131 89 106 104 105 4 0 0 0 0
112 101 103 102 101 99 133 131 89 100 103 104 5 0 0 0 0
112 104 101 95 99 103 105 100 89 99 96 104 6 0 0 0 0
112 105 106 100 103 100 102 101 89 132 127 109 7 0 0 0 0
112 105 104 99 100 100 109 97 89 117 116 107 8 0 0 0 0
112 105 106 104 104 100 102 100 89 108 102 110 9 0 0 0 0
82 99 104 98 98 96 102 92 89 135 127 100 10 0 0 0 0
112 101 97 98 101 96 104 97 89 109 105 15000 11 0 0 0 0
Chip#1
102 97 107 100 100 105 105 101 97 102 96 101 0 0 0 134 66
91 93 100 99 97 92 104 104 94 95 93 89 1 0 0 0 0
93 93 103 100 106 103 109 106 95 94 96 95 2 0 0 0 0
100 98 105 102 106 105 101 101 97 103 98 99 3 0 0 0 0
99 99 106 106 103 100 116 117 101 99 97 103 4 0 0 0 0
102 101 109 106 106 105 119 120 107 100 99 100 5 0 0 0 0
103 99 107 102 102 103 103 101 99 98 99 98 6 0 0 0 0
110 104 110 108 106 108 106 101 101 119 131 102 7 0 0 0 0
102 95 105 105 101 103 100 99 100 119 131 100 8 0 0 0 0
100 98 108 102 111 107 106 100 102 103 131 101 9 0 0 0 0
98 100 103 102 99 99 101 100 103 112 105 102 10 0 0 0 0
99 95 102 102 102 100 97 95 102 112 131 15000 11 0 0 0 0
Chip#2
112 108 106 104 101 102 103 101 89 106 97 108 0 0 0 134 66
89 100 107 100 101 96 111 107 89 104 104 103 1 0 0 0 0
112 104 100 98 101 100 115 113 89 104 102 96 2 0 0 0 0
112 102 106 99 98 99 102 97 89 105 98 103 3 0 0 0 0
112 106 101 100 100 102 128 129 89 105 104 110 4 0 0 0 0
128 101 98 99 95 102 127 126 89 101 99 104 5 0 0 0 0
112 100 98 93 94 99 100 96 89 98 100 107 6 0 0 0 0
112 104 103 102 98 100 102 98 89 128 120 105 7 0 0 0 0
112 107 100 98 98 97 101 98 89 119 116 107 8 0 0 0 0
128 102 102 99 100 99 101 102 89 106 102 104 9 0 0 0 0
112 101 97 97 94 97 95 90 89 135 122 96 10 0 0 0 0
112 104 107 100 96 104 103 101 89 117 114 15000 11 0 0 0 0
Chip#1
102 101 107 108 108 108 104 104 106 102 101 103 0 0 96 134 66
100 99 103 107 103 106 114 114 102 104 102 102 1 0 0 0 0
99 99 106 105 103 104 109 109 103 96 99 102 2 0 0 0 0
103 95 107 106 103 106 106 103 106 102 101 107 3 0 0 0 0
100 98 106 108 107 104 122 117 104 100 100 103 4 0 0 0 0
105 99 106 106 108 108 124 118 106 105 102 99 5 0 0 0 0
99 98 108 106 102 105 101 101 95 104 99 102 6 0 0 0 0
105 104 106 106 103 107 107 102 103 117 114 102 7 0 0 0 0
110 105 110 108 109 108 110 106 108 123 131 106 8 0 0 0 0
102 106 106 108 107 107 106 104 106 105 104 101 9 0 0 0 0
104 98 103 103 105 106 101 100 96 113 111 101 10 0 0 0 0
99 97 100 101 96 99 96 99 96 109 107 15000 11 0 0 0 0
Chip#2
112 108 112 102 101 108 107 107 89 109 99 109 0 0 96 134 66
79 99 97 99 93 97 101 98 89 99 95 102 1 0 0 0 0
112 105 101 103 99 105 115 113 89 99 103 105 2 0 0 0 0
112 105 107 102 103 108 105 104 89 111 106 109 3 0 0 0 0
75 93 94 88 93 93 115 119 89 98 92 93 4 0 0 0 0
82 104 100 100 98 100 127 129 89 101 102 104 5 0 0 0 0
112 101 102 97 104 102 97 102 89 101 97 104 6 0 0 0 0
112 102 104 100 104 104 104 97 89 128 128 107 7 0 0 0 0
112 99 104 99 99 103 102 95 89 117 112 103 8 0 0 0 0
112 104 101 97 96 102 98 101 89 102 98 104 9 0 0 0 0
112 102 103 95 101 98 101 95 89 139 122 105 10 0 0 0 0
112 102 109 95 99 98 101 97 89 112 112 15000 11 0 0 0 0
Chip#1
98 98 103 102 99 103 101 97 99 100 92 99 0 0 0 135 66
96 97 103 105 100 105 107 104 95 96 94 95 1 0 0 0 0
102 101 108 107 107 106 115 111 101 107 101 102 2 0 0 0 0
100 99 108 105 101 101 100 101 99 98 96 95 3 0 0 0 0
108 102 114 116 113 114 128 125 106 105 105 103 4 0 0 0 0
102 100 105 105 103 105 122 114 103 100 99 98 5 0 0 0 0
110 104 110 112 109 111 110 107 109 110 102 103 6 0 0 0 0
100 99 107 107 101 106 104 101 103 113 131 100 7 0 0 0 0
103 99 106 107 103 106 100 102 106 118 131 102 8 0 0 0 0
97 98 103 102 100 100 105 96 103 104 99 95 9 0 0 0 0
98 104 108 103 101 104 102 96 101 118 131 96 10 0 0 0 0
104 102 108 106 101 103 104 104 103 114 131 15000 11 0 0 0 0
Chip#2
112 104 102 99 98 106 100 97 89 104 103 102 0 0 0 135 66
112 99 100 94 94 94 101 97 89 100 98 99 1 0 0 0 0
112 107 104 102 101 103 121 113 89 105 99 100 2 0 0 0 0
112 105 101 98 95 99 97 99 89 99 93 103 3 0 0 0 0
112 106 103 97 99 103 128 126 89 105 102 103 4 0 0 0 0
112 110 102 100 99 102 129 131 89 101 98 103 5 0 0 0 0
112 100 100 93 96 98 100 93 89 100 98 103 6 0 0 0 0
112 102 98 98 98 98 100 98 89 127 125 104 7 0 0 0 0
112 100 98 95 94 94 101 93 89 111 114 99 8 0 0 0 0
86 98 101 102 96 100 100 95 89 105 103 104 9 0 0 0 0
112 101 103 98 96 100 101 97 89 138 127 107 10 0 0 0 0
84 106 100 97 96 97 98 96 89 113 109 15000 11 0 0 0 0
Chip#1
104 107 111 109 106 106 103 107 109 107 105 102 0 0 128 135 66
99 98 110 108 105 104 115 109 103 102 102 101 1 0 0 0 0
102 101 110 109 108 106 117 114 106 108 104 103 2 0 0 0 0
99 95 103 105 97 105 101 101 96 99 94 95 3 0 0 0 0
98 98 105 107 101 105 116 114 101 98 95 98 4 0 0 0 0
100 94 103 106 101 103 117 118 102 102 95 96 5 0 0 0 0
102 102 110 108 107 106 106 101 103 105 104 106 6 0 0 0 0
104 106 114 111 108 111 109 107 106 121 131 102 7 0 0 0 0
99 97 108 106 102 103 103 97 102 115 131 100 8 0 0 0 0
102 94 103 103 101 99 96 96 101 103 96 99 9 0 0 0 0
103 102 107 108 103 105 101 100 101 117 131 103 10 0 0 0 0
100 98 106 102 100 105 101 97 97 110 104 15000 11 0 0 0 0
Chip#2
112 102 98 102 98 104 101 96 89 104 102 100 0 0 128 135 66
84 100 100 98 100 103 105 104 89 101 99 100 1 0 0 0 0
112 101 103 97 99 102 118 115 89 102 98 99 2 0 0 0 0
78 96 97 91 89 97 95 97 89 96 94 100 3 0 0 0 0
81 98 96 97 94 99 125 124 89 100 98 99 4 0 0 0 0
112 96 97 95 94 98 127 127 89 100 95 98 5 0 0 0 0
128 110 107 102 104 100 105 93 89 102 100 105 6 0 0 0 0
112 100 101 94 94 99 96 96 89 126 125 97 7 0 0 0 0
128 103 100 104 98 102 105 95 89 116 114 103 8 0 0 0 0
112 102 100 100 99 102 98 98 89 107 100 107 9 0 0 0 0
112 112 110 103 103 106 106 102 89 149 131 109 10 0 0 0 0
112 107 106 100 101 102 105 100 89 119 115 15000 11 0 0 0 0
Chip#1
98 98 101 101 96 103 101 100 97 95 98 90 0 0 0 136 66
100 98 103 107 101 105 114 109 99 99 100 99 1 0 0 0 0
104 104 103 109 107 108 112 111 103 102 101 99 2 0 0 0 0
96 92 101 97 95 98 97 95 97 94 91 90 3 0 0 0 0
104 104 110 110 111 113 122 120 106 102 104 101 4 0 0 0 0
97 97 105 101 102 104 116 112 101 95 96 96 5 0 0 0 0
98 98 105 106 105 104 106 100 102 102 95 98 6 0 0 0 0
102 97 106 102 101 104 100 95 99 114 131 95 7 0 0 0 0
102 100 105 103 100 107 101 102 102 121 131 102 8 0 0 0 0
99 99 106 103 99 106 100 100 97 103 102 98 9 0 0 0 0
102 102 107 107 102 104 101 95 99 118 131 100 10 0 0 0 0
98 100 108 105 99 103 102 99 101 113 131 15000 11 0 0 0 0
Chip#2
112 104 104 98 94 100 100 98 89 102 96 103 0 0 0 136 66
112 106 106 99 94 103 107 102 89 102 98 107 1 0 0 0 0
112 98 96 95 96 97 116 108 89 100 92 98 2 0 0 0 0
112 106 106 102 99 100 106 101 89 107 102 105 3 0 0 0 0
112 106 101 100 99 99 123 126 89 107 100 105 4 0 0 0 0
84 100 100 97 98 102 127 125 89 102 96 99 5 0 0 0 0
112 104 102 99 100 105 101 97 89 106 102 105 6 0 0 0 0
112 107 106 99 98 103 102 101 89 129 128 105 7 0 0 0 0
112 106 108 107 103 108 107 104 89 124 121 108 8 0 0 0 0
112 106 101 99 99 100 101 101 89 105 100 102 9 0 0 0 0
112 101 101 98 98 100 98 95 89 140 126 97 10 0 0 0 0
112 106 101 94 93 102 95 93 89 109 105 15000 11 0 0 0 0
Chip#1
91 97 100 100 88 94 95 89 96 90 88 90 0 0 96 136 66
99 100 106 108 105 105 115 110 102 103 101 96 1 0 0 0 0
98 99 105 103 101 99 114 104 101 96 89 93 2 0 0 0 0
96 97 103 103 99 107 104 99 96 93 96 94 3 0 0 0 0
98 98 110 106 105 104 120 110 99 98 96 98 4 0 0 0 0
98 93 100 97 97 96 115 114 101 94 93 93 5 0 0 0 0
96 95 103 103 97 101 103 92 97 98 95 96 6 0 0 0 0
106 106 110 110 106 107 107 104 110 122 131 107 7 0 0 0 0
104 108 108 110 105 112 106 102 106 115 131 108 8 0 0 0 0
105 100 108 107 109 108 107 100 103 102 104 100 9 0 0 0 0
109 106 110 112 108 109 107 106 112 122 131 103 10 0 0 0 0
102 99 110 105 101 104 104 100 109 118 110 15000 11 0 0 0 0
Chip#2
112 102 98 95 96 97 98 93 89 99 103 105 0 0 160 136 66
78 92 96 87 93 88 102 97 89 95 93 97 1 0 0 0 0
112 107 104 95 96 98 118 114 89 101 102 103 2 0 0 0 0
112 104 102 97 98 99 98 100 89 99 98 109 3 0 0 0 0
112 100 98 94 103 100 123 127 89 98 97 102 4 0 0 0 0
112 104 101 97 99 103 132 127 89 96 97 104 5 0 0 0 0
128 111 112 107 105 111 109 104 89 107 108 113 6 0 0 0 0
112 107 104 97 99 102 105 95 89 132 127 109 7 0 0 0 0
112 99 97 98 95 100 100 96 89 114 110 100 8 0 0 0 0
112 102 104 99 101 102 100 100 89 101 103 107 9 0 0 0 0
112 101 103 94 95 100 98 96 89 135 128 100 10 0 0 0 0
128 100 106 94 95 98 100 96 89 108 106 15000 11 0 0 0 0
Chip#1
100 95 102 100 96 104 104 99 96 98 102 93 0 0 224 136 66
93 95 101 101 96 96 106 103 94 94 91 92 1 0 0 0 0
103 100 109 110 108 104 115 111 107 104 131 100 2 0 0 0 0
95 95 103 103 99 103 103 99 101 100 95 98 3 0 0 0 0
108 102 114 113 109 111 127 123 110 104 104 102 4 0 0 0 0
105 100 110 106 109 109 122 118 104 103 100 100 5 0 0 0 0
99 98 108 105 100 99 103 95 102 102 95 96 6 0 0 0 0
103 99 108 106 102 106 105 99 104 119 109 96 7 0 0 0 0
104 102 108 105 103 103 103 101 101 114 131 94 8 0 0 0 0
98 101 103 107 105 105 109 101 103 103 102 106 9 0 0 0 0
98 93 101 96 90 97 99 91 100 108 102 94 10 0 0 0 0
103 102 111 109 105 105 105 103 104 117 131 15000 11 0 0 0 0
Chip#2
112 104 101 98 101 102 103 99 89 106 100 104 0 0 224 136 66
112 107 104 100 96 102 107 104 89 105 99 104 1 0 0 0 0
112 104 103 99 101 102 119 115 89 104 105 102 2 0 0 0 0
112 104 103 98 101 104 100 102 89 106 102 109 3 0 0 0 0
112 100 103 97 96 103 128 125 89 104 98 105 4 0 0 0 0
112 104 103 98 103 103 130 130 89 106 104 103 5 0 0 0 0
112 106 104 99 98 102 97 97 89 102 100 104 6 0 0 0 0
112 105 102 99 101 102 102 97 89 132 128 110 7 0 0 0 0
84 101 98 100 99 98 102 96 89 115 112 102 8 0 0 0 0
112 106 101 104 101 103 102 97 89 104 103 103 9 0 0 0 0
112 105 104 100 98 100 103 101 89 142 133 104 10 0 0 0 0
112 104 102 95 98 96 101 95 89 112 112 15000 11 0 0 0 0
Chip#1
99 100 105 109 101 107 104 101 100 96 99 95 0 0 64 137 66
97 98 103 108 105 100 109 107 96 94 93 90 1 0 0 0 0
99 99 105 106 102 103 110 104 97 93 95 95 2 0 0 0 0
103 104 114 115 107 111 109 110 102 107 131 103 3 0 0 0 0
108 106 114 115 108 114 130 118 106 104 101 105 4 0 0 0 0
100 94 102 108 101 103 116 117 101 95 97 95 5 0 0 0 0
97 98 98 101 94 94 95 95 90 96 90 92 6 0 0 0 0
102 102 110 109 102 104 102 101 103 118 131 101 7 0 0 0 0
104 102 110 111 101 107 105 103 107 119 131 100 8 0 0 0 0
102 104 106 109 102 107 106 106 101 104 104 102 9 0 0 0 0
100 100 107 109 102 106 100 97 100 113 109 98 10 0 0 0 0
99 102 106 103 101 103 105 99 102 117 112 15000 11 0 0 0 0
Chip#2
80 100 95 95 98 97 96 92 89 96 99 94 0 0 64 137 66
112 101 98 93 98 96 105 102 89 95 97 102 1 0 0 0 0
112 102 102 100 101 100 119 118 89 106 103 105 2 0 0 0 0
112 105 98 98 98 103 102 103 89 101 99 105 3 0 0 0 0
112 107 102 100 105 100 133 131 89 102 104 107 4 0 0 0 0
112 100 96 93 93 99 123 124 89 99 98 99 5 0 0 0 0
112 106 101 102 100 100 105 97 89 102 99 102 6 0 0 0 0
112 105 100 97 94 99 93 92 89 127 120 98 7 0 0 0 0
144 115 147 114 109 110 119 108 89 128 129 117 8 0 0 0 0
112 106 107 104 100 104 109 101 89 112 109 108 9 0 0 0 0
80 98 100 95 96 99 101 93 89 140 128 100 10 0 0 0 0
82 105 100 102 99 97 103 98 89 115 112 15000 11 0 0 0 0
Chip#1
99 97 100 102 99 100 99 97 96 95 94 94 0 0 192 137 66
100 105 111 111 109 111 116 112 107 100 101 102 1 0 0 0 0
98 99 105 106 101 104 111 105 101 99 99 95 2 0 0 0 0
100 101 111 109 107 109 109 104 106 104 102 101 3 0 0 0 0
102 102 110 108 102 108 122 114 99 99 97 96 4 0 0 0 0
106 105 112 109 107 111 125 123 107 105 102 101 5 0 0 0 0
100 99 107 107 106 108 106 101 103 102 99 99 6 0 0 0 0
106 100 110 106 105 107 109 100 104 118 131 100 7 0 0 0 0
106 100 111 110 108 113 105 101 108 117 131 103 8 0 0 0 0
102 95 108 105 100 107 104 96 102 107 101 98 9 0 0 0 0
103 95 101 101 96 99 103 95 99 110 105 93 10 0 0 0 0
104 100 107 103 102 103 103 96 100 113 112 15000 11 0 0 0 0
Chip#2
112 105 98 97 100 97 107 95 89 104 97 108 0 0 0 138 66
112 102 103 97 101 100 105 106 89 102 102 105 1 0 0 0 0
112 100 96 97 95 98 114 112 89 99 93 98 2 0 0 0 0
112 104 102 98 101 99 107 101 89 101 96 104 3 0 0 0 0
112 99 101 95 98 98 124 125 89 99 96 102 4 0 0 0 0
112 102 103 98 104 102 129 130 89 105 99 107 5 0 0 0 0
112 107 101 98 99 103 107 97 89 104 100 104 6 0 0 0 0
87 102 102 99 101 98 101 96 89 132 127 104 7 0 0 0 0
112 100 102 99 99 99 101 98 89 119 116 108 8 0 0 0 0
112 104 100 97 99 98 101 93 89 106 100 99 9 0 0 0 0
112 102 98 95 101 103 103 96 89 142 128 108 10 0 0 0 0
112 104 100 97 94 96 101 96 89 114 109 15000 11 0 0 0 0
Chip#1
92 95 98 96 96 98 100 93 97 91 95 95 0 0 96 138 66
102 99 107 105 103 101 109 109 101 102 96 96 1 0 0 0 0
97 94 107 103 103 106 109 104 101 99 95 95 2 0 0 0 0
102 97 106 105 105 105 106 101 101 104 97 102 3 0 0 0 0
103 100 108 109 106 107 122 120 102 103 102 103 4 0 0 0 0
97 92 102 99 99 103 112 109 96 99 91 92 5 0 0 0 0
104 97 106 106 101 107 105 96 99 98 99 100 6 0 0 0 0
100 94 106 97 99 103 100 93 96 114 105 92 7 0 0 0 0
100 102 106 108 103 105 103 96 102 118 131 100 8 0 0 0 0
91 91 100 97 99 97 97 90 95 95 95 93 9 0 0 0 0
97 97 102 100 97 98 96 94 99 108 131 90 10 0 0 0 0
103 105 108 108 102 107 105 103 103 118 131 15000 11 0 0 0 0
Chip#2
112 96 95 94 94 94 95 92 89 96 95 97 0 0 96 138 66
112 101 100 99 99 96 102 101 89 99 100 100 1 0 0 0 0
112 101 95 97 99 100 112 107 89 98 97 96 2 0 0 0 0
128 106 108 99 104 103 102 98 89 105 103 108 3 0 0 0 0
84 101 98 95 96 99 124 120 89 101 97 99 4 0 0 0 0
112 103 98 99 98 100 129 130 89 100 102 101 5 0 0 0 0
112 100 95 98 96 96 97 91 89 96 99 103 6 0 0 0 0
86 105 104 99 98 102 102 97 89 131 125 105 7 0 0 0 0
112 111 109 105 108 105 106 98 89 121 121 108 8 0 0 0 0
112 104 102 100 100 102 106 100 89 109 103 107 9 0 0 0 0
112 99 97 94 95 94 101 92 89 138 126 99 10 0 0 0 0
112 104 102 97 94 100 100 98 89 112 108 15000 11 0 0 0 0
Chip#1
100 100 101 101 100 106 101 99 102 93 98 94 0 0 224 138 66
96 93 103 101 102 97 111 106 101 95 97 96 1 0 0 0 0
102 101 110 108 109 105 119 108 104 104 101 100 2 0 0 0 0
103 100 105 105 103 106 109 100 103 100 98 101 3 0 0 0 0
96 98 105 106 99 105 120 115 103 102 95 98 4 0 0 0 0
103 99 112 108 103 105 119 118 103 104 99 101 5 0 0 0 0
106 100 108 105 103 108 106 101 107 105 102 103 6 0 0 0 0
96 94 106 101 99 100 97 93 101 109 131 94 7 0 0 0 0
99 97 106 105 100 103 102 93 101 114 112 95 8 0 0 0 0
103 105 112 110 111 106 111 101 106 112 131 103 9 0 0 0 0
98 97 105 97 99 103 100 95 100 113 104 94 10 0 0 0 0
93 97 98 96 96 94 96 89 99 107 131 15000 11 0 0 0 0
Chip#2
112 101 101 95 94 100 98 95 89 100 100 100 0 0 224 138 66
80 100 98 93 91 98 105 97 89 104 96 99 1 0 0 0 0
112 99 98 92 94 96 114 107 89 94 95 95 2 0 0 0 0
112 106 102 97 101 104 107 101 89 104 97 104 3 0 0 0 0
112 105 106 99 100 102 127 127 89 106 99 107 4 0 0 0 0
112 110 103 102 100 110 134 132 89 107 106 104 5 0 0 0 0
112 96 100 92 94 97 100 96 89 100 99 102 6 0 0 0 0
85 106 102 99 100 103 102 98 89 131 129 100 7 0 0 0 0
112 101 102 98 101 98 101 99 89 115 111 107 8 0 0 0 0
112 106 101 99 100 102 100 97 89 106 105 103 9 0 0 0 0
84 94 96 91 89 96 96 92 89 131 116 94 10 0 0 0 0
112 104 106 99 100 100 105 98 89 114 111 15000 11 0 0 0 0
Chip#1
98 99 107 103 102 106 100 99 100 99 99 102 0 0 64 139 66
99 104 108 113 107 103 115 112 102 102 102 102 1 0 0 0 0
103 99 106 109 108 109 111 103 103 98 102 98 2 0 0 0 0
100 97 103 101 100 105 104 100 96 93 94 95 3 0 0 0 0
103 100 107 107 105 104 122 118 101 102 100 102 4 0 0 0 0
109 104 107 109 107 109 127 119 104 102 101 100 5 0 0 0 0
109 106 114 112 107 107 109 108 104 104 102 103 6 0 0 0 0
106 101 107 107 106 107 110 102 103 113 131 101 7 0 0 0 0
104 101 106 99 99 103 101 97 101 109 107 95 8 0 0 0 0
100 99 107 101 103 99 101 101 95 100 102 93 9 0 0 0 0
110 102 110 105 102 105 105 97 102 117 112 100 10 0 0 0 0
99 101 107 105 102 104 100 101 101 112 131 15000 11 0 0 0 0
Chip#2
112 107 104 99 100 99 103 95 89 101 102 104 0 0 64 139 66
112 101 97 94 98 96 105 102 89 99 99 104 1 0 0 0 0
112 105 104 98 104 98 111 112 89 100 104 97 2 0 0 0 0
112 107 103 99 99 106 102 100 89 100 100 104 3 0 0 0 0
128 104 101 103 105 102 125 125 89 102 102 108 4 0 0 0 0
82 104 100 98 101 98 128 127 89 99 100 103 5 0 0 0 0
112 110 100 98 101 104 103 97 89 101 104 104 6 0 0 0 0
112 105 102 99 100 102 102 97 89 127 125 105 7 0 0 0 0
112 107 104 98 99 100 102 98 89 119 122 105 8 0 0 0 0
112 104 101 97 98 97 96 96 89 102 103 103 9 0 0 0 0
112 104 104 95 98 99 101 100 89 137 125 104 10 0 0 0 0
112 106 100 95 96 94 100 96 89 111 109 15000 11 0 0 0 0
Chip#1
102 99 110 103 105 103 102 100 103 102 100 98 0 0 160 139 66
103 106 107 111 109 106 117 109 104 102 97 102 1 0 0 0 0
132 106 116 117 114 108 124 115 104 105 131 108 2 0 0 0 0
100 92 105 107 102 100 105 100 100 99 96 94 3 0 0 0 0
97 94 103 105 105 99 115 112 101 98 93 95 4 0 0 0 0
96 87 102 92 100 97 112 108 96 95 87 90 5 0 0 0 0
103 101 111 106 108 108 110 102 102 103 96 101 6 0 0 0 0
96 94 96 97 95 98 100 92 100 113 102 94 7 0 0 0 0
99 93 98 100 96 96 101 89 94 112 131 96 8 0 0 0 0
100 101 111 110 106 108 109 101 103 110 110 101 9 0 0 0 0
98 99 103 105 102 106 103 99 103 118 111 96 10 0 0 0 0
104 99 106 102 105 106 101 99 102 114 114 15000 11 0 0 0 0
Chip#2
112 101 101 93 95 98 95 96 89 100 97 102 0 0 160 139 66
72 93 96 88 85 87 94 96 89 92 95 93 1 0 0 0 0
112 104 102 99 99 98 116 113 89 99 102 100 2 0 0 0 0
112 107 103 98 100 97 105 97 89 104 100 104 3 0 0 0 0
112 105 104 99 103 102 128 130 89 106 103 110 4 0 0 0 0
112 108 108 107 108 108 139 135 89 107 111 112 5 0 0 0 0
112 102 102 91 99 100 97 93 89 99 99 100 6 0 0 0 0
112 100 102 99 100 100 96 96 89 134 127 105 7 0 0 0 0
112 95 98 91 93 97 98 92 89 113 111 97 8 0 0 0 0
112 101 100 97 100 97 101 96 89 104 104 104 9 0 0 0 0
112 108 104 99 99 99 102 98 89 140 127 103 10 0 0 0 0
112 100 100 94 96 94 98 95 89 106 104 15000 11 0 0 0 0
Chip#1
105 98 110 105 109 108 106 102 108 103 95 103 0 0 0 140 66
104 95 106 102 107 104 116 110 103 95 99 96 1 0 0 0 0
103 95 105 100 102 106 109 107 100 99 96 98 2 0 0 0 0
91 89 97 95 94 96 96 94 91 88 91 88 3 0 0 0 0
105 99 107 103 107 106 122 116 102 100 101 98 4 0 0 0 0
105 97 110 106 107 105 120 114 106 107 101 96 5 0 0 0 0
103 97 106 100 102 103 103 96 102 99 96 99 6 0 0 0 0
104 98 103 105 102 104 99 97 100 115 115 100 7 0 0 0 0
103 94 103 102 102 103 103 99 104 113 131 95 8 0 0 0 0
98 92 97 96 99 99 96 94 96 95 91 92 9 0 0 0 0
108 99 114 106 112 106 103 100 106 115 131 105 10 0 0 0 0
103 102 110 107 101 108 106 103 107 114 112 15000 11 0 0 0 0
Chip#2
112 102 104 98 98 100 97 98 89 105 102 102 0 0 0 140 66
112 102 102 95 96 99 106 104 89 104 98 105 1 0 0 0 0
112 105 108 100 104 105 121 116 89 105 103 108 2 0 0 0 0
112 102 102 98 96 98 103 98 89 105 97 105 3 0 0 0 0
112 105 100 94 100 97 124 121 89 101 99 103 4 0 0 0 0
128 105 103 99 110 103 132 132 89 105 104 108 5 0 0 0 0
112 106 107 104 105 104 103 99 89 106 104 109 6 0 0 0 0
112 105 102 98 99 97 97 98 89 131 126 102 7 0 0 0 0
112 101 106 98 98 94 101 96 89 112 112 105 8 0 0 0 0
86 106 107 98 98 99 105 95 89 105 99 108 9 0 0 0 0
112 101 103 95 98 98 102 98 89 141 131 104 10 0 0 0 0
112 106 107 99 105 99 106 98 89 117 112 15000 11 0 0 0 0
Chip#1
100 97 107 107 105 106 103 103 100 98 95 99 0 0 128 140 66
97 94 107 105 97 103 109 109 95 100 94 90 1 0 0 0 0
99 94 107 109 102 108 110 108 102 100 98 96 2 0 0 0 0
93 91 102 105 95 101 101 96 95 94 94 94 3 0 0 0 0
103 97 112 107 103 103 117 115 102 99 98 98 4 0 0 0 0
98 93 105 102 99 104 115 114 95 93 94 93 5 0 0 0 0
102 97 106 106 103 108 103 96 96 98 96 98 6 0 0 0 0
104 97 107 101 100 104 101 95 102 115 131 95 7 0 0 0 0
96 92 97 96 96 99 95 92 93 108 102 89 8 0 0 0 0
103 97 103 105 101 105 103 97 101 100 131 100 9 0 0 0 0
103 97 107 107 105 105 104 93 103 118 131 100 10 0 0 0 0
105 99 103 102 101 104 99 99 95 110 107 15000 11 0 0 0 0
Chip#2
112 105 102 99 103 99 105 102 89 102 103 102 0 0 192 140 66
112 107 106 103 101 104 115 107 89 104 98 103 1 0 0 0 0
112 104 96 99 98 102 119 114 89 105 99 105 2 0 0 0 0
112 104 103 95 95 96 101 100 89 105 99 103 3 0 0 0 0
112 105 101 97 103 103 127 124 89 102 100 99 4 0 0 0 0
86 106 103 104 104 100 133 130 89 106 100 103 5 0 0 0 0
112 100 96 98 90 98 97 98 89 99 98 98 6 0 0 0 0
128 112 109 103 103 104 109 104 89 135 131 107 7 0 0 0 0
112 105 98 98 100 97 101 100 89 117 114 105 8 0 0 0 0
112 105 102 98 98 98 101 104 89 106 102 102 9 0 0 0 0
112 101 97 99 90 96 100 96 89 135 122 100 10 0 0 0 0
112 104 100 100 98 97 103 97 89 111 110 15000 11 0 0 0 0
Chip#1
95 93 105 97 100 98 96 94 90 93 88 95 0 0 32 141 66
106 102 107 108 108 106 112 112 101 103 101 101 1 0 0 0 0
98 95 102 100 102 101 109 99 101 96 100 93 2 0 0 0 0
104 100 108 109 109 108 105 106 102 103 101 103 3 0 0 0 0
105 100 105 109 105 109 117 116 102 104 96 99 4 0 0 0 0
104 97 107 107 106 108 117 120 101 103 101 101 5 0 0 0 0
95 94 100 105 96 105 99 95 91 100 96 95 6 0 0 0 0
103 98 108 103 103 104 101 94 97 115 131 95 7 0 0 0 0
97 99 103 101 96 103 99 94 95 114 110 99 8 0 0 0 0
106 99 108 109 106 107 105 101 101 104 104 106 9 0 0 0 0
103 95 102 97 97 105 99 95 96 109 105 98 10 0 0 0 0
106 100 106 106 101 106 101 96 103 113 131 15000 11 0 0 0 0
Chip#2
84 101 100 97 93 97 97 92 89 96 96 98 0 0 32 141 66
112 100 104 95 98 93 106 102 89 101 102 102 1 0 0 0 0
112 102 103 99 103 100 118 115 89 102 98 100 2 0 0 0 0
112 104 106 95 96 99 100 97 89 99 100 103 3 0 0 0 0
112 106 103 98 99 97 124 125 89 102 103 104 4 0 0 0 0
112 103 102 99 100 102 130 131 89 102 99 102 5 0 0 0 0
112 108 101 94 99 100 96 97 89 101 102 103 6 0 0 0 0
112 111 109 105 108 100 106 103 89 141 128 104 7 0 0 0 0
112 101 101 99 104 100 102 101 89 120 115 100 8 0 0 0 0
112 101 102 98 98 100 100 99 89 107 103 98 9 0 0 0 0
112 105 103 99 99 103 105 101 89 142 133 103 10 0 0 0 0
79 100 97 92 95 94 96 92 89 109 104 15000 11 0 0 0 0
Chip#1
103 101 111 103 103 105 102 101 101 100 131 99 0 0 160 141 66
133 114 126 118 122 124 128 124 116 114 131 113 1 0 0 0 0
132 94 103 102 102 102 111 107 101 100 131 94 2 0 0 0 0
106 101 105 108 108 109 103 101 102 103 100 99 3 0 0 0 0
100 97 106 107 106 106 119 120 100 102 96 98 4 0 0 0 0
102 97 111 108 106 107 121 117 102 103 97 98 5 0 0 0 0
105 102 108 108 106 108 106 104 107 108 102 100 6 0 0 0 0
102 106 111 106 107 107 103 102 102 114 131 99 7 0 0 0 0
103 99 106 105 105 103 104 100 108 115 116 102 8 0 0 0 0
108 94 107 105 103 104 101 100 99 105 102 99 9 0 0 0 0
102 105 103 106 103 106 102 102 104 114 131 100 10 0 0 0 0
100 95 103 100 96 101 99 97 100 112 131 15000 11 0 0 0 0
Chip#2
86 102 97 99 99 98 100 98 89 102 97 103 0 0 160 141 66
112 106 104 99 104 102 112 110 89 106 98 100 1 0 0 0 0
112 104 98 95 94 99 116 110 89 104 98 100 2 0 0 0 0
112 108 106 103 104 106 106 106 89 108 99 109 3 0 0 0 0
112 106 106 107 101 102 128 130 89 107 105 105 4 0 0 0 0
112 105 104 100 100 99 134 130 89 104 98 104 5 0 0 0 0
112 99 97 92 95 93 98 92 89 98 95 98 6 0 0 0 0
112 102 103 95 98 97 100 101 89 129 122 103 7 0 0 0 0
112 102 102 99 96 99 103 97 89 114 109 99 8 0 0 0 0
86 105 101 102 99 99 101 101 89 108 102 103 9 0 0 0 0
112 101 100 94 89 97 98 93 89 131 121 102 10 0 0 0 0
112 108 108 104 99 103 104 101 89 117 112 15000 11 0 0 0 0
Chip#1
108 107 112 109 108 108 105 103 106 104 102 101 0 0 64 142 66
108 102 110 109 107 106 117 111 106 104 102 100 1 0 0 0 0
99 95 103 106 103 101 112 107 100 96 94 94 2 0 0 0 0
96 99 103 103 101 100 101 100 97 100 94 96 3 0 0 0 0
98 100 110 109 112 101 124 122 102 103 99 99 4 0 0 0 0
109 107 112 115 111 115 126 123 108 110 110 101 5 0 0 0 0
103 106 106 107 107 108 106 103 100 104 104 98 6 0 0 0 0
105 100 110 108 106 104 103 96 102 118 131 98 7 0 0 0 0
105 97 102 106 103 101 103 95 100 114 107 95 8 0 0 0 0
103 99 107 100 99 101 105 97 99 103 101 99 9 0 0 0 0
100 100 107 106 102 103 102 95 97 112 106 95 10 0 0 0 0
111 110 114 112 111 111 112 104 109 124 131 15000 11 0 0 0 0
Chip#2
112 106 104 103 101 104 106 102 89 100 103 105 0 0 160 142 66
112 112 108 108 108 110 114 109 89 105 110 112 1 0 0 0 0
112 107 103 98 101 102 119 114 89 101 102 105 2 0 0 0 0
112 102 102 94 101 100 101 96 89 99 97 102 3 0 0 0 0
112 104 102 97 101 97 123 121 89 101 98 103 4 0 0 0 0
128 106 102 102 101 99 130 131 89 104 104 109 5 0 0 0 0
85 102 102 98 101 94 98 97 89 96 99 99 6 0 0 0 0
112 107 101 99 104 97 100 97 89 124 123 102 7 0 0 0 0
112 101 101 100 99 100 106 97 89 117 117 103 8 0 0 0 0
112 100 97 94 96 97 97 93 89 101 99 103 9 0 0 0 0
112 104 95 94 99 97 103 100 89 137 125 107 10 0 0 0 0
112 102 96 94 91 97 95 93 89 107 106 15000 11 0 0 0 0
Chip#1
98 97 106 106 105 107 100 101 100 100 99 99 0 0 32 143 66
102 101 109 108 105 106 111 114 102 102 101 102 1 0 0 0 0
103 95 103 105 101 105 109 104 101 99 99 93 2 0 0 0 0
104 106 110 110 107 112 111 103 102 109 105 99 3 0 0 0 0
106 101 107 117 107 106 127 116 104 102 99 101 4 0 0 0 0
106 101 105 112 108 108 124 120 106 103 99 99 5 0 0 0 0
104 100 108 113 100 107 105 104 103 99 99 101 6 0 0 0 0
110 107 117 115 113 111 111 110 108 123 131 107 7 0 0 0 0
104 101 107 111 103 107 105 102 104 119 131 101 8 0 0 0 0
110 108 120 115 113 113 112 109 109 114 109 107 9 0 0 0 0
132 105 112 108 107 109 109 104 109 119 131 105 10 0 0 0 0
104 104 108 107 102 105 105 99 107 117 131 15000 11 0 0 0 0
Chip#2
112 107 101 100 99 102 103 98 89 106 99 105 0 0 32 143 66
112 111 108 104 105 105 115 110 89 107 105 112 1 0 0 0 0
112 96 95 94 91 97 114 107 89 94 89 97 2 0 0 0 0
112 105 100 103 101 99 104 97 89 101 100 103 3 0 0 0 0
112 101 94 94 94 97 123 120 89 98 94 98 4 0 0 0 0
112 110 108 104 109 105 137 136 89 105 108 112 5 0 0 0 0
112 99 101 99 99 98 100 93 89 102 97 102 6 0 0 0 0
112 102 101 99 95 97 100 93 89 128 120 100 7 0 0 0 0
112 99 104 98 96 96 103 95 89 119 112 100 8 0 0 0 0
128 108 107 103 100 102 106 97 89 105 105 103 9 0 0 0 0
81 102 96 94 95 92 97 98 89 133 122 94 10 0 0 0 0
112 105 108 104 105 104 109 102 89 118 116 15000 11 0 0 0 0
Chip#1
99 97 103 99 101 104 100 100 101 96 97 98 0 0 160 143 66
96 91 100 100 99 94 100 102 97 94 90 88 1 0 0 0 0
102 101 103 109 109 111 112 111 106 104 105 96 2 0 0 0 0
108 102 112 110 108 113 109 107 110 107 105 107 3 0 0 0 0
103 97 105 107 103 104 119 116 100 99 96 95 4 0 0 0 0
102 99 103 105 105 105 116 115 101 99 97 98 5 0 0 0 0
103 104 110 111 108 107 106 103 107 108 101 102 6 0 0 0 0
106 107 114 110 109 108 110 100 110 121 131 107 7 0 0 0 0
103 106 107 108 106 106 105 100 104 121 131 101 8 0 0 0 0
105 108 111 109 108 107 105 100 110 103 106 101 9 0 0 0 0
106 109 110 108 109 107 103 103 104 121 131 103 10 0 0 0 0
95 92 96 94 93 96 92 88 96 107 99 15000 11 0 0 0 0
Chip#2
128 102 100 95 96 100 100 92 89 99 99 98 0 0 160 143 66
112 100 102 95 99 98 103 104 89 104 96 99 1 0 0 0 0
112 98 96 91 98 96 111 106 89 94 97 94 2 0 0 0 0
128 107 107 97 100 104 103 98 89 101 99 107 3 0 0 0 0
112 106 109 104 103 104 132 129 89 100 104 105 4 0 0 0 0
112 105 103 103 100 103 129 127 89 105 100 105 5 0 0 0 0
112 106 103 100 100 100 103 98 89 104 98 104 6 0 0 0 0
112 105 98 94 93 103 101 95 89 129 122 100 7 0 0 0 0
112 104 102 102 100 102 107 97 89 118 114 103 8 0 0 0 0
112 102 97 95 95 102 103 95 89 102 98 102 9 0 0 0 0
112 101 101 97 96 97 101 95 89 141 122 98 10 0 0 0 0
112 95 95 91 90 91 96 90 89 107 103 15000 11 0 0 0 0
Chip#1
100 97 106 101 103 103 101 100 99 94 100 96 0 0 128 144 66
103 101 106 106 103 103 115 110 103 100 99 96 1 0 0 0 0
102 100 107 106 105 104 114 109 102 102 104 101 2 0 0 0 0
99 92 103 103 102 99 104 97 99 93 91 92 3 0 0 0 0
106 98 110 108 106 106 120 117 103 103 97 100 4 0 0 0 0
104 104 108 109 107 104 120 120 103 100 100 99 5 0 0 0 0
105 105 107 103 106 108 105 104 102 105 101 102 6 0 0 0 0
108 101 110 107 106 106 109 100 104 124 115 100 7 0 0 0 0
103 99 102 100 106 106 105 96 100 115 131 99 8 0 0 0 0
104 94 106 100 99 104 104 95 100 102 100 95 9 0 0 0 0
108 104 108 109 103 107 104 103 99 118 131 103 10 0 0 0 0
104 102 107 105 100 105 101 101 102 115 114 15000 11 0 0 0 0
Chip#2
112 100 100 99 98 97 100 97 89 99 103 104 0 0 224 144 66
82 95 98 98 93 97 105 98 89 94 100 94 1 0 0 0 0
112 101 106 102 101 98 116 112 89 100 100 104 2 0 0 0 0
112 99 100 94 95 94 98 93 89 95 102 103 3 0 0 0 0
77 95 94 89 89 92 121 115 89 95 95 94 4 0 0 0 0
112 104 104 100 101 99 133 129 89 98 98 105 5 0 0 0 0
112 100 103 98 98 99 101 100 89 102 100 105 6 0 0 0 0
112 105 98 97 95 94 100 92 89 125 121 99 7 0 0 0 0
112 102 101 100 96 100 109 97 89 115 119 103 8 0 0 0 0
78 96 97 94 90 91 97 90 89 98 97 98 9 0 0 0 0
112 101 96 94 95 92 98 92 89 133 122 98 10 0 0 0 0
112 100 98 98 98 98 102 91 89 111 109 15000 11 0 0 0 0
Chip#1
104 100 106 106 106 106 105 95 100 105 99 101 0 0 64 145 66
102 102 106 106 100 100 115 108 101 104 97 100 1 0 0 0 0
102 99 103 105 99 101 109 109 101 95 101 92 2 0 0 0 0
97 97 100 102 97 97 99 99 97 98 94 93 3 0 0 0 0
104 102 106 108 103 108 121 117 102 104 99 98 4 0 0 0 0
100 98 107 103 100 103 119 111 102 100 95 93 5 0 0 0 0
106 105 112 110 106 111 106 107 104 104 104 105 6 0 0 0 0
104 99 103 110 101 106 105 97 102 118 131 96 7 0 0 0 0
103 97 102 103 103 105 102 96 100 117 131 100 8 0 0 0 0
106 106 109 106 103 111 103 100 102 107 131 102 9 0 0 0 0
105 104 106 103 105 107 106 99 104 117 110 99 10 0 0 0 0
100 97 103 101 101 99 99 93 99 109 109 15000 11 0 0 0 0
Chip#2
112 100 104 93 98 100 105 100 89 104 98 108 0 0 64 145 66
82 99 102 95 99 103 103 103 89 102 105 102 1 0 0 0 0
86 102 103 100 105 99 123 117 89 96 103 105 2 0 0 0 0
82 104 104 104 99 100 102 101 89 104 98 103 3 0 0 0 0
86 104 102 95 98 98 123 121 89 101 95 107 4 0 0 0 0
112 105 106 98 101 102 129 129 89 105 102 104 5 0 0 0 0
112 96 96 94 96 94 98 91 89 98 95 103 6 0 0 0 0
112 96 95 92 93 89 95 91 89 119 117 94 7 0 0 0 0
112 104 102 97 101 103 101 97 89 119 111 103 8 0 0 0 0
128 105 106 100 100 105 105 101 89 108 105 109 9 0 0 0 0
112 107 107 97 100 102 105 97 89 141 129 99 10 0 0 0 0
112 101 98 95 94 92 100 89 89 111 108 15000 11 0 0 0 0
Chip#1
105 100 110 110 105 106 105 102 101 98 97 102 0 0 0 146 66
105 100 105 107 105 107 112 109 101 101 100 99 1 0 0 0 0
104 101 106 107 108 106 115 108 104 98 100 100 2 0 0 0 0
110 101 108 112 112 112 111 103 103 104 101 102 3 0 0 0 0
99 95 108 110 101 104 119 117 100 103 95 102 4 0 0 0 0
105 95 105 107 101 107 120 114 101 103 99 96 5 0 0 0 0
97 92 100 99 96 96 100 93 94 94 92 92 6 0 0 0 0
110 107 116 113 107 115 111 108 108 122 131 107 7 0 0 0 0
100 102 110 105 101 106 103 97 104 118 131 103 8 0 0 0 0
106 99 105 106 100 104 103 90 97 103 101 98 9 0 0 0 0
97 95 105 99 96 100 99 95 96 112 105 94 10 0 0 0 0
100 98 105 101 100 104 100 97 102 113 131 15000 11 0 0 0 0
Chip#2
112 110 104 100 99 100 100 97 89 99 102 102 0 0 0 146 66
112 110 106 103 108 103 112 109 89 106 106 107 1 0 0 0 0
112 105 103 99 100 102 123 114 89 100 103 103 2 0 0 0 0
79 101 103 98 94 99 100 97 89 99 95 103 3 0 0 0 0
112 101 101 94 96 96 125 121 89 101 99 100 4 0 0 0 0
112 104 106 95 100 100 136 132 89 100 103 104 5 0 0 0 0
112 104 100 99 103 99 105 102 89 102 105 108 6 0 0 0 0
112 106 103 98 101 100 102 101 89 128 125 107 7 0 0 0 0
112 98 103 97 96 97 100 90 89 107 111 98 8 0 0 0 0
112 102 101 93 91 99 100 92 89 106 100 102 9 0 0 0 0
76 95 94 86 88 88 94 87 89 128 119 93 10 0 0 0 0
112 104 98 94 95 92 97 93 89 108 108 15000 11 0 0 0 0
Chip#1
100 97 101 99 99 101 100 99 101 100 96 93 0 0 160 146 66
103 101 110 109 107 109 114 108 99 105 104 100 1 0 0 0 0
102 102 110 110 106 107 115 108 106 99 102 100 2 0 0 0 0
100 94 100 105 101 101 101 99 97 95 93 93 3 0 0 0 0
102 102 110 110 105 103 120 114 102 103 99 96 4 0 0 0 0
106 102 105 106 107 106 121 117 101 103 99 96 5 0 0 0 0
103 101 110 108 105 105 107 97 99 103 102 102 6 0 0 0 0
104 104 106 101 106 106 101 97 102 115 131 99 7 0 0 0 0
104 98 105 106 103 100 104 95 100 115 131 101 8 0 0 0 0
100 98 105 103 102 104 103 99 101 100 99 101 9 0 0 0 0
102 104 111 107 105 107 104 96 99 115 131 95 10 0 0 0 0
109 106 110 108 103 109 102 99 106 115 131 15000 11 0 0 0 0
Chip#2
112 102 97 98 98 99 100 96 89 100 105 103 0 0 160 146 66
112 102 100 95 98 103 109 98 89 99 100 102 1 0 0 0 0
128 102 100 95 96 97 119 110 89 98 100 104 2 0 0 0 0
112 104 103 100 95 102 102 99 89 102 102 104 3 0 0 0 0
78 98 95 92 90 93 121 116 89 95 96 96 4 0 0 0 0
112 104 101 98 101 103 133 131 89 104 100 105 5 0 0 0 0
112 102 102 99 96 94 102 97 89 100 102 102 6 0 0 0 0
112 104 103 98 100 96 101 97 89 131 121 104 7 0 0 0 0
112 107 100 100 98 98 100 97 89 119 112 104 8 0 0 0 0
112 107 107 103 105 104 107 103 89 109 112 113 9 0 0 0 0
112 104 103 97 101 99 106 103 89 140 133 108 10 0 0 0 0
112 108 101 99 100 102 98 96 89 114 115 15000 11 0 0 0 0
Chip#1
100 101 107 106 103 100 107 102 101 104 96 99 0 0 64 147 66
106 106 111 106 111 108 116 112 104 105 102 102 1 0 0 0 0
96 95 103 103 105 100 106 101 99 94 96 95 2 0 0 0 0
103 101 112 106 109 108 106 103 107 105 102 99 3 0 0 0 0
111 104 116 115 109 109 127 126 106 110 104 103 4 0 0 0 0
105 101 110 110 108 108 121 119 101 104 102 106 5 0 0 0 0
108 107 116 113 107 108 106 104 106 105 105 105 6 0 0 0 0
105 100 105 100 100 103 106 99 101 115 131 96 7 0 0 0 0
103 100 110 105 100 103 99 97 100 112 131 99 8 0 0 0 0
100 98 105 103 102 104 102 99 100 103 99 96 9 0 0 0 0
104 104 108 107 105 104 103 99 103 121 131 99 10 0 0 0 0
111 108 119 111 112 115 105 106 110 122 131 15000 11 0 0 0 0
Chip#2
112 107 106 97 99 104 106 99 89 104 106 105 0 0 64 147 66
112 110 115 102 108 105 116 114 89 107 102 107 1 0 0 0 0
112 101 97 94 95 98 118 112 89 100 100 99 2 0 0 0 0
112 104 104 99 96 104 103 98 89 104 98 102 3 0 0 0 0
112 104 100 94 100 96 125 127 89 101 103 107 4 0 0 0 0
112 105 98 94 103 103 129 131 89 99 99 102 5 0 0 0 0
81 101 102 92 95 98 101 97 89 100 95 98 6 0 0 0 0
80 108 104 99 100 105 102 103 89 125 126 103 7 0 0 0 0
112 106 106 102 103 103 106 103 89 120 121 107 8 0 0 0 0
84 106 102 98 98 98 106 101 89 104 105 102 9 0 0 0 0
112 104 101 98 98 98 102 100 89 134 127 102 10 0 0 0 0
112 106 101 95 99 98 103 98 89 113 108 15000 11 0 0 0 0
Chip#1
109 108 114 112 106 111 106 103 108 104 106 106 0 221 123 149 23
100 100 106 103 107 104 116 111 97 102 100 96 1 0 0 0 0
102 101 110 108 108 106 116 112 104 103 101 101 2 0 0 0 0
106 100 110 109 107 106 105 102 100 102 100 101 3 0 0 0 0
108 107 111 109 108 109 121 119 107 107 106 100 4 0 0 0 0
106 102 108 107 107 107 117 122 104 102 102 99 5 0 0 0 0
105 100 111 111 108 107 103 99 103 103 131 102 6 0 0 0 0
132 107 116 111 113 113 114 106 112 124 131 109 7 0 0 0 0
110 105 111 111 112 107 109 99 107 118 131 106 8 0 0 0 0
99 99 107 105 100 98 102 94 102 103 102 98 9 0 0 0 0
102 100 100 102 102 104 102 99 101 117 131 98 10 0 0 0 0
105 106 108 107 103 108 102 100 103 117 131 15000 11 0 0 0 0
