Chipdp
84 2 82 2 16 6 4 10 6 11 6 10 7 11 7 4 7 6 8 6 7 7 8 7 4 4 6 5 6 4 7 5 7 4 1 6 2 6 1 7 2 7 4 10 9 11 9 10 10 11 10 4 7 9 8 9 7 10 8 10 4 4 9 5 9 4 10 5 10 4 1 9 2 9 1 10 2 10 4 10 3 11 3 10 4 11 4 4 7 3 8 3 7 4 8 4 4 4 3 5 3 4 4 5 4 4 1 3 2 3 1 4 2 4 4 10 0 11 0 10 1 11 1 4 7 0 8 0 7 1 8 1 4 4 0 5 0 4 1 5 1 4 1 0 2 0 1 1 2 1 4 10 6 11 6 10 7 11 7 4 7 6 8 6 7 7 8 7 4 4 6 5 6 4 7 5 7 4 1 6 2 6 1 7 2 7 4 10 9 11 9 10 10 11 10 4 7 9 8 9 7 10 8 10 4 4 9 5 9 4 10 5 10 4 1 9 2 9 1 10 2 10 4 10 3 11 3 10 4 11 4 4 7 3 8 3 7 4 8 4 4 4 3 5 3 4 4 5 4 4 1 3 2 3 1 4 2 4 4 10 0 11 0 10 1 11 1 4 7 0 8 0 7 1 8 1 4 4 0 5 0 4 1 5 1 4 1 0 2 0 1 1 2 1 
Chip#1
104 107 111 113 120 112 132 123 104 108 101 102 0 0 0 77 66
146 135 126 203 223 168 385 383 134 137 147 111 1 0 0 0 0
147 138 128 203 232 184 399 381 164 150 163 111 2 0 0 0 0
113 115 117 135 137 119 196 194 116 119 110 106 3 0 0 0 0
157 139 130 217 219 184 849 825 180 143 131 112 4 0 0 0 0
152 136 124 199 212 184 869 848 180 146 131 107 5 0 0 0 0
134 120 111 113 120 116 172 175 113 150 147 99 6 0 0 0 0
228 217 130 144 164 122 153 159 196 679 611 139 7 0 0 0 0
202 186 117 136 140 121 152 140 180 699 643 141 8 0 0 0 0
139 132 111 110 111 109 115 110 112 237 198 103 9 0 0 0 0
226 224 138 140 145 127 165 159 228 702 542 132 10 0 0 0 0
201 193 125 130 127 123 157 159 228 671 566 15000 11 0 0 0 0
Chip#2
84 101 106 99 104 100 96 96 72 101 100 99 0 0 0 77 66
112 107 113 112 114 109 194 210 88 109 108 110 1 0 0 0 0
128 118 116 121 127 114 330 307 88 118 112 109 2 0 0 0 0
112 106 109 108 109 108 127 124 88 108 104 107 3 0 0 0 0
112 108 110 104 114 111 778 865 88 109 100 103 4 0 0 0 0
128 112 118 119 123 119 916 971 145 112 111 105 5 0 0 0 0
112 113 116 113 115 116 120 115 88 135 126 115 6 0 0 0 0
128 127 120 114 118 116 116 113 114 925 750 117 7 0 0 0 0
112 113 110 107 111 109 109 106 114 580 461 105 8 0 0 0 0
112 108 108 104 104 104 106 99 114 239 164 109 9 0 0 0 0
128 125 113 104 101 104 106 104 141 1287 842 107 10 0 0 0 0
112 117 113 100 100 102 100 104 88 511 370 15000 11 0 0 0 0
Chip#1
108 108 108 117 121 109 127 129 108 107 102 103 0 0 128 86 66
139 135 116 205 220 138 379 384 131 133 131 102 1 0 0 0 0
138 129 120 199 224 137 389 372 123 137 147 96 2 0 0 0 0
132 106 107 127 132 114 180 186 107 112 101 101 3 0 0 0 0
155 140 120 216 223 184 840 819 180 136 131 107 4 0 0 0 0
149 132 115 196 206 184 862 843 180 137 147 107 5 0 0 0 0
138 127 124 121 125 120 178 178 118 148 147 107 6 0 0 0 0
226 215 128 139 164 117 158 178 180 670 606 134 7 0 0 0 0
208 201 129 149 144 125 165 178 196 708 659 148 8 0 0 0 0
141 135 121 117 118 117 121 120 120 243 202 109 9 0 0 0 0
231 229 140 135 171 123 167 175 244 696 538 128 10 0 0 0 0
206 192 125 130 128 115 162 159 212 671 571 15000 11 0 0 0 0
Chip#2
128 109 110 107 109 108 106 103 88 109 114 108 0 0 128 89 66
112 112 112 105 113 102 194 194 72 107 106 103 1 0 0 0 0
128 112 108 109 118 110 330 302 88 109 110 107 2 0 0 0 0
112 102 113 102 108 106 121 119 88 109 100 103 3 0 0 0 0
112 106 110 105 113 108 779 855 88 109 104 100 4 0 0 0 0
112 113 112 113 124 121 914 975 88 111 110 107 5 0 0 0 0
128 103 112 102 106 106 111 110 88 133 119 103 6 0 0 0 0
112 130 116 108 116 109 115 109 113 919 744 110 7 0 0 0 0
128 123 113 109 114 111 116 107 100 585 480 109 8 0 0 0 0
112 110 112 102 105 108 109 108 100 242 167 105 9 0 0 0 0
128 125 113 104 104 102 109 104 144 1279 842 108 10 0 0 0 0
112 119 113 99 103 100 103 103 88 512 370 15000 11 0 0 0 0
Chip#1
132 113 120 118 130 117 136 127 113 114 111 111 0 0 192 92 66
145 138 128 206 227 168 383 378 164 140 147 107 1 0 0 0 0
137 136 120 202 223 168 385 372 129 142 147 102 2 0 0 0 0
132 106 114 125 134 116 179 188 108 114 106 102 3 0 0 0 0
163 147 128 237 217 200 837 814 196 137 147 105 4 0 0 0 0
156 134 116 196 214 184 861 841 180 142 131 106 5 0 0 0 0
140 127 119 123 125 121 177 179 123 153 147 108 6 0 0 0 0
236 224 135 149 164 125 163 179 180 673 611 140 7 0 0 0 0
207 195 124 142 146 121 159 181 180 695 659 145 8 0 0 0 0
140 132 112 112 118 114 120 110 115 239 194 106 9 0 0 0 0
224 225 139 136 135 119 163 159 228 687 531 121 10 0 0 0 0
206 196 128 129 127 120 164 159 212 666 563 15000 11 0 0 0 0
Chip#2
128 107 108 100 100 104 102 98 88 106 104 108 0 0 192 92 66
84 101 103 100 109 100 187 194 72 106 99 98 1 0 0 0 0
112 110 108 110 119 106 317 299 88 111 109 103 2 0 0 0 0
112 111 110 105 106 110 127 125 88 104 100 110 3 0 0 0 0
128 113 112 111 117 120 782 852 145 113 108 107 4 0 0 0 0
112 107 106 107 114 115 905 961 88 104 103 95 5 0 0 0 0
112 107 112 105 109 111 111 109 88 127 119 107 6 0 0 0 0
112 123 110 103 106 106 112 106 105 915 727 107 7 0 0 0 0
128 126 116 109 115 115 115 110 102 581 461 108 8 0 0 0 0
112 109 112 102 108 114 112 108 102 244 165 110 9 0 0 0 0
128 124 114 103 101 103 107 104 139 1272 836 102 10 0 0 0 0
112 127 116 108 114 108 107 108 97 512 376 15000 11 0 0 0 0
Chip#1
115 115 122 122 127 116 135 132 113 117 110 106 0 0 64 97 66
141 137 126 203 219 136 377 375 132 137 147 108 1 0 0 0 0
141 140 125 200 227 146 388 374 128 146 147 109 2 0 0 0 0
135 114 124 134 144 123 189 196 118 121 115 107 3 0 0 0 0
162 144 125 211 224 184 823 812 196 137 147 111 4 0 0 0 0
157 137 121 199 214 184 849 837 180 141 147 106 5 0 0 0 0
140 123 119 122 124 119 174 178 116 147 147 108 6 0 0 0 0
231 225 138 153 164 124 162 178 196 668 603 140 7 0 0 0 0
205 190 124 141 145 116 153 179 180 690 643 141 8 0 0 0 0
138 129 106 110 111 105 112 107 107 228 190 99 9 0 0 0 0
228 222 131 133 134 120 168 159 228 680 525 124 10 0 0 0 0
206 193 125 128 130 117 162 159 212 661 553 15000 11 0 0 0 0
Chip#2
112 101 102 102 98 102 96 98 72 99 105 102 0 0 64 97 66
112 111 108 112 108 108 194 194 88 108 110 107 1 0 0 0 0
128 109 107 109 116 106 311 297 88 106 98 102 2 0 0 0 0
112 110 107 100 101 108 118 118 88 104 102 99 3 0 0 0 0
112 108 109 105 109 111 772 855 144 106 106 99 4 0 0 0 0
128 115 119 119 130 127 911 966 106 114 115 115 5 0 0 0 0
112 110 114 107 111 119 120 110 106 134 123 110 6 0 0 0 0
128 124 110 107 109 106 114 109 104 909 736 103 7 0 0 0 0
128 119 108 110 108 110 109 106 104 569 460 105 8 0 0 0 0
112 108 109 108 109 106 106 103 104 242 166 105 9 0 0 0 0
112 133 118 109 115 108 112 110 144 1268 842 113 10 0 0 0 0
112 119 110 100 100 102 98 96 88 498 363 15000 11 0 0 0 0
Chip#1
109 107 114 113 119 113 126 127 109 110 101 101 0 0 128 99 66
147 135 128 205 220 139 381 375 129 137 147 108 1 0 0 0 0
123 132 117 197 225 141 385 377 133 141 131 108 2 0 0 0 0
111 109 116 130 136 115 185 189 112 117 109 102 3 0 0 0 0
164 146 128 215 219 184 823 800 180 138 147 111 4 0 0 0 0
158 139 124 199 210 184 843 830 180 145 147 108 5 0 0 0 0
135 125 116 121 122 121 173 175 114 146 147 108 6 0 0 0 0
230 222 136 146 164 121 158 159 180 663 599 138 7 0 0 0 0
199 189 119 139 164 115 159 175 196 677 643 143 8 0 0 0 0
138 132 117 118 118 115 124 115 120 238 197 111 9 0 0 0 0
226 226 138 135 134 120 165 159 228 674 525 124 10 0 0 0 0
202 193 124 128 127 116 161 159 212 654 549 15000 11 0 0 0 0
Chip#2
112 102 108 104 101 98 103 101 88 98 106 103 0 0 0 100 66
112 107 106 107 108 104 188 194 72 105 104 104 1 0 0 0 0
112 108 113 110 119 106 316 295 88 106 109 103 2 0 0 0 0
112 109 114 105 105 113 125 125 88 111 104 107 3 0 0 0 0
112 113 113 113 119 114 775 855 88 114 115 107 4 0 0 0 0
112 112 112 115 118 117 907 961 88 113 111 103 5 0 0 0 0
128 113 119 112 115 119 119 114 88 134 126 110 6 0 0 0 0
128 123 147 108 115 116 114 108 114 907 738 109 7 0 0 0 0
128 123 116 107 113 115 114 110 100 578 464 109 8 0 0 0 0
112 103 109 100 101 105 103 100 99 236 166 103 9 0 0 0 0
128 132 121 109 113 111 114 113 149 1270 835 113 10 0 0 0 0
128 119 110 102 104 105 106 101 149 500 369 15000 11 0 0 0 0
