Chip#1
98 101 97 101 100 95 101 100 101 91 96 101 0 0 128 95 66
97 100 110 120 101 105 128 105 101 122 98 101 1 0 0 0 0
99 104 214 264 103 233 370 111 173 359 132 94 2 0 0 0 0
96 102 125 146 100 134 198 103 128 222 103 98 3 0 0 0 0
99 99 96 99 101 99 104 100 100 96 100 99 4 0 0 0 0
99 102 105 110 107 98 108 107 153 222 108 102 5 0 0 0 0
96 101 98 104 98 101 106 102 131 190 101 98 6 0 0 0 0
96 100 103 102 98 98 104 101 102 97 98 98 7 0 0 0 0
103 105 106 110 103 100 107 104 101 100 100 101 8 0 0 0 0
108 109 113 114 107 105 115 104 106 105 100 108 9 0 0 0 0
108 111 107 112 105 101 108 108 107 107 103 106 10 0 0 0 0
106 100 100 103 98 100 106 101 101 100 103 15000 11 0 0 0 0
Chip#1
101 107 99 99 96 93 102 98 101 95 97 98 0 0 192 99 66
106 105 115 121 108 114 131 110 106 120 107 105 1 0 0 0 0
103 101 215 263 101 228 375 116 175 351 134 99 2 0 0 0 0
98 97 125 146 96 132 193 102 126 222 107 94 3 0 0 0 0
102 100 102 102 95 97 102 101 101 104 102 100 4 0 0 0 0
99 97 105 107 101 98 108 105 143 222 108 98 5 0 0 0 0
96 101 103 108 98 98 106 104 132 206 106 100 6 0 0 0 0
104 102 104 107 107 100 105 108 109 99 102 104 7 0 0 0 0
102 106 105 113 102 101 109 108 104 100 102 105 8 0 0 0 0
102 105 103 110 96 103 112 105 99 101 101 102 9 0 0 0 0
98 101 96 104 97 92 102 98 99 93 98 98 10 0 0 0 0
96 96 99 98 94 94 98 101 100 96 101 15000 11 0 0 0 0
Chip#1
109 109 104 107 100 97 107 109 103 107 106 101 0 0 192 103 66
98 97 108 123 101 101 122 104 100 120 97 95 1 0 0 0 0
92 97 209 274 98 218 364 108 174 351 128 92 2 0 0 0 0
103 99 125 148 100 142 198 107 134 222 113 96 3 0 0 0 0
102 104 100 108 103 103 107 103 103 103 102 99 4 0 0 0 0
98 97 98 101 97 94 106 103 142 222 105 93 5 0 0 0 0
102 102 97 106 95 99 104 102 133 190 103 96 6 0 0 0 0
97 92 89 97 91 91 97 94 91 95 91 90 7 0 0 0 0
101 104 104 104 97 95 107 104 102 99 101 98 8 0 0 0 0
99 99 94 102 95 97 107 97 98 99 98 96 9 0 0 0 0
102 104 100 102 104 100 108 102 103 96 97 99 10 0 0 0 0
103 100 98 101 100 97 105 105 98 103 100 15000 11 0 0 0 0
Chip#1
104 104 104 103 104 98 104 108 103 103 108 101 0 0 128 105 66
101 97 111 119 101 105 127 105 102 118 100 96 1 0 0 0 0
101 104 213 264 108 230 370 116 176 351 136 102 2 0 0 0 0
98 97 122 140 97 135 191 103 126 222 107 96 3 0 0 0 0
101 102 102 102 102 100 108 101 103 100 100 100 4 0 0 0 0
91 93 99 101 93 89 100 100 139 206 102 93 5 0 0 0 0
102 97 98 106 95 97 99 97 127 174 98 96 6 0 0 0 0
102 100 102 106 103 99 108 102 100 96 102 96 7 0 0 0 0
99 99 106 107 101 100 108 104 104 100 100 96 8 0 0 0 0
109 107 110 112 110 105 115 112 106 101 106 110 9 0 0 0 0
103 106 102 112 100 98 111 105 101 103 102 100 10 0 0 0 0
96 91 99 98 96 93 96 100 93 96 96 15000 11 0 0 0 0
Chip#1
105 100 96 107 95 101 104 105 103 100 98 98 0 0 64 107 66
101 97 110 124 98 108 127 103 102 117 100 100 1 0 0 0 0
102 96 199 254 97 222 355 115 171 348 132 95 2 0 0 0 0
97 91 119 141 97 132 190 100 123 222 105 94 3 0 0 0 0
99 95 96 101 100 97 105 101 98 99 96 98 4 0 0 0 0
97 100 102 113 96 97 107 102 144 222 107 99 5 0 0 0 0
98 100 100 106 98 100 107 107 129 191 103 98 6 0 0 0 0
95 96 96 97 94 92 98 97 98 88 95 93 7 0 0 0 0
95 95 99 106 96 97 104 95 96 96 95 94 8 0 0 0 0
108 109 106 110 100 109 114 105 107 103 107 101 9 0 0 0 0
92 96 96 99 96 94 98 97 97 91 95 92 10 0 0 0 0
98 96 96 98 96 95 99 98 99 88 94 15000 11 0 0 0 0
Chip#1
101 101 100 106 102 99 104 102 102 97 101 98 0 0 128 108 66
97 102 104 115 97 105 124 98 101 111 98 92 1 0 0 0 0
99 97 208 254 101 224 359 114 173 346 134 96 2 0 0 0 0
103 110 129 149 107 139 197 110 131 222 113 102 3 0 0 0 0
95 96 94 99 95 92 104 97 98 92 93 94 4 0 0 0 0
92 93 97 103 93 94 101 96 140 206 100 94 5 0 0 0 0
98 100 103 101 98 97 106 105 129 190 102 95 6 0 0 0 0
101 101 95 104 98 98 104 100 100 96 98 95 7 0 0 0 0
99 104 104 112 96 98 106 97 97 97 93 99 8 0 0 0 0
99 95 98 101 96 98 105 102 99 99 96 98 9 0 0 0 0
103 102 102 108 101 99 106 109 103 100 96 95 10 0 0 0 0
106 97 99 103 100 98 105 104 97 100 101 15000 11 0 0 0 0
Chip#1
101 99 95 102 96 97 98 102 98 93 97 94 0 0 128 109 66
98 93 108 123 98 101 122 103 100 112 101 101 1 0 0 0 0
97 107 209 257 100 224 360 113 174 347 134 99 2 0 0 0 0
103 105 126 151 102 140 199 107 134 222 108 100 3 0 0 0 0
101 104 98 103 100 95 104 103 104 99 102 100 4 0 0 0 0
99 99 106 109 105 100 111 104 143 222 108 101 5 0 0 0 0
98 100 100 102 97 98 104 102 127 174 100 95 6 0 0 0 0
99 101 98 106 101 99 106 101 104 96 98 100 7 0 0 0 0
101 102 105 108 102 103 108 104 102 100 97 99 8 0 0 0 0
97 96 103 104 101 98 107 98 101 93 98 96 9 0 0 0 0
102 97 99 102 100 95 106 101 102 95 95 99 10 0 0 0 0
95 91 94 95 97 98 98 93 94 91 91 15000 11 0 0 0 0
Chip#1
103 104 97 102 96 98 100 103 99 97 102 98 0 0 128 110 66
101 96 107 118 103 110 124 105 101 124 101 93 1 0 0 0 0
93 97 208 249 97 218 357 107 168 336 129 93 2 0 0 0 0
100 102 125 148 103 140 188 104 133 206 108 96 3 0 0 0 0
97 97 95 107 98 95 102 98 99 96 96 90 4 0 0 0 0
106 99 103 114 102 98 109 104 143 222 105 98 5 0 0 0 0
105 106 108 110 108 105 112 108 136 190 107 100 6 0 0 0 0
101 101 102 103 100 92 105 98 100 90 96 94 7 0 0 0 0
99 97 103 107 96 98 106 104 102 97 96 96 8 0 0 0 0
99 97 97 106 94 99 100 94 96 91 94 92 9 0 0 0 0
98 97 99 103 98 98 106 102 96 95 98 98 10 0 0 0 0
99 94 104 101 97 99 101 105 101 99 98 15000 11 0 0 0 0
Chip#1
95 96 92 95 95 98 99 96 94 95 96 93 0 0 128 111 66
103 104 110 125 107 111 130 108 103 125 102 102 1 0 0 0 0
102 104 208 257 101 223 357 113 168 347 132 100 2 0 0 0 0
95 96 122 142 95 138 185 105 127 206 108 98 3 0 0 0 0
102 97 96 103 103 99 104 101 101 99 97 94 4 0 0 0 0
95 91 96 97 94 94 104 101 134 206 103 90 5 0 0 0 0
98 101 102 104 95 97 102 104 123 190 97 95 6 0 0 0 0
101 99 95 104 100 95 100 100 103 100 96 98 7 0 0 0 0
102 97 106 108 101 99 105 104 102 93 98 98 8 0 0 0 0
97 97 103 102 96 98 101 98 100 95 95 96 9 0 0 0 0
96 95 95 99 91 92 96 100 98 95 97 94 10 0 0 0 0
105 97 98 107 100 97 105 107 102 97 102 15000 11 0 0 0 0
Chip#1
101 96 100 103 96 95 104 101 101 97 100 96 0 0 64 112 66
97 97 108 116 100 101 124 98 101 116 102 93 1 0 0 0 0
103 102 210 274 104 223 359 119 170 338 132 100 2 0 0 0 0
99 96 122 142 97 135 189 101 127 206 105 98 3 0 0 0 0
97 97 102 101 98 97 107 104 102 99 94 94 4 0 0 0 0
102 95 103 107 102 103 108 101 142 222 107 92 5 0 0 0 0
93 95 96 99 95 94 100 100 123 187 97 93 6 0 0 0 0
99 95 96 104 97 95 105 100 102 97 93 95 7 0 0 0 0
97 95 102 107 100 103 106 105 100 100 95 95 8 0 0 0 0
99 96 97 102 94 98 108 103 100 96 91 98 9 0 0 0 0
92 101 100 102 97 97 99 102 100 96 98 96 10 0 0 0 0
104 97 102 108 98 100 102 105 102 101 100 15000 11 0 0 0 0
Chip#1
98 104 102 103 101 94 101 102 101 95 101 98 0 0 0 113 66
99 100 107 115 101 103 129 103 98 116 98 98 1 0 0 0 0
99 102 208 249 97 222 357 112 173 337 133 96 2 0 0 0 0
101 102 125 143 100 141 190 108 129 206 109 100 3 0 0 0 0
95 96 98 98 95 92 96 96 96 92 91 92 4 0 0 0 0
110 106 110 116 108 109 114 112 153 222 112 102 5 0 0 0 0
99 96 99 101 98 98 98 101 128 187 101 92 6 0 0 0 0
99 94 97 101 95 99 99 97 100 95 97 93 7 0 0 0 0
104 107 108 112 101 101 114 107 104 103 101 102 8 0 0 0 0
96 96 100 102 96 92 102 102 96 103 91 92 9 0 0 0 0
101 100 99 101 98 98 104 101 100 103 95 99 10 0 0 0 0
102 101 98 104 97 95 105 104 98 96 100 15000 11 0 0 0 0
Chip#1
105 104 100 101 98 103 101 104 103 99 100 96 0 0 192 113 66
108 101 109 124 103 109 127 105 100 118 102 98 1 0 0 0 0
101 105 199 253 102 219 353 116 176 337 135 95 2 0 0 0 0
98 105 125 143 102 133 188 107 132 206 109 95 3 0 0 0 0
109 104 105 109 111 105 108 107 103 108 103 101 4 0 0 0 0
99 99 103 106 104 98 106 101 144 222 103 96 5 0 0 0 0
97 101 103 103 96 98 104 104 128 191 100 93 6 0 0 0 0
106 101 102 107 107 100 107 103 103 100 100 100 7 0 0 0 0
101 96 102 102 98 100 105 103 101 97 94 99 8 0 0 0 0
102 99 100 103 102 100 104 102 101 93 97 98 9 0 0 0 0
98 97 99 103 98 92 101 100 99 99 98 96 10 0 0 0 0
103 102 102 104 102 98 109 104 101 104 103 15000 11 0 0 0 0
Chip#1
99 102 98 102 95 92 104 101 96 100 100 95 0 0 128 114 66
96 94 106 115 100 101 121 104 99 115 94 94 1 0 0 0 0
97 94 208 249 103 219 357 113 171 336 132 94 2 0 0 0 0
104 104 129 146 103 139 193 108 129 222 116 101 3 0 0 0 0
99 96 99 101 98 98 106 101 100 99 97 95 4 0 0 0 0
95 93 102 106 100 95 105 100 144 206 102 90 5 0 0 0 0
105 96 105 108 104 99 108 108 136 190 108 101 6 0 0 0 0
101 102 98 106 102 97 105 103 106 97 97 99 7 0 0 0 0
97 96 102 107 95 95 106 102 99 97 96 98 8 0 0 0 0
92 96 99 102 95 100 105 100 97 92 97 98 9 0 0 0 0
106 109 105 112 105 101 113 112 109 103 105 104 10 0 0 0 0
98 99 102 102 98 94 104 102 102 101 95 15000 11 0 0 0 0
Chip#1
101 99 100 107 98 98 101 102 103 91 97 99 0 0 0 115 66
102 97 110 116 98 109 125 102 104 111 100 99 1 0 0 0 0
102 102 208 254 101 219 353 112 171 334 127 96 2 0 0 0 0
100 104 121 145 97 135 190 102 126 206 113 96 3 0 0 0 0
99 97 100 102 100 98 107 103 101 99 102 101 4 0 0 0 0
100 100 104 115 101 97 112 107 143 206 107 99 5 0 0 0 0
96 99 98 103 100 100 107 102 127 184 98 95 6 0 0 0 0
105 102 104 108 108 105 107 107 109 105 102 102 7 0 0 0 0
96 97 102 109 100 104 107 103 102 97 100 99 8 0 0 0 0
95 99 102 104 98 104 111 105 100 95 93 98 9 0 0 0 0
98 100 100 104 100 93 105 101 99 100 92 95 10 0 0 0 0
97 99 102 104 103 99 106 105 99 100 101 15000 11 0 0 0 0
Chip#1
96 95 95 104 95 94 97 98 96 92 96 95 0 0 192 115 66
96 94 107 114 97 104 127 103 101 115 98 98 1 0 0 0 0
95 101 208 254 103 216 353 112 169 332 127 94 2 0 0 0 0
96 98 122 142 97 132 185 101 123 206 102 96 3 0 0 0 0
96 99 98 104 102 99 105 101 100 100 100 98 4 0 0 0 0
98 96 104 106 95 94 107 98 143 222 101 98 5 0 0 0 0
101 105 106 106 105 104 111 107 128 190 106 99 6 0 0 0 0
97 97 96 102 98 97 104 96 101 92 91 95 7 0 0 0 0
93 101 104 108 98 101 106 101 99 97 94 98 8 0 0 0 0
98 100 104 108 104 101 109 108 106 101 98 100 9 0 0 0 0
92 97 97 98 93 97 98 98 97 92 92 93 10 0 0 0 0
93 94 98 97 98 93 101 98 96 91 95 15000 11 0 0 0 0
Chip#1
104 106 104 110 107 98 107 107 107 101 103 106 0 0 64 116 66
97 105 113 120 101 105 123 105 101 116 98 99 1 0 0 0 0
93 97 208 249 96 218 350 113 171 334 130 99 2 0 0 0 0
98 104 128 146 102 135 193 107 128 206 108 95 3 0 0 0 0
101 105 102 106 100 103 107 107 106 101 102 101 4 0 0 0 0
101 101 108 112 101 100 107 107 145 222 108 94 5 0 0 0 0
99 106 105 108 104 104 107 104 132 174 105 102 6 0 0 0 0
99 96 96 102 97 97 101 98 97 90 93 93 7 0 0 0 0
93 97 104 106 96 99 105 98 101 97 94 95 8 0 0 0 0
99 104 104 108 102 98 108 103 100 97 97 99 9 0 0 0 0
101 99 100 102 101 97 101 98 98 92 92 98 10 0 0 0 0
95 94 102 99 101 94 105 103 98 97 101 15000 11 0 0 0 0
Chip#1
96 99 96 98 93 94 98 95 98 87 96 94 0 0 64 117 66
101 99 109 123 100 105 127 107 100 116 100 98 1 0 0 0 0
104 106 214 274 108 225 359 117 176 338 139 101 2 0 0 0 0
92 97 118 141 96 134 185 98 119 206 105 94 3 0 0 0 0
103 100 103 108 102 103 108 104 104 103 97 99 4 0 0 0 0
104 105 109 113 104 105 114 105 149 222 114 106 5 0 0 0 0
92 96 100 93 93 92 99 94 122 187 94 93 6 0 0 0 0
98 101 102 107 103 100 102 102 101 99 97 95 7 0 0 0 0
96 100 104 107 98 98 107 101 102 97 97 99 8 0 0 0 0
102 106 103 113 103 105 114 110 107 108 107 104 9 0 0 0 0
95 97 99 101 98 93 105 98 99 92 95 94 10 0 0 0 0
102 100 100 99 101 99 101 103 98 99 100 15000 11 0 0 0 0
Chip#1
104 106 100 102 97 97 101 103 101 97 97 98 0 0 64 118 66
101 99 109 119 100 105 122 104 101 113 96 90 1 0 0 0 0
104 101 210 274 104 218 353 114 176 336 132 95 2 0 0 0 0
101 102 128 147 102 144 194 104 131 222 113 101 3 0 0 0 0
104 102 104 103 101 104 107 102 106 105 101 101 4 0 0 0 0
97 99 103 110 98 97 104 98 144 222 102 95 5 0 0 0 0
99 97 104 106 98 97 108 100 131 184 107 96 6 0 0 0 0
97 99 97 102 96 97 105 100 103 95 98 95 7 0 0 0 0
99 100 106 108 102 100 108 104 102 95 101 100 8 0 0 0 0
101 104 100 104 100 97 106 97 102 93 96 96 9 0 0 0 0
90 94 95 98 91 89 98 96 92 89 94 90 10 0 0 0 0
109 95 103 104 101 99 101 107 103 100 100 15000 11 0 0 0 0
Chip#1
104 104 102 103 100 95 99 104 102 99 100 100 0 0 64 119 66
106 105 115 120 104 112 131 109 109 124 106 106 1 0 0 0 0
93 96 208 245 97 211 345 108 166 327 124 95 2 0 0 0 0
98 106 122 145 101 136 189 101 131 222 107 100 3 0 0 0 0
101 101 100 107 104 100 112 104 103 100 101 99 4 0 0 0 0
101 104 108 113 102 104 112 105 145 222 112 94 5 0 0 0 0
105 105 98 108 103 100 107 105 128 190 105 99 6 0 0 0 0
102 106 102 108 105 98 109 105 103 95 101 98 7 0 0 0 0
97 99 103 106 101 98 105 103 99 99 98 95 8 0 0 0 0
102 105 105 107 103 97 109 103 99 96 100 101 9 0 0 0 0
101 104 104 110 102 95 107 104 99 99 100 101 10 0 0 0 0
101 102 97 103 103 99 106 102 104 101 97 15000 11 0 0 0 0
Chip#1
97 95 98 99 98 95 100 102 96 91 97 95 0 0 64 120 66
108 106 115 126 105 110 128 108 107 117 107 104 1 0 0 0 0
98 93 199 251 101 213 352 116 168 332 129 101 2 0 0 0 0
103 99 122 141 102 138 189 105 126 206 108 98 3 0 0 0 0
97 96 98 102 98 95 108 100 99 101 97 95 4 0 0 0 0
102 101 108 106 103 101 109 108 149 222 107 101 5 0 0 0 0
102 104 108 108 104 105 109 104 133 190 107 104 6 0 0 0 0
104 99 104 106 103 99 108 104 106 101 101 99 7 0 0 0 0
92 93 98 102 94 98 104 98 98 93 92 95 8 0 0 0 0
98 97 105 103 100 100 107 95 104 97 96 98 9 0 0 0 0
97 100 103 101 101 98 105 102 101 97 98 104 10 0 0 0 0
102 97 97 107 102 97 105 103 96 99 98 15000 11 0 0 0 0
Chip#1
101 105 99 102 104 101 109 104 103 101 101 100 0 0 0 121 66
95 94 103 112 96 104 120 96 98 113 100 92 1 0 0 0 0
106 109 211 254 110 225 351 122 176 338 137 100 2 0 0 0 0
103 105 129 143 104 139 194 107 128 222 109 98 3 0 0 0 0
97 100 96 101 97 95 102 103 98 100 97 93 4 0 0 0 0
101 100 105 103 101 101 109 105 145 206 108 99 5 0 0 0 0
99 99 97 99 94 98 106 104 129 183 101 95 6 0 0 0 0
104 97 103 102 102 97 109 103 103 92 100 94 7 0 0 0 0
97 102 106 107 98 97 109 100 96 99 102 98 8 0 0 0 0
96 96 100 103 101 99 106 101 101 97 98 98 9 0 0 0 0
97 94 100 98 96 95 104 100 101 91 95 93 10 0 0 0 0
91 91 92 95 89 89 98 95 93 86 91 15000 11 0 0 0 0
Chip#1
101 104 99 103 103 93 106 102 103 97 96 102 0 0 192 121 66
98 95 106 109 98 104 125 101 101 112 102 98 1 0 0 0 0
92 96 208 246 95 213 346 110 170 322 127 94 2 0 0 0 0
104 101 129 143 102 138 192 107 131 206 111 101 3 0 0 0 0
99 97 103 104 102 97 109 102 103 104 100 100 4 0 0 0 0
105 104 108 115 100 104 114 110 149 222 114 102 5 0 0 0 0
106 104 106 108 104 103 111 109 131 188 107 99 6 0 0 0 0
102 97 104 103 102 104 106 104 106 100 98 101 7 0 0 0 0
97 102 106 109 100 100 105 104 100 99 100 100 8 0 0 0 0
93 93 98 97 96 94 100 97 92 95 91 95 9 0 0 0 0
103 102 100 104 100 97 109 103 101 100 98 96 10 0 0 0 0
102 97 97 97 102 95 108 100 101 97 100 15000 11 0 0 0 0
Chip#1
97 95 96 98 93 97 97 98 96 93 96 96 0 0 192 122 66
99 100 108 123 103 107 128 104 106 118 98 100 1 0 0 0 0
92 95 208 246 98 211 343 105 169 320 125 95 2 0 0 0 0
101 102 123 145 103 139 193 107 133 206 109 101 3 0 0 0 0
102 100 103 107 100 103 111 107 106 101 98 100 4 0 0 0 0
98 104 107 109 102 100 108 104 143 222 106 101 5 0 0 0 0
101 102 100 108 101 97 108 102 129 186 103 95 6 0 0 0 0
105 101 100 106 104 100 106 103 107 103 97 98 7 0 0 0 0
97 97 103 108 97 97 107 102 102 95 98 99 8 0 0 0 0
96 101 104 104 100 99 102 96 101 97 97 100 9 0 0 0 0
97 96 96 107 95 99 100 97 98 96 95 96 10 0 0 0 0
102 101 96 101 94 95 100 101 99 96 95 15000 11 0 0 0 0
Chip#1
105 104 100 104 100 99 105 105 104 101 103 101 0 0 128 123 66
98 96 108 115 95 106 122 102 102 112 100 94 1 0 0 0 0
95 94 208 246 97 213 347 111 170 328 125 98 2 0 0 0 0
96 97 121 141 98 134 186 105 127 206 105 94 3 0 0 0 0
102 107 104 108 102 104 108 105 106 105 101 101 4 0 0 0 0
102 106 109 110 103 101 112 104 148 222 106 102 5 0 0 0 0
98 97 99 106 97 100 108 100 128 180 97 96 6 0 0 0 0
104 96 98 97 100 95 105 97 104 87 93 94 7 0 0 0 0
99 101 109 109 97 100 112 101 102 99 98 99 8 0 0 0 0
95 96 100 101 101 97 105 100 98 95 95 96 9 0 0 0 0
98 100 100 106 101 99 105 104 102 96 95 98 10 0 0 0 0
101 100 102 103 100 101 105 102 101 92 97 15000 11 0 0 0 0
Chip#1
105 106 100 109 98 99 108 105 104 101 105 101 0 0 0 124 66
95 89 98 110 93 97 123 96 97 107 94 92 1 0 0 0 0
100 102 199 245 101 217 349 115 173 327 135 98 2 0 0 0 0
97 100 126 142 107 136 189 104 132 222 106 102 3 0 0 0 0
98 97 102 107 98 95 108 104 101 101 97 104 4 0 0 0 0
102 99 103 106 97 100 112 100 140 222 103 96 5 0 0 0 0
97 96 96 99 100 97 101 103 124 182 94 96 6 0 0 0 0
105 102 98 103 101 99 107 101 102 99 98 100 7 0 0 0 0
99 96 105 109 100 101 114 102 104 97 101 100 8 0 0 0 0
105 104 105 110 103 104 111 105 102 100 102 102 9 0 0 0 0
102 100 103 102 100 100 107 103 102 97 96 101 10 0 0 0 0
102 95 100 99 100 97 100 102 97 92 95 15000 11 0 0 0 0
Chip#1
105 106 102 103 103 101 109 102 106 103 103 104 0 0 192 124 66
98 96 106 110 100 103 120 100 101 112 96 96 1 0 0 0 0
101 101 208 247 95 216 346 112 173 332 132 100 2 0 0 0 0
99 99 121 141 102 134 185 104 127 206 107 98 3 0 0 0 0
97 94 96 99 97 98 101 95 99 95 92 92 4 0 0 0 0
95 96 103 101 101 99 104 100 139 206 105 98 5 0 0 0 0
92 94 95 97 96 98 105 101 129 179 101 95 6 0 0 0 0
103 106 98 106 103 100 107 103 107 101 100 100 7 0 0 0 0
102 101 111 109 103 106 109 104 104 99 102 100 8 0 0 0 0
95 97 102 102 98 99 105 102 100 95 97 95 9 0 0 0 0
99 99 100 99 96 99 105 98 103 95 95 95 10 0 0 0 0
101 97 99 103 100 98 100 101 100 95 102 15000 11 0 0 0 0
Chip#1
103 104 100 103 101 98 101 97 98 99 101 99 0 0 64 125 66
98 95 111 113 100 109 127 101 99 113 101 98 1 0 0 0 0
98 97 208 251 104 216 346 111 169 324 130 100 2 0 0 0 0
90 95 119 137 91 129 184 97 123 206 101 99 3 0 0 0 0
97 95 97 102 103 100 100 98 99 97 98 98 4 0 0 0 0
102 106 111 112 105 106 112 105 145 222 111 104 5 0 0 0 0
92 97 100 102 101 97 104 104 126 184 102 95 6 0 0 0 0
97 97 96 102 102 98 104 100 101 97 100 98 7 0 0 0 0
97 95 98 102 98 97 104 96 101 93 96 95 8 0 0 0 0
103 100 104 103 97 101 106 97 99 93 100 100 9 0 0 0 0
102 106 105 113 108 98 109 104 104 104 105 100 10 0 0 0 0
101 100 99 103 102 98 107 98 99 96 103 15000 11 0 0 0 0
Chip#1
112 106 104 109 110 104 109 109 101 104 102 108 0 0 128 125 66
99 96 105 116 103 106 125 100 102 115 101 98 1 0 0 0 0
99 94 208 241 103 218 337 111 165 325 128 98 2 0 0 0 0
91 90 109 136 95 127 176 95 118 206 97 92 3 0 0 0 0
103 99 99 102 107 98 108 101 101 105 101 100 4 0 0 0 0
97 99 103 108 103 101 111 103 143 206 105 98 5 0 0 0 0
99 100 104 106 98 103 104 104 126 190 103 99 6 0 0 0 0
101 100 102 104 101 104 105 105 103 99 101 100 7 0 0 0 0
90 86 92 95 93 87 99 94 96 87 82 88 8 0 0 0 0
99 100 100 102 98 98 109 102 101 99 95 99 9 0 0 0 0
93 90 96 97 98 92 98 94 100 91 96 96 10 0 0 0 0
99 96 98 103 100 92 101 100 97 95 96 15000 11 0 0 0 0
Chip#1
102 102 105 104 100 98 108 103 106 101 101 101 0 0 128 126 66
98 96 109 115 101 107 125 103 103 116 100 99 1 0 0 0 0
97 100 208 248 103 214 343 114 170 327 125 98 2 0 0 0 0
101 95 122 145 103 140 188 105 126 206 112 100 3 0 0 0 0
99 96 97 102 101 97 106 104 98 100 96 96 4 0 0 0 0
104 100 110 113 103 104 109 104 150 222 114 105 5 0 0 0 0
108 105 107 113 103 108 109 111 133 191 111 101 6 0 0 0 0
104 101 102 103 103 99 107 104 101 96 98 98 7 0 0 0 0
104 97 107 108 104 104 108 105 103 104 102 100 8 0 0 0 0
95 96 98 102 98 98 104 98 96 93 91 94 9 0 0 0 0
99 94 99 101 101 98 102 97 99 96 93 96 10 0 0 0 0
98 95 93 98 96 93 101 102 101 97 98 15000 11 0 0 0 0
Chip#1
96 93 96 98 91 89 97 96 93 92 97 96 0 0 128 127 66
101 97 108 118 101 109 123 101 98 117 97 100 1 0 0 0 0
98 97 196 243 98 211 337 113 165 324 125 94 2 0 0 0 0
99 101 121 139 102 130 184 104 124 206 107 100 3 0 0 0 0
103 101 99 104 98 99 107 102 99 101 100 100 4 0 0 0 0
97 94 99 107 96 97 108 96 139 206 102 94 5 0 0 0 0
97 94 94 99 95 93 101 96 117 182 96 93 6 0 0 0 0
102 102 97 101 102 101 105 104 102 95 96 98 7 0 0 0 0
97 101 103 110 96 99 107 98 100 93 97 99 8 0 0 0 0
98 102 100 101 100 100 108 105 102 101 100 100 9 0 0 0 0
96 95 96 102 97 93 100 104 99 96 94 96 10 0 0 0 0
105 107 103 109 109 104 114 105 103 105 101 15000 11 0 0 0 0
Chip#1
102 104 99 106 104 101 107 107 101 99 100 99 0 0 64 128 66
101 104 114 119 104 112 127 111 106 122 103 104 1 0 0 0 0
103 100 197 250 100 214 347 114 170 329 133 101 2 0 0 0 0
102 102 124 141 102 136 186 104 129 206 103 99 3 0 0 0 0
96 95 98 103 96 94 101 101 96 99 93 94 4 0 0 0 0
102 104 108 116 107 104 113 107 142 222 111 102 5 0 0 0 0
101 102 104 109 102 99 104 109 123 188 102 99 6 0 0 0 0
99 105 104 107 103 101 106 105 104 97 101 99 7 0 0 0 0
101 101 107 108 104 104 109 105 104 100 100 104 8 0 0 0 0
98 99 97 101 101 97 106 101 93 97 95 98 9 0 0 0 0
99 97 102 103 98 99 104 103 102 103 101 101 10 0 0 0 0
95 91 98 99 95 95 98 103 99 92 95 15000 11 0 0 0 0
Chip#1
95 95 98 97 95 98 98 95 99 92 94 99 0 0 160 128 66
96 99 106 116 100 99 123 104 104 117 102 99 1 0 0 0 0
102 100 209 248 101 217 342 115 169 328 132 104 2 0 0 0 0
103 105 126 146 102 138 193 110 134 206 111 109 3 0 0 0 0
105 102 104 104 107 104 109 108 104 111 98 105 4 0 0 0 0
98 93 98 106 94 93 104 96 138 206 100 95 5 0 0 0 0
101 102 99 103 100 103 107 104 128 187 102 101 6 0 0 0 0
106 106 106 108 105 104 111 105 103 101 100 100 7 0 0 0 0
98 99 103 103 100 97 106 101 100 97 96 101 8 0 0 0 0
98 102 105 107 102 100 111 104 103 100 98 105 9 0 0 0 0
99 99 102 101 98 101 101 102 98 95 96 101 10 0 0 0 0
105 97 102 103 101 100 105 105 103 99 97 15000 11 0 0 0 0
Chip#1
106 107 103 110 110 105 109 107 107 99 106 109 0 0 32 129 66
105 104 115 123 103 112 129 107 111 118 107 99 1 0 0 0 0
108 105 208 247 104 219 344 117 171 329 133 100 2 0 0 0 0
97 100 118 143 102 139 188 101 129 206 107 98 3 0 0 0 0
98 106 100 108 104 101 107 105 104 107 100 100 4 0 0 0 0
98 102 103 102 102 99 109 100 145 206 106 100 5 0 0 0 0
93 96 96 99 95 95 102 96 123 184 95 94 6 0 0 0 0
95 100 97 108 100 97 105 101 101 97 97 96 7 0 0 0 0
97 97 102 107 96 103 104 102 100 93 97 101 8 0 0 0 0
99 99 99 103 100 100 109 103 103 99 100 98 9 0 0 0 0
103 104 98 110 105 101 107 104 104 100 103 104 10 0 0 0 0
95 93 95 98 98 95 101 100 96 96 92 15000 11 0 0 0 0
Chip#1
101 94 97 98 97 94 99 102 97 95 95 98 0 0 128 129 66
99 97 107 119 97 109 123 102 103 112 101 94 1 0 0 0 0
101 106 208 248 107 217 344 115 173 327 130 100 2 0 0 0 0
99 100 121 140 100 133 183 97 127 206 106 95 3 0 0 0 0
97 95 97 101 97 99 105 100 98 93 100 95 4 0 0 0 0
103 101 107 112 97 101 109 103 144 206 112 100 5 0 0 0 0
98 96 99 104 97 97 105 101 126 182 103 93 6 0 0 0 0
96 101 103 98 104 99 102 100 104 96 97 95 7 0 0 0 0
99 102 106 110 104 99 112 105 104 100 102 101 8 0 0 0 0
101 102 108 108 104 106 115 105 106 101 97 104 9 0 0 0 0
102 101 106 107 102 98 108 102 107 95 98 100 10 0 0 0 0
99 99 98 99 101 92 101 97 98 97 98 15000 11 0 0 0 0
Chip#1
99 94 98 102 94 97 101 102 98 93 101 95 0 0 224 129 66
101 94 106 115 96 104 120 98 101 112 97 94 1 0 0 0 0
108 105 208 250 105 220 345 115 171 327 132 104 2 0 0 0 0
102 101 129 147 103 138 189 104 131 206 109 96 3 0 0 0 0
104 104 106 107 100 100 107 107 107 103 105 106 4 0 0 0 0
103 99 104 104 96 95 111 102 148 206 106 96 5 0 0 0 0
98 95 96 99 104 99 101 98 123 180 103 94 6 0 0 0 0
100 99 99 107 97 99 101 102 103 100 101 93 7 0 0 0 0
95 91 103 102 96 97 99 97 97 92 91 94 8 0 0 0 0
97 97 98 102 100 94 105 100 102 91 96 100 9 0 0 0 0
96 100 100 102 98 98 105 100 100 95 94 99 10 0 0 0 0
106 101 100 104 101 99 104 104 102 99 102 15000 11 0 0 0 0
Chip#1
104 100 100 103 98 100 104 102 100 99 101 99 0 0 64 130 66
98 95 109 119 102 105 124 100 102 117 103 99 1 0 0 0 0
98 102 208 249 104 214 338 111 173 328 130 102 2 0 0 0 0
101 101 125 142 95 138 184 103 124 206 108 96 3 0 0 0 0
97 99 98 103 96 99 101 102 97 97 102 93 4 0 0 0 0
98 97 100 106 95 97 106 100 144 206 105 93 5 0 0 0 0
101 100 105 103 101 101 109 103 129 187 103 98 6 0 0 0 0
104 102 98 102 102 98 105 100 104 97 98 99 7 0 0 0 0
99 104 108 109 100 105 107 105 102 103 101 100 8 0 0 0 0
97 102 102 99 101 98 106 98 102 97 97 98 9 0 0 0 0
96 99 97 101 100 99 102 98 98 93 96 96 10 0 0 0 0
99 97 102 103 97 100 98 103 103 100 98 15000 11 0 0 0 0
Chip#1
98 93 93 97 94 93 93 97 96 92 93 94 0 0 160 130 66
105 101 113 115 103 110 127 103 106 117 105 102 1 0 0 0 0
98 97 198 243 100 214 337 110 169 318 127 95 2 0 0 0 0
102 100 122 143 95 133 184 101 126 206 108 96 3 0 0 0 0
97 104 100 109 98 99 107 101 103 99 100 96 4 0 0 0 0
97 100 105 113 101 103 106 102 144 206 109 95 5 0 0 0 0
99 96 97 109 95 97 104 104 128 182 101 98 6 0 0 0 0
99 97 99 103 98 98 104 100 100 95 96 98 7 0 0 0 0
96 99 106 109 97 100 106 104 103 96 97 96 8 0 0 0 0
101 107 106 113 107 105 113 104 104 104 106 105 9 0 0 0 0
92 95 95 95 90 88 101 90 98 91 92 93 10 0 0 0 0
101 98 97 102 95 95 97 98 98 93 92 15000 11 0 0 0 0
Chip#1
97 91 92 95 93 94 94 94 96 88 92 94 0 0 224 130 66
99 97 108 120 98 105 120 97 100 112 100 101 1 0 0 0 0
102 102 196 246 103 216 339 113 168 319 135 99 2 0 0 0 0
104 101 126 143 103 132 190 105 127 206 109 102 3 0 0 0 0
99 101 100 103 102 94 108 100 100 99 97 100 4 0 0 0 0
101 100 104 106 101 104 108 107 143 206 108 100 5 0 0 0 0
101 102 103 106 100 101 107 103 122 184 101 98 6 0 0 0 0
110 114 106 107 109 105 116 108 111 105 105 110 7 0 0 0 0
96 97 104 104 95 97 106 98 98 95 93 99 8 0 0 0 0
102 102 106 103 101 103 111 103 103 101 100 104 9 0 0 0 0
96 99 98 101 95 95 102 102 99 93 93 99 10 0 0 0 0
101 101 106 101 105 100 106 105 106 101 105 15000 11 0 0 0 0
Chip#1
103 102 102 109 105 99 101 102 101 100 103 99 0 0 32 131 66
99 102 107 113 98 104 123 104 101 114 101 96 1 0 0 0 0
99 105 208 242 100 216 337 110 174 322 129 105 2 0 0 0 0
95 101 117 137 96 129 181 100 121 206 103 98 3 0 0 0 0
98 99 98 99 98 97 105 97 102 99 94 90 4 0 0 0 0
101 104 108 106 96 100 109 102 140 206 107 101 5 0 0 0 0
101 107 106 112 101 101 108 104 129 182 106 102 6 0 0 0 0
102 105 97 102 102 97 102 102 106 97 96 99 7 0 0 0 0
97 96 106 102 97 100 107 100 101 92 95 99 8 0 0 0 0
97 97 97 101 98 99 105 97 94 93 96 94 9 0 0 0 0
97 102 105 106 100 99 104 105 103 100 98 101 10 0 0 0 0
92 100 95 97 96 93 101 96 98 92 92 15000 11 0 0 0 0
Chip#1
99 97 98 98 95 91 98 95 97 96 90 94 0 0 96 131 66
101 102 107 114 103 107 128 103 106 115 100 100 1 0 0 0 0
102 100 194 236 101 211 334 113 168 319 129 96 2 0 0 0 0
103 97 122 138 98 132 183 100 122 206 107 96 3 0 0 0 0
101 104 102 104 97 99 105 107 104 104 97 98 4 0 0 0 0
98 101 106 102 97 101 107 103 139 206 103 99 5 0 0 0 0
98 99 102 102 98 95 108 101 128 187 97 94 6 0 0 0 0
95 97 100 96 95 100 101 98 97 97 91 95 7 0 0 0 0
95 100 106 104 103 99 108 102 101 96 95 96 8 0 0 0 0
97 91 100 102 91 94 104 95 94 92 95 90 9 0 0 0 0
105 104 102 104 104 99 102 105 103 96 98 102 10 0 0 0 0
110 104 102 104 101 98 102 104 104 93 98 15000 11 0 0 0 0
Chip#1
98 96 94 97 91 98 96 95 101 96 96 92 0 0 192 131 66
102 96 113 121 100 112 125 104 102 121 101 102 1 0 0 0 0
97 97 196 245 95 209 336 110 165 318 128 98 2 0 0 0 0
98 99 124 143 102 129 182 103 124 206 103 95 3 0 0 0 0
102 101 102 103 102 100 108 101 102 105 100 98 4 0 0 0 0
92 96 102 103 95 100 106 97 134 206 101 93 5 0 0 0 0
96 99 99 106 101 100 107 100 126 183 100 93 6 0 0 0 0
102 106 106 108 104 100 107 108 107 101 100 102 7 0 0 0 0
96 99 110 107 103 106 104 102 102 99 98 95 8 0 0 0 0
102 102 109 106 104 104 108 107 103 100 102 101 9 0 0 0 0
97 95 103 99 102 97 102 98 103 100 96 96 10 0 0 0 0
98 100 98 103 96 92 104 98 97 101 97 15000 11 0 0 0 0
Chip#1
97 102 99 102 95 97 100 101 100 97 98 101 0 0 64 132 66
102 97 109 121 101 101 117 103 101 120 101 99 1 0 0 0 0
98 104 194 237 102 207 334 108 165 317 125 99 2 0 0 0 0
98 99 119 140 96 128 180 98 127 190 105 93 3 0 0 0 0
99 99 98 98 98 98 98 97 100 100 95 99 4 0 0 0 0
96 97 104 106 102 104 113 104 143 206 105 101 5 0 0 0 0
97 97 99 103 97 100 102 103 127 184 103 95 6 0 0 0 0
101 97 99 106 101 98 105 103 102 97 95 94 7 0 0 0 0
97 96 100 107 98 101 106 104 99 100 97 99 8 0 0 0 0
98 95 100 101 103 99 106 101 101 97 97 99 9 0 0 0 0
103 97 99 104 98 94 100 100 101 100 98 96 10 0 0 0 0
98 100 104 103 104 99 104 102 103 101 100 15000 11 0 0 0 0
Chip#1
101 100 96 101 98 98 100 100 100 101 101 98 0 0 224 132 66
99 95 106 115 98 101 123 97 98 109 97 95 1 0 0 0 0
103 101 198 240 103 209 336 115 171 318 124 101 2 0 0 0 0
93 104 119 141 96 132 183 101 126 206 103 99 3 0 0 0 0
103 104 103 106 102 101 106 105 102 99 100 101 4 0 0 0 0
97 104 105 113 102 108 115 109 144 206 112 104 5 0 0 0 0
96 96 102 104 98 99 105 102 127 182 100 98 6 0 0 0 0
102 100 96 97 102 100 106 102 102 92 100 94 7 0 0 0 0
3 0 0 13 0 0 5 0 0 7 0 0 0 0 0 0 0
3 0 0 13 0 0 5 0 0 7 0 0 0 0 0 0 0
3 0 0 13 0 0 5 0 0 7 0 0 0 0 0 0 0
3 0 0 13 0 0 5 0 0 7 0 15000 0 0 0 0 0
