Chipdp
84 2 82 2 16 6 4 10 6 11 6 10 7 11 7 4 7 6 8 6 7 7 8 7 4 4 6 5 6 4 7 5 7 4 1 6 2 6 1 7 2 7 4 10 9 11 9 10 10 11 10 4 7 9 8 9 7 10 8 10 4 4 9 5 9 4 10 5 10 4 1 9 2 9 1 10 2 10 4 10 3 11 3 10 4 11 4 4 7 3 8 3 7 4 8 4 4 4 3 5 3 4 4 5 4 4 1 3 2 3 1 4 2 4 4 10 0 11 0 10 1 11 1 4 7 0 8 0 7 1 8 1 4 4 0 5 0 4 1 5 1 4 1 0 2 0 1 1 2 1 4 10 6 11 6 10 7 11 7 4 7 6 8 6 7 7 8 7 4 4 6 5 6 4 7 5 7 4 1 6 2 6 1 7 2 7 4 10 9 11 9 10 10 11 10 4 7 9 8 9 7 10 8 10 4 4 9 5 9 4 10 5 10 4 1 9 2 9 1 10 2 10 4 10 3 11 3 10 4 11 4 4 7 3 8 3 7 4 8 4 4 4 3 5 3 4 4 5 4 4 1 3 2 3 1 4 2 4 4 10 0 11 0 10 1 11 1 4 7 0 8 0 7 1 8 1 4 4 0 5 0 4 1 5 1 4 1 0 2 0 1 1 2 1 
Chip#1
108 102 109 113 116 107 127 123 101 105 101 102 0 0 128 75 66
151 132 126 228 238 168 436 439 138 140 147 109 1 0 0 0 0
140 134 125 214 239 168 448 432 136 150 147 106 2 0 0 0 0
109 106 112 129 138 113 197 202 108 108 131 100 3 0 0 0 0
162 146 131 237 230 200 975 957 196 141 163 108 4 0 0 0 0
157 137 122 210 220 184 994 994 196 142 147 101 5 0 0 0 0
147 130 121 124 127 123 192 191 119 157 147 106 6 0 0 0 0
246 232 134 144 164 124 158 191 196 745 675 139 7 0 0 0 0
218 203 129 140 143 120 161 159 196 775 740 145 8 0 0 0 0
149 136 117 116 119 119 124 116 119 263 212 106 9 0 0 0 0
244 239 145 139 139 124 167 159 244 768 588 127 10 0 0 0 0
224 209 134 141 140 121 168 175 228 745 630 15000 11 0 0 0 0
Chip#2
128 107 109 104 103 104 101 103 106 106 106 109 0 0 128 75 66
112 113 102 109 110 104 192 194 106 111 110 107 1 0 0 0 0
128 121 114 126 131 117 330 307 100 115 117 113 2 0 0 0 0
112 99 100 98 101 102 121 118 99 100 99 97 3 0 0 0 0
112 112 112 116 118 116 819 864 100 118 111 104 4 0 0 0 0
128 115 113 121 132 121 992 1012 102 111 114 105 5 0 0 0 0
128 103 104 107 110 108 114 110 102 125 122 103 6 0 0 0 0
128 127 109 113 111 110 118 115 120 931 727 109 7 0 0 0 0
128 130 118 113 119 114 116 114 110 616 481 115 8 0 0 0 0
112 108 106 105 110 108 106 108 110 239 162 108 9 0 0 0 0
128 133 114 110 110 106 114 113 161 1302 828 115 10 0 0 0 0
112 117 104 103 98 98 105 102 104 537 377 15000 11 0 0 0 0
Chip#1
132 110 119 119 126 114 133 129 107 109 131 106 0 0 64 82 66
146 135 121 212 234 146 428 415 135 141 147 107 1 0 0 0 0
137 131 123 214 239 184 439 431 164 142 163 107 2 0 0 0 0
111 112 115 130 134 119 195 200 115 115 112 103 3 0 0 0 0
159 143 122 228 229 184 967 947 180 137 131 108 4 0 0 0 0
157 136 124 208 214 200 999 975 196 140 147 105 5 0 0 0 0
138 125 119 122 124 120 181 182 113 151 147 103 6 0 0 0 0
245 237 135 153 164 123 157 183 196 740 659 140 7 0 0 0 0
220 208 128 147 164 122 162 183 212 776 737 150 8 0 0 0 0
144 138 119 113 113 114 124 112 121 261 208 105 9 0 0 0 0
243 242 139 140 138 121 165 175 260 764 586 124 10 0 0 0 0
219 209 130 134 134 122 167 175 228 736 623 15000 11 0 0 0 0
Chip#2
112 104 103 99 99 100 100 101 99 105 106 105 0 0 64 84 66
128 109 106 105 111 106 190 210 99 106 111 103 1 0 0 0 0
112 112 110 119 129 111 322 301 95 114 116 109 2 0 0 0 0
112 108 104 102 106 105 124 124 95 104 106 105 3 0 0 0 0
112 111 104 113 118 115 820 863 98 114 112 107 4 0 0 0 0
112 109 104 119 119 121 985 1006 98 109 111 104 5 0 0 0 0
112 120 115 114 121 122 125 127 101 137 129 114 6 0 0 0 0
112 123 109 113 115 109 116 115 120 929 727 108 7 0 0 0 0
128 129 113 111 120 116 116 116 108 617 480 114 8 0 0 0 0
128 111 110 108 108 113 110 114 98 240 172 112 9 0 0 0 0
128 136 118 112 113 114 118 116 161 1304 826 119 10 0 0 0 0
128 124 112 107 105 105 111 106 104 543 382 15000 11 0 0 0 0
Chip#1
132 109 117 122 122 113 133 129 110 112 109 107 0 0 64 86 66
147 136 122 228 238 147 426 430 131 138 147 103 1 0 0 0 0
143 142 124 228 250 152 443 430 135 151 147 105 2 0 0 0 0
138 115 125 140 164 123 202 204 121 122 131 115 3 0 0 0 0
169 153 129 240 238 189 967 951 180 143 147 113 4 0 0 0 0
166 144 128 228 230 185 999 995 196 146 163 111 5 0 0 0 0
137 125 114 121 124 120 179 182 116 152 147 105 6 0 0 0 0
262 251 143 159 164 132 170 182 212 754 686 152 7 0 0 0 0
227 214 126 149 149 119 168 182 196 779 737 146 8 0 0 0 0
147 139 117 117 121 116 121 116 120 258 211 108 9 0 0 0 0
249 247 138 141 139 119 174 175 244 770 589 126 10 0 0 0 0
222 204 128 132 130 122 168 175 228 740 625 15000 11 0 0 0 0
Chip#2
112 101 97 98 98 98 94 96 108 99 97 98 0 0 64 86 66
128 109 106 107 115 108 188 194 108 112 112 109 1 0 0 0 0
112 113 107 119 129 113 322 299 108 115 109 103 2 0 0 0 0
112 108 104 104 109 110 124 125 108 105 105 107 3 0 0 0 0
112 111 108 115 116 116 812 858 97 112 111 108 4 0 0 0 0
112 115 107 121 128 126 983 1006 99 114 116 112 5 0 0 0 0
112 109 108 110 114 116 123 118 100 132 122 113 6 0 0 0 0
112 129 114 113 115 113 112 116 120 927 717 114 7 0 0 0 0
128 125 108 109 115 114 112 113 105 606 463 109 8 0 0 0 0
112 117 109 108 110 115 114 112 102 245 166 112 9 0 0 0 0
128 139 119 110 119 114 115 116 161 1301 826 117 10 0 0 0 0
128 121 107 104 106 102 98 101 100 531 379 15000 11 0 0 0 0
Chip#1
108 106 112 115 121 107 124 123 106 103 102 100 0 0 64 88 66
152 139 126 237 239 168 425 431 132 142 147 105 1 0 0 0 0
151 145 135 228 252 168 451 428 164 156 163 117 2 0 0 0 0
132 109 117 132 138 117 195 198 113 114 131 103 3 0 0 0 0
164 146 126 238 232 200 959 941 196 140 147 106 4 0 0 0 0
169 146 131 228 233 186 990 987 196 151 147 111 5 0 0 0 0
139 120 116 118 124 117 181 178 114 146 147 101 6 0 0 0 0
257 242 143 157 164 128 168 178 196 748 677 147 7 0 0 0 0
233 214 131 153 153 129 168 178 196 781 744 153 8 0 0 0 0
153 140 124 123 120 115 122 118 116 261 209 107 9 0 0 0 0
249 248 145 140 140 120 174 175 244 768 586 128 10 0 0 0 0
230 211 134 141 137 125 172 175 228 742 623 15000 11 0 0 0 0
Chip#2
128 105 103 103 104 104 105 98 97 106 105 105 0 0 64 88 66
112 112 108 110 118 109 195 194 97 112 111 110 1 0 0 0 0
128 112 104 114 125 111 312 291 97 109 111 100 2 0 0 0 0
112 113 107 105 113 113 132 130 97 112 108 114 3 0 0 0 0
128 113 106 109 118 110 810 855 97 111 109 109 4 0 0 0 0
112 114 110 119 130 119 983 1000 94 114 112 108 5 0 0 0 0
112 107 104 107 108 109 112 114 94 124 117 100 6 0 0 0 0
112 124 108 114 114 108 111 110 117 923 712 112 7 0 0 0 0
128 125 110 108 118 111 116 110 106 609 458 113 8 0 0 0 0
128 115 109 109 111 115 110 108 100 244 165 113 9 0 0 0 0
128 126 110 100 104 108 106 103 151 1285 815 108 10 0 0 0 0
128 124 109 105 105 109 107 106 98 535 378 15000 11 0 0 0 0
Chip#1
111 107 112 116 122 107 130 127 110 109 106 103 0 0 128 89 66
158 153 133 228 246 154 432 435 141 153 147 113 1 0 0 0 0
151 139 130 228 252 168 442 432 164 157 163 112 2 0 0 0 0
132 113 114 130 140 117 194 201 113 117 131 102 3 0 0 0 0
168 150 126 240 238 200 961 945 180 138 147 106 4 0 0 0 0
159 144 128 213 225 184 987 982 196 146 147 109 5 0 0 0 0
145 131 122 122 130 124 186 187 123 156 147 107 6 0 0 0 0
256 247 140 157 164 124 172 187 212 748 677 141 7 0 0 0 0
227 213 131 151 164 128 165 187 196 771 742 152 8 0 0 0 0
152 143 125 122 122 119 122 117 127 261 212 112 9 0 0 0 0
253 247 143 142 141 123 178 175 244 768 589 130 10 0 0 0 0
221 202 129 130 132 114 164 159 228 732 611 15000 11 0 0 0 0
Chip#2
112 106 104 99 99 99 100 100 98 102 104 102 0 0 128 89 66
112 112 108 109 115 110 196 194 98 107 112 114 1 0 0 0 0
128 114 108 115 121 111 320 293 98 113 115 108 2 0 0 0 0
128 111 113 109 113 113 130 129 98 109 110 110 3 0 0 0 0
128 114 113 116 123 120 816 861 100 117 116 108 4 0 0 0 0
128 118 110 116 130 123 981 1000 101 117 119 113 5 0 0 0 0
112 111 107 107 113 113 120 115 101 129 120 107 6 0 0 0 0
128 132 118 118 120 120 121 120 125 930 718 118 7 0 0 0 0
112 127 114 113 115 111 119 113 104 611 464 112 8 0 0 0 0
128 118 116 115 116 116 116 113 105 246 172 115 9 0 0 0 0
128 132 118 107 115 109 112 114 156 1292 824 110 10 0 0 0 0
128 125 109 104 109 104 103 108 98 541 379 15000 11 0 0 0 0
Chip#1
132 109 114 122 130 114 135 131 110 110 110 108 0 0 128 90 66
151 145 133 237 249 168 432 432 135 146 147 111 1 0 0 0 0
144 135 117 213 244 168 433 432 134 146 163 107 2 0 0 0 0
117 107 111 130 133 116 195 193 109 110 131 102 3 0 0 0 0
162 148 125 237 236 184 954 940 180 138 147 105 4 0 0 0 0
169 146 133 237 230 188 999 978 196 150 163 113 5 0 0 0 0
141 127 121 125 127 122 184 184 122 153 147 111 6 0 0 0 0
252 242 139 155 164 121 162 184 196 744 676 143 7 0 0 0 0
231 213 131 150 164 122 168 184 212 770 737 153 8 0 0 0 0
157 140 126 123 120 119 126 120 120 257 214 109 9 0 0 0 0
255 248 145 139 140 123 168 159 244 763 585 127 10 0 0 0 0
219 203 124 128 128 116 162 159 212 725 611 15000 11 0 0 0 0
Chip#2
112 102 106 100 100 103 101 97 101 105 106 104 0 0 128 90 66
112 108 106 110 118 104 193 194 101 111 115 108 1 0 0 0 0
128 115 112 116 125 110 330 295 101 111 110 109 2 0 0 0 0
112 106 109 105 106 108 121 124 101 106 102 104 3 0 0 0 0
112 111 104 108 118 114 807 851 97 112 108 103 4 0 0 0 0
128 117 107 115 129 158 976 993 98 113 115 108 5 0 0 0 0
112 109 107 109 111 113 120 114 98 129 123 109 6 0 0 0 0
112 127 107 110 111 115 114 110 116 926 713 113 7 0 0 0 0
128 120 107 107 111 108 112 110 98 609 459 102 8 0 0 0 0
112 106 101 99 105 102 102 100 98 232 154 102 9 0 0 0 0
112 131 113 103 106 105 112 112 157 1289 819 113 10 0 0 0 0
112 123 107 107 110 104 106 112 98 535 377 15000 11 0 0 0 0
Chip#1
105 100 103 108 109 101 122 120 101 103 102 95 0 0 128 91 66
157 146 130 237 246 168 433 433 141 148 163 111 1 0 0 0 0
151 146 131 228 244 168 442 430 142 156 163 112 2 0 0 0 0
138 114 122 135 144 122 201 199 118 122 131 107 3 0 0 0 0
171 153 130 240 236 200 955 941 196 142 163 109 4 0 0 0 0
165 150 126 228 224 187 982 969 196 155 147 115 5 0 0 0 0
141 128 115 123 126 120 186 181 114 147 147 103 6 0 0 0 0
261 245 143 156 164 125 170 181 196 750 659 145 7 0 0 0 0
227 215 129 152 149 122 167 181 196 772 738 150 8 0 0 0 0
151 138 119 118 117 116 121 119 121 261 208 108 9 0 0 0 0
253 248 143 140 140 125 175 175 244 764 589 130 10 0 0 0 0
225 211 129 134 134 119 170 175 228 735 618 15000 11 0 0 0 0
Chip#2
128 108 109 107 105 104 103 102 102 108 111 108 0 0 128 91 66
112 103 102 107 109 103 188 194 102 107 105 102 1 0 0 0 0
112 113 110 121 130 108 315 295 102 113 120 108 2 0 0 0 0
112 108 112 110 106 105 125 124 102 108 106 105 3 0 0 0 0
112 106 101 110 115 110 805 848 102 109 110 103 4 0 0 0 0
128 118 108 121 125 120 975 996 101 117 119 112 5 0 0 0 0
112 112 110 112 115 113 118 115 96 132 126 109 6 0 0 0 0
128 125 108 110 116 108 114 114 118 921 715 110 7 0 0 0 0
112 120 110 112 115 114 118 112 105 609 461 118 8 0 0 0 0
112 110 103 105 106 109 106 107 105 236 166 104 9 0 0 0 0
128 131 114 111 111 110 114 116 161 1289 823 113 10 0 0 0 0
128 123 112 105 104 99 106 102 100 536 379 15000 11 0 0 0 0
Chip#1
113 113 115 123 124 119 132 131 109 114 112 109 0 0 128 92 66
143 129 120 211 229 139 410 415 123 131 147 100 1 0 0 0 0
141 135 119 214 236 168 422 415 133 146 163 105 2 0 0 0 0
132 108 119 132 134 116 190 193 114 121 131 105 3 0 0 0 0
164 145 133 237 230 185 938 906 196 145 147 109 4 0 0 0 0
159 137 121 211 217 185 961 948 196 145 163 107 5 0 0 0 0
141 125 119 124 121 121 185 180 119 152 147 106 6 0 0 0 0
249 232 135 155 164 127 161 181 196 727 643 143 7 0 0 0 0
228 208 133 149 151 122 161 181 196 753 722 150 8 0 0 0 0
153 139 120 119 117 115 126 116 119 258 209 109 9 0 0 0 0
243 240 143 142 143 125 168 159 244 748 576 128 10 0 0 0 0
225 204 129 136 134 125 168 175 228 717 606 15000 11 0 0 0 0
Chip#2
128 111 106 104 109 100 105 103 100 107 114 110 0 0 64 93 66
112 107 110 108 119 103 189 194 99 108 110 108 1 0 0 0 0
128 114 116 119 122 111 330 292 100 115 119 113 2 0 0 0 0
128 113 108 108 111 114 130 122 100 108 106 112 3 0 0 0 0
112 108 108 113 120 113 810 854 97 111 115 104 4 0 0 0 0
112 115 110 115 127 121 971 999 100 117 111 105 5 0 0 0 0
112 107 112 110 115 116 119 114 99 133 125 110 6 0 0 0 0
128 124 113 108 111 109 114 113 118 924 708 103 7 0 0 0 0
128 121 109 110 113 113 115 107 101 605 453 108 8 0 0 0 0
128 112 108 108 111 114 110 107 101 240 166 108 9 0 0 0 0
128 126 107 102 105 97 105 107 147 1283 818 102 10 0 0 0 0
128 121 110 104 106 102 105 103 97 540 372 15000 11 0 0 0 0
Chip#1
113 108 119 118 126 115 137 130 110 113 112 109 0 0 192 93 66
151 137 124 228 234 168 421 415 128 137 147 103 1 0 0 0 0
149 135 128 237 240 184 432 431 164 151 179 111 2 0 0 0 0
135 114 124 136 146 128 200 205 118 124 131 112 3 0 0 0 0
171 148 133 240 240 200 948 930 180 141 147 111 4 0 0 0 0
157 136 117 208 219 184 967 954 180 143 147 106 5 0 0 0 0
141 121 117 118 117 115 184 183 113 151 147 107 6 0 0 0 0
250 236 134 149 164 123 159 184 196 732 659 139 7 0 0 0 0
226 211 133 152 164 124 170 183 196 768 732 151 8 0 0 0 0
151 140 122 119 119 117 125 118 123 257 213 113 9 0 0 0 0
244 241 143 133 134 123 172 175 244 754 576 126 10 0 0 0 0
221 207 128 130 131 122 169 175 212 727 609 15000 11 0 0 0 0
Chip#2
112 104 107 98 101 104 98 100 97 105 100 102 0 0 192 93 66
112 115 114 114 120 109 198 194 97 118 114 112 1 0 0 0 0
128 107 106 113 123 109 310 289 97 111 112 105 2 0 0 0 0
112 103 106 102 110 108 123 124 97 106 102 108 3 0 0 0 0
128 112 112 111 119 114 808 855 97 115 106 104 4 0 0 0 0
112 114 112 119 128 122 977 1000 101 118 112 110 5 0 0 0 0
128 112 114 113 115 120 128 121 97 133 123 113 6 0 0 0 0
128 129 116 115 118 111 120 118 122 927 714 114 7 0 0 0 0
112 118 110 108 115 110 110 107 101 607 460 110 8 0 0 0 0
128 112 109 110 111 108 109 108 94 241 163 110 9 0 0 0 0
128 131 115 107 108 109 112 115 160 1293 816 113 10 0 0 0 0
128 121 109 107 101 103 107 108 98 535 376 15000 11 0 0 0 0
Chip#1
132 107 114 115 122 115 128 127 108 105 131 105 0 0 0 95 66
155 144 130 237 245 168 426 428 136 146 163 112 1 0 0 0 0
144 137 129 215 244 168 431 428 132 150 163 105 2 0 0 0 0
117 115 120 138 140 119 192 199 113 118 131 111 3 0 0 0 0
164 147 129 237 233 200 941 907 180 146 147 107 4 0 0 0 0
164 142 122 208 221 184 969 957 196 145 147 107 5 0 0 0 0
139 127 114 122 119 120 184 183 116 150 147 108 6 0 0 0 0
260 247 149 163 164 129 170 183 196 740 675 148 7 0 0 0 0
219 203 125 144 145 120 159 184 196 757 722 143 8 0 0 0 0
151 135 117 115 116 114 115 114 116 253 211 102 9 0 0 0 0
252 247 144 141 138 127 170 175 244 753 582 133 10 0 0 0 0
224 208 126 130 132 120 170 175 228 722 613 15000 11 0 0 0 0
Chip#2
112 102 104 100 103 104 101 100 106 102 104 105 0 0 0 95 66
128 112 110 111 118 110 193 194 106 109 110 112 1 0 0 0 0
112 114 109 115 124 113 320 290 106 107 116 108 2 0 0 0 0
112 112 107 104 109 110 128 123 106 106 106 105 3 0 0 0 0
128 111 107 108 114 115 809 849 98 112 109 109 4 0 0 0 0
128 114 110 123 124 126 975 996 100 113 115 113 5 0 0 0 0
112 113 113 109 115 116 120 116 100 131 126 109 6 0 0 0 0
112 132 115 115 120 117 121 118 124 925 717 117 7 0 0 0 0
128 120 112 111 118 120 120 112 105 613 463 110 8 0 0 0 0
128 117 109 110 110 115 111 110 102 244 167 109 9 0 0 0 0
128 129 118 109 113 110 112 115 159 1290 821 113 10 0 0 0 0
128 126 116 110 113 111 112 109 106 538 381 15000 11 0 0 0 0
Chip#1
110 104 107 110 122 107 124 129 107 105 106 105 0 0 64 96 66
152 137 130 237 243 168 422 431 164 145 147 108 1 0 0 0 0
145 137 121 216 240 168 426 431 164 147 163 106 2 0 0 0 0
137 113 120 134 143 124 194 199 123 122 131 112 3 0 0 0 0
169 146 130 238 238 200 940 928 196 142 147 107 4 0 0 0 0
166 144 130 228 229 189 972 961 196 151 147 112 5 0 0 0 0
141 128 117 124 125 116 183 184 119 153 163 107 6 0 0 0 0
246 236 134 151 152 124 162 186 180 733 643 139 7 0 0 0 0
227 212 134 151 164 128 168 184 212 764 729 150 8 0 0 0 0
156 138 125 123 120 120 122 118 120 257 215 111 9 0 0 0 0
252 245 143 145 171 125 170 191 260 759 582 134 10 0 0 0 0
222 206 133 139 132 122 167 175 228 728 612 15000 11 0 0 0 0
Chip#2
112 102 101 103 103 102 100 101 105 104 102 105 0 0 64 96 66
112 107 102 104 108 102 188 178 105 108 105 105 1 0 0 0 0
112 110 103 114 123 109 315 292 105 107 111 112 2 0 0 0 0
128 111 107 105 109 106 121 127 105 107 108 110 3 0 0 0 0
128 117 113 118 127 121 814 857 104 118 120 112 4 0 0 0 0
128 117 109 125 125 123 967 995 102 114 116 112 5 0 0 0 0
112 105 102 109 110 105 114 110 102 122 121 105 6 0 0 0 0
128 129 114 115 115 113 119 115 117 918 709 110 7 0 0 0 0
128 129 110 114 116 117 119 115 108 604 480 112 8 0 0 0 0
112 112 104 104 103 108 106 103 100 240 165 107 9 0 0 0 0
112 133 112 109 109 109 109 112 155 1289 817 112 10 0 0 0 0
128 121 108 107 110 108 109 108 101 532 378 15000 11 0 0 0 0
Chip#1
118 113 119 117 122 117 131 129 113 113 112 108 0 0 0 97 66
150 137 124 237 238 168 418 431 131 146 163 109 1 0 0 0 0
141 140 124 228 240 168 428 415 133 148 163 108 2 0 0 0 0
132 109 115 128 135 116 191 196 110 114 131 105 3 0 0 0 0
165 150 130 237 234 184 938 912 180 143 147 109 4 0 0 0 0
163 145 128 217 224 185 969 953 196 147 147 106 5 0 0 0 0
144 130 125 128 131 127 185 191 120 158 163 111 6 0 0 0 0
257 243 143 159 164 127 170 191 196 731 659 148 7 0 0 0 0
220 204 125 144 145 116 162 159 196 758 722 150 8 0 0 0 0
151 135 120 119 120 117 124 118 119 253 209 111 9 0 0 0 0
244 243 139 142 133 117 170 159 244 754 577 127 10 0 0 0 0
224 203 129 135 133 121 170 175 228 729 611 15000 11 0 0 0 0
Chip#2
112 105 106 105 105 104 106 100 98 107 108 108 0 0 0 97 66
112 107 106 107 113 106 185 194 98 107 108 105 1 0 0 0 0
128 121 115 123 132 117 322 298 101 120 117 114 2 0 0 0 0
112 107 98 105 105 105 121 115 72 104 102 102 3 0 0 0 0
128 114 109 118 123 117 807 852 98 112 114 110 4 0 0 0 0
128 112 108 118 125 123 971 990 97 111 108 107 5 0 0 0 0
128 102 104 108 105 106 118 113 97 121 117 104 6 0 0 0 0
128 127 112 114 115 115 118 112 121 918 713 110 7 0 0 0 0
128 125 113 110 111 113 114 109 102 606 459 109 8 0 0 0 0
112 105 104 102 103 105 101 102 102 233 160 104 9 0 0 0 0
112 130 114 110 109 108 107 112 155 1285 812 110 10 0 0 0 0
128 123 113 107 114 106 106 107 101 536 376 15000 11 0 0 0 0
Chip#1
115 114 114 123 125 112 132 132 112 112 107 108 0 0 64 98 66
152 140 129 237 243 168 420 431 131 142 147 106 1 0 0 0 0
140 138 120 215 242 168 423 431 136 148 163 106 2 0 0 0 0
132 113 116 133 135 123 194 194 114 112 112 102 3 0 0 0 0
164 145 121 237 227 200 933 942 180 133 147 99 4 0 0 0 0
159 140 122 210 221 200 965 957 196 143 147 107 5 0 0 0 0
138 127 115 119 121 117 174 177 114 148 147 107 6 0 0 0 0
251 247 140 155 164 128 168 177 196 738 659 147 7 0 0 0 0
218 206 124 144 143 116 158 177 196 754 723 146 8 0 0 0 0
149 137 119 123 120 115 124 118 123 254 208 111 9 0 0 0 0
252 247 139 139 171 127 172 175 260 753 582 127 10 0 0 0 0
222 206 125 130 127 115 167 175 228 721 605 15000 11 0 0 0 0
Chip#2
112 106 110 107 108 104 103 104 104 105 111 114 0 0 64 98 66
128 109 109 110 116 109 193 194 104 117 112 115 1 0 0 0 0
112 115 110 116 121 111 316 287 104 111 109 109 2 0 0 0 0
128 113 113 113 111 111 124 126 104 112 106 109 3 0 0 0 0
112 112 108 109 118 115 804 847 101 114 109 109 4 0 0 0 0
112 111 106 114 120 119 966 987 96 111 109 107 5 0 0 0 0
128 114 110 112 116 119 120 118 96 135 123 114 6 0 0 0 0
128 127 115 111 118 120 111 114 122 920 709 114 7 0 0 0 0
128 127 115 109 114 119 118 109 105 610 480 112 8 0 0 0 0
128 109 110 109 111 116 110 107 101 241 161 109 9 0 0 0 0
112 136 118 112 113 110 111 116 157 1288 817 116 10 0 0 0 0
112 120 104 100 105 103 102 103 97 530 369 15000 11 0 0 0 0
Chip#1
132 110 116 121 127 109 133 159 112 112 131 107 0 0 192 99 66
155 140 130 237 244 168 422 415 133 145 147 109 1 0 0 0 0
150 147 135 228 253 168 437 432 164 156 163 115 2 0 0 0 0
132 112 117 134 143 119 192 196 110 115 131 105 3 0 0 0 0
166 146 129 237 236 200 935 927 180 143 147 109 4 0 0 0 0
161 143 122 210 224 200 965 960 196 145 163 103 5 0 0 0 0
144 131 122 129 137 128 191 191 122 159 163 113 6 0 0 0 0
255 240 139 156 156 125 169 192 180 732 659 144 7 0 0 0 0
231 214 131 158 164 168 168 192 212 765 729 153 8 0 0 0 0
143 139 117 122 113 111 119 114 116 254 207 108 9 0 0 0 0
243 240 134 133 139 111 165 175 244 748 576 121 10 0 0 0 0
218 206 128 132 128 118 165 175 228 717 600 15000 11 0 0 0 0
Chip#2
128 108 108 104 106 105 104 103 100 108 110 113 0 0 64 100 66
112 113 104 110 118 113 194 194 99 108 109 110 1 0 0 0 0
128 117 115 124 129 113 313 297 100 118 115 110 2 0 0 0 0
112 111 110 104 106 111 125 130 99 108 104 113 3 0 0 0 0
112 114 104 108 115 115 803 849 97 111 111 109 4 0 0 0 0
112 111 107 114 124 122 967 988 97 111 110 104 5 0 0 0 0
112 108 108 108 111 114 123 120 97 131 119 108 6 0 0 0 0
112 127 112 108 113 109 111 115 116 918 710 109 7 0 0 0 0
128 123 108 105 116 114 112 112 101 606 464 110 8 0 0 0 0
112 113 104 105 108 113 110 106 97 239 161 110 9 0 0 0 0
112 130 116 107 109 110 111 110 157 1290 819 113 10 0 0 0 0
112 125 107 100 106 104 105 104 98 532 371 15000 11 0 0 0 0
Chip#1
116 109 114 121 124 111 132 130 108 112 109 102 0 0 0 101 66
150 137 129 228 239 168 416 415 131 141 147 111 1 0 0 0 0
144 136 121 228 245 168 423 415 133 152 147 105 2 0 0 0 0
111 107 110 129 136 119 186 198 108 115 111 102 3 0 0 0 0
169 147 129 237 233 200 929 923 196 137 147 106 4 0 0 0 0
162 139 129 216 226 186 964 956 196 150 163 109 5 0 0 0 0
143 127 119 122 120 120 175 187 115 151 147 106 6 0 0 0 0
245 236 133 152 164 122 161 187 196 731 659 133 7 0 0 0 0
224 209 130 152 147 123 165 187 196 753 720 148 8 0 0 0 0
149 135 116 118 115 107 119 115 120 253 207 102 9 0 0 0 0
251 248 150 146 145 125 175 175 244 754 583 131 10 0 0 0 0
215 201 129 130 125 114 156 175 228 717 601 15000 11 0 0 0 0
Chip#2
128 112 112 109 106 111 106 106 101 108 111 110 0 0 0 101 66
112 112 110 108 115 108 193 194 98 111 111 107 1 0 0 0 0
128 119 113 119 125 108 313 290 96 114 112 109 2 0 0 0 0
128 112 107 109 110 115 129 127 96 109 108 109 3 0 0 0 0
112 110 102 108 113 115 800 841 95 109 106 103 4 0 0 0 0
128 117 109 116 128 123 966 987 100 107 111 108 5 0 0 0 0
112 108 109 110 111 115 120 113 99 131 123 113 6 0 0 0 0
112 127 112 115 116 114 114 116 121 918 710 115 7 0 0 0 0
128 127 115 115 116 120 115 112 109 603 456 116 8 0 0 0 0
112 108 104 104 104 109 106 108 109 233 158 109 9 0 0 0 0
112 127 114 104 104 104 106 106 153 1277 812 110 10 0 0 0 0
128 120 112 102 110 105 106 104 98 529 372 15000 11 0 0 0 0
Chip#1
105 101 107 115 118 107 124 122 103 104 104 96 0 0 0 102 66
152 144 125 228 243 168 412 415 136 140 147 106 1 0 0 0 0
147 140 122 228 245 168 423 415 164 151 163 107 2 0 0 0 0
111 113 116 135 140 120 192 196 113 118 131 109 3 0 0 0 0
165 146 129 237 237 200 930 900 180 138 147 101 4 0 0 0 0
165 146 125 216 226 200 957 948 196 147 163 112 5 0 0 0 0
146 128 119 128 126 123 183 182 118 152 147 107 6 0 0 0 0
249 231 135 151 164 122 163 182 196 721 643 140 7 0 0 0 0
224 206 125 152 164 123 167 182 196 753 717 148 8 0 0 0 0
146 138 114 116 119 111 124 116 114 249 207 105 9 0 0 0 0
243 234 130 136 134 119 163 159 228 739 568 120 10 0 0 0 0
217 208 125 130 133 117 168 159 228 714 600 15000 11 0 0 0 0
Chip#2
112 105 106 100 98 100 106 102 93 105 104 105 0 0 0 102 66
112 110 106 108 116 106 193 194 93 113 109 105 1 0 0 0 0
128 117 114 118 128 111 317 293 93 114 115 112 2 0 0 0 0
128 120 120 115 116 115 134 132 96 118 115 114 3 0 0 0 0
112 107 100 108 113 106 800 841 96 106 106 104 4 0 0 0 0
112 114 104 114 121 117 966 987 95 112 105 108 5 0 0 0 0
128 112 109 111 113 111 123 115 94 134 119 109 6 0 0 0 0
112 127 118 112 121 116 116 115 121 918 711 110 7 0 0 0 0
128 129 116 115 120 120 121 120 109 610 457 123 8 0 0 0 0
112 113 110 105 105 111 107 104 100 238 162 104 9 0 0 0 0
128 136 122 114 114 113 118 120 167 1292 821 115 10 0 0 0 0
128 120 110 104 108 99 102 104 101 531 374 15000 11 0 0 0 0
Chip#1
112 112 116 124 127 119 136 132 118 114 114 109 0 0 0 103 66
146 140 125 228 234 168 412 415 133 133 147 106 1 0 0 0 0
144 140 122 214 236 168 423 415 133 146 163 103 2 0 0 0 0
139 112 124 136 145 123 195 198 114 118 131 107 3 0 0 0 0
164 149 122 237 232 184 921 899 180 141 147 106 4 0 0 0 0
162 139 124 210 223 200 954 941 196 141 147 103 5 0 0 0 0
141 128 116 125 126 123 184 184 118 153 147 105 6 0 0 0 0
244 234 129 145 154 122 158 186 180 725 643 134 7 0 0 0 0
226 208 126 153 164 120 164 184 212 748 716 147 8 0 0 0 0
143 130 108 112 109 108 114 109 110 246 199 98 9 0 0 0 0
244 236 138 142 138 122 168 159 228 745 567 126 10 0 0 0 0
215 200 124 127 125 112 162 159 212 704 597 15000 11 0 0 0 0
Chip#2
112 102 103 100 98 100 97 97 101 104 106 100 0 0 0 103 66
112 108 107 112 116 106 189 194 101 111 108 107 1 0 0 0 0
128 111 108 114 123 109 310 289 101 111 112 108 2 0 0 0 0
112 107 107 103 108 109 123 119 101 106 102 108 3 0 0 0 0
128 117 113 116 124 114 805 855 102 117 116 116 4 0 0 0 0
112 119 113 119 129 121 966 991 102 117 117 112 5 0 0 0 0
112 108 110 111 114 116 124 118 97 129 120 112 6 0 0 0 0
128 124 116 109 115 114 115 113 120 918 704 110 7 0 0 0 0
128 124 112 112 115 115 112 113 106 605 450 110 8 0 0 0 0
112 109 112 108 109 110 107 108 100 242 163 113 9 0 0 0 0
112 130 116 114 111 110 118 118 161 1288 817 111 10 0 0 0 0
128 127 118 109 111 111 111 110 104 537 378 15000 11 0 0 0 0
Chip#1
132 105 115 122 122 112 132 127 108 112 109 103 0 0 64 104 66
150 139 126 228 238 168 416 431 135 141 147 107 1 0 0 0 0
149 140 126 228 243 168 426 415 136 155 163 114 2 0 0 0 0
116 108 116 136 141 116 191 199 114 117 115 108 3 0 0 0 0
171 145 128 238 234 184 928 898 180 141 147 108 4 0 0 0 0
163 140 125 214 219 184 955 947 180 146 147 113 5 0 0 0 0
145 124 117 125 127 122 183 182 119 153 147 107 6 0 0 0 0
244 228 131 149 145 119 157 183 180 720 643 138 7 0 0 0 0
228 217 126 151 164 128 170 183 196 753 719 152 8 0 0 0 0
152 139 120 122 121 116 119 118 121 259 209 111 9 0 0 0 0
247 245 140 140 144 120 169 175 244 746 567 130 10 0 0 0 0
213 201 126 132 132 117 163 175 228 715 597 15000 11 0 0 0 0
Chip#2
128 105 104 105 104 100 106 106 110 106 105 108 0 0 64 104 66
128 118 115 119 121 115 197 210 98 118 116 115 1 0 0 0 0
128 111 104 115 122 110 311 287 98 111 112 105 2 0 0 0 0
128 109 108 103 106 106 124 125 98 108 108 109 3 0 0 0 0
112 113 107 113 120 111 802 849 98 113 112 105 4 0 0 0 0
128 120 112 121 130 128 971 993 98 118 114 110 5 0 0 0 0
128 105 109 108 108 113 120 116 98 125 120 103 6 0 0 0 0
128 129 110 116 117 114 121 118 125 917 710 112 7 0 0 0 0
128 123 108 107 111 114 118 110 104 599 456 112 8 0 0 0 0
128 112 110 109 111 109 110 108 102 242 162 109 9 0 0 0 0
128 126 109 104 109 106 111 108 156 1280 808 107 10 0 0 0 0
128 125 113 107 110 110 110 110 102 538 376 15000 11 0 0 0 0
Chip#1
105 106 114 116 119 109 126 123 108 108 105 101 0 0 128 105 66
150 134 125 228 236 168 412 415 134 141 147 106 1 0 0 0 0
138 137 119 216 237 147 423 415 134 147 147 107 2 0 0 0 0
109 107 111 127 133 112 189 191 109 115 109 107 3 0 0 0 0
164 143 124 228 227 184 924 889 180 140 147 105 4 0 0 0 0
159 140 120 205 219 184 942 941 180 145 147 108 5 0 0 0 0
141 122 116 118 121 114 178 178 113 155 147 106 6 0 0 0 0
243 229 135 150 164 119 162 178 196 714 643 143 7 0 0 0 0
221 203 128 144 149 119 161 179 196 746 713 144 8 0 0 0 0
145 135 114 118 115 112 115 116 119 252 203 103 9 0 0 0 0
239 241 139 140 135 116 165 175 244 737 570 124 10 0 0 0 0
224 203 129 134 137 120 167 175 228 716 606 15000 11 0 0 0 0
Chip#2
128 108 106 107 105 104 105 103 96 105 104 110 0 0 128 105 66
112 110 107 110 108 103 188 178 95 109 108 107 1 0 0 0 0
112 112 107 114 120 100 301 285 95 111 108 99 2 0 0 0 0
112 115 110 110 113 116 128 131 96 117 112 109 3 0 0 0 0
112 118 115 116 124 122 808 854 104 118 115 110 4 0 0 0 0
112 114 113 118 130 127 969 993 104 115 116 107 5 0 0 0 0
128 114 112 115 115 117 123 121 97 135 128 110 6 0 0 0 0
128 131 118 119 116 113 121 116 120 916 713 115 7 0 0 0 0
128 125 109 110 114 111 111 109 105 596 461 112 8 0 0 0 0
128 113 106 107 106 113 109 110 98 238 161 113 9 0 0 0 0
128 133 114 107 108 110 112 107 157 1278 813 114 10 0 0 0 0
128 120 104 97 103 103 100 98 94 524 368 15000 11 0 0 0 0
Chip#1
132 115 119 121 128 116 133 159 114 117 131 109 0 0 192 106 66
156 145 131 237 243 168 417 431 164 145 163 107 1 0 0 0 0
144 138 122 214 243 168 418 415 136 146 147 100 2 0 0 0 0
108 107 108 124 126 111 186 184 107 107 107 96 3 0 0 0 0
162 145 120 237 230 200 920 893 180 134 147 99 4 0 0 0 0
164 142 125 211 223 200 952 942 196 150 147 109 5 0 0 0 0
144 124 115 119 124 121 181 184 115 155 147 107 6 0 0 0 0
246 232 128 150 147 117 159 186 180 716 635 134 7 0 0 0 0
224 206 130 153 164 123 165 184 212 746 710 151 8 0 0 0 0
149 143 117 116 120 115 121 123 122 258 208 112 9 0 0 0 0
245 243 139 140 171 118 170 175 244 740 569 122 10 0 0 0 0
217 200 121 127 127 113 164 175 228 707 595 15000 11 0 0 0 0
Chip#2
112 113 108 103 105 105 105 102 102 109 109 114 0 0 192 106 66
112 111 104 100 108 105 183 194 102 105 97 99 1 0 0 0 0
128 113 108 114 118 105 300 282 102 108 106 103 2 0 0 0 0
112 108 110 108 114 114 133 129 102 115 108 112 3 0 0 0 0
112 111 106 105 114 108 797 842 97 106 100 102 4 0 0 0 0
128 120 115 120 135 128 966 993 108 119 116 113 5 0 0 0 0
112 108 103 100 104 106 114 113 108 126 116 103 6 0 0 0 0
128 120 103 107 110 108 112 110 116 909 727 105 7 0 0 0 0
128 123 110 112 116 114 114 110 104 601 460 109 8 0 0 0 0
128 115 113 107 109 114 112 114 100 240 162 112 9 0 0 0 0
128 133 116 109 110 110 115 112 159 1282 815 114 10 0 0 0 0
112 121 109 107 103 104 106 103 95 528 369 15000 11 0 0 0 0
Chip#1
111 108 111 117 121 114 132 124 107 107 107 105 0 0 192 107 66
152 143 129 228 239 168 411 415 134 141 147 108 1 0 0 0 0
146 137 124 228 242 168 423 415 136 147 163 106 2 0 0 0 0
111 107 112 124 131 113 186 191 109 113 131 105 3 0 0 0 0
166 151 128 237 232 200 927 939 180 138 147 109 4 0 0 0 0
162 140 123 209 221 200 951 940 196 150 163 108 5 0 0 0 0
137 124 114 117 122 119 178 178 113 145 147 102 6 0 0 0 0
247 242 142 158 164 127 167 178 196 720 659 141 7 0 0 0 0
222 207 125 150 164 123 163 178 196 747 705 147 8 0 0 0 0
152 144 125 122 119 119 125 118 125 257 212 112 9 0 0 0 0
250 246 144 144 143 130 174 175 244 744 571 132 10 0 0 0 0
217 203 126 134 131 123 168 175 228 709 600 15000 11 0 0 0 0
Chip#2
112 104 106 102 101 103 105 100 99 105 106 105 0 0 192 107 66
128 109 107 108 113 104 190 194 100 107 105 104 1 0 0 0 0
128 114 112 119 124 111 311 287 100 114 112 109 2 0 0 0 0
112 104 104 103 100 104 123 120 99 105 100 105 3 0 0 0 0
128 113 109 114 119 116 802 852 100 113 110 109 4 0 0 0 0
112 107 103 115 124 119 960 982 99 111 106 107 5 0 0 0 0
128 113 112 114 114 115 120 119 98 129 120 113 6 0 0 0 0
128 126 113 116 111 115 119 115 120 912 709 115 7 0 0 0 0
128 123 108 111 115 116 118 109 106 598 455 113 8 0 0 0 0
128 113 112 107 104 111 114 109 98 240 163 109 9 0 0 0 0
128 135 115 113 115 111 121 116 160 1283 819 121 10 0 0 0 0
128 120 112 105 106 105 110 104 101 530 371 15000 11 0 0 0 0
Chip#1
108 106 107 112 117 107 122 126 106 103 100 100 0 0 64 109 66
145 132 119 228 229 137 404 415 125 140 147 102 1 0 0 0 0
141 134 119 211 237 168 418 415 135 147 163 103 2 0 0 0 0
132 112 120 130 139 121 190 197 112 114 111 108 3 0 0 0 0
164 145 126 237 233 200 917 889 196 140 147 103 4 0 0 0 0
163 140 129 210 220 200 946 936 196 148 147 113 5 0 0 0 0
143 128 120 124 122 121 183 182 116 152 163 112 6 0 0 0 0
236 224 129 142 147 115 157 183 180 707 643 135 7 0 0 0 0
225 209 136 153 164 128 169 182 196 748 713 151 8 0 0 0 0
143 130 115 112 114 106 112 112 114 246 198 103 9 0 0 0 0
244 240 144 140 171 125 172 175 244 740 565 125 10 0 0 0 0
218 201 129 130 127 120 165 175 212 713 596 15000 11 0 0 0 0
Chip#2
112 101 102 100 98 100 97 101 88 107 103 104 0 0 64 109 66
128 117 112 113 118 110 189 194 149 114 111 114 1 0 0 0 0
128 112 108 116 125 111 308 283 149 114 112 109 2 0 0 0 0
112 114 113 108 108 115 130 129 88 113 104 110 3 0 0 0 0
112 115 107 115 119 116 805 851 98 113 111 105 4 0 0 0 0
112 115 114 120 131 125 964 988 101 113 114 110 5 0 0 0 0
112 115 109 115 116 119 125 118 94 131 125 116 6 0 0 0 0
112 123 112 107 110 109 114 112 116 910 702 107 7 0 0 0 0
128 121 109 112 113 113 111 109 100 603 463 108 8 0 0 0 0
112 107 100 102 100 102 106 99 99 232 154 105 9 0 0 0 0
128 130 113 108 108 106 107 112 155 1279 813 109 10 0 0 0 0
112 120 106 100 104 100 101 104 96 528 369 15000 11 0 0 0 0
Chip#1
115 114 116 122 127 117 132 133 110 114 115 106 0 0 64 110 66
152 140 126 237 238 168 411 431 133 145 163 109 1 0 0 0 0
147 143 131 228 248 168 427 415 139 151 163 111 2 0 0 0 0
109 101 112 121 128 109 186 191 106 109 104 96 3 0 0 0 0
166 147 125 237 234 200 921 892 196 140 163 106 4 0 0 0 0
163 145 124 209 220 200 946 939 196 145 163 111 5 0 0 0 0
121 117 107 116 115 115 173 176 110 145 131 100 6 0 0 0 0
258 242 140 162 166 131 170 176 212 723 659 146 7 0 0 0 0
224 207 129 150 147 122 165 177 196 745 708 148 8 0 0 0 0
141 132 111 111 109 107 111 112 114 247 197 106 9 0 0 0 0
243 235 136 138 132 116 163 159 228 732 560 119 10 0 0 0 0
222 207 130 133 133 119 167 159 212 711 595 15000 11 0 0 0 0
Chip#2
128 106 107 107 108 108 105 106 102 109 109 114 0 0 192 110 66
128 111 112 113 115 111 190 194 102 108 114 112 1 0 0 0 0
128 118 104 119 122 111 308 289 102 109 111 104 2 0 0 0 0
112 117 107 112 109 113 129 127 102 112 106 114 3 0 0 0 0
112 114 108 114 119 116 805 851 101 114 112 107 4 0 0 0 0
112 106 108 119 125 115 959 982 101 113 108 104 5 0 0 0 0
112 108 108 113 113 111 123 116 101 129 121 110 6 0 0 0 0
112 127 112 114 114 114 119 118 120 911 708 113 7 0 0 0 0
128 118 107 109 113 106 114 112 100 593 456 108 8 0 0 0 0
112 111 102 104 104 108 107 106 97 236 160 108 9 0 0 0 0
128 132 114 112 113 111 114 118 157 1274 811 114 10 0 0 0 0
128 117 106 102 105 104 105 104 101 528 370 15000 11 0 0 0 0
Chip#1
111 110 116 123 125 115 130 127 109 114 109 107 0 0 192 111 66
151 144 126 228 236 168 406 415 134 146 147 111 1 0 0 0 0
149 145 135 228 248 184 428 431 164 155 163 112 2 0 0 0 0
112 110 115 132 135 119 192 193 112 115 131 103 3 0 0 0 0
166 150 129 237 233 200 915 891 196 142 147 109 4 0 0 0 0
164 146 133 215 226 184 948 937 196 152 147 113 5 0 0 0 0
143 130 122 122 121 120 183 181 121 155 163 107 6 0 0 0 0
253 239 143 158 164 129 169 181 196 726 643 146 7 0 0 0 0
227 207 134 149 164 125 167 181 196 744 707 147 8 0 0 0 0
147 135 119 118 114 111 121 109 120 254 206 103 9 0 0 0 0
243 239 138 138 134 116 169 175 244 728 563 122 10 0 0 0 0
219 202 129 132 132 115 164 175 228 710 594 15000 11 0 0 0 0
Chip#2
112 103 100 94 101 102 101 101 110 102 104 107 0 0 192 111 66
128 111 109 112 114 109 187 194 110 111 110 109 1 0 0 0 0
128 114 109 120 123 116 314 287 110 112 115 108 2 0 0 0 0
112 108 104 107 104 106 118 120 110 108 104 104 3 0 0 0 0
128 118 109 120 128 117 802 844 104 117 116 114 4 0 0 0 0
128 117 112 120 127 121 962 980 97 112 112 110 5 0 0 0 0
112 108 109 110 115 117 119 115 97 127 117 107 6 0 0 0 0
112 118 106 108 109 109 107 108 113 900 697 104 7 0 0 0 0
128 120 107 114 115 115 118 112 102 592 464 108 8 0 0 0 0
112 108 108 103 106 109 105 106 102 240 155 110 9 0 0 0 0
128 126 113 105 113 109 107 109 151 1266 811 115 10 0 0 0 0
128 119 106 107 105 103 103 106 104 524 366 15000 11 0 0 0 0
Chip#1
110 104 107 116 119 109 124 125 113 107 105 103 0 0 0 113 66
148 135 126 228 229 168 401 402 135 141 147 109 1 0 0 0 0
138 128 121 209 229 140 400 391 132 145 147 101 2 0 0 0 0
113 109 117 132 137 115 184 192 109 112 111 99 3 0 0 0 0
162 140 125 228 223 184 903 881 180 137 147 108 4 0 0 0 0
162 140 128 210 217 200 932 923 196 146 163 114 5 0 0 0 0
144 124 116 123 127 122 173 177 118 151 147 108 6 0 0 0 0
240 228 138 155 164 128 158 177 196 702 643 144 7 0 0 0 0
218 206 129 147 164 127 158 178 196 731 694 148 8 0 0 0 0
149 132 117 118 121 114 117 115 121 247 208 108 9 0 0 0 0
237 230 140 138 135 119 165 159 244 726 560 124 10 0 0 0 0
214 200 128 130 131 121 161 159 228 692 586 15000 11 0 0 0 0
Chip#2
112 107 108 110 109 108 106 107 101 113 108 114 0 0 0 113 66
128 106 109 112 115 104 187 194 101 108 109 110 1 0 0 0 0
112 112 110 115 125 110 305 284 101 108 109 108 2 0 0 0 0
128 112 113 111 111 109 128 130 101 113 109 110 3 0 0 0 0
112 108 103 115 116 114 793 841 96 111 109 107 4 0 0 0 0
128 114 103 116 123 120 952 975 96 109 112 105 5 0 0 0 0
112 105 103 109 110 106 116 114 95 128 121 110 6 0 0 0 0
128 130 115 115 116 114 116 114 121 910 709 112 7 0 0 0 0
128 125 114 113 116 114 119 115 104 597 461 113 8 0 0 0 0
112 103 104 102 104 105 103 103 104 235 157 108 9 0 0 0 0
128 130 112 108 108 109 110 110 153 1266 811 115 10 0 0 0 0
112 120 110 109 105 104 109 104 101 524 372 15000 11 0 0 0 0
Chip#1
110 109 110 117 117 105 128 127 107 105 106 102 0 0 64 114 66
150 138 128 228 238 168 415 415 133 141 147 108 1 0 0 0 0
140 132 122 210 238 168 418 415 136 143 163 107 2 0 0 0 0
116 110 117 132 133 120 186 189 118 113 112 105 3 0 0 0 0
165 143 126 228 236 184 905 882 180 137 147 106 4 0 0 0 0
161 135 121 205 218 184 929 923 196 143 147 106 5 0 0 0 0
118 120 111 118 118 114 173 178 113 148 147 101 6 0 0 0 0
244 235 136 152 164 124 164 179 196 713 643 139 7 0 0 0 0
224 207 129 152 164 120 172 178 212 747 708 146 8 0 0 0 0
148 138 121 125 119 117 122 116 123 252 208 111 9 0 0 0 0
243 237 138 142 137 124 170 175 244 732 562 124 10 0 0 0 0
219 204 131 130 132 121 172 175 228 704 590 15000 11 0 0 0 0
Chip#2
112 102 100 102 98 104 102 98 88 105 103 105 0 0 0 115 66
112 114 108 115 115 109 194 194 88 114 114 110 1 0 0 0 0
112 113 106 123 125 109 306 281 88 108 112 109 2 0 0 0 0
128 113 109 110 114 113 128 126 88 108 110 108 3 0 0 0 0
112 114 107 114 120 116 802 844 102 113 110 107 4 0 0 0 0
112 117 109 119 130 123 957 980 102 111 110 112 5 0 0 0 0
112 108 108 112 111 116 118 117 102 129 122 107 6 0 0 0 0
112 121 112 116 119 111 120 115 117 908 704 113 7 0 0 0 0
128 125 110 118 123 116 118 114 105 598 463 114 8 0 0 0 0
128 113 109 109 109 111 109 106 100 245 160 110 9 0 0 0 0
112 130 110 110 110 104 115 112 152 1274 808 113 10 0 0 0 0
128 117 104 104 104 104 104 103 97 519 365 15000 11 0 0 0 0
Chip#1
100 100 107 113 119 104 119 122 104 95 94 96 0 0 192 115 66
152 144 128 237 243 168 406 415 139 146 163 112 1 0 0 0 0
141 136 119 213 242 145 417 407 135 151 147 106 2 0 0 0 0
111 105 112 130 136 113 183 194 116 114 112 103 3 0 0 0 0
165 144 125 237 229 184 910 880 180 137 147 103 4 0 0 0 0
153 134 116 205 215 184 929 927 180 141 147 103 5 0 0 0 0
146 125 119 127 128 122 181 184 119 153 147 107 6 0 0 0 0
245 231 135 155 164 123 159 186 180 714 635 134 7 0 0 0 0
222 206 125 149 164 122 167 184 212 745 702 151 8 0 0 0 0
147 134 121 122 122 113 125 118 121 249 206 111 9 0 0 0 0
242 237 140 139 138 116 168 159 244 727 559 125 10 0 0 0 0
213 200 128 130 130 116 163 175 228 701 585 15000 11 0 0 0 0
Chip#2
112 102 101 102 104 99 98 103 104 107 103 105 0 0 192 115 66
128 106 103 108 115 103 188 194 104 112 110 114 1 0 0 0 0
128 120 113 120 127 114 308 284 104 115 109 109 2 0 0 0 0
112 104 106 102 104 106 119 119 104 104 97 103 3 0 0 0 0
128 107 106 110 111 111 792 834 104 109 109 108 4 0 0 0 0
128 115 116 119 125 120 959 979 100 113 111 110 5 0 0 0 0
112 110 112 113 113 117 123 121 99 128 122 113 6 0 0 0 0
128 126 115 115 111 114 118 114 120 905 706 112 7 0 0 0 0
128 125 113 109 121 111 112 113 105 596 463 118 8 0 0 0 0
128 114 113 108 110 113 112 114 101 240 166 119 9 0 0 0 0
112 130 115 108 110 109 112 113 155 1265 810 113 10 0 0 0 0
128 129 118 114 115 116 112 116 110 530 372 15000 11 0 0 0 0
Chip#1
110 102 110 118 120 109 127 129 107 110 104 101 0 0 0 117 66
152 139 128 237 234 168 411 415 134 142 163 109 1 0 0 0 0
145 142 128 228 243 184 418 415 164 150 163 107 2 0 0 0 0
140 117 123 136 164 125 197 199 121 122 147 114 3 0 0 0 0
172 179 131 239 235 189 908 886 196 143 163 112 4 0 0 0 0
165 143 128 211 225 189 942 924 196 153 163 112 5 0 0 0 0
145 128 121 127 126 125 186 184 120 156 147 111 6 0 0 0 0
244 229 136 150 164 128 164 184 196 705 643 140 7 0 0 0 0
219 201 125 144 164 117 159 184 196 728 696 141 8 0 0 0 0
152 136 121 119 119 119 120 119 121 249 207 109 9 0 0 0 0
238 231 137 133 127 116 159 175 244 719 554 120 10 0 0 0 0
228 209 130 138 138 128 173 175 228 707 596 15000 11 0 0 0 0
Chip#2
112 107 106 103 106 100 103 102 101 105 103 105 0 0 0 117 66
112 109 106 107 114 104 184 194 101 107 104 104 1 0 0 0 0
112 113 103 113 123 105 302 283 101 112 108 102 2 0 0 0 0
112 108 108 105 106 105 124 126 101 107 104 107 3 0 0 0 0
112 113 107 110 120 110 798 841 98 112 110 105 4 0 0 0 0
128 114 106 116 122 122 951 975 97 112 109 107 5 0 0 0 0
112 106 104 105 109 110 114 115 97 126 116 105 6 0 0 0 0
128 126 110 113 114 108 114 115 118 903 702 113 7 0 0 0 0
128 123 110 104 114 111 118 113 97 597 457 109 8 0 0 0 0
112 119 112 115 110 115 112 112 101 244 165 112 9 0 0 0 0
128 131 112 108 106 106 115 112 156 1263 801 117 10 0 0 0 0
112 123 109 99 109 105 107 106 98 519 368 15000 11 0 0 0 0
Chip#1
112 106 110 115 121 105 124 122 102 102 100 96 0 0 192 117 66
153 140 124 212 238 144 408 400 132 141 147 103 1 0 0 0 0
144 137 124 213 239 168 415 415 132 151 163 109 2 0 0 0 0
113 109 119 129 139 117 193 194 112 113 112 105 3 0 0 0 0
165 146 128 237 235 200 906 881 196 140 163 107 4 0 0 0 0
161 136 124 205 218 200 932 927 196 141 147 105 5 0 0 0 0
138 123 115 118 118 119 175 176 113 148 147 103 6 0 0 0 0
243 231 133 152 164 122 159 176 212 701 643 134 7 0 0 0 0
219 200 122 142 146 122 161 177 196 729 696 145 8 0 0 0 0
153 139 125 119 125 123 130 123 123 254 212 117 9 0 0 0 0
243 232 139 142 137 120 170 175 228 726 556 125 10 0 0 0 0
221 204 128 134 133 123 168 159 212 701 589 15000 11 0 0 0 0
Chip#2
112 107 106 105 109 103 101 104 102 107 104 108 0 0 192 117 66
128 111 109 112 118 104 189 194 102 112 111 112 1 0 0 0 0
128 112 106 120 120 114 303 282 102 115 115 107 2 0 0 0 0
112 108 109 103 108 105 120 120 102 104 103 105 3 0 0 0 0
112 108 107 110 114 108 788 838 95 111 106 104 4 0 0 0 0
112 118 112 121 131 121 957 983 101 117 111 113 5 0 0 0 0
112 107 107 108 113 114 120 115 101 129 120 109 6 0 0 0 0
128 120 108 112 111 108 111 113 117 898 694 104 7 0 0 0 0
128 117 104 109 114 110 111 106 98 591 455 108 8 0 0 0 0
112 108 104 110 113 109 110 108 97 236 160 113 9 0 0 0 0
112 129 114 113 115 111 120 115 156 1266 811 118 10 0 0 0 0
128 118 109 109 103 102 103 102 97 521 363 15000 11 0 0 0 0
Chip#1
112 109 115 123 122 117 132 129 110 112 114 106 0 0 128 119 66
159 147 134 237 244 168 412 415 164 147 163 117 1 0 0 0 0
150 142 129 228 243 168 422 415 164 155 163 113 2 0 0 0 0
135 107 112 134 134 119 190 193 114 112 131 101 3 0 0 0 0
162 144 124 228 227 184 904 870 180 136 147 101 4 0 0 0 0
166 138 128 215 221 200 935 926 196 153 163 112 5 0 0 0 0
145 124 116 124 121 121 179 180 119 153 147 107 6 0 0 0 0
244 234 130 152 164 123 163 179 196 707 631 138 7 0 0 0 0
219 203 125 152 147 122 163 179 196 729 699 147 8 0 0 0 0
147 134 119 121 120 116 126 117 120 249 206 109 9 0 0 0 0
238 232 138 134 131 117 163 159 228 719 555 118 10 0 0 0 0
215 200 122 134 132 124 169 159 212 696 589 15000 11 0 0 0 0
Chip#2
112 102 104 100 99 103 103 98 98 102 106 107 0 0 128 119 66
112 102 101 102 108 99 181 178 98 102 106 104 1 0 0 0 0
112 108 103 110 119 100 298 282 98 108 106 102 2 0 0 0 0
112 113 112 107 108 113 129 127 98 109 105 109 3 0 0 0 0
128 111 104 111 114 119 797 838 96 112 109 108 4 0 0 0 0
128 115 110 116 127 123 956 983 102 112 111 107 5 0 0 0 0
112 108 109 110 108 113 120 120 102 127 120 109 6 0 0 0 0
128 130 114 113 118 115 115 121 120 899 700 115 7 0 0 0 0
128 125 112 114 115 113 115 112 109 596 455 110 8 0 0 0 0
112 111 107 102 106 108 106 104 109 235 158 109 9 0 0 0 0
128 123 109 103 110 109 106 108 153 1259 803 110 10 0 0 0 0
112 123 112 109 109 105 109 106 104 517 371 15000 11 0 0 0 0
Chip#1
109 104 116 116 119 111 126 122 104 105 106 100 0 0 192 120 66
147 143 126 228 230 168 405 415 131 140 147 105 1 0 0 0 0
143 135 121 211 234 168 415 397 132 143 147 103 2 0 0 0 0
115 109 115 127 134 116 184 194 112 114 115 102 3 0 0 0 0
164 142 121 237 225 184 900 872 180 133 147 102 4 0 0 0 0
168 139 130 214 227 200 932 924 196 150 163 111 5 0 0 0 0
147 128 123 127 125 125 183 181 116 152 163 108 6 0 0 0 0
257 245 143 164 164 131 172 181 196 711 643 147 7 0 0 0 0
214 203 122 149 146 117 157 182 180 732 694 141 8 0 0 0 0
156 137 121 128 119 120 122 117 122 254 211 113 9 0 0 0 0
249 237 143 145 140 124 177 175 244 728 560 127 10 0 0 0 0
231 208 136 141 171 127 180 176 228 711 595 15000 11 0 0 0 0
Chip#2
128 111 110 110 109 109 110 108 97 109 112 109 0 0 192 120 66
112 108 107 114 114 106 190 194 97 113 111 104 1 0 0 0 0
112 108 101 116 123 110 303 283 97 114 106 102 2 0 0 0 0
128 113 112 110 113 110 128 126 97 114 108 108 3 0 0 0 0
112 105 101 109 118 110 793 834 97 111 106 103 4 0 0 0 0
112 114 106 119 130 117 957 978 97 118 112 104 5 0 0 0 0
112 114 110 112 116 120 121 120 98 131 125 110 6 0 0 0 0
112 120 108 107 114 111 109 113 109 904 696 107 7 0 0 0 0
112 124 109 114 116 113 116 112 106 598 459 112 8 0 0 0 0
128 115 109 113 113 115 115 113 100 244 165 114 9 0 0 0 0
112 127 107 107 105 100 106 106 147 1252 799 110 10 0 0 0 0
128 115 104 107 104 98 105 102 147 519 370 15000 11 0 0 0 0
Chip#1
135 112 117 123 127 119 132 159 118 113 131 111 0 0 0 122 66
155 140 134 228 239 168 405 415 133 148 147 111 1 0 0 0 0
146 140 133 228 239 168 415 415 164 153 163 115 2 0 0 0 0
115 110 117 127 134 116 190 194 115 114 114 108 3 0 0 0 0
162 140 119 237 224 184 890 870 180 133 147 99 4 0 0 0 0
164 140 122 209 220 184 921 901 180 147 147 105 5 0 0 0 0
152 131 128 132 133 130 185 188 121 160 163 115 6 0 0 0 0
244 229 131 147 164 123 161 159 180 699 631 139 7 0 0 0 0
228 204 133 153 164 123 167 188 212 735 688 151 8 0 0 0 0
148 135 117 117 115 117 120 116 121 249 203 111 9 0 0 0 0
244 237 140 138 139 117 165 175 244 719 559 126 10 0 0 0 0
221 206 126 135 132 119 163 159 228 693 578 15000 11 0 0 0 0
Chip#2
112 114 113 112 110 116 109 109 98 114 115 113 0 0 192 122 66
128 108 103 105 113 108 188 194 98 109 108 108 1 0 0 0 0
112 117 107 119 125 113 305 280 98 115 116 112 2 0 0 0 0
112 109 104 108 109 109 120 121 98 109 105 110 3 0 0 0 0
128 111 104 114 118 114 792 837 98 109 109 110 4 0 0 0 0
128 115 108 116 129 125 952 975 97 113 115 109 5 0 0 0 0
112 111 110 109 113 119 119 116 97 131 122 112 6 0 0 0 0
128 125 114 116 122 117 118 118 117 896 700 112 7 0 0 0 0
128 123 107 116 113 114 114 110 102 591 459 109 8 0 0 0 0
128 112 104 107 110 117 110 109 93 239 162 110 9 0 0 0 0
112 127 109 107 104 108 112 114 152 1252 798 112 10 0 0 0 0
128 126 113 108 113 110 111 113 104 527 371 15000 11 0 0 0 0
Chip#1
109 101 110 113 120 107 125 122 106 105 102 99 0 0 64 123 66
145 135 120 211 231 168 393 415 123 134 147 101 1 0 0 0 0
151 143 128 215 239 168 415 415 164 151 163 111 2 0 0 0 0
132 110 117 128 139 116 188 193 113 113 131 102 3 0 0 0 0
170 144 128 237 230 184 896 873 180 143 147 109 4 0 0 0 0
162 139 125 208 223 184 921 899 180 145 147 107 5 0 0 0 0
144 125 117 125 127 123 180 180 116 151 147 106 6 0 0 0 0
245 226 130 150 164 124 163 179 196 701 643 133 7 0 0 0 0
218 200 128 142 146 121 158 181 180 722 686 141 8 0 0 0 0
146 131 110 115 114 108 119 114 116 241 199 108 9 0 0 0 0
244 236 144 145 144 122 174 175 244 723 560 128 10 0 0 0 0
221 207 131 139 137 121 168 175 212 692 579 15000 11 0 0 0 0
Chip#2
128 109 102 100 109 102 102 101 104 105 105 107 0 0 64 123 66
128 105 106 110 114 103 190 194 104 107 106 110 1 0 0 0 0
112 115 108 118 125 113 305 285 104 117 115 108 2 0 0 0 0
128 111 108 107 115 113 127 124 104 109 109 110 3 0 0 0 0
128 112 109 113 118 114 794 842 98 111 114 107 4 0 0 0 0
128 119 113 126 133 127 955 979 105 118 120 112 5 0 0 0 0
112 114 110 113 121 115 128 125 100 135 128 113 6 0 0 0 0
112 124 112 113 119 111 116 116 117 899 700 115 7 0 0 0 0
128 125 107 109 118 113 114 112 102 588 457 110 8 0 0 0 0
128 108 108 107 109 111 111 110 98 239 165 112 9 0 0 0 0
112 126 110 108 103 105 109 110 149 1249 800 112 10 0 0 0 0
128 127 113 111 111 110 112 115 104 529 374 15000 11 0 0 0 0
Chip#1
132 109 111 116 121 111 128 124 112 108 131 105 0 0 128 124 66
153 140 124 228 236 146 401 415 134 140 147 108 1 0 0 0 0
147 140 124 213 238 168 414 415 164 151 163 107 2 0 0 0 0
113 109 115 129 139 116 184 194 110 117 131 101 3 0 0 0 0
165 148 129 237 231 200 898 873 196 138 163 108 4 0 0 0 0
165 142 128 210 225 200 922 901 196 151 163 112 5 0 0 0 0
144 123 115 123 127 122 177 177 110 148 163 106 6 0 0 0 0
246 235 135 150 164 125 168 177 196 702 630 139 7 0 0 0 0
218 202 128 142 143 122 165 178 196 720 686 144 8 0 0 0 0
146 134 115 115 118 112 120 115 120 239 202 106 9 0 0 0 0
244 230 138 140 137 121 167 159 244 717 554 125 10 0 0 0 0
220 204 131 133 132 120 164 175 228 692 584 15000 11 0 0 0 0
Chip#2
112 108 107 102 101 99 106 101 88 107 108 108 0 0 128 124 66
112 101 100 100 109 96 183 178 88 104 105 99 1 0 0 0 0
112 117 109 115 121 111 305 282 94 112 110 104 2 0 0 0 0
112 108 102 104 106 106 119 121 94 104 106 103 3 0 0 0 0
112 106 107 108 118 106 788 835 94 111 111 104 4 0 0 0 0
128 119 119 125 128 127 956 981 102 121 121 110 5 0 0 0 0
112 112 108 113 113 115 124 120 102 131 123 114 6 0 0 0 0
112 125 108 107 113 106 111 109 113 896 693 105 7 0 0 0 0
112 126 112 114 116 117 118 113 106 597 439 112 8 0 0 0 0
128 124 116 113 116 116 119 115 102 240 172 113 9 0 0 0 0
128 127 109 105 106 106 112 110 152 1255 795 109 10 0 0 0 0
112 121 104 104 104 105 107 103 95 512 366 15000 11 0 0 0 0
Chip#1
113 105 112 118 120 109 130 125 107 107 107 108 0 0 0 126 66
155 145 133 228 240 168 406 415 136 145 147 115 1 0 0 0 0
144 137 119 211 237 168 411 398 134 143 163 105 2 0 0 0 0
119 107 116 129 133 115 186 194 113 118 114 105 3 0 0 0 0
172 148 138 237 237 200 900 873 180 142 147 113 4 0 0 0 0
157 130 121 202 211 184 911 893 180 141 147 103 5 0 0 0 0
139 127 119 122 124 120 175 178 116 151 147 107 6 0 0 0 0
239 226 126 145 164 117 153 179 180 686 620 131 7 0 0 0 0
224 208 131 152 164 128 167 178 196 728 694 148 8 0 0 0 0
147 130 117 115 117 111 116 116 112 244 201 103 9 0 0 0 0
244 241 143 142 145 121 175 175 244 721 553 125 10 0 0 0 0
215 197 121 125 126 116 164 175 228 686 577 15000 11 0 0 0 0
Chip#2
112 115 112 109 110 114 109 112 97 114 116 114 0 0 128 126 66
112 111 109 110 118 109 185 194 97 109 114 109 1 0 0 0 0
128 115 107 118 125 113 303 281 97 113 117 109 2 0 0 0 0
128 113 112 110 114 114 129 126 97 111 111 109 3 0 0 0 0
112 107 103 110 110 108 791 837 97 109 109 104 4 0 0 0 0
112 114 110 116 126 122 950 973 97 113 121 105 5 0 0 0 0
112 105 106 104 105 113 112 113 97 127 120 104 6 0 0 0 0
128 130 114 116 116 115 119 116 121 892 704 110 7 0 0 0 0
112 119 101 103 108 109 109 107 121 584 452 103 8 0 0 0 0
112 103 106 105 104 105 105 103 121 232 157 102 9 0 0 0 0
128 126 106 107 103 109 111 107 149 1248 802 110 10 0 0 0 0
128 121 107 105 106 103 107 104 98 515 369 15000 11 0 0 0 0
Chip#1
134 114 117 121 126 117 130 131 113 112 112 111 0 0 64 127 66
145 136 124 216 229 168 398 397 128 132 147 102 1 0 0 0 0
145 139 125 214 238 168 408 393 131 151 163 105 2 0 0 0 0
132 110 115 130 137 116 184 193 106 114 131 106 3 0 0 0 0
168 150 131 237 231 184 897 869 180 143 147 109 4 0 0 0 0
165 143 126 213 219 184 923 898 180 151 147 111 5 0 0 0 0
145 131 121 125 128 124 184 184 122 155 163 105 6 0 0 0 0
244 232 134 150 164 124 162 184 196 697 628 139 7 0 0 0 0
211 201 121 136 164 118 156 184 196 719 679 140 8 0 0 0 0
151 139 126 118 116 119 124 116 119 248 202 109 9 0 0 0 0
242 232 136 140 137 124 168 159 228 715 548 125 10 0 0 0 0
217 201 126 130 130 121 165 159 212 689 573 15000 11 0 0 0 0
Chip#2
112 104 108 105 104 108 106 113 88 104 105 108 0 0 64 127 66
128 107 104 104 104 104 182 194 104 106 108 105 1 0 0 0 0
112 113 102 115 125 110 303 283 88 114 110 107 2 0 0 0 0
112 111 108 116 111 109 128 125 88 111 111 109 3 0 0 0 0
112 111 104 105 115 114 792 834 88 111 109 103 4 0 0 0 0
128 109 109 119 126 117 954 974 97 109 112 105 5 0 0 0 0
112 108 108 105 111 111 116 115 97 128 123 108 6 0 0 0 0
128 125 108 114 113 114 118 113 118 896 692 112 7 0 0 0 0
128 121 110 112 118 114 116 113 108 588 457 113 8 0 0 0 0
128 109 110 110 110 109 111 104 108 235 162 113 9 0 0 0 0
128 131 112 109 105 106 111 107 151 1243 793 113 10 0 0 0 0
112 120 106 103 104 104 106 104 98 516 366 15000 11 0 0 0 0
Chip#1
108 105 107 117 119 112 125 124 108 107 109 100 0 0 64 128 66
147 137 124 216 230 168 396 394 129 140 147 103 1 0 0 0 0
144 136 119 210 234 168 404 393 133 145 163 102 2 0 0 0 0
132 110 114 130 135 121 186 192 113 109 106 106 3 0 0 0 0
171 150 134 237 232 200 888 866 196 142 147 114 4 0 0 0 0
163 138 121 209 217 184 908 887 180 145 147 106 5 0 0 0 0
146 132 122 128 128 128 179 178 122 153 163 112 6 0 0 0 0
245 236 138 157 164 129 164 178 196 697 629 141 7 0 0 0 0
224 202 125 152 164 122 159 178 196 719 687 144 8 0 0 0 0
152 138 125 124 122 122 124 116 123 251 208 111 9 0 0 0 0
246 243 148 142 140 129 169 175 244 717 550 130 10 0 0 0 0
214 200 128 130 132 122 163 159 212 684 579 15000 11 0 0 0 0
Chip#2
112 106 101 103 101 100 101 98 88 105 105 107 0 0 64 128 66
112 113 113 112 116 111 188 178 88 115 112 110 1 0 0 0 0
112 113 108 116 126 109 302 279 88 109 110 108 2 0 0 0 0
112 106 104 100 106 104 121 116 88 105 100 105 3 0 0 0 0
112 109 102 110 116 113 789 835 104 106 105 103 4 0 0 0 0
128 123 110 120 128 126 945 976 100 117 116 112 5 0 0 0 0
128 109 108 110 114 111 121 114 100 127 123 104 6 0 0 0 0
112 118 101 102 108 109 105 107 109 888 684 105 7 0 0 0 0
112 119 113 108 111 113 111 109 101 586 459 109 8 0 0 0 0
112 114 109 105 106 106 109 108 98 233 161 109 9 0 0 0 0
128 131 118 109 109 109 112 109 151 1236 799 110 10 0 0 0 0
128 126 110 104 110 106 109 108 101 519 368 15000 11 0 0 0 0
Chip#1
109 113 112 118 124 109 124 122 109 102 102 101 0 0 224 128 66
153 147 130 237 239 168 404 415 136 142 147 113 1 0 0 0 0
146 146 128 216 240 168 410 399 144 148 163 111 2 0 0 0 0
112 110 110 127 130 112 185 188 110 108 104 102 3 0 0 0 0
162 149 124 228 223 184 887 859 180 137 131 105 4 0 0 0 0
159 139 122 210 214 184 915 891 180 146 131 106 5 0 0 0 0
141 124 112 123 124 117 174 177 114 148 147 103 6 0 0 0 0
246 231 135 155 164 128 164 177 196 692 628 138 7 0 0 0 0
220 201 124 146 164 119 164 177 196 719 685 146 8 0 0 0 0
155 144 121 123 122 120 127 126 126 251 202 117 9 0 0 0 0
244 236 139 140 138 116 169 175 228 714 548 122 10 0 0 0 0
212 204 124 129 126 117 159 159 212 679 571 15000 11 0 0 0 0
Chip#2
128 107 106 104 103 103 101 103 96 106 105 107 0 0 224 128 66
128 105 102 103 108 104 185 194 96 106 106 104 1 0 0 0 0
128 120 114 124 127 117 305 281 96 113 116 113 2 0 0 0 0
112 113 112 110 109 110 128 121 95 109 103 110 3 0 0 0 0
128 109 108 114 118 115 792 832 100 111 110 108 4 0 0 0 0
128 113 106 116 122 116 945 964 100 105 111 105 5 0 0 0 0
112 106 102 104 108 105 112 109 99 122 117 104 6 0 0 0 0
128 126 114 110 111 108 115 110 113 888 692 112 7 0 0 0 0
128 123 108 113 111 116 119 109 102 585 458 109 8 0 0 0 0
128 118 112 110 108 113 115 109 98 239 163 114 9 0 0 0 0
128 129 112 103 106 104 110 108 152 1239 793 107 10 0 0 0 0
128 120 103 103 104 103 107 101 104 511 363 15000 11 0 0 0 0
Chip#1
113 106 117 115 120 112 126 124 106 107 107 102 0 0 192 129 66
148 137 129 228 233 140 398 395 128 136 147 106 1 0 0 0 0
145 143 126 213 240 168 410 397 164 152 163 111 2 0 0 0 0
121 116 121 138 141 123 190 199 119 119 131 107 3 0 0 0 0
166 148 128 237 233 200 889 858 196 142 147 107 4 0 0 0 0
157 137 120 207 213 184 903 879 180 142 147 105 5 0 0 0 0
143 122 115 122 122 121 174 175 110 146 147 106 6 0 0 0 0
243 225 134 151 164 124 157 159 180 693 623 127 7 0 0 0 0
219 206 125 152 164 124 165 159 196 714 679 146 8 0 0 0 0
145 139 119 121 118 114 120 117 119 243 206 108 9 0 0 0 0
246 245 148 144 145 131 174 175 244 719 553 128 10 0 0 0 0
221 206 134 138 134 127 170 159 212 690 579 15000 11 0 0 0 0
Chip#2
112 101 103 102 104 103 106 100 101 104 103 107 0 0 192 129 66
112 106 106 107 111 104 183 194 101 106 106 104 1 0 0 0 0
112 112 102 116 124 108 297 274 101 113 111 108 2 0 0 0 0
128 108 109 104 111 105 129 121 101 109 108 109 3 0 0 0 0
112 103 102 103 111 102 781 825 101 102 106 102 4 0 0 0 0
112 113 109 116 125 119 946 969 98 111 115 107 5 0 0 0 0
128 112 110 110 120 116 121 119 98 128 128 112 6 0 0 0 0
112 125 109 114 115 113 112 112 116 889 692 109 7 0 0 0 0
128 124 112 112 119 115 114 113 105 582 453 114 8 0 0 0 0
128 113 116 105 110 114 114 113 97 235 161 114 9 0 0 0 0
128 135 116 116 116 111 118 119 160 1244 798 117 10 0 0 0 0
112 119 112 104 106 105 103 106 99 506 369 15000 11 0 0 0 0
Chip#1
112 106 116 117 122 112 125 125 108 109 111 105 0 0 96 130 66
147 139 126 237 237 168 400 415 164 137 163 109 1 0 0 0 0
141 140 119 210 237 168 405 391 133 150 163 108 2 0 0 0 0
132 115 114 132 137 120 185 194 113 118 131 107 3 0 0 0 0
172 148 131 237 233 184 886 861 180 142 147 111 4 0 0 0 0
163 142 125 205 214 184 908 884 180 143 147 113 5 0 0 0 0
141 125 114 119 121 123 173 176 116 148 147 107 6 0 0 0 0
246 229 133 151 152 124 158 177 180 691 622 139 7 0 0 0 0
218 200 119 145 143 116 153 177 196 716 681 140 8 0 0 0 0
153 143 124 123 116 120 124 119 118 252 208 114 9 0 0 0 0
237 236 138 138 133 121 162 159 228 705 543 118 10 0 0 0 0
215 198 125 134 127 121 163 159 212 685 573 15000 11 0 0 0 0
Chip#2
112 100 97 95 98 93 100 96 97 98 100 99 0 0 96 130 66
128 114 108 113 118 114 188 194 97 112 109 109 1 0 0 0 0
112 112 107 116 121 108 297 276 97 109 110 107 2 0 0 0 0
112 114 109 108 114 111 125 125 97 107 109 110 3 0 0 0 0
128 111 109 114 118 111 784 835 101 112 110 107 4 0 0 0 0
112 112 108 115 121 115 943 962 101 109 105 100 5 0 0 0 0
112 107 106 112 113 109 116 114 101 125 121 109 6 0 0 0 0
112 119 106 109 106 110 111 109 109 888 688 105 7 0 0 0 0
128 120 107 110 115 106 112 103 98 580 452 104 8 0 0 0 0
112 106 108 110 109 109 109 108 98 236 158 107 9 0 0 0 0
112 126 113 108 109 104 110 108 151 1235 793 109 10 0 0 0 0
128 118 106 112 106 99 107 107 98 511 365 15000 11 0 0 0 0
Chip#1
106 106 107 116 118 107 121 122 103 105 106 98 0 0 224 130 66
155 144 128 228 236 168 401 395 133 142 147 109 1 0 0 0 0
146 140 124 216 239 168 405 415 131 150 163 105 2 0 0 0 0
115 109 112 128 138 114 188 188 110 113 111 106 3 0 0 0 0
170 150 124 237 230 184 887 857 180 138 147 105 4 0 0 0 0
164 142 125 214 224 200 908 885 196 150 163 111 5 0 0 0 0
141 129 117 123 126 122 180 181 118 153 147 108 6 0 0 0 0
236 229 130 147 150 119 156 182 180 686 615 131 7 0 0 0 0
215 201 121 151 146 114 162 182 196 715 680 143 8 0 0 0 0
144 135 114 116 115 112 116 114 114 238 201 109 9 0 0 0 0
240 239 138 141 139 121 168 175 228 709 546 119 10 0 0 0 0
220 202 128 132 131 116 167 175 212 686 574 15000 11 0 0 0 0
Chip#2
128 108 112 112 111 104 109 108 96 111 112 114 0 0 32 131 66
112 109 110 109 115 102 184 194 95 113 111 109 1 0 0 0 0
128 117 113 121 122 113 296 281 96 114 115 110 2 0 0 0 0
112 105 106 107 106 106 124 119 95 106 103 110 3 0 0 0 0
128 117 109 115 123 114 793 838 101 113 111 110 4 0 0 0 0
112 114 112 124 128 122 943 965 98 114 112 109 5 0 0 0 0
112 112 107 110 113 113 118 114 94 129 119 107 6 0 0 0 0
112 121 110 115 113 114 116 110 117 890 691 110 7 0 0 0 0
112 118 103 104 111 104 109 101 97 580 445 105 8 0 0 0 0
112 109 108 104 106 111 110 106 97 236 158 112 9 0 0 0 0
128 133 110 111 111 110 111 112 155 1242 788 112 10 0 0 0 0
128 118 104 100 106 103 105 102 97 505 361 15000 11 0 0 0 0
Chip#1
109 105 115 116 122 115 125 125 106 108 110 107 0 0 128 131 66
150 135 128 214 229 144 389 387 138 142 147 109 1 0 0 0 0
145 136 122 207 230 168 398 383 136 146 163 106 2 0 0 0 0
132 106 115 125 131 114 184 188 112 112 131 103 3 0 0 0 0
158 143 125 228 220 184 869 844 180 133 147 103 4 0 0 0 0
155 136 123 199 213 200 897 868 180 140 163 109 5 0 0 0 0
141 121 116 121 121 120 179 176 116 146 147 105 6 0 0 0 0
239 228 136 152 164 129 158 177 196 675 614 140 7 0 0 0 0
203 193 117 136 139 117 151 177 180 689 643 134 8 0 0 0 0
140 129 111 109 108 106 115 110 108 236 197 98 9 0 0 0 0
233 226 135 134 131 120 156 145 228 695 538 121 10 0 0 0 0
215 195 134 130 133 123 165 159 212 674 570 15000 11 0 0 0 0
Chip#2
112 117 109 109 108 114 109 114 101 114 114 118 0 0 128 131 66
128 111 107 113 114 106 189 194 101 114 111 112 1 0 0 0 0
128 118 110 115 124 115 302 281 102 114 112 113 2 0 0 0 0
112 105 102 104 105 105 123 120 102 107 103 105 3 0 0 0 0
128 108 104 109 113 110 776 835 102 107 108 107 4 0 0 0 0
112 115 107 115 126 119 937 968 102 111 115 104 5 0 0 0 0
112 108 107 107 108 110 118 112 102 124 115 108 6 0 0 0 0
112 124 112 112 114 113 115 112 117 882 687 110 7 0 0 0 0
128 123 114 113 119 116 115 113 108 583 459 113 8 0 0 0 0
112 113 113 107 105 106 110 106 95 235 160 112 9 0 0 0 0
128 126 108 102 110 100 109 108 149 1227 786 108 10 0 0 0 0
128 119 109 109 108 104 111 104 102 511 365 15000 11 0 0 0 0
