Chipdp
84 2 82 2 16 6 4 10 6 11 6 10 7 11 7 4 7 6 8 6 7 7 8 7 4 4 6 5 6 4 7 5 7 4 1 6 2 6 1 7 2 7 4 10 9 11 9 10 10 11 10 4 7 9 8 9 7 10 8 10 4 4 9 5 9 4 10 5 10 4 1 9 2 9 1 10 2 10 4 10 3 11 3 10 4 11 4 4 7 3 8 3 7 4 8 4 4 4 3 5 3 4 4 5 4 4 1 3 2 3 1 4 2 4 4 10 0 11 0 10 1 11 1 4 7 0 8 0 7 1 8 1 4 4 0 5 0 4 1 5 1 4 1 0 2 0 1 1 2 1 4 10 6 11 6 10 7 11 7 4 7 6 8 6 7 7 8 7 4 4 6 5 6 4 7 5 7 4 1 6 2 6 1 7 2 7 4 10 9 11 9 10 10 11 10 4 7 9 8 9 7 10 8 10 4 4 9 5 9 4 10 5 10 4 1 9 2 9 1 10 2 10 4 10 3 11 3 10 4 11 4 4 7 3 8 3 7 4 8 4 4 4 3 5 3 4 4 5 4 4 1 3 2 3 1 4 2 4 4 10 0 11 0 10 1 11 1 4 7 0 8 0 7 1 8 1 4 4 0 5 0 4 1 5 1 4 1 0 2 0 1 1 2 1 
Chip#1
108 105 112 116 113 106 112 115 110 107 101 102 0 0 64 74 66
132 109 116 140 164 115 202 203 114 113 131 95 1 0 0 0 0
102 102 103 125 132 109 189 192 106 102 131 95 2 0 0 0 0
109 102 111 116 113 112 131 124 107 103 106 101 3 0 0 0 0
132 112 115 135 137 122 342 343 122 112 131 106 4 0 0 0 0
112 108 114 127 133 121 345 346 125 110 111 102 5 0 0 0 0
113 107 108 111 113 108 130 120 114 121 111 103 6 0 0 0 0
147 132 117 116 120 116 117 115 123 286 259 117 7 0 0 0 0
135 117 109 108 111 106 115 104 120 286 266 112 8 0 0 0 0
132 104 108 107 107 104 106 103 107 141 147 100 9 0 0 0 0
141 129 117 112 112 107 114 105 132 286 238 107 10 0 0 0 0
133 117 112 111 106 106 112 106 126 263 236 15000 11 0 0 0 0
Chip#2
112 98 101 94 106 98 97 93 97 100 100 104 0 0 64 74 66
77 96 92 93 96 94 119 123 97 96 97 98 1 0 0 0 0
112 105 101 103 106 97 173 162 97 100 104 100 2 0 0 0 0
112 105 106 102 104 106 106 108 97 101 106 104 3 0 0 0 0
112 105 104 105 109 105 330 349 97 107 105 108 4 0 0 0 0
112 106 100 100 108 105 383 385 97 104 102 104 5 0 0 0 0
112 103 100 98 100 102 101 98 97 106 106 103 6 0 0 0 0
112 112 108 100 108 105 101 102 97 361 308 108 7 0 0 0 0
112 114 110 105 105 110 107 102 97 262 233 108 8 0 0 0 0
128 105 103 99 99 105 101 99 97 137 121 107 9 0 0 0 0
112 113 102 102 100 102 102 97 98 475 335 107 10 0 0 0 0
112 106 103 99 100 102 97 97 98 232 184 15000 11 0 0 0 0
Chip#1
103 102 107 112 113 105 115 102 101 104 101 102 0 0 0 78 66
132 110 115 140 171 115 200 201 113 110 131 100 1 0 0 0 0
112 112 112 133 147 119 202 196 114 115 131 98 2 0 0 0 0
132 110 116 118 121 112 136 159 108 114 131 109 3 0 0 0 0
112 112 119 136 138 128 344 339 125 109 112 103 4 0 0 0 0
117 110 112 129 138 122 346 343 122 117 111 105 5 0 0 0 0
115 109 114 116 112 111 125 123 107 123 131 105 6 0 0 0 0
148 128 116 116 114 108 120 108 123 276 255 112 7 0 0 0 0
140 120 112 115 114 109 112 109 120 286 266 112 8 0 0 0 0
132 102 106 101 109 105 109 100 103 138 147 100 9 0 0 0 0
147 128 115 113 111 115 112 110 135 277 232 103 10 0 0 0 0
144 122 114 110 117 113 117 111 128 268 241 15000 11 0 0 0 0
Chip#2
112 101 96 98 94 98 98 96 98 98 104 100 0 0 192 78 66
112 102 102 104 111 103 136 133 98 104 103 109 1 0 0 0 0
112 108 102 107 110 106 180 162 98 104 105 105 2 0 0 0 0
112 95 100 98 100 100 106 106 98 102 99 102 3 0 0 0 0
84 98 95 99 100 98 322 339 98 96 97 100 4 0 0 0 0
112 100 96 98 103 102 381 376 98 101 97 105 5 0 0 0 0
112 104 102 99 101 103 102 104 98 107 106 108 6 0 0 0 0
112 112 96 98 103 100 103 100 98 358 303 107 7 0 0 0 0
112 102 100 95 103 100 102 96 98 253 224 98 8 0 0 0 0
112 106 108 104 96 105 105 106 98 142 122 108 9 0 0 0 0
112 111 103 105 99 98 101 100 99 462 331 107 10 0 0 0 0
112 112 101 98 101 100 102 102 100 232 187 15000 11 0 0 0 0
Chip#1
102 100 103 105 106 105 106 103 99 102 97 95 0 0 192 79 66
133 113 115 142 149 116 200 205 113 114 131 106 1 0 0 0 0
105 105 112 134 140 116 195 198 113 112 112 96 2 0 0 0 0
111 107 115 116 121 115 133 129 109 110 114 103 3 0 0 0 0
109 112 114 139 139 124 337 332 125 113 112 100 4 0 0 0 0
108 102 108 130 133 119 336 335 117 108 131 98 5 0 0 0 0
115 109 115 115 117 111 127 126 107 121 131 105 6 0 0 0 0
151 136 122 117 120 115 115 112 125 286 259 111 7 0 0 0 0
145 121 114 113 115 109 119 108 125 286 266 114 8 0 0 0 0
110 106 109 110 107 104 110 100 107 142 147 102 9 0 0 0 0
146 128 116 111 111 107 119 108 164 293 229 107 10 0 0 0 0
135 123 111 110 112 106 115 107 125 262 240 15000 11 0 0 0 0
Chip#2
112 102 104 104 101 104 100 98 99 106 104 108 0 0 192 79 66
112 114 107 108 110 105 137 138 99 108 111 112 1 0 0 0 0
85 105 97 99 101 100 170 162 99 104 98 102 2 0 0 0 0
112 104 100 98 98 100 106 106 99 101 97 103 3 0 0 0 0
112 102 103 103 103 105 322 348 99 106 102 107 4 0 0 0 0
112 106 107 109 114 110 386 387 99 111 108 110 5 0 0 0 0
112 106 100 99 105 103 102 101 99 108 110 105 6 0 0 0 0
112 105 96 100 99 100 100 97 99 347 306 99 7 0 0 0 0
112 107 103 104 108 106 105 101 99 258 226 112 8 0 0 0 0
112 110 103 104 103 109 106 106 99 142 123 109 9 0 0 0 0
112 108 100 97 98 100 94 97 99 462 329 102 10 0 0 0 0
112 109 107 103 101 104 102 101 100 235 193 15000 11 0 0 0 0
Chip#1
105 107 107 111 119 108 110 109 104 103 105 100 0 0 0 81 66
113 114 119 140 164 117 201 199 115 117 131 101 1 0 0 0 0
132 116 115 140 164 120 201 203 122 122 131 105 2 0 0 0 0
108 108 112 115 120 113 130 130 104 107 107 101 3 0 0 0 0
132 113 114 140 138 125 339 337 122 115 131 101 4 0 0 0 0
132 108 108 129 135 122 332 331 122 109 109 96 5 0 0 0 0
102 104 107 109 106 104 117 116 100 117 111 98 6 0 0 0 0
141 129 114 115 116 107 112 110 121 293 251 106 7 0 0 0 0
148 130 117 122 119 113 119 111 127 286 271 117 8 0 0 0 0
112 110 116 113 111 106 114 106 110 146 131 103 9 0 0 0 0
146 131 119 115 113 111 116 111 131 276 230 107 10 0 0 0 0
151 135 126 124 126 120 122 117 139 274 248 15000 11 0 0 0 0
Chip#2
112 98 100 98 95 97 96 93 101 104 100 100 0 0 0 81 66
112 101 96 98 100 98 125 125 101 96 99 100 1 0 0 0 0
112 105 100 104 105 99 174 162 101 105 102 100 2 0 0 0 0
128 106 106 104 105 105 109 107 101 105 103 104 3 0 0 0 0
112 104 103 104 105 103 330 348 101 101 106 108 4 0 0 0 0
128 108 103 105 114 106 380 385 101 106 108 107 5 0 0 0 0
128 100 102 98 104 103 104 103 101 111 106 104 6 0 0 0 0
112 118 106 108 105 109 107 102 101 358 306 105 7 0 0 0 0
112 106 96 98 103 94 100 96 72 248 213 98 8 0 0 0 0
112 105 97 99 99 100 96 97 101 138 119 100 9 0 0 0 0
112 107 102 98 100 99 100 99 100 478 329 102 10 0 0 0 0
112 107 100 99 103 100 100 103 99 231 189 15000 11 0 0 0 0
Chip#1
111 104 108 107 112 103 110 110 106 105 101 99 0 0 64 82 66
132 108 111 140 146 116 195 194 114 113 131 98 1 0 0 0 0
132 112 117 144 164 120 201 198 121 114 131 106 2 0 0 0 0
111 106 112 115 119 109 130 126 107 108 105 102 3 0 0 0 0
111 107 106 135 134 119 329 327 118 105 109 100 4 0 0 0 0
132 107 115 130 137 124 331 331 122 114 131 103 5 0 0 0 0
112 107 109 111 108 107 119 119 107 117 131 103 6 0 0 0 0
150 134 117 118 121 113 117 111 126 286 261 117 7 0 0 0 0
140 122 110 111 109 108 110 108 121 286 261 112 8 0 0 0 0
108 107 108 111 106 105 105 99 107 143 131 103 9 0 0 0 0
145 129 109 110 112 106 106 101 128 293 224 106 10 0 0 0 0
138 123 114 112 111 105 111 109 125 264 240 15000 11 0 0 0 0
Chip#2
85 101 98 98 98 98 93 95 72 101 100 102 0 0 128 82 66
112 101 98 103 104 98 128 126 101 102 104 103 1 0 0 0 0
112 104 98 99 108 99 171 178 101 105 103 105 2 0 0 0 0
112 107 103 103 106 105 110 109 101 107 104 105 3 0 0 0 0
112 105 98 104 104 102 330 344 101 105 104 103 4 0 0 0 0
88 106 98 103 108 104 376 379 72 105 103 103 5 0 0 0 0
84 101 106 100 106 108 100 107 101 112 106 103 6 0 0 0 0
112 111 107 103 105 100 98 104 101 360 305 103 7 0 0 0 0
112 108 96 99 103 99 104 98 101 254 213 100 8 0 0 0 0
112 107 102 100 104 102 101 99 101 144 121 109 9 0 0 0 0
112 112 101 98 100 98 97 104 98 462 328 105 10 0 0 0 0
112 110 102 103 98 99 98 97 98 229 186 15000 11 0 0 0 0
Chip#1
112 105 112 109 114 107 111 111 103 102 102 105 0 0 64 83 66
109 112 108 136 143 113 194 196 109 109 110 99 1 0 0 0 0
115 113 119 136 164 121 202 198 120 119 131 108 2 0 0 0 0
100 99 106 108 113 104 124 122 101 103 101 98 3 0 0 0 0
132 110 111 135 137 123 331 326 123 114 110 101 4 0 0 0 0
105 101 111 125 128 113 331 327 120 109 104 98 5 0 0 0 0
132 109 115 112 118 111 125 120 110 118 131 106 6 0 0 0 0
149 127 116 111 119 107 110 109 121 267 252 113 7 0 0 0 0
139 120 111 116 117 109 116 105 126 286 266 117 8 0 0 0 0
109 106 107 103 108 104 103 100 108 142 131 106 9 0 0 0 0
146 129 117 112 117 114 114 108 131 286 229 111 10 0 0 0 0
139 119 116 112 113 107 110 107 131 253 232 15000 11 0 0 0 0
Chip#2
112 105 95 103 100 100 98 95 102 104 103 100 0 0 64 83 66
85 101 101 99 103 98 128 125 72 100 100 103 1 0 0 0 0
112 111 107 109 113 108 175 178 102 109 106 107 2 0 0 0 0
112 108 106 105 106 105 110 106 102 107 106 107 3 0 0 0 0
112 106 96 100 104 102 330 343 102 100 103 102 4 0 0 0 0
112 111 100 107 113 109 381 382 102 109 108 109 5 0 0 0 0
85 102 101 103 101 103 105 101 72 108 105 104 6 0 0 0 0
112 107 103 102 103 102 96 102 102 349 300 105 7 0 0 0 0
112 109 106 105 109 105 107 103 102 257 231 108 8 0 0 0 0
112 107 101 104 101 102 100 104 102 139 123 105 9 0 0 0 0
84 105 98 98 96 96 97 101 102 462 323 103 10 0 0 0 0
112 106 101 93 101 102 98 98 102 227 180 15000 11 0 0 0 0
Chip#1
104 102 106 107 108 104 114 110 106 99 100 99 0 0 64 84 66
117 112 116 138 147 119 204 201 113 112 131 100 1 0 0 0 0
111 106 110 135 137 115 195 194 112 112 116 99 2 0 0 0 0
104 102 108 110 115 109 127 127 106 105 105 102 3 0 0 0 0
113 108 114 138 134 122 328 325 125 110 110 99 4 0 0 0 0
111 106 109 127 133 119 328 330 122 108 106 101 5 0 0 0 0
108 104 108 107 111 107 122 116 107 110 105 102 6 0 0 0 0
138 123 111 110 108 106 107 103 117 293 246 109 7 0 0 0 0
138 119 106 110 113 106 110 108 121 272 264 111 8 0 0 0 0
132 112 111 108 109 107 106 103 107 137 147 105 9 0 0 0 0
147 136 120 117 115 108 120 116 135 276 236 115 10 0 0 0 0
137 121 111 110 113 107 111 106 128 262 233 15000 11 0 0 0 0
Chip#2
89 100 101 99 96 93 102 97 98 101 99 105 0 0 64 84 66
112 103 101 100 104 97 129 129 98 101 103 105 1 0 0 0 0
112 109 107 109 109 108 178 178 98 107 114 113 2 0 0 0 0
128 107 104 107 105 109 107 108 98 107 104 110 3 0 0 0 0
86 101 97 99 101 99 322 337 98 100 104 103 4 0 0 0 0
112 111 98 104 110 108 382 383 98 106 105 105 5 0 0 0 0
112 102 100 99 105 100 100 98 98 108 108 102 6 0 0 0 0
112 111 106 105 106 109 106 108 98 359 306 109 7 0 0 0 0
112 101 97 102 99 100 101 97 98 252 214 104 8 0 0 0 0
112 99 94 95 96 97 100 98 98 140 115 100 9 0 0 0 0
112 111 101 100 100 98 102 98 96 462 328 107 10 0 0 0 0
112 111 104 98 104 102 101 98 95 230 183 15000 11 0 0 0 0
Chip#1
99 102 110 107 109 104 109 105 103 98 95 100 0 0 192 85 66
139 120 124 149 164 124 206 203 122 126 131 106 1 0 0 0 0
113 113 112 136 145 113 197 193 115 114 117 103 2 0 0 0 0
109 106 111 118 121 109 130 129 112 105 102 105 3 0 0 0 0
132 112 112 138 138 124 328 330 122 115 131 101 4 0 0 0 0
133 115 122 140 137 131 340 336 129 121 131 111 5 0 0 0 0
104 105 107 107 117 105 121 114 104 114 110 100 6 0 0 0 0
147 128 114 116 119 109 115 110 121 268 251 111 7 0 0 0 0
139 125 115 113 115 112 112 110 128 286 266 118 8 0 0 0 0
112 105 110 108 108 105 102 100 106 141 131 105 9 0 0 0 0
140 127 115 113 112 107 110 109 131 267 219 103 10 0 0 0 0
147 129 121 117 120 114 119 112 132 266 239 15000 11 0 0 0 0
Chip#2
85 108 101 97 96 103 100 96 95 102 99 102 0 0 192 86 66
112 106 103 100 106 102 137 132 95 107 106 108 1 0 0 0 0
112 108 109 109 113 108 184 178 95 104 109 105 2 0 0 0 0
112 112 107 110 105 109 115 112 95 108 106 113 3 0 0 0 0
91 110 101 107 108 105 322 345 95 102 104 105 4 0 0 0 0
112 106 97 103 108 106 375 378 95 105 104 102 5 0 0 0 0
112 101 102 99 103 102 105 106 95 107 108 103 6 0 0 0 0
112 113 103 103 100 103 103 101 96 354 302 104 7 0 0 0 0
112 109 104 107 110 106 107 104 95 258 216 105 8 0 0 0 0
112 99 95 94 96 97 100 95 95 134 115 102 9 0 0 0 0
128 115 107 100 105 99 109 102 101 462 333 104 10 0 0 0 0
112 105 101 95 103 96 102 101 101 228 183 15000 11 0 0 0 0
Chip#1
105 106 110 108 109 104 107 107 104 105 102 98 0 0 64 87 66
115 114 115 140 145 113 196 197 112 112 131 101 1 0 0 0 0
111 114 114 139 146 119 195 198 118 117 131 101 2 0 0 0 0
108 100 107 112 119 100 125 123 103 100 96 100 3 0 0 0 0
116 110 114 134 134 116 328 325 123 112 107 101 4 0 0 0 0
132 113 115 130 131 120 331 331 121 112 131 102 5 0 0 0 0
106 107 112 115 117 109 121 120 109 115 111 102 6 0 0 0 0
145 131 117 115 122 109 114 111 123 268 253 113 7 0 0 0 0
141 125 114 113 116 107 115 112 125 286 263 112 8 0 0 0 0
106 104 107 106 107 103 102 97 104 137 147 97 9 0 0 0 0
150 135 125 121 114 112 114 109 138 277 229 114 10 0 0 0 0
138 120 116 108 112 109 111 102 126 256 228 15000 11 0 0 0 0
Chip#2
128 114 109 110 110 105 106 107 99 105 109 110 0 0 64 87 66
84 100 95 99 99 94 128 124 99 100 99 98 1 0 0 0 0
128 112 106 113 113 111 179 178 100 108 110 109 2 0 0 0 0
112 105 98 103 99 105 111 102 99 105 103 107 3 0 0 0 0
88 105 101 104 108 102 322 344 99 101 105 100 4 0 0 0 0
85 110 98 105 106 108 380 380 99 106 108 105 5 0 0 0 0
84 101 97 100 106 102 103 102 99 107 102 102 6 0 0 0 0
112 111 106 102 101 102 107 101 100 359 303 104 7 0 0 0 0
112 111 103 103 103 106 102 101 99 248 214 100 8 0 0 0 0
128 107 102 105 105 104 104 98 100 141 121 105 9 0 0 0 0
112 118 115 112 113 109 114 110 110 470 335 118 10 0 0 0 0
112 112 100 97 95 99 101 95 110 227 179 15000 11 0 0 0 0
Chip#1
109 104 110 111 113 108 109 110 112 105 100 111 0 0 128 88 66
110 110 112 140 146 114 199 199 118 112 131 100 1 0 0 0 0
117 108 116 138 145 117 195 194 115 117 112 105 2 0 0 0 0
102 100 110 108 112 106 122 122 102 103 105 96 3 0 0 0 0
135 113 119 139 139 123 330 328 122 113 131 107 4 0 0 0 0
106 108 110 130 130 119 328 331 123 110 107 102 5 0 0 0 0
108 112 115 112 117 113 125 122 106 118 112 106 6 0 0 0 0
145 127 116 112 121 111 117 111 122 271 251 113 7 0 0 0 0
140 122 107 109 111 105 111 107 119 274 259 113 8 0 0 0 0
110 106 112 107 109 101 105 108 108 147 147 103 9 0 0 0 0
143 127 117 112 112 107 114 110 128 293 222 108 10 0 0 0 0
137 117 114 110 111 106 111 104 121 254 230 15000 11 0 0 0 0
Chip#2
112 105 103 100 104 102 105 103 105 105 105 105 0 0 128 88 66
79 101 98 98 101 98 130 130 72 101 96 102 1 0 0 0 0
112 108 103 104 106 105 176 162 105 108 104 107 2 0 0 0 0
112 110 100 99 101 104 106 106 105 104 102 107 3 0 0 0 0
112 99 95 95 95 100 317 334 105 104 99 96 4 0 0 0 0
112 106 101 103 109 106 376 375 105 99 103 104 5 0 0 0 0
128 106 102 102 104 105 104 103 105 112 103 108 6 0 0 0 0
112 111 106 102 103 104 105 106 105 353 302 105 7 0 0 0 0
112 112 103 103 105 104 103 102 105 256 218 104 8 0 0 0 0
112 96 92 94 93 99 93 91 105 133 112 96 9 0 0 0 0
112 108 106 92 99 102 101 102 105 462 324 103 10 0 0 0 0
112 113 106 105 109 102 102 101 105 230 185 15000 11 0 0 0 0
Chip#1
102 106 108 108 111 105 112 111 104 102 99 100 0 0 192 89 66
110 112 110 138 140 113 189 197 107 112 106 95 1 0 0 0 0
132 114 120 138 145 117 196 194 115 123 131 108 2 0 0 0 0
105 98 109 113 114 104 125 127 106 102 131 100 3 0 0 0 0
133 113 115 138 140 125 329 328 127 117 131 100 4 0 0 0 0
132 109 111 125 133 119 325 327 123 109 107 98 5 0 0 0 0
115 109 115 113 117 112 125 122 110 119 131 106 6 0 0 0 0
149 134 120 119 120 109 116 116 123 269 253 111 7 0 0 0 0
143 123 112 112 119 105 111 109 119 277 258 113 8 0 0 0 0
132 107 109 112 108 107 104 104 109 147 147 103 9 0 0 0 0
143 127 117 111 112 109 116 110 135 273 228 108 10 0 0 0 0
134 117 107 105 108 103 110 106 119 251 227 15000 11 0 0 0 0
Chip#2
112 106 104 100 104 103 100 103 99 105 105 108 0 0 192 89 66
112 108 102 104 105 102 133 132 99 106 108 107 1 0 0 0 0
112 104 98 102 103 98 169 162 99 99 100 98 2 0 0 0 0
112 109 108 103 113 108 114 115 99 106 105 107 3 0 0 0 0
112 102 101 98 108 103 320 337 99 106 104 98 4 0 0 0 0
112 102 101 105 105 108 378 372 99 102 105 100 5 0 0 0 0
112 101 97 100 101 99 100 97 99 108 106 103 6 0 0 0 0
112 111 102 100 103 100 103 103 99 350 302 105 7 0 0 0 0
112 104 101 100 106 98 102 101 99 254 216 104 8 0 0 0 0
112 105 100 97 98 100 100 97 99 138 119 104 9 0 0 0 0
128 111 102 97 105 103 105 99 100 462 321 102 10 0 0 0 0
112 102 100 97 95 93 95 92 99 223 184 15000 11 0 0 0 0
Chip#1
104 105 106 111 108 107 109 109 100 99 102 101 0 0 0 91 66
132 113 119 147 164 117 201 198 113 118 131 106 1 0 0 0 0
117 115 117 136 146 124 195 196 120 121 131 103 2 0 0 0 0
108 99 110 113 113 111 125 122 101 100 105 105 3 0 0 0 0
113 106 115 135 133 120 325 326 121 109 107 99 4 0 0 0 0
116 108 108 128 134 120 328 327 120 114 107 101 5 0 0 0 0
132 105 115 113 112 107 124 122 109 118 131 103 6 0 0 0 0
149 130 116 116 112 108 120 111 125 266 249 113 7 0 0 0 0
145 128 112 113 117 112 115 109 127 278 263 117 8 0 0 0 0
105 108 110 108 111 109 104 97 106 140 131 98 9 0 0 0 0
145 129 116 113 112 108 115 107 131 268 227 112 10 0 0 0 0
133 115 106 108 101 99 106 101 122 251 227 15000 11 0 0 0 0
Chip#2
112 105 104 104 104 102 102 98 102 101 103 103 0 0 0 91 66
128 106 97 100 104 97 128 124 102 102 98 105 1 0 0 0 0
128 111 108 105 110 105 178 178 102 108 109 107 2 0 0 0 0
112 102 101 102 106 99 106 106 72 105 98 104 3 0 0 0 0
112 110 102 102 114 109 330 344 102 107 105 110 4 0 0 0 0
112 108 103 107 108 110 381 376 102 109 105 108 5 0 0 0 0
112 110 101 102 108 105 111 104 72 112 110 110 6 0 0 0 0
128 111 102 99 99 103 102 99 102 350 301 107 7 0 0 0 0
112 108 103 104 105 104 103 102 102 252 215 107 8 0 0 0 0
112 106 103 102 100 102 105 98 102 139 121 105 9 0 0 0 0
128 115 108 108 106 108 107 104 104 478 331 109 10 0 0 0 0
112 110 108 105 105 104 106 102 104 233 187 15000 11 0 0 0 0
Chip#1
105 102 108 109 113 103 109 105 104 100 101 101 0 0 128 92 66
132 115 119 145 164 121 197 202 120 122 131 106 1 0 0 0 0
111 108 111 134 145 115 194 188 109 112 131 98 2 0 0 0 0
104 97 105 111 113 106 122 124 101 105 99 95 3 0 0 0 0
113 114 117 135 144 121 329 331 123 117 110 106 4 0 0 0 0
117 109 108 129 133 121 328 328 122 112 111 99 5 0 0 0 0
116 114 119 119 119 117 130 127 114 129 131 111 6 0 0 0 0
146 127 120 116 121 107 116 109 122 271 249 112 7 0 0 0 0
145 128 115 117 120 107 112 108 126 272 258 119 8 0 0 0 0
115 112 112 106 107 106 106 107 106 145 147 105 9 0 0 0 0
144 128 116 110 109 106 110 109 134 268 223 101 10 0 0 0 0
137 121 111 111 115 111 114 108 125 257 227 15000 11 0 0 0 0
Chip#2
112 107 96 97 98 100 97 99 104 102 98 103 0 0 128 92 66
112 102 98 97 101 97 130 130 104 100 99 102 1 0 0 0 0
112 114 104 112 108 111 178 162 104 109 110 108 2 0 0 0 0
112 102 102 100 101 105 103 108 104 107 100 103 3 0 0 0 0
112 106 104 105 106 108 330 342 104 104 105 105 4 0 0 0 0
112 105 100 107 108 104 376 375 104 104 105 102 5 0 0 0 0
112 100 100 100 101 100 102 98 104 104 102 102 6 0 0 0 0
112 109 100 95 101 103 100 99 104 347 300 105 7 0 0 0 0
128 108 106 102 108 105 106 106 104 252 219 109 8 0 0 0 0
112 104 97 100 99 99 100 95 104 133 122 99 9 0 0 0 0
128 112 103 100 104 100 105 103 100 462 325 110 10 0 0 0 0
112 110 100 100 96 100 93 91 99 221 178 15000 11 0 0 0 0
Chip#1
108 102 112 108 114 107 114 106 105 104 102 98 0 0 192 93 66
113 110 115 135 141 115 191 192 110 114 131 102 1 0 0 0 0
106 104 110 132 137 114 189 191 114 115 109 95 2 0 0 0 0
108 104 111 110 122 109 128 127 108 108 131 101 3 0 0 0 0
116 107 116 134 133 117 323 322 119 110 109 100 4 0 0 0 0
132 106 110 123 134 120 324 322 121 109 131 98 5 0 0 0 0
109 105 115 112 112 111 124 123 108 119 131 105 6 0 0 0 0
146 130 116 112 114 108 114 111 126 269 249 112 7 0 0 0 0
141 123 115 116 122 109 115 111 126 272 258 117 8 0 0 0 0
109 109 112 107 111 104 106 102 109 142 131 102 9 0 0 0 0
145 130 119 118 115 113 119 114 135 272 229 111 10 0 0 0 0
143 127 120 117 114 107 119 114 128 261 236 15000 11 0 0 0 0
Chip#2
112 107 100 94 101 103 100 96 97 101 106 103 0 0 192 94 66
128 106 102 102 103 106 128 131 97 101 106 105 1 0 0 0 0
112 117 109 108 118 109 180 178 97 111 110 112 2 0 0 0 0
112 105 107 103 111 103 110 107 97 109 104 108 3 0 0 0 0
112 113 108 107 110 113 330 343 97 111 110 108 4 0 0 0 0
112 111 106 105 113 109 376 380 97 109 105 108 5 0 0 0 0
112 105 100 102 104 103 100 104 97 108 108 105 6 0 0 0 0
112 108 100 100 100 99 100 99 97 354 296 104 7 0 0 0 0
112 107 100 100 106 103 101 98 97 248 214 107 8 0 0 0 0
112 101 98 94 96 100 95 98 97 134 116 100 9 0 0 0 0
112 111 101 99 101 100 100 99 100 443 324 104 10 0 0 0 0
112 107 100 98 100 97 100 97 99 225 184 15000 11 0 0 0 0
Chip#1
108 107 112 112 112 108 111 110 104 104 109 105 0 0 128 95 66
112 110 112 139 138 112 192 196 110 112 114 100 1 0 0 0 0
110 112 115 138 144 115 195 193 115 119 131 99 2 0 0 0 0
106 95 108 111 115 106 122 126 102 100 102 99 3 0 0 0 0
118 116 119 142 140 124 328 328 126 114 114 105 4 0 0 0 0
111 107 114 130 132 122 321 327 125 115 112 100 5 0 0 0 0
108 104 108 108 112 104 119 119 102 110 131 99 6 0 0 0 0
147 124 116 112 117 107 115 109 120 264 244 107 7 0 0 0 0
137 122 107 112 111 106 111 102 123 268 254 112 8 0 0 0 0
112 109 114 112 111 108 107 106 107 141 147 103 9 0 0 0 0
141 124 117 113 111 108 110 109 134 264 229 108 10 0 0 0 0
132 119 111 109 109 103 109 102 125 254 225 15000 11 0 0 0 0
Chip#2
112 105 104 103 105 100 103 98 99 101 103 107 0 0 128 95 66
112 112 107 102 109 110 132 133 99 107 108 104 1 0 0 0 0
112 106 107 103 111 100 174 162 99 104 108 104 2 0 0 0 0
112 106 104 98 104 102 107 103 99 104 102 105 3 0 0 0 0
84 102 102 98 104 105 322 336 99 102 99 100 4 0 0 0 0
112 106 100 102 105 105 380 380 99 104 103 104 5 0 0 0 0
112 104 106 102 103 102 106 108 99 111 109 108 6 0 0 0 0
112 113 106 108 109 108 105 107 99 354 309 108 7 0 0 0 0
112 101 100 102 99 97 98 101 99 246 213 102 8 0 0 0 0
112 107 98 103 101 102 100 101 99 137 125 105 9 0 0 0 0
112 121 109 104 109 106 109 107 106 450 326 108 10 0 0 0 0
112 108 103 103 105 104 103 100 106 225 185 15000 11 0 0 0 0
Chip#1
106 109 112 110 114 111 111 110 106 107 104 103 0 0 192 96 66
132 117 119 140 149 120 196 199 116 119 131 105 1 0 0 0 0
112 114 117 141 149 120 199 193 115 123 131 103 2 0 0 0 0
102 98 108 105 107 103 121 118 102 100 92 96 3 0 0 0 0
134 115 119 141 140 127 331 327 127 115 131 102 4 0 0 0 0
115 109 115 129 133 122 325 325 127 112 111 102 5 0 0 0 0
115 115 117 116 119 113 128 130 110 119 131 105 6 0 0 0 0
144 121 112 106 112 100 110 103 117 264 244 111 7 0 0 0 0
140 116 108 111 109 106 114 107 122 269 260 115 8 0 0 0 0
102 101 108 102 102 103 103 94 103 132 131 94 9 0 0 0 0
144 127 116 110 113 112 112 107 131 264 219 109 10 0 0 0 0
143 119 114 107 109 107 115 103 126 253 227 15000 11 0 0 0 0
Chip#2
112 109 104 102 99 100 105 102 101 102 103 103 0 0 192 96 66
112 101 98 100 99 99 128 130 101 99 103 103 1 0 0 0 0
112 104 96 99 108 97 167 162 101 99 105 102 2 0 0 0 0
112 107 101 102 99 103 105 107 101 102 106 103 3 0 0 0 0
112 101 100 100 103 98 330 338 101 100 100 99 4 0 0 0 0
112 104 96 102 100 104 373 373 101 96 100 98 5 0 0 0 0
112 105 98 102 99 100 105 103 101 106 104 102 6 0 0 0 0
112 105 100 100 100 99 100 97 101 343 303 102 7 0 0 0 0
87 110 101 99 103 100 106 101 72 252 213 102 8 0 0 0 0
112 108 101 107 105 104 106 102 101 140 122 112 9 0 0 0 0
128 114 102 103 100 98 103 99 104 462 321 103 10 0 0 0 0
112 109 103 100 101 102 107 99 104 225 181 15000 11 0 0 0 0
Chip#1
109 105 110 115 111 103 109 111 106 102 105 102 0 0 192 97 66
133 116 120 145 164 121 201 198 114 119 131 107 1 0 0 0 0
110 112 115 141 145 120 195 192 112 115 131 103 2 0 0 0 0
105 95 110 111 111 100 120 122 97 100 99 94 3 0 0 0 0
133 116 116 141 140 125 329 331 122 114 131 101 4 0 0 0 0
110 112 117 130 134 122 323 326 123 117 115 105 5 0 0 0 0
108 104 107 111 113 104 116 117 102 113 109 102 6 0 0 0 0
151 131 114 119 118 111 117 111 122 267 251 114 7 0 0 0 0
135 119 109 110 116 106 114 104 119 269 255 113 8 0 0 0 0
106 108 102 107 105 103 106 101 102 138 131 102 9 0 0 0 0
143 129 119 117 114 111 112 108 132 268 223 108 10 0 0 0 0
139 121 114 111 115 109 109 109 127 258 232 15000 11 0 0 0 0
Chip#2
112 101 94 98 99 98 96 96 104 100 96 98 0 0 64 98 66
112 104 98 99 101 102 128 127 72 104 97 105 1 0 0 0 0
112 107 97 105 109 102 175 178 104 102 104 103 2 0 0 0 0
112 106 101 98 100 100 106 101 104 99 100 105 3 0 0 0 0
112 106 100 100 106 103 330 339 104 102 100 103 4 0 0 0 0
112 105 97 98 108 106 374 378 104 104 102 102 5 0 0 0 0
112 102 96 97 98 97 100 98 72 102 100 98 6 0 0 0 0
112 107 101 102 101 102 101 101 104 347 302 104 7 0 0 0 0
112 106 102 99 103 100 103 97 104 251 224 102 8 0 0 0 0
85 102 101 99 101 105 97 101 104 137 119 104 9 0 0 0 0
112 114 106 102 104 104 109 104 106 450 325 108 10 0 0 0 0
112 106 100 98 100 97 98 98 106 228 181 15000 11 0 0 0 0
Chip#1
105 107 106 110 111 105 103 107 102 104 104 96 0 0 192 98 66
132 116 120 145 164 114 197 198 114 118 131 101 1 0 0 0 0
106 107 109 134 137 115 188 189 114 110 131 100 2 0 0 0 0
97 94 102 107 109 103 120 118 96 101 99 96 3 0 0 0 0
118 114 112 141 137 125 320 322 120 117 114 101 4 0 0 0 0
137 119 121 139 144 132 335 336 129 121 131 113 5 0 0 0 0
111 105 105 108 108 105 122 117 104 119 131 101 6 0 0 0 0
146 128 116 118 114 112 114 112 122 269 246 111 7 0 0 0 0
139 119 105 107 109 101 106 102 115 263 253 106 8 0 0 0 0
132 116 116 115 119 112 115 108 114 153 147 112 9 0 0 0 0
145 130 117 115 119 114 112 110 135 272 227 111 10 0 0 0 0
139 122 114 112 115 105 109 105 125 257 229 15000 11 0 0 0 0
Chip#2
112 107 103 104 104 106 101 102 97 105 100 103 0 0 192 98 66
112 106 100 104 106 105 136 132 97 109 105 108 1 0 0 0 0
112 105 100 104 108 103 174 162 97 105 103 107 2 0 0 0 0
112 98 100 99 101 104 105 103 97 98 96 100 3 0 0 0 0
112 102 97 100 104 96 320 339 97 106 100 102 4 0 0 0 0
112 102 102 100 109 104 376 370 97 101 97 102 5 0 0 0 0
112 105 100 104 104 104 103 106 97 111 106 109 6 0 0 0 0
112 111 102 102 111 105 105 98 97 349 291 104 7 0 0 0 0
84 107 103 97 104 103 102 102 97 250 209 104 8 0 0 0 0
78 98 95 97 90 97 93 92 97 131 110 97 9 0 0 0 0
85 109 102 95 103 100 103 101 98 443 321 104 10 0 0 0 0
112 109 108 107 106 106 107 101 98 228 183 15000 11 0 0 0 0
Chip#1
132 110 120 115 114 106 110 114 110 105 131 106 0 0 0 100 66
137 119 117 140 147 119 199 197 116 124 131 107 1 0 0 0 0
115 112 119 136 147 122 199 194 115 118 116 101 2 0 0 0 0
109 102 116 115 115 107 127 126 108 109 109 102 3 0 0 0 0
112 107 110 130 135 122 319 321 123 108 109 99 4 0 0 0 0
132 104 112 128 130 123 325 327 121 114 131 105 5 0 0 0 0
105 104 107 109 107 104 121 114 102 117 131 101 6 0 0 0 0
152 137 117 121 121 113 117 115 127 273 254 112 7 0 0 0 0
139 116 107 106 108 100 110 104 115 263 255 108 8 0 0 0 0
104 105 106 108 106 101 104 103 101 138 131 99 9 0 0 0 0
141 128 116 110 114 105 115 105 131 264 223 105 10 0 0 0 0
141 127 116 111 113 107 119 114 125 259 236 15000 11 0 0 0 0
Chip#2
112 105 100 94 101 100 97 97 99 99 102 103 0 0 0 100 66
112 104 104 98 103 100 127 129 99 99 99 99 1 0 0 0 0
112 102 98 98 105 100 169 162 99 101 105 98 2 0 0 0 0
112 99 100 92 95 96 103 102 99 99 98 99 3 0 0 0 0
112 107 102 99 106 106 330 343 99 102 103 104 4 0 0 0 0
128 113 104 104 108 110 378 379 99 107 105 112 5 0 0 0 0
112 110 101 102 100 98 98 102 99 109 109 104 6 0 0 0 0
112 108 100 98 99 100 102 98 99 349 297 104 7 0 0 0 0
112 106 97 99 100 98 96 98 99 246 214 99 8 0 0 0 0
128 115 109 103 108 106 106 104 99 146 128 112 9 0 0 0 0
85 107 107 100 103 98 101 102 101 446 321 104 10 0 0 0 0
112 109 104 100 101 100 106 97 101 225 186 15000 11 0 0 0 0
Chip#1
108 109 112 110 112 107 109 112 104 107 102 105 0 0 128 101 66
111 107 112 141 145 113 195 192 112 114 131 103 1 0 0 0 0
112 108 114 135 138 117 193 189 112 109 115 101 2 0 0 0 0
104 104 111 117 117 105 131 127 108 108 106 106 3 0 0 0 0
117 108 115 139 138 123 320 325 122 113 109 105 4 0 0 0 0
110 108 114 129 132 121 315 315 118 109 131 98 5 0 0 0 0
112 106 114 112 114 113 124 124 107 122 114 106 6 0 0 0 0
153 131 117 118 119 115 117 109 126 264 251 118 7 0 0 0 0
140 119 114 115 113 107 115 108 123 267 256 113 8 0 0 0 0
109 106 110 107 106 108 107 102 103 140 147 102 9 0 0 0 0
145 130 120 118 115 112 117 114 135 268 228 112 10 0 0 0 0
137 117 110 107 112 105 115 104 126 256 227 15000 11 0 0 0 0
Chip#2
112 100 98 98 96 100 98 93 72 102 97 102 0 0 0 102 66
112 102 104 103 108 106 133 130 104 102 104 108 1 0 0 0 0
112 112 110 109 114 111 179 162 104 111 114 110 2 0 0 0 0
112 107 104 95 105 105 105 104 104 104 102 104 3 0 0 0 0
112 113 108 109 109 105 322 345 104 107 106 105 4 0 0 0 0
112 102 103 102 104 109 373 375 104 105 104 107 5 0 0 0 0
112 101 102 98 101 103 106 100 104 108 105 107 6 0 0 0 0
112 107 103 100 103 98 105 101 104 346 297 103 7 0 0 0 0
112 105 106 102 103 102 109 97 72 245 210 105 8 0 0 0 0
112 106 101 99 104 102 102 93 104 140 121 109 9 0 0 0 0
112 113 110 103 106 104 102 104 106 449 324 113 10 0 0 0 0
112 105 100 99 99 96 100 93 106 224 179 15000 11 0 0 0 0
Chip#1
105 104 111 110 114 106 112 112 100 103 106 106 0 0 192 102 66
111 109 117 141 141 116 189 197 113 113 131 103 1 0 0 0 0
108 106 111 133 137 119 185 187 104 112 115 100 2 0 0 0 0
106 99 112 112 113 108 121 126 103 105 104 102 3 0 0 0 0
132 113 117 140 137 123 318 326 123 115 131 103 4 0 0 0 0
132 104 110 124 126 122 316 320 116 110 131 96 5 0 0 0 0
106 104 109 111 109 108 119 120 106 112 114 103 6 0 0 0 0
151 137 120 124 120 113 121 115 126 272 250 118 7 0 0 0 0
137 119 114 111 113 108 109 108 125 262 253 113 8 0 0 0 0
111 108 110 113 108 106 105 106 107 142 147 107 9 0 0 0 0
146 129 122 112 114 108 110 112 133 264 224 107 10 0 0 0 0
139 115 111 109 108 104 110 102 127 249 229 15000 11 0 0 0 0
Chip#2
112 102 97 95 100 100 97 95 98 99 97 104 0 0 192 102 66
112 105 106 104 106 104 129 130 98 104 106 107 1 0 0 0 0
112 106 97 104 105 103 170 162 98 102 104 103 2 0 0 0 0
77 93 94 91 94 93 102 98 98 95 94 95 3 0 0 0 0
112 102 98 98 101 99 358 334 98 99 95 99 4 0 0 0 0
112 106 101 103 105 110 377 372 98 105 103 103 5 0 0 0 0
112 105 100 100 103 104 102 101 98 111 105 107 6 0 0 0 0
112 107 100 98 105 103 105 100 94 343 293 104 7 0 0 0 0
112 107 107 105 108 103 107 101 94 248 210 104 8 0 0 0 0
112 105 106 98 108 102 105 100 94 144 122 107 9 0 0 0 0
112 109 104 98 99 100 100 95 102 436 320 105 10 0 0 0 0
112 113 107 100 105 99 101 96 102 227 184 15000 11 0 0 0 0
Chip#1
109 106 110 109 117 108 114 109 106 105 106 105 0 0 0 104 66
135 121 120 149 164 120 201 203 118 124 147 112 1 0 0 0 0
132 106 109 132 132 115 191 189 112 112 131 93 2 0 0 0 0
106 105 109 111 117 105 124 120 102 104 100 102 3 0 0 0 0
132 112 117 139 137 127 325 321 125 113 131 103 4 0 0 0 0
132 112 119 135 134 124 328 321 164 114 147 108 5 0 0 0 0
108 108 111 111 108 111 120 116 106 113 114 101 6 0 0 0 0
146 125 115 116 115 104 110 110 121 263 241 107 7 0 0 0 0
141 116 110 113 109 107 111 108 121 264 254 109 8 0 0 0 0
103 102 105 101 102 99 102 99 102 136 131 96 9 0 0 0 0
145 128 120 112 114 109 115 108 135 264 227 105 10 0 0 0 0
135 116 110 106 105 105 106 103 122 246 225 15000 11 0 0 0 0
Chip#2
112 102 98 95 100 99 97 96 98 101 103 104 0 0 0 104 66
112 107 101 100 109 99 130 130 98 102 106 107 1 0 0 0 0
112 104 104 102 106 105 167 162 98 102 102 102 2 0 0 0 0
112 104 97 102 100 102 101 99 98 100 96 100 3 0 0 0 0
112 104 100 99 101 105 321 339 98 104 104 102 4 0 0 0 0
84 102 101 104 113 100 368 369 98 102 103 105 5 0 0 0 0
112 98 95 97 99 97 97 96 98 104 102 97 6 0 0 0 0
112 113 104 102 104 102 107 101 98 347 300 105 7 0 0 0 0
128 107 104 103 108 104 109 101 98 252 224 109 8 0 0 0 0
112 102 98 100 103 105 101 101 98 138 123 108 9 0 0 0 0
112 112 103 100 101 98 103 101 98 449 320 102 10 0 0 0 0
112 105 95 94 96 93 100 97 98 221 177 15000 11 0 0 0 0
Chip#1
106 104 107 110 113 106 107 109 103 104 100 98 0 0 0 105 66
132 114 119 147 149 121 201 201 116 119 131 106 1 0 0 0 0
116 113 114 135 140 116 190 193 113 112 131 103 2 0 0 0 0
132 106 114 113 116 114 128 159 106 109 131 105 3 0 0 0 0
132 110 115 133 137 124 319 320 125 109 112 105 4 0 0 0 0
112 110 114 128 131 122 316 322 120 112 109 100 5 0 0 0 0
109 109 111 107 112 106 122 118 108 110 109 100 6 0 0 0 0
149 130 114 119 115 108 116 112 122 264 246 114 7 0 0 0 0
146 122 115 115 122 111 119 109 125 268 258 117 8 0 0 0 0
132 108 111 109 111 104 107 104 106 143 131 108 9 0 0 0 0
144 130 116 116 119 109 111 112 164 263 224 109 10 0 0 0 0
138 122 115 109 114 112 116 110 127 256 228 15000 11 0 0 0 0
Chip#2
112 105 98 99 100 102 101 98 104 106 103 99 0 0 192 105 66
112 96 94 98 100 97 125 125 104 99 99 99 1 0 0 0 0
112 108 106 107 114 103 173 162 104 107 105 108 2 0 0 0 0
80 101 95 99 94 96 106 102 72 100 100 97 3 0 0 0 0
82 104 97 103 103 103 319 339 104 105 98 97 4 0 0 0 0
84 100 103 100 108 106 371 374 104 104 105 104 5 0 0 0 0
81 102 102 95 96 102 103 101 72 107 102 100 6 0 0 0 0
86 106 104 100 103 102 100 104 104 346 300 103 7 0 0 0 0
112 111 107 102 108 108 107 102 104 253 215 107 8 0 0 0 0
85 102 102 98 100 102 100 96 72 137 114 97 9 0 0 0 0
112 109 100 93 100 102 101 95 98 462 317 103 10 0 0 0 0
112 103 96 92 96 98 97 92 98 221 175 15000 11 0 0 0 0
Chip#1
102 102 111 101 111 105 107 108 104 98 100 100 0 0 192 106 66
135 114 117 144 146 117 192 197 114 115 131 107 1 0 0 0 0
113 109 117 135 143 117 195 191 115 114 131 103 2 0 0 0 0
104 100 107 111 117 109 120 126 102 105 99 98 3 0 0 0 0
132 106 111 134 135 121 319 314 123 110 106 101 4 0 0 0 0
138 113 119 134 134 125 320 322 123 114 131 107 5 0 0 0 0
109 101 108 106 103 105 117 114 101 115 112 98 6 0 0 0 0
147 128 114 112 112 106 109 107 121 264 241 108 7 0 0 0 0
140 120 108 110 114 104 110 102 118 259 253 111 8 0 0 0 0
112 110 111 109 109 108 109 106 106 140 147 105 9 0 0 0 0
122 122 111 106 111 105 110 104 123 256 215 103 10 0 0 0 0
134 116 111 108 111 107 107 103 128 252 227 15000 11 0 0 0 0
Chip#2
112 100 103 98 101 97 101 100 104 106 102 103 0 0 192 106 66
112 105 100 98 101 100 132 125 104 108 104 102 1 0 0 0 0
112 108 106 105 108 103 171 162 104 109 110 103 2 0 0 0 0
112 106 103 102 105 104 112 107 104 106 99 107 3 0 0 0 0
112 101 96 95 104 102 316 337 104 106 105 102 4 0 0 0 0
112 109 104 103 108 109 375 379 104 107 110 104 5 0 0 0 0
112 102 97 100 99 102 98 100 104 111 104 104 6 0 0 0 0
128 112 106 108 108 103 106 103 104 350 301 105 7 0 0 0 0
112 115 108 108 108 105 110 102 104 256 224 108 8 0 0 0 0
112 104 103 99 105 105 102 102 104 139 120 105 9 0 0 0 0
78 99 92 92 93 88 93 91 104 433 311 91 10 0 0 0 0
112 108 98 95 99 100 100 95 104 219 177 15000 11 0 0 0 0
Chip#1
102 108 110 110 117 104 109 108 103 103 107 101 0 0 0 108 66
132 115 117 141 144 111 192 196 113 118 131 101 1 0 0 0 0
116 114 117 139 147 123 196 194 118 117 131 108 2 0 0 0 0
110 107 116 118 118 112 128 130 110 107 107 107 3 0 0 0 0
106 110 110 134 131 117 315 319 119 110 109 99 4 0 0 0 0
111 112 115 130 130 117 318 322 122 114 111 101 5 0 0 0 0
104 102 111 109 112 104 119 116 106 109 107 96 6 0 0 0 0
145 129 120 117 115 107 115 112 117 262 244 108 7 0 0 0 0
134 115 110 111 114 104 107 106 120 261 245 112 8 0 0 0 0
111 109 117 110 107 108 105 103 107 141 131 101 9 0 0 0 0
143 131 121 115 113 109 111 110 133 263 223 106 10 0 0 0 0
132 119 110 107 108 105 112 107 121 247 224 15000 11 0 0 0 0
Chip#2
112 102 104 100 100 106 102 101 97 105 105 102 0 0 0 108 66
112 106 108 103 110 104 132 130 97 107 105 101 1 0 0 0 0
112 110 103 105 111 104 171 162 97 109 104 104 2 0 0 0 0
128 103 100 100 104 104 109 104 97 101 102 104 3 0 0 0 0
112 105 103 105 106 106 322 342 97 106 105 103 4 0 0 0 0
112 106 100 102 109 106 366 372 97 105 100 97 5 0 0 0 0
112 100 98 97 104 103 102 102 97 108 109 102 6 0 0 0 0
112 112 103 100 105 104 105 103 97 344 297 102 7 0 0 0 0
112 106 100 99 100 100 101 101 97 247 208 104 8 0 0 0 0
112 106 98 99 99 97 98 95 97 137 115 103 9 0 0 0 0
112 112 108 100 104 108 106 104 106 443 321 108 10 0 0 0 0
112 107 103 98 99 97 100 93 106 226 181 15000 11 0 0 0 0
Chip#1
108 106 112 113 114 104 111 112 104 110 104 102 0 0 64 109 66
134 120 124 150 152 122 200 202 119 122 131 108 1 0 0 0 0
117 114 120 139 146 121 197 198 121 121 131 107 2 0 0 0 0
103 98 106 109 108 99 119 120 99 98 97 98 3 0 0 0 0
135 113 121 142 149 128 325 326 129 123 131 112 4 0 0 0 0
135 112 116 135 138 124 319 324 129 117 131 109 5 0 0 0 0
109 101 111 109 112 108 120 115 101 110 131 99 6 0 0 0 0
148 131 119 118 121 115 116 112 126 264 250 121 7 0 0 0 0
139 125 110 116 116 111 115 108 123 266 256 112 8 0 0 0 0
105 104 106 109 102 103 103 97 104 140 147 98 9 0 0 0 0
146 123 119 113 114 109 114 111 133 261 225 108 10 0 0 0 0
125 124 116 112 113 107 114 107 129 251 230 15000 11 0 0 0 0
Chip#2
112 92 91 91 98 91 89 87 98 92 93 94 0 0 64 109 66
90 104 102 108 106 104 133 130 98 104 104 105 1 0 0 0 0
82 104 101 102 110 97 164 162 98 101 99 103 2 0 0 0 0
128 106 102 95 101 105 109 107 98 106 100 108 3 0 0 0 0
112 101 100 99 106 100 319 338 98 101 100 102 4 0 0 0 0
88 108 104 107 113 110 374 375 98 107 106 107 5 0 0 0 0
112 107 106 104 106 105 109 106 98 108 108 107 6 0 0 0 0
112 111 106 107 105 103 107 102 96 350 300 108 7 0 0 0 0
128 108 103 99 100 102 105 101 96 251 224 110 8 0 0 0 0
112 102 101 95 100 103 100 95 95 135 111 102 9 0 0 0 0
112 115 108 102 105 100 106 102 104 444 316 103 10 0 0 0 0
112 102 103 97 101 99 103 97 104 221 181 15000 11 0 0 0 0
Chip#1
111 105 114 110 115 107 115 111 107 104 107 102 0 0 128 110 66
133 113 119 141 145 115 194 194 116 114 131 103 1 0 0 0 0
108 107 106 130 143 114 190 188 109 105 131 95 2 0 0 0 0
106 100 107 111 115 109 122 127 102 98 101 96 3 0 0 0 0
117 113 115 139 141 124 321 324 131 114 117 107 4 0 0 0 0
115 109 115 133 138 123 325 320 125 115 116 100 5 0 0 0 0
118 116 116 116 114 114 128 120 113 119 117 111 6 0 0 0 0
150 132 121 116 119 112 117 110 125 264 251 112 7 0 0 0 0
134 115 103 108 112 101 109 103 115 257 252 105 8 0 0 0 0
110 106 112 107 107 105 104 102 106 138 131 96 9 0 0 0 0
147 132 120 118 121 112 116 111 138 263 220 113 10 0 0 0 0
137 124 114 113 115 106 112 108 133 252 220 15000 11 0 0 0 0
Chip#2
77 102 94 99 94 96 97 91 99 96 95 99 0 0 128 110 66
112 101 98 93 103 100 128 125 99 99 100 99 1 0 0 0 0
112 106 101 103 108 104 171 162 99 107 106 102 2 0 0 0 0
112 113 106 103 105 110 111 109 99 107 106 105 3 0 0 0 0
112 108 108 105 109 106 330 342 99 109 108 108 4 0 0 0 0
112 105 107 103 109 111 372 375 99 109 111 104 5 0 0 0 0
88 106 103 99 106 106 106 98 99 109 106 105 6 0 0 0 0
128 115 110 103 109 106 106 108 97 347 308 108 7 0 0 0 0
112 117 104 104 109 108 107 106 97 252 215 112 8 0 0 0 0
112 111 102 100 106 109 106 102 97 140 121 104 9 0 0 0 0
112 111 104 99 103 100 103 101 101 442 321 107 10 0 0 0 0
112 110 103 97 100 98 103 92 101 219 180 15000 11 0 0 0 0
Chip#1
105 106 110 109 113 109 111 108 107 107 105 105 0 0 128 111 66
132 112 117 140 145 117 194 193 116 114 131 100 1 0 0 0 0
132 113 117 141 164 120 195 193 114 119 131 107 2 0 0 0 0
112 106 110 112 116 108 128 129 104 107 102 102 3 0 0 0 0
109 105 108 135 133 121 319 311 118 105 106 99 4 0 0 0 0
115 108 111 125 132 124 316 321 125 107 112 101 5 0 0 0 0
111 107 111 110 115 111 124 115 109 118 117 107 6 0 0 0 0
143 124 117 112 115 109 112 110 121 258 241 112 7 0 0 0 0
144 124 115 115 121 112 116 111 122 293 253 114 8 0 0 0 0
105 106 107 105 105 105 100 100 107 142 131 101 9 0 0 0 0
150 135 126 121 114 116 120 115 164 267 229 114 10 0 0 0 0
133 120 111 109 111 109 110 102 122 246 224 15000 11 0 0 0 0
Chip#2
112 100 97 98 98 98 97 100 102 100 99 102 0 0 128 111 66
112 104 102 98 103 105 130 132 72 104 104 107 1 0 0 0 0
128 112 113 105 114 108 174 178 102 109 112 109 2 0 0 0 0
85 105 101 98 100 104 106 104 72 102 100 98 3 0 0 0 0
112 105 97 94 103 99 320 334 102 101 97 102 4 0 0 0 0
112 105 101 102 105 105 369 370 102 99 103 99 5 0 0 0 0
81 102 102 98 103 103 103 108 72 105 104 97 6 0 0 0 0
112 109 106 104 100 105 106 103 102 346 295 103 7 0 0 0 0
112 104 101 99 103 98 102 96 102 248 208 103 8 0 0 0 0
112 107 101 107 106 102 106 102 102 142 123 109 9 0 0 0 0
112 108 100 98 100 103 103 101 100 443 316 107 10 0 0 0 0
112 108 100 97 100 97 98 95 99 223 178 15000 11 0 0 0 0
Chip#1
110 104 116 112 113 109 116 115 101 102 106 109 0 0 192 112 66
139 116 121 141 164 119 200 196 118 118 131 109 1 0 0 0 0
132 108 115 134 141 122 189 189 114 113 131 103 2 0 0 0 0
106 98 111 118 119 106 124 126 103 100 105 95 3 0 0 0 0
132 105 111 134 131 119 313 313 113 107 131 98 4 0 0 0 0
132 113 114 130 133 125 321 322 125 112 131 103 5 0 0 0 0
111 107 112 112 112 108 122 123 108 110 114 102 6 0 0 0 0
147 129 119 116 121 112 117 114 121 261 246 111 7 0 0 0 0
143 124 112 115 115 111 119 112 123 267 251 113 8 0 0 0 0
110 105 110 108 108 105 107 100 108 140 131 103 9 0 0 0 0
149 131 125 116 119 112 115 114 135 261 225 115 10 0 0 0 0
124 117 117 109 113 104 112 110 129 247 227 15000 11 0 0 0 0
Chip#2
112 102 100 95 99 99 93 100 97 100 100 98 0 0 0 113 66
112 103 102 98 101 99 124 125 97 106 103 104 1 0 0 0 0
112 105 97 97 108 104 164 162 97 98 103 99 2 0 0 0 0
112 104 101 102 100 100 106 102 97 106 97 103 3 0 0 0 0
112 106 102 98 101 99 321 337 97 105 104 103 4 0 0 0 0
112 101 101 103 105 104 369 367 97 104 103 98 5 0 0 0 0
112 105 100 99 104 103 103 96 97 107 103 107 6 0 0 0 0
112 108 104 100 101 103 101 106 97 346 290 100 7 0 0 0 0
112 111 110 103 110 106 109 102 97 245 213 109 8 0 0 0 0
112 104 100 97 105 98 97 96 97 133 111 102 9 0 0 0 0
112 111 109 100 103 102 103 96 98 442 318 108 10 0 0 0 0
112 108 101 98 101 102 101 98 98 223 181 15000 11 0 0 0 0
Chip#1
104 97 103 102 103 103 103 100 96 99 98 98 0 0 128 113 66
133 114 112 140 145 115 194 196 112 118 131 102 1 0 0 0 0
116 113 114 136 143 117 189 186 116 118 131 100 2 0 0 0 0
132 102 114 113 112 107 122 125 106 107 131 100 3 0 0 0 0
115 109 115 135 136 125 316 313 122 114 110 105 4 0 0 0 0
111 106 110 127 130 121 314 316 121 108 105 101 5 0 0 0 0
106 107 110 110 108 103 117 116 104 115 112 103 6 0 0 0 0
147 132 116 117 119 113 117 114 123 266 248 115 7 0 0 0 0
135 114 103 110 107 105 110 104 119 254 248 107 8 0 0 0 0
111 108 111 112 109 107 106 106 109 146 147 106 9 0 0 0 0
144 127 116 116 112 113 115 111 131 258 224 106 10 0 0 0 0
144 127 119 118 117 108 119 115 128 256 229 15000 11 0 0 0 0
Chip#2
112 103 101 100 99 103 103 99 102 102 104 103 0 0 128 113 66
86 104 104 100 104 102 129 131 72 107 104 109 1 0 0 0 0
82 106 98 100 109 103 170 162 102 105 102 100 2 0 0 0 0
112 111 107 105 110 111 110 113 102 111 104 104 3 0 0 0 0
112 105 98 99 103 100 322 338 102 101 102 102 4 0 0 0 0
128 114 106 109 115 110 382 378 102 108 110 109 5 0 0 0 0
112 106 97 99 100 106 103 104 102 109 109 104 6 0 0 0 0
112 107 101 99 106 106 105 103 102 344 295 109 7 0 0 0 0
112 107 98 99 103 99 101 97 102 244 208 102 8 0 0 0 0
112 107 101 99 101 100 103 102 102 140 116 105 9 0 0 0 0
112 108 104 98 105 103 105 101 101 437 319 104 10 0 0 0 0
112 118 109 107 108 111 112 107 101 233 191 15000 11 0 0 0 0
Chip#1
104 104 107 108 107 100 105 104 102 102 106 95 0 0 192 114 66
132 114 114 140 144 115 190 189 112 113 131 101 1 0 0 0 0
116 109 112 135 144 114 190 187 109 115 131 102 2 0 0 0 0
105 105 111 112 113 103 122 129 104 102 105 101 3 0 0 0 0
110 108 108 132 130 114 314 310 121 107 110 98 4 0 0 0 0
132 109 115 130 135 124 320 320 123 115 131 101 5 0 0 0 0
112 106 111 112 109 109 121 119 108 115 112 106 6 0 0 0 0
149 132 124 122 122 115 119 116 127 266 250 113 7 0 0 0 0
138 117 116 115 113 104 115 108 116 259 249 111 8 0 0 0 0
116 115 122 117 115 111 114 108 110 148 147 108 9 0 0 0 0
141 124 117 107 113 104 102 102 128 253 212 101 10 0 0 0 0
137 117 114 109 108 101 110 106 127 244 224 15000 11 0 0 0 0
Chip#2
112 105 106 99 103 103 102 98 98 107 100 109 0 0 192 114 66
112 106 102 98 106 99 129 126 98 104 100 100 1 0 0 0 0
112 111 107 104 114 105 171 162 98 105 104 103 2 0 0 0 0
112 107 102 98 103 100 107 102 98 100 97 105 3 0 0 0 0
112 111 104 105 108 108 321 340 98 111 104 105 4 0 0 0 0
112 108 104 104 111 110 373 376 98 106 103 104 5 0 0 0 0
112 109 104 100 111 108 110 106 98 114 112 112 6 0 0 0 0
128 113 99 104 106 103 105 99 98 348 296 107 7 0 0 0 0
85 106 101 103 103 100 106 102 98 253 208 104 8 0 0 0 0
84 98 97 99 103 100 101 100 98 140 116 100 9 0 0 0 0
112 108 104 99 105 98 103 100 98 437 308 104 10 0 0 0 0
80 108 100 97 98 93 98 91 98 218 174 15000 11 0 0 0 0
Chip#1
109 108 110 111 115 107 111 110 106 105 104 106 0 0 0 116 66
109 110 112 130 143 114 186 189 109 110 106 98 1 0 0 0 0
132 116 120 139 144 122 192 193 116 114 131 105 2 0 0 0 0
109 106 111 119 119 109 132 129 106 107 111 108 3 0 0 0 0
132 112 116 134 135 121 315 320 122 110 131 103 4 0 0 0 0
132 110 112 124 128 120 314 315 122 109 107 103 5 0 0 0 0
106 102 106 108 107 107 117 112 100 110 107 95 6 0 0 0 0
140 123 111 109 111 108 114 107 114 253 238 107 7 0 0 0 0
141 122 111 117 119 111 111 109 120 263 254 111 8 0 0 0 0
115 115 117 110 114 112 110 108 108 138 147 108 9 0 0 0 0
139 117 108 106 107 98 105 97 123 243 213 100 10 0 0 0 0
112 112 102 101 102 99 107 99 119 239 217 15000 11 0 0 0 0
Chip#2
85 102 101 100 100 99 100 98 72 104 100 100 0 0 128 116 66
112 104 103 100 105 104 128 125 105 102 102 107 1 0 0 0 0
112 100 101 102 106 98 167 162 105 102 98 97 2 0 0 0 0
112 104 102 100 104 98 105 102 72 100 102 104 3 0 0 0 0
112 103 101 94 100 102 322 332 105 104 99 103 4 0 0 0 0
112 109 107 108 113 110 373 373 105 108 108 110 5 0 0 0 0
112 104 106 107 108 109 107 104 72 112 111 109 6 0 0 0 0
112 112 108 108 109 106 110 100 105 347 298 109 7 0 0 0 0
112 108 106 102 105 103 107 101 105 250 213 108 8 0 0 0 0
112 106 102 99 101 103 101 98 105 132 114 102 9 0 0 0 0
112 109 98 98 99 102 101 96 97 435 311 100 10 0 0 0 0
112 105 101 98 104 102 96 100 97 224 175 15000 11 0 0 0 0
Chip#1
105 106 108 110 111 105 103 107 103 99 102 100 0 0 64 117 66
105 109 111 138 138 113 188 184 113 109 110 100 1 0 0 0 0
108 107 115 133 141 112 186 187 113 107 131 99 2 0 0 0 0
113 104 115 121 120 114 131 133 109 110 112 102 3 0 0 0 0
132 113 116 135 135 121 318 317 122 109 131 106 4 0 0 0 0
119 110 119 136 138 125 320 324 128 117 131 107 5 0 0 0 0
103 105 110 108 112 108 120 115 107 112 131 99 6 0 0 0 0
150 130 116 118 119 113 115 117 123 261 245 114 7 0 0 0 0
141 121 111 113 115 108 114 111 119 257 250 114 8 0 0 0 0
105 106 106 108 106 104 104 101 107 137 131 101 9 0 0 0 0
144 128 116 111 113 108 111 108 129 259 220 109 10 0 0 0 0
135 122 115 112 108 107 112 110 127 244 225 15000 11 0 0 0 0
Chip#2
112 101 98 98 98 104 101 97 98 99 99 99 0 0 64 117 66
112 106 100 99 106 103 129 126 98 104 104 107 1 0 0 0 0
112 108 102 103 106 103 169 162 98 107 106 103 2 0 0 0 0
112 103 98 104 105 104 112 106 98 105 99 108 3 0 0 0 0
112 102 98 99 101 98 315 336 98 101 99 99 4 0 0 0 0
112 106 98 97 103 103 366 364 98 105 103 107 5 0 0 0 0
128 108 103 104 105 106 107 107 98 112 109 104 6 0 0 0 0
112 111 100 98 103 109 105 104 98 344 295 100 7 0 0 0 0
82 110 102 104 106 104 110 104 98 250 209 104 8 0 0 0 0
112 104 98 97 101 102 102 101 98 137 119 102 9 0 0 0 0
112 108 98 95 99 96 101 101 96 434 313 96 10 0 0 0 0
112 109 101 100 101 100 101 101 95 219 173 15000 11 0 0 0 0
