Chipdp
84 2 68 4 16 11 4 1 6 2 6 1 7 2 7 4 4 6 5 6 4 7 5 7 4 7 6 8 6 7 7 8 7 4 10 6 11 6 10 7 11 7 4 1 9 2 9 1 10 2 10 4 4 9 5 9 4 10 5 10 4 7 9 8 9 7 10 8 10 4 10 9 11 9 10 10 11 10 4 1 3 2 3 1 4 2 4 4 4 3 5 3 4 4 5 4 4 7 3 8 3 7 4 8 4 4 10 3 11 3 10 4 11 4 4 1 0 2 0 1 1 2 1 4 4 0 5 0 4 1 5 1 4 7 0 8 0 7 1 8 1 4 10 0 11 0 10 1 11 1 4 1 6 2 6 1 7 2 7 4 4 6 5 6 4 7 5 7 4 7 6 8 6 7 7 8 7 4 10 6 11 6 10 7 11 7 4 1 9 2 9 1 10 2 10 4 4 9 5 9 4 10 5 10 4 7 9 8 9 7 10 8 10 4 10 9 11 9 10 10 11 10 4 1 3 2 3 1 4 2 4 4 4 3 5 3 4 4 5 4 4 7 3 8 3 7 4 8 4 4 10 3 11 3 10 4 11 4 4 1 0 2 0 1 1 2 1 4 4 0 5 0 4 1 5 1 4 7 0 8 0 7 1 8 1 4 10 0 11 0 10 1 11 1 4 6 0 7 0 6 1 7 1 4 6 3 7 3 6 4 7 4 4 6 6 7 6 6 7 7 7 4 6 9 7 9 6 10 7 10 4 9 0 10 0 9 1 10 1 4 9 3 10 3 9 4 10 4 4 9 6 10 6 9 7 10 7 4 9 9 10 9 9 10 10 10 4 3 0 4 0 3 1 4 1 4 3 3 4 3 3 4 4 4 4 3 6 4 6 3 7 4 7 4 3 9 4 9 3 10 4 10 4 0 0 1 0 0 1 1 1 4 0 3 1 3 0 4 1 4 4 0 6 1 6 0 7 1 7 4 0 9 1 9 0 10 1 10 4 7 0 8 0 7 1 8 1 4 7 3 8 3 7 4 8 4 4 7 6 8 6 7 7 8 7 4 7 9 8 9 7 10 8 10 4 10 0 11 0 10 1 11 1 4 10 3 11 3 10 4 11 4 4 10 6 11 6 10 7 11 7 4 10 9 11 9 10 10 11 10 4 4 0 5 0 4 1 5 1 4 4 3 5 3 4 4 5 4 4 4 6 5 6 4 7 5 7 4 4 9 5 9 4 10 5 10 4 1 0 2 0 1 1 2 1 4 1 3 2 3 1 4 2 4 4 1 6 2 6 1 7 2 0 0 
Chip#1
94 99 90 95 104 92 102 93 96 94 95 101 0 0 192 74 66
105 112 100 111 105 106 115 105 102 103 105 108 1 0 0 0 0
93 103 94 95 104 95 115 97 94 92 99 98 2 0 0 0 0
96 101 92 100 104 99 115 99 96 97 99 97 3 0 0 0 0
103 104 98 104 104 98 107 101 99 98 99 101 4 0 0 0 0
94 99 89 93 104 91 107 95 92 91 96 101 5 0 0 0 0
96 105 97 100 104 102 103 103 101 94 100 103 6 0 0 0 0
103 103 97 103 104 100 103 105 102 101 96 101 7 0 0 0 0
90 95 89 89 104 90 103 90 86 88 90 91 8 0 0 0 0
95 106 94 100 104 92 103 102 94 95 96 101 9 0 0 0 0
93 100 94 97 104 99 103 107 96 95 102 101 10 0 0 0 0
91 100 93 94 95 93 103 102 91 94 96 15000 11 0 0 0 0
Chip#1
93 94 88 93 96 95 103 97 91 92 93 93 0 0 128 78 66
95 105 93 102 104 100 106 98 96 94 96 99 1 0 0 0 0
96 105 95 98 104 95 106 104 96 100 100 99 2 0 0 0 0
99 103 93 99 104 100 103 103 96 98 101 98 3 0 0 0 0
96 98 90 89 97 91 103 95 91 91 93 94 4 0 0 0 0
101 106 98 98 104 100 105 103 99 97 101 102 5 0 0 0 0
98 102 92 100 104 100 102 124 100 99 100 103 6 0 0 0 0
103 104 94 104 104 100 106 107 96 100 100 102 7 0 0 0 0
99 105 94 103 104 99 102 105 97 100 104 104 8 0 0 0 0
94 99 89 94 91 95 102 98 90 89 94 98 9 0 0 0 0
104 109 98 106 104 100 107 105 100 101 100 104 10 0 0 0 0
100 100 89 97 104 92 101 105 91 92 99 15000 11 0 0 0 0
Chip#1
96 101 93 98 104 96 101 99 92 93 98 96 0 0 128 81 66
95 100 90 103 101 95 105 98 94 98 98 99 1 0 0 0 0
91 94 87 94 88 88 105 92 80 87 92 92 2 0 0 0 0
99 103 97 100 104 104 107 103 100 98 102 98 3 0 0 0 0
93 98 90 95 96 92 107 95 90 91 95 88 4 0 0 0 0
98 99 98 103 102 99 102 104 92 97 100 98 5 0 0 0 0
99 100 98 106 104 99 105 104 95 95 101 102 6 0 0 0 0
96 101 88 103 104 96 105 105 94 99 100 98 7 0 0 0 0
96 104 93 102 104 99 105 99 99 97 99 103 8 0 0 0 0
95 104 95 101 104 95 105 102 94 98 101 98 9 0 0 0 0
96 101 94 98 104 98 102 102 97 95 98 98 10 0 0 0 0
98 95 85 104 104 94 102 102 91 95 94 15000 11 0 0 0 0
Chip#1
91 92 89 93 88 87 102 96 87 88 92 93 0 0 0 83 66
100 105 97 104 104 99 103 99 97 98 99 98 1 0 0 0 0
100 105 99 103 104 103 105 104 99 100 102 98 2 0 0 0 0
98 98 93 101 100 94 105 95 92 94 98 94 3 0 0 0 0
100 99 99 99 97 96 105 99 95 95 95 99 4 0 0 0 0
98 100 94 99 101 99 105 99 95 94 98 97 5 0 0 0 0
94 100 93 95 104 98 105 103 94 93 98 94 6 0 0 0 0
103 101 97 104 100 98 102 99 95 95 100 97 7 0 0 0 0
92 95 89 93 95 91 102 93 91 89 90 94 8 0 0 0 0
96 101 90 97 104 96 102 99 91 88 95 97 9 0 0 0 0
95 103 94 99 104 99 106 103 94 93 99 99 10 0 0 0 0
93 98 89 98 104 94 106 98 86 91 90 15000 11 0 0 0 0
Chip#1
99 100 95 101 98 100 102 99 98 92 98 101 0 0 192 83 66
96 100 89 95 104 94 101 97 91 93 93 94 1 0 0 0 0
96 103 92 95 95 96 101 102 94 97 99 93 2 0 0 0 0
98 99 94 103 104 106 100 99 100 97 100 92 3 0 0 0 0
96 99 90 100 104 99 100 92 96 94 95 93 4 0 0 0 0
104 107 99 104 104 102 106 105 99 101 102 102 5 0 0 0 0
100 101 98 104 104 102 105 102 99 98 101 101 6 0 0 0 0
99 104 94 100 95 102 105 101 95 98 102 97 7 0 0 0 0
94 101 90 101 98 94 105 101 95 94 96 94 8 0 0 0 0
94 101 92 103 104 98 105 98 92 93 95 96 9 0 0 0 0
98 95 89 94 93 96 105 98 92 93 95 94 10 0 0 0 0
95 99 92 97 104 96 105 98 92 94 95 15000 11 0 0 0 0
Chip#1
94 99 95 94 93 98 103 91 92 92 92 92 0 0 64 84 66
98 103 97 100 98 95 103 99 94 95 98 98 1 0 0 0 0
100 105 93 98 95 96 101 97 96 94 98 94 2 0 0 0 0
93 98 92 95 104 92 101 93 90 91 89 92 3 0 0 0 0
99 105 103 103 104 100 105 98 99 99 104 98 4 0 0 0 0
99 96 92 98 104 99 105 98 92 97 96 98 5 0 0 0 0
100 101 97 100 104 102 103 99 96 97 100 99 6 0 0 0 0
98 101 90 103 95 96 103 98 92 97 92 94 7 0 0 0 0
93 98 93 99 98 92 103 97 94 94 94 92 8 0 0 0 0
104 106 95 103 104 106 108 99 101 100 105 102 9 0 0 0 0
95 103 90 98 104 98 103 96 94 93 98 94 10 0 0 0 0
103 104 97 102 104 102 103 102 92 98 101 15000 11 0 0 0 0
Chip#1
94 94 92 98 93 95 103 93 94 94 95 96 0 0 64 84 66
92 100 88 95 89 92 103 90 89 94 90 92 1 0 0 0 0
101 101 98 103 104 99 103 102 102 95 102 98 2 0 0 0 0
100 96 88 102 96 98 82 95 95 91 98 91 3 0 0 0 0
101 103 99 103 104 102 101 104 102 100 99 97 4 0 0 0 0
95 94 92 101 97 95 101 95 90 92 96 96 5 0 0 0 0
92 96 85 97 89 94 101 97 87 92 96 91 6 0 0 0 0
100 106 95 108 104 102 101 104 99 97 101 103 7 0 0 0 0
96 100 94 106 104 102 103 98 99 95 99 102 8 0 0 0 0
96 98 91 102 98 103 103 99 92 95 98 99 9 0 0 0 0
93 99 89 99 104 95 103 99 91 94 95 97 10 0 0 0 0
100 103 95 100 104 99 103 103 97 97 98 15000 11 0 0 0 0
Chip#1
104 103 95 99 100 100 103 103 101 97 104 94 0 0 128 84 66
88 93 87 95 88 88 103 90 86 85 90 91 1 0 0 0 0
99 103 97 103 102 104 103 103 100 99 101 101 2 0 0 0 0
93 98 90 104 100 99 103 97 98 99 95 96 3 0 0 0 0
98 103 97 99 104 98 105 101 99 99 102 96 4 0 0 0 0
99 105 98 108 104 103 106 104 101 97 99 102 5 0 0 0 0
99 98 93 98 104 96 106 102 94 98 95 94 6 0 0 0 0
95 103 95 102 100 99 106 104 98 99 101 96 7 0 0 0 0
104 106 99 107 104 104 107 104 105 100 104 103 8 0 0 0 0
101 99 93 100 104 96 103 99 99 95 99 97 9 0 0 0 0
95 98 89 95 98 98 103 96 91 92 96 97 10 0 0 0 0
100 105 94 102 104 99 103 101 97 95 104 15000 11 0 0 0 0
Chip#1
95 100 99 101 100 96 103 101 99 97 94 96 0 0 0 85 66
98 100 89 97 98 95 103 93 91 95 94 93 1 0 0 0 0
98 101 92 99 101 93 103 96 92 94 98 99 2 0 0 0 0
98 96 92 99 96 98 102 96 94 94 98 96 3 0 0 0 0
104 101 97 102 100 98 103 103 96 95 100 92 4 0 0 0 0
99 98 93 99 98 96 103 97 94 93 95 92 5 0 0 0 0
101 105 94 104 98 102 103 102 96 98 104 98 6 0 0 0 0
99 100 92 100 104 99 103 98 90 99 100 97 7 0 0 0 0
90 92 88 98 92 89 84 95 89 91 89 90 8 0 0 0 0
96 99 89 97 91 92 101 96 91 88 94 88 9 0 0 0 0
98 100 94 98 104 98 103 105 95 98 98 98 10 0 0 0 0
98 96 87 94 92 88 103 97 91 91 95 15000 11 0 0 0 0
Chip#1
94 100 90 98 97 96 102 101 94 95 96 97 0 0 0 86 66
99 100 94 102 104 96 103 96 92 94 98 96 1 0 0 0 0
103 100 92 99 104 102 105 98 96 98 100 99 2 0 0 0 0
96 95 89 97 104 91 105 96 92 92 93 93 3 0 0 0 0
95 100 89 95 104 98 105 97 95 92 98 92 4 0 0 0 0
99 103 97 103 104 100 105 99 95 98 98 99 5 0 0 0 0
99 96 93 102 100 103 105 101 94 93 100 94 6 0 0 0 0
105 104 95 106 104 104 106 99 96 100 104 97 7 0 0 0 0
96 100 94 102 104 95 102 96 91 97 98 96 8 0 0 0 0
96 98 92 98 98 95 102 98 94 97 96 94 9 0 0 0 0
100 103 95 104 104 103 103 102 101 100 101 103 10 0 0 0 0
99 100 88 92 97 94 103 97 92 94 98 15000 11 0 0 0 0
Chip#1
95 98 90 98 93 99 101 99 92 94 98 96 0 0 192 86 66
94 98 93 94 104 91 101 96 94 93 93 92 1 0 0 0 0
100 104 93 106 104 100 101 97 92 98 99 99 2 0 0 0 0
98 98 94 98 104 96 101 96 95 95 99 92 3 0 0 0 0
96 100 92 97 104 98 101 101 92 93 95 98 4 0 0 0 0
100 102 94 99 104 100 103 105 96 98 104 97 5 0 0 0 0
98 101 93 103 101 96 102 97 96 97 99 98 6 0 0 0 0
98 98 90 102 104 98 102 101 94 94 99 99 7 0 0 0 0
95 100 94 103 104 96 102 98 94 92 99 97 8 0 0 0 0
99 95 90 99 98 93 102 99 87 93 94 94 9 0 0 0 0
99 104 93 103 97 96 103 101 92 100 98 99 10 0 0 0 0
92 95 89 92 97 93 103 97 89 89 93 15000 11 0 0 0 0
Chip#1
95 96 94 99 104 96 103 97 96 97 99 96 0 0 64 88 66
92 96 89 98 98 96 103 97 90 95 94 96 1 0 0 0 0
100 103 97 100 104 103 103 102 101 99 101 97 2 0 0 0 0
95 100 89 95 104 98 103 95 87 93 93 92 3 0 0 0 0
95 98 90 95 104 103 103 102 95 95 99 94 4 0 0 0 0
108 107 97 106 104 108 108 107 99 99 105 102 5 0 0 0 0
96 99 94 98 98 99 108 105 95 99 99 94 6 0 0 0 0
96 106 94 103 104 102 102 99 94 98 101 94 7 0 0 0 0
101 110 102 108 104 107 100 107 101 103 105 107 8 0 0 0 0
95 99 88 97 98 96 100 101 89 92 96 92 9 0 0 0 0
98 101 94 99 97 100 100 99 95 100 96 93 10 0 0 0 0
96 98 95 99 104 94 100 97 95 95 96 15000 11 0 0 0 0
Chip#1
95 103 93 99 104 96 100 97 94 97 95 97 0 0 128 89 66
95 103 93 102 96 95 100 99 92 94 96 94 1 0 0 0 0
99 106 95 98 102 96 100 99 95 99 101 98 2 0 0 0 0
98 101 93 106 104 99 100 98 94 99 98 98 3 0 0 0 0
98 99 92 99 104 98 100 105 97 103 98 97 4 0 0 0 0
99 99 92 102 95 103 105 102 98 95 99 98 5 0 0 0 0
95 100 88 100 96 96 105 101 95 97 99 96 6 0 0 0 0
95 96 89 101 97 91 105 97 91 97 96 96 7 0 0 0 0
96 103 92 106 104 99 105 97 97 99 99 103 8 0 0 0 0
95 100 90 94 104 99 105 98 96 93 98 101 9 0 0 0 0
95 104 88 97 104 98 105 103 91 98 94 98 10 0 0 0 0
94 98 89 97 98 94 105 97 91 93 96 15000 11 0 0 0 0
Chip#1
98 99 90 97 97 98 105 93 95 94 93 93 0 0 192 90 66
99 99 95 99 104 94 105 97 94 94 96 96 1 0 0 0 0
98 101 97 103 104 95 105 99 95 99 102 96 2 0 0 0 0
95 96 93 97 101 95 105 92 92 99 93 93 3 0 0 0 0
103 103 95 100 100 99 102 104 100 101 104 98 4 0 0 0 0
94 94 87 99 98 95 102 98 86 91 94 88 5 0 0 0 0
98 100 90 100 104 95 102 102 95 92 94 96 6 0 0 0 0
100 106 94 104 104 102 106 102 97 100 100 98 7 0 0 0 0
98 96 89 98 104 94 106 95 89 92 93 93 8 0 0 0 0
100 101 92 107 95 102 106 103 95 100 102 98 9 0 0 0 0
98 103 99 102 104 103 102 109 99 101 101 101 10 0 0 0 0
98 98 89 100 104 94 102 99 92 94 95 15000 11 0 0 0 0
Chip#1
94 94 88 97 89 92 102 95 89 93 89 94 0 0 192 91 66
96 98 89 97 104 92 102 93 94 95 93 97 1 0 0 0 0
96 103 92 99 104 99 102 96 94 95 99 97 2 0 0 0 0
99 99 93 102 104 99 103 99 94 97 100 99 3 0 0 0 0
95 95 90 92 104 91 103 99 92 91 93 91 4 0 0 0 0
96 103 94 106 104 106 103 101 101 99 102 102 5 0 0 0 0
99 105 95 103 104 100 103 103 101 95 98 99 6 0 0 0 0
106 103 95 103 104 104 102 104 101 97 99 98 7 0 0 0 0
104 105 99 104 104 103 102 103 101 98 104 102 8 0 0 0 0
96 100 94 97 95 98 102 101 102 93 100 99 9 0 0 0 0
95 96 88 94 104 94 102 95 91 92 95 93 10 0 0 0 0
96 96 92 94 95 96 102 98 92 89 94 15000 11 0 0 0 0
Chip#1
93 98 92 94 97 95 83 95 91 91 93 92 0 0 192 92 66
99 95 94 94 104 98 117 96 91 93 93 97 1 0 0 0 0
96 99 92 102 104 96 101 99 91 97 98 92 2 0 0 0 0
98 100 97 99 104 103 98 99 100 95 100 97 3 0 0 0 0
96 96 89 95 104 94 99 96 94 94 95 93 4 0 0 0 0
94 99 93 99 104 102 98 99 94 95 96 97 5 0 0 0 0
95 98 88 99 95 96 98 97 94 94 93 92 6 0 0 0 0
98 99 88 99 97 102 98 98 92 97 90 93 7 0 0 0 0
88 94 88 95 95 95 82 95 91 88 92 91 8 0 0 0 0
99 99 93 102 100 103 101 98 96 99 99 98 9 0 0 0 0
100 104 97 104 104 102 105 105 100 104 99 102 10 0 0 0 0
101 103 99 104 104 106 105 102 99 103 101 15000 11 0 0 0 0
Chip#1
98 101 93 98 98 99 100 99 97 95 96 97 0 0 128 93 66
93 96 90 95 96 92 100 93 87 94 92 94 1 0 0 0 0
104 105 98 104 104 103 106 107 100 101 107 103 2 0 0 0 0
99 98 92 94 104 98 106 99 91 94 95 97 3 0 0 0 0
92 92 90 95 100 95 106 95 92 91 92 86 4 0 0 0 0
94 99 92 97 104 95 106 97 97 94 96 97 5 0 0 0 0
99 99 94 104 100 102 101 102 95 99 100 99 6 0 0 0 0
100 101 92 100 104 98 101 101 96 99 101 98 7 0 0 0 0
101 95 93 103 98 98 101 99 92 89 99 97 8 0 0 0 0
101 100 92 102 102 98 105 103 95 98 101 99 9 0 0 0 0
105 105 93 107 104 103 106 105 96 95 98 97 10 0 0 0 0
98 104 92 102 104 100 103 105 100 94 99 15000 11 0 0 0 0
Chip#1
99 99 97 99 104 95 103 97 94 93 100 94 0 0 64 94 66
106 106 102 109 104 108 112 107 104 105 105 104 1 0 0 0 0
105 106 98 104 102 102 106 101 100 101 101 103 2 0 0 0 0
92 96 85 98 95 88 106 93 91 89 92 86 3 0 0 0 0
105 103 97 106 104 106 103 99 102 101 101 98 4 0 0 0 0
93 98 93 97 98 95 103 97 92 97 93 94 5 0 0 0 0
94 99 87 97 98 99 105 95 91 95 94 91 6 0 0 0 0
104 110 100 104 104 102 105 104 101 103 102 102 7 0 0 0 0
99 103 95 108 104 102 103 102 101 104 105 101 8 0 0 0 0
105 104 95 103 104 100 105 101 97 103 104 98 9 0 0 0 0
91 95 88 97 104 100 105 93 87 95 94 91 10 0 0 0 0
106 110 97 103 102 100 107 103 100 98 102 15000 11 0 0 0 0
Chip#1
90 93 90 89 96 92 107 91 92 91 93 93 0 0 192 94 66
94 100 89 98 95 96 107 92 92 91 98 94 1 0 0 0 0
101 109 94 107 100 106 107 101 95 99 107 97 2 0 0 0 0
95 100 93 103 97 100 107 97 94 92 98 98 3 0 0 0 0
99 106 97 106 101 100 100 106 100 97 104 99 4 0 0 0 0
101 106 99 100 104 102 106 101 101 98 105 99 5 0 0 0 0
98 101 95 97 104 99 106 96 97 94 99 94 6 0 0 0 0
100 100 95 100 97 100 105 102 97 99 102 103 7 0 0 0 0
98 99 92 100 104 102 105 95 95 92 102 94 8 0 0 0 0
93 103 93 98 104 100 100 96 95 93 98 97 9 0 0 0 0
98 104 94 100 104 98 100 101 97 97 99 99 10 0 0 0 0
93 95 92 97 96 93 100 96 92 91 90 15000 11 0 0 0 0
Chip#1
101 105 99 102 104 103 101 102 99 99 99 98 0 0 128 95 66
96 104 90 102 100 98 101 98 97 97 96 98 1 0 0 0 0
91 96 90 93 95 94 101 96 91 89 95 91 2 0 0 0 0
92 94 89 94 92 95 101 92 89 91 92 92 3 0 0 0 0
92 95 90 94 98 96 101 93 92 94 98 96 4 0 0 0 0
98 103 97 103 104 100 105 101 95 95 99 98 5 0 0 0 0
95 95 85 93 89 89 105 95 94 91 92 93 6 0 0 0 0
96 103 90 102 98 92 105 96 92 95 96 93 7 0 0 0 0
103 103 95 98 104 94 105 99 96 95 95 99 8 0 0 0 0
95 98 92 97 96 98 105 97 95 93 98 92 9 0 0 0 0
90 98 87 94 93 88 105 97 87 89 90 87 10 0 0 0 0
94 96 89 94 93 92 105 95 92 91 88 15000 11 0 0 0 0
Chip#1
95 95 92 101 101 96 105 98 97 91 98 94 0 0 0 96 66
94 99 93 100 104 98 102 98 94 97 98 100 1 0 0 0 0
105 103 97 104 102 102 105 99 100 99 104 98 2 0 0 0 0
103 107 100 108 102 106 108 103 104 102 102 103 3 0 0 0 0
100 104 97 107 104 103 106 104 101 101 109 103 4 0 0 0 0
95 94 90 98 98 94 106 93 90 95 94 96 5 0 0 0 0
95 96 95 102 101 103 106 103 95 94 103 101 6 0 0 0 0
103 101 99 111 101 106 111 103 101 106 106 102 7 0 0 0 0
92 100 92 103 104 98 111 101 94 93 100 99 8 0 0 0 0
98 101 92 104 98 104 111 96 92 94 98 98 9 0 0 0 0
94 99 92 98 104 100 111 97 91 95 96 99 10 0 0 0 0
99 99 94 102 104 99 102 101 95 97 99 15000 11 0 0 0 0
Chip#1
96 93 90 99 104 99 102 99 94 91 94 92 0 0 128 96 66
95 101 93 99 104 96 102 96 94 97 93 96 1 0 0 0 0
98 103 93 102 104 99 108 98 96 99 101 98 2 0 0 0 0
103 101 98 104 104 102 105 96 96 99 101 94 3 0 0 0 0
105 103 95 100 104 104 105 103 96 101 101 99 4 0 0 0 0
104 110 99 107 104 107 108 107 100 103 106 103 5 0 0 0 0
94 101 90 99 104 102 108 97 94 92 99 93 6 0 0 0 0
93 96 93 99 92 99 101 96 99 97 93 93 7 0 0 0 0
98 100 95 104 100 99 101 99 95 97 100 97 8 0 0 0 0
100 105 93 102 101 102 105 106 95 100 99 99 9 0 0 0 0
99 103 94 98 98 102 103 101 96 97 100 98 10 0 0 0 0
96 101 95 98 98 99 103 99 97 95 99 15000 11 0 0 0 0
Chip#1
98 95 93 102 97 102 98 101 95 92 100 94 0 0 64 97 66
94 95 87 90 92 88 98 91 85 88 90 91 1 0 0 0 0
101 104 93 98 104 102 105 99 99 94 100 99 2 0 0 0 0
96 101 94 99 104 103 102 97 97 99 100 98 3 0 0 0 0
98 101 95 98 95 102 102 102 99 94 96 98 4 0 0 0 0
94 100 95 98 104 99 105 99 97 98 99 93 5 0 0 0 0
96 98 92 97 98 99 105 93 92 94 96 94 6 0 0 0 0
96 98 90 98 92 96 84 97 92 98 94 96 7 0 0 0 0
98 104 94 103 104 102 105 104 99 99 104 104 8 0 0 0 0
101 104 97 102 104 103 107 103 97 98 99 98 9 0 0 0 0
103 101 100 103 104 103 102 103 101 98 105 101 10 0 0 0 0
101 104 100 102 104 104 105 105 97 100 104 15000 11 0 0 0 0
Chip#1
99 100 95 103 98 102 102 96 95 95 99 98 0 0 192 97 66
105 109 95 104 98 100 107 102 96 97 101 101 1 0 0 0 0
100 101 95 102 104 99 103 99 94 94 99 98 2 0 0 0 0
100 100 95 99 104 96 106 101 96 100 102 98 3 0 0 0 0
94 94 92 90 96 92 106 89 87 88 93 90 4 0 0 0 0
95 103 89 95 100 99 102 95 95 93 98 96 5 0 0 0 0
105 105 99 104 100 103 102 106 99 98 104 103 6 0 0 0 0
91 99 87 98 104 95 102 95 91 93 95 92 7 0 0 0 0
96 100 97 100 104 96 102 97 91 94 98 97 8 0 0 0 0
95 100 95 98 98 99 100 96 91 98 94 94 9 0 0 0 0
96 104 95 98 104 96 103 102 92 97 99 94 10 0 0 0 0
101 104 94 99 95 102 106 98 95 92 99 15000 11 0 0 0 0
Chip#1
95 92 88 95 92 89 106 93 86 88 94 88 0 0 192 98 66
100 106 99 102 104 103 102 99 96 95 98 101 1 0 0 0 0
105 104 98 102 104 100 106 101 96 95 99 102 2 0 0 0 0
93 95 93 97 104 99 106 97 94 93 96 93 3 0 0 0 0
92 95 87 89 95 91 106 90 90 87 94 88 4 0 0 0 0
94 99 99 98 104 98 103 101 95 93 96 96 5 0 0 0 0
95 101 93 103 98 102 103 99 94 95 95 96 6 0 0 0 0
95 94 92 100 104 99 103 98 94 99 99 92 7 0 0 0 0
103 105 98 109 104 99 105 101 104 100 102 103 8 0 0 0 0
93 101 87 100 104 96 105 92 94 94 96 96 9 0 0 0 0
101 110 99 108 104 106 106 105 101 106 106 101 10 0 0 0 0
100 100 90 99 101 95 106 101 95 95 94 15000 11 0 0 0 0
Chip#1
93 95 93 94 104 91 106 95 92 94 94 91 0 0 128 99 66
101 103 94 100 104 100 103 95 95 98 95 101 1 0 0 0 0
100 104 100 98 104 106 103 101 96 99 99 98 2 0 0 0 0
104 100 99 106 104 103 106 107 101 101 101 102 3 0 0 0 0
99 99 97 99 101 96 101 99 95 98 98 97 4 0 0 0 0
90 95 92 92 95 93 101 96 89 95 90 90 5 0 0 0 0
93 99 89 95 104 96 101 95 91 92 93 98 6 0 0 0 0
101 107 97 106 104 103 105 107 105 103 102 101 7 0 0 0 0
101 101 99 107 95 106 106 99 98 100 101 102 8 0 0 0 0
94 94 90 101 95 99 106 92 87 88 90 96 9 0 0 0 0
96 104 97 102 104 99 103 102 97 98 99 102 10 0 0 0 0
98 100 100 102 95 102 103 101 96 95 101 15000 11 0 0 0 0
Chip#1
95 94 90 92 95 91 103 93 85 87 93 92 0 0 64 100 66
101 103 93 104 101 103 103 97 92 98 100 102 1 0 0 0 0
100 103 93 101 100 96 103 96 94 95 99 94 2 0 0 0 0
93 99 94 100 104 96 103 97 97 93 95 94 3 0 0 0 0
92 95 92 97 104 98 103 98 90 91 93 90 4 0 0 0 0
98 106 95 102 104 103 101 99 98 99 102 97 5 0 0 0 0
100 98 94 100 96 99 101 98 92 92 94 96 6 0 0 0 0
99 103 98 107 104 100 106 98 95 98 99 100 7 0 0 0 0
103 98 94 103 97 99 106 98 99 97 101 96 8 0 0 0 0
103 105 98 109 97 100 103 102 99 100 102 99 9 0 0 0 0
96 100 92 101 104 99 103 97 95 92 96 96 10 0 0 0 0
99 101 95 103 104 98 102 99 96 99 100 15000 11 0 0 0 0
Chip#1
92 95 87 90 104 90 108 93 90 86 93 91 0 0 0 101 66
104 110 97 106 104 103 107 103 101 101 101 101 1 0 0 0 0
100 101 92 99 96 94 107 96 92 95 99 94 2 0 0 0 0
95 95 94 98 100 92 103 96 92 95 93 93 3 0 0 0 0
98 101 98 102 104 99 103 99 95 97 98 92 4 0 0 0 0
101 101 100 103 95 102 103 103 99 98 99 98 5 0 0 0 0
101 99 98 101 101 102 102 103 97 94 100 93 6 0 0 0 0
103 104 97 104 104 107 105 104 101 105 105 97 7 0 0 0 0
99 102 98 104 104 100 105 99 100 97 100 98 8 0 0 0 0
92 98 88 93 91 88 105 95 89 88 94 86 9 0 0 0 0
100 99 95 102 104 99 102 101 97 98 101 97 10 0 0 0 0
98 100 92 103 95 100 103 101 94 95 99 15000 11 0 0 0 0
Chip#1
99 98 95 95 104 102 103 99 92 95 99 101 0 0 192 101 66
104 105 99 103 101 102 106 105 104 103 101 103 1 0 0 0 0
96 98 93 97 98 92 106 96 92 91 100 91 2 0 0 0 0
99 103 95 97 104 96 106 98 94 95 99 98 3 0 0 0 0
104 104 98 102 104 104 103 103 105 99 102 99 4 0 0 0 0
94 94 93 95 97 96 103 98 94 92 98 96 5 0 0 0 0
98 98 100 99 104 107 103 101 96 98 98 98 6 0 0 0 0
98 101 93 97 104 94 103 99 94 97 95 99 7 0 0 0 0
95 95 94 98 97 92 103 95 90 92 98 94 8 0 0 0 0
101 101 97 98 101 98 105 101 95 99 96 97 9 0 0 0 0
94 96 94 95 104 96 101 99 91 91 99 96 10 0 0 0 0
100 100 95 95 100 99 105 99 90 94 95 15000 11 0 0 0 0
Chip#1
93 96 87 95 97 98 105 95 96 89 94 96 0 0 64 102 66
103 101 99 101 101 100 105 102 99 100 99 97 1 0 0 0 0
99 105 94 99 100 96 102 103 97 95 100 99 2 0 0 0 0
98 100 97 100 104 99 102 98 99 99 95 98 3 0 0 0 0
99 98 97 100 104 103 102 101 94 93 96 94 4 0 0 0 0
96 103 98 99 102 100 102 102 98 94 99 96 5 0 0 0 0
98 95 93 98 104 95 102 101 96 95 95 94 6 0 0 0 0
100 98 94 102 97 99 103 97 95 98 104 101 7 0 0 0 0
96 103 95 104 97 103 103 102 102 97 98 101 8 0 0 0 0
101 107 102 107 104 106 109 102 97 100 104 101 9 0 0 0 0
99 101 93 99 100 96 105 98 92 98 100 94 10 0 0 0 0
106 111 103 102 100 106 109 105 101 101 107 15000 11 0 0 0 0
Chip#1
95 99 95 98 104 103 109 101 94 97 98 94 0 0 0 103 66
100 106 97 99 100 98 101 97 96 94 99 98 1 0 0 0 0
98 103 90 97 93 96 101 97 94 91 98 91 2 0 0 0 0
103 104 103 100 104 102 105 101 97 98 102 97 3 0 0 0 0
98 98 97 99 97 99 106 101 95 100 100 96 4 0 0 0 0
99 101 97 103 104 98 106 97 95 95 98 97 5 0 0 0 0
94 95 90 98 93 99 106 93 92 94 94 92 6 0 0 0 0
98 99 92 102 100 99 106 99 99 94 99 97 7 0 0 0 0
95 96 90 97 104 92 106 95 91 92 96 91 8 0 0 0 0
99 106 98 102 104 102 105 102 100 100 100 102 9 0 0 0 0
92 96 92 95 104 92 105 97 92 89 95 97 10 0 0 0 0
100 101 95 99 104 99 105 99 95 92 96 15000 11 0 0 0 0
Chip#1
93 98 89 98 93 94 105 96 90 94 92 94 0 0 128 103 66
98 99 95 97 100 96 105 99 91 97 98 92 1 0 0 0 0
98 98 90 97 104 99 105 97 95 98 98 92 2 0 0 0 0
99 99 93 102 100 95 105 98 96 100 99 91 3 0 0 0 0
96 103 98 97 104 103 103 101 102 99 100 98 4 0 0 0 0
99 100 92 97 104 99 103 96 96 97 101 98 5 0 0 0 0
105 104 100 107 104 102 106 104 102 106 101 102 6 0 0 0 0
108 107 97 104 104 107 107 102 102 104 105 104 7 0 0 0 0
95 101 93 98 104 96 107 95 100 101 95 98 8 0 0 0 0
98 104 89 95 104 94 107 95 92 94 95 92 9 0 0 0 0
106 103 95 102 101 103 105 102 99 103 98 98 10 0 0 0 0
103 109 100 106 104 103 107 107 99 101 100 15000 11 0 0 0 0
Chip#1
99 101 97 99 104 99 102 102 97 97 100 98 0 0 0 104 66
103 101 93 100 104 102 103 95 91 93 96 98 1 0 0 0 0
94 94 89 94 92 95 103 95 89 86 93 91 2 0 0 0 0
96 99 98 95 100 100 89 99 99 97 98 94 3 0 0 0 0
98 100 100 97 104 103 106 102 96 95 101 98 4 0 0 0 0
95 99 98 99 96 95 106 95 94 98 94 92 5 0 0 0 0
96 100 97 98 100 104 106 103 95 95 99 97 6 0 0 0 0
88 94 88 93 91 92 106 98 92 87 95 91 7 0 0 0 0
101 105 97 106 91 102 103 102 99 99 100 101 8 0 0 0 0
95 96 88 95 104 92 103 97 94 89 96 93 9 0 0 0 0
103 98 100 104 104 102 102 98 99 101 102 97 10 0 0 0 0
106 106 102 109 104 106 111 109 104 103 106 15000 11 0 0 0 0
