Chip#1
108 112 103 108 105 111 107 108 103 99 111 110 0 165 120 142 23
106 107 127 145 104 126 153 110 104 142 109 105 1 0 0 0 0
103 106 349 431 108 397 683 126 256 614 163 104 2 0 0 0 0
110 111 165 203 108 201 312 111 163 350 124 108 3 0 0 0 0
103 107 104 107 105 108 107 104 99 105 100 105 4 0 0 0 0
99 102 113 115 100 110 115 105 188 348 124 98 5 0 0 0 0
104 111 109 113 105 111 115 105 165 276 116 104 6 0 0 0 0
102 102 100 106 102 103 105 103 104 103 101 100 7 0 0 0 0
99 100 112 114 97 107 107 98 96 91 97 95 8 0 0 0 0
101 104 110 110 105 111 117 103 101 103 102 104 9 0 0 0 0
103 104 100 107 101 103 104 102 99 97 100 99 10 0 0 0 0
104 106 108 102 102 105 104 105 103 101 100 15000 11 0 0 0 0
