
DEF UK020 {
Kb {

              -0.312820513   ,            30.564102564   ,            4.5   ,       10   ,
              0.016326531   ,             -2.081632653   ,            5.0   ,       2   ,
              0.256410256   ,             -63.282051282   ,           3.9   ,       4   ,
              0.184615385   ,             27.076923077   ,            4.0   ,       8   ,
              0.276923077   ,             -82.384615385   ,           4.4   ,       -10   ,
              0.092307692   ,             -10.461538462   ,           4.0   ,       6   ,
              0.179487179   ,             1.102564103   ,             3.8   ,       27   ,
              0.128205128   ,             -48.641025641   ,           4.0   ,       0   ,
              0.035897436   ,             3.820512821   ,             4.0   ,       17   ,
              -0.107692308   ,            34.538461538   ,            4.5   ,       21   ,
              0.092307692   ,             44.538461538   ,            5.0   ,       -21   ,
              -0.030769231   ,            3.153846154   ,             4.7   ,       27

}
   Fpn_lg {
        359.2291667,	395.96875,	415.8020833,	466.5208333,	281.9895833,	448.21875,	380.8541667,	350.7083333,	406.9895833,	447.3854167,	386.9791667,	379.8854167

   }
   Fpn_hg {
        190.6354167,	224.9479167,	255.3854167,	303.5729167,	110.9270833,	292.8333333,	205.53125,	178.6979167,	254.84375,	288.1875,	212.9479167,	207.125

   }
   AutoV20_lg { 
       0x06
    }
   AutoV20_hg {
        0x0a
    }
   AutoV15 {
       0x09
    }
   Rampgen {
        0x8F
   }
   
    Temp_calib {
        0, 0.0, 0,0,0,0,0,0,0,0,0,0
 }
}

DEF UK023 {
Kb {

              -0.343589744   ,            47.717948718   ,            6.7   ,       1   ,
              -0.334693878   ,            28.673469388   ,            5.7   ,       -8   ,
              -0.205128205   ,            70.025641026   ,            7.0   ,       33   ,
              -0.256410256   ,            42.282051282   ,            6.7   ,       15   ,
              -0.497435897   ,            38.487179487   ,            7.5   ,       2   ,
              -0.307692308   ,            48.538461538   ,            6.0   ,       -5   ,
              -0.246153846   ,            56.230769231   ,            7.0   ,       29   ,
              -0.061538462   ,            39.307692308   ,            6.7   ,       0   ,
              -0.353846154   ,            56.769230769   ,            6.7   ,       1   ,
              -0.148717949   ,            25.743589744   ,            7.0   ,       7   ,
              -0.256410256   ,            47.282051282   ,            6.7   ,       24   ,
              -0.071794872   ,            -40.641025641   ,           6.5   ,       14

}
   Fpn_lg {
        397.1979167,	357.6875,	359.65625,	312.0416667,	332.9791667,	384.78125,	380.0520833,	356.6666667,	390.9375,	292.2604167,	320.4583333,	304.71875

   }
   Fpn_hg {
        410.84375,	369.5208333,	374.6145833,	326.0625,	347.0416667,	398.90625,	394.0625,	367.53125,	407.6145833,	305.5520833,	334.34375,	318.5729167

   }
   AutoV20_lg { 
       0x07
    }
   AutoV20_hg {
        0x09
    }
   AutoV15 {
       0x08
    }
   Rampgen {
        0x7C
   }
   
    Temp_calib {
        0, 0.0, 0,0,0,0,0,0,0,0,0,0
 }
}


DEF UK021 {
Kb {

              -0.169230769   ,            -22.153846154   ,           3.8   ,       5   ,
              0.232653061   ,             -11.163265306   ,           3.5   ,       8   ,
              -0.271794872   ,            89.358974359   ,            3.5   ,       21   ,
              -0.133333333   ,            -0.333333333   ,            3.5   ,       11   ,
              0.189743590   ,             -18.948717949   ,           4.0   ,       0   ,
              -0.317948718   ,            82.589743590   ,            4.5   ,       0   ,
              0.164102564   ,             -12.820512821   ,           3.7   ,       3   ,
              0.041025641   ,             60.794871795   ,            4.0   ,       16   ,
              0.087179487   ,             -19.435897436   ,           3.9   ,       17   ,
              -0.102564103   ,            18.512820513   ,            4.0   ,       -5   ,
              -0.256410256   ,            49.282051282   ,            4.0   ,       -15   ,
              0.020512821   ,             -27.102564103   ,           3.5   ,       -1

}
   Fpn_lg {
        215.3333333,	203.9166667,	217.21875,	223.1979167,	154.4166667,	204.4895833,	119.7395833,	300.5416667,	166.7395833,	210.3541667,	114.9270833,	158.8125

   }
   Fpn_hg {
        144.4166667,	133.5416667,	149.1145833,	150.0208333,	81.67708333,	132.9166667,	48,	203.9479167,	94.15625,	141.4166667,	49.17708333,	87.25

   }
   AutoV20_lg { 
       0x08
    }
   AutoV20_hg {
        0x0b
    }
   AutoV15 {
       0x07
    }
   Rampgen {
        0xA9
   }
   
    Temp_calib {
        0, 0.0, 0,0,0,0,0,0,0,0,0,0
 }
}

DEF UK022 {
Kb {

              -0.066666667   ,            -61.666666667   ,           3.8   ,       1   ,
              -0.085714286   ,            -10.571428571   ,           3.5   ,       -18   ,
              -0.323076923   ,            70.615384615   ,            4.0   ,       6   ,
              0.148717949   ,             -21.743589744   ,           3.3   ,       -4   ,
              -0.210256410   ,            24.051282051   ,            4.0   ,       11   ,
              -0.138461538   ,            79.692307692   ,            3.7   ,       13   ,
              0.133333333   ,             4.333333333   ,             3.7   ,       -10   ,
              0.169230769   ,             -18.846153846   ,           3.5   ,       0   ,
              0.133333333   ,             -3.666666667   ,            3.9   ,       1   ,
              -0.225641026   ,            81.128205128   ,            3.5   ,       24   ,
              -0.010256410   ,            -36.948717949   ,           3.5   ,       6   ,
              0.230769231   ,             -24.153846154   ,           3.1   ,       -13

}
   Fpn_lg {
        160.0416667,	149.4583333,	173.25,	146.4166667,	120.7916667,	208.5833333,	219.0104167,	263.1145833,	113.6875,	176.2083333,	136.2708333,	145.4583333

   }
   Fpn_hg {
        167.6041667,	157.1041667,	181.4895833,	154.6979167,	127.375,	216.0208333,	227.5625,	271.34375,	120.2083333,	182.2708333,	145.8541667,	153.25

   }
   AutoV20_lg { 
       0x09
    }
   AutoV20_hg {
        0x0b
    }
   AutoV15 {
       0x06
    }
   Rampgen {
        0x9A
   }
   
    Temp_calib {
        0, 0.0, 0,0,0,0,0,0,0,0,0,0
 }
}