DEF 18823069 {
Version {
0x2
}
Kb {
-0.122, 76.287, -0.174, 125.810, 2.780, -13.437,
0.167, 10.176, 0.288, -15.799, 2.059, -8.390,
-0.028, 38.091, -0.090, 66.133, 1.647, -0.671,
0.199, 45.140, 0.204, 48.605, 1.948, -7.855,
0.336, -62.318, 0.248, -75.163, 0.920, 7.000,
0.106, -6.290, 0.136, 18.829, 1.344, -1.452,
-0.069, 70.247, -0.175, 106.940, 1.802, -3.852,
0.121, -44.087, 0.099, -41.415, 1.540, 1.974,
0.207, -23.204, 0.193, -40.615, 1.485, -4.808,
0.244, -96.305, 0.327, -132.850, 6.000, 7.000,
-0.266, 103.300, -0.313, 147.420, 3.577, -15.856,
-0.153, -12.120, -0.250, -2.664, 1.396, 0.000
}
Fpn_lg {
180.472, 182.806, 85.583, 201.278, 201.583, 174.778, 203.667, 114.639, 202.111, 174.333, 201.472, 77.611
}
Fpn_hg {
193.639, 196.806, 100.500, 215.972, 210.000, 188.194, 219.250, 129.333, 215.389, 183.167, 216.583, 93.056
}
AutoV20_lg {
0x8
}
AutoV20_hg {
0xa
}
Rampgen {
0x81
}
Range {
0xf
}
AutoV15 {
0x8
}
Temp_calib {
29.500, -47.684, 0.000, 0.000, 0.000, 0.000, 0.000, 0.000, 0.000, 0.000, 0.000, 0.000
}
}



DEF 18823070 {
Version {
0x2
}
Kb {
-0.242, 34.209, -0.247, 40.770, 2.374, 7.010,
0.155, -34.165, 0.229, -41.794, 1.952, 15.740,
-0.040, 37.897, 0.009, 32.329, 3.085, -7.134,
-0.245, 97.838, -0.323, 110.620, 3.099, 0.965,
-0.131, 44.321, -0.110, 53.852, 2.757, 1.022,
0.131, -27.874, 0.107, -40.081, 2.567, 8.449,
-0.017, 71.519, -0.013, 52.897, 2.749, 4.505,
-0.290, 43.497, -0.229, 54.077, 3.305, -8.829,
0.004, -40.562, 0.074, -46.761, 2.576, -7.040,
0.103, -16.188, 0.081, -44.709, 2.580, 7.512,
-0.051, -12.484, 0.017, -29.013, 2.898, 1.067,
-0.390, 40.196, -0.426, 60.995, 2.697, 0.000
}
Fpn_lg {
79.500, 242.472, 136.944, 143.722, 149.222, 136.389, 162.806, 179.667, 98.028, 135.667, 176.361, 275.694
}
Fpn_hg {
102.583, 253.861, 160.611, 166.583, 173.111, 161.361, 188.472, 203.778, 121.528, 160.889, 200.111, 294.583
}
AutoV20_lg {
0x8
}
AutoV20_hg {
0xa
}
Rampgen {
0xa0
}
Range {
0xf
}
AutoV15 {
0x5
}
Temp_calib {
29.500, -18.435, 0.000, 0.000, 0.000, 0.000, 0.000, 0.000, 0.000, 0.000, 0.000, 0.000
}
}




DEF 18823040 {
Version {
0x2
}
Kb {
-0.401, 82.519, -0.403, 100.050, 3.411, -6.881,
0.024, 5.535, 0.081, -16.514, 2.964, 7.196,
-0.059, 10.785, -0.040, -4.634, 2.627, -1.038,
-0.175, 2.356, -0.095, -6.271, 2.549, 1.542,
0.198, -62.886, 0.286, -55.530, 1.911, 2.978,
-0.067, 29.952, -0.070, 42.958, 2.711, 2.063,
0.080, -27.366, 0.159, -42.143, 2.334, 8.512,
0.109, -25.291, 0.139, -47.171, 1.979, 3.243,
0.026, -23.446, 0.120, -45.548, 2.576, 6.889,
0.118, 53.332, 0.165, 28.607, 2.515, 1.717,
0.020, 69.311, 0.030, 91.357, 2.274, -5.931,
0.376, -53.524, 0.403, -77.964, 2.328, 0.000
}
Fpn_lg {
159.361, 95.917, 190.944, 58.167, 87.167, 149.444, 124.750, 75.778, 120.639, 122.222, 196.278, 91.083
}
Fpn_hg {
186.917, 124.694, 219.167, 88.556, 115.056, 178.889, 154.639, 102.611, 150.944, 149.444, 222.556, 120.417
}
AutoV20_lg {
0x8
}
AutoV20_hg {
0xa
}
Rampgen {
0xab
}
Range {
0xf
}
AutoV15 {
0x6
}
Temp_calib {
29.500, -52.798, 0.000, 0.000, 0.000, 0.000, 0.000, 0.000, 0.000, 0.000, 0.000, 0.000
}
}


DEF 18823041 {
Version {
0x2
}
Kb {
0.225, -28.681, 0.255, -47.600, 2.038, 7.544,
0.092, -33.147, 0.075, -36.999, 2.767, -0.852,
0.175, -5.173, 0.219, -3.993, 2.978, -2.633,
0.248, -73.418, 0.235, -101.080, 2.328, 10.654,
0.178, -12.049, 0.255, -24.684, 2.872, 0.000,
0.143, 14.099, 0.187, 30.461, 2.774, 0.000,
-0.103, 28.525, -0.048, 35.385, 2.408, 7.755,
0.013, 11.135, 0.036, 13.165, 3.166, -28.811,
-0.146, -23.149, -0.186, -13.062, 2.261, 7.790,
-0.017, -30.697, -0.006, -1.927, 3.005, -6.856,
0.239, 12.624, 0.257, -27.306, 2.906, 9.155,
0.032, 35.889, 0.072, 31.325, 3.282, 0.000
}
Fpn_lg {
136.694, 149.778, 199.917, 168.389, 316.278, 333.389, 182.194, 267.278, 88.833, 223.778, 165.111, 231.167
}
Fpn_hg {
161.472, 175.389, 224.472, 196.833, 340.667, 358.694, 206.194, 292.556, 113.222, 253.250, 190.250, 257.361
}
AutoV20_lg {
0x8
}
AutoV20_hg {
0xa
}
Rampgen {
0x82
}
Range {
0xf
}
AutoV15 {
0x8
}
Temp_calib {
29.500, -52.620, 0.000, 0.000, 0.000, 0.000, 0.000, 0.000, 0.000, 0.000, 0.000, 0.000
}
}
