DEF 18924111 {
Version {
0x2
}
Kb {
0.13940, -17.97600, 0.13896, -20.26400, 2.80980, 9.73310,
0.32338, -13.51200, 0.36711, -19.03800, 2.51250, 5.45520,
0.18581, 23.51200, 0.25856, 34.60300, 2.99670, 0.03479,
0.02456, -6.68410, 0.05757, 13.53000, 2.01450, 5.22770,
-0.13040, 18.12300, -0.10930, 10.47900, 3.42610, 6.96460,
-0.23165, 18.51500, -0.17959, 29.65700, 2.82490, -1.45410,
0.02336, 29.42700, 0.11529, 24.26100, 2.56150, 2.66290,
0.01363, 36.31100, 0.07666, 31.34900, 2.51950, 4.46110,
0.30595, 27.93600, 0.30740, 18.99900, 2.08250, 10.79800,
0.13627, -61.96100, 0.21828, -86.02900, 2.22470, 7.00000,
0.12460, -17.02000, 0.27209, -6.35300, 2.52930, -5.55470,
0.47118, -83.80800, 0.58919, -139.10000, 2.52930, 8.37180
}
Fpn_lg {
372.55554, 319.30554, 398.83334, 337.16666, 341.16666, 332.55554, 334.47223, 344.08334, 381.16666, 419.80554, 296.47223, 260.33334
}
Fpn_hg {
393.97223, 340.61111, 421.61111, 360.11111, 364.41666, 355.77777, 357.52777, 366.33334, 403.50000, 441.25000, 318.83334, 284.27777
}
AutoV20_lg {
0x8
}
AutoV20_hg {
0xa
}
Rampgen {
0x8c
}
Range {
0xf
}
AutoV15 {
0xc
}
Temp_calib {
29.50000, -67.01145, 0.00000, 0.00000, 0.00000, 0.00000, 0.00000, 0.00000, 0.00000, 0.00000, 0.00000, 0.00000
}
}
DEF 18924113 {
Version {
0x2
}
Kb {
-0.18823, 48.41900, -0.02674, 36.20500, 3.26270, -6.91630,
-0.10109, -16.11800, 0.03688, -32.59600, 2.74380, 0.48468,
-0.29499, 29.10900, -0.22354, 15.79600, 1.78090, 4.33630,
0.35925, -3.15000, 0.42472, -23.63700, 1.84130, 10.51800,
-0.07359, 11.42900, -0.04243, 21.31300, 2.39900, -1.89340,
-0.11982, -6.74950, -0.10674, 8.61670, 3.22510, 2.80010,
0.00648, -44.28900, 0.11628, -24.46600, 2.77210, 4.64730,
0.26088, -25.88800, 0.35427, -49.78900, 2.14760, 9.55200,
0.11951, 6.67640, 0.18200, 7.87230, 2.25090, 5.24510,
0.00195, 3.50590, 0.03886, -33.77800, 2.16530, 0.67458,
-0.19167, 30.35000, -0.20744, 36.85700, 2.58930, 4.45090,
-0.11695, -18.88400, -0.05494, -22.41500, 1.89530, 5.76820
}
Fpn_lg {
189.38889, 121.36111, 129.05556, 220.72223, 164.52777, 82.38889, 71.30556, 92.88889, 100.61111, 103.33334, 65.55556, 159.08333
}
Fpn_hg {
210.72223, 143.36111, 150.08333, 244.13889, 185.55556, 104.41666, 91.91666, 115.25000, 122.75000, 122.38889, 87.58334, 178.72223
}
AutoV20_lg {
0x8
}
AutoV20_hg {
0xa
}
Rampgen {
0x79
}
Range {
0xf
}
AutoV15 {
0x8
}
Temp_calib {
29.50000, -50.05007, 0.00000, 0.00000, 0.00000, 0.00000, 0.00000, 0.00000, 0.00000, 0.00000, 0.00000, 0.00000
}
}
