26.875
26.875
26.875
26.875
26.875
26.8125
26.8125
26.8125
26.8125
26.8125
26.8125
26.8125
26.8125
26.8125
26.8125
26.8125
26.8125
26.8125
26.8125
26.8125
26.8125
26.8125
26.8125
26.75
26.8125
26.75
26.75
26.75
26.75
26.75
26.75
26.75
26.75
26.75
26.75
26.75
26.75
26.75
26.75
26.75
26.75
26.6875
26.75
26.75
26.75
26.6875
26.6875
26.75
26.6875
26.6875
26.6875
26.6875
26.6875
26.6875
26.6875
26.6875
26.6875
26.6875
26.6875
26.6875
26.6875
32.3125
45.125
54.0625
64.6875
71.875
80.6875
86.625
94
99.0625
102.8125
100.625
96.875
94.3125
91.125
88.875
92.25
97.9375
96.375
94.125
94.0625
96.125
95.375
93.75
95.625
96.125
94.125
94.125
94.625
93.4375
93.5625
94.5625
94.25
93.4375
94
94.4375
93.9375
94.0625
94.4375
94.25
92.0625
86.1875
81.9375
76.6875
73.0625
68.5
65.25
61.25
58.25
55.75
55.375
55.6875
55.75
55.625
59.3125
63.875
63.25
61.875
61.25
60.0625
59.1875
59.25
60.125
60.375
59.75
59.0625
59.625
60.0625
59.6875
59.5
59.6875
59.75
59.5625
59.5
59.6875
59.75
60.1875
66.5
74.1875
81.375
87.9375
93.9375
101.25
102.3125
99.3125
97.1875
98.25
99.5625
