Chipdp
65 100 200 4 4 6 9 7 3 7 4 7 5 8 3 8 4 8 5 9 3 9 4 9 5 9 7 7 7 8 7 9 8 7 8 8 8 9 9 7 9 8 9 9 9 3 3 3 4 3 5 4 3 4 4 4 5 5 3 5 4 5 5 9 3 7 3 8 3 9 4 7 4 8 4 9 5 7 5 8 5 9 9 7 3 7 4 7 5 8 3 8 4 8 5 9 3 9 4 9 5 9 7 7 7 8 7 9 8 7 8 8 8 9 9 7 9 8 9 9 9 3 3 3 4 3 5 4 3 4 4 4 5 5 3 5 4 5 5 9 3 7 3 8 3 9 4 7 4 8 4 9 5 7 5 8 5 9 9 4 2 4 3 4 4 6 2 6 3 6 4 5 2 5 3 5 4 9 4 7 4 8 4 9 5 7 5 8 5 9 6 7 6 8 6 9 9 8 2 8 3 8 4 9 2 9 3 9 4 10 2 10 3 10 4 9 8 7 8 8 8 9 9 7 9 8 9 9 10 7 10 8 10 9 9 4 3 4 4 4 5 5 3 5 4 5 5 6 3 6 4 6 5 9 4 7 4 8 4 9 5 7 5 8 5 9 6 7 6 8 6 9 9 8 3 8 4 8 5 9 3 9 4 9 5 10 3 10 4 10 5 9 8 7 8 8 8 9 9 7 9 8 9 9 10 7 10 8 10 9 
Chip#1
102 101 106 109 95 97 105 107 101 104 103 97 0
98 96 102 99 95 93 106 101 102 98 98 95 1
103 108 109 110 102 108 106 112 109 107 105 103 2
107 106 118 310 136 101 107 181 190 106 101 103 3
110 103 113 215 107 104 114 160 181 108 106 106 4
111 107 116 112 107 106 115 111 110 109 103 106 5
99 101 99 102 95 97 103 103 103 96 97 101 6
103 97 106 123 105 99 105 140 162 100 98 96 7
106 102 103 154 119 95 103 253 207 102 98 97 8
95 101 101 101 96 99 100 106 102 100 93 96 9
99 103 106 106 99 101 103 107 103 102 99 99 10
106 102 104 102 96 97 106 111 101 103 99 15000 11
Chip#2
104 111 109 109 101 106 111 100 110 104 104 111 0
111 103 108 110 101 104 104 100 108 101 105 105 1
102 102 104 102 101 106 98 100 102 96 101 100 2
102 99 104 110 214 114 102 100 146 151 99 100 3
105 101 101 111 201 117 99 100 172 181 101 100 4
108 103 110 110 104 106 110 100 110 106 109 106 5
100 99 106 98 100 100 98 100 100 98 97 100 6
106 101 108 107 100 98 102 100 133 110 101 101 7
102 94 104 103 120 111 103 100 219 182 99 96 8
102 100 103 102 104 101 102 100 114 109 99 103 9
105 100 103 107 102 101 105 99 100 101 99 100 10
106 105 102 112 102 103 107 100 109 99 105 15000 11
Chip#1
97 92 97 96 89 92 96 90 91 93 95 92 0
102 102 101 97 97 94 103 98 99 98 99 96 1
102 98 101 103 100 100 102 102 99 101 99 96 2
110 107 117 310 139 105 110 185 192 104 102 103 3
104 103 106 211 99 98 106 155 165 103 101 98 4
110 108 106 104 102 103 111 105 106 107 105 106 5
95 96 102 101 96 97 101 97 95 95 94 95 6
95 92 97 114 96 92 95 98 156 97 89 86 7
103 103 104 158 125 100 102 255 210 102 98 99 8
107 103 106 106 101 95 106 112 102 103 101 98 9
106 102 107 98 96 100 107 103 98 101 99 99 10
101 102 103 103 94 98 102 105 98 102 97 15000 11
Chip#2
110 101 107 102 102 107 108 99 108 100 106 105 0
108 100 102 103 102 102 108 100 105 97 101 104 1
102 100 100 99 102 96 102 100 102 98 100 101 2
111 108 109 117 221 128 116 101 158 153 109 112 3
105 101 102 114 207 117 108 100 173 188 100 105 4
106 102 102 103 104 101 107 100 107 98 105 101 5
115 107 111 107 104 104 113 104 117 107 107 107 6
104 96 102 99 113 101 99 100 129 108 100 105 7
108 101 106 108 130 116 106 100 219 188 102 104 8
111 108 108 108 104 107 113 100 119 117 110 105 9
111 103 107 103 88 98 107 100 104 101 97 101 10
110 105 106 107 104 101 107 100 107 106 102 15000 11
Chip#1
107 107 104 103 102 104 105 102 105 103 106 104 0
101 96 98 93 91 93 93 95 95 95 94 94 1
107 105 104 102 99 101 105 106 101 106 103 103 2
103 102 109 312 135 100 100 181 192 103 97 101 3
99 101 102 209 102 94 101 158 181 101 99 99 4
103 106 103 102 100 103 106 108 101 98 99 98 5
101 101 102 101 99 98 102 98 97 98 94 93 6
102 108 103 123 106 99 102 149 167 98 102 97 7
101 99 107 157 122 100 98 256 206 102 98 99 8
99 102 102 101 96 97 101 105 105 98 98 96 9
104 99 103 104 102 97 106 103 101 101 102 98 10
103 102 103 102 95 95 101 107 105 98 98 15000 11
Chip#2
104 101 103 101 99 101 99 100 104 96 97 101 0
105 101 106 103 101 102 107 100 110 101 104 105 1
106 97 102 103 99 100 103 99 104 101 104 102 2
98 95 89 101 208 112 97 99 141 142 97 100 3
108 103 107 121 210 122 112 102 181 191 104 105 4
109 103 108 108 102 102 107 100 108 101 104 109 5
100 95 97 97 99 93 101 99 100 91 100 100 6
104 97 99 101 113 100 98 100 131 106 99 100 7
102 101 104 103 127 117 103 100 228 183 104 101 8
104 101 104 101 104 101 102 99 114 110 100 102 9
105 96 102 104 97 100 99 99 100 93 97 101 10
106 99 102 103 101 102 106 100 108 102 105 15000 11
Chip#1
107 108 114 102 102 104 107 106 102 101 102 103 0
106 102 102 102 100 100 103 107 99 97 95 104 1
102 98 103 101 97 98 103 97 97 101 95 99 2
101 102 108 312 137 97 97 182 190 97 103 98 3
103 107 106 210 103 100 105 156 165 102 103 99 4
104 101 102 101 103 99 102 102 97 98 98 98 5
111 107 112 110 105 105 112 108 107 103 107 103 6
112 108 117 137 113 109 108 149 165 106 111 106 7
98 98 101 158 126 98 105 255 203 100 97 96 8
102 99 106 103 97 95 101 110 103 101 97 94 9
103 102 109 103 101 103 107 107 102 102 99 101 10
103 98 102 99 99 93 102 100 99 97 97 15000 11
Chip#2
103 97 103 98 101 102 103 100 102 95 99 102 0
100 95 102 101 101 97 99 99 99 93 95 101 1
109 107 110 109 101 109 110 100 109 103 109 107 2
108 101 109 107 224 120 107 100 153 149 99 107 3
102 98 102 114 210 116 103 99 169 183 100 105 4
108 106 106 106 88 103 105 100 104 96 102 105 5
108 105 106 106 104 109 105 100 110 102 107 106 6
102 102 104 102 104 102 101 100 133 106 105 101 7
105 106 104 107 139 117 106 100 228 189 100 103 8
106 102 104 107 113 98 103 100 120 115 102 104 9
108 107 108 106 88 104 111 99 112 101 101 106 10
109 103 107 106 104 103 105 100 109 97 100 15000 11
Chip#1
104 98 101 102 95 93 100 97 97 96 98 101 0
103 103 107 101 101 98 105 110 102 102 103 99 1
103 103 108 103 101 101 101 106 103 103 103 102 2
112 108 122 325 148 109 107 186 202 112 110 109 3
104 108 106 211 103 99 107 155 181 101 99 101 4
104 106 106 101 101 98 105 103 103 101 99 103 5
106 102 106 101 105 95 106 106 103 101 103 102 6
102 98 107 129 109 98 105 140 165 102 98 101 7
103 105 104 160 129 99 101 256 208 101 97 102 8
103 108 108 102 103 98 105 108 107 103 99 98 9
102 101 104 104 96 98 103 100 101 100 101 98 10
102 105 101 97 96 97 106 102 99 98 102 15000 11
Chip#2
110 105 110 106 104 108 108 100 109 107 105 105 0
109 106 107 104 88 106 107 100 110 100 99 100 1
106 98 106 104 88 97 102 99 103 101 99 101 2
103 101 104 104 221 116 105 99 152 149 97 101 3
109 105 115 122 220 128 111 100 184 197 109 107 4
103 96 103 96 97 98 105 100 104 97 95 102 5
97 95 102 99 99 93 98 99 95 93 94 96 6
105 99 101 102 113 98 105 100 127 109 95 101 7
100 97 103 106 134 116 99 99 221 182 99 100 8
110 103 109 104 113 107 106 100 127 117 105 101 9
110 101 107 106 104 102 112 100 110 101 105 102 10
106 103 101 98 102 98 106 100 107 102 101 15000 11
Chip#1
106 107 106 103 99 98 102 101 102 101 102 102 0
99 96 98 96 95 99 101 98 95 97 95 96 1
98 106 104 104 101 97 103 103 102 101 98 98 2
104 101 109 315 136 99 102 181 191 98 101 96 3
102 103 108 217 102 103 106 156 181 106 105 101 4
108 107 106 102 101 101 109 106 105 104 102 104 5
99 101 95 96 95 94 98 96 95 97 98 95 6
106 103 104 126 108 100 103 140 165 101 99 101 7
101 101 104 165 130 98 106 259 213 104 103 102 8
102 103 108 109 102 101 109 110 110 100 99 102 9
104 99 104 101 97 94 102 98 99 93 98 96 10
98 99 102 99 94 93 102 103 97 93 98 15000 11
Chip#2
104 102 103 103 101 102 99 99 104 100 100 102 0
102 98 101 102 102 102 102 99 104 102 99 103 1
110 106 109 104 102 111 106 100 110 104 102 105 2
105 105 103 106 221 120 99 100 148 152 100 103 3
94 99 97 107 206 116 99 100 168 184 97 99 4
111 108 108 104 88 111 108 100 112 104 106 106 5
103 97 97 106 104 98 101 100 103 99 96 101 6
102 103 107 104 104 104 108 100 136 109 101 105 7
109 101 104 106 139 118 101 100 224 189 101 100 8
104 102 108 102 113 102 103 100 120 118 100 104 9
102 97 102 94 95 95 98 99 99 96 95 100 10
103 100 103 94 95 97 102 99 99 101 97 15000 11
