33.9375
33.875
33.8125
33.75
33.6875
33.6875
33.625
33.5625
33.5625
33.5
33.4375
33.375
33.375
33.3125
33.25
33.25
33.1875
33.125
33.125
33.0625
33
33
32.9375
32.9375
32.875
32.8125
32.8125
32.75
32.75
32.6875
32.6875
32.625
32.625
32.5625
32.5625
32.5
32.5
32.4375
32.4375
32.4375
32.375
32.375
32.3125
32.3125
32.25
33
39.1875
47
54.8125
62.25
71.5625
78.125
84.25
90
93
92.1875
90.875
89.4375
87.875
87.4375
88.5
87.8125
86.4375
84.875
82.8125
82.25
83.125
84
84
83.6875
83.375
83.125
83.25
83.5
84.5625
87.75
87.6875
86.5
84.625
83.6875
84.1875
85.1875
85.1875
84.375
84.3125
84.8125
85.125
84.875
84.5
83.875
82.625
81.25
79.875
78.125
76.8125
75.5
74.25
73.0625
71.5
70.375
69.25
68.1875
66.8125
65.8125
64.875
63.9375
63
61.875
61
60.1875
59.4375
58.625
57.625
56.9375
56.25
55.5625
54.9375
54.125
54.125
54.5
54.6875
55.875
62.5625
63.75
63.4375
62.8125
62.0625
61
60.25
59.4375
59.0625
59.5625
60.1875
60.3125
60
62
70.0625
76.3125
77.5625
76.4375
75.25
74.0625
72.4375
71.3125
70.1875
69.0625
68
66.5625
65.5625
64.6875
65
65.75
65.5625
65
65.0625
65.5
68.3125
76.125
82.1875
88
93.1875
94.375
93.125
91.75
90.25
88.875
89.5625
90.4375
89.5625
88.1875
86.1875
84.6875
83.875
84.5
85.625
85.75
85.8125
85.125
84.0625
84.6875
85.5
85.1875
84
82.6875
80.875
79.5
78.1875
76.875
75.625
74
72.8125
71.6875
70.5625
69.4375
68.0625
67.0625
66.0625
65.125
64.1875
63
62.125
61.3125
60.5
59.4375
58.6875
57.9375
57.25
56.5625
55.6875
55
54.375
54.0625
54.4375
54.6875
55.125
59.9375
63.8125
64.3125
63.75
63.0625
62.25
61.5
60.4375
59.625
59
59.4375
60
60
61.125
66.6875
72.875
75.1875
73.6875
72.5625
71.4375
70.3125
68.875
67.8125
66.75
65.75
65.375
66.25
66.4375
65.875
65.625
66.125
66.3125
66
65.75
68.8125
76.6875
82.6875
88.5
94.0625
96.5
95.5
94.1875
92.6875
91.125
89.5625
88.4375
87.125
85.625
84.1875
83.875
85.25
85.75
85.8125
85.25
83.875
84.5625
85.5625
85.875
85.3125
83.6875
82.3125
81
79.625
77.875
76.5625
75.3125
74.125
72.5
71.375
70.3125
69.1875
68.1875
66.8125
65.8125
64.875
64
63.125
61.9375
61.1875
60.375
59.5625
58.8125
57.8125
57.125
56.4375
55.8125
55.1875
54.375
54.0625
54.3125
54.6875
56.375
61.5625
64.25
64.3125
63.8125
62.875
62.0625
61.3125
60.5
59.6875
59.0625
59.625
60.0625
60.0625
61.25
68.875
74.75
75.1875
74.125
73
71.875
70.375
69.25
68.1875
67.1875
66.125
65.3125
65.9375
66.5
66.1875
65.625
65.9375
66.3125
66.125
65.75
67.1875
74.5625
80.625
86.5
92.1875
96.4375
95.9375
94.6875
93.25
91.6875
89.625
88.6875
87.5625
86.125
84.625
83.875
84.875
85.6875
85.75
84.4375
84
84.9375
85.75
85.875
84.5625
83.625
82.375
81.0625
79.25
77.9375
76.6875
75.375
74.1875
72.625
71.5
70.375
69.3125
68.25
66.9375
65.9375
65
64.0625
62.875
62.0625
61.25
60.4375
59.625
58.625
57.9375
57.1875
56.5
55.875
55.25
54.375
54.125
54.3125
54.625
55.0625
59.8125
63.8125
64.5
64.125
63.25
62.4375
61.6875
60.875
60.0625
59.125
59.25
59.875
60.125
60.25
66.625
72.875
76.8125
74.3125
73.1875
71.6875
70.5625
69.4375
68.375
67.3125
65.9375
65.3125
65.6875
66.4375
66.0625
65.5
65.75
66.25
66.25
65.6875
68.5625
74.3125
80.375
86.3125
93.625
95.375
94.6875
93.375
91.9375
89.9375
88.8125
89.25
88.6875
87.3125
85.3125
83.9375
83.9375
85.125
85.75
85.5
85.125
84.8125
84.75
85
85.125
84.6875
83.5625
82.25
80.4375
79.125
77.8125
76.5
75.3125
73.6875
72.5
71.375
70.25
69.1875
67.8125
66.8125
65.8125
64.875
64
62.8125
62
61.125
60.3125
59.3125
58.5625
57.875
57.1875
56.5
55.5625
54.9375
54.3125
54.0625
54.3125
54.6875
56
61.1875
63.5625
63.5625
62.8125
62.125
61.375
60.5625
59.8125
59
59.4375
60
60.125
60
62.25
68.125
74.4375
76.375
75.3125
74.1875
72.625
71.5
70.375
69.25
68.1875
66.8125
65.8125
65.125
65.5
66.125
65.8125
65.375
65.5625
66
65.9375
68.3125
74
80.125
86.0625
93.1875
94.625
93.875
92.625
90.6875
89.3125
89.0625
89.8125
89.0625
87.1875
85.75
84.25
83.6875
85.25
85.9375
85.6875
84.5625
84
85.1875
85.6875
85.5625
84.875
83.625
81.8125
80.5
79.1875
77.875
76.5625
74.875
73.6875
72.5625
71.375
70.3125
68.875
67.8125
66.8125
65.875
64.625
63.75
62.875
62
61.1875
60.125
59.375
58.625
57.875
57.1875
56.3125
55.625
55
54.375
54.125
54.4375
54.6875
54.9375
59.5
63.125
63.4375
62.875
62.25
61.5
60.6875
59.6875
59.125
59.375
59.9375
60.125
60.3125
61.3125
66.5625
72.875
75.5625
74.4375
73.375
72.1875
71.0625
69.5625
68.5
67.4375
66.4375
65.5
65.4375
66.125
66.25
65.6875
65.4375
66
66.1875
65.8125
68.4375
74.1875
82.25
88.125
93.25
94.5625
93.375
92
90.5625
89.1875
89.1875
89.8125
88.6875
87.25
85.75
83.9375
83.9375
85.1875
85.6875
85.5
85
84.6875
84.8125
85.0625
85.1875
84.1875
82.9375
81.625
80.25
78.5
77.1875
75.9375
74.6875
73.5
71.9375
70.8125
69.75
68.6875
67.6875
66.375
65.375
64.5
63.5625
62.6875
61.5625
60.8125
60
59.25
58.5
57.5625
56.875
56.1875
55.5625
54.875
54.1875
54.1875
54.5
54.6875
55.75
62.25
63.9375
63.75
63.1875
62.5
61.4375
60.6875
59.9375
59.1875
59.1875
60
60.125
60.125
62.25
68.0625
76.4375
78
76.875
75.75
74.5625
73
71.8125
70.6875
69.5625
68.4375
67.0625
66.0625
65.0625
64.5
65.0625
65.6875
65.25
64.75
64.9375
64.4375
63.375
62.5625
61.6875
60.875
59.8125
59
58.25
57.5
56.5
55.8125
55.1875
54.5
53.875
53.0625
52.4375
51.875
51.3125
50.75
50.0625
49.5625
49.0625
48.5625
48.125
47.6875
47.125
46.6875
46.25
45.875
45.5
45
44.625
44.375
44.8125
48.375
52.0625
52.25
52
51.5625
51.0625
50.375
49.875
49.375
49.25
49.5
49.6875
49.6875
49.4375
49
48.5625
47.9375
47.4375
47
46.5
46.0625
45.5
45.0625
44.6875
44.3125
43.9375
43.4375
43.125
42.75
42.4375
42.125
41.6875
41.375
41.0625
40.8125
40.5
40.1875
39.9375
39.6875
39.375
39.125
38.9375
38.625
38.4375
38.1875
38
37.8125
37.5
37.3125
37.125
36.9375
36.75
36.5625
36.375
36.1875
36.0625
35.875
35.6875
35.5625
35.375
35.25
35.125
34.9375
34.8125
34.6875
34.5625
34.4375
34.3125
34.125
34.0625
33.9375
33.8125
33.6875
33.625
33.5
33.4375
33.3125
33.25
33.125
33
32.9375
32.8125
32.75
32.6875
32.5625
32.5
32.4375
32.375
32.3125
32.25
32.1875
32.125
32
31.9375
31.9375
31.8125
31.8125
31.75
31.6875
31.625
31.5625
31.5
31.4375
31.4375
31.375
31.3125
31.3125
31.25
31.1875
31.125
31.125
31.0625
31.0625
31
30.9375
30.9375
30.875
30.875
30.8125
30.8125
30.75
30.75
30.6875
30.6875
30.625
30.625
30.5625
30.5625
30.5
30.5
30.5
30.4375
30.4375
30.375
30.375
30.375
30.3125
30.3125
30.25
30.25
30.25
30.1875
30.1875
30.1875
30.125
30.125
30.125
30.125
30.0625
30.0625
30
30
30
30
30
29.9375
29.9375
29.9375
29.875
29.875
29.875
29.875
29.8125
29.8125
29.8125
29.8125
29.8125
29.8125
29.75
29.75
29.75
29.75
29.6875
29.6875
29.6875
29.6875
29.625
29.625
29.625
29.625
29.625
29.5625
29.625
29.5625
29.5625
29.5625
29.5625
29.5625
29.5
29.5
29.5
29.5
29.5
29.5
29.5
29.4375
29.4375
29.4375
29.4375
29.4375
29.4375
29.4375
29.375
29.375
29.375
29.375
29.375
29.3125
29.3125
29.3125
29.3125
29.3125
29.3125
29.3125
29.3125
29.25
29.25
29.25
29.25
29.25
29.25
29.25
29.25
29.25
29.1875
29.1875
29.1875
29.1875
29.1875
29.1875
29.1875
29.1875
29.125
