Chip#1
98 103 102 105 103 104 105 102 105 95 100 98 0 161 120 119 23
107 113 111 110 115 112 117 108 116 109 107 108 1 0 0 0 0
102 104 105 110 105 108 115 108 108 112 104 104 2 0 0 0 0
98 102 101 100 104 102 107 102 108 103 104 100 3 0 0 0 0
105 114 108 109 110 108 112 112 113 107 105 109 4 0 0 0 0
96 102 107 109 103 102 110 102 110 103 102 102 5 0 0 0 0
96 105 99 101 102 100 104 100 106 101 101 99 6 0 0 0 0
99 102 100 100 103 101 104 102 105 95 100 98 7 0 0 0 0
98 100 105 104 104 103 107 103 106 99 102 100 8 0 0 0 0
101 108 102 107 111 107 113 105 111 99 104 103 9 0 0 0 0
96 100 98 104 103 102 104 103 105 97 101 100 10 0 0 0 0
102 104 104 106 107 107 107 100 109 101 102 15000 11 0 0 0 0
Chip#2
104 101 99 101 101 97 99 100 94 101 98 100 0 0 128 165 23
99 100 99 101 100 96 99 99 96 99 95 100 1 0 0 0 0
106 101 104 106 105 99 101 102 102 104 96 102 2 0 0 0 0
106 105 102 105 105 104 105 104 101 104 103 102 3 0 0 0 0
107 107 103 108 107 100 105 103 102 106 103 106 4 0 0 0 0
112 110 109 110 113 107 107 104 107 111 108 110 5 0 0 0 0
109 106 105 113 111 104 107 103 104 109 110 107 6 0 0 0 0
108 107 104 105 107 104 107 103 105 106 101 100 7 0 0 0 0
107 107 108 109 112 106 106 103 102 109 106 107 8 0 0 0 0
103 106 105 106 106 102 102 102 101 107 103 101 9 0 0 0 0
103 100 102 101 105 100 100 100 98 103 104 103 10 0 0 0 0
103 105 104 105 110 99 102 102 99 103 104 15000 11 0 0 0 0
Chip#1
104 103 100 102 107 102 107 104 111 99 100 97 0 164 120 134 23
93 97 97 100 98 96 105 97 103 95 99 96 1 0 0 0 0
102 105 112 112 103 112 126 102 113 116 105 102 2 0 0 0 0
92 97 98 100 95 96 107 94 103 101 99 96 3 0 0 0 0
96 102 99 99 100 98 105 103 106 97 102 97 4 0 0 0 0
105 105 112 113 111 112 120 109 118 112 110 104 5 0 0 0 0
97 100 100 100 102 98 111 101 104 105 100 99 6 0 0 0 0
97 104 101 104 107 101 107 103 109 101 97 100 7 0 0 0 0
108 110 110 111 110 110 121 107 115 102 111 103 8 0 0 0 0
96 104 101 105 104 108 107 102 105 97 105 99 9 0 0 0 0
101 103 104 99 103 103 106 105 109 101 104 102 10 0 0 0 0
104 107 107 107 111 102 111 105 111 103 107 15000 11 0 0 0 0
Chip#2
106 103 102 103 106 99 104 102 100 103 104 103 0 0 128 192 23
102 105 103 104 105 102 101 100 98 105 101 102 1 0 0 0 0
101 100 98 97 102 97 95 96 96 101 95 94 2 0 0 0 0
107 111 113 110 111 109 108 109 107 109 110 111 3 0 0 0 0
109 103 107 110 107 104 106 104 104 109 103 105 4 0 0 0 0
101 102 99 99 105 99 101 100 95 101 96 100 5 0 0 0 0
104 106 105 106 106 105 107 105 100 105 105 106 6 0 0 0 0
101 103 98 105 104 97 102 103 98 103 101 98 7 0 0 0 0
108 109 105 103 106 105 106 107 104 106 104 106 8 0 0 0 0
110 110 108 106 112 107 108 110 105 107 105 111 9 0 0 0 0
103 103 102 101 106 100 105 105 99 101 100 100 10 0 0 0 0
107 105 107 104 108 106 106 104 101 106 103 15000 11 0 0 0 0
Chip#1
107 104 102 101 103 103 103 108 108 102 106 105 0 163 120 146 23
98 103 125 144 103 120 162 107 113 152 99 102 1 0 0 0 0
99 107 401 523 116 416 760 135 305 798 179 99 2 0 0 0 0
110 112 175 232 116 204 341 118 192 436 138 108 3 0 0 0 0
98 104 111 117 107 107 114 104 104 102 104 103 4 0 0 0 0
113 114 378 396 118 282 429 120 257 485 142 108 5 0 0 0 0
103 109 206 216 112 196 282 113 200 375 126 102 6 0 0 0 0
102 108 106 111 110 103 113 109 114 101 105 105 7 0 0 0 0
93 102 340 341 103 261 315 101 100 99 99 94 8 0 0 0 0
102 104 245 232 111 268 318 107 108 99 102 105 9 0 0 0 0
99 107 102 106 108 107 110 108 109 99 104 100 10 0 0 0 0
107 105 101 106 107 104 107 107 106 102 104 15000 11 0 0 0 0
Chip#2
111 103 107 106 111 101 107 106 107 104 106 108 0 0 129 241 23
106 107 104 109 107 102 107 105 105 107 103 106 1 0 0 0 0
104 102 98 101 102 100 104 100 100 100 100 100 2 0 0 0 0
108 106 108 151 125 102 150 132 102 132 137 108 3 0 0 0 0
107 106 114 186 150 106 169 150 106 134 138 105 4 0 0 0 0
104 106 103 114 110 104 110 104 102 104 105 101 5 0 0 0 0
106 106 102 124 112 101 166 166 104 153 201 108 6 0 0 0 0
108 106 112 164 144 106 258 262 104 203 281 116 7 0 0 0 0
106 105 107 115 112 102 123 118 104 110 117 107 8 0 0 0 0
106 106 103 105 107 102 138 150 104 129 180 108 9 0 0 0 0
103 102 99 103 100 101 216 267 106 183 292 123 10 0 0 0 0
99 102 99 101 100 100 118 131 96 106 123 15000 11 0 0 0 0
Chip#1
119 113 105 109 115 107 108 109 116 106 110 117 0 163 120 218 23
107 105 147 174 109 132 197 107 124 190 105 105 1 0 0 0 0
101 104 571 747 122 587 1156 154 421 1197 232 108 2 0 0 0 0
103 105 209 294 111 252 461 112 233 599 147 103 3 0 0 0 0
97 100 118 119 107 107 120 103 113 111 106 102 4 0 0 0 0
105 107 525 550 110 381 611 118 328 709 153 106 5 0 0 0 0
93 94 248 259 101 233 357 101 257 517 121 94 6 0 0 0 0
103 103 112 115 112 110 110 109 114 107 100 106 7 0 0 0 0
98 98 483 474 104 357 437 102 104 98 97 93 8 0 0 0 0
99 100 323 304 104 352 425 102 99 98 100 97 9 0 0 0 0
103 103 100 100 101 98 106 102 108 99 97 100 10 0 0 0 0
107 108 107 109 109 106 110 108 108 101 105 15000 11 0 0 0 0
Chip#2
115 116 117 109 113 110 113 114 111 110 110 114 0 0 128 44 23
107 105 104 103 107 101 107 102 100 104 104 102 1 0 0 0 0
111 105 109 110 110 112 108 110 105 113 111 111 2 0 0 0 0
108 107 112 189 140 107 189 163 106 151 166 111 3 0 0 0 0
104 107 120 272 182 109 220 186 99 159 171 106 4 0 0 0 0
101 100 99 119 107 100 107 103 99 103 99 96 5 0 0 0 0
93 97 93 125 111 92 206 204 94 191 283 101 6 0 0 0 0
106 106 110 211 170 106 403 399 106 296 414 123 7 0 0 0 0
107 106 105 122 117 102 132 128 105 117 123 106 8 0 0 0 0
97 98 97 98 100 95 155 179 96 154 249 106 9 0 0 0 0
101 102 102 103 105 101 332 421 113 263 444 144 10 0 0 0 0
104 103 104 103 106 102 136 158 105 118 153 15000 11 0 0 0 0
Chip#1
117 113 104 109 109 106 112 109 114 105 106 116 0 163 120 205 23
99 99 153 184 108 137 211 107 118 202 100 100 1 0 0 0 0
95 100 676 898 118 692 1379 160 488 1435 258 102 2 0 0 0 0
103 100 232 333 108 280 539 115 273 714 152 100 3 0 0 0 0
98 114 125 129 112 112 128 109 113 119 106 105 4 0 0 0 0
95 102 614 630 103 436 717 117 362 830 158 97 5 0 0 0 0
98 102 291 307 107 271 421 109 273 604 133 102 6 0 0 0 0
102 102 113 113 104 102 108 105 104 105 100 103 7 0 0 0 0
108 110 564 566 114 425 519 117 113 105 106 109 8 0 0 0 0
107 107 377 350 109 416 501 113 114 101 102 105 9 0 0 0 0
105 104 101 105 104 101 109 100 105 101 99 100 10 0 0 0 0
104 105 105 102 108 102 106 105 110 98 102 15000 11 0 0 0 0
Chip#2
107 110 105 105 107 100 105 105 102 104 101 102 0 0 128 212 23
108 105 100 104 101 101 104 101 100 104 101 101 1 0 0 0 0
108 105 100 104 105 99 104 103 100 101 100 103 2 0 0 0 0
98 103 105 210 141 99 209 178 94 160 179 100 3 0 0 0 0
103 106 125 330 212 107 261 218 104 179 191 106 4 0 0 0 0
104 107 104 126 116 101 112 108 98 107 100 102 5 0 0 0 0
101 102 102 146 128 97 253 258 99 231 356 110 6 0 0 0 0
103 103 117 271 195 107 506 506 107 360 535 128 7 0 0 0 0
104 102 102 126 116 100 137 137 98 112 126 97 8 0 0 0 0
110 109 104 110 106 104 189 232 106 188 314 122 9 0 0 0 0
106 106 105 104 107 104 416 542 122 326 581 163 10 0 0 0 0
107 103 108 104 106 102 146 182 104 122 170 15000 11 0 0 0 0
Chip#1
117 110 101 104 105 103 107 107 111 102 105 110 0 163 120 174 23
103 102 162 195 108 144 226 113 123 213 112 108 1 0 0 0 0
98 103 739 989 122 758 1525 172 535 1571 287 105 2 0 0 0 0
101 108 252 360 111 309 591 120 276 789 163 104 3 0 0 0 0
99 105 125 133 108 113 128 110 114 120 105 105 4 0 0 0 0
98 103 677 688 105 485 784 119 393 919 163 97 5 0 0 0 0
108 108 321 341 114 295 462 118 295 677 150 110 6 0 0 0 0
101 99 112 116 104 106 107 108 111 102 105 105 7 0 0 0 0
98 100 607 598 104 453 558 109 106 95 100 97 8 0 0 0 0
97 100 403 372 104 447 538 108 106 102 101 97 9 0 0 0 0
104 103 103 110 108 107 110 107 114 103 101 106 10 0 0 0 0
108 112 104 110 109 108 107 111 110 110 106 15000 11 0 0 0 0
Chip#2
110 106 107 108 105 105 107 102 100 105 105 107 0 0 128 224 23
107 107 107 99 101 97 104 97 101 104 100 102 1 0 0 0 0
109 111 105 109 106 105 106 103 104 107 105 108 2 0 0 0 0
106 109 117 266 162 109 247 201 104 190 213 110 3 0 0 0 0
104 107 131 379 237 111 326 248 104 201 215 106 4 0 0 0 0
106 110 107 133 121 105 117 111 102 106 108 108 5 0 0 0 0
101 106 105 158 135 104 322 316 102 273 421 121 6 0 0 0 0
103 105 120 305 213 109 621 623 112 420 645 142 7 0 0 0 0
104 109 109 136 122 104 149 144 104 117 138 106 8 0 0 0 0
97 100 103 99 103 99 199 253 98 198 351 121 9 0 0 0 0
106 106 108 108 106 106 486 668 126 379 701 185 10 0 0 0 0
101 105 102 103 102 102 153 197 99 127 185 15000 11 0 0 0 0
