Chip#1
115 108 101 106 103 104 110 101 111 101 104 109 0 165 120 168 23
99 98 148 168 101 135 199 103 114 194 105 98 1 0 0 0 0
103 104 576 758 118 605 1185 151 432 1224 232 103 2 0 0 0 0
103 102 207 294 105 256 467 109 232 604 145 103 3 0 0 0 0
96 97 118 123 102 107 120 100 104 112 97 96 4 0 0 0 0
108 112 554 566 114 403 631 123 329 711 150 110 5 0 0 0 0
101 98 264 273 101 244 368 102 257 517 123 96 6 0 0 0 0
101 103 108 112 107 107 114 107 106 105 101 99 7 0 0 0 0
93 102 483 484 103 376 456 102 100 97 95 98 8 0 0 0 0
109 109 339 314 110 372 446 109 114 107 104 106 9 0 0 0 0
98 97 100 104 102 101 105 96 103 103 99 100 10 0 0 0 0
101 98 96 101 95 96 100 97 101 97 95 15000 11 0 0 0 0
Chip#2
106 107 103 101 104 96 102 101 104 99 100 101 0 0 128 190 23
115 115 108 113 111 107 112 107 108 111 110 108 1 0 0 0 0
110 112 107 110 111 106 107 108 107 107 106 105 2 0 0 0 0
106 111 117 213 149 106 221 183 105 165 186 107 3 0 0 0 0
104 105 123 325 211 105 256 214 104 174 190 105 4 0 0 0 0
97 101 97 116 107 95 106 102 93 96 99 96 5 0 0 0 0
104 110 105 146 127 104 325 318 107 275 430 119 6 0 0 0 0
106 112 120 243 195 111 610 623 114 425 650 144 7 0 0 0 0
98 107 98 126 111 99 140 138 100 111 135 96 8 0 0 0 0
107 110 103 105 111 106 211 264 110 205 362 127 9 0 0 0 0
98 102 98 100 102 99 478 666 125 368 690 175 10 0 0 0 0
106 101 102 101 106 101 153 196 104 126 184 15000 11 0 0 0 0
