Chip#1
118 109 116 109 106 108 112 108 105 108 109 103 0
113 108 116 108 106 112 113 109 107 112 110 103 1
104 109 109 108 104 107 110 108 103 106 103 103 2
105 109 122 622 198 102 108 175 190 101 104 95 3
102 104 114 378 109 107 112 149 165 107 109 104 4
106 109 109 103 105 105 110 104 101 107 104 101 5
111 109 111 107 108 111 115 109 111 111 113 105 6
113 109 116 252 150 111 116 222 297 115 116 104 7
104 104 111 416 246 97 102 530 327 103 104 94 8
110 109 113 111 105 108 112 120 111 108 109 103 9
109 109 108 106 102 103 111 106 105 105 104 101 10
111 105 107 100 102 101 111 105 101 105 105 15000 11
Chip#2
115 119 114 114 114 115 114 102 115 112 110 110 0
115 114 118 119 105 116 117 102 116 114 115 114 1
120 116 119 119 114 119 123 109 118 114 116 113 2
112 114 118 130 427 154 123 103 167 164 114 114 3
125 128 123 155 387 154 132 116 202 200 123 122 4
112 117 114 120 114 113 118 105 117 114 112 116 5
110 117 115 117 105 107 120 106 122 110 114 112 6
114 114 113 121 184 115 122 105 214 148 116 113 7
115 122 123 137 331 181 124 106 479 420 116 115 8
119 117 113 122 158 113 123 106 158 150 112 111 9
126 122 122 127 105 117 129 109 126 119 121 113 10
125 122 121 121 114 121 124 105 128 117 120 15000 11
Chip#1
119 108 114 112 108 110 115 112 110 107 113 108 0
111 104 107 108 102 100 112 99 99 105 106 97 1
113 109 114 113 109 111 112 114 113 116 114 107 2
113 109 133 631 208 112 112 180 192 113 109 104 3
102 104 108 376 103 104 108 140 165 106 106 102 4
111 108 116 104 108 104 110 109 106 108 105 100 5
114 108 114 103 110 107 115 103 103 107 108 103 6
110 108 111 249 148 107 113 219 297 107 109 102 7
109 105 122 421 251 102 107 534 328 108 106 102 8
104 100 109 106 102 102 106 111 105 99 102 95 9
113 108 109 100 103 107 109 105 105 103 108 102 10
115 103 112 106 105 104 110 107 97 105 106 15000 11
Chip#2
112 114 115 115 105 115 121 103 117 108 114 111 0
113 112 112 113 105 112 116 104 115 110 111 110 1
117 114 117 116 105 115 117 104 117 113 114 114 2
116 122 120 126 432 154 123 108 177 173 114 119 3
111 109 108 133 378 142 116 101 194 191 107 107 4
119 113 118 120 105 117 124 110 122 113 117 113 5
113 112 114 120 114 113 116 103 120 110 114 113 6
106 105 106 110 183 107 111 100 211 140 108 107 7
114 117 116 128 331 178 127 104 482 390 115 115 8
110 111 118 115 156 113 120 103 151 152 114 113 9
118 112 119 113 105 111 120 100 117 108 110 111 10
124 117 118 119 114 116 120 105 121 117 117 15000 11
