Chip#1
103 105 103 107 100 107 104 102 102 101 106 96 0 165 120 101 23
103 95 97 97 102 105 102 102 101 95 103 93 1 0 0 0 0
95 91 94 92 95 101 94 94 99 96 87 94 2 0 0 0 0
105 105 100 107 109 105 105 107 104 104 100 101 3 0 0 0 0
104 100 100 103 101 103 106 104 104 96 101 99 4 0 0 0 0
100 101 125 131 97 135 157 100 101 97 95 95 5 0 0 0 0
104 102 113 114 104 122 133 105 103 101 101 102 6 0 0 0 0
101 99 96 102 103 104 101 100 104 95 98 93 7 0 0 0 0
95 94 130 132 93 111 116 90 96 86 93 92 8 0 0 0 0
95 96 119 110 94 115 114 91 96 88 90 92 9 0 0 0 0
99 101 100 99 100 104 101 98 102 93 96 98 10 0 0 0 0
95 90 83 85 91 89 89 89 89 83 86 15000 11 0 0 0 0
Chip#1
98 94 92 99 98 99 99 101 98 93 97 93 0 164 120 32 23
104 96 98 98 95 103 100 100 98 96 98 94 1 0 0 0 0
96 97 95 99 98 103 105 98 102 99 97 92 2 0 0 0 0
101 97 96 102 101 104 101 96 103 99 95 94 3 0 0 0 0
99 97 97 99 100 99 102 94 98 95 98 95 4 0 0 0 0
103 101 149 154 104 163 207 97 100 100 98 93 5 0 0 0 0
108 102 120 130 105 140 159 105 106 107 105 102 6 0 0 0 0
102 99 96 101 97 95 100 94 101 95 98 94 7 0 0 0 0
99 99 174 174 97 139 143 100 101 97 95 93 8 0 0 0 0
102 97 144 140 98 133 141 98 101 96 96 94 9 0 0 0 0
103 99 99 106 103 101 104 100 101 95 101 100 10 0 0 0 0
104 97 99 104 101 108 106 102 103 101 97 15000 11 0 0 0 0
Chip#1
103 104 98 106 102 103 106 105 106 100 102 98 0 164 120 94 23
98 94 94 98 94 100 101 96 98 91 97 90 1 0 0 0 0
99 100 111 115 97 110 123 102 112 126 102 94 2 0 0 0 0
96 99 93 101 95 99 106 96 99 107 98 93 3 0 0 0 0
106 101 109 116 101 114 123 105 102 99 100 99 4 0 0 0 0
104 105 488 491 107 529 871 123 116 118 101 98 5 0 0 0 0
102 95 247 248 100 327 507 107 101 104 94 87 6 0 0 0 0
103 102 110 118 105 103 111 107 103 97 97 95 7 0 0 0 0
92 99 667 620 100 335 382 101 98 95 94 90 8 0 0 0 0
102 102 452 382 110 344 389 107 101 101 106 100 9 0 0 0 0
104 99 99 103 101 101 102 100 102 97 98 95 10 0 0 0 0
110 105 104 108 107 106 106 107 106 104 105 15000 11 0 0 0 0
Chip#1
95 95 96 98 98 98 94 96 96 89 97 92 0 162 120 13 23
97 94 96 98 100 98 101 98 97 95 98 92 1 0 0 0 0
98 99 114 127 98 114 128 104 116 135 101 96 2 0 0 0 0
101 99 103 102 96 105 109 100 104 112 97 96 3 0 0 0 0
105 105 129 130 108 120 135 104 104 99 106 104 4 0 0 0 0
97 101 706 693 107 774 1310 130 118 129 103 94 5 0 0 0 0
101 94 338 344 102 457 746 111 109 117 98 94 6 0 0 0 0
99 99 117 121 104 109 105 101 103 96 100 96 7 0 0 0 0
102 110 1047 964 112 484 580 103 99 99 101 95 8 0 0 0 0
106 110 684 568 111 498 587 108 104 104 103 106 9 0 0 0 0
101 96 96 101 98 97 99 100 96 93 95 92 10 0 0 0 0
115 109 103 110 107 107 108 102 103 103 103 15000 11 0 0 0 0
Chip#1
103 99 97 101 100 101 101 102 101 96 101 95 0 166 120 65 23
105 100 104 104 107 109 111 107 102 103 103 100 1 0 0 0 0
109 110 119 135 111 128 139 116 122 145 113 110 2 0 0 0 0
103 101 102 113 104 111 117 102 107 116 101 100 3 0 0 0 0
103 95 120 125 103 110 131 103 100 97 102 92 4 0 0 0 0
99 99 720 715 109 795 1359 122 112 126 101 94 5 0 0 0 0
103 105 352 359 110 470 778 114 114 125 105 99 6 0 0 0 0
108 107 123 126 114 110 114 112 106 107 107 102 7 0 0 0 0
109 115 1093 1007 112 508 605 111 109 105 105 102 8 0 0 0 0
99 102 697 576 105 505 600 105 102 93 95 93 9 0 0 0 0
110 104 102 104 104 103 102 102 103 99 102 96 10 0 0 0 0
114 100 102 101 105 103 102 108 101 100 101 15000 11 0 0 0 0
Chip#1
104 104 99 103 104 101 109 103 102 99 101 98 0 164 120 87 23
97 94 98 98 95 98 104 96 93 96 98 94 1 0 0 0 0
102 99 114 124 102 120 136 103 114 136 102 95 2 0 0 0 0
102 101 106 116 101 109 116 105 106 122 101 98 3 0 0 0 0
102 100 116 131 101 109 135 105 102 97 96 96 4 0 0 0 0
103 102 749 738 109 830 1418 137 113 134 105 96 5 0 0 0 0
104 104 368 363 105 485 815 116 112 126 103 100 6 0 0 0 0
102 97 123 123 102 103 107 104 103 99 100 94 7 0 0 0 0
95 100 1117 1025 102 510 614 102 98 96 91 90 8 0 0 0 0
104 100 720 600 107 521 620 108 99 93 93 95 9 0 0 0 0
102 102 103 103 103 100 102 101 102 100 100 98 10 0 0 0 0
117 106 99 103 109 105 109 102 103 103 102 15000 11 0 0 0 0
