Chip#1
147 227 175 158 302 167 236 244 164 208 107 278 0
147 227 176 155 306 170 232 243 163 204 110 275 1
147 227 174 163 307 168 232 245 165 211 108 271 2
95 227 196 735 410 171 236 526 501 210 109 275 3
147 227 178 455 315 170 236 502 469 209 109 273 4
147 227 176 160 311 173 236 247 165 210 109 270 5
163 236 178 165 310 176 241 250 169 216 114 278 6
95 227 178 365 365 172 240 575 696 214 117 275 7
147 227 186 597 449 170 238 1734 964 211 108 271 8
163 236 182 176 316 177 240 325 200 217 116 276 9
163 227 181 162 311 174 242 250 169 214 111 282 10
163 227 175 155 306 168 232 245 165 210 111 15000 11
Chip#2
64 0 17 0 127 3 39 121 42 35 63 0 0
71 0 19 0 129 9 113 121 58 36 64 0 1
67 0 20 0 127 3 112 137 58 35 65 0 2
63 0 17 0 185 9 114 121 90 154 60 0 3
65 0 20 0 183 11 112 137 106 186 64 0 4
59 0 17 0 122 2 108 121 42 35 58 0 5
64 0 17 0 127 1 39 121 42 35 58 0 6
60 0 17 0 144 3 109 121 90 49 59 0 7
63 0 18 0 181 22 119 137 258 234 60 0 8
60 0 17 0 135 3 110 121 74 53 60 0 9
65 0 20 0 125 2 113 137 58 35 63 0 10
61 0 17 0 124 0 108 121 42 35 58 15000 11
Chip#3
198 223 223 12 143 62 192 125 315 212 199 170 0
198 223 223 15 143 66 192 128 308 228 199 162 1
198 223 239 18 143 65 192 131 308 228 199 163 2
198 223 239 117 143 68 192 137 327 228 199 163 3
214 223 239 117 143 68 192 131 327 228 199 166 4
198 223 223 24 143 66 192 129 312 212 182 172 5
198 223 239 12 143 62 192 128 312 228 199 159 6
198 223 223 18 143 67 192 130 316 212 199 166 7
214 223 239 25 143 64 192 132 318 228 199 166 8
198 223 239 18 143 62 192 131 308 212 199 163 9
198 223 239 20 143 69 192 134 307 212 199 169 10
214 239 239 23 143 73 192 136 313 228 201 15000 11
Chip#4
38 156 170 138 69 191 317 180 256 190 37 54 0
38 156 172 141 75 193 320 99 258 190 39 57 1
33 155 167 138 67 187 317 99 256 190 34 52 2
34 156 173 138 76 191 316 184 258 190 38 56 3
40 159 177 139 80 198 322 185 270 190 40 59 4
39 162 176 141 80 198 322 188 259 190 40 61 5
38 158 175 138 74 195 317 185 256 190 37 59 6
40 157 176 142 78 197 319 99 263 190 41 60 7
40 159 172 141 79 198 317 99 260 190 37 58 8
36 159 173 141 76 196 319 181 256 190 35 57 9
33 151 165 131 69 187 315 99 246 108 29 51 10
38 162 173 141 74 196 318 185 262 206 41 15000 11
Chip#1
95 182 173 155 304 162 228 243 163 210 111 275 0
147 227 174 159 302 164 233 244 165 209 106 272 1
147 177 169 155 300 160 231 246 163 208 105 266 2
147 227 198 735 414 170 236 523 501 214 112 270 3
163 227 187 463 320 174 240 508 537 216 115 278 4
163 227 183 166 313 174 241 253 171 216 115 273 5
147 227 171 158 305 164 227 246 160 206 109 267 6
163 227 181 363 361 173 237 633 741 216 111 275 7
147 227 189 596 449 170 233 1742 972 212 112 269 8
95 227 179 168 312 172 240 322 193 215 109 269 9
163 227 180 161 310 168 236 253 169 215 112 278 10
163 227 173 157 301 165 230 247 165 206 117 15000 11
Chip#2
64 0 17 0 124 5 114 121 42 35 60 0 0
62 0 17 0 122 1 113 121 42 35 59 0 1
65 0 23 0 131 5 113 137 58 37 60 0 2
66 0 18 0 191 11 115 137 106 138 59 0 3
67 0 20 0 185 11 117 137 122 186 64 0 4
57 0 17 0 121 0 112 121 10 35 56 0 5
61 0 17 0 121 1 112 121 42 35 59 0 6
60 0 17 0 138 0 108 121 90 45 59 0 7
69 0 20 0 182 20 118 121 258 234 61 0 8
60 0 17 0 139 2 108 121 74 55 61 0 9
72 0 17 0 125 1 115 121 42 39 58 0 10
63 0 17 0 122 0 112 121 42 36 56 15000 11
Chip#3
198 223 223 20 143 65 192 132 313 212 201 166 0
198 223 223 15 143 64 192 129 308 228 201 163 1
214 223 223 29 143 71 192 137 318 228 201 171 2
214 223 223 27 143 69 192 148 332 228 205 174 3
198 223 223 20 143 65 192 138 324 228 205 165 4
198 223 239 23 143 69 192 136 315 212 205 171 5
198 223 223 18 143 62 192 134 307 212 205 166 6
198 223 223 24 143 67 192 131 317 212 205 166 7
214 223 239 28 143 68 192 136 321 228 205 161 8
198 223 223 18 143 66 192 131 309 228 205 167 9
198 223 223 14 143 65 192 130 308 212 205 165 10
214 239 239 23 143 69 192 136 311 228 205 15000 11
Chip#4
34 158 171 133 75 192 314 99 259 119 37 54 0
33 152 170 132 68 189 313 99 255 114 32 52 1
38 158 176 139 74 193 317 180 256 190 38 59 2
34 150 170 134 72 191 314 99 255 190 35 53 3
38 156 173 139 74 195 319 99 265 190 38 56 4
39 162 178 144 81 201 322 188 263 190 44 61 5
39 161 176 143 79 197 320 184 262 190 39 61 6
39 161 176 138 74 193 321 186 260 206 39 59 7
39 156 175 139 79 195 320 180 260 206 40 57 8
36 156 173 138 73 195 317 99 255 190 35 54 9
35 158 173 137 74 198 321 99 252 190 37 53 10
38 157 171 139 72 192 319 179 254 190 39 15000 11
Chip#1
147 182 175 160 304 166 231 240 165 209 111 273 0
147 227 171 153 304 165 228 243 160 204 106 271 1
147 227 179 157 310 166 231 247 170 210 107 271 2
95 190 193 735 413 172 236 526 501 211 111 273 3
147 227 184 459 321 172 237 512 469 212 112 275 4
147 227 176 162 308 168 235 247 168 210 109 276 5
163 236 182 168 310 176 240 255 169 214 117 273 6
95 227 183 361 365 174 237 641 741 216 112 277 7
163 236 195 606 457 177 247 1752 978 228 120 283 8
163 236 180 166 310 170 237 320 195 211 115 272 9
96 227 174 155 305 166 230 245 162 205 107 272 10
163 227 176 161 308 167 231 246 164 205 111 15000 11
Chip#2
64 0 17 0 127 1 114 121 58 36 61 0 0
67 0 17 0 126 9 114 121 42 36 63 0 1
57 0 17 0 119 2 110 121 42 35 56 0 2
64 0 20 0 192 10 113 137 106 154 63 0 3
64 0 17 0 185 9 113 137 106 186 64 0 4
61 0 18 0 122 3 109 137 58 35 65 0 5
64 0 17 0 126 3 39 121 42 35 63 0 6
65 0 17 0 146 6 113 121 90 49 66 0 7
59 0 17 0 182 24 113 121 258 234 60 0 8
68 0 19 0 146 7 115 121 74 138 66 0 9
68 0 18 0 127 6 117 121 42 39 63 0 10
69 0 24 0 131 12 119 121 58 40 66 15000 11
Chip#3
214 223 223 20 143 69 192 130 311 228 200 170 0
198 223 223 15 143 64 192 129 306 228 200 162 1
214 239 223 16 143 62 192 126 306 228 200 159 2
198 223 223 26 143 67 192 142 331 228 201 171 3
198 223 223 18 143 66 192 136 327 212 201 165 4
198 223 223 15 143 65 192 128 327 212 201 163 5
198 223 223 14 143 65 183 132 327 212 201 166 6
198 223 223 25 143 78 199 136 322 228 206 174 7
198 223 223 29 143 63 199 134 318 212 206 170 8
198 223 223 15 143 62 199 131 307 212 206 165 9
214 239 239 117 143 74 199 137 309 228 207 166 10
214 223 223 21 143 70 199 136 317 212 206 15000 11
Chip#4
36 161 176 137 72 198 321 99 259 190 41 62 0
38 157 170 134 69 192 319 180 256 190 32 56 1
32 150 165 131 63 186 313 99 250 112 32 52 2
38 161 172 136 75 192 322 99 262 190 38 61 3
34 156 169 132 72 189 316 99 260 190 35 57 4
38 157 169 136 70 190 318 99 257 116 38 54 5
35 154 170 128 65 190 313 99 251 190 32 56 6
39 156 171 139 76 196 316 99 256 190 40 59 7
38 155 172 137 76 196 315 99 259 190 37 56 8
36 155 169 133 70 193 315 99 253 113 34 57 9
35 158 170 140 78 195 320 183 255 190 41 63 10
39 159 176 139 76 197 319 186 258 190 40 15000 11
