Chip#1
76 123 128 0 93 68 0 38 11 2 182 16 0
143 139 144 0 116 73 0 46 15 77 182 120 1
91 139 144 3 123 80 0 52 27 77 182 120 2
127 123 78 0 111 68 0 38 7 3 182 120 3
127 139 128 4 142 66 0 34 39 109 182 120 4
81 139 78 14 151 78 0 49 49 93 182 120 5
143 139 144 0 117 70 0 46 14 77 182 120 6
76 123 128 0 115 67 0 43 12 1 182 118 7
82 139 144 3 151 76 0 51 30 77 182 120 8
76 139 128 35 255 80 0 43 91 150 182 120 9
78 123 77 4 159 77 0 44 48 33 182 120 10
127 123 128 0 109 63 0 35 6 61 182 15000 11
Chip#2
149 1 234 59 84 66 130 85 77 192 154 125 0
149 2 234 58 86 65 130 83 76 197 155 124 1
152 5 234 63 84 64 193 84 78 197 153 129 2
145 0 234 57 77 57 177 80 76 189 149 121 3
147 1 234 94 92 62 127 109 102 189 150 124 4
147 1 234 76 87 63 128 94 82 193 153 123 5
144 1 234 60 87 64 128 77 77 192 150 125 6
146 0 234 58 74 59 127 77 75 189 150 120 7
149 2 234 87 94 67 193 97 108 193 152 125 8
149 0 234 94 87 60 129 97 118 194 152 124 9
142 0 234 53 79 59 193 80 72 189 145 121 10
154 6 234 59 86 65 133 82 76 199 153 15000 11
Chip#3
0 0 0 0 0 0 0 0 0 0 0 0 241
0 0 0 0 0 0 0 0 0 0 0 0 241
0 0 0 0 0 0 0 0 0 0 0 0 241
0 0 0 0 0 0 0 0 0 0 0 0 241
0 0 0 0 0 0 0 0 0 0 0 0 241
0 0 0 0 0 0 0 0 0 0 0 0 241
0 0 0 0 0 0 0 0 0 0 0 0 241
0 0 0 0 0 0 0 0 0 0 0 0 241
0 0 0 0 0 0 0 0 0 0 0 0 241
0 0 0 0 0 0 0 0 0 0 0 0 241
0 0 0 0 0 0 0 0 0 0 0 0 241
0 0 0 0 0 0 0 0 0 0 0 15000 241
Chip#4
0 0 0 0 0 19 22 0 0 0 0 0 241
0 0 0 0 0 19 22 0 0 0 0 0 241
0 0 0 0 0 19 22 0 0 0 0 0 241
0 0 0 0 0 19 22 0 0 0 0 0 241
0 0 0 0 0 19 22 0 0 0 0 0 241
0 0 0 0 0 19 22 0 0 0 0 0 241
0 0 0 0 0 19 22 0 0 0 0 0 241
0 0 0 0 0 19 22 0 0 0 0 0 241
0 0 0 0 0 19 22 0 0 0 0 0 241
0 0 0 0 0 19 22 0 0 0 0 0 241
0 0 0 0 0 19 22 0 0 0 0 0 241
0 0 0 0 0 19 22 0 0 0 0 15000 241
Chip#1
76 139 128 0 111 62 0 39 11 77 182 117 0
127 139 128 0 111 69 0 43 14 3 166 120 1
76 139 128 0 93 68 0 39 7 61 166 120 2
127 139 128 0 111 68 0 39 11 61 182 118 3
80 139 79 13 148 72 0 46 46 109 182 120 4
127 139 128 1 141 72 0 43 40 93 182 120 5
87 139 83 0 117 76 0 49 21 77 182 120 6
81 139 81 0 113 72 0 45 19 7 182 120 7
143 139 128 0 143 67 0 40 25 77 182 120 8
78 139 77 37 252 87 0 43 94 150 182 120 9
77 139 128 0 157 69 0 36 45 93 182 116 10
87 139 84 1 119 78 0 46 26 9 182 15000 11
Chip#2
141 0 234 53 80 58 177 76 71 189 144 119 0
154 5 234 62 88 69 132 86 81 205 157 126 1
145 0 234 60 84 61 177 80 72 192 146 124 2
146 0 234 64 84 59 177 86 77 191 150 124 3
154 4 234 101 99 66 133 110 105 195 152 126 4
149 1 234 82 85 66 127 93 86 197 151 125 5
143 0 234 54 78 57 121 75 67 188 141 116 6
138 0 234 53 76 55 122 74 65 183 140 114 7
149 0 234 83 90 64 177 94 104 192 145 121 8
150 0 234 101 94 65 132 99 118 198 152 126 9
146 0 234 60 84 61 177 82 72 188 151 120 10
145 0 234 58 85 60 177 76 72 193 150 15000 11
Chip#1
143 139 144 0 116 73 0 46 21 77 182 120 0
127 139 128 0 111 64 0 37 7 61 182 118 1
143 139 82 1 121 74 0 44 21 77 182 120 2
82 139 77 0 111 69 0 39 19 61 182 117 3
82 139 79 9 145 73 0 41 48 44 182 120 4
127 139 128 4 135 68 0 36 36 29 166 117 5
143 155 144 0 118 69 0 46 24 77 182 120 6
76 139 128 0 93 70 0 44 16 4 182 120 7
77 139 128 0 141 68 0 36 27 77 166 120 8
143 139 144 38 258 85 0 43 94 150 182 120 9
127 139 128 3 153 68 0 39 48 93 182 120 10
76 139 144 0 113 69 0 41 15 77 182 15000 11
Chip#2
148 0 234 57 81 59 129 80 72 189 146 120 0
149 5 234 59 80 65 133 81 74 195 152 126 1
138 0 234 55 77 60 177 74 68 188 144 121 2
141 0 234 57 75 55 177 75 69 184 141 119 3
144 0 234 93 90 61 127 103 98 187 149 124 4
146 0 234 73 84 65 177 97 83 195 148 125 5
144 2 234 58 83 59 127 79 72 195 147 125 6
148 1 234 55 79 64 125 80 73 192 145 124 7
143 0 234 78 87 62 177 94 103 189 146 125 8
143 0 234 89 88 60 125 97 111 192 149 125 9
141 0 234 53 79 55 177 76 72 185 145 125 10
141 0 234 50 76 58 121 74 70 189 143 15000 11
Chip#3
0 0 0 0 0 0 0 0 0 0 0 0 241
0 0 0 0 0 0 0 0 0 0 0 0 241
0 0 0 0 0 0 0 0 0 0 0 0 241
0 0 0 0 0 0 0 0 0 0 0 0 241
0 0 0 0 0 0 0 0 0 0 0 0 241
0 0 0 0 0 0 0 0 0 0 0 0 241
0 0 0 0 0 0 0 0 0 0 0 0 241
0 0 0 0 0 0 0 0 0 0 0 0 241
0 0 0 0 0 0 0 0 0 0 0 0 241
0 0 0 0 0 0 0 0 0 0 0 0 241
0 0 0 0 0 0 0 0 0 0 0 0 241
0 0 0 0 0 0 0 0 0 0 0 15000 241
Chip#4
0 0 0 0 0 19 22 0 0 0 0 0 241
0 0 0 0 0 19 22 0 0 0 0 0 241
0 0 0 0 0 19 22 0 0 0 0 0 241
0 0 0 0 0 19 22 0 0 0 0 0 241
0 0 0 0 0 19 22 0 0 0 0 0 241
0 0 0 0 0 19 22 0 0 0 0 0 241
0 0 0 0 0 19 22 0 0 0 0 0 241
0 0 0 0 0 19 22 0 0 0 0 0 241
0 0 0 0 0 19 22 0 0 0 0 0 241
0 0 0 0 0 19 22 0 0 0 0 0 241
0 0 0 0 0 19 22 0 0 0 0 0 241
0 0 0 0 0 19 22 0 0 0 0 15000 241
