Chipdp
84 2 37 2 8 3 4 8 5 9 5 8 6 9 6 4 8 3 9 3 8 2 9 2 4 6 6 5 6 6 5 5 5 4 6 2 5 2 6 3 5 3 4 6 8 5 8 6 9 5 9 4 2 8 3 8 2 9 3 9 4 2 5 3 5 2 6 3 6 4 2 2 3 2 2 3 3 3 4 9 7 10 7 9 6 10 6 4 9 10 10 10 9 9 10 9 4 7 7 6 7 7 6 6 6 4 7 10 6 10 7 9 6 9 4 7 3 7 4 6 3 6 4 4 4 4 4 3 3 4 3 3 4 3 7 4 7 3 6 4 6 4 3 10 4 10 3 9 4 9 
Chip#1
104 102 103 106 102 105 107 103 104 96 101 105 0
101 101 119 123 101 110 135 107 111 129 102 106 1
97 94 244 305 101 268 450 115 204 444 141 99 2
98 100 138 154 101 153 222 102 138 254 109 100 3
108 102 104 103 105 104 107 105 114 107 105 104 4
95 97 106 104 98 99 108 101 164 263 108 96 5
101 102 107 103 105 109 107 103 144 238 111 101 6
105 101 102 102 103 103 105 105 107 104 105 104 7
105 110 116 112 109 112 115 107 108 100 101 107 8
92 94 102 102 95 99 104 97 96 95 90 94 9
101 105 106 108 103 104 107 103 106 104 101 105 10
Chip#1
378 0 0 28 0 0 5 0 0 7 0 0 0
102 100 97 95 101 98 101 100 102 97 98 100 0
101 99 117 120 103 112 134 100 102 126 103 98 1
93 99 256 310 98 278 467 113 204 462 153 98 2
95 95 130 155 95 153 221 97 136 263 108 94 3
97 95 95 92 96 94 99 97 97 96 96 98 4
97 97 108 106 97 105 111 100 162 267 109 99 5
99 104 106 103 104 106 108 103 147 222 107 96 6
99 101 100 103 104 103 104 107 101 100 100 98 7
100 101 109 110 102 109 112 108 104 99 106 102 8
108 107 109 109 109 106 112 104 107 103 105 104 9
Chip#1
378 0 0 28 0 0 5 0 0 7 0 0 1
378 0 0 28 0 0 5 0 0 7 0 0 0
96 101 99 98 101 95 99 98 98 96 98 99 0
97 102 116 129 107 110 134 109 104 132 105 101 1
99 101 251 313 107 274 455 121 207 462 144 99 2
99 100 132 154 101 151 220 102 139 254 107 96 3
96 104 100 98 102 97 105 100 98 100 100 101 4
103 100 110 112 101 99 113 107 167 263 108 99 5
95 100 99 102 101 99 101 102 140 238 103 94 6
102 107 108 107 108 104 107 108 109 103 105 102 7
102 100 111 119 103 105 112 108 102 96 103 100 8
