Chip#1
114 108 114 108 110 117 108 110 109 108 120 110 0
104 97 105 101 100 106 104 100 100 105 104 97 1
102 100 107 103 102 108 103 107 101 105 105 94 2
113 108 133 639 202 117 112 302 320 112 113 102 3
104 100 111 375 106 113 100 230 254 107 108 99 4
105 109 108 111 106 108 110 108 109 105 106 101 5
101 96 104 107 103 107 105 103 106 103 106 97 6
117 105 116 160 123 112 110 200 243 108 113 102 7
101 101 107 230 154 106 102 460 358 105 105 97 8
106 104 112 108 103 113 110 121 118 105 106 98 9
111 104 109 106 106 110 110 108 103 112 109 104 10
105 100 111 101 105 106 104 105 103 103 105 15000 11
Chip#2
101 98 99 99 99 99 105 99 105 99 102 96 0
106 103 105 105 104 103 110 100 109 101 104 104 1
105 104 106 103 104 103 113 100 112 102 103 105 2
110 103 106 103 136 112 114 100 135 124 108 108 3
104 100 104 107 131 110 110 99 136 137 103 105 4
103 97 102 104 102 103 109 100 109 102 104 105 5
101 100 99 104 102 101 108 100 115 96 102 102 6
103 98 103 104 102 101 110 100 117 106 107 102 7
106 104 105 106 102 110 110 99 162 139 107 110 8
105 100 105 103 102 107 112 100 116 106 106 104 9
109 104 106 109 102 107 115 100 117 101 110 110 10
101 95 103 103 99 101 105 99 110 99 102 15000 11
Chip#3
95 91 92 95 91 105 94 97 91 94 92 96 0
99 100 97 107 100 109 102 107 100 103 97 101 1
91 94 93 95 91 105 95 99 87 94 87 95 2
98 96 92 97 95 103 91 102 101 100 94 99 3
96 98 99 101 101 105 97 103 105 99 98 101 4
92 98 93 101 98 105 97 104 92 96 102 101 5
103 98 102 107 98 114 101 104 97 105 102 102 6
91 94 92 102 92 103 96 102 103 101 97 100 7
95 98 92 111 109 106 95 103 105 105 99 99 8
98 94 96 100 97 105 95 103 95 100 96 100 9
90 92 89 95 91 103 89 98 90 94 84 91 10
87 85 85 90 87 99 86 92 86 94 87 15000 11
Chip#4
100 105 103 101 112 102 108 105 107 98 102 101 0
103 104 106 101 110 106 114 104 110 96 105 100 1
105 109 109 102 112 108 117 106 110 104 106 107 2
99 97 110 96 107 101 106 101 107 100 101 100 3
99 97 105 97 107 104 103 97 107 94 101 97 4
102 102 105 103 107 97 106 102 106 96 101 92 5
102 104 106 101 112 104 111 102 106 98 105 97 6
99 100 107 104 116 106 107 107 110 100 106 101 7
96 98 103 103 119 104 108 99 110 100 104 100 8
100 102 107 101 110 101 110 100 108 97 102 100 9
96 98 102 98 109 100 106 99 100 93 98 99 10
97 101 104 101 109 100 106 102 107 96 101 15000 11
Chip#1
110 105 107 105 104 98 104 99 101 102 108 100 0
111 108 109 103 100 104 107 109 109 106 105 105 1
104 100 102 102 100 101 98 105 100 100 105 92 2
100 99 121 637 194 104 100 298 315 99 106 94 3
101 99 111 381 103 102 97 225 255 101 101 100 4
105 104 112 104 105 104 102 104 104 101 105 97 5
106 100 105 111 103 104 109 108 100 107 105 98 6
100 96 105 155 112 95 96 184 239 95 100 94 7
111 106 114 244 170 101 104 466 369 110 105 100 8
105 103 108 105 101 95 99 115 113 101 102 94 9
105 101 109 103 104 101 103 103 105 100 106 103 10
111 103 112 103 102 103 107 107 111 103 104 15000 11
Chip#2
105 98 102 101 102 101 104 99 107 101 104 101 0
108 100 105 105 102 107 108 100 111 102 104 107 1
101 95 101 98 103 102 103 100 109 96 100 101 2
112 107 108 106 147 113 107 100 132 127 107 105 3
106 99 105 106 141 108 108 100 136 137 107 105 4
108 103 107 104 105 105 110 100 115 104 107 105 5
107 106 108 103 105 104 106 100 112 104 102 105 6
105 95 105 102 89 102 107 100 117 100 102 104 7
108 105 108 103 114 115 110 100 162 137 107 106 8
100 93 101 95 89 99 104 99 109 102 102 99 9
109 105 110 104 89 108 114 99 115 105 110 108 10
112 100 106 100 105 103 107 100 114 102 106 15000 11
Chip#3
95 87 93 97 92 100 94 94 91 99 94 96 0
98 94 96 105 99 109 97 102 97 101 103 100 1
100 95 99 99 98 109 98 98 100 105 99 100 2
95 95 94 105 98 105 91 104 102 99 95 97 3
96 99 96 101 98 102 98 99 102 101 99 103 4
83 90 89 92 86 95 90 89 86 90 90 94 5
98 98 95 105 94 112 98 101 100 105 97 98 6
100 99 99 105 98 109 95 105 105 106 100 104 7
89 87 90 106 99 99 88 97 102 96 94 93 8
100 96 99 105 99 108 97 104 105 105 105 100 9
86 85 85 91 87 96 84 93 88 91 89 90 10
92 92 90 96 91 102 91 96 93 100 92 15000 11
Chip#4
104 105 106 99 104 100 106 98 101 98 103 100 0
102 102 106 100 109 102 108 106 104 97 98 103 1
99 104 107 101 109 108 108 102 107 100 102 105 2
106 107 112 104 109 109 113 106 111 107 108 104 3
102 98 103 99 104 98 104 99 106 97 102 103 4
96 104 102 97 104 100 101 103 106 97 101 99 5
104 103 114 104 113 106 108 109 108 103 105 107 6
102 104 106 101 103 105 108 102 108 103 102 103 7
98 100 107 96 119 109 104 106 111 105 103 100 8
102 101 104 106 109 103 113 104 113 101 101 105 9
101 106 112 103 106 104 113 111 111 104 103 101 10
93 100 100 92 97 94 106 92 98 93 95 15000 11
Chip#1
105 92 95 94 89 91 94 90 95 96 102 88 0
108 104 107 103 99 104 108 105 111 103 105 97 1
98 99 100 100 94 97 99 99 101 97 100 88 2
101 99 111 642 191 93 93 287 311 92 92 88 3
100 100 107 381 103 99 103 227 254 101 103 98 4
106 103 107 99 96 106 107 100 104 99 99 97 5
106 100 111 101 97 103 107 101 104 106 104 98 6
102 109 107 173 122 101 105 191 248 101 103 94 7
108 103 114 263 173 106 110 466 373 105 106 99 8
96 100 104 103 96 97 99 109 109 95 97 89 9
101 95 103 97 94 98 98 96 104 99 101 94 10
110 101 108 103 98 99 103 108 107 105 103 15000 11
Chip#2
106 98 102 103 105 105 107 100 111 106 102 107 0
110 108 104 109 105 108 115 100 115 104 106 110 1
106 109 108 105 105 108 114 100 107 104 111 108 2
105 104 109 105 146 111 110 100 132 125 107 108 3
108 104 108 115 146 116 111 100 143 140 110 107 4
108 103 109 96 105 108 114 100 116 107 109 108 5
103 99 105 105 101 101 105 100 107 99 103 106 6
105 98 102 105 101 103 108 100 120 104 101 106 7
110 107 109 111 114 112 109 101 163 140 104 107 8
103 98 101 95 105 99 104 100 104 96 97 101 9
103 99 103 99 101 103 108 99 105 99 102 108 10
108 111 108 104 105 105 108 100 107 104 107 15000 11
Chip#3
97 91 96 100 99 105 95 99 96 102 97 100 0
98 91 93 97 94 103 94 99 96 99 97 93 1
101 100 102 103 100 106 98 102 102 106 101 103 2
103 98 103 109 103 107 99 109 109 108 98 103 3
95 95 98 103 101 102 93 102 101 101 95 99 4
96 95 96 101 99 109 98 98 97 98 98 104 5
97 95 100 104 99 107 95 98 95 106 99 97 6
101 96 99 111 102 110 100 104 107 107 103 105 7
100 101 103 115 107 107 99 103 111 104 98 105 8
98 92 97 97 101 105 97 96 100 103 100 100 9
94 89 90 95 95 102 90 97 93 98 94 97 10
103 99 99 107 101 109 94 103 104 102 95 15000 11
Chip#4
92 92 95 86 92 94 101 90 96 89 89 91 0
107 104 107 99 107 104 107 110 108 105 104 105 1
101 100 104 96 104 108 106 104 107 103 101 101 2
94 100 102 92 104 100 98 102 101 97 95 92 3
97 97 100 93 103 103 104 100 106 100 101 98 4
95 98 103 94 101 97 107 103 101 97 93 99 5
99 101 103 99 101 102 101 102 100 96 101 99 6
90 93 97 93 101 99 103 99 99 96 98 93 7
97 100 107 100 116 108 106 104 108 105 99 97 8
92 96 97 89 100 96 97 99 96 89 92 92 9
97 104 110 101 109 100 104 104 104 96 101 107 10
97 104 105 94 106 102 103 103 104 97 96 15000 11
Chip#1
105 96 103 97 97 97 100 99 96 97 99 99 0
110 104 107 103 98 102 104 104 103 103 104 100 1
113 109 116 107 106 110 111 116 109 112 116 103 2
106 106 123 648 198 104 103 299 323 101 101 100 3
102 104 109 378 105 98 107 232 259 106 108 103 4
93 97 98 96 91 93 93 105 97 94 98 90 5
108 101 105 101 106 99 108 105 103 105 108 94 6
100 97 103 173 120 98 102 189 240 96 99 94 7
109 109 118 273 183 105 113 475 373 107 110 109 8
105 101 109 101 100 101 102 117 116 101 102 100 9
110 106 112 106 104 107 110 109 107 106 110 108 10
115 106 113 107 105 104 109 112 109 107 116 15000 11
Chip#2
106 99 106 101 105 98 110 100 113 103 106 106 0
106 100 106 103 104 99 112 99 112 100 104 104 1
100 91 101 102 102 98 103 99 105 93 100 103 2
102 96 102 103 142 107 107 99 127 118 102 107 3
103 98 101 110 136 108 107 100 133 137 102 102 4
103 95 103 103 102 99 107 99 107 94 106 107 5
98 98 99 99 102 94 101 100 104 93 102 96 6
105 102 102 103 102 99 108 100 120 101 102 108 7
105 102 102 100 102 105 108 100 158 134 102 105 8
101 98 105 106 102 101 109 100 112 102 101 105 9
109 104 111 106 102 104 117 100 111 100 107 107 10
99 100 104 98 102 101 110 99 107 99 103 15000 11
Chip#3
91 88 93 98 95 100 92 94 93 98 94 95 0
102 97 102 103 99 115 99 105 100 110 104 104 1
100 93 96 96 96 105 91 99 98 104 97 103 2
89 87 88 93 90 96 86 92 93 98 89 93 3
100 99 97 105 104 111 98 104 106 110 100 104 4
96 98 94 100 99 106 98 102 96 103 100 97 5
100 96 99 99 99 104 98 103 96 106 99 103 6
102 94 99 105 103 110 104 105 105 107 98 105 7
90 92 94 107 99 99 90 98 99 101 94 92 8
96 94 95 100 95 100 95 98 93 100 98 99 9
95 87 92 97 90 106 91 96 88 96 95 96 10
93 94 94 97 99 105 91 99 92 101 95 15000 11
Chip#4
97 105 109 96 103 98 106 102 106 97 99 99 0
101 99 104 99 103 96 101 102 106 98 99 100 1
93 98 106 97 107 94 107 99 97 97 102 99 2
106 105 112 101 114 106 108 107 113 107 106 101 3
102 105 105 97 101 104 107 104 107 101 101 103 4
92 91 99 89 100 97 98 94 101 94 92 96 5
90 96 99 91 101 95 97 97 101 96 90 99 6
97 100 104 96 104 105 104 102 107 100 102 97 7
94 91 97 93 110 98 98 94 97 97 89 89 8
100 105 103 99 107 102 106 104 107 104 99 99 9
95 98 107 99 106 102 106 97 107 98 99 96 10
93 89 96 90 93 89 100 94 96 90 92 15000 11
Chip#1
98 101 104 96 97 97 98 101 103 99 102 100 0
106 103 108 101 100 102 107 106 108 106 103 103 1
107 109 109 103 106 103 105 114 109 102 101 103 2
93 92 117 642 190 93 91 295 314 97 92 90 3
105 105 113 384 106 103 105 236 265 110 105 100 4
94 95 102 95 99 102 102 104 103 96 98 93 5
107 108 111 102 105 103 113 105 105 107 104 99 6
101 100 105 177 123 99 103 196 251 103 103 97 7
114 109 119 276 184 108 111 478 380 112 110 104 8
101 97 108 102 100 101 105 118 109 103 104 94 9
110 108 113 109 110 112 111 109 116 106 109 109 10
115 109 112 102 103 101 101 109 106 106 108 15000 11
Chip#2
108 100 102 99 99 104 110 100 107 98 104 104 0
103 103 101 98 98 98 104 100 104 89 98 99 1
108 100 104 105 98 103 112 100 111 98 102 106 2
109 103 109 103 146 107 109 100 130 122 103 104 3
100 101 108 108 135 107 112 99 135 135 103 99 4
105 104 105 104 89 105 109 99 108 103 111 103 5
101 103 106 101 102 101 110 100 110 101 106 105 6
101 98 95 96 102 94 108 100 116 101 101 101 7
101 99 102 102 102 105 105 99 152 132 98 99 8
104 104 106 106 102 102 107 100 115 112 104 105 9
108 102 108 101 103 102 110 100 109 101 107 106 10
110 102 99 104 102 100 110 100 109 100 104 15000 11
Chip#3
95 92 94 95 96 105 93 99 95 101 98 92 0
96 91 92 95 90 98 94 99 91 98 97 97 1
91 90 95 96 94 102 89 96 92 101 93 98 2
104 99 103 107 109 110 97 106 111 108 104 105 3
93 90 93 99 96 101 89 97 98 99 95 95 4
98 95 100 105 101 112 97 104 100 106 100 104 5
98 92 93 92 91 106 94 94 91 100 94 95 6
96 91 93 103 98 106 94 103 96 105 98 102 7
96 93 99 109 102 102 91 103 108 100 95 95 8
99 96 97 97 95 105 95 101 97 106 98 103 9
96 94 96 93 99 105 93 98 96 101 95 96 10
99 101 99 104 101 103 99 101 100 103 102 15000 11
Chip#4
103 101 110 101 104 104 107 100 107 103 104 104 0
105 99 110 100 107 106 111 104 107 100 103 101 1
96 100 109 99 104 104 107 99 106 100 98 97 2
93 96 103 94 104 94 101 102 103 98 96 99 3
94 101 102 99 106 104 101 97 101 96 101 96 4
102 105 109 100 110 101 111 105 107 102 106 105 5
97 96 103 96 101 103 103 103 108 101 99 103 6
94 95 96 90 100 100 99 97 100 93 98 95 7
100 99 103 97 114 98 104 97 106 105 101 102 8
99 94 107 96 109 101 104 104 106 97 96 96 9
94 98 97 94 103 95 100 100 94 93 90 91 10
100 105 112 104 112 104 110 106 104 101 102 15000 11
