Chip#1
143 155 144 0 118 70 0 47 21 77 182 120 0
0 0 0 0 0 0 0 0 0 0 0 0 0
0 0 0 0 0 0 0 0 0 0 0 0 0
0 0 0 0 0 0 0 0 0 0 0 0 0
0 0 0 0 0 0 0 0 0 0 0 0 0
0 0 0 0 0 0 0 0 0 0 0 0 0
0 0 0 0 0 0 0 0 0 0 0 0 0
0 0 0 0 0 0 0 0 0 0 0 0 0
0 0 0 0 0 0 0 0 0 0 0 0 0
0 0 0 0 0 0 0 0 0 0 0 0 0
0 0 0 0 0 0 0 0 0 0 0 0 0
0 0 0 0 0 0 0 0 0 0 0 0 0
0 0 0 0 0 0 0 0 0 0 0 0 0
0 0 0 0 0 0 0 0 0 0 0 0 0
0 0 0 0 0 0 0 0 0 0 0 0 0
0 0 0 0 0 0 0 0 0 0 0 0 0
0 0 0 0 0 0 0 0 0 0 0 0 0
0 0 0 0 0 0 0 0 0 0 0 0 0
0 0 0 0 0 0 0 0 0 0 0 0 0
0 0 0 0 0 0 0 0 0 0 0 0 0
0 0 0 0 0 0 0 0 0 0 0 0 0
0 0 0 0 0 0 0 0 0 0 0 0 0
0 0 0 0 0 0 0 0 0 0 0 15000 0
Chip#2
0 0 0 0 0 0 0 0 0 0 0 15000 0
Chip#2
0 0 0 0 0 0 0 0 0 0 0 5 0
9 195 158 122 0
0 0 0 0 0 0 0 0 0 0 0 5 0
0 0 0 0 0 0 0 0 0 0 0 5 0
0 0 0 0 0 0 0 0 0 0 0 5 0
0 0 0 0 0 0 0 0 0 0 0 5 0
0 0 0 0 0 0 0 0 0 0 0 5 0
0 0 0 0 0 0 0 0 0 0 0 5 0
0 0 0 0 0 0 0 0 0 0 0 5 0
0 0 0 0 0 0 0 0 0 0 0 5 0
0 0 0 0 0 0 0 0 0 0 0 5 0
0 0 0 0 0 0 0 0 0 0 0 5 0
0 0 0 0 0 0 0 0 0 0 0 5 0
0 0 0 0 0 0 0 0 0 0 0 5 0
0 0 0 0 0 0 0 0 0 0 0 5 0
0 0 0 0 0 0 0 0 0 0 0 5 0
0 0 0 0 0 0 0 0 0 0 0 5 0
0 0 0 0 0 0 0 0 0 0 0 5 0
0 0 0 0 0 0 0 0 0 0 0 5 0
0 0 0 0 0 0 0 0 0 0 0 5 0
0 0 0 0 0 0 0 0 0 0 0 5 0
0 0 0 0 0 0 0 0 0 0 0 5 0
0 0 0 0 0 0 0 0 0 0 0 15000 0
Chip#3
0 0 0 0 0 0 0 0 0 0 0 15000 0
Chip#3
0 0 0 0 0 0 0 0 0 0 0 0 0

0 0 0 0 0 0 0 0 0 0 0 0 0
0 0 0 0 0 0 0 0 0 0 0 0 0
0 0 0 0 0 0 0 0 0 0 0 0 0
0 0 0 0 0 0 0 0 0 0 0 0 0
0 0 0 0 0 0 0 0 0 0 0 0 0
0 0 0 0 0 0 0 0 0 0 0 0 0
0 0 0 0 0 0 0 0 0 0 0 0 0
0 0 0 0 0 0 0 0 0 0 0 0 0
0 0 0 0 0 0 0 0 0 0 0 0 0
0 0 0 0 0 0 0 0 0 0 0 0 0
0 0 0 0 0 0 0 0 0 0 0 0 0
0 0 0 0 0 0 0 0 0 0 0 0 0
0 0 0 0 0 0 0 0 0 0 0 0 0
0 0 0 0 0 0 0 0 0 0 0 0 0
0 0 0 0 0 0 0 0 0 0 0 0 0
0 0 0 0 0 0 0 0 0 0 0 0 0
0 0 0 0 0 0 0 0 0 0 0 0 0
0 0 0 0 0 0 0 0 0 0 0 0 0
0 0 0 0 0 0 0 0 0 0 0 0 0
0 0 0 0 0 0 0 0 0 0 0 0 0
0 0 0 0 0 0 0 0 0 0 0 15000 0
Chip#4
0 0 0 0 0 0 0 0 0 0 0 15000 0
Chip#4
0 0 0 0 0 19 22 0 0 0 0 0 0
0 0 0 0 0 19 22 0 0 0 0 0 241
0 0 0 0 0 19 22 0 0 0 0 0 0
0 0 0 0 0 19 22 0 0 0 0 0 0
0 0 0 0 0 19 22 0 0 0 0 0 0
0 0 0 0 0 19 22 0 0 0 0 0 0
0 0 0 0 0 19 22 0 0 0 0 0 0
0 0 0 0 0 19 22 0 0 0 0 0 0
0 0 0 0 0 19 22 0 0 0 0 0 0
0 0 0 0 0 19 22 0 0 0 0 0 0
0 0 0 0 0 19 22 0 0 0 0 0 0
0 0 0 0 0 19 22 0 0 0 0 0 0
0 0 0 0 0 19 22 0 0 0 0 0 0
0 0 0 0 0 19 22 0 0 0 0 0 0
0 0 0 0 0 19 22 0 0 0 0 0 0
0 0 0 0 0 19 22 0 0 0 0 0 0
0 0 0 0 0 19 22 0 0 0 0 0 0
0 0 0 0 0 19 22 0 0 0 0 0 0
0 0 0 0 0 19 22 0 0 0 0 0 0
0 0 0 0 0 19 22 0 0 0 0 0 0
0 0 0 0 0 19 22 0 0 0 0 0 0
0 0 0 0 0 19 22 0 0 0 0 0 0
0 0 0 0 0 19 22 0 0 0 0 15000 0
0 0 0 0 0 19 22 0 0 0 0 15000 0
Chip#1
114 171 176 32 153 111 18 92 64 109 230 120 0
175 187 176 46 163 125 30 102 77 125 246 120 1
175 187 192 52 176 137 44 114 92 141 246 120 2
191 203 201 169 453 178 67 228 468 466 350 120 3
191 203 201 3913 453 578 147 329 4039 466 358 128 4
191 219 201 2686 453 436 147 303 4042 466 239 128 5
191 203 201 167 285 240 147 253 238 204 239 144 6
191 203 201 163 277 233 147 253 238 173 239 144 7
191 235 229 2097 277 488 176 292 3982 3953 358 144 8
191 235 260 3988 277 3004 190 563 4048 3953 495 144 9
200 235 229 3977 277 497 171 299 4048 3953 374 144 10
200 219 201 162 286 230 113 298 234 173 239 15000 11
Chip#2
158 35 242 91 120 117 225 114 110 225 166 148 0
158 43 245 101 128 125 225 119 117 233 166 158 1
158 41 248 109 131 124 173 126 123 232 158 153 2
158 52 274 1064 142 134 241 942 995 235 166 155 3
158 52 1452 3744 2486 147 234 3857 3851 287 166 160 4
158 51 294 2976 342 145 234 1459 1323 235 166 159 5
158 42 257 123 142 131 234 136 132 234 166 157 6
158 51 265 145 142 143 234 150 155 235 166 157 7
158 53 511 3744 2246 152 234 3857 3851 286 182 157 8
158 49 512 3752 2566 146 234 3777 3835 285 166 154 9
158 44 263 133 142 133 181 141 143 235 166 154 10
158 46 254 108 132 130 175 125 128 233 166 15000 11
Chip#3
0 0 0 0 0 0 0 0 0 0 0 0 241
0 0 0 0 0 0 0 0 0 0 0 0 241
0 0 0 0 0 0 0 0 0 0 0 0 241
0 0 0 0 0 0 0 0 0 0 0 0 241
0 0 0 0 0 0 0 0 0 0 0 0 241
0 0 0 0 0 0 0 0 0 0 0 0 241
0 0 0 0 0 0 0 0 0 0 0 0 241
0 0 0 0 0 0 0 0 0 0 0 0 241
0 0 0 0 0 0 0 0 0 0 0 0 241
0 0 0 0 0 0 0 0 0 0 0 0 241
0 0 0 0 0 0 0 0 0 0 0 0 241
0 0 0 0 0 0 0 0 0 0 0 15000 241
Chip#4
0 0 0 0 0 19 22 0 0 0 0 0 241
0 0 0 0 0 19 22 0 0 0 0 0 241
0 0 0 0 0 19 22 0 0 0 0 0 241
0 0 0 0 0 19 22 0 0 0 0 0 241
0 0 0 0 0 19 22 0 0 0 0 0 241
0 0 0 0 0 19 22 0 0 0 0 0 241
0 0 0 0 0 19 22 0 0 0 0 0 241
0 0 0 0 0 19 22 0 0 0 0 0 241
0 0 0 0 0 19 22 0 0 0 0 0 241
0 0 0 0 0 19 22 0 0 0 0 0 241
0 0 0 0 0 19 22 0 0 0 0 0 241
0 0 0 0 0 19 22 0 0 0 0 15000 241
Chip#1
191 203 192 60 179 135 43 196 91 141 239 120 0
191 203 192 73 196 181 61 196 108 150 239 120 1
200 219 201 84 206 176 71 228 186 150 239 144 2
200 219 201 245 605 211 107 276 678 687 239 144 3
200 235 214 3988 605 844 196 548 4050 687 454 176 4
200 326 231 3923 605 605 216 484 4050 687 390 176 5
200 326 232 231 349 307 202 305 325 349 358 208 6
200 326 252 261 392 325 226 322 312 273 374 208 7
200 196 294 3076 392 575 257 452 4050 273 438 192 8
200 196 356 3964 392 575 293 819 4050 273 694 192 9
200 196 305 3988 392 700 255 484 4050 273 454 176 10
200 196 243 242 392 300 187 273 277 249 358 15000 11
Chip#2
158 40 245 98 118 119 166 115 115 225 166 156 0
158 38 242 94 119 114 161 111 110 223 166 151 1
158 40 248 107 126 124 171 124 120 228 158 147 2
158 51 278 1064 142 139 241 952 995 235 166 160 3
158 54 1447 3744 2486 147 234 3857 3851 285 166 157 4
158 55 294 2976 341 147 234 1465 1323 235 182 157 5
158 52 267 128 142 138 234 142 143 235 182 161 6
158 51 270 143 142 145 234 154 158 235 166 155 7
158 109 514 3752 2246 153 234 3873 3867 289 182 157 8
158 53 490 3744 2566 149 234 3777 3851 287 166 155 9
158 45 260 130 142 132 234 142 139 235 166 153 10
158 93 249 104 127 125 225 121 122 234 166 10000 11
Chip#3
0 0 0 0 0 0 0 0 0 0 0 0 241
0 0 0 0 0 0 0 0 0 0 0 0 241
0 0 0 0 0 0 0 0 0 0 0 0 241
0 0 0 0 0 0 0 0 0 0 0 0 241
0 0 0 0 0 0 0 0 0 0 0 0 241
0 0 0 0 0 0 0 0 0 0 0 0 241
0 0 0 0 0 0 0 0 0 0 0 0 241
0 0 0 0 0 0 0 0 0 0 0 0 241
0 0 0 0 0 0 0 0 0 0 0 0 241
0 0 0 0 0 0 0 0 0 0 0 0 241
0 0 0 0 0 0 0 0 0 0 0 0 241
0 0 0 0 0 0 0 0 0 0 0 15000 241
Chip#4
0 0 0 0 0 19 22 0 0 0 0 0 241
0 0 0 0 0 19 22 0 0 0 0 0 241
0 0 0 0 0 19 22 0 0 0 0 0 241
0 0 0 0 0 19 22 0 0 0 0 0 241
0 0 0 0 0 19 22 0 0 0 0 0 241
0 0 0 0 0 19 22 0 0 0 0 0 241
0 0 0 0 0 19 22 0 0 0 0 0 241
0 0 0 0 0 19 22 0 0 0 0 0 241
0 0 0 0 0 19 22 0 0 0 0 0 241
0 0 0 0 0 19 22 0 0 0 0 0 241
0 0 0 0 0 19 22 0 0 0 0 0 241
0 0 0 0 0 19 22 0 0 0 0 15000 241
Chip#1
191 196 201 66 187 181 51 196 96 141 239 120 0
200 196 201 77 196 197 64 212 170 150 239 128 1
200 196 201 82 204 175 72 212 186 150 239 128 2
200 196 201 249 605 215 107 276 679 682 239 144 3
191 196 201 3988 605 830 190 516 4048 682 422 160 4
200 196 231 3927 605 609 224 484 4050 682 390 176 5
200 196 231 233 349 315 213 309 340 293 358 192 6
200 196 247 255 386 317 216 310 307 268 358 192 7
200 196 352 3082 386 573 260 468 4050 268 438 208 8
200 196 351 3988 386 573 290 812 4050 268 710 208 9
200 196 302 3988 386 697 253 484 4050 268 454 192 10
200 196 231 229 349 294 176 259 267 241 342 10000 11
Chip#2
158 32 234 88 115 108 160 109 107 222 158 148 0
158 28 235 87 115 109 158 105 103 221 158 142 1
158 36 245 103 127 120 225 126 119 229 166 148 2
158 53 278 1064 128 138 241 953 995 235 166 159 3
158 50 1442 3744 2486 145 234 3857 3851 235 166 152 4
158 43 284 2976 332 132 234 1465 1323 235 166 151 5
158 48 258 125 142 138 185 137 138 235 166 151 6
158 51 270 147 142 144 241 155 164 235 166 158 7
158 51 509 3752 2230 149 241 3857 3867 287 166 153 8
158 51 509 3744 2566 144 241 3793 3851 282 166 151 9
158 43 260 137 142 135 181 141 147 235 166 155 10
158 41 247 105 130 125 174 120 120 232 158 7500 11
Chip#3
0 0 0 0 0 0 0 0 0 0 0 0 241
0 0 0 0 0 0 0 0 0 0 0 0 241
0 0 0 0 0 0 0 0 0 0 0 0 241
0 0 0 0 0 0 0 0 0 0 0 0 241
0 0 0 0 0 0 0 0 0 0 0 0 241
0 0 0 0 0 0 0 0 0 0 0 0 241
0 0 0 0 0 0 0 0 0 0 0 0 241
0 0 0 0 0 0 0 0 0 0 0 0 241
0 0 0 0 0 0 0 0 0 0 0 0 241
0 0 0 0 0 0 0 0 0 0 0 0 241
0 0 0 0 0 0 0 0 0 0 0 0 241
0 0 0 0 0 0 0 0 0 0 0 15000 241
Chip#4
0 0 0 0 0 19 22 0 0 0 0 0 241
0 0 0 0 0 19 22 0 0 0 0 0 241
0 0 0 0 0 19 22 0 0 0 0 0 241
0 0 0 0 0 19 22 0 0 0 0 0 241
0 0 0 0 0 19 22 0 0 0 0 0 241
0 0 0 0 0 19 22 0 0 0 0 0 241
0 0 0 0 0 19 22 0 0 0 0 0 241
0 0 0 0 0 19 22 0 0 0 0 0 241
0 0 0 0 0 19 22 0 0 0 0 0 241
0 0 0 0 0 19 22 0 0 0 0 0 241
0 0 0 0 0 19 22 0 0 0 0 0 241
0 0 0 0 0 19 22 0 0 0 0 15000 241
Chip#1
191 196 192 55 176 181 42 114 87 141 239 120 0
200 196 201 65 192 197 57 212 103 150 239 128 1
200 196 201 76 200 174 69 228 186 150 239 128 2
200 196 201 245 605 219 111 276 682 688 239 144 3
200 196 207 3988 605 837 195 516 4035 3981 438 160 4
200 196 222 3905 605 601 209 417 4043 3981 374 160 5
200 196 228 224 349 303 206 303 326 333 342 192 6
200 196 253 251 388 322 223 316 307 268 374 192 7
200 196 305 3064 388 579 268 468 4050 268 454 208 8
200 196 351 3988 388 579 285 800 4048 268 694 192 9
200 196 305 3988 388 697 255 484 4050 268 470 192 10
200 196 238 235 384 299 184 271 272 249 358 7500 11
Chip#2
158 29 234 87 108 109 209 105 104 216 166 142 0
158 40 238 97 120 120 225 113 114 227 166 149 1
158 40 247 102 126 122 225 125 121 231 166 148 2
158 44 274 1048 142 135 241 941 995 235 166 152 3
158 53 1444 3744 2486 143 234 3841 3851 235 166 149 4
158 49 287 2976 336 141 234 1458 1323 235 166 155 5
158 52 264 125 142 138 234 139 137 235 182 158 6
158 49 264 142 142 140 193 154 153 235 166 152 7
158 53 511 3744 2230 149 241 3857 3851 287 166 157 8
158 54 481 3744 2566 145 241 3777 3851 235 166 154 9
158 44 261 138 142 131 241 143 145 234 182 156 10
158 45 249 107 130 129 178 121 124 233 166 6200 11
Chip#3
0 0 0 0 0 0 0 0 0 0 0 0 241
0 0 0 0 0 0 0 0 0 0 0 0 241
0 0 0 0 0 0 0 0 0 0 0 0 241
0 0 0 0 0 0 0 0 0 0 0 0 241
0 0 0 0 0 0 0 0 0 0 0 0 241
0 0 0 0 0 0 0 0 0 0 0 0 241
0 0 0 0 0 0 0 0 0 0 0 0 241
0 0 0 0 0 0 0 0 0 0 0 0 241
0 0 0 0 0 0 0 0 0 0 0 0 241
0 0 0 0 0 0 0 0 0 0 0 0 241
0 0 0 0 0 0 0 0 0 0 0 0 241
0 0 0 0 0 0 0 0 0 0 0 15000 241
Chip#4
0 0 0 0 0 19 22 0 0 0 0 0 241
0 0 0 0 0 19 22 0 0 0 0 0 241
0 0 0 0 0 19 22 0 0 0 0 0 241
0 0 0 0 0 19 22 0 0 0 0 0 241
0 0 0 0 0 19 22 0 0 0 0 0 241
0 0 0 0 0 19 22 0 0 0 0 0 241
0 0 0 0 0 19 22 0 0 0 0 0 241
0 0 0 0 0 19 22 0 0 0 0 0 241
0 0 0 0 0 19 22 0 0 0 0 0 241
0 0 0 0 0 19 22 0 0 0 0 0 241
0 0 0 0 0 19 22 0 0 0 0 0 241
0 0 0 0 0 19 22 0 0 0 0 15000 241
Chip#1
191 196 201 62 183 181 45 196 92 141 239 120 0
0 0 0 0 0 0 0 0 0 0 0 0 0
0 0 0 0 0 0 0 0 0 0 0 0 0
0 0 0 0 0 0 0 0 0 0 0 0 0
0 0 0 0 0 0 0 0 0 0 0 0 0
0 0 0 0 0 0 0 0 0 0 0 0 0
0 0 0 0 0 0 0 0 0 0 0 0 0
0 0 0 0 0 0 0 0 0 0 0 0 0
0 0 0 0 0 0 0 0 0 0 0 0 0
0 0 0 0 0 0 0 0 0 0 0 0 0
0 0 0 0 0 0 0 0 0 0 0 0 0
0 0 0 0 0 0 0 0 0 0 0 0 0
0 0 0 0 0 0 0 0 0 0 0 0 0
0 0 0 0 0 0 0 0 0 0 0 0 0
0 0 0 0 0 0 0 0 0 0 0 0 0
0 0 0 0 0 0 0 0 0 0 0 0 0
0 0 0 0 0 0 0 0 0 0 0 0 0
0 0 0 0 0 0 0 0 0 0 0 0 0
0 0 0 0 0 0 0 0 0 0 0 0 0
0 0 0 0 0 0 0 0 0 0 0 0 0
0 0 0 0 0 0 0 0 0 0 0 0 0
0 0 0 0 0 0 0 0 0 0 0 6200 0
Chip#2
0 0 0 0 0 0 0 0 0 0 0 6200 0
Chip#2
0 0 0 0 0 0 0 0 0 0 0 5 0
07 104 218 158 146 0
0 0 0 0 0 0 0 0 0 0 0 5 0
0 0 0 0 0 0 0 0 0 0 0 5 0
0 0 0 0 0 0 0 0 0 0 0 5 0
0 0 0 0 0 0 0 0 0 0 0 5 0
0 0 0 0 0 0 0 0 0 0 0 5 0
0 0 0 0 0 0 0 0 0 0 0 5 0
0 0 0 0 0 0 0 0 0 0 0 5 0
0 0 0 0 0 0 0 0 0 0 0 5 0
0 0 0 0 0 0 0 0 0 0 0 5 0
0 0 0 0 0 0 0 0 0 0 0 5 0
0 0 0 0 0 0 0 0 0 0 0 5 0
0 0 0 0 0 0 0 0 0 0 0 5 0
0 0 0 0 0 0 0 0 0 0 0 5 0
0 0 0 0 0 0 0 0 0 0 0 5 0
0 0 0 0 0 0 0 0 0 0 0 5 0
0 0 0 0 0 0 0 0 0 0 0 5 0
0 0 0 0 0 0 0 0 0 0 0 5 0
0 0 0 0 0 0 0 0 0 0 0 5 0
0 0 0 0 0 0 0 0 0 0 0 5 0
0 0 0 0 0 0 0 0 0 0 0 5 0
0 0 0 0 0 0 0 0 0 0 0 5600 0
Chip#3
0 0 0 0 0 0 0 0 0 0 0 5600 0
Chip#3
0 0 0 0 0 0 0 0 0 0 0 0 241
0 0 0 0 0 0 0 0 0 0 0 0 0
0 0 0 0 0 0 0 0 0 0 0 0 0
0 0 0 0 0 0 0 0 0 0 0 0 0
0 0 0 0 0 0 0 0 0 0 0 0 0
0 0 0 0 0 0 0 0 0 0 0 0 0
0 0 0 0 0 0 0 0 0 0 0 0 0
0 0 0 0 0 0 0 0 0 0 0 0 0
0 0 0 0 0 0 0 0 0 0 0 0 0
0 0 0 0 0 0 0 0 0 0 0 0 0
0 0 0 0 0 0 0 0 0 0 0 0 0
0 0 0 0 0 0 0 0 0 0 0 0 0
0 0 0 0 0 0 0 0 0 0 0 0 0
0 0 0 0 0 0 0 0 0 0 0 0 0
0 0 0 0 0 0 0 0 0 0 0 0 0
0 0 0 0 0 0 0 0 0 0 0 0 0
0 0 0 0 0 0 0 0 0 0 0 0 0
0 0 0 0 0 0 0 0 0 0 0 0 0
0 0 0 0 0 0 0 0 0 0 0 0 0
0 0 0 0 0 0 0 0 0 0 0 0 0
0 0 0 0 0 0 0 0 0 0 0 0 0
0 0 0 0 0 0 0 0 0 0 0 0 0
0 0 0 0 0 0 0 0 0 0 0 15000 0
Chip#4
0 0 0 0 0 0 0 0 0 0 0 15000 0
Chip#4
0 0 0 0 0 19 22 0 0 0 0 0 241
0 0 0 0 0 19 22 0 0 0 0 0 0
0 0 0 0 0 19 22 0 0 0 0 0 0
0 0 0 0 0 19 22 0 0 0 0 0 0
0 0 0 0 0 19 22 0 0 0 0 0 0
0 0 0 0 0 19 22 0 0 0 0 0 0
0 0 0 0 0 19 22 0 0 0 0 0 0
0 0 0 0 0 19 22 0 0 0 0 0 0
0 0 0 0 0 19 22 0 0 0 0 0 0
0 0 0 0 0 19 22 0 0 0 0 0 0
0 0 0 0 0 19 22 0 0 0 0 0 0
0 0 0 0 0 19 22 0 0 0 0 0 0
0 0 0 0 0 19 22 0 0 0 0 0 0
0 0 0 0 0 19 22 0 0 0 0 0 0
0 0 0 0 0 19 22 0 0 0 0 0 0
0 0 0 0 0 19 22 0 0 0 0 0 0
0 0 0 0 0 19 22 0 0 0 0 0 0
0 0 0 0 0 19 22 0 0 0 0 0 0
0 0 0 0 0 19 22 0 0 0 0 0 0
0 0 0 0 0 19 22 0 0 0 0 0 0
0 0 0 0 0 19 22 0 0 0 0 0 0
0 0 0 0 0 19 22 0 0 0 0 0 0
0 0 0 0 0 19 22 0 0 0 0 15000 0
0 0 0 0 0 19 22 0 0 0 0 15000 0
Chip#1
191 196 192 66 183 181 52 196 92 141 239 120 0
191 196 201 68 193 197 62 212 170 150 239 128 1
200 196 201 82 203 180 79 212 186 150 239 144 2
200 196 201 247 605 219 111 276 679 691 239 144 3
200 196 201 3988 605 832 191 532 4049 691 438 160 4
200 196 231 3929 605 608 220 484 4050 691 374 176 5
200 196 234 235 349 309 207 309 328 289 342 192 6
200 196 245 247 386 317 214 309 301 260 358 192 7
200 196 300 3065 386 573 263 452 4050 260 438 192 8
200 299 432 3988 386 573 301 823 4050 260 726 224 9
200 196 292 3988 386 689 253 468 4037 260 454 176 10
200 196 246 236 390 305 191 272 277 250 358 6200 11
Chip#2
158 34 238 85 114 117 159 110 110 220 166 151 0
158 36 241 94 117 116 165 111 113 227 158 152 1
158 40 247 104 127 124 172 124 123 232 166 152 2
158 49 274 1064 142 136 241 945 995 235 166 154 3
158 48 1436 3752 2470 139 234 3825 3835 235 166 146 4
158 53 289 2976 341 139 234 1462 1323 235 166 155 5
158 51 263 128 142 136 234 147 138 235 166 159 6
158 54 269 148 142 146 234 160 163 235 182 158 7
158 54 509 3752 2230 147 234 3841 3851 235 166 157 8
158 48 509 3752 2566 141 234 3777 3835 235 166 155 9
158 41 257 127 141 125 175 138 139 229 166 151 10
158 43 247 99 128 125 174 120 123 233 158 5600 11
Chip#3
0 0 0 0 0 0 0 0 0 0 0 0 241
0 0 0 0 0 0 0 0 0 0 0 0 241
0 0 0 0 0 0 0 0 0 0 0 0 241
0 0 0 0 0 0 0 0 0 0 0 0 241
0 0 0 0 0 0 0 0 0 0 0 0 241
0 0 0 0 0 0 0 0 0 0 0 0 241
0 0 0 0 0 0 0 0 0 0 0 0 241
0 0 0 0 0 0 0 0 0 0 0 0 241
0 0 0 0 0 0 0 0 0 0 0 0 241
0 0 0 0 0 0 0 0 0 0 0 0 241
0 0 0 0 0 0 0 0 0 0 0 0 241
0 0 0 0 0 0 0 0 0 0 0 15000 241
Chip#4
0 0 0 0 0 19 22 0 0 0 0 0 241
0 0 0 0 0 19 22 0 0 0 0 0 241
0 0 0 0 0 19 22 0 0 0 0 0 241
0 0 0 0 0 19 22 0 0 0 0 0 241
0 0 0 0 0 19 22 0 0 0 0 0 241
0 0 0 0 0 19 22 0 0 0 0 0 241
0 0 0 0 0 19 22 0 0 0 0 0 241
0 0 0 0 0 19 22 0 0 0 0 0 241
0 0 0 0 0 19 22 0 0 0 0 0 241
0 0 0 0 0 19 22 0 0 0 0 0 241
0 0 0 0 0 19 22 0 0 0 0 0 241
0 0 0 0 0 19 22 0 0 0 0 15000 241
Chip#1
191 196 192 58 182 144 46 119 98 141 239 120 0
191 196 192 66 187 181 53 196 101 141 239 120 1
191 196 201 76 199 174 67 212 126 150 239 120 2
200 196 201 250 605 222 113 276 682 691 239 144 3
191 196 205 3988 605 832 195 516 4048 691 438 160 4
200 196 234 3927 605 611 229 423 4050 691 390 160 5
200 196 238 235 376 312 212 309 335 297 358 208 6
200 196 239 249 382 317 214 309 305 262 374 192 7
200 196 352 3074 382 573 257 468 4050 262 438 192 8
200 196 400 3988 382 573 288 811 4050 262 694 208 9
200 196 305 3988 382 703 256 484 4050 262 454 192 10
200 196 243 239 389 301 191 276 275 253 358 6200 11
Chip#2
158 31 236 87 111 114 158 110 102 221 158 143 0
158 35 238 92 112 114 162 109 110 222 158 151 1
158 41 248 104 122 122 225 126 123 228 158 149 2
158 43 274 1064 142 134 241 939 995 235 166 149 3
158 48 1442 3744 2486 140 234 3841 3851 278 166 152 4
158 48 289 2976 331 135 234 1456 1307 235 158 158 5
158 48 260 127 142 140 183 137 134 235 166 157 6
158 49 266 146 142 145 241 155 159 235 182 153 7
158 49 506 3752 2230 147 234 3841 3835 285 166 154 8
158 51 506 3752 2566 150 234 3793 3851 285 166 159 9
158 44 261 136 142 134 234 143 145 235 166 157 10
158 40 247 103 126 121 225 121 120 228 158 5300 11
Chip#3
0 0 0 0 0 0 0 0 0 0 0 0 241
0 0 0 0 0 0 0 0 0 0 0 0 241
0 0 0 0 0 0 0 0 0 0 0 0 241
0 0 0 0 0 0 0 0 0 0 0 0 241
0 0 0 0 0 0 0 0 0 0 0 0 241
0 0 0 0 0 0 0 0 0 0 0 0 241
0 0 0 0 0 0 0 0 0 0 0 0 241
0 0 0 0 0 0 0 0 0 0 0 0 241
0 0 0 0 0 0 0 0 0 0 0 0 241
0 0 0 0 0 0 0 0 0 0 0 0 241
0 0 0 0 0 0 0 0 0 0 0 0 241
0 0 0 0 0 0 0 0 0 0 0 15000 241
Chip#4
0 0 0 0 0 19 22 0 0 0 0 0 241
0 0 0 0 0 19 22 0 0 0 0 0 241
0 0 0 0 0 19 22 0 0 0 0 0 241
0 0 0 0 0 19 22 0 0 0 0 0 241
0 0 0 0 0 19 22 0 0 0 0 0 241
0 0 0 0 0 19 22 0 0 0 0 0 241
0 0 0 0 0 19 22 0 0 0 0 0 241
0 0 0 0 0 19 22 0 0 0 0 0 241
0 0 0 0 0 19 22 0 0 0 0 0 241
0 0 0 0 0 19 22 0 0 0 0 0 241
0 0 0 0 0 19 22 0 0 0 0 0 241
0 0 0 0 0 19 22 0 0 0 0 15000 241
Chip#1
200 196 201 63 184 181 51 196 98 141 239 120 0
191 196 192 70 188 181 57 196 104 141 239 120 1
200 196 201 82 199 174 69 212 127 150 239 128 2
200 196 201 251 605 227 115 276 685 693 239 160 3
200 196 212 3988 605 840 198 532 4050 693 438 176 4
200 196 229 3925 605 608 223 484 4050 693 390 176 5
200 196 232 230 349 309 204 308 332 288 358 208 6
200 196 251 256 349 327 226 320 310 272 358 192 7
200 196 295 3061 349 567 254 452 4050 272 438 192 8
200 196 350 3988 349 4005 288 813 4049 3981 694 192 9
200 196 302 3988 349 692 254 468 4045 3981 454 192 10
200 196 238 227 349 294 180 267 270 240 342 5600 11
Chip#2
158 32 235 92 112 116 161 110 108 225 158 146 0
158 38 241 96 119 119 165 115 108 222 166 151 1
158 42 245 107 122 120 225 126 119 231 166 152 2
158 49 275 1064 142 138 241 949 995 235 166 155 3
158 48 1442 3752 2486 141 234 3841 3851 235 166 149 4
158 55 294 2976 343 147 234 1465 1323 235 166 160 5
158 47 263 125 142 139 234 142 140 235 166 159 6
158 53 275 147 142 150 234 159 164 276 182 162 7
158 51 506 3752 2230 147 234 3857 3867 286 166 154 8
158 52 506 3752 2566 146 234 3777 3851 280 166 158 9
158 48 263 137 142 134 181 143 144 235 166 159 10
158 37 251 101 127 122 225 120 117 233 166 5300 11
Chip#3
0 0 0 0 0 0 0 0 0 0 0 0 241
0 0 0 0 0 0 0 0 0 0 0 0 241
0 0 0 0 0 0 0 0 0 0 0 0 241
0 0 0 0 0 0 0 0 0 0 0 0 241
0 0 0 0 0 0 0 0 0 0 0 0 241
0 0 0 0 0 0 0 0 0 0 0 0 241
0 0 0 0 0 0 0 0 0 0 0 0 241
0 0 0 0 0 0 0 0 0 0 0 0 241
0 0 0 0 0 0 0 0 0 0 0 0 241
0 0 0 0 0 0 0 0 0 0 0 0 241
0 0 0 0 0 0 0 0 0 0 0 0 241
0 0 0 0 0 0 0 0 0 0 0 15000 241
Chip#4
0 0 0 0 0 19 22 0 0 0 0 0 241
0 0 0 0 0 19 22 0 0 0 0 0 241
0 0 0 0 0 19 22 0 0 0 0 0 241
0 0 0 0 0 19 22 0 0 0 0 0 241
0 0 0 0 0 19 22 0 0 0 0 0 241
0 0 0 0 0 19 22 0 0 0 0 0 241
0 0 0 0 0 19 22 0 0 0 0 0 241
0 0 0 0 0 19 22 0 0 0 0 0 241
0 0 0 0 0 19 22 0 0 0 0 0 241
0 0 0 0 0 19 22 0 0 0 0 0 241
0 0 0 0 0 19 22 0 0 0 0 0 241
0 0 0 0 0 19 22 0 0 0 0 15000 241
Chip#1
191 196 192 56 183 136 45 119 92 141 239 120 0
191 196 192 58 182 145 49 127 98 141 239 120 1
191 196 201 90 205 180 76 212 131 150 239 128 2
200 196 201 257 605 222 115 276 687 694 239 144 3
200 196 219 3988 605 836 198 548 4050 694 454 176 4
200 196 228 3922 605 608 215 484 4050 694 374 176 5
200 196 236 231 349 313 207 310 337 293 358 208 6
200 196 246 255 388 322 219 315 305 265 358 192 7
200 196 352 3052 388 563 249 452 4046 265 438 192 8
200 196 350 3988 388 563 288 805 4043 265 694 208 9
200 196 295 3988 388 695 250 468 4050 265 454 176 10
200 196 239 229 349 297 184 266 268 245 342 5300 11
Chip#2
158 33 238 92 117 113 158 113 105 223 158 146 0
158 32 234 93 117 114 159 111 108 222 158 144 1
158 38 251 105 127 119 225 124 123 228 166 149 2
158 45 271 1048 142 130 181 942 995 235 158 147 3
158 49 1437 3752 2486 139 234 3857 3851 281 166 151 4
158 52 292 2976 340 143 234 1459 1323 235 166 157 5
158 53 270 130 142 146 234 149 143 235 166 165 6
158 47 265 143 142 138 234 154 158 235 166 153 7
158 52 509 3744 2230 150 234 3857 3851 289 166 157 8
158 51 490 3752 2566 147 234 3777 3867 288 166 159 9
158 45 263 136 142 135 234 143 147 235 182 153 10
158 45 254 108 132 127 175 121 121 235 166 5300 11
Chip#3
0 0 0 0 0 0 0 0 0 0 0 0 241
0 0 0 0 0 0 0 0 0 0 0 0 241
0 0 0 0 0 0 0 0 0 0 0 0 241
0 0 0 0 0 0 0 0 0 0 0 0 241
0 0 0 0 0 0 0 0 0 0 0 0 241
0 0 0 0 0 0 0 0 0 0 0 0 241
0 0 0 0 0 0 0 0 0 0 0 0 241
0 0 0 0 0 0 0 0 0 0 0 0 241
0 0 0 0 0 0 0 0 0 0 0 0 241
0 0 0 0 0 0 0 0 0 0 0 0 241
0 0 0 0 0 0 0 0 0 0 0 0 241
0 0 0 0 0 0 0 0 0 0 0 15000 241
Chip#4
0 0 0 0 0 19 22 0 0 0 0 0 241
0 0 0 0 0 19 22 0 0 0 0 0 241
0 0 0 0 0 19 22 0 0 0 0 0 241
0 0 0 0 0 19 22 0 0 0 0 0 241
0 0 0 0 0 19 22 0 0 0 0 0 241
0 0 0 0 0 19 22 0 0 0 0 0 241
0 0 0 0 0 19 22 0 0 0 0 0 241
0 0 0 0 0 19 22 0 0 0 0 0 241
0 0 0 0 0 19 22 0 0 0 0 0 241
0 0 0 0 0 19 22 0 0 0 0 0 241
0 0 0 0 0 19 22 0 0 0 0 0 241
0 0 0 0 0 19 22 0 0 0 0 15000 241
Chip#1
135 187 192 57 176 137 43 112 83 125 239 120 0
191 203 192 66 189 181 56 196 101 141 239 120 1
191 203 201 76 203 175 72 212 122 150 239 128 2
191 219 201 246 605 215 104 276 674 685 239 144 3
200 235 209 3988 605 836 198 516 4035 685 438 160 4
200 251 231 3915 605 609 226 484 4050 685 390 176 5
200 235 223 227 349 305 203 305 326 282 342 192 6
200 251 246 256 389 323 219 316 306 266 358 192 7
200 196 294 3054 389 569 257 452 4041 266 438 192 8
200 196 347 3988 389 4005 289 805 4050 3981 694 192 9
200 196 352 3988 389 695 259 484 4050 3981 470 192 10
200 196 244 234 386 301 185 271 276 245 358 5300 11
Chip#2
158 36 248 97 122 119 225 120 118 229 166 155 0
158 37 242 92 116 119 161 116 112 227 166 147 1
158 42 252 112 128 128 174 128 123 234 166 154 2
158 48 277 1048 142 138 190 953 995 235 166 154 3
158 47 1436 3752 2486 139 241 3841 3851 235 158 152 4
158 51 290 2976 338 141 241 1465 1323 235 166 155 5
158 46 263 127 142 138 241 139 137 235 166 152 6
158 49 269 150 142 144 241 159 161 235 166 157 7
158 52 508 3752 2230 150 234 3857 3851 289 166 157 8
158 49 481 3752 2550 144 234 3777 3851 235 166 154 9
158 42 263 138 142 135 179 148 145 235 166 154 10
158 45 252 107 130 125 175 124 123 233 166 5300 11
Chip#3
0 0 0 0 0 0 0 0 0 0 0 0 241
0 0 0 0 0 0 0 0 0 0 0 0 241
0 0 0 0 0 0 0 0 0 0 0 0 241
0 0 0 0 0 0 0 0 0 0 0 0 241
0 0 0 0 0 0 0 0 0 0 0 0 241
0 0 0 0 0 0 0 0 0 0 0 0 241
0 0 0 0 0 0 0 0 0 0 0 0 241
0 0 0 0 0 0 0 0 0 0 0 0 241
0 0 0 0 0 0 0 0 0 0 0 0 241
0 0 0 0 0 0 0 0 0 0 0 0 241
0 0 0 0 0 0 0 0 0 0 0 0 241
0 0 0 0 0 0 0 0 0 0 0 15000 241
Chip#4
0 0 0 0 0 19 22 0 0 0 0 0 241
0 0 0 0 0 19 22 0 0 0 0 0 241
0 0 0 0 0 19 22 0 0 0 0 0 241
0 0 0 0 0 19 22 0 0 0 0 0 241
0 0 0 0 0 19 22 0 0 0 0 0 241
0 0 0 0 0 19 22 0 0 0 0 0 241
0 0 0 0 0 19 22 0 0 0 0 0 241
0 0 0 0 0 19 22 0 0 0 0 0 241
0 0 0 0 0 19 22 0 0 0 0 0 241
0 0 0 0 0 19 22 0 0 0 0 0 241
0 0 0 0 0 19 22 0 0 0 0 0 241
0 0 0 0 0 19 22 0 0 0 0 15000 241
Chip#1
133 196 192 56 177 137 39 113 92 141 239 120 0
191 196 192 66 187 181 53 196 101 157 239 120 1
200 196 201 84 208 175 71 212 186 150 239 144 2
200 196 201 241 605 213 102 260 673 687 239 144 3
200 196 219 3988 605 844 203 548 4050 687 454 176 4
200 196 231 3926 605 602 218 484 4050 687 390 176 5
200 196 238 243 384 319 210 316 338 349 374 275 6
200 196 248 260 386 329 219 317 310 333 374 192 7
200 196 288 3055 386 565 260 452 4047 333 422 176 8
200 196 348 3988 386 565 294 810 4049 333 694 208 9
200 196 302 3988 386 695 251 468 4050 333 454 176 10
200 196 239 235 382 304 183 270 276 245 358 5300 11
Chip#2
158 29 234 85 110 89 159 105 103 220 158 143 0
158 35 238 92 121 119 162 110 110 227 158 146 1
158 40 249 103 124 124 173 128 119 228 166 146 2
158 46 276 1064 142 138 241 947 995 235 166 148 3
158 45 1440 3752 2486 140 234 3857 3851 277 166 148 4
158 49 290 2976 333 143 234 1464 1323 235 166 152 5
158 50 265 128 142 143 188 143 138 235 166 157 6
158 48 269 145 142 143 241 157 160 235 166 152 7
158 51 507 3752 2246 149 234 3857 3867 288 166 152 8
158 45 481 3752 2550 141 234 3777 3835 235 166 148 9
158 54 268 142 142 138 234 145 145 235 166 158 10
158 34 237 97 119 117 164 113 109 223 158 5300 11
Chip#3
0 0 0 0 0 0 0 0 0 0 0 0 241
0 0 0 0 0 0 0 0 0 0 0 0 241
0 0 0 0 0 0 0 0 0 0 0 0 241
0 0 0 0 0 0 0 0 0 0 0 0 241
0 0 0 0 0 0 0 0 0 0 0 0 241
0 0 0 0 0 0 0 0 0 0 0 0 241
0 0 0 0 0 0 0 0 0 0 0 0 241
0 0 0 0 0 0 0 0 0 0 0 0 241
0 0 0 0 0 0 0 0 0 0 0 0 241
0 0 0 0 0 0 0 0 0 0 0 0 241
0 0 0 0 0 0 0 0 0 0 0 0 241
0 0 0 0 0 0 0 0 0 0 0 15000 241
Chip#4
0 0 0 0 0 19 22 0 0 0 0 0 241
0 0 0 0 0 19 22 0 0 0 0 0 241
0 0 0 0 0 19 22 0 0 0 0 0 241
0 0 0 0 0 19 22 0 0 0 0 0 241
0 0 0 0 0 19 22 0 0 0 0 0 241
0 0 0 0 0 19 22 0 0 0 0 0 241
0 0 0 0 0 19 22 0 0 0 0 0 241
0 0 0 0 0 19 22 0 0 0 0 0 241
0 0 0 0 0 19 22 0 0 0 0 0 241
0 0 0 0 0 19 22 0 0 0 0 0 241
0 0 0 0 0 19 22 0 0 0 0 0 241
0 0 0 0 0 19 22 0 0 0 0 15000 241
Chip#1
191 196 192 52 175 133 39 111 86 141 239 120 0
191 196 201 66 189 181 57 212 106 157 239 128 1
200 196 201 80 207 179 73 228 136 150 239 128 2
191 196 201 242 605 217 107 260 676 686 239 144 3
200 196 212 3988 605 838 199 532 4047 686 454 176 4
200 196 228 3924 605 606 219 484 4049 686 390 176 5
200 196 234 232 349 307 203 306 328 289 358 208 6
200 196 249 260 388 323 219 314 307 267 374 192 7
200 196 352 3069 388 575 256 452 4050 267 438 192 8
200 196 400 3988 388 575 289 807 4050 267 694 192 9
200 196 300 3988 388 696 257 484 4050 267 470 192 10
200 196 237 234 388 305 182 266 270 242 358 5300 11
Chip#2
158 34 234 90 111 112 162 108 108 218 166 144 0
158 36 238 92 116 116 164 113 108 225 158 146 1
158 48 251 110 136 128 180 131 126 235 166 157 2
158 45 271 1143 142 129 241 953 1003 235 166 146 3
158 49 1465 3752 2550 140 234 3841 3880 278 166 152 4
158 53 289 3032 343 145 234 1473 1355 235 166 158 5
158 54 265 132 142 143 234 147 147 235 166 163 6
158 44 264 145 142 141 234 155 163 235 166 148 7
158 47 506 3768 2294 143 234 3873 3867 282 166 152 8
158 49 481 3744 2702 149 234 3809 3851 288 166 159 9
158 44 259 136 142 130 180 142 139 235 166 155 10
158 42 246 105 131 128 173 124 121 235 166 5300 11
Chip#3
0 0 0 0 0 0 0 0 0 0 0 0 241
0 0 0 0 0 0 0 0 0 0 0 0 241
0 0 0 0 0 0 0 0 0 0 0 0 241
0 0 0 0 0 0 0 0 0 0 0 0 241
0 0 0 0 0 0 0 0 0 0 0 0 241
0 0 0 0 0 0 0 0 0 0 0 0 241
0 0 0 0 0 0 0 0 0 0 0 0 241
0 0 0 0 0 0 0 0 0 0 0 0 241
0 0 0 0 0 0 0 0 0 0 0 0 241
0 0 0 0 0 0 0 0 0 0 0 0 241
0 0 0 0 0 0 0 0 0 0 0 0 241
0 0 0 0 0 0 0 0 0 0 0 15000 241
Chip#4
0 0 0 0 0 19 22 0 0 0 0 0 241
0 0 0 0 0 19 22 0 0 0 0 0 241
0 0 0 0 0 19 22 0 0 0 0 0 241
0 0 0 0 0 19 22 0 0 0 0 0 241
0 0 0 0 0 19 22 0 0 0 0 0 241
0 0 0 0 0 19 22 0 0 0 0 0 241
0 0 0 0 0 19 22 0 0 0 0 0 241
0 0 0 0 0 19 22 0 0 0 0 0 241
0 0 0 0 0 19 22 0 0 0 0 0 241
0 0 0 0 0 19 22 0 0 0 0 0 241
0 0 0 0 0 19 22 0 0 0 0 0 241
0 0 0 0 0 19 22 0 0 0 0 15000 241
Chip#1
191 196 192 60 175 181 45 117 93 141 239 120 0
191 196 201 70 194 181 58 212 170 150 239 128 1
200 196 201 87 203 176 74 212 186 150 239 128 2
200 196 201 251 605 216 107 276 687 697 239 144 3
200 196 205 3988 605 832 194 532 4050 697 438 176 4
200 196 224 3919 605 599 218 484 4050 697 390 176 5
200 196 233 233 349 310 209 308 335 291 358 192 6
200 196 242 247 382 314 209 308 305 262 358 192 7
200 196 301 3067 382 573 257 452 4050 262 438 192 8
200 196 400 3988 382 573 284 811 4050 262 694 192 9
200 196 352 3988 382 692 256 484 4047 262 470 208 10
200 196 234 231 349 297 183 267 274 241 342 5300 11
Chip#2
158 32 235 88 111 89 162 109 110 217 158 146 0
158 37 242 94 119 117 165 111 115 227 158 149 1
158 47 251 112 126 128 225 125 127 234 166 154 2
158 53 276 1064 142 136 241 949 995 235 166 157 3
158 57 1446 3752 2486 149 234 3857 3867 285 166 158 4
158 46 283 2976 329 134 234 1465 1323 235 166 149 5
158 44 258 127 142 133 234 138 133 235 166 153 6
158 48 259 143 142 141 234 151 159 235 166 154 7
158 55 508 3752 2230 150 234 3857 3851 289 166 154 8
158 47 481 3752 2550 141 234 3777 3851 277 166 148 9
158 40 257 133 141 128 177 137 139 235 166 151 10
158 41 251 107 126 122 225 121 121 232 166 5300 11
Chip#3
0 0 0 0 0 0 0 0 0 0 0 0 241
0 0 0 0 0 0 0 0 0 0 0 0 241
0 0 0 0 0 0 0 0 0 0 0 0 241
0 0 0 0 0 0 0 0 0 0 0 0 241
0 0 0 0 0 0 0 0 0 0 0 0 241
0 0 0 0 0 0 0 0 0 0 0 0 241
0 0 0 0 0 0 0 0 0 0 0 0 241
0 0 0 0 0 0 0 0 0 0 0 0 241
0 0 0 0 0 0 0 0 0 0 0 0 241
0 0 0 0 0 0 0 0 0 0 0 0 241
0 0 0 0 0 0 0 0 0 0 0 0 241
0 0 0 0 0 0 0 0 0 0 0 15000 241
Chip#4
0 0 0 0 0 19 22 0 0 0 0 0 241
0 0 0 0 0 19 22 0 0 0 0 0 241
0 0 0 0 0 19 22 0 0 0 0 0 241
0 0 0 0 0 19 22 0 0 0 0 0 241
0 0 0 0 0 19 22 0 0 0 0 0 241
0 0 0 0 0 19 22 0 0 0 0 0 241
0 0 0 0 0 19 22 0 0 0 0 0 241
0 0 0 0 0 19 22 0 0 0 0 0 241
0 0 0 0 0 19 22 0 0 0 0 0 241
0 0 0 0 0 19 22 0 0 0 0 0 241
0 0 0 0 0 19 22 0 0 0 0 0 241
0 0 0 0 0 19 22 0 0 0 0 15000 241
Chip#1
130 187 176 54 172 131 43 113 86 125 239 120 0
191 219 201 71 196 181 60 212 170 150 239 128 1
191 203 192 73 193 181 64 196 119 150 239 120 2
200 219 201 242 605 214 108 276 677 681 239 144 3
200 235 203 3988 605 832 191 532 4042 681 438 176 4
200 251 231 3924 605 606 216 484 4050 681 390 176 5
200 251 237 234 379 313 213 316 335 349 374 208 6
200 251 242 247 379 314 216 312 303 263 358 192 7
200 196 290 3057 379 563 251 452 4050 263 438 192 8
200 196 400 3988 379 563 286 808 4050 263 694 208 9
200 196 352 3988 379 686 248 468 4050 263 454 176 10
200 196 232 227 349 294 179 263 270 237 342 5300 11
Chip#2
158 31 236 92 115 111 159 110 107 222 166 152 0
158 37 241 98 116 118 167 114 114 226 158 157 1
158 42 252 107 126 125 174 124 124 234 166 153 2
158 51 270 1064 142 134 241 945 995 235 166 152 3
158 56 1445 3744 2486 145 234 3857 3851 285 166 157 4
158 44 277 2976 330 135 234 1462 1323 235 166 147 5
158 45 259 124 142 134 234 135 137 235 166 154 6
158 47 265 144 142 140 193 151 156 235 166 154 7
158 46 502 3752 2230 147 234 3857 3851 287 166 159 8
158 49 481 3752 2566 145 234 3777 3851 235 166 154 9
158 49 261 138 142 139 234 143 144 235 166 158 10
158 37 238 99 123 118 167 114 114 221 158 5300 11
Chip#3
0 0 0 0 0 0 0 0 0 0 0 0 241
0 0 0 0 0 0 0 0 0 0 0 0 241
0 0 0 0 0 0 0 0 0 0 0 0 241
0 0 0 0 0 0 0 0 0 0 0 0 241
0 0 0 0 0 0 0 0 0 0 0 0 241
0 0 0 0 0 0 0 0 0 0 0 0 241
0 0 0 0 0 0 0 0 0 0 0 0 241
0 0 0 0 0 0 0 0 0 0 0 0 241
0 0 0 0 0 0 0 0 0 0 0 0 241
0 0 0 0 0 0 0 0 0 0 0 0 241
0 0 0 0 0 0 0 0 0 0 0 0 241
0 0 0 0 0 0 0 0 0 0 0 15000 241
Chip#4
0 0 0 0 0 19 22 0 0 0 0 0 241
0 0 0 0 0 19 22 0 0 0 0 0 241
0 0 0 0 0 19 22 0 0 0 0 0 241
0 0 0 0 0 19 22 0 0 0 0 0 241
0 0 0 0 0 19 22 0 0 0 0 0 241
0 0 0 0 0 19 22 0 0 0 0 0 241
0 0 0 0 0 19 22 0 0 0 0 0 241
0 0 0 0 0 19 22 0 0 0 0 0 241
0 0 0 0 0 19 22 0 0 0 0 0 241
0 0 0 0 0 19 22 0 0 0 0 0 241
0 0 0 0 0 19 22 0 0 0 0 0 241
0 0 0 0 0 19 22 0 0 0 0 15000 241
Chip#1
Chip#1
200 196 201 62 182 181 47 196 96 141 239 120 0
0 0 0 0 0 0 0 0 0 0 0 0 0
0 0 0 0 0 0 0 0 0 0 0 0 0
0 0 0 0 0 0 0 0 0 0 0 0 0
0 0 0 0 0 0 0 0 0 0 0 0 0
0 0 0 0 0 0 0 0 0 0 0 0 0
0 0 0 0 0 0 0 0 0 0 0 0 0
0 0 0 0 0 0 0 0 0 0 0 0 0
0 0 0 0 0 0 0 0 0 0 0 0 0
0 0 0 0 0 0 0 0 0 0 0 0 0
0 0 0 0 0 0 0 0 0 0 0 0 0
0 0 0 0 0 0 0 0 0 0 0 0 0
0 0 0 0 0 0 0 0 0 0 0 0 0
0 0 0 0 0 0 0 0 0 0 0 0 0
0 0 0 0 0 0 0 0 0 0 0 0 0
0 0 0 0 0 0 0 0 0 0 0 0 0
0 0 0 0 0 0 0 0 0 0 0 0 0
0 0 0 0 0 0 0 0 0 0 0 0 0
0 0 0 0 0 0 0 0 0 0 0 0 0
0 0 0 0 0 0 0 0 0 0 0 0 0
0 0 0 0 0 0 0 0 0 0 0 0 0
0 0 0 0 0 0 0 0 0 0 0 0 0
0 0 0 0 0 0 0 0 0 0 0 5300 0
Chip#2
0 0 0 0 0 0 0 0 0 0 0 5300 0
Chip#2
158 29 234 87 110 113 161 107 105 215 158 147 0
0 0 0 0 0 0 0 0 0 0 0 5 0
0 0 0 0 0 0 0 0 0 0 0 5 0
0 0 0 0 0 0 0 0 0 0 0 5 0
0 0 0 0 0 0 0 0 0 0 0 5 0
0 0 0 0 0 0 0 0 0 0 0 5 0
0 0 0 0 0 0 0 0 0 0 0 5 0
0 0 0 0 0 0 0 0 0 0 0 5 0
0 0 0 0 0 0 0 0 0 0 0 5 0
0 0 0 0 0 0 0 0 0 0 0 5 0
0 0 0 0 0 0 0 0 0 0 0 5 0
0 0 0 0 0 0 0 0 0 0 0 5 0
0 0 0 0 0 0 0 0 0 0 0 5 0
0 0 0 0 0 0 0 0 0 0 0 5 0
0 0 0 0 0 0 0 0 0 0 0 5 0
0 0 0 0 0 0 0 0 0 0 0 5 0
0 0 0 0 0 0 0 0 0 0 0 5 0
0 0 0 0 0 0 0 0 0 0 0 5 0
0 0 0 0 0 0 0 0 0 0 0 5 0
0 0 0 0 0 0 0 0 0 0 0 5 0
0 0 0 0 0 0 0 0 0 0 0 5 0
0 0 0 0 0 0 0 0 0 0 0 5300 0
Chip#3
0 0 0 0 0 0 0 0 0 0 0 5300 0
Chip#3
