Chip#1
121 108 118 109 107 111 119 110 106 111 117 106 0
107 102 104 101 102 106 107 102 98 109 107 97 1
104 108 103 103 101 104 107 102 96 106 106 102 2
114 107 114 179 118 113 108 117 117 107 113 104 3
111 108 106 142 106 106 110 112 114 108 107 101 4
110 106 108 98 101 106 106 107 101 107 105 102 5
110 108 104 106 106 110 111 108 101 108 111 99 6
115 108 112 132 116 113 110 127 141 108 113 103 7
115 108 114 157 129 113 115 180 149 111 114 109 8
106 108 103 101 101 103 106 106 101 103 98 96 9
114 108 107 102 105 109 108 110 102 106 111 101 10
110 108 104 99 102 105 103 103 102 103 103 15000 11
Chip#2
109 100 108 103 113 104 103 100 110 106 104 105 0
103 94 106 104 104 104 105 100 103 102 96 99 1
104 97 103 104 102 104 99 100 107 102 104 102 2
109 97 113 104 113 109 105 100 113 109 112 106 3
104 101 111 107 104 107 101 100 112 104 107 103 4
102 99 108 106 102 108 101 100 112 102 104 99 5
95 94 107 97 97 97 97 100 98 101 94 93 6
109 97 109 103 97 107 107 100 110 104 104 99 7
104 99 107 106 97 106 105 100 117 108 99 100 8
104 98 109 106 97 101 105 100 109 107 101 105 9
106 102 114 107 97 109 104 100 105 103 102 102 10
105 102 113 103 97 103 103 100 109 106 100 15000 11
Chip#1
106 98 102 97 96 95 98 96 97 97 99 97 0
107 103 104 107 102 106 107 105 101 108 105 102 1
104 108 103 103 106 100 108 102 101 101 107 97 2
103 97 117 485 167 100 101 153 166 101 99 96 3
104 103 104 309 99 99 103 140 148 101 106 102 4
114 108 112 108 105 106 115 112 110 108 109 99 5
114 108 102 107 103 108 105 107 101 108 110 95 6
108 102 108 236 140 103 106 200 269 102 103 102 7
111 106 113 394 229 105 107 493 309 107 102 103 8
119 108 116 118 107 115 116 122 123 111 118 108 9
104 94 98 98 94 95 102 103 98 98 97 93 10
108 97 102 95 96 95 98 98 95 93 97 15000 11
Chip#2
104 99 106 103 101 103 106 100 104 104 97 101 0
100 96 104 104 101 101 101 100 104 101 99 99 1
110 111 110 107 101 107 108 106 114 110 104 109 2
104 102 109 106 201 114 104 100 132 129 95 105 3
100 102 104 109 182 113 102 100 133 140 101 102 4
103 102 108 106 104 107 106 100 112 107 101 100 5
102 95 103 102 99 103 99 100 104 98 99 101 6
105 105 109 104 137 108 106 100 161 124 106 106 7
104 99 108 109 205 161 104 100 296 250 99 102 8
109 101 111 106 122 106 104 100 129 127 101 105 9
110 105 113 106 104 106 110 100 108 104 101 106 10
116 110 114 111 88 112 119 103 112 114 106 15000 11
Chip#1
108 102 102 99 99 101 102 98 95 102 105 97 0
115 108 104 103 105 106 110 106 109 107 107 104 1
114 101 107 109 103 106 111 107 103 104 113 103 2
112 103 125 685 210 106 100 185 193 102 107 106 3
108 107 109 407 108 106 110 153 165 108 111 103 4
107 99 106 104 105 108 103 101 101 101 105 101 5
110 106 106 106 106 106 105 107 102 106 106 101 6
110 98 103 299 155 106 105 247 352 107 106 97 7
102 98 113 564 318 98 101 749 437 101 103 97 8
107 102 108 114 100 108 102 118 118 103 106 99 9
112 108 100 107 105 108 108 107 105 104 106 104 10
111 108 109 104 101 108 106 107 102 107 107 15000 11
Chip#2
105 106 109 107 104 111 110 100 110 106 100 104 0
109 101 108 106 104 104 106 100 108 104 105 103 1
104 101 110 108 102 106 108 100 109 102 102 106 2
109 110 120 118 281 129 114 106 152 153 114 113 3
99 102 106 117 250 123 103 100 154 159 99 100 4
113 111 110 111 104 116 113 101 115 113 107 109 5
105 105 109 108 104 103 106 100 110 106 107 104 6
109 107 113 110 169 114 112 104 201 136 116 107 7
115 107 116 121 286 170 111 102 414 344 111 113 8
113 101 113 109 142 108 108 102 142 146 111 109 9
109 103 111 108 104 109 106 101 112 107 106 105 10
120 110 113 108 104 108 111 103 115 114 111 15000 11
Chip#1
115 108 109 108 102 106 107 105 101 106 109 104 0
104 105 108 102 99 103 106 103 101 101 106 101 1
108 107 106 104 103 99 103 103 99 101 101 97 2
107 108 130 809 235 108 107 205 211 106 107 101 3
108 101 109 469 108 103 106 167 190 103 105 98 4
110 103 106 108 105 106 110 105 105 101 109 102 5
112 107 113 113 108 114 115 108 109 107 117 106 6
101 103 107 337 167 101 106 277 406 101 106 97 7
112 103 122 621 348 108 111 824 463 107 107 99 8
116 108 113 121 109 110 112 128 123 106 109 107 9
110 105 104 104 105 104 111 105 98 101 105 103 10
116 106 112 104 102 104 112 103 98 104 106 15000 11
Chip#2
113 106 113 113 104 113 113 103 115 110 111 111 0
111 101 111 103 104 108 104 100 105 107 100 107 1
109 100 110 104 104 109 103 100 108 104 102 107 2
111 106 115 118 336 140 112 104 151 158 109 111 3
110 107 113 133 313 134 110 107 179 189 110 104 4
109 107 115 107 104 108 117 102 109 108 105 107 5
109 106 113 109 104 104 110 100 110 108 106 102 6
106 99 107 104 181 108 105 100 210 140 99 102 7
105 103 113 119 343 183 110 101 503 409 106 106 8
110 105 111 107 161 116 114 106 154 154 107 111 9
114 108 113 107 104 109 112 101 113 112 111 108 10
119 111 114 110 104 109 110 101 115 112 112 15000 11
Chip#1
121 108 113 113 111 110 115 107 113 116 114 112 0
116 108 113 108 105 110 106 111 106 106 109 109 1
108 108 99 104 97 98 103 101 96 101 98 99 2
103 99 132 870 242 99 98 212 216 101 105 98 3
108 108 113 501 108 106 110 171 190 106 103 101 4
104 97 101 98 99 101 105 97 99 98 99 98 5
110 102 103 106 100 105 102 101 99 103 105 98 6
112 107 113 363 182 108 115 303 437 108 110 106 7
95 94 118 657 360 95 100 878 494 104 97 91 8
106 102 103 112 99 106 106 120 114 100 101 98 9
111 101 103 103 96 108 103 100 102 102 99 99 10
119 108 106 104 99 105 107 101 102 107 107 15000 11
Chip#2
108 103 111 108 104 108 107 100 113 103 105 106 0
114 112 113 118 104 112 112 101 114 109 111 113 1
104 102 109 106 104 111 107 100 110 107 106 104 2
109 111 115 122 404 144 114 104 166 173 111 108 3
111 108 117 137 369 154 113 104 201 207 112 113 4
105 105 111 109 104 117 110 103 117 113 106 107 5
114 107 113 113 104 112 112 103 118 110 107 106 6
117 111 117 114 214 120 116 106 241 157 115 113 7
110 111 114 126 401 198 107 102 582 484 105 108 8
108 105 116 112 177 111 112 107 163 163 110 108 9
113 108 110 109 104 114 113 101 114 104 109 111 10
117 110 114 109 104 107 107 100 115 109 102 15000 11
