Chip#1
147 227 169 150 300 156 227 239 159 199 108 265 0
147 227 171 152 298 159 223 236 158 198 104 267 1
87 173 169 153 296 156 220 241 155 195 97 263 2
147 178 181 352 337 164 230 353 245 205 109 269 3
147 227 176 272 310 162 227 344 245 204 106 267 4
95 227 177 160 311 168 235 250 163 208 107 273 5
147 173 164 152 300 159 225 238 155 198 101 261 6
147 227 171 208 320 165 231 383 372 204 108 270 7
147 227 177 299 354 160 228 709 420 201 107 267 8
81 227 167 154 299 159 225 250 166 199 103 265 9
147 174 165 159 305 162 226 243 159 199 105 266 10
147 227 176 161 304 166 233 244 160 201 109 15000 11
Chip#2
56 0 17 0 119 0 106 121 58 35 56 0 0
52 0 17 0 115 0 100 121 58 35 51 0 1
55 0 17 0 117 0 104 137 58 35 51 0 2
52 0 17 0 139 0 105 121 58 37 51 0 3
53 0 17 0 136 0 104 121 58 54 51 0 4
56 0 17 0 124 2 113 137 58 37 58 0 5
54 0 17 0 121 0 106 121 58 35 54 0 6
58 0 17 0 121 0 105 121 58 35 54 0 7
52 0 17 0 126 0 39 121 90 138 49 0 8
54 0 17 0 120 0 108 121 42 36 55 0 9
58 0 17 0 117 1 108 121 42 35 54 0 10
55 0 17 0 116 0 39 121 42 35 53 15000 11
Chip#3
198 223 239 117 143 67 192 132 304 221 194 166 0
198 223 223 14 143 66 192 129 304 212 194 163 1
198 223 223 7 143 56 192 126 304 212 194 157 2
182 223 223 14 143 59 183 130 304 212 172 158 3
198 223 223 15 143 55 199 129 307 212 199 158 4
198 223 223 15 143 61 199 131 307 212 199 167 5
198 223 223 6 143 56 199 124 307 212 199 157 6
198 223 239 23 143 73 199 138 315 228 204 175 7
182 223 223 10 143 53 183 124 315 212 168 156 8
198 223 223 15 143 66 199 134 308 212 199 169 9
198 223 223 9 143 61 199 128 308 212 170 165 10
198 223 223 11 143 61 199 128 310 212 175 15000 11
Chip#4
30 151 166 132 62 184 307 99 249 114 29 50 0
29 152 162 128 68 190 309 99 252 107 32 50 1
35 156 169 136 69 191 312 99 253 190 34 57 2
27 148 161 128 64 184 307 83 250 190 28 47 3
34 154 165 132 72 192 313 99 254 190 34 51 4
35 158 175 139 74 196 320 184 256 190 37 60 5
28 152 169 127 63 187 312 83 250 112 31 48 6
28 150 164 131 63 189 308 99 249 109 27 48 7
33 157 169 136 69 193 315 99 254 190 34 54 8
32 151 166 129 70 187 308 99 250 112 31 52 9
30 152 165 131 64 190 306 99 250 112 33 51 10
34 157 173 138 72 191 316 99 254 190 35 15000 11
