Chip#1
771 790 720 770 759 713 764 755 756 766 784 799 0 55
762 790 720 802 759 713 812 755 756 798 784 783 1 0
746 685 976 1058 750 969 1324 755 923 1294 848 783 2 0
746 685 720 834 750 848 940 755 755 1006 784 783 3 0
746 685 720 754 750 713 748 755 756 750 768 783 4 0
746 685 720 770 750 713 764 755 859 1022 784 783 5 0
746 685 720 754 750 713 748 755 755 958 784 783 6 0
762 685 720 770 750 713 748 755 756 750 768 783 7 0
762 685 720 770 750 713 764 755 756 750 768 783 8 0
746 685 720 754 750 713 748 744 756 750 768 767 9 0
762 685 720 770 750 713 764 760 756 750 768 783 10 0
762 790 720 754 766 713 748 760 756 766 784 15000 11 0
Chip#2
622 617 634 619 585 639 598 540 609 503 613 610 0 55
622 517 618 619 585 623 597 540 625 503 597 610 1 0
622 617 618 619 601 639 597 540 625 503 613 626 2 0
622 517 634 731 617 639 715 675 609 662 677 610 3 0
622 617 634 800 716 639 747 691 609 662 677 610 4 0
622 617 618 651 601 639 592 540 609 598 613 610 5 0
622 617 634 667 617 639 593 540 625 614 613 610 6 0
622 617 650 756 716 639 593 540 641 614 613 626 7 0
622 517 618 651 601 639 592 540 625 598 613 610 8 0
606 517 618 619 585 623 592 540 609 598 597 507 9 0
622 617 634 619 585 639 593 540 625 614 629 610 10 0
638 617 634 635 601 655 593 540 625 614 613 15000 11 0
Chip#1
762 790 720 770 766 713 748 760 756 750 768 783 0 57
746 685 720 786 750 713 796 744 756 782 768 767 1 0
762 790 976 1074 766 969 1324 792 939 1294 848 783 2 0
730 685 720 834 750 832 924 744 756 990 768 767 3 0
746 685 720 754 750 713 748 744 756 750 768 767 4 0
762 790 720 786 766 713 764 760 875 1038 800 783 5 0
746 685 720 770 750 713 764 760 755 942 784 767 6 0
746 685 720 754 750 713 748 744 756 734 665 767 7 0
746 685 720 770 766 713 748 760 756 750 768 783 8 0
762 685 720 770 766 713 764 760 756 750 768 783 9 0
762 685 720 754 750 713 748 760 756 750 768 783 10 0
762 685 720 754 750 713 748 760 756 750 768 15000 11 0
Chip#2
622 517 618 554 585 639 597 540 625 614 613 610 0 57
622 517 618 554 585 639 596 540 625 598 613 610 1 0
606 517 618 554 569 623 596 540 609 598 597 507 2 0
622 517 634 731 723 639 715 675 609 662 677 610 3 0
622 617 650 797 723 639 763 707 625 678 677 610 4 0
606 517 618 539 585 623 599 540 609 507 597 507 5 0
622 617 618 667 617 639 599 540 625 614 613 610 6 0
622 517 634 797 723 639 600 540 625 614 613 610 7 0
606 517 618 539 585 623 599 540 609 507 597 507 8 0
638 633 634 539 601 655 600 540 641 630 629 626 9 0
622 617 618 539 601 639 600 540 625 614 613 626 10 0
606 517 618 539 585 623 599 540 609 507 613 15000 11 0
Chip#1
762 685 720 770 750 713 748 760 756 750 768 783 0 58
762 790 720 802 766 713 812 776 756 798 784 783 1 0
746 685 976 1042 750 969 1292 776 923 1262 816 767 2 0
746 685 720 834 750 848 940 744 756 990 784 767 3 0
746 685 720 754 750 713 748 760 756 750 768 767 4 0
746 685 720 770 734 713 764 744 859 1006 784 767 5 0
746 685 720 770 750 713 748 760 755 942 784 767 6 0
762 685 720 770 766 713 748 760 756 766 784 783 7 0
762 790 720 770 766 713 764 760 756 750 768 783 8 0
746 685 720 770 750 713 748 744 756 750 768 767 9 0
746 685 720 754 750 713 748 744 756 750 665 767 10 0
746 685 720 754 750 713 748 744 756 734 768 15000 11 0
Chip#2
606 517 618 550 585 623 591 540 609 503 597 610 0 58
622 617 634 550 601 639 592 540 625 614 613 626 1 0
622 517 618 550 585 639 592 540 625 614 613 610 2 0
606 517 634 731 617 639 715 675 625 646 677 610 3 0
622 517 650 802 722 639 747 707 625 662 677 610 4 0
606 517 618 544 585 639 592 540 609 504 597 610 5 0
606 517 618 651 601 639 592 540 609 504 597 610 6 0
606 517 618 731 722 623 592 540 609 504 597 507 7 0
622 617 618 564 601 639 593 540 625 504 613 610 8 0
622 617 634 564 601 639 593 540 625 614 613 610 9 0
622 617 618 563 585 639 593 540 625 614 613 626 10 0
622 617 618 563 585 639 593 540 625 614 597 15000 11 0
Chip#1
778 790 720 770 750 713 764 760 756 766 784 799 0 58
762 685 720 802 750 713 796 760 756 782 768 783 1 0
762 685 976 1058 766 969 1292 792 923 1262 832 783 2 0
762 790 720 900 766 848 940 760 755 990 784 783 3 0
746 685 720 754 750 713 748 760 756 750 768 767 4 0
746 685 720 754 750 713 748 760 859 1022 784 767 5 0
746 685 720 770 750 713 748 760 755 942 768 767 6 0
746 685 720 770 750 713 748 760 756 750 768 783 7 0
746 685 720 770 750 713 748 760 756 750 768 783 8 0
746 685 720 754 750 713 748 744 756 734 665 767 9 0
762 685 720 770 750 713 748 760 756 750 768 783 10 0
762 685 720 770 750 713 748 760 756 750 768 15000 11 0
Chip#2
622 617 634 569 585 639 583 540 625 614 613 610 0 58
622 617 618 569 585 639 584 540 625 614 613 610 1 0
622 517 618 569 585 623 583 540 609 598 597 507 2 0
622 517 634 731 722 639 715 675 625 662 677 610 3 0
622 617 650 808 722 639 747 707 625 662 677 610 4 0
606 617 634 550 601 639 589 540 625 614 613 610 5 0
622 617 634 667 617 655 589 540 625 614 629 626 6 0
622 617 634 756 722 639 589 540 625 614 629 610 7 0
606 517 618 635 601 623 587 540 609 598 597 507 8 0
622 617 618 619 585 639 587 540 625 614 613 610 9 0
622 517 618 619 585 639 587 540 625 614 613 610 10 0
622 517 618 619 585 639 587 540 609 598 597 15000 11 0
Chip#1
762 685 720 754 750 713 748 760 756 750 768 783 0 58
762 685 720 786 750 713 796 760 756 782 768 783 1 0
762 685 976 1058 766 969 1308 792 923 1262 832 783 2 0
762 685 823 834 750 848 940 760 755 990 784 783 3 0
746 685 720 754 750 713 748 760 756 750 768 783 4 0
762 790 720 786 766 713 764 760 859 1022 800 783 5 0
762 790 720 770 766 713 764 760 755 958 784 783 6 0
746 685 720 754 750 713 748 744 756 750 768 767 7 0
746 685 720 770 750 713 748 760 756 750 768 767 8 0
746 685 720 754 750 713 764 760 756 750 768 783 9 0
746 685 720 754 750 713 748 760 756 750 768 783 10 0
762 685 720 770 766 713 748 760 756 750 768 15000 11 0
Chip#2
622 617 634 570 601 655 589 540 625 614 613 610 0 58
622 517 618 569 585 639 587 540 625 614 613 610 1 0
622 517 618 569 585 639 587 540 609 598 597 610 2 0
622 517 634 731 722 639 715 675 625 662 677 610 3 0
606 517 634 790 722 639 747 691 625 678 677 610 4 0
622 617 634 651 601 639 592 540 625 614 629 626 5 0
606 517 618 651 601 639 591 540 609 503 613 610 6 0
622 617 634 790 722 639 592 540 625 614 613 610 7 0
622 617 634 651 617 655 592 540 625 614 613 626 8 0
606 517 618 532 585 639 591 540 625 614 613 610 9 0
606 517 618 532 585 639 592 540 625 614 613 610 10 0
622 517 634 532 601 639 592 540 625 614 613 15000 11 0
Chip#1
746 685 788 754 750 713 748 760 756 750 768 783 0 59
778 790 789 818 766 713 812 776 756 814 784 799 1 0
762 685 983 1058 766 969 1308 792 923 1278 832 783 2 0
746 685 789 888 750 848 940 760 755 990 784 783 3 0
746 685 788 754 750 713 748 760 756 750 768 783 4 0
762 790 788 786 766 713 764 760 875 1022 800 783 5 0
762 685 788 770 766 713 764 760 755 942 784 783 6 0
746 685 788 754 750 713 748 760 756 750 768 767 7 0
730 685 788 770 750 713 748 744 756 750 665 767 8 0
762 685 788 770 766 713 764 760 756 750 768 783 9 0
762 790 788 770 766 713 748 760 756 750 784 783 10 0
762 685 788 754 766 713 748 760 756 750 768 15000 11 0
Chip#2
622 517 618 547 585 639 593 540 625 507 597 610 0 59
622 617 634 547 585 639 594 540 625 507 613 610 1 0
622 617 634 547 601 639 594 540 625 614 613 626 2 0
622 517 634 731 711 639 715 675 625 662 677 610 3 0
622 617 650 798 711 655 747 691 625 678 677 610 4 0
622 617 618 541 585 639 585 540 625 598 613 610 5 0
622 517 618 651 601 623 584 540 609 598 613 610 6 0
622 617 634 798 711 639 585 540 625 614 613 610 7 0
606 517 618 541 585 623 584 540 609 598 597 610 8 0
622 517 618 541 585 639 584 540 625 598 613 610 9 0
606 517 618 541 585 639 585 540 609 598 613 610 10 0
606 517 618 541 585 623 584 540 609 598 597 15000 11 0
Chip#1
762 790 788 770 766 713 764 760 756 766 768 799 0 59
746 685 788 786 750 713 796 760 756 782 768 767 1 0
746 685 983 1042 750 969 1292 776 923 1262 832 767 2 0
746 790 789 894 750 848 940 760 755 990 784 783 3 0
746 685 788 770 750 713 748 760 756 750 768 767 4 0
746 685 788 770 750 713 764 760 859 1006 784 767 5 0
762 790 788 786 766 713 764 776 755 942 784 783 6 0
762 790 788 770 766 713 764 760 756 750 768 783 7 0
746 790 788 786 766 713 764 760 756 750 768 783 8 0
762 790 788 770 766 713 764 760 756 750 768 783 9 0
746 685 788 754 750 713 732 744 756 734 768 767 10 0
778 790 788 770 766 713 764 776 756 766 784 15000 11 0
Chip#2
622 617 618 619 585 639 596 540 609 512 597 610 0 59
622 617 634 619 585 639 596 540 625 512 597 610 1 0
622 617 618 619 585 639 597 540 625 614 613 610 2 0
622 617 634 731 721 639 731 675 625 662 677 610 3 0
622 517 650 807 721 639 747 707 625 662 677 610 4 0
622 617 634 651 601 639 590 540 625 614 613 626 5 0
622 517 634 667 617 639 589 540 625 614 613 610 6 0
622 617 634 747 721 639 590 540 625 614 613 610 7 0
622 517 618 564 601 639 589 540 609 598 613 610 8 0
606 517 618 563 585 623 589 540 609 598 613 610 9 0
622 617 618 563 585 639 589 540 625 598 613 610 10 0
622 617 634 563 601 639 590 540 625 614 613 15000 11 0
Chip#1
762 685 788 754 750 713 748 760 756 750 768 783 0 59
746 685 788 786 750 713 796 760 756 782 768 783 1 0
762 790 983 1058 766 969 1292 792 923 1262 832 783 2 0
746 685 789 886 750 848 924 760 755 974 784 783 3 0
746 685 788 754 750 713 748 744 756 750 665 767 4 0
762 685 788 770 750 713 764 760 859 1006 784 783 5 0
762 685 788 770 750 713 764 760 755 942 784 783 6 0
746 685 788 754 750 713 748 760 756 750 768 767 7 0
762 685 788 770 750 713 764 760 756 750 768 783 8 0
762 790 788 770 766 713 764 760 756 750 768 783 9 0
746 790 788 770 750 713 748 760 756 750 768 783 10 0
762 685 788 770 750 713 748 760 756 750 768 15000 11 0
Chip#2
606 517 618 571 585 623 587 540 609 598 597 610 0 59
606 517 618 571 585 623 587 540 609 598 597 610 1 0
606 517 618 571 585 623 587 540 609 598 597 610 2 0
622 617 634 731 721 639 715 675 625 662 677 626 3 0
622 617 650 807 721 639 747 691 625 678 677 610 4 0
622 517 618 549 601 639 587 540 625 502 613 610 5 0
622 617 634 667 617 639 587 540 625 614 613 610 6 0
606 517 634 747 721 623 586 540 609 502 613 507 7 0
606 519 602 571 585 623 586 540 609 502 597 507 8 0
606 517 618 571 585 623 586 540 609 502 597 507 9 0
606 517 618 571 585 639 586 540 609 502 613 610 10 0
622 517 618 571 585 639 586 540 625 614 613 15000 11 0
Chip#1
762 685 788 770 750 713 764 760 756 750 768 783 0 59
746 685 788 802 750 713 796 760 756 782 768 783 1 0
746 685 983 1042 750 969 1292 776 923 1246 816 767 2 0
778 790 789 896 766 864 956 776 755 1006 800 799 3 0
746 685 788 770 750 713 748 744 756 750 768 783 4 0
762 790 788 770 750 713 764 760 859 1022 784 767 5 0
746 685 788 770 750 713 748 760 755 942 768 767 6 0
762 790 788 770 766 713 764 760 756 750 768 783 7 0
762 790 788 770 750 713 764 760 756 750 768 783 8 0
762 685 788 770 750 713 764 760 756 750 768 783 9 0
762 685 788 754 750 713 748 760 756 750 768 783 10 0
762 790 788 770 766 713 748 760 756 766 784 15000 11 0
Chip#2
622 517 618 566 585 639 585 540 625 598 613 610 0 60
622 617 618 566 585 639 586 540 625 614 613 626 1 0
622 517 618 566 585 639 586 540 625 614 613 610 2 0
606 617 634 731 721 639 715 675 625 662 677 610 3 0
606 517 634 798 721 639 747 691 625 662 661 610 4 0
622 617 634 541 601 639 566 540 625 614 613 610 5 0
622 617 634 683 617 655 566 540 625 614 613 626 6 0
622 517 634 747 721 639 566 540 625 614 613 610 7 0
622 517 618 570 601 639 565 540 625 614 597 610 8 0
622 617 634 570 601 639 566 540 625 614 613 626 9 0
606 517 618 569 585 623 565 540 625 598 613 610 10 0
606 517 618 569 569 623 565 540 609 598 597 15000 11 0
Chip#1
746 685 788 754 750 713 748 744 756 750 768 767 0 60
746 685 788 786 750 713 796 760 756 782 768 783 1 0
762 790 1048 1058 766 969 1308 792 939 1278 848 799 2 0
746 685 789 834 750 848 940 760 755 990 784 783 3 0
746 685 788 754 750 713 748 760 756 750 768 783 4 0
746 685 788 770 750 713 764 760 859 1006 784 783 5 0
762 790 788 770 766 713 764 760 755 942 784 783 6 0
746 685 788 754 750 713 748 760 756 750 768 767 7 0
730 685 788 754 734 713 732 744 756 718 665 767 8 0
746 685 788 754 750 713 748 744 756 750 665 767 9 0
746 685 788 754 750 713 748 760 756 750 768 783 10 0
762 685 788 754 766 713 748 760 756 750 768 15000 11 0
Chip#2
606 517 618 541 585 623 581 540 625 598 597 610 0 60
622 617 634 541 585 639 583 540 625 614 613 626 1 0
622 617 618 541 585 639 581 540 625 598 613 610 2 0
606 517 618 715 617 639 699 659 609 646 661 507 3 0
606 517 650 798 716 639 747 691 609 662 661 610 4 0
606 517 634 541 585 639 580 540 609 598 597 610 5 0
606 519 602 541 601 623 580 540 609 598 597 507 6 0
622 617 650 798 716 639 582 540 625 614 613 610 7 0
622 617 634 651 601 639 580 540 625 598 613 610 8 0
606 517 618 541 585 639 580 540 609 598 597 610 9 0
622 617 634 541 601 639 582 540 625 614 613 626 10 0
622 517 618 541 585 623 580 540 609 614 613 15000 11 0
Chip#1
746 685 788 754 734 713 732 744 756 750 768 783 0 60
746 685 788 786 750 713 796 760 756 782 768 783 1 0
746 685 967 1042 750 969 1276 776 923 1246 816 767 2 0
762 685 782 891 750 848 940 760 755 990 800 783 3 0
762 685 781 770 766 713 748 760 756 766 784 783 4 0
746 685 781 770 750 713 764 760 859 1006 784 767 5 0
762 790 781 770 750 713 764 760 755 942 784 783 6 0
746 685 781 754 750 713 748 744 756 750 768 767 7 0
746 685 781 770 750 713 748 744 756 750 768 767 8 0
762 790 781 770 766 713 764 760 756 766 784 783 9 0
762 790 781 770 766 713 764 760 756 766 784 799 10 0
762 685 781 770 750 713 748 760 756 766 768 15000 11 0
Chip#2
622 617 634 560 601 639 587 540 609 614 613 610 0 60
606 517 618 560 585 639 587 540 609 502 597 610 1 0
606 517 618 560 585 639 587 540 609 502 597 610 2 0
606 517 634 731 617 639 715 659 609 662 677 610 3 0
606 517 634 804 729 639 731 691 609 662 661 507 4 0
606 517 602 547 585 623 580 540 609 598 597 507 5 0
622 517 618 667 617 639 582 540 625 614 613 610 6 0
606 517 634 747 729 623 580 540 609 614 613 610 7 0
622 517 634 560 601 639 580 540 625 598 597 610 8 0
622 633 634 560 601 655 582 540 641 630 613 626 9 0
606 517 618 560 585 639 580 540 609 598 613 610 10 0
606 519 602 560 569 623 580 540 609 598 597 15000 11 0
Chip#1
746 685 789 754 750 713 748 744 756 750 768 783 0 61
746 685 789 786 750 713 796 760 756 782 768 767 1 0
746 685 983 1042 766 969 1276 776 923 1246 832 783 2 0
762 790 790 892 766 864 940 776 755 990 800 799 3 0
746 685 789 770 750 713 748 760 756 750 768 767 4 0
762 685 789 786 766 713 764 760 875 1022 800 783 5 0
746 685 789 770 750 713 748 760 755 926 784 767 6 0
762 685 789 770 750 713 748 760 756 750 768 783 7 0
746 685 789 770 750 713 748 760 756 750 768 783 8 0
762 790 789 770 750 713 764 760 756 766 768 783 9 0
762 790 789 770 750 713 764 760 756 750 768 783 10 0
762 790 789 770 750 713 748 760 756 750 768 15000 11 0
Chip#2
606 517 618 561 585 623 592 540 609 507 597 507 0 61
606 517 618 561 585 623 592 540 609 507 597 507 1 0
606 517 618 561 585 639 592 540 609 507 597 610 2 0
606 517 634 731 714 639 715 675 625 662 677 610 3 0
622 617 650 795 714 655 747 707 625 678 677 626 4 0
606 517 618 635 585 639 598 540 609 504 597 610 5 0
622 617 634 667 617 639 598 540 625 614 613 610 6 0
638 633 650 795 714 655 598 540 625 630 629 626 7 0
622 617 634 651 617 639 598 540 625 614 613 610 8 0
606 517 618 537 585 639 597 540 609 504 613 610 9 0
606 517 618 537 585 639 597 540 609 504 597 610 10 0
606 517 618 537 585 623 597 540 609 504 597 15000 11 0
Chip#1
762 685 789 770 766 713 748 760 756 750 768 783 0 62
762 685 789 786 750 713 796 760 756 782 768 783 1 0
762 685 983 1042 750 969 1276 776 923 1246 832 783 2 0
746 685 790 886 750 848 924 760 756 990 784 767 3 0
746 685 789 754 750 713 748 744 756 750 665 767 4 0
746 685 789 770 750 713 764 760 859 1006 784 783 5 0
746 685 789 770 750 713 748 760 755 926 784 783 6 0
746 685 789 754 750 713 748 744 756 734 768 767 7 0
746 685 789 770 750 713 764 760 756 750 768 783 8 0
746 790 789 770 750 713 764 760 756 750 768 783 9 0
746 685 789 754 734 713 732 744 756 734 768 767 10 0
762 790 789 770 766 713 764 776 756 766 768 15000 11 0
Chip#2
622 617 634 562 601 639 582 540 625 614 613 610 0 62
622 617 634 562 585 639 580 540 625 614 613 610 1 0
606 517 618 562 569 623 580 540 609 598 597 507 2 0
622 617 634 731 723 639 715 675 625 662 677 610 3 0
622 617 650 797 723 639 747 691 625 678 677 610 4 0
622 617 634 651 601 639 578 540 625 614 613 610 5 0
622 617 634 667 617 639 578 540 625 614 613 610 6 0
638 617 650 797 723 655 578 540 641 630 629 626 7 0
622 617 634 651 617 655 578 540 625 614 629 626 8 0
622 517 634 539 585 639 577 540 625 614 613 610 9 0
622 517 618 539 585 639 578 540 609 598 613 610 10 0
622 517 618 539 585 639 577 540 625 614 597 15000 11 0
Chip#1
762 685 789 754 750 713 748 744 756 750 768 783 0 62
746 685 789 786 750 713 780 744 756 782 768 783 1 0
746 685 967 1026 750 969 1260 776 907 1230 816 767 2 0
762 790 782 857 766 864 940 760 755 990 800 783 3 0
762 685 781 770 750 713 748 760 756 766 768 783 4 0
762 685 781 786 750 713 764 760 859 1006 784 783 5 0
746 685 781 770 750 713 748 760 756 926 784 783 6 0
762 685 781 770 750 713 764 760 756 750 768 783 7 0
746 685 781 770 750 713 764 760 756 750 768 783 8 0
762 685 781 770 766 713 764 760 756 750 784 783 9 0
762 685 781 754 750 713 748 760 756 750 768 783 10 0
762 790 781 754 750 713 748 760 756 750 768 15000 11 0
Chip#2
622 617 618 561 601 639 578 540 625 614 613 610 0 62
606 517 618 561 585 623 578 540 609 598 597 610 1 0
606 517 618 561 569 623 578 540 609 598 597 507 2 0
622 617 650 731 724 655 715 675 625 662 677 626 3 0
606 517 634 801 724 639 747 691 625 662 677 610 4 0
622 617 634 651 601 655 583 540 641 614 613 626 5 0
606 517 618 667 601 639 581 540 609 598 597 610 6 0
622 617 650 756 724 639 583 540 625 614 629 626 7 0
622 517 618 635 601 623 581 540 625 598 613 610 8 0
606 517 618 619 585 623 581 540 609 598 597 507 9 0
622 517 618 619 585 623 581 540 625 598 613 610 10 0
606 517 618 619 585 623 581 540 625 598 597 15000 11 0
Chip#1
746 685 781 754 750 713 748 760 756 750 768 783 0 63
746 685 781 786 750 713 796 760 756 782 768 783 1 0
730 685 951 1026 734 969 1260 760 907 1214 816 767 2 0
762 685 780 850 750 848 924 760 755 974 784 783 3 0
762 790 778 770 766 713 764 760 756 766 784 783 4 0
746 790 778 770 750 713 764 760 859 1006 784 783 5 0
746 685 778 754 734 713 732 744 756 910 768 767 6 0
746 685 778 770 750 713 748 760 756 750 768 783 7 0
762 790 778 786 750 713 764 760 756 750 784 783 8 0
762 685 778 770 750 713 764 760 756 750 768 783 9 0
730 685 778 754 734 713 732 744 756 734 665 767 10 0
746 685 778 754 750 713 748 760 756 750 768 15000 11 0
Chip#2
606 517 618 562 585 639 593 540 609 509 597 610 0 63
622 617 618 562 601 639 593 540 625 614 613 610 1 0
622 517 618 562 585 639 593 540 609 509 597 610 2 0
606 517 634 715 617 639 699 659 625 662 661 610 3 0
622 517 650 797 724 639 747 691 625 662 677 610 4 0
622 617 634 539 585 639 585 540 625 614 613 610 5 0
622 517 634 651 617 639 585 540 625 614 613 610 6 0
622 517 634 731 724 639 584 540 625 614 613 610 7 0
622 517 634 561 601 639 585 540 625 614 613 626 8 0
606 517 618 561 569 623 584 540 609 598 597 507 9 0
622 517 618 561 585 639 585 540 625 614 613 610 10 0
622 517 634 561 601 639 585 540 625 614 613 15000 11 0
Chip#1
746 685 785 754 750 713 748 760 756 750 768 783 0 63
762 685 785 786 750 713 796 760 756 782 768 783 1 0
762 685 983 1042 750 969 1260 776 923 1230 832 783 2 0
746 790 787 884 750 848 940 760 755 974 784 783 3 0
746 685 785 770 750 713 748 760 756 750 768 783 4 0
762 685 785 770 750 713 764 760 859 990 784 783 5 0
746 685 785 770 750 713 748 760 755 926 784 783 6 0
762 685 785 770 750 713 748 760 756 750 768 783 7 0
746 685 785 770 750 713 748 760 756 750 768 783 8 0
746 685 785 770 750 713 764 760 756 750 768 783 9 0
762 685 785 770 750 713 748 760 756 750 768 783 10 0
762 685 785 770 750 713 748 760 756 750 768 15000 11 0
Chip#2
622 517 618 547 585 639 590 540 625 614 597 610 0 63
622 517 618 547 585 639 590 540 625 614 613 610 1 0
606 517 618 547 585 639 590 540 609 504 597 507 2 0
622 617 634 731 725 655 715 675 625 662 677 626 3 0
606 517 634 795 724 639 715 675 609 646 661 507 4 0
622 617 634 651 601 639 576 540 625 614 613 610 5 0
638 617 634 667 617 655 576 540 625 614 613 626 6 0
606 517 634 731 724 639 574 540 609 614 613 610 7 0
606 519 602 554 585 623 574 540 609 598 597 507 8 0
622 517 618 554 585 639 574 540 625 598 613 610 9 0
622 617 618 554 585 639 576 540 609 614 613 626 10 0
606 517 618 554 585 639 576 540 625 614 613 15000 11 0
Chip#1
762 685 785 754 750 713 748 760 756 750 768 783 0 64
746 685 785 786 750 713 796 760 756 782 768 767 1 0
762 790 983 1058 782 969 1276 792 939 1246 848 799 2 0
746 685 787 834 750 848 924 760 756 974 800 783 3 0
746 685 785 770 750 713 748 760 756 750 768 783 4 0
746 685 785 770 750 713 748 760 859 990 784 767 5 0
762 790 785 786 766 713 764 776 755 942 800 783 6 0
762 685 785 770 750 713 748 760 756 750 768 783 7 0
746 685 785 770 750 713 748 760 756 750 768 783 8 0
746 685 785 754 750 713 748 744 756 734 665 767 9 0
746 685 785 754 750 713 748 760 756 750 768 783 10 0
762 790 785 770 766 713 764 776 756 766 784 15000 11 0
Chip#2
606 517 618 560 585 623 586 540 609 598 597 610 0 64
606 517 618 560 585 639 586 540 609 598 597 610 1 0
622 517 618 560 585 639 587 540 625 614 613 610 2 0
622 617 634 731 724 655 731 675 641 678 693 626 3 0
622 517 634 798 724 655 731 691 625 662 661 610 4 0
606 517 618 541 585 623 576 540 609 598 597 610 5 0
622 617 634 667 617 655 577 540 625 630 613 626 6 0
622 617 634 747 724 639 577 540 625 614 629 610 7 0
606 517 618 556 585 623 576 540 609 598 597 507 8 0
606 517 618 556 585 639 576 540 625 614 597 610 9 0
606 517 618 556 585 623 576 540 609 598 597 610 10 0
606 517 618 556 585 623 576 540 609 598 597 15000 11 0
Chip#1
762 685 776 770 750 713 764 760 756 750 784 783 0 65
762 685 776 786 750 713 796 760 756 782 784 783 1 0
762 790 983 1042 766 969 1276 792 923 1246 832 799 2 0
746 685 777 834 750 848 924 760 756 974 784 783 3 0
762 790 776 770 766 713 748 760 756 766 784 783 4 0
762 685 776 786 766 713 764 776 859 1006 784 783 5 0
762 685 776 770 750 713 748 760 755 926 768 767 6 0
778 790 776 786 766 713 764 776 756 766 784 799 7 0
746 685 776 770 766 713 764 760 756 750 768 783 8 0
762 685 776 770 750 713 764 760 756 750 768 783 9 0
762 790 776 770 750 713 764 760 756 766 784 783 10 0
746 685 776 754 734 713 748 760 756 750 665 15000 11 0
Chip#2
622 617 634 560 585 639 580 540 625 614 613 610 0 65
606 517 618 560 585 623 580 540 609 598 597 507 1 0
622 517 618 560 601 639 580 540 625 598 613 610 2 0
606 517 618 715 617 639 699 659 625 646 661 610 3 0
606 517 634 794 724 639 731 691 609 662 661 507 4 0
606 517 618 635 585 623 572 540 609 598 597 610 5 0
606 519 618 651 601 623 572 540 609 598 597 507 6 0
606 517 634 731 724 623 572 540 625 598 597 507 7 0
606 517 618 555 585 623 572 540 609 598 597 507 8 0
606 517 618 555 585 639 572 540 609 598 597 507 9 0
622 517 618 555 601 639 572 540 625 614 613 610 10 0
622 517 618 555 585 639 573 540 625 614 613 15000 11 0
Chip#1
746 685 770 770 750 713 748 744 756 750 768 783 0 65
778 790 771 802 766 713 796 776 756 798 784 783 1 0
762 790 1030 1042 766 969 1276 792 923 1230 832 783 2 0
746 685 771 834 750 848 924 760 755 958 784 783 3 0
762 685 770 770 750 713 764 760 756 750 768 783 4 0
762 685 770 770 750 713 764 760 859 1006 800 783 5 0
746 685 770 754 750 713 748 760 756 926 768 767 6 0
762 685 770 754 750 713 748 760 756 750 768 767 7 0
762 790 770 770 750 713 764 760 756 750 768 783 8 0
762 790 770 786 766 713 764 760 756 766 784 799 9 0
746 685 770 770 766 713 748 760 756 750 768 783 10 0
762 790 770 770 766 713 748 760 756 750 784 15000 11 0
Chip#2
622 617 634 559 585 639 576 540 625 614 613 610 0 65
622 517 618 559 585 639 574 540 625 614 597 610 1 0
606 517 618 559 585 639 574 540 609 598 597 610 2 0
622 517 634 731 617 639 715 675 625 662 677 610 3 0
606 517 634 797 724 639 731 675 609 662 661 610 4 0
606 517 618 539 601 639 569 540 625 614 597 610 5 0
622 617 634 667 617 639 567 540 625 614 613 610 6 0
606 517 618 731 724 639 567 540 609 598 597 507 7 0
606 617 618 550 601 639 567 540 609 598 597 610 8 0
606 517 618 550 585 623 567 540 609 598 613 507 9 0
622 617 634 550 601 639 569 540 625 614 613 626 10 0
606 517 618 550 569 623 567 540 609 598 597 15000 11 0
Chip#1
762 685 775 770 750 713 748 760 756 750 768 783 0 65
746 685 775 770 734 713 780 744 756 766 665 767 1 0
762 685 1035 1042 766 969 1260 792 923 1230 832 783 2 0
762 685 776 834 750 848 924 760 755 974 800 783 3 0
762 790 775 770 766 713 764 776 756 766 784 799 4 0
762 790 775 786 766 713 764 776 875 1006 800 783 5 0
762 790 775 770 766 713 764 776 755 926 784 783 6 0
746 685 775 754 750 713 748 760 756 750 768 783 7 0
762 685 775 770 750 713 764 760 756 750 768 783 8 0
762 790 775 770 766 713 764 760 756 750 768 783 9 0
762 685 775 770 750 713 748 760 756 750 768 783 10 0
746 685 775 754 750 713 732 744 756 734 768 15000 11 0
Chip#2
606 517 618 553 585 639 580 540 609 598 597 507 0 65
622 517 618 553 585 639 580 540 625 598 597 610 1 0
606 517 618 553 569 623 580 540 609 598 597 507 2 0
606 617 634 715 617 639 699 659 609 646 677 610 3 0
606 517 634 792 716 639 731 691 609 662 661 610 4 0
606 517 618 635 585 639 577 540 609 598 597 507 5 0
606 517 618 651 601 639 577 540 609 598 597 610 6 0
622 617 650 747 716 655 578 540 625 614 629 610 7 0
622 617 618 562 601 639 577 540 625 614 613 610 8 0
606 517 618 562 585 639 577 540 609 598 597 610 9 0
606 517 618 562 585 623 577 540 609 598 597 610 10 0
622 517 618 562 585 623 577 540 609 598 597 15000 11 0
Chip#1
746 685 767 754 750 713 748 744 756 750 768 783 0 66
746 685 767 786 750 713 780 760 756 782 768 767 1 0
746 685 967 1026 750 969 1260 776 907 1214 816 783 2 0
746 685 787 853 734 832 908 744 756 958 768 767 3 0
762 790 785 770 766 713 764 760 756 766 768 783 4 0
762 790 785 786 766 713 764 760 859 1006 800 783 5 0
762 790 785 770 750 713 764 776 755 926 784 783 6 0
762 790 785 770 766 713 764 776 756 750 784 783 7 0
762 790 785 770 750 713 764 760 756 750 784 783 8 0
730 685 785 738 734 713 748 728 756 734 665 664 9 0
746 685 785 754 734 713 748 744 756 734 665 767 10 0
762 685 785 754 750 713 748 760 756 750 768 15000 11 0
Chip#2
622 517 618 560 585 639 581 540 609 598 597 610 0 66
606 517 618 560 585 623 581 540 609 598 597 610 1 0
622 617 634 560 601 639 583 540 625 614 613 610 2 0
622 517 634 715 617 639 715 675 609 662 677 610 3 0
606 517 634 789 716 639 731 691 625 662 661 610 4 0
606 517 618 635 585 623 583 540 609 598 597 610 5 0
606 517 618 651 601 623 583 540 609 598 613 610 6 0
606 517 634 731 716 623 583 540 609 614 613 610 7 0
622 617 634 560 601 655 584 540 625 614 613 626 8 0
622 617 634 560 601 655 584 540 625 614 613 610 9 0
606 517 618 560 585 623 583 540 609 598 613 610 10 0
622 617 634 560 601 655 584 540 641 614 613 15000 11 0
Chip#1
762 685 781 770 750 713 748 760 756 750 768 783 0 66
762 685 781 802 766 713 796 776 756 798 784 783 1 0
762 685 967 1026 750 969 1260 776 907 1214 832 767 2 0
762 685 780 847 766 848 924 760 755 974 800 783 3 0
762 685 778 770 750 713 748 760 756 766 768 783 4 0
746 685 778 770 750 713 748 744 755 990 784 767 5 0
746 685 778 770 750 713 764 760 755 926 784 783 6 0
746 685 778 754 750 713 748 744 756 750 768 767 7 0
762 790 778 786 766 713 764 760 756 766 784 783 8 0
746 685 778 754 734 713 748 744 756 750 768 767 9 0
762 685 778 770 750 713 748 760 756 750 768 783 10 0
762 790 778 770 750 713 748 760 756 766 784 15000 11 0
Chip#2
622 517 618 561 585 639 576 540 609 598 597 610 0 66
606 517 618 561 585 623 576 540 609 598 597 610 1 0
622 517 618 561 585 623 576 540 609 598 597 610 2 0
622 517 634 715 617 639 715 659 625 646 677 610 3 0
606 617 634 789 716 639 747 691 625 662 661 610 4 0
622 617 634 635 601 639 577 540 625 614 613 610 5 0
606 517 618 651 601 623 576 540 609 598 597 610 6 0
606 517 634 731 716 623 576 540 609 598 597 610 7 0
622 617 618 651 601 639 576 540 625 614 613 610 8 0
622 517 618 554 585 639 576 540 625 614 613 610 9 0
622 517 618 554 585 639 576 540 625 598 613 610 10 0
622 517 618 554 585 639 576 540 609 614 597 15000 11 0
Chip#1
762 790 774 770 750 713 748 760 756 750 768 783 0 66
746 685 774 786 750 713 796 760 756 782 768 783 1 0
762 685 967 1026 750 969 1244 776 907 1214 832 783 2 0
762 790 777 847 750 848 924 760 755 974 800 783 3 0
746 685 776 754 750 713 748 760 756 750 768 767 4 0
746 790 776 770 750 713 764 760 859 990 784 783 5 0
746 685 776 754 750 713 748 744 756 910 784 767 6 0
762 790 776 770 766 713 764 776 756 766 784 783 7 0
746 685 776 770 750 713 748 760 756 750 768 767 8 0
746 685 776 770 750 713 748 760 756 734 768 767 9 0
746 685 776 754 750 713 732 744 756 750 768 767 10 0
762 685 776 770 750 713 748 760 756 750 768 15000 11 0
Chip#2
622 517 618 548 585 639 585 540 609 614 613 610 0 66
606 517 618 548 585 623 584 540 609 598 597 507 1 0
622 517 618 548 585 639 585 540 625 614 613 610 2 0
622 517 634 715 722 639 699 659 609 646 677 610 3 0
622 617 650 790 722 655 747 691 625 678 677 626 4 0
622 617 634 635 601 639 582 540 625 614 613 610 5 0
606 517 618 651 601 639 580 540 609 598 597 610 6 0
622 617 634 747 722 655 582 540 625 614 613 626 7 0
606 517 618 564 601 639 580 540 609 598 613 610 8 0
606 517 618 563 585 639 580 540 609 598 613 610 9 0
622 517 618 563 585 639 582 540 625 614 613 610 10 0
606 517 618 563 585 623 580 540 609 495 597 15000 11 0
Chip#1
746 685 783 754 750 713 732 744 756 734 665 767 0 66
762 685 783 786 766 713 796 760 756 782 768 783 1 0
762 790 967 1042 766 969 1260 792 907 1214 832 783 2 0
746 685 777 818 750 832 908 744 756 958 768 767 3 0
762 685 776 770 766 713 764 760 756 766 784 783 4 0
762 790 776 786 766 713 780 776 875 1006 800 799 5 0
762 790 776 770 766 713 764 760 755 926 784 783 6 0
746 685 776 738 750 713 732 744 756 734 665 767 7 0
762 685 776 786 766 713 764 760 756 750 784 783 8 0
746 685 776 770 750 713 764 760 756 766 768 783 9 0
762 790 776 770 766 713 764 760 756 766 784 783 10 0
762 685 776 770 750 713 748 760 756 750 768 15000 11 0
Chip#2
622 617 634 553 585 655 570 540 625 614 613 626 0 67
622 517 618 553 601 639 569 540 625 598 613 610 1 0
622 517 618 553 585 639 569 540 609 598 597 610 2 0
622 617 634 731 722 639 715 675 625 662 677 626 3 0
606 517 650 798 722 639 731 691 625 662 661 610 4 0
622 617 634 651 601 639 571 540 625 614 613 626 5 0
622 517 618 667 601 639 571 540 625 598 613 610 6 0
622 617 634 747 722 639 571 540 625 614 613 626 7 0
606 517 618 555 601 639 570 540 625 614 613 610 8 0
606 517 618 555 585 623 570 540 609 598 597 610 9 0
606 517 618 555 585 623 570 540 609 598 613 610 10 0
606 617 618 555 585 623 571 540 609 598 613 15000 11 0
Chip#1
746 685 773 754 750 713 748 744 756 750 768 783 0 67
730 685 773 770 734 713 780 744 756 766 665 767 1 0
746 685 967 1026 750 969 1244 776 907 1214 832 767 2 0
762 790 783 850 766 864 940 776 755 974 800 799 3 0
762 685 782 754 766 713 764 760 756 750 768 783 4 0
762 685 782 770 750 713 764 760 859 990 784 783 5 0
762 685 782 770 750 713 764 760 755 926 784 783 6 0
762 790 782 770 750 713 748 760 756 750 768 783 7 0
762 790 782 770 766 713 764 760 756 750 784 783 8 0
746 685 782 754 750 713 748 744 756 750 768 767 9 0
746 685 782 754 734 713 732 744 756 734 665 767 10 0
762 685 782 754 750 713 748 760 756 750 768 15000 11 0
Chip#2
606 517 602 559 585 623 572 540 609 598 597 507 0 67
622 617 634 559 585 639 573 540 625 614 613 610 1 0
606 517 618 559 585 639 572 540 609 598 613 610 2 0
622 617 650 715 715 639 715 675 625 662 677 626 3 0
606 517 634 788 715 639 731 675 609 646 661 507 4 0
622 517 634 635 585 639 573 540 625 614 597 610 5 0
606 519 602 651 585 623 572 540 609 495 597 507 6 0
622 617 634 747 715 639 573 540 625 614 613 610 7 0
606 517 618 558 585 623 572 540 609 598 597 507 8 0
606 517 618 557 585 623 572 540 609 598 597 507 9 0
622 517 618 557 585 639 572 540 609 614 613 610 10 0
622 617 634 557 585 639 572 540 609 598 597 15000 11 0
Chip#1
762 685 776 754 750 713 748 760 756 750 768 783 0 67
746 685 776 786 750 713 796 760 756 782 768 767 1 0
762 685 983 1042 766 969 1260 776 907 1214 832 783 2 0
746 685 777 834 750 848 924 760 755 958 784 783 3 0
746 685 776 754 750 713 748 760 756 750 768 767 4 0
746 685 776 770 750 713 748 760 859 990 784 783 5 0
746 685 776 770 766 713 764 760 755 926 784 783 6 0
762 685 776 754 750 713 748 760 756 750 768 783 7 0
762 685 776 770 766 713 764 760 756 750 768 783 8 0
730 685 776 754 734 713 748 744 756 734 665 767 9 0
746 685 776 754 750 713 748 744 756 750 768 783 10 0
762 685 776 770 766 713 764 760 756 766 784 15000 11 0
Chip#2
622 617 634 557 585 639 569 540 625 614 613 610 0 67
606 517 618 557 585 623 567 540 609 598 597 507 1 0
622 517 634 557 585 639 567 540 625 598 597 610 2 0
622 617 634 731 722 639 715 675 625 662 677 626 3 0
606 517 634 794 722 623 731 675 609 646 661 507 4 0
622 617 618 651 601 639 569 540 625 614 613 610 5 0
622 517 634 667 601 639 569 540 625 614 613 610 6 0
622 517 634 747 722 639 567 540 625 598 613 610 7 0
622 617 634 651 601 639 569 540 625 614 613 610 8 0
606 517 618 554 585 623 567 540 609 598 597 507 9 0
606 517 618 554 585 623 567 540 609 598 613 610 10 0
622 617 634 554 585 639 569 540 625 614 613 15000 11 0
Chip#1
746 685 776 754 750 713 748 744 756 734 768 767 0 67
762 685 776 786 766 713 796 760 756 782 784 783 1 0
746 685 951 1010 750 969 1244 760 891 1198 816 767 2 0
746 685 770 844 750 832 924 760 756 958 784 767 3 0
746 685 769 754 750 713 732 744 756 734 665 767 4 0
762 685 769 786 766 713 764 760 859 1006 800 783 5 0
762 685 769 786 750 713 764 760 755 910 784 783 6 0
746 685 769 754 750 713 748 744 756 750 768 767 7 0
746 685 769 770 750 713 748 760 756 750 768 783 8 0
762 685 769 770 766 713 764 760 756 750 768 783 9 0
762 790 769 770 766 713 748 760 756 750 784 783 10 0
762 790 769 786 766 713 764 776 756 766 784 15000 11 0
Chip#2
622 617 634 551 601 639 571 540 625 614 613 610 0 67
606 617 618 551 585 623 570 540 609 598 613 610 1 0
622 617 634 551 601 655 571 540 641 630 629 626 2 0
606 517 634 715 617 639 699 659 609 646 661 610 3 0
622 617 650 788 713 655 747 707 625 678 677 626 4 0
606 519 618 530 585 623 578 540 609 598 597 507 5 0
622 617 634 667 617 655 579 540 625 614 629 626 6 0
606 517 634 731 713 639 578 540 625 614 613 610 7 0
622 617 634 651 601 655 579 540 625 614 613 610 8 0
622 517 618 551 585 639 578 540 625 598 613 610 9 0
606 517 602 551 585 623 578 540 609 598 613 610 10 0
606 517 618 551 585 623 578 540 609 598 597 15000 11 0
Chip#1
762 790 771 770 750 713 748 760 756 750 768 783 0 68
762 685 771 802 766 713 796 760 756 782 784 783 1 0
746 685 967 1026 750 969 1244 776 907 1198 816 767 2 0
762 790 778 846 766 848 924 760 755 974 800 783 3 0
746 685 777 754 750 713 748 760 756 750 768 783 4 0
746 790 777 786 766 713 764 760 859 990 784 783 5 0
746 685 777 770 750 713 748 760 756 910 768 767 6 0
746 685 777 754 750 713 748 744 756 750 768 767 7 0
762 685 777 786 766 713 764 760 756 766 768 783 8 0
762 790 777 770 750 713 764 760 756 750 768 783 9 0
746 685 777 754 750 713 748 744 756 750 768 767 10 0
746 685 777 754 734 713 732 744 756 734 665 15000 11 0
Chip#2
622 617 634 556 585 639 578 540 625 614 613 610 0 68
622 617 634 556 585 639 577 540 625 614 613 610 1 0
622 517 618 556 585 639 577 540 609 598 597 610 2 0
606 519 618 699 601 623 683 659 609 646 645 507 3 0
622 517 634 782 722 639 731 691 625 662 661 610 4 0
606 617 618 635 585 639 580 540 609 614 597 610 5 0
606 517 618 651 601 623 579 540 609 598 597 507 6 0
606 519 618 715 722 623 579 540 609 598 597 507 7 0
622 617 618 651 601 639 579 540 625 614 613 610 8 0
622 617 634 549 601 639 580 540 625 614 613 626 9 0
606 517 618 549 585 623 579 540 609 598 597 610 10 0
606 517 618 549 585 623 579 540 609 598 597 15000 11 0
Chip#1
762 790 781 770 750 713 748 760 756 750 784 783 0 68
746 685 781 786 750 713 780 760 756 782 768 767 1 0
746 685 967 1010 750 969 1244 776 907 1198 816 783 2 0
762 790 775 842 750 848 924 776 755 958 800 783 3 0
762 685 774 770 750 713 748 760 756 750 768 783 4 0
762 685 774 770 750 713 764 760 859 990 784 783 5 0
762 790 774 770 766 713 764 760 755 910 784 783 6 0
730 685 774 754 750 713 748 744 756 734 665 767 7 0
746 685 774 770 750 713 748 760 756 750 768 783 8 0
762 790 774 770 766 713 764 760 756 750 768 783 9 0
746 685 774 754 750 713 748 760 756 734 768 767 10 0
746 685 774 754 750 713 748 744 756 734 768 15000 11 0
Chip#2
606 517 618 554 569 623 584 540 609 502 597 507 0 68
622 617 618 554 585 639 584 540 625 502 597 610 1 0
606 519 618 554 569 623 584 540 609 502 597 507 2 0
590 519 618 699 601 623 699 643 609 630 645 507 3 0
606 517 650 783 709 639 731 691 625 662 677 610 4 0
622 617 618 635 601 639 578 540 625 614 613 610 5 0
606 517 618 651 601 623 577 540 609 598 597 610 6 0
622 617 634 731 709 639 578 540 625 614 613 610 7 0
622 617 634 550 601 639 578 540 625 614 613 610 8 0
606 517 618 550 569 623 577 540 609 598 597 507 9 0
622 617 634 550 601 639 578 540 625 614 629 626 10 0
622 517 634 550 585 639 578 540 625 614 613 15000 11 0
Chip#1
762 685 781 770 750 713 748 760 756 750 768 783 0 68
746 685 781 786 734 713 780 744 756 766 768 767 1 0
762 790 967 1042 766 969 1260 792 923 1214 832 783 2 0
762 790 777 888 766 848 924 776 755 974 800 783 3 0
746 685 776 754 750 713 748 760 756 750 768 767 4 0
762 790 776 786 766 713 764 776 859 1006 800 783 5 0
762 790 776 770 766 713 764 760 755 910 784 783 6 0
746 685 776 754 750 713 748 744 756 734 768 767 7 0
746 685 776 770 750 713 748 744 756 750 665 767 8 0
746 685 776 770 750 713 764 760 756 750 768 767 9 0
762 790 776 770 766 713 764 760 756 766 784 783 10 0
730 685 776 738 734 713 732 744 756 734 665 15000 11 0
Chip#2
622 517 618 549 585 623 571 540 609 598 597 610 0 68
622 617 634 549 601 639 572 540 625 614 613 626 1 0
606 517 618 549 585 623 571 540 609 598 597 610 2 0
622 617 634 715 711 639 715 675 625 662 677 626 3 0
606 517 650 790 711 639 731 691 625 662 661 610 4 0
622 517 618 635 601 639 572 540 609 614 597 610 5 0
622 517 618 651 601 623 571 540 609 614 613 610 6 0
622 517 634 731 711 639 572 540 625 614 613 610 7 0
606 517 618 553 585 623 571 540 609 598 597 507 8 0
622 517 618 553 585 639 571 540 609 614 613 610 9 0
606 517 618 553 585 623 571 540 609 598 597 610 10 0
622 517 618 553 585 639 572 540 625 614 613 15000 11 0
Chip#1
746 685 777 754 750 713 732 744 756 734 665 767 0 69
746 685 777 770 750 713 780 744 756 766 768 767 1 0
762 685 967 1026 766 969 1244 776 907 1214 832 783 2 0
746 685 783 849 750 832 908 744 756 958 784 767 3 0
762 790 782 770 766 713 764 776 756 766 784 783 4 0
762 790 782 786 766 713 764 760 859 990 800 783 5 0
746 685 782 754 750 713 748 760 755 910 768 767 6 0
762 790 782 770 766 713 764 760 756 750 784 783 7 0
746 685 782 770 750 713 748 760 756 750 665 767 8 0
746 685 782 770 750 713 748 744 756 750 665 767 9 0
746 685 782 754 750 713 732 744 756 734 665 767 10 0
762 685 782 754 750 713 748 760 756 750 768 15000 11 0
Chip#2
622 617 618 562 585 639 571 540 625 614 613 610 0 69
622 617 634 562 601 639 572 540 625 614 613 610 1 0
606 517 618 562 585 623 571 540 609 598 597 610 2 0
622 617 634 715 717 639 715 675 625 662 677 610 3 0
622 617 650 791 717 655 747 691 625 678 677 626 4 0
606 517 618 533 585 623 573 540 609 598 597 610 5 0
622 617 618 667 601 639 573 540 625 614 613 610 6 0
606 517 634 731 717 623 573 540 609 598 613 507 7 0
606 517 618 555 585 623 573 540 609 598 597 507 8 0
606 517 618 555 585 639 573 540 609 598 597 610 9 0
606 517 618 555 585 623 573 540 609 598 613 507 10 0
622 517 618 555 585 623 573 540 609 598 597 15000 11 0
Chip#1
746 685 780 754 750 713 732 744 756 734 665 767 0 69
746 685 780 786 750 713 780 744 756 782 768 783 1 0
746 685 967 1010 750 969 1228 776 891 1198 816 767 2 0
762 790 777 850 766 848 924 776 755 974 800 783 3 0
746 685 776 770 750 713 748 760 756 750 784 783 4 0
762 790 776 770 766 713 764 760 859 990 800 783 5 0
762 685 776 770 750 713 764 760 756 910 768 783 6 0
762 685 776 770 766 713 748 760 756 750 768 783 7 0
746 685 776 770 750 713 764 760 756 750 768 783 8 0
762 790 776 786 766 713 780 776 756 766 784 783 9 0
746 685 776 754 750 713 748 760 756 750 768 783 10 0
762 685 776 770 750 713 748 760 756 750 784 15000 11 0
Chip#2
622 617 634 550 601 655 573 540 625 614 613 626 0 69
606 517 618 550 585 623 572 540 609 598 597 610 1 0
606 517 618 550 585 639 572 540 609 598 597 610 2 0
606 617 634 715 717 639 699 675 609 646 677 610 3 0
606 517 634 795 717 639 731 691 609 662 661 610 4 0
606 517 618 635 585 639 571 540 625 614 613 610 5 0
606 517 618 651 601 623 570 540 609 598 597 507 6 0
622 617 650 747 717 655 571 540 641 630 629 626 7 0
622 517 634 551 585 639 570 540 625 614 613 610 8 0
606 517 618 551 585 639 570 540 625 614 613 610 9 0
622 517 634 551 585 639 571 540 625 614 613 610 10 0
622 517 634 551 585 639 570 540 625 614 613 15000 11 0
Chip#1
762 790 774 770 766 713 764 760 756 766 784 783 0 69
746 685 774 770 734 713 780 744 756 766 665 767 1 0
762 685 967 1026 766 969 1244 776 907 1198 832 783 2 0
762 790 770 836 766 848 924 760 755 958 784 783 3 0
730 685 769 738 750 713 732 744 756 734 665 664 4 0
762 790 769 786 750 713 764 760 859 990 800 783 5 0
762 790 769 770 766 713 764 776 755 926 784 783 6 0
746 685 769 754 734 713 732 744 756 734 665 767 7 0
762 685 769 770 750 713 748 760 756 750 768 783 8 0
746 685 769 754 750 713 748 760 756 750 768 767 9 0
762 685 769 770 766 713 764 760 756 750 768 783 10 0
746 685 769 754 750 713 748 760 756 750 768 15000 11 0
Chip#2
606 517 618 547 569 623 570 540 609 598 597 507 0 69
606 517 618 547 585 623 570 540 609 598 597 507 1 0
638 617 634 547 601 655 571 540 625 614 613 626 2 0
606 517 634 715 617 639 699 659 625 646 661 610 3 0
622 617 634 790 728 639 731 691 625 662 677 610 4 0
622 517 634 635 601 639 569 540 625 614 613 610 5 0
606 517 618 651 601 623 567 540 609 598 597 610 6 0
606 517 634 731 728 623 567 540 609 598 613 610 7 0
606 517 618 554 585 623 567 540 609 614 597 610 8 0
606 517 618 554 585 639 567 540 609 598 597 610 9 0
622 517 618 554 585 623 567 540 625 614 613 610 10 0
622 617 618 554 585 639 569 540 625 614 613 15000 11 0
Chip#1
762 685 773 754 750 713 748 760 756 750 768 783 0 70
762 790 773 802 766 713 796 776 756 782 784 783 1 0
762 685 967 1026 766 969 1228 776 907 1198 832 783 2 0
762 790 780 851 750 848 924 760 756 974 784 783 3 0
746 685 778 754 750 713 748 744 756 750 768 783 4 0
746 685 778 770 750 713 764 760 755 974 784 767 5 0
762 685 778 770 750 713 748 760 756 910 784 767 6 0
746 685 778 754 750 713 748 760 756 750 768 783 7 0
746 685 778 770 750 713 748 744 756 734 665 767 8 0
746 685 778 754 734 713 748 744 756 734 768 767 9 0
746 685 778 754 750 713 748 760 756 750 768 783 10 0
778 790 778 770 766 713 764 776 756 766 784 15000 11 0
Chip#2
606 517 618 545 585 623 573 540 625 598 597 610 0 70
606 517 618 545 585 623 573 540 609 598 613 610 1 0
606 517 618 545 569 639 573 540 609 598 597 507 2 0
590 519 618 699 617 623 699 659 609 646 661 507 3 0
606 517 634 783 721 639 731 675 625 662 677 610 4 0
622 617 634 651 601 639 565 540 625 614 613 626 5 0
622 517 618 667 617 639 565 540 625 614 613 610 6 0
622 617 634 747 721 639 565 540 625 614 613 610 7 0
606 517 618 554 585 623 564 540 609 598 597 610 8 0
622 517 618 554 585 639 564 540 625 598 613 610 9 0
606 517 618 554 585 639 564 540 609 598 613 610 10 0
622 517 618 554 585 623 564 540 609 598 597 15000 11 0
Chip#1
762 790 766 770 750 713 764 760 756 750 768 783 0 70
762 685 766 802 766 713 796 760 756 782 768 783 1 0
762 790 1026 1042 766 969 1244 792 923 1214 832 799 2 0
762 685 767 834 750 832 908 760 756 958 784 783 3 0
746 685 766 770 750 713 748 760 756 750 768 767 4 0
746 685 766 770 750 713 748 760 859 990 784 783 5 0
746 685 766 754 750 713 748 744 756 910 768 767 6 0
778 790 766 786 766 713 764 776 756 766 768 783 7 0
746 685 766 786 766 713 764 760 756 750 768 783 8 0
730 685 766 754 750 713 748 744 756 734 665 767 9 0
762 790 766 770 750 713 748 760 756 750 768 783 10 0
746 685 766 754 750 713 748 744 756 750 768 15000 11 0
Chip#2
606 517 602 554 569 623 570 540 609 598 597 507 0 70
622 617 618 554 585 639 570 540 625 598 613 610 1 0
606 517 618 554 585 639 570 540 609 598 597 610 2 0
606 517 634 715 726 639 699 675 625 662 677 610 3 0
606 517 634 791 726 639 715 675 609 646 661 610 4 0
606 517 618 533 585 639 567 540 609 598 597 610 5 0
606 517 618 651 601 639 567 540 609 598 613 507 6 0
606 519 618 731 726 623 567 540 609 598 597 507 7 0
622 517 618 544 601 639 569 540 609 598 613 610 8 0
606 517 618 544 585 639 567 540 625 598 613 610 9 0
622 517 618 544 585 639 567 540 609 614 613 610 10 0
622 517 618 544 585 639 567 540 625 598 597 15000 11 0
Chip#1
746 685 775 754 750 713 748 744 756 750 768 767 0 70
746 685 775 786 734 713 780 744 756 782 665 767 1 0
746 685 951 1026 750 969 1228 776 907 1198 816 767 2 0
746 685 770 842 750 832 908 760 756 958 784 767 3 0
746 685 769 754 750 713 748 744 756 750 665 767 4 0
762 790 769 770 766 713 764 760 755 974 784 783 5 0
746 685 769 770 750 713 748 760 756 910 784 767 6 0
746 685 769 754 750 713 748 760 756 750 768 783 7 0
746 685 769 770 750 713 764 760 756 750 768 783 8 0
762 685 769 770 766 713 764 760 756 766 768 783 9 0
746 685 769 754 750 713 748 760 756 750 768 783 10 0
746 685 769 738 734 713 732 744 756 734 665 15000 11 0
Chip#2
606 517 618 550 569 623 571 540 609 598 597 507 0 70
606 517 618 550 585 639 571 540 609 598 597 507 1 0
606 519 602 550 569 623 571 540 609 495 597 507 2 0
0 0 0 0 0 0 0 0 0 0 0 0 0 0
0 0 0 0 0 0 0 0 0 0 0 0 0 0
0 0 0 0 0 0 0 0 0 0 0 0 0 0
0 0 0 0 0 0 0 0 0 0 0 0 0 0
0 0 0 0 0 0 0 0 0 0 0 0 0 0
0 0 0 0 0 0 0 0 0 0 0 0 0 0
0 0 0 0 0 0 0 0 0 0 0 0 0 0
0 0 0 0 0 0 0 0 0 0 0 0 0 0
0 0 0 0 0 0 0 0 0 0 0 15000 0 0
Chip#1
730 685 776 738 734 713 732 744 756 734 665 767 0 0
762 685 776 802 750 713 796 760 756 782 768 783 1 0
746 685 951 1026 766 969 1228 776 891 1198 816 783 2 0
762 685 769 837 766 848 894 760 755 958 800 783 3 0
746 685 768 754 750 713 748 744 756 750 665 767 4 0
746 685 768 770 750 713 764 760 755 974 784 767 5 0
762 685 768 770 750 713 764 760 755 910 784 783 6 0
746 685 768 754 750 713 748 744 756 734 768 783 7 0
746 685 768 770 750 713 748 760 756 750 768 767 8 0
746 685 768 754 750 713 748 744 756 734 665 767 9 0
746 685 768 754 750 713 748 744 756 750 768 767 10 0
746 685 768 754 750 713 748 760 756 750 768 15000 11 0
