Chip#1
189 308 436 158 160 222 323 171 302 125 296 286 0
183 298 429 144 146 211 256 158 213 119 280 275 1
190 310 436 154 152 223 256 166 222 125 296 283 2
192 311 440 155 161 221 240 169 224 129 280 284 3
189 306 428 148 160 218 256 166 217 120 280 281 4
192 304 430 150 153 215 256 166 221 122 280 279 5
190 311 430 150 159 220 256 169 302 123 296 284 6
186 300 433 140 156 211 256 169 218 119 280 280 7
194 308 433 143 165 226 256 176 302 130 296 290 8
200 313 438 158 159 224 256 172 223 127 296 287 9
198 314 439 149 156 214 240 168 221 126 280 286 10
203 314 438 150 161 226 256 176 229 130 296 289 11
Chip#2
895 972 1004 836 916 1061 992 984 1068 927 910 1133 0
884 976 1004 871 934 1061 976 988 1069 892 906 1139 1
884 979 1004 857 942 969 976 978 1051 860 899 1125 2
884 987 1036 882 947 1077 992 992 1058 939 930 1144 3
884 974 1020 875 941 1077 1008 991 1058 876 910 1147 4
902 1007 1036 894 948 1077 1008 992 1050 941 916 1148 5
906 999 1036 896 950 1077 992 998 1076 892 930 1144 6
906 999 1020 896 946 1077 992 982 1068 892 927 1146 7
896 999 1036 905 956 1077 1008 1001 1077 908 946 1157 8
912 1023 1036 923 965 1093 1024 1011 1087 924 960 1160 9
918 1027 1052 930 972 1077 1008 1016 1102 908 951 1153 10
916 1020 1068 926 967 1093 1008 1006 1093 924 950 1162 11
Chip#3
361 452 516 331 402 363 422 446 341 417 395 356 2
364 452 515 331 402 347 420 443 339 415 395 356 3
364 449 514 315 400 347 420 438 344 418 395 356 4
364 450 516 315 396 331 420 442 342 412 379 356 5
364 438 508 315 393 347 414 435 334 408 379 356 6
364 447 513 315 395 331 417 436 340 415 379 356 7
364 444 507 315 393 331 415 436 336 414 379 356 8
363 451 515 331 401 363 421 441 340 417 447 356 9
363 448 513 315 394 347 418 435 338 416 446 356 10
363 443 512 315 394 347 415 437 338 412 379 356 11
Chip#4
