Chip#1
102 100 102 109 97 107 109 102 110 97 107 105 0
102 98 105 110 100 112 113 107 111 109 107 102 1
102 102 147 171 101 157 213 108 139 214 118 104 2
102 104 115 127 105 125 148 107 123 158 110 105 3
99 105 104 111 102 114 112 103 110 102 104 103 4
108 107 145 152 108 136 158 112 136 175 116 110 5
104 103 115 124 102 124 134 109 126 151 110 104 6
103 108 107 112 110 115 115 111 114 106 112 109 7
98 100 127 136 100 127 132 101 109 94 101 100 8
102 100 121 122 101 130 134 105 110 106 107 104 9
96 97 98 101 96 100 107 107 105 97 102 100 10
105 107 105 111 105 112 113 109 116 101 107 15000 11
Chip#2
101 100 95 98 101 100 98 96 95 93 91 103 0
114 116 109 110 115 107 108 113 108 105 105 116 1
110 110 105 110 108 104 105 108 102 105 103 112 2
109 110 108 119 114 110 117 117 106 110 111 110 3
111 107 109 129 117 105 122 118 102 111 110 111 4
106 106 102 105 108 104 101 102 101 104 95 103 5
112 112 112 114 117 107 119 121 106 114 122 113 6
107 106 104 124 117 106 136 134 101 121 137 108 7
109 111 105 113 112 111 112 109 107 105 109 112 8
113 111 109 109 113 109 114 120 111 115 119 113 9
106 106 102 101 105 101 122 134 100 118 135 108 10
104 103 104 105 106 102 105 109 102 100 104 15000 11
Chip#1
112 100 97 109 96 105 104 102 108 96 102 107 0
103 97 140 160 101 132 182 107 107 170 106 101 1
95 99 479 636 103 511 981 141 350 960 202 100 2
99 101 186 263 100 231 406 111 201 494 134 100 3
101 99 106 119 101 108 111 104 102 105 101 98 4
96 93 393 406 98 288 442 107 280 589 141 95 5
98 106 209 221 102 201 284 103 235 446 122 95 6
109 102 105 116 105 111 111 105 109 105 106 101 7
98 100 351 355 97 269 317 101 103 96 101 95 8
99 101 245 239 102 259 306 101 102 100 100 96 9
105 105 104 112 102 108 109 102 108 103 102 101 10
108 105 103 104 101 106 104 105 108 99 103 15000 11
Chip#2
104 103 105 99 104 102 102 97 101 96 100 101 0
109 101 104 104 107 104 105 100 106 102 104 103 1
103 100 98 102 105 101 101 102 101 97 100 101 2
106 104 111 193 140 109 194 161 100 157 172 104 3
105 104 124 299 193 114 243 201 104 171 178 104 4
99 100 99 119 106 99 105 104 98 92 101 97 5
106 109 109 139 129 107 203 197 105 186 265 115 6
101 101 112 254 181 109 389 375 107 289 394 122 7
111 109 110 133 124 108 138 133 108 112 130 110 8
102 101 104 103 104 104 153 171 100 150 228 110 9
106 109 104 103 106 104 321 387 117 259 412 141 10
109 106 107 103 107 106 137 161 106 119 154 15000 11
