Chip#1
387 451 444 368 426 441 409 403 382 363 500 488 0
380 448 461 398 425 454 452 399 385 411 498 482 1
382 446 705 708 427 755 1059 422 641 1092 560 482 2
380 446 495 450 425 525 606 403 450 763 517 480 3
379 447 440 367 424 439 407 398 385 379 493 481 4
379 442 447 371 424 436 411 396 486 796 515 479 5
382 447 443 372 420 440 409 398 455 619 508 479 6
379 440 438 363 421 435 405 397 383 363 491 475 7
378 440 445 370 421 438 407 393 381 363 488 480 8
382 446 448 369 424 442 408 397 384 363 495 482 9
381 442 442 368 423 435 405 400 382 379 491 478 10
375 442 436 362 422 433 403 394 379 363 493 15000 11
Chip#2
400 356 381 371 247 389 311 287 428 339 398 331 0
404 356 387 375 253 394 318 294 432 394 407 347 1
404 356 386 372 251 391 317 291 430 392 404 282 2
409 356 390 412 272 400 410 322 438 416 430 347 3
408 356 397 434 287 400 414 324 438 414 429 347 4
404 356 386 378 257 397 322 297 431 394 404 282 5
402 356 385 388 261 395 321 288 432 394 407 283 6
408 356 391 412 280 396 317 293 434 390 409 347 7
406 356 388 383 257 396 319 290 434 397 404 284 8
408 356 387 379 257 399 321 294 434 347 407 289 9
398 347 379 321 247 392 316 290 424 338 403 331 10
401 363 382 321 248 395 315 287 429 339 405 15000 11
Chip#1
110 104 96 101 100 100 100 105 100 95 100 107 0
104 95 128 141 101 121 154 105 100 146 105 94 1
104 102 384 478 109 464 784 134 307 766 171 101 2
102 100 161 204 101 206 339 109 180 423 125 96 3
99 97 96 97 97 104 99 100 100 105 101 95 4
104 104 113 114 104 112 117 109 251 462 127 105 5
103 97 103 101 102 104 105 105 189 361 117 96 6
114 102 104 104 107 106 107 111 108 99 102 100 7
99 99 98 107 97 104 105 97 96 93 98 96 8
102 101 105 104 103 107 107 105 101 95 101 99 9
108 106 100 106 107 105 113 110 104 101 101 101 10
101 94 97 93 98 97 92 102 93 95 96 15000 11
Chip#2
103 106 95 97 105 98 98 98 96 93 97 101 0
103 106 101 102 106 101 100 100 99 98 100 100 1
103 99 99 103 104 102 99 97 98 101 99 100 2
102 104 107 144 124 102 137 130 101 119 130 104 3
103 103 107 169 136 103 147 132 99 117 125 99 4
103 103 96 105 102 99 102 98 98 96 97 96 5
102 103 100 117 110 97 100 97 96 97 100 100 6
105 110 111 156 135 106 106 107 100 105 107 105 7
105 109 101 114 112 107 99 104 99 97 105 101 8
106 111 101 108 110 107 102 109 104 102 106 110 9
102 105 101 103 102 99 102 103 99 97 101 103 10
103 99 95 100 100 94 99 96 96 96 97 15000 11
