Chip#1
104 99 104 98 98 101 98 100 101 96 97 96 0
98 102 122 130 103 115 141 102 102 133 101 95 1
103 109 323 395 110 361 616 128 251 550 157 108 2
98 97 149 178 98 174 279 104 155 308 119 96 3
104 109 108 109 104 112 111 107 104 112 111 107 4
99 102 118 116 105 107 114 104 186 322 117 102 5
98 106 107 106 103 105 109 103 157 263 112 105 6
97 101 103 99 107 98 105 96 101 99 102 100 7
99 106 113 115 105 110 113 103 106 101 105 100 8
98 102 110 104 102 107 108 103 96 97 97 101 9
96 102 99 99 97 103 106 94 99 93 97 99 10
104 110 105 107 105 107 109 107 102 105 108 15000 11
Chip#1
106 107 100 97 100 99 100 95 98 93 96 99 0
99 100 119 135 104 116 149 101 106 135 101 102 1
101 104 314 390 104 354 614 124 251 545 153 99 2
104 100 152 184 107 181 281 111 155 315 125 105 3
104 102 104 110 107 104 106 103 103 108 102 100 4
104 104 113 113 107 105 117 101 190 320 116 101 5
102 100 104 106 103 106 111 103 157 254 108 99 6
101 100 99 102 100 105 104 101 106 93 101 95 7
96 96 107 103 97 105 108 102 100 96 98 100 8
99 101 105 107 102 106 113 103 100 99 103 100 9
96 104 104 104 101 99 104 103 99 100 100 100 10
102 107 104 101 102 101 107 101 100 104 102 15000 11
Chip#1
102 102 102 101 100 98 101 96 100 93 98 100 0
104 101 118 131 103 114 142 105 104 135 100 96 1
92 94 306 379 100 343 599 119 235 534 153 93 2
102 105 148 186 101 175 279 103 153 314 116 100 3
97 99 98 106 100 101 104 105 99 104 102 98 4
97 97 108 113 101 105 117 107 186 317 117 96 5
98 102 103 108 102 105 112 100 155 254 108 96 6
103 96 100 101 101 101 104 102 100 100 97 96 7
98 104 110 114 109 110 113 110 104 103 100 102 8
99 101 105 109 102 108 112 111 106 107 98 102 9
104 99 104 106 103 101 111 102 102 103 96 100 10
103 101 104 103 98 99 105 104 98 101 101 15000 11
Chip#1
105 107 104 103 102 103 107 101 102 100 98 101 0
102 101 122 131 103 117 149 105 107 135 105 102 1
102 100 310 386 107 351 613 123 251 542 153 98 2
102 104 152 181 104 208 286 112 155 315 119 106 3
98 104 97 98 101 100 105 102 101 101 101 100 4
95 97 109 109 103 106 114 103 184 317 121 101 5
101 102 105 101 102 108 113 105 159 254 111 101 6
105 105 104 104 105 105 108 108 108 103 100 98 7
103 105 112 113 107 105 113 105 102 100 102 105 8
98 104 106 102 100 108 109 102 98 97 100 101 9
102 104 104 101 105 105 111 104 106 104 101 101 10
92 96 99 97 95 99 97 95 97 93 95 15000 11
Chip#1
104 104 102 101 105 104 101 103 102 96 101 100 0
105 106 128 136 110 123 154 113 112 138 106 109 1
99 104 312 391 109 356 613 128 251 545 154 104 2
91 95 141 175 93 172 271 101 152 301 111 92 3
98 106 102 103 107 104 107 102 103 105 102 101 4
98 97 109 112 101 101 111 98 181 315 114 95 5
97 99 103 102 101 104 112 105 153 254 112 96 6
99 102 105 103 102 106 108 104 99 95 100 101 7
98 101 111 113 104 109 111 104 98 97 98 96 8
99 107 111 107 105 109 112 104 99 103 105 106 9
97 100 102 103 101 101 105 103 102 97 98 96 10
105 106 107 101 109 103 109 109 102 105 106 15000 11
