Chip#1
95 227 175 160 306 171 235 239 161 208 114 271 0
147 227 173 158 304 167 235 242 163 209 110 267 1
163 227 179 169 315 174 238 246 170 212 115 273 2
147 227 186 361 345 176 235 358 261 210 118 272 3
163 227 183 281 318 177 238 353 245 215 116 276 4
163 227 171 161 307 168 233 243 160 204 110 271 5
147 181 174 160 307 170 237 245 163 210 112 269 6
147 227 171 204 317 165 227 374 371 201 103 269 7
147 227 176 307 362 167 233 706 420 209 115 273 8
147 227 171 155 300 162 227 251 166 200 107 265 9
147 227 174 160 306 167 237 245 163 208 108 267 10
147 227 170 158 306 162 231 241 158 203 108 15000 11
Chip#2
59 0 17 0 124 2 115 121 58 35 60 0 0
55 0 17 0 119 0 108 121 58 35 55 0 1
59 0 18 0 121 3 114 121 58 35 58 0 2
55 0 17 0 135 0 104 121 58 36 50 0 3
59 0 19 0 141 3 112 121 74 138 60 0 4
68 0 23 0 131 7 121 137 58 41 70 0 5
63 0 19 0 126 5 117 137 58 40 65 0 6
61 0 17 0 126 5 112 137 74 41 59 0 7
60 0 18 0 135 3 110 137 106 154 59 0 8
63 0 17 0 126 2 115 121 58 37 59 0 9
57 0 17 0 125 1 113 121 42 35 55 0 10
64 0 22 0 124 2 118 121 42 35 60 15000 11
Chip#3
214 223 223 18 143 65 192 131 299 212 194 163 0
214 239 239 24 143 68 192 137 307 228 194 167 1
198 223 223 14 143 58 192 125 307 212 194 159 2
198 223 223 9 143 56 192 132 307 212 194 157 3
198 223 207 12 143 61 183 128 307 212 169 156 4
198 239 239 21 143 65 199 131 307 212 199 165 5
198 223 223 11 143 65 183 129 307 212 173 162 6
198 223 223 14 143 69 199 125 307 212 199 162 7
198 207 207 18 143 57 183 125 307 196 172 161 8
214 239 239 117 143 69 199 130 307 228 199 161 9
198 223 223 18 143 61 183 132 306 212 199 163 10
198 223 223 16 143 70 199 131 309 212 199 15000 11
Chip#4
32 152 166 134 65 195 315 99 255 190 32 51 0
32 156 171 137 72 193 317 99 256 115 40 56 1
30 157 171 134 73 195 319 180 259 190 34 55 2
32 154 167 136 72 190 317 177 255 190 35 51 3
36 154 167 134 72 197 316 177 258 190 37 55 4
29 151 163 137 69 193 312 99 250 190 34 54 5
32 155 169 137 72 198 316 99 258 190 39 54 6
28 150 166 132 67 190 314 99 250 113 29 53 7
30 152 165 128 69 191 309 99 255 190 32 49 8
28 154 164 134 67 191 312 99 250 110 32 52 9
39 157 167 139 73 195 317 99 258 190 35 51 10
30 150 164 131 67 190 309 99 252 109 33 15000 11
