Chip#1
147 227 175 166 307 167 233 246 167 209 115 273 0
147 227 174 162 307 166 230 245 164 206 107 272 1
147 177 164 154 299 156 225 240 157 197 103 264 2
147 179 168 171 305 162 225 252 167 200 107 266 3
95 227 171 167 304 164 230 253 168 206 108 270 4
84 227 165 158 300 166 226 241 159 201 104 266 5
147 227 169 163 306 167 231 244 163 206 112 271 6
147 227 170 161 304 166 221 255 176 201 110 269 7
163 227 170 175 315 166 228 318 184 206 115 275 8
147 227 171 160 302 164 230 245 157 203 106 271 9
95 227 175 159 304 168 233 244 160 206 111 273 10
147 227 169 158 302 166 231 242 163 204 107 15000 11
Chip#2
64 0 17 0 124 1 112 121 58 35 63 0 0
56 0 17 0 122 1 113 121 42 35 56 0 1
59 0 17 0 122 2 106 121 42 35 55 0 2
54 0 17 0 117 0 39 105 42 35 56 0 3
55 0 17 0 121 0 110 121 58 35 55 0 4
50 0 17 0 121 0 106 105 42 35 51 0 5
50 0 17 0 116 0 39 105 42 35 46 0 6
51 0 17 0 119 0 109 121 42 35 56 0 7
54 0 17 0 115 0 39 121 42 35 48 0 8
57 0 17 0 117 2 112 121 58 35 56 0 9
60 0 17 0 119 7 115 121 58 35 59 0 10
60 0 18 0 126 6 119 137 58 41 66 15000 11
Chip#3
198 223 223 10 143 60 183 128 299 212 174 161 0
214 223 239 7 143 58 199 126 299 212 199 159 1
214 223 239 117 143 68 199 131 299 212 199 165 2
198 223 223 11 143 55 199 125 299 212 199 156 3
198 223 223 7 143 57 199 125 299 212 199 165 4
198 207 223 12 143 62 199 128 299 212 199 165 5
198 223 223 14 143 61 199 130 306 212 199 163 6
198 223 223 14 143 63 199 130 306 212 180 167 7
182 207 207 3 143 53 199 119 306 196 170 154 8
198 207 223 8 143 57 183 126 306 196 175 162 9
198 223 223 9 143 60 199 131 306 212 199 166 10
198 223 223 18 143 64 199 131 307 212 199 15000 11
Chip#4
28 154 171 132 72 190 316 99 251 190 33 55 0
29 149 165 131 73 189 316 99 249 190 33 54 1
39 161 173 142 80 198 324 190 256 190 40 62 2
28 147 168 132 69 186 311 99 249 190 32 54 3
30 151 171 138 72 191 322 99 252 190 37 55 4
35 156 170 141 73 195 320 99 255 120 38 60 5
29 155 172 141 70 193 315 99 253 119 32 57 6
30 152 170 136 70 191 316 83 161 114 32 51 7
33 149 171 134 73 191 313 99 248 190 33 52 8
28 146 167 133 68 192 315 99 246 114 31 51 9
28 148 167 133 70 191 312 99 249 112 32 53 10
27 148 167 132 69 190 315 99 245 113 29 15000 11
