Chip#1
106 104 107 101 102 99 104 101 107 99 106 103 0
104 97 100 92 93 98 95 102 97 91 97 94 1
106 101 102 105 98 104 103 103 100 102 102 98 2
102 97 130 951 244 99 100 413 437 99 101 98 3
104 104 109 512 109 106 104 305 345 101 103 95 4
102 101 100 101 100 104 104 98 99 97 97 94 5
105 108 108 108 101 104 107 104 104 105 110 100 6
104 99 108 162 118 106 103 230 304 100 104 95 7
105 109 111 242 167 107 107 624 451 107 105 102 8
105 102 104 107 98 99 105 126 116 96 101 91 9
98 93 97 92 95 97 99 99 96 94 96 91 10
104 99 104 103 103 104 106 103 101 102 99 15000 11
Chip#2
98 100 103 98 103 104 109 100 107 101 103 103 0
108 99 104 102 103 101 108 100 105 103 102 99 1
101 98 102 98 101 98 108 99 102 100 101 99 2
101 95 101 101 173 110 103 100 134 129 99 96 3
105 102 108 109 173 114 110 100 151 158 107 104 4
106 100 106 99 89 103 110 99 109 104 104 105 5
110 105 108 106 89 105 110 99 119 107 102 108 6
108 103 108 101 105 108 112 100 122 112 104 107 7
106 104 104 105 114 112 112 100 182 153 103 101 8
109 103 106 104 105 108 112 100 123 112 104 108 9
103 98 106 98 102 100 107 99 104 102 101 98 10
108 105 104 103 102 102 110 100 109 106 106 15000 11
Chip#3
96 98 91 97 94 98 94 92 89 99 94 92 0
93 95 94 100 95 105 93 98 93 98 94 92 1
95 93 90 99 96 107 92 96 95 100 92 97 2
94 92 94 99 95 107 91 97 104 101 98 95 3
97 96 95 103 101 102 95 97 108 101 100 97 4
92 98 92 100 95 103 94 96 95 99 88 97 5
100 96 95 100 94 106 93 94 92 101 94 96 6
101 96 98 108 99 106 98 99 104 103 98 100 7
94 94 93 111 105 105 91 97 106 96 95 96 8
101 101 100 108 100 106 98 101 97 104 99 98 9
93 92 90 95 92 102 95 96 95 93 95 94 10
98 100 95 100 92 102 93 97 95 103 95 15000 11
Chip#4
97 100 102 96 97 96 106 102 98 98 102 99 0
99 97 106 97 103 101 107 97 104 97 98 97 1
107 105 113 104 109 103 116 106 106 102 99 104 2
87 92 100 87 89 95 99 96 99 93 95 94 3
92 92 99 87 95 93 100 92 100 93 93 90 4
107 107 107 104 109 105 113 105 111 105 106 108 5
103 101 107 97 109 102 108 102 103 98 102 101 6
100 97 103 99 110 104 108 105 107 100 102 99 7
94 96 97 87 115 100 103 97 98 100 92 93 8
94 98 100 92 109 96 101 98 100 96 96 97 9
95 102 102 99 99 102 107 101 104 92 99 99 10
99 100 106 92 103 98 107 104 104 97 102 15000 11
