Chip#1
111 108 107 107 103 110 110 105 101 107 109 98 0
115 108 108 106 103 114 112 105 105 108 107 99 1
115 108 112 112 108 110 111 107 106 112 111 102 2
108 108 109 173 114 105 106 122 127 104 105 98 3
114 108 112 138 113 108 114 120 123 111 113 107 4
111 108 106 103 105 108 110 106 99 112 107 97 5
120 108 113 109 112 109 116 111 109 118 115 108 6
112 105 116 123 107 105 110 116 119 113 110 99 7
111 108 111 142 123 111 111 151 133 117 117 104 8
115 108 113 108 109 113 110 112 103 112 111 102 9
110 99 106 101 100 104 103 101 94 103 105 98 10
119 108 116 108 107 105 114 111 110 113 114 15000 11
