Chipdp
84 2 68 4 16 11 4 1 6 2 6 1 7 2 7 4 4 6 5 6 4 7 5 7 4 7 6 8 6 7 7 8 7 4 10 6 11 6 10 7 11 7 4 1 9 2 9 1 10 2 10 4 4 9 5 9 4 10 5 10 4 7 9 8 9 7 10 8 10 4 10 9 11 9 10 10 11 10 4 1 3 2 3 1 4 2 4 4 4 3 5 3 4 4 5 4 4 7 3 8 3 7 4 8 4 4 10 3 11 3 10 4 11 4 4 1 0 2 0 1 1 2 1 4 4 0 5 0 4 1 5 1 4 7 0 8 0 7 1 8 1 4 10 0 11 0 10 1 11 1 4 1 6 2 6 1 7 2 7 4 4 6 5 6 4 7 5 7 4 7 6 8 6 7 7 8 7 4 10 6 11 6 10 7 11 7 4 1 9 2 9 1 10 2 10 4 4 9 5 9 4 10 5 10 4 7 9 8 9 7 10 8 10 4 10 9 11 9 10 10 11 10 4 1 3 2 3 1 4 2 4 4 4 3 5 3 4 4 5 4 4 7 3 8 3 7 4 8 4 4 10 3 11 3 10 4 11 4 4 1 0 2 0 1 1 2 1 4 4 0 5 0 4 1 5 1 4 7 0 8 0 7 1 8 1 4 10 0 11 0 10 1 11 1 4 6 0 7 0 6 1 7 1 4 6 3 7 3 6 4 7 4 4 6 6 7 6 6 7 7 7 4 6 9 7 9 6 10 7 10 4 9 0 10 0 9 1 10 1 4 9 3 10 3 9 4 10 4 4 9 6 10 6 9 7 10 7 4 9 9 10 9 9 10 10 10 4 3 0 4 0 3 1 4 1 4 3 3 4 3 3 4 4 4 4 3 6 4 6 3 7 4 7 4 3 9 4 9 3 10 4 10 4 0 0 1 0 0 1 1 1 4 0 3 1 3 0 4 1 4 4 0 6 1 6 0 7 1 7 4 0 9 1 9 0 10 1 10 4 7 0 8 0 7 1 8 1 4 7 3 8 3 7 4 8 4 4 7 6 8 6 7 7 8 7 4 7 9 8 9 7 10 8 10 4 10 0 11 0 10 1 11 1 4 10 3 11 3 10 4 11 4 4 10 6 11 6 10 7 11 7 4 10 9 11 9 10 10 11 10 4 4 0 5 0 4 1 5 1 4 4 3 5 3 4 4 5 4 4 4 6 5 6 4 7 5 7 4 4 9 5 9 4 10 5 10 4 1 0 2 0 1 1 2 1 4 1 3 2 3 1 4 2 4 4 1 6 2 6 1 7 2 0 0 
Chip#1
101 135 100 104 104 103 112 124 105 105 110 107 0
100 106 92 97 104 94 108 103 95 99 106 99 1
105 111 97 103 104 100 106 108 104 103 111 105 2
100 104 95 100 104 98 107 108 96 103 107 99 3
99 104 95 100 104 98 106 109 99 101 107 94 4
91 101 93 102 104 94 105 103 96 101 105 96 5
98 98 99 97 104 96 107 124 99 99 101 98 6
98 99 97 98 104 92 106 108 96 94 104 98 7
100 103 97 100 104 95 105 107 97 100 105 101 8
105 106 103 106 104 98 114 113 102 101 107 99 9
99 104 95 98 104 96 111 105 97 99 104 98 10
98 109 100 100 104 95 113 124 101 105 109 15000 11
Chip#1
99 106 95 103 104 96 109 104 101 106 105 102 0
98 104 92 94 96 91 109 96 92 95 98 97 1
92 94 84 89 93 84 109 97 91 92 93 86 2
91 101 92 95 96 92 101 97 96 95 99 94 3
95 96 88 95 104 86 103 95 99 94 92 90 4
94 104 95 97 104 99 105 104 97 98 100 96 5
101 104 91 103 100 99 108 102 103 100 96 98 6
100 106 98 103 104 100 105 107 104 101 105 99 7
101 103 97 104 101 96 107 107 102 98 96 102 8
98 106 99 99 104 98 105 103 101 100 99 98 9
99 107 99 103 104 100 107 110 105 105 105 96 10
96 98 97 97 96 93 100 102 96 98 95 15000 11
Chip#1
92 99 92 93 95 95 100 98 94 93 94 92 0
106 110 103 104 95 102 108 108 102 106 106 108 1
96 100 98 100 104 92 108 101 100 95 95 94 2
100 106 100 103 104 99 107 109 99 103 104 99 3
94 100 95 98 100 95 100 102 97 97 100 98 4
99 101 100 101 104 98 107 108 104 103 105 98 5
100 100 98 98 96 100 107 103 96 98 95 97 6
103 107 106 104 104 102 107 109 102 110 107 104 7
93 99 95 97 98 92 107 104 99 99 101 101 8
99 106 93 100 104 95 106 104 96 100 105 101 9
96 101 94 97 97 91 105 104 96 99 96 94 10
91 95 94 93 97 88 105 101 95 88 99 15000 11
Chip#1
94 103 99 103 104 99 108 109 101 104 100 101 0
98 104 97 99 104 96 103 97 99 98 95 97 1
93 100 94 98 104 91 105 96 97 97 101 91 2
96 105 100 99 104 96 105 103 101 100 99 97 3
92 98 95 98 104 91 105 97 97 98 99 92 4
99 102 104 104 104 102 108 124 104 107 112 104 5
95 107 103 107 104 100 109 108 106 104 102 103 6
95 103 98 100 104 94 106 102 96 98 105 97 7
100 102 100 99 104 100 109 124 101 103 104 103 8
93 98 97 98 104 96 109 99 95 95 99 97 9
96 109 99 106 104 99 112 110 106 105 104 103 10
93 93 93 98 97 88 112 97 95 94 96 15000 11
Chip#1
93 94 92 94 96 91 112 102 96 97 95 97 0
98 100 94 97 104 90 103 99 94 95 98 94 1
103 106 98 103 104 99 103 105 105 101 106 102 2
94 95 93 94 104 91 103 99 97 95 96 91 3
95 100 99 98 104 95 105 105 104 101 104 99 4
93 98 93 99 104 96 105 99 100 95 99 92 5
96 96 94 92 104 91 103 102 100 94 99 97 6
99 101 99 97 104 94 101 108 97 98 105 96 7
99 101 98 103 100 98 103 109 100 97 105 98 8
98 100 93 100 104 92 103 101 100 95 101 98 9
96 99 95 97 104 94 102 104 97 100 98 94 10
104 104 100 100 104 100 106 124 104 100 104 15000 11
