Chip#1
99 100 99 100 97 98 114 107 99 124 126 116 0 247 124 112 23
103 109 99 106 109 119 345 287 158 523 394 116 1 0 0 0 0
103 107 99 104 107 114 327 272 164 512 379 109 2 0 0 0 0
105 108 103 104 107 104 180 159 110 159 131 105 3 0 0 0 0
109 115 107 111 114 149 596 486 140 337 291 110 4 0 0 0 0
100 104 98 103 110 115 397 336 119 280 242 100 5 0 0 0 0
108 110 107 110 113 114 198 181 113 172 154 110 6 0 0 0 0
108 114 105 119 120 158 873 797 175 751 661 119 7 0 0 0 0
104 107 98 110 112 119 603 540 135 535 461 105 8 0 0 0 0
113 111 111 112 116 110 207 197 115 146 131 108 9 0 0 0 0
106 106 103 106 111 141 697 669 144 251 216 107 10 0 0 0 0
98 102 97 103 106 112 468 417 111 176 162 15000 11 0 0 0 0
