Chip#1
99 104 102 98 104 104 99 103 99 101 100 102 0 164 121 120 23
96 104 102 99 107 102 105 103 104 98 101 98 1 0 0 0 0
93 97 104 104 98 104 114 101 104 111 99 99 2 0 0 0 0
96 98 101 98 100 102 107 101 101 102 97 97 3 0 0 0 0
92 100 99 94 98 101 100 97 99 97 96 98 4 0 0 0 0
99 105 104 104 104 107 110 104 108 107 102 103 5 0 0 0 0
98 104 103 99 102 103 106 102 106 101 100 99 6 0 0 0 0
102 107 106 100 105 103 106 108 105 106 101 108 7 0 0 0 0
95 105 107 101 101 103 106 103 104 99 99 98 8 0 0 0 0
99 105 104 101 102 107 108 103 105 101 101 104 9 0 0 0 0
104 109 111 104 109 108 108 109 111 105 109 105 10 0 0 0 0
96 99 100 98 97 102 99 97 100 95 97 15000 11 0 0 0 0
Chip#1
101 107 106 101 105 104 110 107 106 107 105 106 0 163 120 160 23
105 112 108 109 116 114 119 111 111 110 105 109 1 0 0 0 0
90 97 104 102 91 107 119 96 101 111 96 97 2 0 0 0 0
91 94 100 94 95 101 105 96 98 103 96 94 3 0 0 0 0
95 95 99 93 98 97 100 97 98 93 93 96 4 0 0 0 0
101 102 115 107 105 110 120 101 113 115 104 105 5 0 0 0 0
104 112 113 111 112 110 120 109 115 115 109 113 6 0 0 0 0
93 100 101 96 101 101 100 101 98 95 95 100 7 0 0 0 0
103 103 112 107 103 112 113 104 101 101 101 104 8 0 0 0 0
101 102 110 106 104 110 110 107 104 99 102 104 9 0 0 0 0
105 111 107 109 110 110 115 109 108 105 104 108 10 0 0 0 0
92 99 98 96 102 101 102 101 103 90 96 15000 11 0 0 0 0
Chip#1
109 113 107 102 105 107 110 110 108 110 109 109 0 165 121 192 23
101 107 125 130 107 121 150 107 109 147 102 104 1 0 0 0 0
98 102 328 419 107 335 590 125 273 622 173 100 2 0 0 0 0
95 102 153 192 103 174 282 105 157 345 121 102 3 0 0 0 0
102 107 115 112 108 113 120 104 108 111 102 106 4 0 0 0 0
97 109 304 315 105 229 337 113 217 426 126 104 5 0 0 0 0
105 109 180 186 108 177 236 112 180 331 123 103 6 0 0 0 0
104 104 112 107 108 107 110 108 108 102 105 106 7 0 0 0 0
105 114 300 303 114 235 282 112 110 109 106 109 8 0 0 0 0
99 107 227 206 110 233 273 110 108 106 106 109 9 0 0 0 0
97 105 103 99 105 109 106 104 103 101 101 104 10 0 0 0 0
103 108 111 104 108 113 110 108 113 111 104 15000 11 0 0 0 0
Chip#1
111 110 110 100 108 107 107 110 108 103 107 113 0 164 120 186 23
103 110 142 156 110 131 179 113 115 176 107 110 1 0 0 0 0
103 107 483 621 116 478 921 144 352 987 205 108 2 0 0 0 0
102 104 195 260 108 223 391 115 203 517 139 108 3 0 0 0 0
104 103 116 121 107 107 121 108 106 115 109 109 4 0 0 0 0
101 104 434 444 103 308 487 115 278 612 141 102 5 0 0 0 0
104 108 228 238 108 222 307 111 222 469 132 103 6 0 0 0 0
103 104 111 105 103 106 111 104 106 103 101 102 7 0 0 0 0
101 107 416 411 105 302 370 108 98 105 105 103 8 0 0 0 0
108 113 296 278 110 314 371 115 108 110 111 109 9 0 0 0 0
104 110 111 105 105 107 114 109 106 105 109 108 10 0 0 0 0
108 108 107 102 107 107 110 108 106 103 104 15000 11 0 0 0 0
Chip#1
114 108 110 102 109 109 113 107 109 105 109 115 0 163 121 200 23
101 100 149 165 105 132 194 111 111 190 105 104 1 0 0 0 0
104 110 587 768 125 590 1165 161 422 1222 242 110 2 0 0 0 0
96 109 227 300 108 252 472 117 233 614 150 105 3 0 0 0 0
96 99 117 121 103 106 118 105 109 110 99 99 4 0 0 0 0
101 108 522 550 111 370 594 120 335 773 156 105 5 0 0 0 0
102 103 263 269 104 237 360 108 257 552 132 106 6 0 0 0 0
105 110 119 117 112 114 121 112 115 107 107 113 7 0 0 0 0
101 107 486 495 110 362 438 111 108 103 104 105 8 0 0 0 0
103 110 345 318 111 368 440 113 109 107 105 106 9 0 0 0 0
102 105 110 101 104 106 111 104 103 103 95 106 10 0 0 0 0
101 104 103 99 102 97 104 102 99 97 97 15000 11 0 0 0 0
Chip#1
117 113 106 104 110 103 111 111 110 106 111 119 0 165 120 209 23
107 109 159 183 111 143 210 113 120 209 114 109 1 0 0 0 0
98 112 661 884 121 663 1328 166 475 1393 260 109 2 0 0 0 0
101 108 233 328 108 275 529 116 257 702 153 108 3 0 0 0 0
101 109 122 127 107 112 125 109 111 119 104 105 4 0 0 0 0
103 110 589 601 108 406 671 126 371 863 173 105 5 0 0 0 0
101 104 288 305 105 255 403 110 272 632 137 105 6 0 0 0 0
97 103 113 111 108 107 110 107 104 103 106 102 7 0 0 0 0
103 113 556 566 110 405 500 115 111 109 106 106 8 0 0 0 0
105 113 383 351 112 404 492 115 115 109 107 109 9 0 0 0 0
97 102 102 95 96 101 102 102 95 98 97 98 10 0 0 0 0
102 107 105 98 102 101 105 107 101 102 102 15000 11 0 0 0 0
