65.3125
67.5
68.4375
69.625
71.1875
72.25
73.25
74.1875
75.125
76
76.9375
77.5
78.625
79.1875
80
80.8125
81.5625
82.5625
83.125
84.125
84.8125
85.5625
86.25
86.75
87.4375
88.0625
88.75
89.4375
90.0625
90.6875
91.375
92
92.625
93.4375
94
94.8125
95.1875
95.9375
96.5
97.25
97.8125
98.5625
99.0625
99.75
100.3125
100.9375
101.5
102.125
102.625
103.25
103.75
104.375
104.8125
105.25
105.625
106.125
106.4375
106.9375
107.3125
107.875
107.5625
106.5
106.875
107.5625
107.875
106.9375
106.5625
107.1875
107.5625
107.375
106.625
106.75
107.5
107.875
107.0625
106.5
106.9375
107.625
107.3125
106.8125
106.6875
107.3125
107.5625
106.9375
106.4375
107
107.4375
106.8125
106.375
106.875
107.5
107.0625
106.1875
106.4375
107.375
107.125
106.25
106.375
107.25
107.3125
106.25
105.9375
106.6875
107.375
106.9375
106.25
106.25
106.9375
107.0625
106.4375
106
106.625
107.0625
106.5
106
106.5
107.0625
106.625
106
106.5
106.9375
106.1875
105.625
106.1875
106.9375
107.0625
106.5
105.8125
105.5625
106.125
106.875
106.6875
106
105.75
106.1875
106.875
106.75
106.125
105.6875
106.125
106.75
106.625
106.25
105.625
105.9375
106.625
106.5625
106
105.625
105.875
106.5625
106.8125
106.3125
105.4375
105.8125
106.6875
106.4375
105.5625
105.5625
106.625
106.5
105.75
105.4375
106.1875
106.25
105.4375
105.5
106.375
106.5625
105.625
105.25
105.9375
106.5625
105.875
105.25
105.5625
106.375
106.625
106.25
105.1875
105.4375
106.375
106.375
105.625
105.125
105.625
106.3125
106.125
105.5
105.1875
105.5625
106.375
105.9375
105.125
105.5
106.25
106.1875
105.5625
105.1875
105.75
106.25
105.75
105.1875
105.75
106.375
105.9375
104.9375
105.25
106.1875
106.125
105.4375
104.9375
105.6875
106.375
106
105.375
105.125
105.875
106.25
105.9375
104.9375
105.125
106.125
106.25
105.5
104.875
105.3125
106.0625
105.9375
105.25
104.4375
104.375
105.25
106
105.6875
105.0625
105.25
106
105.6875
105.125
105.25
105.9375
105.8125
105.25
104.625
104.25
104.5625
105.375
106.125
106.0625
105.5
104.875
104.3125
104.5
105.25
106.125
105.875
105.25
104.625
104.25
104.4375
105.1875
105.9375
105.625
105.8125
105.3125
104.8125
105.5625
106.0625
105.5625
104.9375
104.25
104.625
105.75
106.1875
105.4375
104.75
104.1875
104.6875
106
106.0625
105.3125
104.6875
104.375
105.0625
106.0625
105.8125
105.25
104.25
104.3125
105.6875
106
105.3125
104.75
104.1875
104.8125
105.625
105.8125
105.0625
104.4375
104.5
105.25
106.125
105.875
105.5
104.5
104.3125
105.3125
105.875
105.375
104.75
104.4375
105.5
106.25
105.875
105.25
104.625
104.5625
105.4375
