Chip#1
295 274 284 285 282 289 284 283 278 290 286 283 0
301 282 290 291 287 296 297 292 290 300 291 292 1
306 288 298 305 300 300 297 297 298 305 293 290 2
296 283 313 991 422 298 294 547 562 305 297 296 3
289 271 290 623 293 289 289 445 483 295 288 279 4
294 279 291 296 292 297 297 292 288 299 295 292 5
290 273 287 287 284 289 287 284 283 295 287 279 6
294 274 289 466 343 290 292 421 479 293 287 284 7
296 279 303 708 492 294 294 812 618 301 287 290 8
293 280 286 302 288 291 292 306 302 294 290 284 9
299 278 287 290 292 295 290 285 292 296 290 290 10
296 271 287 290 284 286 287 290 279 291 287 15000 11
Chip#1
99 99 98 97 96 97 99 97 95 98 95 93 0
102 96 102 101 96 99 101 102 99 102 99 93 1
98 100 104 101 97 102 106 101 99 103 95 96 2
106 103 104 186 118 102 105 136 138 102 102 99 3
106 100 104 142 102 99 106 122 128 105 100 97 4
105 103 104 107 101 99 106 102 104 108 103 98 5
107 98 101 103 101 103 107 101 99 104 100 98 6
109 107 108 130 114 106 110 123 134 109 104 103 7
107 103 108 154 125 107 110 165 146 104 106 99 8
105 98 102 101 97 97 100 102 104 103 93 97 9
106 100 102 102 99 101 102 101 99 105 99 96 10
102 93 104 103 96 98 102 95 99 102 98 15000 11
