Chip#1
101 161 242 0 98 101 0 5 0 60 120 118 0 0
101 145 237 0 88 85 0 0 0 2 104 110 1 0
101 161 243 5 99 101 0 4 0 6 120 117 2 0
101 145 228 0 88 85 0 0 0 0 104 107 3 0
101 161 241 14 103 101 0 6 0 12 58 117 4 0
101 161 243 53 114 85 0 22 94 18 104 117 5 0
101 161 239 0 93 101 0 0 0 60 120 110 6 0
101 161 241 0 92 101 0 0 0 4 120 116 7 0
101 145 235 0 91 85 0 0 0 3 53 109 8 0
101 145 237 28 109 85 0 8 0 8 54 112 9 0
101 161 227 6 89 85 0 0 0 0 104 106 10 0
101 161 240 0 89 101 0 0 0 4 58 15000 11 0
Chip#2
0 0 0 54 0 0 0 0 0 0 0 0 0 0
0 0 0 54 0 0 0 0 0 0 0 0 1 0
0 0 0 54 0 0 0 0 0 0 0 0 2 0
0 0 0 54 0 0 0 0 0 0 0 0 3 0
0 0 0 54 0 0 0 0 0 0 0 0 4 0
0 0 0 54 0 0 0 0 0 0 0 0 5 0
0 0 0 54 0 0 0 0 0 0 0 0 6 0
0 0 0 54 0 0 0 0 0 0 0 0 7 0
0 0 0 54 0 0 0 0 0 0 0 0 8 0
0 0 0 54 0 0 0 0 0 0 0 0 9 0
0 0 0 54 0 0 0 0 0 0 0 0 10 0
0 0 0 54 0 0 0 0 0 0 0 15000 11 0
Chip#3
100 100 100 100 100 100 100 100 100 100 100 100 241 0
100 100 100 100 100 100 100 100 100 100 100 100 241 0
100 100 100 100 100 100 100 100 100 100 100 100 241 0
100 100 100 100 100 100 100 100 100 100 100 100 241 0
100 100 100 100 100 100 100 100 100 100 100 100 241 0
100 100 100 100 100 100 100 100 100 100 100 100 241 0
100 100 100 100 100 100 100 100 100 100 100 100 241 0
100 100 100 100 100 100 100 100 100 100 100 100 241 0
100 100 100 100 100 100 100 100 100 100 100 100 241 0
100 100 100 100 100 100 100 100 100 100 100 100 241 0
100 100 100 100 100 100 100 100 100 100 100 100 241 0
100 100 100 100 100 100 100 100 100 100 100 15000 241 0
Chip#4
100 100 100 100 100 100 100 100 100 100 100 100 241 0
100 100 100 100 100 100 100 100 100 100 100 100 241 0
100 100 100 100 100 100 100 100 100 100 100 100 241 0
100 100 100 100 100 100 100 100 100 100 100 100 241 0
100 100 100 100 100 100 100 100 100 100 100 100 241 0
100 100 100 100 100 100 100 100 100 100 100 100 241 0
100 100 100 100 100 100 100 100 100 100 100 100 241 0
100 100 100 100 100 100 100 100 100 100 100 100 241 0
100 100 100 100 100 100 100 100 100 100 100 100 241 0
100 100 100 100 100 100 100 100 100 100 100 100 241 0
100 100 100 100 100 100 100 100 100 100 100 100 241 0
100 100 100 100 100 100 100 100 100 100 100 15000 241 0
Chip#1
125 209 299 46 141 149 64 56 62 85 168 189 0 0
125 209 294 46 143 149 64 53 62 85 168 189 1 0
125 209 306 55 153 126 80 64 62 88 168 189 2 0
125 209 310 59 158 126 80 68 94 90 184 189 3 0
141 225 475 1875 1023 126 96 516 2254 546 164 220 4 0
125 209 500 2364 1113 126 96 1070 3678 648 158 211 5 0
141 225 316 110 239 126 112 78 158 106 158 189 6 0
125 209 321 59 175 126 80 78 78 92 159 189 7 0
141 225 330 464 265 126 96 102 302 107 159 189 8 0
141 225 564 3395 1682 126 96 958 2798 556 158 189 9 0
125 225 390 1615 609 126 96 500 1639 225 159 189 10 0
198 225 318 102 170 126 112 77 94 92 158 15000 11 0
Chip#2
130 131 170 130 141 139 136 132 134 138 138 139 0 0
130 132 133 129 135 129 130 130 125 135 138 134 1 0
128 130 130 129 135 129 133 130 127 134 133 135 2 0
130 127 130 132 142 131 139 133 132 127 133 128 3 0
128 131 137 487 499 131 139 299 749 174 130 134 4 0
131 136 156 487 501 135 141 299 746 176 133 138 5 0
131 135 137 133 139 130 136 133 132 133 131 138 6 0
132 134 138 128 142 135 139 135 132 135 133 136 7 0
130 135 133 342 234 131 135 190 549 129 133 131 8 0
128 134 137 720 564 135 142 644 1274 152 136 135 9 0
132 134 135 149 145 135 138 155 255 137 135 135 10 0
136 135 137 134 142 135 146 138 135 135 139 15000 11 0
Chip#3
100 100 100 100 100 100 100 100 100 100 100 100 241 0
100 100 100 100 100 100 100 100 100 100 100 100 241 0
100 100 100 100 100 100 100 100 100 100 100 100 241 0
100 100 100 100 100 100 100 100 100 100 100 100 241 0
100 100 100 100 100 100 100 100 100 100 100 100 241 0
100 100 100 100 100 100 100 100 100 100 100 100 241 0
100 100 100 100 100 100 100 100 100 100 100 100 241 0
100 100 100 100 100 100 100 100 100 100 100 100 241 0
100 100 100 100 100 100 100 100 100 100 100 100 241 0
100 100 100 100 100 100 100 100 100 100 100 100 241 0
100 100 100 100 100 100 100 100 100 100 100 100 241 0
100 100 100 100 100 100 100 100 100 100 100 15000 241 0
Chip#4
100 100 100 100 100 100 100 100 100 100 100 100 241 0
100 100 100 100 100 100 100 100 100 100 100 100 241 0
100 100 100 100 100 100 100 100 100 100 100 100 241 0
100 100 100 100 100 100 100 100 100 100 100 100 241 0
100 100 100 100 100 100 100 100 100 100 100 100 241 0
100 100 100 100 100 100 100 100 100 100 100 100 241 0
100 100 100 100 100 100 100 100 100 100 100 100 241 0
100 100 100 100 100 100 100 100 100 100 100 100 241 0
100 100 100 100 100 100 100 100 100 100 100 100 241 0
100 100 100 100 100 100 100 100 100 100 100 100 241 0
100 100 100 100 100 100 100 100 100 100 100 100 241 0
100 100 100 100 100 100 100 100 100 100 100 15000 241 0
Chip#1
109 193 252 28 127 126 48 38 0 39 151 189 0 0
109 193 287 32 133 126 64 47 46 92 151 189 1 0
125 193 294 44 143 126 64 53 62 85 151 189 2 0
109 193 305 59 156 126 64 59 62 85 151 189 3 0
125 193 425 1417 847 126 80 390 1742 425 151 196 4 0
125 209 454 1852 898 126 80 810 2798 496 151 201 5 0
125 209 305 59 166 126 80 76 103 89 151 189 6 0
141 209 314 59 170 126 96 76 78 92 151 189 7 0
125 209 316 389 239 126 96 86 173 93 151 189 8 0
141 225 528 2755 1393 126 96 777 2270 434 151 189 9 0
141 225 371 1396 575 126 96 412 1358 193 151 189 10 0
125 209 315 59 160 126 80 61 62 85 151 15000 11 0
Chip#2
118 121 124 117 123 123 120 117 115 118 117 126 0 0
119 122 123 120 123 118 114 119 115 120 122 120 1 0
123 130 129 126 130 126 129 128 124 130 129 128 2 0
126 130 130 130 135 126 133 127 124 127 129 132 3 0
124 130 134 495 511 126 126 253 505 161 127 127 4 0
118 123 130 402 421 121 125 263 612 160 125 127 5 0
117 126 124 125 127 122 119 125 121 122 125 130 6 0
117 125 125 120 126 118 121 122 116 124 122 124 7 0
124 135 132 311 215 129 130 170 436 134 135 131 8 0
115 121 124 617 490 117 119 503 1025 133 121 123 9 0
125 134 135 142 138 126 129 145 224 131 129 131 10 0
131 136 133 130 139 129 133 129 128 131 136 15000 11 0
Chip#3
100 100 100 100 100 100 100 100 100 100 100 100 241 0
100 100 100 100 100 100 100 100 100 100 100 100 241 0
100 100 100 100 100 100 100 100 100 100 100 100 241 0
100 100 100 100 100 100 100 100 100 100 100 100 241 0
100 100 100 100 100 100 100 100 100 100 100 100 241 0
100 100 100 100 100 100 100 100 100 100 100 100 241 0
100 100 100 100 100 100 100 100 100 100 100 100 241 0
100 100 100 100 100 100 100 100 100 100 100 100 241 0
100 100 100 100 100 100 100 100 100 100 100 100 241 0
100 100 100 100 100 100 100 100 100 100 100 100 241 0
100 100 100 100 100 100 100 100 100 100 100 100 241 0
100 100 100 100 100 100 100 100 100 100 100 15000 241 0
Chip#4
100 100 100 100 100 100 100 100 100 100 100 100 241 0
100 100 100 100 100 100 100 100 100 100 100 100 241 0
100 100 100 100 100 100 100 100 100 100 100 100 241 0
100 100 100 100 100 100 100 100 100 100 100 100 241 0
100 100 100 100 100 100 100 100 100 100 100 100 241 0
100 100 100 100 100 100 100 100 100 100 100 100 241 0
100 100 100 100 100 100 100 100 100 100 100 100 241 0
100 100 100 100 100 100 100 100 100 100 100 100 241 0
100 100 100 100 100 100 100 100 100 100 100 100 241 0
100 100 100 100 100 100 100 100 100 100 100 100 241 0
100 100 100 100 100 100 100 100 100 100 100 100 241 0
100 100 100 100 100 100 100 100 100 100 100 15000 241 0
Chip#1
125 193 286 33 133 126 64 40 46 85 147 189 0 0
101 177 252 37 137 126 48 45 0 47 147 161 1 0
109 193 290 42 139 126 48 49 46 108 147 189 2 0
125 209 303 59 157 126 80 63 78 89 147 189 3 0
125 209 423 1356 766 126 80 374 1646 404 144 201 4 0
125 209 444 1827 857 126 80 766 2654 472 144 195 5 0
141 225 315 101 239 126 96 78 142 103 144 189 6 0
141 209 317 59 175 126 96 78 78 90 144 189 7 0
125 209 319 388 239 126 96 86 178 93 144 189 8 0
109 193 493 2620 1368 126 80 752 2238 408 144 158 9 0
125 209 366 1269 559 126 80 408 1342 186 144 189 10 0
125 209 315 59 165 126 80 61 62 85 144 15000 11 0
Chip#2
121 127 127 120 127 121 126 125 120 124 126 131 0 0
120 121 117 121 122 115 121 119 113 121 122 119 1 0
116 123 123 120 119 114 122 119 119 118 123 123 2 0
126 130 129 129 131 125 129 131 123 121 129 127 3 0
117 126 124 482 499 117 121 249 488 152 120 122 4 0
121 127 132 407 424 125 130 266 613 156 122 132 5 0
125 128 129 129 138 126 127 125 125 126 127 128 6 0
114 123 119 114 123 119 120 116 119 117 121 120 7 0
118 125 124 307 211 121 125 165 420 122 124 124 8 0
118 128 132 618 489 125 127 496 1015 137 125 128 9 0
120 125 130 138 136 126 127 139 223 129 123 131 10 0
126 132 134 130 138 129 130 125 124 133 134 15000 11 0
Chip#3
100 100 100 100 100 100 100 100 100 100 100 100 241 0
100 100 100 100 100 100 100 100 100 100 100 100 241 0
100 100 100 100 100 100 100 100 100 100 100 100 241 0
100 100 100 100 100 100 100 100 100 100 100 100 241 0
100 100 100 100 100 100 100 100 100 100 100 100 241 0
100 100 100 100 100 100 100 100 100 100 100 100 241 0
100 100 100 100 100 100 100 100 100 100 100 100 241 0
100 100 100 100 100 100 100 100 100 100 100 100 241 0
100 100 100 100 100 100 100 100 100 100 100 100 241 0
100 100 100 100 100 100 100 100 100 100 100 100 241 0
100 100 100 100 100 100 100 100 100 100 100 100 241 0
100 100 100 100 100 100 100 100 100 100 100 15000 241 0
Chip#4
100 100 100 100 100 100 100 100 100 100 100 100 241 0
100 100 100 100 100 100 100 100 100 100 100 100 241 0
100 100 100 100 100 100 100 100 100 100 100 100 241 0
100 100 100 100 100 100 100 100 100 100 100 100 241 0
100 100 100 100 100 100 100 100 100 100 100 100 241 0
100 100 100 100 100 100 100 100 100 100 100 100 241 0
100 100 100 100 100 100 100 100 100 100 100 100 241 0
100 100 100 100 100 100 100 100 100 100 100 100 241 0
100 100 100 100 100 100 100 100 100 100 100 100 241 0
100 100 100 100 100 100 100 100 100 100 100 100 241 0
100 100 100 100 100 100 100 100 100 100 100 100 241 0
100 100 100 100 100 100 100 100 100 100 100 15000 241 0
Chip#1
125 193 288 38 136 126 64 42 62 85 144 189 0 0
109 193 288 42 132 126 64 46 46 85 144 189 1 0
109 193 297 42 139 126 64 46 46 85 144 189 2 0
109 193 297 59 141 126 64 53 62 85 144 189 3 0
101 193 415 1340 743 126 48 342 1582 387 144 193 4 0
125 209 444 1795 856 126 96 756 2574 461 143 206 5 0
125 209 312 92 168 126 80 77 138 94 143 189 6 0
141 209 309 59 164 126 80 70 78 87 143 189 7 0
125 193 316 385 231 126 80 78 173 92 143 189 8 0
125 209 498 2620 1368 126 80 753 2233 410 143 189 9 0
125 193 370 1265 498 126 80 405 1326 190 143 189 10 0
141 209 310 59 163 126 80 65 62 85 143 15000 11 0
Chip#2
116 119 120 121 114 119 121 119 118 118 116 124 0 0
124 128 126 125 131 125 127 124 117 130 133 132 1 0
122 123 124 116 126 118 122 122 115 124 127 127 2 0
120 123 125 121 127 116 121 121 117 120 121 125 3 0
110 117 113 470 488 113 118 233 480 156 120 119 4 0
117 121 125 395 412 121 120 258 594 155 122 126 5 0
117 123 124 118 123 121 126 118 120 124 120 124 6 0
126 128 125 128 134 125 134 132 125 130 131 134 7 0
127 126 128 307 208 125 123 169 414 133 126 128 8 0
121 126 127 607 481 126 121 493 999 137 124 122 9 0
122 122 127 135 136 119 129 139 223 131 122 126 10 0
126 131 129 122 130 126 129 121 123 127 125 15000 11 0
Chip#3
100 100 100 100 100 100 100 100 100 100 100 100 241 0
100 100 100 100 100 100 100 100 100 100 100 100 241 0
100 100 100 100 100 100 100 100 100 100 100 100 241 0
100 100 100 100 100 100 100 100 100 100 100 100 241 0
100 100 100 100 100 100 100 100 100 100 100 100 241 0
100 100 100 100 100 100 100 100 100 100 100 100 241 0
100 100 100 100 100 100 100 100 100 100 100 100 241 0
100 100 100 100 100 100 100 100 100 100 100 100 241 0
100 100 100 100 100 100 100 100 100 100 100 100 241 0
100 100 100 100 100 100 100 100 100 100 100 100 241 0
100 100 100 100 100 100 100 100 100 100 100 100 241 0
100 100 100 100 100 100 100 100 100 100 100 15000 241 0
Chip#4
100 100 100 100 100 100 100 100 100 100 100 100 241 0
100 100 100 100 100 100 100 100 100 100 100 100 241 0
100 100 100 100 100 100 100 100 100 100 100 100 241 0
100 100 100 100 100 100 100 100 100 100 100 100 241 0
100 100 100 100 100 100 100 100 100 100 100 100 241 0
100 100 100 100 100 100 100 100 100 100 100 100 241 0
100 100 100 100 100 100 100 100 100 100 100 100 241 0
100 100 100 100 100 100 100 100 100 100 100 100 241 0
100 100 100 100 100 100 100 100 100 100 100 100 241 0
100 100 100 100 100 100 100 100 100 100 100 100 241 0
100 100 100 100 100 100 100 100 100 100 100 100 241 0
100 100 100 100 100 100 100 100 100 100 100 15000 241 0
Chip#1
109 193 252 32 128 126 48 39 46 85 143 189 0 0
109 177 252 32 130 126 48 40 46 41 143 189 1 0
125 209 299 46 141 126 80 48 62 85 143 189 2 0
125 209 293 57 145 126 64 49 78 85 143 189 3 0
109 193 414 1294 783 126 80 342 1550 375 143 194 4 0
125 209 433 1672 856 126 96 721 2483 446 143 193 5 0
125 209 315 95 174 126 96 78 173 99 143 189 6 0
109 193 303 59 163 126 80 67 62 85 143 189 7 0
125 209 322 380 237 126 96 78 171 95 143 189 8 0
125 209 497 2655 1368 126 96 747 2232 409 143 189 9 0
125 209 370 1243 498 126 80 409 1326 192 143 189 10 0
109 193 297 46 148 126 64 53 46 92 143 15000 11 0
Chip#2
118 118 121 116 123 115 122 119 110 116 121 123 0 0
120 122 120 118 124 117 119 122 117 120 121 119 1 0
125 127 125 124 128 125 126 125 118 125 125 130 2 0
120 122 121 120 120 115 121 115 114 117 122 117 3 0
121 122 121 463 489 121 122 240 476 152 124 119 4 0
116 122 119 387 404 118 115 253 608 151 118 120 5 0
118 123 119 117 126 118 125 120 120 122 121 124 6 0
121 121 124 117 130 121 119 120 114 120 125 123 7 0
120 122 125 298 206 113 118 157 406 122 122 122 8 0
124 126 128 607 486 122 123 491 999 139 130 128 9 0
123 127 125 137 134 125 130 134 223 125 127 126 10 0
126 123 126 120 128 118 124 121 119 124 123 15000 11 0
Chip#3
100 100 100 100 100 100 100 100 100 100 100 100 241 0
100 100 100 100 100 100 100 100 100 100 100 100 241 0
100 100 100 100 100 100 100 100 100 100 100 100 241 0
100 100 100 100 100 100 100 100 100 100 100 100 241 0
100 100 100 100 100 100 100 100 100 100 100 100 241 0
100 100 100 100 100 100 100 100 100 100 100 100 241 0
100 100 100 100 100 100 100 100 100 100 100 100 241 0
100 100 100 100 100 100 100 100 100 100 100 100 241 0
100 100 100 100 100 100 100 100 100 100 100 100 241 0
100 100 100 100 100 100 100 100 100 100 100 100 241 0
100 100 100 100 100 100 100 100 100 100 100 100 241 0
100 100 100 100 100 100 100 100 100 100 100 15000 241 0
Chip#4
100 100 100 100 100 100 100 100 100 100 100 100 241 0
100 100 100 100 100 100 100 100 100 100 100 100 241 0
100 100 100 100 100 100 100 100 100 100 100 100 241 0
100 100 100 100 100 100 100 100 100 100 100 100 241 0
100 100 100 100 100 100 100 100 100 100 100 100 241 0
100 100 100 100 100 100 100 100 100 100 100 100 241 0
100 100 100 100 100 100 100 100 100 100 100 100 241 0
100 100 100 100 100 100 100 100 100 100 100 100 241 0
100 100 100 100 100 100 100 100 100 100 100 100 241 0
100 100 100 100 100 100 100 100 100 100 100 100 241 0
100 100 100 100 100 100 100 100 100 100 100 100 241 0
100 100 100 100 100 100 100 100 100 100 100 15000 241 0
Chip#1
109 177 252 33 127 126 48 36 0 39 144 189 0 0
109 193 252 36 131 126 48 40 46 92 144 189 1 0
109 193 292 39 141 126 64 48 46 85 144 189 2 0
125 209 300 59 154 126 64 61 78 85 144 189 3 0
125 209 410 1276 717 126 80 358 1518 366 144 200 4 0
109 193 429 1640 856 126 80 712 2398 431 144 200 5 0
125 209 306 90 166 126 96 72 126 89 144 189 6 0
125 209 308 59 159 126 80 69 78 85 144 189 7 0
109 193 306 371 229 126 80 78 157 85 144 189 8 0
125 209 496 2611 1375 126 96 749 2219 402 144 189 9 0
109 193 362 1230 486 126 64 390 1294 178 144 189 10 0
141 225 302 53 156 126 80 57 78 108 144 15000 11 0
Chip#2
120 123 120 114 123 118 121 116 114 118 118 126 0 0
119 119 121 117 124 117 119 118 114 120 120 124 1 0
126 125 127 118 126 118 125 123 116 124 125 123 2 0
122 127 124 121 130 117 122 118 119 120 122 127 3 0
118 130 123 458 492 118 118 235 475 151 121 118 4 0
120 125 128 385 407 121 118 250 592 156 121 127 5 0
121 123 130 125 134 123 125 125 121 126 126 122 6 0
116 117 117 113 120 117 115 116 115 116 116 119 7 0
121 122 125 296 209 121 122 159 401 122 123 123 8 0
120 122 127 607 479 122 124 475 981 137 122 123 9 0
114 121 123 132 131 115 119 124 216 120 118 119 10 0
125 130 127 120 130 121 122 118 117 122 118 15000 11 0
Chip#3
100 100 100 100 100 100 100 100 100 100 100 100 241 0
100 100 100 100 100 100 100 100 100 100 100 100 241 0
100 100 100 100 100 100 100 100 100 100 100 100 241 0
100 100 100 100 100 100 100 100 100 100 100 100 241 0
100 100 100 100 100 100 100 100 100 100 100 100 241 0
100 100 100 100 100 100 100 100 100 100 100 100 241 0
100 100 100 100 100 100 100 100 100 100 100 100 241 0
100 100 100 100 100 100 100 100 100 100 100 100 241 0
100 100 100 100 100 100 100 100 100 100 100 100 241 0
100 100 100 100 100 100 100 100 100 100 100 100 241 0
100 100 100 100 100 100 100 100 100 100 100 100 241 0
100 100 100 100 100 100 100 100 100 100 100 15000 241 0
Chip#4
100 100 100 100 100 100 100 100 100 100 100 100 241 0
100 100 100 100 100 100 100 100 100 100 100 100 241 0
100 100 100 100 100 100 100 100 100 100 100 100 241 0
100 100 100 100 100 100 100 100 100 100 100 100 241 0
100 100 100 100 100 100 100 100 100 100 100 100 241 0
100 100 100 100 100 100 100 100 100 100 100 100 241 0
100 100 100 100 100 100 100 100 100 100 100 100 241 0
100 100 100 100 100 100 100 100 100 100 100 100 241 0
100 100 100 100 100 100 100 100 100 100 100 100 241 0
100 100 100 100 100 100 100 100 100 100 100 100 241 0
100 100 100 100 100 100 100 100 100 100 100 100 241 0
100 100 100 100 100 100 100 100 100 100 100 15000 241 0
Chip#1
109 177 276 28 121 126 48 28 0 37 144 152 0 0
109 193 283 39 131 126 64 42 46 92 144 189 1 0
109 193 288 34 135 126 48 35 46 108 144 189 2 0
109 193 299 59 149 126 64 54 78 85 144 189 3 0
109 193 406 1251 705 126 64 334 1383 354 144 196 4 0
109 193 430 1623 856 126 80 700 2350 422 144 199 5 0
109 193 301 59 164 126 80 70 110 89 144 189 6 0
125 209 308 59 160 126 80 67 78 85 144 189 7 0
125 209 313 372 287 126 96 78 165 86 144 189 8 0
109 209 487 2595 1359 126 80 739 2174 396 144 189 9 0
125 209 363 1227 486 126 80 390 1310 180 144 189 10 0
125 209 302 59 158 126 80 59 62 108 144 15000 11 0
Chip#2
115 113 118 109 118 115 115 116 112 112 112 119 0 0
108 113 112 108 114 106 109 112 109 111 116 118 1 0
116 123 119 113 117 113 121 118 119 122 121 119 2 0
110 118 116 113 119 110 117 115 115 111 116 120 3 0
120 122 130 461 482 125 123 237 470 156 126 124 4 0
122 128 126 386 411 126 129 258 592 157 129 127 5 0
112 114 117 109 124 117 119 118 112 118 116 118 6 0
117 121 123 113 123 119 118 116 117 120 117 123 7 0
116 121 120 290 204 118 121 157 392 122 120 124 8 0
128 132 133 607 479 130 133 486 986 142 129 131 9 0
121 121 121 128 132 117 121 133 215 121 122 124 10 0
130 132 127 126 135 125 129 128 124 127 129 15000 11 0
Chip#3
100 100 100 100 100 100 100 100 100 100 100 100 241 0
100 100 100 100 100 100 100 100 100 100 100 100 241 0
100 100 100 100 100 100 100 100 100 100 100 100 241 0
100 100 100 100 100 100 100 100 100 100 100 100 241 0
100 100 100 100 100 100 100 100 100 100 100 100 241 0
100 100 100 100 100 100 100 100 100 100 100 100 241 0
100 100 100 100 100 100 100 100 100 100 100 100 241 0
100 100 100 100 100 100 100 100 100 100 100 100 241 0
100 100 100 100 100 100 100 100 100 100 100 100 241 0
100 100 100 100 100 100 100 100 100 100 100 100 241 0
100 100 100 100 100 100 100 100 100 100 100 100 241 0
100 100 100 100 100 100 100 100 100 100 100 15000 241 0
Chip#4
100 100 100 100 100 100 100 100 100 100 100 100 241 0
100 100 100 100 100 100 100 100 100 100 100 100 241 0
100 100 100 100 100 100 100 100 100 100 100 100 241 0
100 100 100 100 100 100 100 100 100 100 100 100 241 0
100 100 100 100 100 100 100 100 100 100 100 100 241 0
100 100 100 100 100 100 100 100 100 100 100 100 241 0
100 100 100 100 100 100 100 100 100 100 100 100 241 0
100 100 100 100 100 100 100 100 100 100 100 100 241 0
100 100 100 100 100 100 100 100 100 100 100 100 241 0
100 100 100 100 100 100 100 100 100 100 100 100 241 0
100 100 100 100 100 100 100 100 100 100 100 100 241 0
100 100 100 100 100 100 100 100 100 100 100 15000 241 0
Chip#1
109 193 252 44 140 126 48 48 46 85 149 189 0 0
109 177 252 32 128 126 48 39 0 40 149 189 1 0
101 177 252 33 127 126 48 40 0 92 149 189 2 0
109 193 252 50 143 126 64 49 62 92 149 189 3 0
125 209 415 1237 700 126 80 342 1493 358 149 205 4 0
109 193 432 1596 831 126 64 683 2286 409 149 200 5 0
109 193 297 59 158 126 80 69 108 86 149 189 6 0
109 193 303 57 153 126 64 63 62 85 149 189 7 0
125 209 315 373 287 126 96 86 163 92 149 189 8 0
125 209 494 2563 1359 126 80 733 2142 394 149 189 9 0
125 209 358 1210 527 126 80 390 1294 175 149 189 10 0
125 209 303 50 153 126 64 56 62 92 149 15000 11 0
Chip#2
110 112 114 104 117 112 109 110 104 112 109 118 0 0
111 109 114 105 114 108 109 109 105 113 116 114 1 0
114 117 120 112 122 117 119 118 110 121 121 123 2 0
120 117 119 117 127 114 117 115 115 117 117 119 3 0
115 119 123 448 475 119 117 233 457 151 124 123 4 0
121 122 128 382 407 126 122 251 583 155 125 124 5 0
116 121 122 116 125 121 118 120 120 124 125 120 6 0
113 113 116 106 119 110 110 112 110 112 117 110 7 0
110 113 118 284 197 114 116 154 383 115 121 120 8 0
120 118 123 607 476 123 122 475 972 134 121 122 9 0
111 113 119 129 126 114 110 124 211 114 115 116 10 0
119 118 120 117 122 118 120 116 117 125 123 15000 11 0
Chip#3
100 100 100 100 100 100 100 100 100 100 100 100 241 0
100 100 100 100 100 100 100 100 100 100 100 100 241 0
100 100 100 100 100 100 100 100 100 100 100 100 241 0
100 100 100 100 100 100 100 100 100 100 100 100 241 0
100 100 100 100 100 100 100 100 100 100 100 100 241 0
100 100 100 100 100 100 100 100 100 100 100 100 241 0
100 100 100 100 100 100 100 100 100 100 100 100 241 0
100 100 100 100 100 100 100 100 100 100 100 100 241 0
100 100 100 100 100 100 100 100 100 100 100 100 241 0
100 100 100 100 100 100 100 100 100 100 100 100 241 0
100 100 100 100 100 100 100 100 100 100 100 100 241 0
100 100 100 100 100 100 100 100 100 100 100 15000 241 0
Chip#4
100 100 100 100 100 100 100 100 100 100 100 100 241 0
100 100 100 100 100 100 100 100 100 100 100 100 241 0
100 100 100 100 100 100 100 100 100 100 100 100 241 0
100 100 100 100 100 100 100 100 100 100 100 100 241 0
100 100 100 100 100 100 100 100 100 100 100 100 241 0
100 100 100 100 100 100 100 100 100 100 100 100 241 0
100 100 100 100 100 100 100 100 100 100 100 100 241 0
100 100 100 100 100 100 100 100 100 100 100 100 241 0
100 100 100 100 100 100 100 100 100 100 100 100 241 0
100 100 100 100 100 100 100 100 100 100 100 100 241 0
100 100 100 100 100 100 100 100 100 100 100 100 241 0
100 100 100 100 100 100 100 100 100 100 100 15000 241 0
Chip#1
109 193 252 31 127 126 48 30 46 39 146 189 0 0
109 193 279 27 121 126 48 34 46 92 146 189 1 0
109 177 252 38 131 126 48 40 0 92 146 189 2 0
125 209 292 56 141 126 64 53 62 85 146 189 3 0
125 209 412 1226 751 126 80 342 1422 348 145 200 4 0
109 209 429 1619 847 126 80 671 2254 397 145 195 5 0
109 193 300 59 157 126 80 64 94 85 146 189 6 0
109 193 305 56 154 126 64 62 46 85 146 189 7 0
125 209 314 367 287 126 96 86 158 87 146 189 8 0
109 193 489 2547 1327 126 80 731 2142 390 146 189 9 0
125 209 366 1212 477 126 80 390 1294 183 146 189 10 0
125 209 301 54 154 126 80 50 62 92 146 15000 11 0
Chip#2
115 118 116 117 123 113 117 122 112 117 117 122 0 0
117 119 117 116 118 110 114 115 112 117 116 118 1 0
121 123 121 117 127 117 122 123 114 125 124 126 2 0
118 121 120 122 127 118 117 120 118 117 120 118 3 0
118 121 120 457 481 119 121 231 463 153 122 124 4 0
114 123 123 378 405 117 121 253 583 152 124 126 5 0
114 114 116 112 123 113 114 115 112 117 116 120 6 0
110 112 117 116 120 114 118 114 112 109 115 116 7 0
120 121 124 291 202 117 126 159 395 127 127 128 8 0
120 126 124 607 476 122 121 477 983 135 121 124 9 0
114 113 117 126 123 116 112 130 213 115 113 117 10 0
125 127 125 118 124 125 122 119 121 126 124 15000 11 0
Chip#3
100 100 100 100 100 100 100 100 100 100 100 100 241 0
100 100 100 100 100 100 100 100 100 100 100 100 241 0
100 100 100 100 100 100 100 100 100 100 100 100 241 0
100 100 100 100 100 100 100 100 100 100 100 100 241 0
100 100 100 100 100 100 100 100 100 100 100 100 241 0
100 100 100 100 100 100 100 100 100 100 100 100 241 0
100 100 100 100 100 100 100 100 100 100 100 100 241 0
100 100 100 100 100 100 100 100 100 100 100 100 241 0
100 100 100 100 100 100 100 100 100 100 100 100 241 0
100 100 100 100 100 100 100 100 100 100 100 100 241 0
100 100 100 100 100 100 100 100 100 100 100 100 241 0
100 100 100 100 100 100 100 100 100 100 100 15000 241 0
Chip#4
100 100 100 100 100 100 100 100 100 100 100 100 241 0
100 100 100 100 100 100 100 100 100 100 100 100 241 0
100 100 100 100 100 100 100 100 100 100 100 100 241 0
100 100 100 100 100 100 100 100 100 100 100 100 241 0
100 100 100 100 100 100 100 100 100 100 100 100 241 0
100 100 100 100 100 100 100 100 100 100 100 100 241 0
100 100 100 100 100 100 100 100 100 100 100 100 241 0
100 100 100 100 100 100 100 100 100 100 100 100 241 0
100 100 100 100 100 100 100 100 100 100 100 100 241 0
100 100 100 100 100 100 100 100 100 100 100 100 241 0
100 100 100 100 100 100 100 100 100 100 100 100 241 0
100 100 100 100 100 100 100 100 100 100 100 15000 241 0
Chip#1
101 177 244 32 127 117 48 37 0 38 143 160 0 0
109 193 252 39 137 149 64 44 46 92 143 189 1 0
109 177 252 35 128 133 64 38 46 92 143 189 2 0
125 209 290 50 138 149 64 47 62 108 143 189 3 0
125 209 410 1201 676 126 80 328 1390 341 143 195 4 0
109 193 428 1535 771 126 80 661 2190 397 143 195 5 0
125 209 305 59 161 126 80 74 110 87 143 189 6 0
109 193 307 55 160 126 64 63 62 85 143 189 7 0
125 209 308 357 223 126 80 78 154 85 143 189 8 0
109 193 482 2515 1311 126 80 722 2110 380 143 189 9 0
125 209 363 1186 467 126 80 390 1278 176 143 189 10 0
125 209 312 55 153 126 64 60 62 92 143 15000 11 0
Chip#2
110 115 114 110 118 114 116 116 108 116 116 115 0 0
114 112 119 110 115 115 117 115 112 116 116 114 1 0
112 117 116 114 115 114 112 114 112 117 112 114 2 0
120 126 125 124 128 122 124 126 120 122 122 127 3 0
113 115 115 438 466 115 114 226 447 151 116 113 4 0
107 113 115 362 387 114 111 240 570 147 113 111 5 0
114 118 117 116 126 122 121 120 118 121 120 122 6 0
112 117 117 117 119 114 118 124 113 122 117 118 7 0
112 118 119 282 193 114 117 151 386 116 115 116 8 0
110 109 119 598 454 110 113 462 959 127 111 112 9 0
115 118 124 130 122 113 114 130 213 121 122 119 10 0
120 119 125 117 126 117 118 116 118 121 118 15000 11 0
Chip#3
100 100 100 100 100 100 100 100 100 100 100 100 241 0
100 100 100 100 100 100 100 100 100 100 100 100 241 0
100 100 100 100 100 100 100 100 100 100 100 100 241 0
100 100 100 100 100 100 100 100 100 100 100 100 241 0
100 100 100 100 100 100 100 100 100 100 100 100 241 0
100 100 100 100 100 100 100 100 100 100 100 100 241 0
100 100 100 100 100 100 100 100 100 100 100 100 241 0
100 100 100 100 100 100 100 100 100 100 100 100 241 0
100 100 100 100 100 100 100 100 100 100 100 100 241 0
100 100 100 100 100 100 100 100 100 100 100 100 241 0
100 100 100 100 100 100 100 100 100 100 100 100 241 0
100 100 100 100 100 100 100 100 100 100 100 15000 241 0
Chip#4
100 100 100 100 100 100 100 100 100 100 100 100 241 0
100 100 100 100 100 100 100 100 100 100 100 100 241 0
100 100 100 100 100 100 100 100 100 100 100 100 241 0
100 100 100 100 100 100 100 100 100 100 100 100 241 0
100 100 100 100 100 100 100 100 100 100 100 100 241 0
100 100 100 100 100 100 100 100 100 100 100 100 241 0
100 100 100 100 100 100 100 100 100 100 100 100 241 0
100 100 100 100 100 100 100 100 100 100 100 100 241 0
100 100 100 100 100 100 100 100 100 100 100 100 241 0
100 100 100 100 100 100 100 100 100 100 100 100 241 0
100 100 100 100 100 100 100 100 100 100 100 100 241 0
100 100 100 100 100 100 100 100 100 100 100 15000 241 0
Chip#1
101 177 280 26 130 133 48 38 46 41 143 189 0 0
101 177 244 20 117 117 0 22 0 30 143 148 1 0
101 177 276 24 128 133 48 33 0 92 143 149 2 0
109 177 252 46 133 133 48 40 46 92 143 196 3 0
109 193 379 981 600 149 64 262 1054 246 143 189 4 0
109 193 396 1260 643 149 80 513 1708 290 143 189 5 0
109 177 292 55 150 149 64 59 78 85 143 155 6 0
109 209 300 50 158 165 80 56 62 85 143 189 7 0
125 209 307 339 271 126 80 78 141 85 143 189 8 0
109 209 471 2364 1151 126 64 700 2030 353 143 151 9 0
109 193 352 1108 495 126 64 358 1127 161 143 151 10 0
109 193 301 54 150 126 64 51 46 92 143 15000 11 0
Chip#2
116 121 121 112 118 114 121 118 108 116 113 120 0 0
111 117 115 112 117 113 113 118 112 116 116 119 1 0
107 110 113 104 111 110 110 109 109 115 108 111 2 0
112 122 116 114 120 114 123 118 114 121 115 115 3 0
111 109 123 390 424 106 112 214 405 143 113 111 4 0
112 115 123 351 371 117 119 232 519 148 116 115 5 0
104 109 116 110 117 108 110 111 105 111 112 110 6 0
110 119 121 117 123 115 117 119 115 117 118 119 7 0
107 113 119 267 188 112 112 147 361 118 113 111 8 0
112 122 124 579 450 123 125 454 893 134 120 123 9 0
111 117 121 124 123 112 115 125 212 118 112 117 10 0
117 118 123 114 123 113 122 116 109 120 120 15000 11 0
Chip#3
100 100 100 100 100 100 100 100 100 100 100 100 241 0
100 100 100 100 100 100 100 100 100 100 100 100 241 0
100 100 100 100 100 100 100 100 100 100 100 100 241 0
100 100 100 100 100 100 100 100 100 100 100 100 241 0
100 100 100 100 100 100 100 100 100 100 100 100 241 0
100 100 100 100 100 100 100 100 100 100 100 100 241 0
100 100 100 100 100 100 100 100 100 100 100 100 241 0
100 100 100 100 100 100 100 100 100 100 100 100 241 0
100 100 100 100 100 100 100 100 100 100 100 100 241 0
100 100 100 100 100 100 100 100 100 100 100 100 241 0
100 100 100 100 100 100 100 100 100 100 100 100 241 0
100 100 100 100 100 100 100 100 100 100 100 15000 241 0
Chip#4
100 100 100 100 100 100 100 100 100 100 100 100 241 0
100 100 100 100 100 100 100 100 100 100 100 100 241 0
100 100 100 100 100 100 100 100 100 100 100 100 241 0
100 100 100 100 100 100 100 100 100 100 100 100 241 0
100 100 100 100 100 100 100 100 100 100 100 100 241 0
100 100 100 100 100 100 100 100 100 100 100 100 241 0
100 100 100 100 100 100 100 100 100 100 100 100 241 0
100 100 100 100 100 100 100 100 100 100 100 100 241 0
100 100 100 100 100 100 100 100 100 100 100 100 241 0
100 100 100 100 100 100 100 100 100 100 100 100 241 0
100 100 100 100 100 100 100 100 100 100 100 100 241 0
100 100 100 100 100 100 100 100 100 100 100 15000 241 0
Chip#1
101 177 279 32 122 126 48 32 0 39 143 189 0 0
109 193 252 38 133 126 64 41 46 92 143 189 1 0
109 193 278 29 122 126 48 30 46 92 143 189 2 0
101 177 279 45 131 126 48 32 46 92 143 154 3 0
101 177 379 1002 600 126 48 263 1070 249 143 189 4 0
109 193 407 1299 654 126 64 526 1725 348 143 192 5 0
109 193 295 59 157 126 80 69 94 85 143 189 6 0
109 193 300 53 154 126 64 60 62 85 143 189 7 0
109 193 293 315 205 126 64 74 135 85 143 154 8 0
109 193 473 2371 1138 126 64 706 2030 352 143 153 9 0
109 193 353 1110 442 126 80 374 1127 164 143 153 10 0
125 193 299 52 149 126 64 48 46 92 143 15000 11 0
Chip#2
116 117 119 113 118 112 120 116 110 112 112 117 0 0
106 106 108 104 107 106 107 102 100 105 103 108 1 0
114 114 119 108 120 110 117 114 109 115 112 115 2 0
112 114 113 116 119 112 118 115 110 113 107 113 3 0
114 122 121 398 433 119 123 214 412 148 118 120 4 0
117 123 128 351 372 121 122 231 514 148 117 120 5 0
113 114 121 114 123 115 114 115 113 117 112 122 6 0
110 112 117 110 118 109 114 115 104 113 112 114 7 0
114 115 116 269 189 115 113 148 365 112 107 114 8 0
108 114 120 571 435 109 114 439 891 122 106 110 9 0
114 122 119 129 127 118 121 130 212 116 116 118 10 0
118 121 123 121 132 115 122 118 114 121 124 15000 11 0
Chip#3
100 100 100 100 100 100 100 100 100 100 100 100 241 0
100 100 100 100 100 100 100 100 100 100 100 100 241 0
100 100 100 100 100 100 100 100 100 100 100 100 241 0
100 100 100 100 100 100 100 100 100 100 100 100 241 0
100 100 100 100 100 100 100 100 100 100 100 100 241 0
100 100 100 100 100 100 100 100 100 100 100 100 241 0
100 100 100 100 100 100 100 100 100 100 100 100 241 0
100 100 100 100 100 100 100 100 100 100 100 100 241 0
100 100 100 100 100 100 100 100 100 100 100 100 241 0
100 100 100 100 100 100 100 100 100 100 100 100 241 0
100 100 100 100 100 100 100 100 100 100 100 100 241 0
100 100 100 100 100 100 100 100 100 100 100 15000 241 0
Chip#4
100 100 100 100 100 100 100 100 100 100 100 100 241 0
100 100 100 100 100 100 100 100 100 100 100 100 241 0
100 100 100 100 100 100 100 100 100 100 100 100 241 0
100 100 100 100 100 100 100 100 100 100 100 100 241 0
100 100 100 100 100 100 100 100 100 100 100 100 241 0
100 100 100 100 100 100 100 100 100 100 100 100 241 0
100 100 100 100 100 100 100 100 100 100 100 100 241 0
100 100 100 100 100 100 100 100 100 100 100 100 241 0
100 100 100 100 100 100 100 100 100 100 100 100 241 0
100 100 100 100 100 100 100 100 100 100 100 100 241 0
100 100 100 100 100 100 100 100 100 100 100 100 241 0
100 100 100 100 100 100 100 100 100 100 100 15000 241 0
Chip#1
101 177 244 23 116 117 0 19 0 28 143 196 0 0
109 193 252 32 125 133 48 34 46 38 143 189 1 0
109 177 252 28 127 133 48 33 0 92 143 189 2 0
109 193 279 45 131 133 48 35 46 92 143 189 3 0
101 177 383 1005 600 133 48 265 1070 244 143 189 4 0
109 193 407 1347 662 149 80 526 1730 348 143 189 5 0
125 209 296 59 147 165 80 55 94 85 143 190 6 0
109 193 304 54 155 165 80 63 62 85 143 189 7 0
109 193 299 315 255 149 64 70 134 85 143 149 8 0
109 193 472 2355 1137 165 80 705 2030 355 143 149 9 0
109 193 350 1105 437 149 64 358 1127 161 143 154 10 0
125 209 294 46 145 149 64 43 62 92 143 15000 11 0
Chip#2
112 118 115 109 119 110 114 116 109 112 112 114 0 0
112 118 121 112 117 113 113 115 110 120 113 115 1 0
108 113 120 110 115 109 113 114 108 116 108 117 2 0
113 121 121 124 127 114 121 122 119 121 115 120 3 0
113 121 125 394 430 119 117 217 405 144 111 118 4 0
110 115 116 351 365 112 112 227 504 139 107 108 5 0
113 117 116 114 123 117 114 114 110 116 108 118 6 0
113 115 126 112 124 116 117 115 108 118 116 123 7 0
113 117 121 269 189 118 123 156 369 117 113 123 8 0
112 119 119 576 443 115 115 449 900 127 113 118 9 0
108 118 116 124 124 112 115 128 209 116 109 114 10 0
116 121 125 113 122 114 113 112 112 118 115 15000 11 0
Chip#3
100 100 100 100 100 100 100 100 100 100 100 100 241 0
100 100 100 100 100 100 100 100 100 100 100 100 241 0
100 100 100 100 100 100 100 100 100 100 100 100 241 0
100 100 100 100 100 100 100 100 100 100 100 100 241 0
100 100 100 100 100 100 100 100 100 100 100 100 241 0
100 100 100 100 100 100 100 100 100 100 100 100 241 0
100 100 100 100 100 100 100 100 100 100 100 100 241 0
100 100 100 100 100 100 100 100 100 100 100 100 241 0
100 100 100 100 100 100 100 100 100 100 100 100 241 0
100 100 100 100 100 100 100 100 100 100 100 100 241 0
100 100 100 100 100 100 100 100 100 100 100 100 241 0
100 100 100 100 100 100 100 100 100 100 100 15000 241 0
Chip#4
100 100 100 100 100 100 100 100 100 100 100 100 241 0
100 100 100 100 100 100 100 100 100 100 100 100 241 0
100 100 100 100 100 100 100 100 100 100 100 100 241 0
100 100 100 100 100 100 100 100 100 100 100 100 241 0
100 100 100 100 100 100 100 100 100 100 100 100 241 0
100 100 100 100 100 100 100 100 100 100 100 100 241 0
100 100 100 100 100 100 100 100 100 100 100 100 241 0
100 100 100 100 100 100 100 100 100 100 100 100 241 0
100 100 100 100 100 100 100 100 100 100 100 100 241 0
100 100 100 100 100 100 100 100 100 100 100 100 241 0
100 100 100 100 100 100 100 100 100 100 100 100 241 0
100 100 100 100 100 100 100 100 100 100 100 15000 241 0
Chip#1
109 177 272 23 120 126 48 23 0 33 143 196 0 0
109 193 279 29 125 126 48 36 46 92 143 189 1 0
109 193 284 37 135 126 64 38 46 92 143 189 2 0
109 193 287 54 145 126 64 49 62 85 143 189 3 0
109 193 384 1022 600 126 64 277 1102 255 143 190 4 0
109 209 409 1379 674 126 80 533 1742 348 143 190 5 0
109 193 295 59 157 126 80 62 94 85 143 189 6 0
109 193 297 53 155 126 80 59 78 85 143 189 7 0
109 193 308 341 215 126 80 78 146 85 143 189 8 0
109 193 477 2355 1137 126 80 709 2030 359 143 189 9 0
109 193 350 1103 433 126 64 374 1127 159 143 153 10 0
125 193 293 49 146 126 64 41 62 92 143 15000 11 0
Chip#2
114 115 116 112 124 112 113 118 113 117 118 118 0 0
116 121 121 121 124 118 121 116 114 118 126 123 1 0
114 118 115 112 118 112 112 120 112 115 113 118 2 0
118 123 120 121 128 117 124 119 119 121 120 127 3 0
117 119 123 404 429 119 123 212 407 148 118 119 4 0
110 115 117 351 365 113 115 227 508 142 112 111 5 0
112 117 117 116 124 115 117 119 113 117 113 122 6 0
107 110 111 112 115 109 107 113 104 109 108 108 7 0
108 114 119 267 196 114 115 147 368 113 113 116 8 0
110 114 117 575 445 112 115 447 898 133 113 119 9 0
110 115 117 124 131 112 117 125 209 121 112 114 10 0
116 117 117 105 120 108 110 115 113 116 111 15000 11 0
Chip#3
100 100 100 100 100 100 100 100 100 100 100 100 241 0
100 100 100 100 100 100 100 100 100 100 100 100 241 0
100 100 100 100 100 100 100 100 100 100 100 100 241 0
100 100 100 100 100 100 100 100 100 100 100 100 241 0
100 100 100 100 100 100 100 100 100 100 100 100 241 0
100 100 100 100 100 100 100 100 100 100 100 100 241 0
100 100 100 100 100 100 100 100 100 100 100 100 241 0
100 100 100 100 100 100 100 100 100 100 100 100 241 0
100 100 100 100 100 100 100 100 100 100 100 100 241 0
100 100 100 100 100 100 100 100 100 100 100 100 241 0
100 100 100 100 100 100 100 100 100 100 100 100 241 0
100 100 100 100 100 100 100 100 100 100 100 15000 241 0
Chip#4
100 100 100 100 100 100 100 100 100 100 100 100 241 0
100 100 100 100 100 100 100 100 100 100 100 100 241 0
100 100 100 100 100 100 100 100 100 100 100 100 241 0
100 100 100 100 100 100 100 100 100 100 100 100 241 0
100 100 100 100 100 100 100 100 100 100 100 100 241 0
100 100 100 100 100 100 100 100 100 100 100 100 241 0
100 100 100 100 100 100 100 100 100 100 100 100 241 0
100 100 100 100 100 100 100 100 100 100 100 100 241 0
100 100 100 100 100 100 100 100 100 100 100 100 241 0
100 100 100 100 100 100 100 100 100 100 100 100 241 0
100 100 100 100 100 100 100 100 100 100 100 100 241 0
100 100 100 100 100 100 100 100 100 100 100 15000 241 0
Chip#1
101 161 244 24 119 117 0 26 0 34 143 155 0 0
101 177 244 24 122 117 0 30 0 35 143 153 1 0
109 193 252 33 135 149 64 41 46 92 143 189 2 0
101 177 276 39 130 133 48 32 46 45 143 149 3 0
101 193 381 1020 600 149 64 268 1102 246 143 189 4 0
109 193 405 1363 656 149 64 533 1639 298 143 189 5 0
109 193 295 56 151 149 80 57 94 85 143 189 6 0
109 193 299 52 151 149 64 54 62 85 143 158 7 0
109 209 301 315 206 165 80 76 138 85 143 196 8 0
109 193 473 2339 1126 165 80 700 2014 351 143 196 9 0
125 209 358 1097 436 126 64 358 1127 162 143 157 10 0
125 193 297 50 149 126 64 49 62 92 143 15000 11 0
Chip#2
110 115 115 106 113 106 109 113 105 112 111 114 0 0
112 114 119 112 118 112 112 115 107 117 115 115 1 0
112 118 116 109 118 106 115 115 109 116 112 114 2 0
117 123 123 117 123 114 118 119 114 117 115 123 3 0
120 121 121 399 430 118 115 221 408 150 120 124 4 0
108 112 116 351 361 113 110 231 510 143 115 119 5 0
108 110 116 110 120 108 109 112 105 113 112 114 6 0
114 115 125 116 120 118 119 119 108 116 118 118 7 0
104 113 115 265 185 113 112 150 367 117 113 111 8 0
107 112 115 575 437 112 112 447 898 125 113 115 9 0
108 117 115 122 120 110 113 128 205 116 116 118 10 0
114 115 116 108 119 106 109 112 106 113 109 15000 11 0
Chip#3
100 100 100 100 100 100 100 100 100 100 100 100 241 0
100 100 100 100 100 100 100 100 100 100 100 100 241 0
100 100 100 100 100 100 100 100 100 100 100 100 241 0
100 100 100 100 100 100 100 100 100 100 100 100 241 0
100 100 100 100 100 100 100 100 100 100 100 100 241 0
100 100 100 100 100 100 100 100 100 100 100 100 241 0
100 100 100 100 100 100 100 100 100 100 100 100 241 0
100 100 100 100 100 100 100 100 100 100 100 100 241 0
100 100 100 100 100 100 100 100 100 100 100 100 241 0
100 100 100 100 100 100 100 100 100 100 100 100 241 0
100 100 100 100 100 100 100 100 100 100 100 100 241 0
100 100 100 100 100 100 100 100 100 100 100 15000 241 0
Chip#4
100 100 100 100 100 100 100 100 100 100 100 100 241 0
100 100 100 100 100 100 100 100 100 100 100 100 241 0
100 100 100 100 100 100 100 100 100 100 100 100 241 0
100 100 100 100 100 100 100 100 100 100 100 100 241 0
100 100 100 100 100 100 100 100 100 100 100 100 241 0
100 100 100 100 100 100 100 100 100 100 100 100 241 0
100 100 100 100 100 100 100 100 100 100 100 100 241 0
100 100 100 100 100 100 100 100 100 100 100 100 241 0
100 100 100 100 100 100 100 100 100 100 100 100 241 0
100 100 100 100 100 100 100 100 100 100 100 100 241 0
100 100 100 100 100 100 100 100 100 100 100 100 241 0
100 100 100 100 100 100 100 100 100 100 100 15000 241 0
Chip#1
101 177 280 33 122 126 48 32 0 40 143 189 0 0
101 161 244 21 117 117 0 25 0 32 143 147 1 0
101 177 278 29 127 133 48 34 46 92 143 196 2 0
101 177 244 34 130 133 48 31 0 41 143 147 3 0
109 193 385 1021 600 149 64 275 1086 253 143 189 4 0
109 209 294 57 153 165 64 63 94 85 143 189 6 0
109 177 297 53 150 149 64 59 46 85 143 164 7 0
125 209 302 315 271 126 80 78 136 85 143 189 8 0
109 193 471 2323 1115 126 64 702 1945 350 143 154 9 0
109 193 352 1084 428 126 64 374 1145 158 143 154 10 0
125 209 300 52 152 126 64 49 62 92 143 149 11 0
168 0 0 0 0 0 0 0 0 0 0 15000 24 0
Chip#2
104 109 108 101 110 104 102 102 97 105 100 107 0 0
114 121 122 117 118 118 121 118 108 117 118 123 1 0
103 112 110 104 110 109 104 105 101 107 104 107 2 0
118 121 123 124 127 121 121 118 111 117 112 120 3 0
112 121 125 399 426 119 117 213 402 144 112 118 4 0
120 126 128 351 374 126 122 233 515 152 122 127 5 0
107 118 120 109 120 110 115 110 106 113 113 115 6 0
112 114 117 110 119 118 117 116 110 116 112 120 7 0
110 118 121 270 196 115 118 148 364 118 115 119 8 0
108 115 121 575 444 115 114 451 890 130 111 115 9 0
117 122 128 130 134 125 123 133 211 122 118 124 10 0
113 119 117 112 122 117 115 114 112 118 109 15000 11 0
Chip#3
100 100 100 100 100 100 100 100 100 100 100 100 241 0
100 100 100 100 100 100 100 100 100 100 100 100 241 0
100 100 100 100 100 100 100 100 100 100 100 100 241 0
100 100 100 100 100 100 100 100 100 100 100 100 241 0
100 100 100 100 100 100 100 100 100 100 100 100 241 0
100 100 100 100 100 100 100 100 100 100 100 100 241 0
100 100 100 100 100 100 100 100 100 100 100 100 241 0
100 100 100 100 100 100 100 100 100 100 100 100 241 0
100 100 100 100 100 100 100 100 100 100 100 100 241 0
100 100 100 100 100 100 100 100 100 100 100 100 241 0
100 100 100 100 100 100 100 100 100 100 100 100 241 0
100 100 100 100 100 100 100 100 100 100 100 15000 241 0
Chip#4
