Chip#1
107 102 105 110 110 112 114 104 120 103 113 109 0
114 109 112 116 112 114 121 111 121 107 117 111 1
108 108 113 116 105 120 125 107 119 115 112 108 2
104 103 103 106 108 112 118 105 111 109 109 105 3
104 104 105 107 104 109 110 105 114 103 109 103 4
102 95 105 105 101 108 108 100 110 103 102 103 5
105 104 106 105 105 109 117 105 113 103 111 104 6
103 102 105 109 105 109 111 105 110 98 105 103 7
103 107 113 115 109 115 120 110 111 105 112 109 8
107 104 110 111 109 116 119 107 116 107 112 111 9
103 102 105 109 103 107 111 107 109 102 104 105 10
110 105 110 115 109 115 114 109 114 105 112 15000 11
Chip#2
98 101 100 98 104 101 96 97 93 90 95 98 0
103 105 105 104 108 109 106 100 99 101 101 103 1
104 111 108 104 107 106 105 105 101 103 103 105 2
104 107 104 100 108 105 104 101 98 98 101 103 3
107 107 107 105 110 109 107 107 104 103 106 106 4
107 106 107 106 111 107 105 103 99 103 106 102 5
107 109 110 105 110 109 106 102 106 105 108 105 6
103 106 103 104 111 102 104 106 100 101 104 106 7
103 107 107 105 111 106 106 103 104 103 105 107 8
106 107 104 103 106 106 102 102 101 100 103 107 9
106 109 105 105 110 109 106 107 100 100 108 107 10
107 110 107 109 112 107 106 107 104 104 105 15000 11
Chip#1
103 102 97 105 102 101 103 103 104 94 101 97 0
108 102 106 104 103 106 118 107 109 103 97 100 1
104 100 110 115 105 114 127 109 115 116 104 102 2
107 105 104 110 105 108 117 108 111 111 105 106 3
96 89 94 99 93 102 104 95 104 89 93 96 4
99 99 103 105 102 104 111 101 104 102 99 100 5
104 98 100 102 104 108 112 108 111 106 99 98 6
102 97 98 100 97 101 104 98 100 94 96 93 7
105 105 108 117 108 115 120 112 114 105 105 106 8
102 100 100 102 102 98 111 107 109 97 97 100 9
95 92 93 93 90 97 98 96 98 86 89 91 10
101 99 99 101 104 103 107 103 106 99 99 15000 11
Chip#2
107 106 105 108 108 111 106 103 101 104 106 103 0
106 106 105 106 112 106 107 104 101 104 108 106 1
99 100 99 98 101 100 99 96 95 96 99 100 2
106 106 100 104 106 104 104 102 100 104 103 102 3
102 105 102 108 110 105 105 101 99 100 106 105 4
101 109 103 104 110 105 105 101 100 103 103 102 5
97 98 93 95 99 95 96 96 93 95 100 97 6
106 109 104 108 113 110 110 109 102 109 111 107 7
102 102 102 101 106 101 101 98 101 101 103 103 8
104 106 104 103 108 107 102 104 101 103 108 110 9
107 107 109 104 111 106 106 107 102 104 108 108 10
108 106 104 105 110 109 104 104 101 101 104 15000 11
Chip#1
101 102 102 106 105 108 113 104 110 99 104 106 0
102 107 110 118 107 110 132 110 113 116 105 109 1
105 103 164 197 108 180 266 116 160 277 125 104 2
92 95 111 123 96 120 156 101 122 177 102 92 3
96 98 100 102 100 104 110 102 103 97 97 100 4
105 105 174 189 105 161 207 108 139 201 111 105 5
104 105 134 139 102 131 158 104 131 165 109 104 6
99 102 103 104 105 102 112 104 104 93 100 99 7
103 104 164 171 104 155 171 108 111 99 102 104 8
98 100 139 139 102 155 171 107 105 99 105 103 9
99 104 105 105 98 107 111 104 109 97 104 105 10
104 108 105 111 104 112 118 110 114 103 101 15000 11
Chip#2
108 107 105 106 111 107 106 104 104 104 106 107 0
104 105 99 99 102 102 102 97 95 98 100 103 1
98 98 99 98 101 99 96 94 91 96 100 96 2
103 103 100 109 106 102 108 107 98 103 109 102 3
106 106 105 119 117 104 113 111 102 109 111 107 4
107 106 107 105 107 107 104 104 100 105 104 106 5
104 106 103 108 108 99 124 121 99 118 137 105 6
104 107 108 116 116 109 155 162 104 138 166 113 7
103 103 103 105 104 102 111 107 100 103 106 102 8
104 107 104 108 108 109 117 122 102 114 132 107 9
102 102 104 94 101 104 142 160 100 127 166 111 10
101 101 98 101 103 104 104 108 99 100 109 15000 11
Chip#1
111 110 105 113 108 110 117 112 111 102 107 109 0
101 103 113 122 109 115 130 111 110 124 104 103 1
102 97 193 243 104 215 330 113 177 334 133 100 2
95 89 117 136 94 129 175 97 129 213 102 93 3
101 99 104 112 104 108 110 104 109 103 104 102 4
99 100 212 229 112 181 243 110 158 229 114 105 5
99 100 144 155 109 144 179 109 138 203 110 103 6
98 94 103 109 102 103 106 103 106 98 99 100 7
98 99 190 201 103 178 197 104 105 101 100 103 8
98 99 151 153 103 174 191 102 105 95 97 99 9
103 102 101 104 101 108 110 105 110 101 102 98 10
98 92 98 101 91 98 102 101 101 94 96 15000 11
Chip#2
104 106 105 100 102 101 106 104 101 98 101 106 0
99 100 98 95 100 95 99 95 95 96 99 97 1
99 106 98 103 101 101 102 100 99 95 100 105 2
99 102 103 119 111 101 116 113 99 105 116 103 3
114 119 118 142 135 115 138 134 113 123 126 119 4
108 107 107 108 111 102 106 107 101 101 105 106 5
106 107 103 110 113 106 143 141 101 131 165 108 6
110 112 113 131 128 115 198 204 108 167 209 117 7
106 110 107 109 110 106 111 111 104 107 111 107 8
98 103 98 103 106 100 120 135 99 112 150 105 9
102 103 102 99 107 104 174 207 105 146 211 114 10
104 107 103 103 107 102 114 125 99 104 118 15000 11
Chip#1
97 95 99 99 94 101 100 104 100 98 99 97 0
105 103 114 124 104 114 133 110 111 128 102 103 1
104 97 235 294 104 255 412 118 200 431 143 100 2
102 97 128 156 103 148 207 105 141 261 113 100 3
102 98 101 110 100 108 107 103 101 101 100 98 4
105 105 242 255 104 198 269 113 171 286 112 106 5
104 104 153 163 107 154 194 115 149 229 109 105 6
98 97 101 104 100 107 108 103 105 102 100 98 7
107 105 227 235 110 198 225 110 113 107 109 104 8
110 107 173 173 105 198 219 112 114 109 105 106 9
104 102 102 107 104 109 107 105 108 103 104 103 10
104 105 104 105 108 109 110 105 109 105 100 15000 11
Chip#2
106 106 104 100 106 101 101 103 96 100 101 101 0
104 105 105 104 105 105 105 102 101 100 101 102 1
108 107 107 105 110 105 105 104 105 100 108 105 2
102 107 107 121 116 104 125 118 101 112 118 103 3
102 105 107 139 124 102 134 122 96 111 116 100 4
96 101 94 95 99 94 96 91 93 89 92 92 5
108 111 108 115 117 106 156 158 105 145 189 108 6
102 106 105 131 123 104 224 226 101 182 248 112 7
97 101 98 99 101 95 107 107 95 95 106 97 8
108 115 112 113 115 109 135 152 108 134 174 116 9
102 106 104 101 103 101 196 242 108 165 259 124 10
106 109 107 103 106 104 119 129 100 105 122 15000 11
Chip#1
109 105 104 106 103 109 113 105 108 99 100 109 0
95 100 111 123 98 112 135 104 110 124 101 100 1
105 104 265 334 109 285 475 126 224 485 153 105 2
111 110 146 177 112 163 239 116 160 286 121 109 3
105 107 108 115 107 108 114 109 115 101 101 105 4
101 104 259 271 104 213 295 116 186 306 121 106 5
102 99 157 161 98 155 201 105 154 245 111 103 6
101 103 101 109 103 108 108 102 108 97 102 103 7
109 109 245 247 110 222 243 116 119 106 110 111 8
97 97 174 172 98 198 226 104 108 93 96 98 9
107 103 106 111 104 109 111 108 110 101 107 102 10
103 102 103 105 100 108 105 104 106 99 101 15000 11
Chip#2
103 109 103 103 106 102 105 100 100 100 103 103 0
110 112 108 106 108 105 106 103 102 106 105 107 1
112 111 108 111 111 107 110 108 106 107 109 112 2
109 109 105 132 122 106 135 128 104 121 130 107 3
107 106 110 156 134 104 143 134 100 121 127 106 4
109 110 108 116 113 109 111 107 107 105 110 108 5
99 103 99 109 108 100 165 162 96 150 200 106 6
108 110 109 142 132 111 258 258 108 203 288 122 7
104 106 104 110 108 106 114 116 102 107 118 108 8
102 107 104 100 103 104 138 153 100 129 185 113 9
109 107 103 103 108 105 218 277 111 188 298 133 10
114 115 112 111 115 114 129 142 111 118 137 15000 11
