Chip#1
115 107 101 100 103 104 105 104 106 98 106 110 0 163 120 155 23
101 97 146 169 105 131 190 102 114 190 102 103 1 0 0 0 0
95 103 575 758 111 585 1163 150 418 1206 229 100 2 0 0 0 0
98 98 207 294 104 246 458 107 222 593 140 100 3 0 0 0 0
97 97 122 127 104 113 125 104 110 111 102 100 4 0 0 0 0
103 107 628 643 110 440 722 122 316 704 153 104 5 0 0 0 0
104 107 302 316 111 273 423 115 247 517 139 109 6 0 0 0 0
97 100 107 111 102 103 108 103 105 99 99 100 7 0 0 0 0
95 100 543 550 103 413 514 104 104 98 101 98 8 0 0 0 0
99 100 363 337 102 407 497 104 104 97 101 99 9 0 0 0 0
109 107 105 106 108 106 117 108 110 103 106 108 10 0 0 0 0
101 103 100 100 105 103 107 104 106 95 101 15000 11 0 0 0 0
