Chip#1
114 103 112 106 105 104 112 108 107 107 109 105 0
111 109 107 101 104 105 111 107 105 106 109 107 1
108 105 113 104 105 107 110 108 111 107 108 100 2
115 104 113 181 120 108 107 120 120 110 109 105 3
113 108 112 142 108 107 111 118 118 113 114 109 4
104 96 105 97 98 98 101 99 95 99 98 98 5
108 101 109 105 103 102 107 104 108 108 110 108 6
114 106 113 127 110 106 112 126 142 108 112 105 7
109 106 109 151 125 104 111 172 143 108 106 106 8
113 109 114 107 105 108 108 112 111 111 108 104 9
108 103 102 101 100 97 105 98 102 101 102 103 10
113 103 104 97 104 102 105 110 101 107 104 15000 11
Chip#2
101 99 103 101 102 97 103 99 104 99 101 99 0
108 107 103 108 102 102 108 100 107 109 107 102 1
108 102 105 104 102 101 108 100 110 99 101 98 2
103 97 101 100 102 102 104 100 107 101 102 96 3
105 102 109 105 102 101 108 100 116 104 103 99 4
100 100 104 103 102 102 104 100 107 103 98 93 5
108 99 106 105 102 102 111 100 111 106 106 102 6
101 100 102 102 102 98 109 100 110 107 104 100 7
109 108 111 105 102 104 110 100 125 114 103 107 8
99 98 99 99 101 97 104 100 105 103 97 96 9
98 90 95 93 96 92 98 100 100 97 96 91 10
108 104 106 104 105 102 105 100 106 106 103 15000 11
Chip#1
108 101 103 97 97 96 103 99 97 100 102 99 0
107 109 104 98 104 103 103 104 102 106 103 102 1
111 109 113 110 108 111 110 112 110 115 110 108 2
107 109 125 490 179 107 108 162 181 107 106 105 3
106 105 109 305 103 103 103 140 149 102 99 100 4
104 101 104 101 99 104 103 100 101 102 99 98 5
114 109 112 107 108 111 114 109 106 110 114 105 6
114 109 117 236 145 112 113 204 265 115 113 103 7
106 105 119 381 227 106 108 482 298 110 103 103 8
106 104 108 106 103 101 107 121 114 101 102 99 9
111 108 114 109 110 110 116 112 111 112 110 113 10
108 103 104 99 97 98 104 104 97 105 98 15000 11
Chip#2
103 103 99 102 99 101 107 100 109 99 93 101 0
103 100 101 104 101 102 108 100 106 103 101 101 1
108 105 107 106 101 105 110 100 111 108 104 107 2
106 105 106 105 176 110 111 100 127 124 104 105 3
99 100 105 106 161 105 106 100 127 121 97 96 4
109 106 112 110 105 107 112 100 115 106 104 105 5
108 104 104 108 89 99 107 100 107 104 101 101 6
112 105 108 110 121 110 112 100 148 123 111 105 7
106 103 108 108 164 133 112 100 237 201 102 102 8
111 107 107 110 114 105 114 100 122 121 106 106 9
104 105 112 104 101 109 105 99 107 102 103 107 10
116 116 113 113 101 110 117 101 117 112 112 15000 11
Chip#1
111 108 105 103 104 102 108 107 103 106 106 103 0
118 104 111 105 102 104 109 108 107 105 103 109 1
113 109 109 113 110 110 112 113 105 113 109 105 2
113 108 132 685 214 102 107 186 192 105 108 100 3
108 106 112 412 110 105 111 154 181 107 106 107 4
102 101 108 103 101 102 104 103 99 103 99 99 5
113 106 108 111 109 108 116 108 107 112 113 103 6
121 109 121 303 172 116 116 256 360 118 121 109 7
110 103 118 510 299 103 109 677 408 111 106 102 8
110 109 109 119 105 104 110 125 125 108 108 105 9
114 109 108 113 106 108 113 109 109 107 106 107 10
114 104 104 98 100 101 102 107 101 103 101 15000 11
Chip#2
114 110 108 106 101 108 117 100 114 103 109 107 0
113 109 108 105 101 108 115 100 112 106 104 105 1
105 103 104 104 101 104 107 100 111 104 101 97 2
111 107 107 111 261 132 113 100 141 138 107 105 3
103 97 105 114 234 117 107 100 145 149 96 98 4
109 113 109 108 114 115 116 100 116 108 107 101 5
109 107 105 108 105 108 108 100 111 108 104 100 6
105 112 108 108 155 114 113 100 187 130 103 105 7
108 109 112 116 262 158 114 100 377 306 107 105 8
114 108 112 115 139 113 120 103 146 140 108 107 9
114 111 108 108 105 113 114 100 117 106 107 104 10
113 108 112 109 105 108 116 100 121 112 108 15000 11
Chip#1
115 108 112 109 105 104 111 105 106 106 108 108 0
111 108 108 102 103 107 108 107 99 105 110 102 1
110 108 109 112 106 108 113 110 106 112 109 107 2
102 106 131 815 234 98 112 205 213 110 105 107 3
101 100 108 465 105 99 102 161 181 101 99 98 4
111 109 108 111 108 110 113 113 111 110 108 105 5
111 108 112 111 106 108 113 108 108 111 113 102 6
110 106 112 338 177 110 110 278 406 115 108 105 7
102 101 117 596 334 103 107 804 452 105 99 94 8
111 108 109 113 103 107 110 123 116 105 104 102 9
109 101 105 101 100 101 108 105 100 101 105 102 10
117 105 105 102 103 103 108 104 100 101 105 15000 11
Chip#2
105 102 106 104 105 103 110 100 109 106 99 102 0
111 110 111 106 105 112 110 100 111 107 108 105 1
115 116 112 116 105 112 120 103 123 113 109 111 2
111 112 112 116 328 138 116 102 153 152 112 109 3
109 109 112 130 296 134 114 101 173 152 109 108 4
109 110 111 109 47 108 110 100 116 113 104 108 5
112 112 111 111 105 110 116 100 118 110 106 113 6
110 112 112 110 180 111 116 100 211 141 107 108 7
110 112 115 124 315 176 117 101 473 378 111 112 8
110 107 109 106 152 108 112 100 151 150 107 105 9
109 112 112 105 89 107 111 100 114 107 101 105 10
115 107 108 103 105 105 110 100 112 113 103 15000 11
Chip#1
117 109 107 103 104 107 110 104 103 106 109 99 0
114 109 113 102 108 112 113 107 110 103 109 105 1
114 108 116 111 109 114 117 114 108 110 114 108 2
106 109 137 885 248 108 111 213 225 111 109 107 3
111 105 116 501 111 103 110 172 190 108 108 103 4
105 109 111 103 104 107 110 108 105 106 104 98 5
113 109 117 111 109 107 116 109 106 112 112 109 6
108 103 112 352 178 106 115 292 421 108 104 104 7
108 109 123 647 364 110 112 872 496 112 108 104 8
110 108 109 119 108 108 112 127 121 105 108 104 9
111 109 113 106 109 110 110 110 105 110 105 110 10
127 109 113 108 112 111 118 110 107 115 118 15000 11
Chip#2
119 114 114 115 105 117 124 100 122 118 112 116 0
115 111 116 111 105 115 119 101 117 118 112 110 1
110 106 105 101 105 107 112 100 114 104 103 101 2
119 119 120 122 404 154 120 105 171 164 116 114 3
113 111 115 137 361 154 119 103 202 192 112 115 4
110 109 114 114 105 114 115 101 117 114 112 110 5
104 105 108 106 105 111 115 100 118 109 104 107 6
116 115 113 111 201 113 120 104 235 154 113 113 7
112 115 115 130 384 200 123 105 565 461 108 114 8
112 114 111 111 175 115 116 105 170 164 112 114 9
115 113 114 109 105 112 120 100 119 110 108 108 10
118 113 114 109 105 111 116 100 118 115 107 15000 11
