Chip#1
97 99 99 96 98 97 101 98 102 97 95 100 0
98 97 99 95 102 101 102 103 98 97 97 92 1
101 102 102 102 107 104 109 104 104 103 102 101 2
98 101 104 102 101 99 104 100 97 103 100 96 3
93 93 94 97 100 95 100 94 97 90 91 90 4
98 99 129 132 98 134 160 103 103 101 97 99 5
99 93 106 110 100 114 133 97 100 93 92 94 6
98 102 102 103 102 99 106 97 101 95 98 96 7
99 101 148 146 101 120 129 100 103 99 98 100 8
104 101 131 135 108 127 132 103 109 103 103 106 9
92 91 91 93 95 89 100 90 93 86 97 92 10
104 104 97 104 103 101 104 98 104 100 100 15000 11
