Chip#1
104 102 102 104 97 102 108 103 103 97 95 97 0
101 100 100 101 97 102 100 101 100 94 96 97 1
108 107 113 121 110 118 125 113 111 115 109 104 2
101 99 101 110 103 104 107 102 104 102 101 102 3
105 105 107 112 108 113 108 110 109 106 104 106 4
91 95 98 102 94 100 102 97 93 102 96 96 5
103 99 104 109 103 103 108 110 106 109 105 104 6
105 107 104 111 107 107 105 107 105 105 102 103 7
99 100 104 110 104 104 106 105 106 102 100 99 8
103 102 107 107 103 107 112 108 109 106 100 102 9
101 103 102 107 104 106 105 104 103 102 100 102 10
107 99 105 110 105 106 112 107 106 101 105 15000 11
Chip#2
108 111 112 110 107 106 107 104 105 104 106 110 0
104 103 103 103 107 101 100 98 100 96 103 103 1
104 102 102 103 106 101 102 101 99 99 103 103 2
113 105 112 110 111 110 111 108 110 107 106 110 3
103 103 102 100 104 100 99 100 105 98 100 100 4
107 106 105 105 106 105 102 101 107 99 100 106 5
110 111 110 109 110 107 110 107 110 105 109 108 6
96 97 97 98 99 95 98 94 96 93 96 96 7
97 103 97 97 100 96 100 97 100 93 95 97 8
103 101 98 101 107 101 100 102 101 96 101 98 9
108 106 107 106 111 107 106 101 105 106 106 107 10
109 109 105 108 111 106 104 108 107 104 101 15000 11
Chip#1
95 99 98 100 101 104 106 100 103 97 98 98 0
96 99 99 100 98 103 104 102 100 99 99 94 1
97 97 107 112 101 112 125 104 108 118 100 100 2
105 107 113 116 108 113 119 109 111 119 106 108 3
102 105 107 110 104 107 110 103 104 103 104 104 4
103 109 106 116 109 109 114 110 110 119 106 108 5
97 98 99 101 97 100 106 101 104 105 96 97 6
98 97 99 102 104 103 103 101 100 101 100 100 7
98 97 103 102 102 106 104 98 98 91 96 96 8
99 103 105 109 107 110 114 108 108 98 104 103 9
97 102 100 100 102 106 107 103 101 102 98 100 10
98 104 100 105 103 104 104 107 105 98 100 15000 11
Chip#2
106 102 104 106 106 104 101 101 99 101 103 102 0
102 98 102 101 102 102 98 97 98 98 96 100 1
112 109 110 109 110 111 107 108 106 107 108 110 2
104 101 100 104 102 101 105 103 102 100 101 98 3
98 101 98 99 101 101 100 95 95 98 100 98 4
103 105 102 103 105 104 100 101 100 101 96 101 5
102 102 102 101 104 100 104 98 100 99 101 103 6
98 97 102 100 102 101 101 97 95 100 98 101 7
106 106 103 109 107 105 107 103 106 104 109 107 8
103 106 103 100 106 104 104 104 100 103 106 106 9
108 107 105 105 111 106 107 109 102 107 105 106 10
109 106 108 105 112 106 110 107 105 103 106 15000 11
Chip#1
107 103 101 107 101 106 108 107 104 98 101 105 0
101 100 114 122 105 112 133 104 104 122 100 100 1
102 100 227 294 105 235 379 115 192 394 141 103 2
101 104 134 157 105 144 204 110 143 245 112 103 3
103 107 106 112 102 108 110 105 105 107 104 104 4
107 107 186 194 104 161 212 110 167 277 115 103 5
96 97 131 138 101 131 157 102 138 229 101 96 6
99 103 101 106 101 106 108 105 106 101 100 99 7
108 105 183 186 107 166 183 109 111 109 110 106 8
101 104 151 151 103 161 175 108 106 103 105 100 9
99 102 98 100 98 102 103 102 104 94 100 99 10
104 104 105 102 101 106 106 104 104 103 99 15000 11
Chip#2
107 109 108 106 112 106 106 102 104 103 104 108 0
107 110 108 105 108 106 104 104 107 104 104 108 1
103 102 103 100 101 104 101 100 101 98 101 98 2
113 114 113 130 121 115 129 125 112 118 126 111 3
101 103 104 132 125 102 126 118 99 112 117 101 4
112 106 108 109 111 107 106 104 104 104 106 103 5
107 106 104 110 110 102 123 124 99 118 138 108 6
111 114 109 133 129 109 166 164 108 142 167 111 7
106 107 105 110 110 106 111 109 105 105 106 105 8
106 107 104 105 107 104 117 124 102 114 132 106 9
107 105 102 105 106 106 149 170 110 133 175 114 10
99 98 98 99 102 96 102 109 96 99 105 15000 11
Chip#1
104 105 106 106 103 110 113 105 106 103 105 108 0
99 103 113 128 98 116 141 107 109 139 101 102 1
107 108 296 374 111 306 519 125 257 542 161 104 2
96 98 148 173 98 167 244 105 150 300 118 98 3
107 104 110 115 104 114 117 109 108 110 102 103 4
96 102 227 236 105 190 258 109 192 351 123 96 5
93 99 146 152 98 141 183 102 160 286 110 96 6
101 104 107 111 105 106 108 104 103 99 101 103 7
99 104 227 221 101 185 210 104 101 101 100 100 8
97 99 168 165 102 183 203 104 101 99 101 100 9
101 104 106 110 107 107 110 108 106 107 106 103 10
107 104 106 110 107 109 111 109 110 103 105 15000 11
Chip#2
102 102 98 98 101 99 95 97 94 98 99 98 0
102 100 100 101 101 99 96 99 99 96 99 101 1
103 103 104 99 105 102 100 98 100 100 101 102 2
103 101 104 134 117 102 131 125 99 117 126 105 3
101 101 105 161 133 101 144 135 99 118 124 102 4
99 97 95 100 105 94 96 95 93 89 95 94 5
104 102 103 115 113 102 143 142 102 137 169 106 6
104 103 103 146 130 105 201 204 99 162 211 108 7
104 106 103 111 111 105 113 110 102 106 108 105 8
103 102 103 101 104 99 119 134 96 121 155 106 9
108 106 108 109 110 106 180 222 108 160 239 127 10
103 101 103 103 104 97 112 121 100 103 117 15000 11
Chip#1
107 104 104 107 104 106 105 104 106 103 109 108 0
102 107 125 139 105 120 153 110 111 143 106 103 1
96 99 325 413 107 335 585 127 257 610 166 100 2
102 102 152 189 102 174 273 110 166 337 120 103 3
99 105 113 115 108 110 115 107 110 107 102 105 4
99 102 257 266 108 203 285 109 216 401 123 103 5
96 95 153 160 96 149 191 103 164 292 109 94 6
105 108 111 115 107 110 117 112 111 110 107 105 7
96 98 233 233 100 196 229 104 101 94 97 99 8
102 108 182 178 107 203 226 109 106 99 102 103 9
99 103 103 105 101 103 108 107 100 103 101 103 10
102 102 104 100 105 106 108 105 110 102 101 15000 11
Chip#2
110 109 108 108 113 111 108 106 107 107 106 112 0
109 105 109 108 111 110 107 105 104 109 105 108 1
112 110 113 113 112 110 110 113 111 110 108 111 2
104 101 108 153 127 107 153 137 105 129 137 106 3
106 105 114 191 153 107 169 151 105 134 141 106 4
102 100 102 114 108 104 104 103 101 101 96 101 5
106 107 107 129 116 106 165 165 105 151 196 108 6
101 101 104 162 142 105 240 246 102 189 266 108 7
106 103 107 119 112 109 124 118 106 111 114 107 8
104 103 104 104 110 102 134 146 102 132 176 111 9
103 102 105 101 106 100 209 258 111 180 282 127 10
101 100 99 100 105 101 114 129 100 107 124 15000 11
Chip#1
105 99 103 107 105 107 107 108 106 107 102 106 0
97 98 124 138 103 119 153 107 108 143 100 98 1
97 102 347 443 109 362 636 131 273 672 173 100 2
108 107 162 204 110 190 294 111 171 371 129 104 3
97 98 111 110 102 104 113 105 105 102 100 99 4
104 98 269 294 104 222 303 112 219 430 127 99 5
105 104 171 175 108 171 213 113 185 333 126 109 6
97 97 108 107 105 104 108 107 105 101 102 98 7
105 102 254 259 108 215 242 109 108 99 105 100 8
104 107 190 188 104 222 235 111 106 107 104 105 9
99 98 104 105 103 106 105 107 105 101 102 99 10
104 105 108 109 104 107 111 105 105 102 105 15000 11
Chip#2
101 98 100 101 104 97 96 97 94 95 100 98 0
112 109 110 109 108 105 107 105 107 101 106 107 1
107 101 104 106 105 104 102 100 102 101 104 102 2
98 97 103 157 127 99 157 137 99 127 140 100 3
101 102 112 204 158 101 181 160 98 136 146 103 4
97 102 99 111 110 101 105 104 96 95 101 105 5
107 105 107 129 123 105 175 177 105 157 218 113 6
106 106 110 182 157 107 274 283 108 215 306 116 7
106 102 105 118 115 105 122 116 101 105 116 107 8
101 103 99 100 105 101 137 159 99 129 194 106 9
97 95 97 101 101 96 227 293 106 192 319 128 10
106 107 107 105 110 106 124 141 104 110 136 15000 11
