Chip#1
94 99 96 99 103 98 115 106 104 108 110 108 0 246 124 20 23
103 109 108 110 112 122 312 258 132 272 229 114 1 0 0 0 0
89 101 96 92 99 106 278 239 125 259 207 99 2 0 0 0 0
93 101 96 97 106 96 158 133 101 129 117 99 3 0 0 0 0
95 99 99 96 106 131 468 385 125 314 283 103 4 0 0 0 0
100 107 108 104 111 118 332 280 121 272 238 105 5 0 0 0 0
99 104 107 104 112 108 152 139 111 142 137 102 6 0 0 0 0
103 107 108 108 116 126 441 401 113 514 460 109 7 0 0 0 0
100 105 107 105 111 108 326 305 124 375 339 107 8 0 0 0 0
99 105 107 103 108 106 152 147 105 154 137 104 9 0 0 0 0
100 107 105 106 107 118 375 361 144 321 287 110 10 0 0 0 0
106 111 108 109 110 115 275 256 120 222 207 15000 11 0 0 0 0
Chip#2
101 99 99 94 93 95 91 98 96 97 97 95 0 33 128 27 23
101 106 107 98 99 97 98 114 98 106 101 101 1 0 0 0 0
110 110 101 102 100 104 96 114 103 108 105 108 2 0 0 0 0
96 101 101 95 91 92 90 114 94 101 93 99 3 0 0 0 0
110 111 104 103 103 107 105 114 102 108 106 110 4 0 0 0 0
102 103 104 95 97 97 94 114 97 104 97 104 5 0 0 0 0
100 98 104 91 93 92 90 114 92 98 96 99 6 0 0 0 0
102 104 99 99 96 96 95 98 102 99 101 108 7 0 0 0 0
102 106 107 98 101 100 94 98 98 103 97 102 8 0 0 0 0
107 111 100 102 100 102 95 114 100 107 98 102 9 0 0 0 0
111 113 106 105 109 106 105 114 107 114 109 113 10 0 0 0 0
106 102 99 101 96 96 94 98 96 101 97 15000 11 0 0 0 0
