Chip#1
103 93 98 93 95 100 97 91 95 93 97 95 0 224 127 204 23
104 101 102 96 95 93 102 101 94 96 94 92 1 0 0 0 0
95 89 97 95 91 94 92 88 92 93 91 91 2 0 0 0 0
108 102 111 172 117 101 106 130 133 104 101 106 3 0 0 0 0
103 102 107 132 100 97 103 117 118 100 101 98 4 0 0 0 0
110 106 104 99 103 100 105 103 105 101 97 96 5 0 0 0 0
102 100 99 93 97 95 105 97 98 96 94 96 6 0 0 0 0
106 102 104 118 105 98 101 113 122 98 101 93 7 0 0 0 0
104 101 106 142 119 98 107 152 138 98 103 98 8 0 0 0 0
101 101 103 96 101 99 100 98 99 97 97 97 9 0 0 0 0
101 101 102 95 99 103 105 101 101 96 98 99 10 0 0 0 0
103 102 102 101 99 99 105 102 101 100 103 15000 11 0 0 0 0
Chip#1
115 108 112 112 113 109 114 111 110 107 111 107 0 4 128 183 23
106 102 103 97 97 98 102 101 99 101 98 98 1 0 0 0 0
107 105 104 103 108 100 103 107 105 101 103 98 2 0 0 0 0
106 97 108 230 118 97 100 140 150 92 97 96 3 0 0 0 0
106 101 101 159 99 98 105 130 139 102 99 96 4 0 0 0 0
108 108 107 106 102 101 107 108 109 103 99 102 5 0 0 0 0
112 103 106 104 105 101 112 108 106 104 107 101 6 0 0 0 0
101 97 102 135 106 94 100 127 142 97 95 95 7 0 0 0 0
106 98 103 186 135 97 100 193 166 97 97 96 8 0 0 0 0
111 105 111 112 108 106 107 112 113 102 107 103 9 0 0 0 0
110 103 103 103 99 100 102 98 102 101 98 99 10 0 0 0 0
112 108 104 104 106 103 108 107 103 104 103 15000 11 0 0 0 0
Chip#1
115 107 107 104 102 104 107 103 103 103 110 110 0 227 127 50 23
103 101 103 98 96 101 107 101 95 100 101 101 1 0 0 0 0
99 96 101 98 94 90 93 98 90 95 94 92 2 0 0 0 0
106 98 130 984 254 104 100 412 446 102 103 101 3 0 0 0 0
115 107 116 538 115 106 110 299 358 109 111 108 4 0 0 0 0
112 108 113 107 107 108 108 106 110 107 107 104 5 0 0 0 0
111 108 108 106 106 105 108 110 109 102 109 104 6 0 0 0 0
102 101 108 352 176 101 105 269 377 103 106 103 7 0 0 0 0
101 102 118 665 367 97 103 773 529 97 99 98 8 0 0 0 0
103 108 108 118 106 103 107 131 123 103 105 99 9 0 0 0 0
108 107 102 106 105 101 109 102 103 101 103 99 10 0 0 0 0
119 105 109 103 100 98 103 105 98 104 107 15000 11 0 0 0 0
Chip#1
110 107 101 96 95 95 98 103 98 100 98 101 0 223 127 244 23
110 105 97 93 97 95 102 101 97 95 102 99 1 0 0 0 0
104 107 115 112 109 106 109 105 109 107 109 106 2 0 0 0 0
114 108 145 1376 336 106 111 556 603 108 106 106 3 0 0 0 0
110 107 118 721 119 106 111 380 462 109 109 103 4 0 0 0 0
115 106 113 106 103 104 110 112 103 106 106 98 5 0 0 0 0
106 96 101 98 99 93 102 101 98 97 98 95 6 0 0 0 0
111 105 111 448 209 104 108 341 490 106 107 101 7 0 0 0 0
102 96 123 905 483 97 102 1046 731 101 97 98 8 0 0 0 0
111 107 112 125 109 106 110 124 133 106 107 101 9 0 0 0 0
110 101 106 99 106 100 101 103 102 98 103 103 10 0 0 0 0
124 100 103 97 99 95 104 101 98 101 107 15000 11 0 0 0 0
Chip#1
114 107 107 102 99 100 103 100 101 97 101 107 0 227 127 19 23
112 101 99 99 99 98 106 100 103 97 98 102 1 0 0 0 0
108 101 104 107 103 99 106 105 110 101 95 96 2 0 0 0 0
104 98 150 1689 389 99 103 674 725 103 99 97 3 0 0 0 0
112 107 116 896 117 108 112 454 562 103 103 99 4 0 0 0 0
111 103 108 108 107 103 109 108 107 104 107 102 5 0 0 0 0
106 99 108 102 101 100 107 103 103 101 101 97 6 0 0 0 0
108 107 112 569 242 106 108 411 629 106 106 102 7 0 0 0 0
102 103 137 1188 615 100 106 1386 949 108 98 97 8 0 0 0 0
110 107 113 134 111 104 116 140 150 112 105 101 9 0 0 0 0
111 106 107 101 100 104 103 106 103 102 105 102 10 0 0 0 0
130 107 111 104 105 104 106 107 103 107 109 15000 11 0 0 0 0
Chip#1
115 107 107 102 101 98 103 102 98 102 101 109 0 226 126 21 23
115 105 103 103 107 104 102 108 105 103 102 106 1 0 0 0 0
107 103 107 109 105 104 106 112 102 102 98 99 2 0 0 0 0
104 101 149 1700 389 95 100 673 723 100 101 93 3 0 0 0 0
103 101 112 886 113 103 106 454 555 102 95 97 4 0 0 0 0
114 108 113 108 108 110 114 111 111 109 103 104 5 0 0 0 0
104 107 104 102 108 104 107 106 105 102 102 97 6 0 0 0 0
111 102 108 566 240 103 107 416 626 107 103 99 7 0 0 0 0
104 102 136 1172 615 99 103 1393 949 102 95 97 8 0 0 0 0
103 103 108 126 101 103 111 140 139 101 101 98 9 0 0 0 0
114 106 112 108 108 111 110 112 109 109 105 112 10 0 0 0 0
127 108 108 103 102 104 102 105 105 104 107 15000 11 0 0 0 0
