Chip#1
91 96 92 95 104 89 105 98 91 101 94 91 0
95 99 94 101 104 98 108 103 94 100 95 98 1
100 103 95 99 104 93 106 104 95 101 98 93 2
99 98 95 102 104 92 106 104 98 103 102 97 3
94 94 89 95 104 91 106 97 90 99 92 90 4
98 92 95 101 104 93 107 102 90 98 95 93 5
95 95 93 102 104 87 103 101 92 98 93 97 6
99 100 90 101 104 100 109 124 91 104 100 97 7
109 107 103 109 106 106 119 124 102 109 106 109 8
96 96 94 102 104 91 109 124 92 104 95 97 9
96 93 89 97 98 84 109 101 90 95 95 94 10
94 88 89 95 104 84 106 103 84 97 92 15000 11
Chip#1
101 94 91 101 100 98 109 105 96 104 95 98 0
101 100 88 95 104 98 111 102 94 104 94 96 1
99 103 89 99 104 94 111 103 98 101 98 97 2
93 93 93 99 104 93 107 102 95 103 94 94 3
99 95 93 101 104 99 109 102 99 101 94 97 4
101 101 97 103 104 96 112 124 97 107 100 102 5
93 96 90 95 104 95 109 99 96 100 94 96 6
96 95 83 99 104 91 106 124 91 95 93 92 7
99 99 95 101 104 103 108 102 96 103 98 97 8
103 101 93 106 104 99 109 124 96 104 95 101 9
95 96 91 101 104 96 108 103 96 101 95 90 10
96 96 89 94 104 96 106 98 94 99 96 15000 11
Chip#1
101 106 95 101 104 99 109 103 100 103 102 96 0
152 174 104 112 106 110 125 130 109 136 121 107 1
159 184 113 117 105 107 130 128 105 141 122 107 2
104 107 95 101 104 102 115 108 94 104 100 93 3
127 138 112 114 119 115 142 144 115 140 125 109 4
113 116 102 113 111 108 130 132 105 140 115 103 5
109 112 102 112 108 112 121 126 108 113 106 105 6
120 116 103 132 122 108 135 144 106 144 129 108 7
115 117 102 121 123 106 130 133 110 134 123 107 8
105 106 95 107 104 102 119 110 100 110 104 103 9
124 130 107 126 122 120 158 164 119 148 135 110 10
123 117 107 123 113 108 140 142 108 132 115 15000 11
Chip#1
118 119 107 113 107 114 124 132 109 113 113 114 0
192 216 114 123 117 114 146 144 115 160 145 115 1
200 236 130 118 116 111 143 141 118 157 144 113 2
121 128 105 116 107 115 127 121 111 122 117 109 3
135 154 111 126 125 116 159 158 115 152 139 115 4
129 148 113 126 127 114 150 148 114 143 133 113 5
115 116 111 122 117 116 135 135 113 131 117 115 6
134 149 114 153 151 120 165 166 123 175 161 115 7
124 130 111 139 131 115 148 153 116 153 142 114 8
113 119 103 113 114 112 130 132 109 153 118 108 9
132 152 112 130 129 118 182 187 119 168 151 114 10
127 143 111 125 124 115 152 155 113 142 132 15000 11
Chip#1
123 121 113 120 113 115 126 135 116 142 121 120 0
208 227 123 132 122 119 154 154 125 176 158 116 1
210 250 128 126 119 116 150 152 116 170 152 115 2
139 151 121 132 119 126 138 147 118 141 134 126 3
151 166 122 144 142 128 184 182 134 171 152 116 4
141 160 123 140 134 131 166 166 123 156 142 117 5
115 111 107 121 113 114 128 135 116 156 115 110 6
145 158 118 178 167 135 182 187 131 196 180 121 7
135 148 116 154 142 122 161 165 121 171 158 113 8
121 123 109 122 114 118 136 144 118 137 125 113 9
141 163 121 145 141 132 206 211 118 184 167 121 10
137 150 114 135 131 123 171 176 120 154 144 15000 11
Chip#1
123 123 108 118 113 120 127 130 115 123 119 119 0
213 235 123 132 124 118 161 160 123 191 167 122 1
220 255 142 140 127 122 165 170 123 192 169 122 2
131 152 117 122 118 124 138 140 121 137 122 118 3
151 168 116 144 141 128 190 185 121 182 153 115 4
141 162 118 144 144 135 172 174 124 164 148 119 5
120 127 116 132 128 134 142 146 123 143 127 122 6
149 164 123 188 183 134 190 199 136 213 190 125 7
139 158 125 164 160 130 176 180 117 188 168 125 8
120 132 116 127 122 128 143 154 121 145 129 125 9
142 164 123 147 142 134 220 225 121 196 175 120 10
145 158 122 146 144 134 188 191 130 166 153 15000 11
