Chip#1
96 101 104 104 102 99 107 103 102 95 98 98 0
101 100 103 106 103 100 111 104 104 105 103 98 1
102 104 130 141 104 128 160 110 122 162 113 102 2
104 100 108 110 100 105 125 100 107 132 103 100 3
101 101 104 101 108 101 106 104 107 103 101 101 4
106 102 127 130 111 117 137 108 122 140 105 105 5
103 102 117 114 107 109 122 108 111 130 109 102 6
109 104 110 108 109 101 109 107 111 107 105 108 7
96 96 117 120 101 109 120 102 100 96 101 100 8
98 99 112 112 103 107 120 97 100 96 100 100 9
102 101 99 104 103 98 105 101 100 101 98 99 10
101 99 102 103 105 97 112 105 101 103 102 15000 11
