Chipdp
84 2 68 4 16 11 4 1 6 2 6 1 7 2 7 4 4 6 5 6 4 7 5 7 4 7 6 8 6 7 7 8 7 4 10 6 11 6 10 7 11 7 4 1 9 2 9 1 10 2 10 4 4 9 5 9 4 10 5 10 4 7 9 8 9 7 10 8 10 4 10 9 11 9 10 10 11 10 4 1 3 2 3 1 4 2 4 4 4 3 5 3 4 4 5 4 4 7 3 8 3 7 4 8 4 4 10 3 11 3 10 4 11 4 4 1 0 2 0 1 1 2 1 4 4 0 5 0 4 1 5 1 4 7 0 8 0 7 1 8 1 4 10 0 11 0 10 1 11 1 4 1 6 2 6 1 7 2 7 4 4 6 5 6 4 7 5 7 4 7 6 8 6 7 7 8 7 4 10 6 11 6 10 7 11 7 4 1 9 2 9 1 10 2 10 4 4 9 5 9 4 10 5 10 4 7 9 8 9 7 10 8 10 4 10 9 11 9 10 10 11 10 4 1 3 2 3 1 4 2 4 4 4 3 5 3 4 4 5 4 4 7 3 8 3 7 4 8 4 4 10 3 11 3 10 4 11 4 4 1 0 2 0 1 1 2 1 4 4 0 5 0 4 1 5 1 4 7 0 8 0 7 1 8 1 4 10 0 11 0 10 1 11 1 4 6 0 7 0 6 1 7 1 4 6 3 7 3 6 4 7 4 4 6 6 7 6 6 7 7 7 4 6 9 7 9 6 10 7 10 4 9 0 10 0 9 1 10 1 4 9 3 10 3 9 4 10 4 4 9 6 10 6 9 7 10 7 4 9 9 10 9 9 10 10 10 4 3 0 4 0 3 1 4 1 4 3 3 4 3 3 4 4 4 4 3 6 4 6 3 7 4 7 4 3 9 4 9 3 10 4 10 4 0 0 1 0 0 1 1 1 4 0 3 1 3 0 4 1 4 4 0 6 1 6 0 7 1 7 4 0 9 1 9 0 10 1 10 4 7 0 8 0 7 1 8 1 4 7 3 8 3 7 4 8 4 4 7 6 8 6 7 7 8 7 4 7 9 8 9 7 10 8 10 4 10 0 11 0 10 1 11 1 4 10 3 11 3 10 4 11 4 4 10 6 11 6 10 7 11 7 4 10 9 11 9 10 10 11 10 4 4 0 5 0 4 1 5 1 4 4 3 5 3 4 4 5 4 4 4 6 5 6 4 7 5 7 4 4 9 5 9 4 10 5 10 4 1 0 2 0 1 1 2 1 4 1 3 2 3 1 4 2 4 4 1 6 2 6 1 7 2 0 0 
Chip#1
94 101 93 99 104 96 103 103 96 98 99 98 0
99 107 97 103 104 102 106 124 102 99 100 102 1
105 107 95 103 104 96 111 124 102 105 106 104 2
96 105 94 95 104 96 105 105 97 104 101 97 3
95 96 88 97 104 88 105 98 94 95 99 92 4
98 110 98 107 104 103 109 116 105 107 105 105 5
104 105 98 100 104 102 112 124 105 100 105 102 6
100 110 97 107 104 99 108 110 102 101 109 103 7
96 105 98 103 104 96 108 102 100 97 101 98 8
94 103 90 93 104 88 108 104 92 95 98 97 9
98 106 97 100 104 96 107 110 102 98 101 105 10
96 103 90 97 104 92 106 105 99 95 98 15000 11
Chip#1
96 101 93 100 104 95 106 98 95 98 100 96 0
95 101 89 97 104 95 103 98 92 98 96 97 1
93 96 92 98 97 93 103 95 90 92 95 94 2
94 104 93 98 104 95 103 98 91 99 98 96 3
99 102 102 107 104 103 106 124 100 107 100 100 4
99 104 95 100 104 102 105 101 95 103 104 98 5
93 100 94 102 95 92 102 103 96 95 95 94 6
95 100 93 94 104 92 102 97 94 99 99 96 7
92 103 95 98 100 93 102 101 96 100 96 97 8
96 106 93 101 101 98 103 104 100 103 99 98 9
92 105 92 97 97 93 105 103 96 98 103 97 10
103 116 104 106 104 106 108 112 108 107 107 15000 11
Chip#1
98 107 93 102 102 96 105 104 100 105 99 98 0
96 99 92 88 104 91 105 102 91 93 92 93 1
101 106 100 103 104 100 103 108 108 105 104 102 2
93 101 98 95 102 99 103 98 95 100 99 98 3
96 104 93 95 102 92 103 102 101 105 101 101 4
99 101 97 98 104 96 103 101 98 101 101 96 5
95 100 95 95 104 99 106 105 99 98 99 93 6
98 104 95 95 104 98 105 103 96 103 99 97 7
93 101 95 97 104 96 105 101 97 101 96 97 8
94 98 90 95 95 87 105 96 92 94 96 88 9
94 106 94 99 98 98 106 103 100 98 100 92 10
99 104 89 98 102 95 100 105 99 95 99 15000 11
Chip#1
92 99 90 94 93 93 100 97 96 93 93 93 0
101 100 93 98 100 93 103 103 95 97 96 99 1
92 100 89 94 96 92 103 93 92 93 99 98 2
98 101 90 92 100 96 102 98 98 98 100 99 3
96 99 97 101 100 93 102 99 98 99 99 98 4
100 106 98 101 104 102 108 105 101 101 102 103 5
101 142 94 100 104 99 105 124 97 101 98 102 6
98 105 93 99 100 102 107 104 99 100 98 99 7
101 104 97 100 104 98 105 104 100 100 101 105 8
96 104 93 99 100 96 100 103 101 95 100 98 9
101 103 94 101 104 99 103 103 99 100 99 102 10
99 105 93 99 104 99 103 104 101 100 102 15000 11
Chip#1
92 100 93 93 104 95 103 96 96 97 99 94 0
96 99 85 93 100 91 103 91 92 92 95 99 1
101 105 95 102 104 95 103 104 102 101 105 99 2
109 142 98 103 104 100 108 124 109 109 107 98 3
96 100 89 99 104 95 102 101 97 99 98 96 4
94 106 94 100 104 98 105 104 104 103 105 103 5
98 104 93 100 104 98 103 103 97 101 100 98 6
96 101 93 102 104 99 105 105 99 104 100 96 7
99 98 94 98 104 94 108 102 100 100 104 97 8
95 107 95 98 104 96 105 105 104 104 101 102 9
96 103 95 99 104 99 103 107 104 103 101 101 10
94 99 90 95 104 90 103 104 99 97 99 15000 11
