21.9375
21.9375
22
22
22
21.9375
22
22
22
22
22
22
22
22
22
22
22
22
22
22
22
22
22
22
22
22
22
22
22
22
22
22
22
22
22
22
22
22
22
22
22.0625
22
22
22
22
22.0625
22.0625
22.0625
22.0625
22.0625
22.0625
22
22.0625
22.0625
22.0625
22.0625
22.0625
22.0625
22.0625
22.0625
22.0625
22.0625
22.0625
22.0625
22.0625
22.0625
22.0625
22.0625
22.0625
22.0625
22.0625
22.0625
22.0625
22.0625
22.0625
22.0625
22.0625
22.0625
22.125
22.125
22.125
22.125
22.125
22.125
22.125
22.125
22.125
22.125
22.125
22.125
22.125
22.125
22.125
22.125
22.125
22.125
22.125
22.125
22.125
22.1875
22.1875
22.1875
22.1875
22.1875
22.1875
22.1875
22.1875
22.1875
22.1875
22.1875
22.1875
22.1875
22.1875
22.1875
22.25
22.1875
22.1875
22.25
22.25
29.6875
37.75
48.25
58.1875
67.3125
75.8125
83.625
89.0625
95.875
101.8125
102.6875
101.375
98.875
96.25
94.1875
91.4375
89.4375
89
92.8125
97.5
97.375
95.1875
93.375
91.4375
89.125
91.5
95.75
98.375
96.6875
94.9375
93.0625
91.0625
93.0625
95.8125
95.25
93.6875
92.8125
94.0625
94.9375
94.5625
93.8125
93.875
92.875
90.6875
88.375
86.625
84.3125
82.1875
80.5625
78.5
76.5
75.0625
73.1875
71.4375
70.1875
68.5
66.9375
65.4375
64.3125
63.25
61.875
60.5625
59.625
58.4375
57.5
56.375
55.5625
54.5
53.9375
54.1875
54.5
54.5625
58.9375
63.1875
63.625
62.9375
62.125
60.9375
60.0625
59
59.1875
60
59.875
59.6875
59.4375
63.125
71.375
77.625
