Chip#1
101 101 102 102 92 98 107 99 100 95 102 98 0
102 101 105 102 98 102 107 103 100 96 103 99 1
105 105 108 110 100 108 110 110 107 103 106 98 2
100 100 107 119 100 102 102 113 110 99 101 98 3
98 100 100 104 94 98 105 107 110 91 98 95 4
105 103 108 106 96 104 108 105 103 97 102 100 5
98 101 103 102 95 102 109 102 103 96 102 93 6
104 104 109 113 104 102 109 112 113 102 99 102 7
108 108 109 123 109 110 108 126 119 103 108 103 8
101 104 111 107 100 108 110 105 100 97 104 98 9
102 108 107 104 96 108 108 105 103 100 99 99 10
101 106 105 104 94 103 105 104 99 100 97 15000 11
Chip#2
105 103 102 103 102 104 105 100 106 101 104 106 0
105 103 99 103 103 99 101 99 103 100 97 104 1
99 100 97 101 97 94 101 99 103 93 89 98 2
103 102 101 105 104 103 107 100 105 99 102 108 3
91 93 94 97 99 93 99 99 98 93 90 95 4
103 100 102 104 99 102 103 100 104 96 98 104 5
98 93 99 101 101 98 99 100 100 94 96 102 6
103 100 101 101 101 105 104 100 105 99 104 105 7
104 104 104 103 101 104 105 100 109 103 102 104 8
104 98 103 98 101 103 106 100 107 101 102 101 9
99 97 97 101 98 104 103 100 102 96 98 101 10
105 97 96 99 104 103 103 100 102 98 94 15000 11
Chip#3
92 91 93 97 96 99 87 91 96 98 94 92 0
90 93 89 99 98 103 91 94 92 98 98 96 1
97 94 96 101 99 106 98 96 101 102 100 102 2
97 94 95 103 98 109 95 94 103 101 99 94 3
101 98 101 107 105 110 97 101 102 104 104 101 4
96 101 94 103 101 105 97 99 102 98 103 103 5
96 100 99 104 103 107 99 101 98 101 102 102 6
95 91 95 96 98 102 90 94 96 97 102 95 7
92 96 92 96 100 103 93 94 98 101 102 96 8
91 85 86 89 91 92 85 87 88 94 94 86 9
99 96 96 103 100 102 93 94 100 103 99 98 10
100 100 98 103 104 103 97 96 100 99 102 15000 11
Chip#4
103 107 106 100 103 101 108 107 106 100 98 99 0
100 101 102 94 101 97 101 102 103 96 93 99 1
93 97 99 90 98 98 98 100 100 93 93 99 2
97 100 102 96 104 100 108 106 104 101 98 100 3
94 94 100 91 97 103 106 99 100 93 95 95 4
100 105 104 96 103 105 108 107 106 100 101 103 5
100 100 102 94 100 100 107 100 104 96 101 97 6
101 100 100 99 106 106 110 106 106 98 105 99 7
95 94 97 97 101 96 104 98 97 97 98 101 8
96 98 106 93 98 97 107 99 103 94 95 96 9
94 97 94 96 98 97 107 99 100 92 99 96 10
92 91 96 90 97 92 103 97 94 88 89 15000 11
Chip#1
110 109 105 108 103 110 111 107 106 111 113 103 0
108 108 107 111 102 108 108 109 111 110 106 104 1
94 99 102 100 89 96 97 96 93 92 100 94 2
109 108 111 120 104 107 105 115 120 102 108 103 3
102 104 105 107 98 98 103 117 114 106 104 100 4
106 108 108 107 100 106 108 107 109 108 105 99 5
100 99 98 96 90 100 98 98 95 97 99 93 6
101 103 104 108 103 101 108 108 113 100 102 102 7
109 108 108 120 112 109 109 127 121 105 106 109 8
104 104 104 103 101 102 109 108 104 100 99 97 9
105 104 104 103 102 102 109 104 104 97 99 100 10
101 97 98 96 94 92 99 95 97 92 97 15000 11
Chip#2
104 100 98 98 103 94 103 100 99 99 101 101 0
101 100 101 93 102 96 101 100 99 92 98 99 1
104 101 103 101 102 102 104 99 107 99 104 105 2
108 105 105 101 102 104 103 100 107 110 106 106 3
105 102 104 104 102 107 109 100 102 107 100 103 4
109 105 105 109 102 103 110 100 110 107 107 104 5
104 99 103 103 101 98 107 100 100 103 103 99 6
104 99 99 102 101 104 106 100 109 104 102 99 7
97 90 95 96 98 95 99 99 99 99 94 96 8
105 102 103 101 98 102 103 100 103 107 99 106 9
105 100 103 100 98 99 105 100 100 101 101 101 10
96 91 98 88 96 97 99 99 95 91 92 15000 11
Chip#3
92 96 93 99 99 102 94 94 101 103 99 95 0
92 90 86 96 92 102 89 89 95 101 89 95 1
92 92 91 94 95 100 92 91 95 96 94 95 2
94 95 92 99 98 100 94 96 100 101 99 97 3
96 101 95 102 102 112 97 100 103 103 104 103 4
87 94 92 97 96 103 94 97 100 98 102 95 5
91 87 89 95 92 100 90 89 93 97 95 94 6
94 98 93 97 98 100 91 96 104 105 94 97 7
91 94 90 97 96 98 94 98 97 103 98 94 8
90 92 92 99 99 101 91 97 92 96 97 93 9
92 92 96 100 100 105 99 98 101 98 98 97 10
89 89 89 93 90 95 89 85 92 95 89 15000 11
Chip#4
101 105 109 104 110 104 113 105 110 101 106 105 0
92 92 96 93 95 93 100 94 100 93 89 91 1
104 106 109 103 109 104 110 104 107 103 105 103 2
94 92 102 94 98 94 100 99 101 92 95 96 3
101 101 106 103 103 105 111 104 107 101 105 97 4
98 99 107 104 113 102 113 108 108 100 105 102 5
96 102 96 92 101 96 103 99 103 94 93 95 6
101 101 103 101 106 104 110 103 104 100 102 100 7
99 102 110 99 104 102 107 103 107 100 99 99 8
94 94 93 93 93 94 100 94 98 88 90 95 9
99 97 99 96 100 98 106 100 106 99 101 95 10
98 100 99 96 103 97 103 97 106 93 99 15000 11
Chip#1
107 109 105 104 102 104 108 104 105 102 104 101 0
102 101 105 101 103 107 104 104 103 99 102 99 1
106 104 109 106 100 104 108 108 105 102 104 100 2
107 109 112 125 111 113 113 121 121 107 114 107 3
98 103 100 107 95 97 104 108 113 101 101 94 4
96 101 98 100 95 99 102 98 100 95 99 90 5
102 106 108 102 101 102 103 102 107 100 106 95 6
100 105 103 107 100 98 100 108 113 100 100 98 7
101 103 103 117 108 107 105 120 114 100 104 99 8
91 96 99 100 92 96 100 98 96 92 93 93 9
98 96 104 101 92 101 105 103 105 97 100 98 10
105 97 102 100 95 98 103 104 104 99 100 15000 11
Chip#2
100 94 99 96 103 96 101 100 98 94 98 96 0
108 105 106 98 103 110 109 100 107 103 109 107 1
103 95 98 92 104 101 101 100 100 99 99 98 2
105 102 103 102 105 98 105 100 109 102 104 104 3
102 98 101 104 104 103 109 99 103 103 102 97 4
106 103 102 99 105 101 103 100 101 97 98 99 5
108 104 106 104 105 108 108 100 109 107 107 104 6
104 94 105 98 105 102 105 100 107 106 102 102 7
109 99 101 98 105 101 105 100 106 107 104 105 8
98 94 97 92 99 93 97 99 99 93 94 93 9
105 100 107 98 99 102 108 100 107 101 99 106 10
99 97 103 93 99 93 99 100 100 98 99 15000 11
Chip#3
91 94 92 93 94 102 93 94 98 99 92 97 0
87 94 93 93 90 100 88 97 97 100 95 92 1
95 98 97 101 98 104 94 99 103 103 102 98 2
93 96 93 96 99 102 99 97 100 102 97 95 3
90 92 93 101 94 104 94 92 96 96 98 94 4
91 94 92 95 92 102 93 96 98 96 97 96 5
92 94 92 101 97 102 97 98 97 98 97 96 6
91 91 89 97 95 105 95 96 95 100 95 95 7
95 98 91 99 99 101 93 94 102 100 95 97 8
98 96 98 104 96 105 97 102 104 99 100 95 9
92 95 92 101 96 103 90 97 96 100 100 93 10
92 90 89 96 94 100 88 91 98 97 92 15000 11
Chip#4
98 103 99 99 99 101 107 105 104 97 96 100 0
100 101 103 101 107 102 107 99 108 98 102 104 1
100 101 100 99 103 105 113 106 104 98 99 101 2
96 97 102 93 103 100 104 100 99 94 96 98 3
105 106 107 103 110 103 111 106 111 100 102 108 4
96 98 100 101 100 104 106 99 104 96 96 100 5
97 103 106 94 103 102 106 104 108 94 96 100 6
93 96 97 92 95 98 103 99 97 90 99 103 7
107 104 110 104 109 106 113 111 113 98 103 107 8
94 92 94 90 93 97 100 92 100 89 92 100 9
98 101 103 100 93 100 107 99 101 96 90 99 10
97 93 99 99 100 96 104 97 101 94 93 15000 11
Chip#1
98 101 100 100 97 99 104 103 99 101 99 97 0
101 103 100 101 96 98 99 101 99 100 97 98 1
113 108 114 113 108 112 112 118 113 111 106 107 2
106 105 107 122 101 99 104 117 114 100 104 99 3
98 105 108 109 100 99 107 117 113 101 103 99 4
104 105 109 106 97 98 108 108 105 100 102 95 5
101 101 109 107 100 103 105 108 100 101 104 100 6
94 100 98 107 98 94 98 102 107 100 102 94 7
96 100 99 117 103 95 100 121 113 99 96 97 8
105 104 108 103 97 102 107 101 104 101 102 94 9
98 106 104 103 99 107 105 107 105 102 98 102 10
98 101 103 103 94 95 107 99 96 96 95 15000 11
Chip#2
106 100 99 101 99 105 109 100 110 107 107 102 0
106 105 103 106 105 104 105 100 107 107 107 105 1
110 104 103 102 104 101 100 100 108 99 108 100 2
110 105 106 110 105 107 108 100 115 105 109 108 3
97 95 102 104 104 97 101 99 107 104 99 105 4
101 102 95 98 98 101 99 99 100 97 99 98 5
105 98 101 98 102 99 104 100 103 96 98 105 6
104 102 101 101 102 99 101 100 102 106 104 106 7
108 103 105 101 102 104 105 100 107 106 104 106 8
105 94 98 98 104 99 107 100 105 99 104 107 9
104 100 99 99 101 105 101 99 103 98 102 101 10
101 98 102 97 102 97 104 100 103 103 99 15000 11
Chip#3
92 92 93 99 94 99 94 91 95 100 97 98 0
91 91 91 93 88 93 87 92 92 93 91 89 1
87 91 86 91 95 97 88 90 95 97 92 87 2
95 98 93 98 101 101 93 94 98 100 99 95 3
93 95 94 97 95 100 93 91 98 95 97 102 4
91 94 89 99 94 99 90 92 96 96 98 95 5
89 92 90 92 96 99 86 92 91 98 92 92 6
93 94 96 94 98 96 95 94 97 95 96 97 7
92 94 96 100 95 100 91 94 98 100 100 99 8
98 101 98 102 104 105 97 99 101 101 97 97 9
94 94 94 100 95 102 97 97 98 101 102 100 10
98 105 103 106 105 105 98 103 107 107 104 15000 11
Chip#4
98 100 102 100 104 98 110 103 107 93 96 96 0
100 98 104 104 101 104 108 103 107 94 99 104 1
105 106 109 110 104 108 113 106 113 98 108 107 2
103 100 102 103 104 104 104 102 110 100 101 96 3
97 94 104 100 95 101 103 96 104 94 96 99 4
96 98 102 104 104 101 103 99 106 94 93 96 5
96 93 104 100 101 98 106 102 107 94 101 100 6
97 98 106 105 97 102 108 103 109 97 99 100 7
96 91 103 94 97 98 106 100 100 92 93 94 8
101 94 104 99 100 102 106 102 103 94 96 99 9
97 101 97 100 103 101 106 104 104 96 103 96 10
99 94 93 93 95 97 101 97 100 92 93 15000 11
Chip#1
110 108 107 107 104 104 108 107 108 103 101 100 0
104 104 103 102 98 99 107 103 104 100 98 98 1
104 103 105 101 95 98 100 104 101 99 98 92 2
102 106 109 121 103 102 103 118 117 101 106 97 3
104 101 105 109 102 99 102 112 116 105 102 98 4
108 103 108 103 98 99 109 105 108 102 103 98 5
110 108 109 108 105 107 107 109 105 105 105 100 6
102 96 99 108 96 97 97 108 101 96 98 93 7
105 108 107 121 105 99 105 122 116 102 104 98 8
102 100 103 105 97 96 102 101 96 99 96 94 9
108 106 107 105 100 104 105 112 104 106 104 99 10
105 108 103 100 97 96 110 109 103 101 106 15000 11
Chip#2
101 99 95 99 102 93 96 99 102 94 92 98 0
104 104 101 101 102 103 105 100 104 97 98 106 1
104 103 105 102 102 99 101 100 103 100 98 102 2
109 107 113 109 102 108 116 100 109 109 106 112 3
105 99 106 104 102 103 101 100 109 103 102 110 4
100 99 98 101 102 98 104 100 101 97 98 105 5
108 103 105 103 102 103 105 100 106 99 97 105 6
101 99 103 98 104 99 101 99 104 98 99 102 7
99 94 99 92 98 94 97 99 98 96 94 99 8
104 100 105 99 98 101 100 100 104 97 99 104 9
106 98 102 103 98 101 105 100 99 94 102 107 10
110 102 103 106 98 104 108 100 105 105 104 15000 11
Chip#3
96 96 94 97 98 98 90 93 97 95 97 100 0
100 99 94 103 96 106 97 98 100 102 104 99 1
96 98 93 95 95 100 89 91 97 97 93 94 2
94 96 91 92 94 102 89 88 97 95 99 97 3
93 98 94 103 96 101 90 94 100 100 102 95 4
91 96 95 97 96 102 93 96 93 95 93 97 5
98 99 96 107 96 102 98 94 100 99 99 98 6
98 100 96 104 99 106 91 98 102 101 99 98 7
97 95 96 96 99 103 93 96 100 100 99 100 8
98 97 96 101 101 100 98 97 96 100 94 100 9
93 95 91 97 96 100 98 93 89 97 97 93 10
96 100 98 101 101 104 95 97 101 102 98 15000 11
Chip#4
97 96 102 100 97 105 104 102 104 92 95 96 0
102 97 106 107 103 104 106 102 108 98 96 103 1
96 98 102 99 101 105 106 99 107 98 95 99 2
96 92 100 99 97 104 103 97 103 98 92 95 3
102 101 102 105 104 105 107 106 107 101 99 101 4
99 94 105 100 98 102 108 99 106 96 93 96 5
97 97 104 104 103 102 107 102 106 96 103 100 6
93 94 100 93 101 102 101 97 101 94 89 92 7
101 100 106 99 101 106 107 104 106 97 92 96 8
96 97 97 99 101 101 101 104 106 92 90 95 9
96 96 103 101 100 98 103 99 97 89 93 96 10
95 96 99 100 101 101 106 97 107 96 92 15000 11
Chip#1
104 104 105 107 104 106 108 104 107 102 108 108 0
97 103 99 97 90 97 102 100 97 95 102 94 1
97 99 100 100 94 98 103 104 97 96 99 95 2
98 100 103 120 99 101 98 108 113 95 98 92 3
100 97 99 108 94 97 108 109 111 100 102 93 4
97 92 96 96 90 99 99 100 93 95 95 90 5
100 104 105 103 97 104 109 104 101 99 104 101 6
98 99 98 106 96 95 103 109 108 99 102 97 7
106 103 105 117 103 104 104 123 113 99 102 102 8
104 108 108 108 100 106 108 105 111 102 105 95 9
100 104 100 103 94 103 105 105 100 100 101 97 10
105 101 105 103 98 99 108 107 104 101 99 15000 11
Chip#2
101 102 102 97 98 99 100 99 105 102 103 101 0
103 103 103 106 102 103 107 100 103 102 106 105 1
108 105 109 108 102 110 112 100 115 104 109 110 2
105 104 104 103 102 102 101 100 109 107 106 105 3
103 99 106 103 102 104 104 100 105 100 99 106 4
103 103 109 101 101 104 100 99 105 102 102 104 5
104 99 98 101 103 102 104 100 107 99 103 101 6
106 103 109 104 103 107 110 100 111 104 103 104 7
98 100 101 99 102 98 105 100 107 102 102 104 8
109 108 109 109 102 112 108 100 112 112 111 110 9
109 106 109 104 102 107 107 100 107 104 105 108 10
117 115 113 108 102 115 114 100 117 110 115 15000 11
Chip#3
100 98 102 103 104 109 98 98 100 105 99 98 0
102 101 99 104 105 110 101 99 104 111 103 103 1
101 98 94 97 99 103 98 92 101 103 95 96 2
89 92 88 95 92 99 85 92 95 98 94 91 3
100 101 98 104 100 107 95 94 101 104 100 100 4
97 100 98 104 103 107 98 97 96 104 98 100 5
92 100 95 102 95 98 94 91 101 101 94 95 6
102 104 102 103 103 112 101 101 105 108 104 103 7
92 96 92 100 94 100 95 92 92 103 95 91 8
97 103 98 103 105 105 99 99 104 103 100 103 9
94 98 96 101 99 109 93 93 96 104 97 93 10
100 98 98 100 100 105 97 96 100 101 98 15000 11
Chip#4
97 101 103 94 98 104 104 102 106 97 99 99 0
97 101 105 100 101 102 111 102 108 100 101 100 1
105 107 116 107 101 110 114 108 111 102 105 104 2
100 100 103 101 97 105 103 102 106 95 102 103 3
97 94 103 96 90 100 108 97 101 93 101 96 4
96 100 102 99 98 102 107 99 103 94 96 99 5
97 91 100 92 89 93 98 93 97 86 92 94 6
91 100 99 92 98 102 106 99 101 90 95 96 7
99 100 104 93 100 102 104 102 106 97 95 97 8
95 93 97 94 92 98 101 96 101 93 88 92 9
104 106 109 105 103 108 108 105 111 100 99 100 10
102 104 109 104 107 102 110 104 113 101 105 15000 11
