Chip#1
111 109 111 103 104 110 115 109 107 110 110 106 0
113 108 107 108 106 108 113 109 111 107 108 101 1
104 105 103 100 102 103 106 104 103 103 102 104 2
105 99 127 702 211 106 102 179 190 106 102 94 3
109 105 113 428 112 106 112 157 181 110 112 103 4
110 109 109 106 100 103 112 103 109 105 104 101 5
110 106 105 100 103 104 109 107 106 102 108 100 6
115 108 111 302 161 109 115 255 357 110 106 104 7
110 108 121 538 311 106 115 723 437 108 106 107 8
97 99 103 107 99 106 112 121 117 94 104 97 9
123 109 117 112 114 113 117 115 117 111 113 113 10
113 109 107 102 99 102 110 105 103 105 104 15000 11
Chip#2
106 100 107 105 105 108 108 100 109 107 101 108 0
97 93 101 99 97 96 101 100 100 96 93 93 1
103 104 103 104 97 102 107 100 106 99 102 101 2
98 99 102 103 135 104 103 100 111 107 98 101 3
112 109 115 116 136 113 116 100 126 122 111 110 4
106 99 103 109 103 104 107 100 106 103 104 101 5
106 102 105 104 103 104 107 100 107 103 104 104 6
108 105 105 104 114 101 108 100 127 112 104 102 7
104 102 111 111 136 124 110 100 190 161 106 108 8
104 98 101 100 105 96 100 99 112 107 101 95 9
108 103 106 104 105 108 106 100 109 100 104 107 10
103 106 105 106 105 107 114 100 111 107 105 15000 11
Chip#1
109 101 108 101 98 100 104 100 101 101 105 100 0
110 105 109 105 102 106 107 106 111 103 108 102 1
108 104 105 101 100 102 108 107 103 106 104 97 2
104 103 107 165 109 100 105 109 116 101 102 102 3
105 101 108 133 94 99 100 108 108 102 98 94 4
106 103 109 102 103 108 107 108 105 107 108 102 5
97 95 98 96 94 96 102 95 96 99 101 93 6
106 97 103 120 103 102 105 116 133 101 102 102 7
104 109 107 145 123 101 103 168 140 104 103 98 8
101 95 100 99 92 96 99 99 96 94 101 95 9
97 96 104 95 89 98 100 98 103 101 101 95 10
108 103 109 100 97 102 105 105 105 107 104 15000 11
Chip#2
108 106 109 103 105 111 114 100 109 107 111 111 0
110 110 109 105 105 110 110 101 114 108 109 106 1
101 99 101 97 102 101 101 99 102 97 102 101 2
105 99 103 99 102 99 100 99 107 99 102 99 3
106 103 108 108 102 103 110 100 109 107 107 106 4
98 97 103 103 102 103 99 99 105 99 103 99 5
100 101 105 106 102 100 103 99 108 105 104 102 6
101 95 104 102 102 100 99 100 105 99 102 98 7
91 88 92 93 99 88 95 93 105 97 90 90 8
101 102 107 99 99 97 102 100 107 102 106 102 9
105 96 99 103 97 99 107 99 100 99 99 98 10
110 104 108 106 97 102 105 100 110 103 108 15000 11
Chip#1
98 97 100 95 95 96 100 98 97 100 99 94 0
111 108 107 100 100 106 112 105 107 103 106 100 1
108 101 108 103 103 103 108 109 103 107 106 95 2
104 101 113 288 133 103 105 131 133 101 105 98 3
102 96 103 201 102 98 104 117 122 99 102 95 4
108 103 107 97 103 106 104 99 107 105 100 100 5
109 100 109 101 104 103 108 104 101 106 104 97 6
106 100 111 158 121 106 110 149 181 108 104 103 7
96 92 108 231 155 97 102 280 190 99 97 90 8
98 97 107 100 96 94 102 102 100 96 99 93 9
102 103 107 97 94 98 100 99 95 100 92 96 10
113 105 112 108 106 111 112 113 109 112 108 15000 11
Chip#2
103 99 101 100 97 103 108 100 105 101 102 99 0
105 103 102 105 97 103 110 100 112 106 107 101 1
94 98 106 100 103 99 109 100 107 97 102 102 2
100 94 99 96 125 98 101 99 109 104 98 101 3
104 99 105 104 120 108 107 99 117 109 104 105 4
101 98 102 101 105 102 103 100 101 99 101 101 5
101 103 105 101 101 101 104 99 104 97 99 96 6
104 100 101 101 101 103 103 100 125 109 106 105 7
99 97 101 101 124 116 103 99 168 144 98 97 8
105 100 101 99 114 102 104 100 115 103 104 105 9
94 94 98 103 98 100 103 99 102 98 97 98 10
108 100 104 104 98 99 105 99 106 101 104 15000 11
Chip#1
106 106 111 103 102 107 108 103 108 107 106 104 0
110 105 112 103 103 104 111 104 103 101 104 106 1
109 109 111 107 104 107 110 108 113 106 103 103 2
110 109 126 414 160 110 113 149 159 105 110 108 3
101 100 105 263 104 101 110 126 140 102 104 103 4
106 100 107 98 99 98 106 103 102 101 98 102 5
105 104 107 102 106 107 111 105 106 103 105 103 6
101 97 100 198 125 101 102 172 220 95 101 95 7
115 109 118 331 209 111 115 410 265 111 109 105 8
111 106 113 111 106 111 113 118 120 110 108 105 9
113 108 113 108 108 107 116 110 109 107 110 105 10
106 99 104 97 96 98 100 101 101 99 100 15000 11
Chip#2
105 102 101 101 101 104 105 100 109 103 99 105 0
103 100 98 100 101 103 101 100 104 93 101 100 1
103 99 99 101 101 101 104 100 106 98 104 96 2
108 104 109 106 165 108 110 100 123 119 108 108 3
100 106 106 106 153 111 110 100 123 123 107 102 4
101 102 96 100 102 104 105 100 109 103 102 104 5
105 104 106 105 105 102 110 100 110 107 106 106 6
104 98 105 99 114 103 104 100 137 110 104 100 7
99 100 104 107 148 123 101 100 212 183 104 104 8
99 99 104 99 114 98 99 100 117 112 98 102 9
103 100 106 100 99 101 103 100 104 99 103 100 10
102 104 101 103 104 102 105 99 104 103 100 15000 11
Chip#1
113 105 109 103 100 103 112 103 107 107 108 104 0
106 104 107 102 97 103 109 105 105 103 104 102 1
104 108 107 106 100 104 107 107 104 107 103 99 2
119 109 135 532 188 117 118 167 181 113 112 110 3
110 109 114 336 112 117 113 140 160 112 113 106 4
105 97 105 97 98 103 102 104 103 102 102 98 5
105 104 108 105 103 103 104 108 105 103 104 98 6
104 104 111 243 138 103 108 209 280 101 103 100 7
104 103 116 412 242 99 110 524 328 106 102 102 8
117 109 112 114 110 110 113 128 123 111 112 108 9
100 95 95 96 92 96 97 95 100 97 95 95 10
115 106 112 104 102 105 110 110 109 105 113 15000 11
Chip#2
106 104 107 106 101 99 108 100 106 104 104 102 0
101 102 106 113 101 104 113 100 108 102 103 101 1
109 102 109 104 105 105 111 100 106 106 107 102 2
101 100 102 101 205 112 104 99 116 117 98 95 3
106 105 108 112 202 121 111 100 142 134 106 101 4
97 98 104 101 102 102 105 100 104 97 102 100 5
101 100 104 101 105 100 104 100 109 106 106 102 6
104 95 103 101 129 103 101 100 159 123 98 101 7
109 102 107 111 217 161 107 100 304 254 106 102 8
105 99 103 103 123 104 105 100 127 127 107 104 9
104 102 108 104 105 109 109 100 112 107 103 99 10
110 104 108 106 105 102 106 100 111 106 107 15000 11
Chip#1
114 108 111 102 103 103 107 104 105 105 108 108 0
118 106 113 107 106 110 113 115 117 107 109 110 1
106 99 108 102 98 106 108 108 106 105 108 99 2
109 105 136 707 217 112 111 190 193 106 112 110 3
102 100 112 429 103 101 103 151 181 99 101 101 4
109 103 111 101 97 101 109 107 107 111 98 100 5
98 99 104 96 99 97 107 100 102 97 101 97 6
104 105 108 298 156 102 109 249 357 105 103 100 7
96 97 113 531 304 99 99 708 421 95 96 94 8
105 100 108 108 102 97 105 121 120 100 99 99 9
113 103 112 103 102 106 107 108 108 105 105 108 10
113 100 105 95 96 99 104 100 99 100 101 15000 11
Chip#2
105 102 109 106 105 103 108 100 109 104 99 101 0
101 103 106 100 105 103 110 100 106 99 102 102 1
105 102 107 105 105 103 107 100 107 106 102 106 2
103 94 106 106 236 118 105 100 123 121 101 104 3
105 102 109 119 230 118 110 100 145 145 104 105 4
108 103 108 110 105 107 115 100 111 103 106 106 5
105 105 109 103 105 102 108 100 112 106 103 107 6
109 102 111 109 145 110 109 100 177 127 108 105 7
105 100 111 113 245 154 112 100 343 291 104 107 8
110 109 114 111 136 106 114 100 138 135 109 110 9
110 107 113 110 105 113 117 100 117 109 107 106 10
118 108 111 109 105 108 111 100 117 107 106 15000 11
Chip#1
118 109 118 104 108 110 111 104 113 105 110 107 0
106 103 105 102 98 101 107 102 107 102 99 100 1
102 97 103 99 95 98 100 100 97 100 97 94 2
108 105 136 835 235 106 108 196 204 102 105 100 3
109 100 111 485 106 104 107 159 181 103 103 99 4
110 109 109 107 104 107 113 109 106 108 109 105 5
108 104 112 104 108 111 111 109 110 107 108 99 6
101 99 102 339 168 102 106 283 411 102 102 97 7
105 103 128 626 352 108 105 843 490 105 105 98 8
108 104 111 115 104 105 111 128 125 105 105 103 9
114 104 109 103 103 102 110 102 109 107 103 105 10
111 103 107 97 104 101 107 100 103 107 106 15000 11
Chip#2
109 105 108 100 105 105 112 100 109 102 111 105 0
113 108 115 110 114 108 112 100 118 110 110 114 1
105 98 103 101 105 103 103 99 109 99 103 97 2
100 100 105 108 269 122 109 99 132 127 98 104 3
112 106 113 122 261 126 115 102 152 154 109 110 4
109 104 116 106 105 110 119 100 118 106 108 108 5
112 105 109 111 105 105 110 100 116 109 112 108 6
108 107 109 108 163 111 114 105 194 135 112 104 7
105 95 109 109 274 154 108 100 396 324 104 102 8
115 109 114 111 152 112 120 105 150 145 118 111 9
106 104 106 103 104 103 110 100 111 102 104 100 10
119 114 115 111 114 111 116 100 121 111 117 15000 11
