Chip#1
103 105 95 110 102 104 104 103 102 95 100 95 0 166 119 80 23
103 101 97 103 97 105 105 101 103 95 100 96 1 0 0 0 0
102 102 111 124 97 114 130 103 117 125 105 98 2 0 0 0 0
108 107 104 118 104 115 116 108 112 117 107 105 3 0 0 0 0
105 107 119 130 105 116 131 109 112 99 101 107 4 0 0 0 0
102 106 535 546 103 605 1003 121 113 118 101 96 5 0 0 0 0
97 101 274 283 102 372 585 109 111 109 95 98 6 0 0 0 0
110 107 120 132 112 109 109 110 114 100 107 105 7 0 0 0 0
102 106 770 721 105 388 447 110 106 92 97 99 8 0 0 0 0
102 104 512 447 105 395 450 107 102 92 100 100 9 0 0 0 0
114 104 108 116 107 107 109 109 104 99 101 104 10 0 0 0 0
110 109 99 110 103 106 107 109 104 95 101 15000 11 0 0 0 0
Chip#1
103 97 98 107 100 106 102 101 101 88 102 98 0 166 119 68 23
97 88 91 98 95 95 97 97 96 88 95 92 1 0 0 0 0
102 99 97 108 97 99 101 101 103 96 91 95 2 0 0 0 0
101 105 98 108 94 108 105 98 103 99 101 95 3 0 0 0 0
105 101 99 110 100 105 104 105 104 97 101 99 4 0 0 0 0
98 99 140 152 101 150 184 107 108 96 101 101 5 0 0 0 0
104 104 116 120 96 130 146 104 107 95 103 99 6 0 0 0 0
103 101 98 104 103 101 102 98 106 87 98 95 7 0 0 0 0
99 101 156 168 101 129 134 105 104 97 103 101 8 0 0 0 0
101 101 133 132 97 127 131 98 102 91 96 98 9 0 0 0 0
104 99 99 109 96 101 106 102 106 95 98 98 10 0 0 0 0
108 106 99 109 103 105 106 104 108 99 103 15000 11 0 0 0 0
Chip#1
110 106 105 113 107 112 111 116 114 103 109 107 0 166 120 170 23
106 104 109 114 101 110 115 110 108 105 106 99 1 0 0 0 0
112 112 152 184 111 156 201 118 154 222 125 111 2 0 0 0 0
104 110 114 130 103 126 143 112 133 159 107 102 3 0 0 0 0
114 114 176 187 117 152 204 119 123 120 112 107 4 0 0 0 0
111 112 1846 1826 116 2150 3720 191 150 206 109 101 5 0 0 0 0
117 118 788 786 122 1174 2031 143 147 178 121 115 6 0 0 0 0
117 117 172 180 116 126 130 117 124 105 113 107 7 0 0 0 0
115 133 2751 2537 122 1219 1464 125 118 107 107 107 8 0 0 0 0
117 128 1710 1393 120 1216 1447 123 119 109 109 115 9 0 0 0 0
131 121 122 126 114 124 123 116 119 109 114 110 10 0 0 0 0
133 122 109 115 104 114 113 112 111 105 103 15000 11 0 0 0 0
Chip#1
109 107 106 112 104 111 109 108 114 103 105 104 0 166 119 147 23
114 110 113 121 108 117 116 112 118 107 114 105 1 0 0 0 0
111 110 158 180 110 162 206 122 153 238 125 108 2 0 0 0 0
112 109 119 136 112 130 146 117 133 165 112 106 3 0 0 0 0
116 117 177 188 119 156 205 125 124 109 114 110 4 0 0 0 0
110 115 1873 1855 119 2191 3792 197 153 206 109 107 5 0 0 0 0
116 115 802 800 122 1195 2074 150 149 183 114 110 6 0 0 0 0
112 115 167 172 114 122 123 117 119 104 106 100 7 0 0 0 0
112 134 2802 2578 121 1239 1491 131 116 108 111 110 8 0 0 0 0
112 130 1742 1412 121 1232 1472 128 118 107 101 108 9 0 0 0 0
133 122 125 132 118 127 121 122 121 116 111 115 10 0 0 0 0
136 121 113 119 114 116 114 115 112 111 111 15000 11 0 0 0 0
Chip#1
105 100 98 108 103 108 107 103 107 96 103 96 0 166 119 99 23
109 107 110 112 103 112 114 104 108 107 106 99 1 0 0 0 0
114 115 158 182 111 163 201 115 155 222 123 107 2 0 0 0 0
103 102 119 133 107 127 147 113 129 162 109 105 3 0 0 0 0
114 115 175 193 118 154 206 126 122 109 113 110 4 0 0 0 0
117 125 1916 1885 131 2235 3858 204 162 206 122 111 5 0 0 0 0
116 112 810 811 119 1209 2100 144 143 180 112 107 6 0 0 0 0
120 121 173 178 119 128 128 119 124 113 112 110 7 0 0 0 0
112 150 2844 2620 128 1262 1509 128 117 105 111 110 8 0 0 0 0
117 126 1759 1434 118 1256 1487 123 116 107 111 111 9 0 0 0 0
126 121 119 127 112 120 115 115 113 107 107 105 10 0 0 0 0
142 125 115 124 114 120 120 113 118 111 112 15000 11 0 0 0 0
Chip#1
110 109 103 112 107 108 106 104 112 99 105 104 0 164 119 130 23
109 104 108 119 104 109 113 108 107 107 107 101 1 0 0 0 0
111 109 152 178 108 157 201 117 150 222 124 102 2 0 0 0 0
114 111 123 137 107 127 149 114 133 163 111 107 3 0 0 0 0
117 118 184 199 123 156 216 129 128 120 119 116 4 0 0 0 0
115 121 1934 1911 123 2273 3914 199 154 190 114 104 5 0 0 0 0
114 115 823 818 119 1224 2142 146 140 179 117 110 6 0 0 0 0
108 110 164 172 110 116 119 112 116 104 103 98 7 0 0 0 0
112 150 2901 2664 127 1274 1541 130 113 108 111 108 8 0 0 0 0
117 128 1789 1461 121 1277 1513 126 117 108 116 110 9 0 0 0 0
132 128 122 133 120 121 128 121 124 111 116 112 10 0 0 0 0
134 117 111 115 109 110 108 108 108 101 100 15000 11 0 0 0 0
