Chip#1
103 100 105 107 108 102 111 105 109 101 102 103 0
104 98 107 104 105 107 111 104 109 99 102 104 1
107 103 113 115 104 110 118 105 111 115 101 105 2
96 94 106 102 101 100 110 102 105 99 94 93 3
97 92 98 99 94 95 100 96 96 95 91 90 4
104 100 111 109 105 102 115 104 108 103 100 100 5
98 99 108 107 108 103 112 105 105 109 102 102 6
101 100 106 106 108 102 110 105 108 105 101 104 7
103 100 107 110 107 108 112 108 105 109 101 102 8
98 97 107 105 101 102 107 103 104 103 94 99 9
102 100 106 102 103 97 106 104 105 99 102 99 10
105 107 105 107 104 108 108 107 108 106 97 15000 11
