Chip#1
100 101 97 106 104 106 112 109 97 104 101 99 0 244 123 143 23
106 107 97 104 104 106 112 105 97 110 104 99 1 0 0 0 0
99 111 92 106 104 98 106 124 97 101 101 101 2 0 0 0 0
96 109 94 103 104 96 109 104 97 104 101 104 3 0 0 0 0
95 105 93 104 104 99 111 105 101 101 99 97 4 0 0 0 0
99 109 99 106 104 106 112 105 99 107 107 103 5 0 0 0 0
98 107 98 108 104 103 106 124 100 104 100 99 6 0 0 0 0
104 106 95 108 104 102 111 124 100 109 104 103 7 0 0 0 0
103 110 98 109 104 108 112 124 102 106 102 99 8 0 0 0 0
96 101 92 102 98 96 108 101 94 101 94 94 9 0 0 0 0
96 106 90 101 100 98 107 107 96 99 98 97 10 0 0 0 0
105 111 104 109 105 107 118 113 104 109 112 15000 11 0 0 0 0
