Chip#1
102 100 95 99 97 100 102 100 96 96 97 100 0
108 104 102 108 108 109 107 105 104 99 103 102 1
105 99 99 106 100 100 105 104 104 104 95 102 2
101 93 93 96 93 92 94 94 97 93 91 90 3
102 99 100 107 98 101 104 101 100 96 100 98 4
106 106 161 166 105 171 220 104 109 107 102 102 5
97 100 121 127 97 133 159 95 101 95 91 94 6
109 102 104 108 105 104 109 105 109 96 97 99 7
99 102 186 188 100 141 146 108 106 101 100 101 8
108 107 155 154 111 146 153 104 111 100 98 107 9
103 97 96 104 102 100 105 98 103 93 95 95 10
104 100 95 102 102 100 99 94 98 95 96 15000 11
Chip#1
102 101 93 104 98 104 98 97 97 91 96 95 0
101 92 96 106 103 103 97 101 99 91 95 96 1
98 101 98 106 98 99 105 104 104 100 95 98 2
108 105 100 102 103 101 101 104 104 104 100 102 3
99 95 99 101 96 98 98 95 99 92 94 95 4
104 101 159 163 98 165 216 104 100 97 100 95 5
101 100 117 130 96 135 162 105 101 95 95 94 6
102 100 102 108 102 103 99 100 99 91 96 93 7
108 102 185 190 105 145 149 104 104 100 98 102 8
105 104 155 151 102 148 152 104 101 101 97 104 9
103 104 102 107 98 103 104 103 100 96 95 101 10
101 97 96 104 98 99 101 100 98 87 95 15000 11
Chip#1
109 105 106 104 107 105 108 108 100 101 103 100 0
105 106 107 110 107 107 112 105 107 107 105 105 1
110 110 133 152 112 136 169 118 133 180 144 104 2
109 104 115 124 109 118 131 108 121 140 108 107 3
103 99 149 157 104 128 161 105 107 96 100 98 4
103 110 1410 1391 115 1529 2680 169 126 158 107 101 5
106 104 624 614 108 857 1520 125 118 146 105 101 6
109 110 148 147 111 111 119 109 107 101 103 100 7
101 121 2057 1916 117 912 1127 116 106 96 100 101 8
117 120 1318 1084 119 944 1142 118 112 103 105 108 9
120 113 111 116 107 114 115 108 107 105 102 108 10
129 117 113 115 114 107 107 113 104 108 102 15000 11
Chip#1
106 101 100 106 104 104 102 101 100 99 100 106 0
104 109 107 108 109 109 114 110 107 104 103 106 1
101 97 122 145 101 132 155 107 126 163 101 101 2
106 111 115 120 109 123 133 111 121 138 101 107 3
109 109 153 159 115 133 170 117 112 109 103 111 4
105 111 1412 1388 112 1532 2688 166 127 157 103 102 5
109 110 629 617 112 855 1515 134 124 148 103 104 6
112 111 147 153 116 123 116 114 113 104 103 105 7
106 127 2063 1919 119 918 1129 121 114 100 108 107 8
104 114 1311 1073 109 937 1134 116 104 92 98 104 9
120 111 111 118 109 109 113 113 109 103 108 107 10
130 115 107 112 111 112 109 105 111 101 102 15000 11
Chip#1
111 110 107 113 110 112 112 108 107 103 109 110 0
105 102 104 108 104 105 100 102 99 100 97 96 1
114 110 138 149 107 144 167 114 132 180 113 107 2
110 109 113 124 108 124 134 113 121 142 108 106 3
115 110 152 159 116 136 170 117 114 109 109 104 4
112 115 1409 1399 119 1539 2691 175 137 167 144 108 5
110 113 631 618 111 864 1528 132 128 150 106 107 6
106 110 140 148 109 120 117 107 108 99 100 100 7
104 117 2058 1912 115 915 1123 115 111 99 100 100 8
116 123 1319 1084 118 943 1140 121 111 104 102 105 9
121 115 110 119 114 114 112 109 112 104 101 105 10
126 118 108 110 108 111 109 109 112 104 105 15000 11
Chip#1
111 111 104 115 109 110 107 108 111 99 109 107 0
109 107 108 114 114 114 115 111 111 112 111 108 1
112 107 133 149 107 138 162 109 133 176 112 106 2
105 102 104 119 105 116 128 112 121 134 100 101 3
109 109 151 161 110 134 169 114 116 103 108 105 4
111 107 1403 1396 114 1535 2692 167 133 166 103 99 5
116 115 634 624 116 856 1522 137 129 150 108 107 6
106 110 144 148 111 116 112 112 108 104 102 99 7
110 122 2063 1916 119 918 1127 117 112 99 102 101 8
105 113 1311 1083 112 935 1145 117 106 103 102 101 9
126 117 116 121 114 114 115 114 113 104 105 106 10
133 118 107 112 112 110 111 111 112 107 109 15000 11
