Chip#1
114 108 113 108 105 110 113 105 105 112 106 103 0
113 105 107 105 98 104 107 110 103 111 110 108 1
104 100 104 103 102 101 106 103 97 102 105 97 2
111 108 114 186 118 112 112 121 114 111 112 106 3
101 101 103 137 98 98 105 109 110 105 105 103 4
113 106 107 103 99 107 107 105 103 103 109 98 5
102 105 102 104 103 104 108 104 103 106 106 98 6
105 104 107 124 106 106 105 121 134 106 106 99 7
117 109 113 155 132 113 117 178 150 115 112 104 8
104 100 103 102 95 99 101 99 97 101 98 90 9
111 109 108 106 103 108 110 109 102 106 109 105 10
107 104 103 103 100 105 107 103 101 106 103 15000 11
Chip#2
99 99 100 105 101 97 101 100 104 99 97 94 0
100 99 104 110 97 101 105 100 104 102 99 102 1
105 100 104 106 97 103 107 100 112 104 106 102 2
99 97 102 103 105 99 103 100 105 98 98 99 3
112 103 109 114 105 112 114 100 114 109 111 107 4
101 103 106 110 105 102 107 100 111 102 107 105 5
99 102 103 101 99 97 104 100 109 100 101 99 6
101 100 108 106 99 104 108 100 111 104 104 104 7
99 106 105 105 99 101 105 100 115 110 99 99 8
99 103 102 109 103 102 107 100 110 103 101 100 9
98 105 106 104 99 102 108 100 106 101 103 98 10
106 109 107 111 102 99 110 100 111 109 109 15000 11
Chip#1
115 109 109 104 105 111 111 104 105 107 108 107 0
106 99 108 102 104 104 108 105 99 105 102 97 1
101 100 102 96 98 99 105 102 99 103 104 95 2
111 109 121 429 164 110 107 149 157 108 106 104 3
110 103 107 274 103 102 108 140 143 107 108 97 4
114 106 112 106 101 107 105 104 101 110 105 103 5
113 109 116 112 103 110 113 111 109 111 113 102 6
114 108 116 214 139 112 116 192 240 110 114 108 7
102 99 109 330 202 98 103 417 260 102 101 95 8
108 108 105 109 100 109 108 114 110 106 105 98 9
110 105 104 103 96 101 105 100 101 99 104 97 10
106 103 99 100 99 103 105 98 97 106 108 15000 11
Chip#2
100 102 105 108 105 101 111 100 106 102 101 102 0
98 100 101 103 101 101 105 100 109 99 103 102 1
104 103 106 108 101 98 105 100 109 102 102 102 2
108 107 109 114 216 117 114 100 131 128 108 105 3
105 111 108 122 198 115 108 100 143 138 104 105 4
103 106 105 105 102 105 108 100 109 101 104 99 5
108 111 109 113 102 103 115 100 112 106 106 106 6
109 105 109 110 136 112 110 100 170 127 107 107 7
109 104 112 119 212 145 111 100 306 258 106 108 8
106 105 109 109 124 107 110 100 132 129 104 105 9
108 111 111 111 105 109 115 100 116 112 109 111 10
107 108 108 110 102 103 110 100 111 108 105 15000 11
Chip#1
118 109 108 106 103 107 108 102 101 110 108 108 0
104 100 96 97 92 102 102 99 97 101 101 94 1
106 103 104 104 103 102 106 103 97 107 106 97 2
114 106 128 691 210 107 109 182 190 107 106 102 3
109 100 113 410 108 99 107 150 165 108 106 99 4
100 100 104 101 95 104 105 98 96 102 102 93 5
101 101 103 103 101 102 108 96 97 103 103 100 6
109 104 108 290 153 106 110 244 345 105 103 99 7
104 100 113 505 289 98 101 676 403 101 93 95 8
108 108 107 114 97 99 107 121 114 103 109 99 9
106 101 108 107 103 107 112 108 103 106 103 102 10
108 101 103 99 97 96 103 100 97 103 101 15000 11
Chip#2
115 117 116 112 102 111 120 100 123 111 116 117 0
115 112 114 116 102 114 119 101 116 111 113 113 1
103 101 106 103 103 103 111 100 113 99 104 103 2
114 112 112 119 313 127 114 100 151 147 111 109 3
113 112 119 134 284 131 116 104 173 173 114 112 4
112 109 111 114 105 114 116 101 115 104 113 107 5
112 108 109 111 102 105 113 100 112 106 108 105 6
108 105 106 112 170 107 113 102 202 134 108 108 7
106 108 109 120 302 161 116 100 458 361 106 102 8
113 112 115 112 148 105 116 104 156 147 112 113 9
110 104 112 109 105 108 114 100 112 104 107 112 10
109 112 111 111 105 104 111 100 111 108 110 15000 11
Chip#1
114 108 109 104 104 105 106 107 102 106 108 102 0
114 108 109 107 103 110 110 104 103 108 108 105 1
110 106 107 108 103 108 113 108 107 105 104 102 2
114 106 135 824 236 113 103 204 207 112 109 105 3
114 109 118 474 113 115 115 169 190 108 106 105 4
107 109 112 101 109 110 108 107 106 108 109 107 5
108 108 107 102 98 113 113 105 103 107 110 104 6
111 106 112 336 175 114 116 284 410 113 109 105 7
102 103 121 597 336 108 108 811 460 106 104 99 8
105 108 108 114 106 110 113 127 122 106 109 102 9
115 108 114 108 106 109 112 110 107 110 105 105 10
114 108 107 102 104 104 107 105 98 110 109 15000 11
Chip#2
115 108 112 116 105 107 115 101 114 109 111 108 0
120 116 113 115 114 113 119 106 122 110 115 109 1
117 112 111 116 105 116 114 101 121 112 111 111 2
120 117 119 125 414 161 120 105 167 173 114 115 3
106 107 106 134 361 137 111 100 183 189 109 105 4
108 105 108 113 105 108 112 101 112 104 107 110 5
119 112 118 119 114 111 121 108 125 118 115 119 6
114 110 111 114 203 112 117 106 233 154 112 110 7
115 113 115 128 396 199 117 104 576 479 116 113 8
115 108 115 115 179 110 116 105 167 164 116 114 9
112 112 109 111 89 108 113 99 114 112 108 104 10
118 113 114 113 105 109 116 100 114 110 107 15000 11
Chip#1
118 108 112 106 104 110 110 107 107 108 109 104 0
115 108 105 102 108 108 112 110 107 106 109 105 1
109 105 109 107 102 108 111 107 109 107 108 100 2
111 105 139 882 248 103 108 208 215 105 105 98 3
111 108 111 510 111 106 115 167 190 111 106 104 4
110 102 107 110 104 106 112 106 108 105 104 102 5
115 108 111 108 110 112 120 113 109 116 114 108 6
109 109 108 349 177 111 110 295 437 113 109 101 7
102 97 117 644 358 102 103 868 492 101 103 95 8
111 106 107 115 102 108 108 125 121 105 104 99 9
117 108 108 102 105 112 112 112 105 108 109 104 10
117 100 103 100 95 102 102 103 97 102 103 15000 11
Chip#2
111 110 115 113 105 110 116 100 115 108 113 111 0
114 112 113 118 105 113 117 102 120 114 111 110 1
111 113 114 114 105 114 121 105 120 110 112 111 2
119 121 122 137 496 154 125 106 183 181 121 120 3
115 114 115 149 444 154 125 106 211 213 115 111 4
109 111 113 115 105 111 117 100 111 109 108 110 5
108 110 113 111 105 107 119 102 119 112 106 110 6
120 121 119 125 245 125 128 111 269 167 122 119 7
125 118 122 142 471 226 124 110 691 563 118 115 8
117 116 117 117 200 117 120 106 179 181 114 114 9
122 113 115 119 114 117 119 102 121 118 117 111 10
126 116 113 113 105 112 117 102 122 115 111 15000 11
