Chip#1
101 97 98 96 101 98 96 100 97 91 93 94 0
99 96 102 99 104 103 101 109 100 93 103 98 1
91 94 94 93 93 95 97 94 93 87 89 89 2
97 95 98 99 97 97 98 96 97 95 95 88 3
99 95 96 99 100 95 99 102 94 95 96 92 4
104 107 138 138 108 141 168 110 107 104 103 104 5
101 102 111 118 100 115 133 104 104 96 95 94 6
101 95 100 98 102 98 100 97 100 91 92 95 7
97 97 140 142 97 117 123 102 100 89 96 94 8
96 99 126 124 98 116 127 103 99 92 96 94 9
92 95 97 97 98 93 93 94 94 91 94 93 10
97 97 96 97 97 97 99 96 97 95 96 15000 11
