Chip#1
98 94 96 99 95 95 96 97 98 95 100 94 0
102 99 103 108 104 106 111 103 104 105 103 105 1
102 97 138 155 104 140 183 105 129 176 106 104 2
96 97 103 115 97 107 125 96 100 128 97 99 3
104 101 98 97 103 103 105 98 102 99 101 100 4
95 94 97 97 96 95 98 97 112 140 92 94 5
99 104 103 98 102 101 106 104 111 126 105 98 6
98 99 96 99 94 104 101 96 99 97 96 95 7
93 94 102 101 97 101 101 98 98 99 96 101 8
97 97 97 96 100 104 101 100 98 96 97 100 9
108 107 108 113 109 109 109 107 109 104 108 108 10
101 95 97 96 98 99 101 96 98 93 97 15000 11
