Chip#1
25 157 140 0 20 92 22 85 81 115 156 151 0
9 145 138 0 20 76 22 69 76 114 148 146 1
25 153 164 34 20 108 86 85 97 175 157 154 2
25 156 146 14 36 92 70 85 93 146 154 155 3
25 159 138 4 20 76 22 85 86 118 152 157 4
9 152 135 0 20 76 22 69 85 140 148 151 5
9 148 138 0 20 76 22 69 85 128 147 144 6
25 145 136 0 20 76 38 135 77 112 148 153 7
77 148 132 0 20 92 38 131 72 106 149 150 8
9 153 140 0 20 76 38 134 81 109 146 150 9
9 145 133 0 20 76 22 69 73 110 139 148 10
9 145 130 0 20 76 22 69 70 102 147 15000 11
Chip#1
0 146 129 0 4 76 6 69 75 105 141 144 0
25 150 146 9 20 76 38 85 82 121 154 151 1
9 143 212 98 20 196 206 69 125 219 165 145 2
9 146 150 24 20 108 86 69 96 190 151 148 3
25 155 140 0 20 76 22 85 85 115 152 150 4
9 141 130 0 20 76 22 69 103 190 148 145 5
9 146 137 0 4 76 22 69 96 171 149 149 6
9 149 138 0 20 76 22 69 80 110 147 149 7
9 146 135 0 20 92 22 69 76 106 145 151 8
9 151 133 0 20 76 22 69 77 110 150 150 9
9 145 131 0 20 76 22 69 75 106 145 150 10
9 146 132 0 20 76 22 135 73 105 148 15000 11
Chip#1
9 151 140 0 20 76 22 69 78 114 155 158 0
9 149 147 14 20 76 54 69 81 128 150 153 1
25 150 219 168 36 220 326 101 167 383 187 159 2
9 153 168 45 20 124 134 69 112 203 163 151 3
9 150 136 0 20 76 22 85 77 110 148 150 4
9 149 138 0 4 76 22 69 124 203 160 150 5
25 149 138 0 20 92 38 85 110 207 154 149 6
9 149 133 0 20 76 22 69 73 109 147 148 7
9 141 133 0 20 76 22 69 69 99 143 144 8
25 150 138 0 20 76 38 69 81 108 150 150 9
9 146 132 0 20 76 22 69 75 106 146 148 10
9 149 137 0 20 76 22 69 72 109 150 15000 11
Chip#1
25 147 130 0 20 76 22 69 72 105 146 148 0
25 143 146 13 20 92 54 136 77 131 152 151 1
25 151 263 206 20 252 374 153 175 429 193 152 2
25 152 175 47 36 196 206 85 119 235 164 151 3
9 151 132 0 20 76 22 69 84 112 151 151 4
9 146 140 0 20 76 38 69 138 219 160 150 5
9 146 137 0 20 76 22 69 112 228 155 154 6
9 150 141 0 20 76 22 69 84 114 154 157 7
9 147 138 0 20 76 22 69 76 108 148 149 8
9 145 131 0 20 76 22 69 73 101 147 144 9
9 149 136 0 20 76 22 69 80 110 151 150 10
9 141 126 0 20 76 22 69 73 102 145 15000 11
Chip#1
25 157 132 0 20 76 22 136 77 108 149 156 0
25 153 161 20 20 92 54 85 86 140 158 157 1
25 151 294 237 20 284 462 101 197 443 200 157 2
9 151 178 62 20 196 206 136 123 251 163 150 3
25 147 134 0 20 76 22 69 74 110 148 153 4
9 149 140 1 4 76 22 69 150 251 161 148 5
9 146 136 0 20 76 22 69 125 203 155 150 6
9 145 131 0 4 76 6 69 76 105 149 149 7
9 153 146 3 20 76 38 69 80 113 147 153 8
25 149 138 0 20 92 38 69 76 106 147 146 9
9 147 133 0 20 76 22 69 73 102 145 146 10
25 146 131 0 20 76 22 130 73 106 148 15000 11
