20.4375
20.4375
20.4375
20.4375
20.4375
20.4375
20.4375
20.4375
20.4375
20.4375
20.4375
20.4375
20.4375
20.4375
20.5
20.5
20.4375
20.4375
20.5
20.5
20.5
20.5
20.5
20.5
20.5
20.5
20.5
20.5
20.5
20.5
20.5
20.5
20.5
20.5
20.5
20.5
20.5
20.5
20.5
20.5
20.5
20.5
20.5
20.5
20.5
20.5
20.5625
20.5625
20.5625
20.5
20.5625
20.5625
20.5625
20.5625
20.5625
20.5625
20.5625
20.5625
20.5625
20.5625
20.5625
20.5625
20.5625
20.5625
20.5625
20.5625
20.5625
20.5625
20.5625
20.5625
20.5625
20.625
20.5625
20.5625
20.625
20.625
20.625
20.625
20.625
20.625
20.625
20.625
20.625
20.625
20.625
20.625
20.625
20.625
20.625
20.625
20.625
20.625
20.625
20.625
20.6875
20.625
20.625
20.75
25.875
36.5625
44.5
52.125
59.3125
68.3125
74.625
82.4375
87.9375
93.0625
96.9375
96.0625
93.8125
91.9375
90
87.375
87.9375
90
89.4375
87.5
88.25
89.5
89.375
88.0625
88
88.8125
89.375
88.6875
87.875
87.4375
87.5625
88
88
87.6875
87.875
88
87.9375
87.875
88.0625
88.0625
88.0625
86.75
85.1875
83
80.75
78.625
77.0625
75.0625
73.5625
71.75
70.375
68.625
66.9375
65.75
64.1875
63
61.5625
60.5625
59.1875
58.25
57
56.0625
54.4375
59.5
63.625
63.375
62.375
61.4375
59.875
59
59.0625
59.9375
60
59.9375
59.8125
62.375
68.25
76.5
82.4375
89.9375
95.25
98.5625
97.75
96.25
94.5625
92.1875
90.4375
91.25
90.125
88.5
87.125
87.9375
89
89.1875
88.375
87.3125
88.1875
89.0625
89.125
87.875
87.75
86.6875
85.1875
83.5625
81.5
80
78.4375
76.5
74.6875
73.3125
71.5625
70.25
68.6875
67.4375
65.9375
64.5
63.4375
62.0625
61.125
59.875
58.9375
57.75
56.9375
55.8125
54.5625
59.5
62.9375
63.125
62.25
61.4375
60.5625
59.6875
59
59.5625
60
60.0625
60.0625
60
61
68.375
74.6875
80.75
88.5
93.9375
99.0625
98.75
97.4375
95.25
93.5
92.0625
92.375
91.5625
90
87.75
86.875
87.75
88.75
88.625
88.125
87.8125
88.1875
88.4375
88.25
88
87.125
85.6875
83.6875
82.1875
80.625
78.6875
77.25
75.4375
74.0625
72.375
71.125
69.875
68.375
67.25
66.125
64.6875
63.6875
62.75
61.4375
60.5
59.625
58.5
57.625
56.875
55.8125
54.875
59.625
63.875
63.75
63.0625
62
61.125
60.25
59.125
59.0625
59.75
60.1875
60.1875
60.1875
62.6875
70.6875
77
85
90.625
96
98.3125
97.3125
95.8125
93.6875
92.0625
92.1875
93.3125
92.1875
90.0625
88.4375
87
87.75
88.8125
89.0625
88.3125
87.25
87.625
88.8125
89
88.0625
86.6875
85.125
83.125
81.625
79.6875
78.25
76.4375
74.6875
73.375
72.125
70.5
69.3125
67.8125
66.75
65.6875
64.375
63.375
62.4375
61.1875
60.0625
59.1875
58.0625
57.3125
56.25
54.625
55.5625
60.8125
63.625
63.25
62.3125
61.5
60.375
59.5625
59
59.6875
60.0625
59.875
59.6875
60.125
65.1875
73.6875
79.875
87.75
93.25
97.0625
96.8125
95.5
93.375
92.0625
92.5625
93.75
92.8125
91.25
89.0625
87.5
87.4375
88.4375
88.8125
88.5
88.0625
88
88.3125
88.375
88
86.25
84.8125
83.3125
81.375
79.875
78.0625
76.6875
75.375
73.6875
72.375
71.1875
69.6875
68.5
67.4375
66.375
65.0625
64.0625
63.125
61.875
61
59.875
59.0625
58
57.1875
56.25
54.625
57.375
63.1875
63.6875
63.1875
62.1875
61.375
60.3125
59.5
58.9375
59.8125
60.25
60.3125
59.5625
61.375
67.25
75.75
81.9375
87.8125
93.3125
98.125
97.75
96
94.4375
92.25
92.125
93.25
92.1875
90.125
88.5
87
87.75
88.75
88.625
88.1875
87.8125
88.0625
88.4375
88.3125
87.6875
86.4375
84.9375
83.5
81.5625
80.125
78.25
76.9375
75.5625
74.3125
72.6875
71.5
70.3125
69.1875
67.75
66.6875
65.6875
64.375
63.4375
62.5
61.625
60.5
59.6875
58.5625
57.8125
57.0625
56.0625
54.625
57.25
63.125
63.5
63
62.0625
61.25
60.4375
59.625
59
59.625
60.125
60.125
60.125
62.125
67.9375
74.3125
82.5625
88.375
95.6875
99.5
99.5
97.75
96.1875
94.5625
92.3125
91.5625
90.1875
88.125
86.875
87.8125
88.8125
88.9375
88.875
88.6875
88.5625
88.375
88.0625
87.875
87.875
86.75
84.875
83.375
81.5
80.0625
78.6875
76.9375
75.5625
73.9375
72.6875
71.5
70
68.875
67.5
66.4375
65.125
64.1875
62.9375
62.0625
60.9375
60.0625
59
58.25
57.25
56.5
54.6875
56
61.3125
63.5
63.125
62.4375
61.6875
60.9375
59.8125
59.125
59.1875
60
60.125
60.0625
60.125
64.3125
70.5625
76.9375
83.0625
90.75
96.0625
98.5
97.9375
96.0625
94.5
92.875
92.1875
93.125
92.4375
91
89.375
87.375
87.125
88.25
89.0625
88.625
87.5
87.4375
88.6875
88.9375
88.75
87.875
86
84.5625
83.125
81.1875
79.8125
78
76.6875
74.9375
73.6875
72.5
70.9375
69.8125
68.75
67.375
66.3125
65.375
64.125
63.1875
62.3125
61.4375
60.3125
59.5
58.75
57.75
57
56.0625
54.6875
59.6875
63.625
64.0625
63.375
62.625
61.875
61.0625
60.25
59.1875
59.1875
60
60.0625
60.0625
61.0625
66.375
74.9375
81.125
87.0625
94.5
98.1875
98.0625
96.875
94.875
93.3125
92
93
92.9375
91.125
89.5625
87.5
87.125
88.5
88.875
88.375
88
88.0625
88.375
88.375
88
86.875
84.9375
83.5
81.625
80.1875
78.375
77.0625
75.8125
74.5
72.875
71.75
70.25
69.1875
68.0625
66.6875
65.75
64.4375
63.5625
62.6875
61.5
60.6875
59.5625
58.8125
58.0625
57.125
56.375
54.6875
55.75
60.9375
63.875
63.5625
62.75
62
60.9375
60.125
59.375
59.125
59.875
60.0625
59.9375
59.875
65.6875
72
78.375
84.375
92
97.3125
99.6875
99.125
97.25
95.6875
94
92.0625
91.6875
89.9375
88.375
87
87.3125
88.75
88.75
88.25
87.8125
88.0625
88.4375
88.4375
88.0625
88
87
85.1875
83.75
82.3125
80.875
79.0625
77.75
76.4375
74.75
73.5625
72.375
70.8125
69.75
68.3125
67.3125
66.3125
65
64.0625
62.875
62
60.875
60.0625
59.0625
58.3125
57.3125
56.625
54.6875
55.8125
60.9375
63.5625
63.625
62.8125
62.125
61.3125
60.25
59.5
59.125
59.6875
60.0625
59.9375
59.875
65.75
72.1875
80.5625
86.5625
92.1875
98.875
99.75
98.75
96.8125
95.1875
93.5
92.125
91.3125
89.875
88.3125
86.875
87.6875
88.9375
88.6875
88.125
87.75
88.125
88.4375
88.25
88
87.6875
86
84.5625
82.6875
81.25
79.4375
78.125
76.375
75.125
73.875
72.3125
71.1875
70.0625
68.6875
67.625
66.625
65.3125
64.375
63.5
62.3125
61.4375
60.6875
59.5625
58.8125
57.875
57.125
56.4375
54.6875
57.5
63.3125
63.75
63.3125
62.4375
61.6875
60.625
59.8125
59.1875
59.4375
60
60
59.875
63.8125
70.0625
78.5625
84.625
90.375
97.375
98.6875
97.875
95.9375
94.375
92.3125
92.25
92.5625
91.25
89.6875
87.625
86.875
87.9375
89.0625
88.75
87.5
87.75
88.5625
88.875
88.875
88.375
86.6875
84.75
83.3125
81.9375
80.0625
78.6875
76.9375
75.6875
74.0625
72.875
71.3125
70.25
69.1875
67.8125
66.75
65.5
64.5625
63.625
62.5
61.625
60.5
59.75
58.75
58
57.3125
56.375
54.6875
54.8125
60.875
63.8125
63.9375
63.1875
62.4375
61.4375
60.6875
59.875
59
59.4375
60.0625
60
59.875
65.625
72.0625
80.4375
86.4375
93.9375
98.8125
99.625
98.4375
96.4375
94.8125
92.5625
91.5
90.1875
88.0625
86.9375
87.875
88.8125
88.8125
88.625
88.3125
87.875
87.9375
88.3125
88.3125
88
86.375
84.9375
83.0625
81.625
80.25
78.5
77.1875
75.5
74.25
72.6875
71.5625
70.0625
69
68
66.625
65.3125
64.4375
63.25
62.375
61.25
60.4375
59.6875
58.6875
57.9375
57
56.3125
54.6875
56.0625
62.75
64.125
63.8125
62.9375
62.1875
61.1875
60.375
59.625
59.125
59.6875
60.0625
60
62.4375
68.375
74.8125
81.125
89
94.5625
98.5625
97.9375
96.625
95.125
93.0625
92.0625
92.75
92.3125
90.875
88.8125
87.3125
87.5
88.875
89
88.875
88.625
88.4375
88.0625
88.0625
88.125
86.75
85.3125
83.4375
82.0625
80.6875
78.8125
77.5
76.25
74.625
73.4375
71.875
70.75
69.3125
68.3125
67.3125
66
65
63.8125
62.9375
61.8125
61
59.9375
59.1875
58.4375
57.5
56.8125
55.9375
54.9375
61.25
63.625
63.4375
62.8125
61.875
61.0625
60.3125
59.3125
59.1875
59.9375
60.0625
59.9375
60.6875
65.9375
72.3125
80.6875
86.6875
94.1875
98.375
98.5625
97
95.5
93.375
92.1875
92.8125
92.125
90.1875
88.625
86.9375
87.5
88.9375
88.9375
88.625
88.3125
88
88.1875
88.375
88
86.3125
84.875
83
81.5625
79.75
78.4375
77.125
75.4375
74.25
72.6875
71.5
70.0625
69
67.6875
66.6875
65.375
64.5
63.5625
62.4375
61.625
60.5
59.75
58.75
58
57.3125
56.4375
54.625
54.8125
60.9375
63.5
63.5
62.75
62
61.25
60.25
59.5
59.1875
59.75
60.1875
60.3125
59.8125
59.125
58.375
57.4375
56.75
55.8125
55.125
54.25
53.625
52.8125
52.25
51.5
50.9375
50.25
49.6875
49.1875
48.5625
48.0625
47.5
47.0625
46.5
46.125
45.625
45.25
44.9375
44.5
44.5
48.5
51.625
52.4375
52.0625
51.625
50.9375
50.4375
49.75
49.3125
49.25
49.625
49.75
49.625
49.25
48.5625
48.125
47.5
47
46.5625
46
45.5625
45.125
44.625
44.25
43.75
43.375
42.875
42.5625
42.125
41.8125
41.5
41.125
40.8125
40.4375
40.1875
39.9375
39.5625
39.3125
39
38.8125
38.5625
38.3125
38.0625
37.875
37.625
37.4375
37.25
37
36.8125
36.625
36.4375
36.25
36.125
35.875
35.75
35.5625
35.375
35.1875
35.0625
34.9375
34.75
34.625
34.5
34.375
34.25
34.125
34
33.875
33.75
33.625
33.5625
33.4375
33.3125
33.25
33.125
33.0625
32.9375
32.875
32.75
32.625
32.5625
32.5
32.4375
32.3125
32.25
32.1875
32.125
32.0625
32
31.9375
31.875
31.8125
31.75
31.6875
31.625
31.5625
31.5
31.4375
31.4375
31.375
31.3125
31.25
31.1875
31.1875
31.125
31.0625
31.0625
31
30.9375
30.9375
30.875
30.8125
30.8125
30.75
30.75
30.6875
30.6875
30.625
30.625
30.5625
30.5625
30.5
30.5
30.4375
30.4375
30.4375
30.375
30.375
30.3125
30.3125
30.25
30.25
30.25
30.1875
30.1875
30.125
30.125
30.125
30.125
30.0625
30.0625
30.0625
30
30
29.9375
29.9375
29.9375
29.9375
29.9375
29.875
29.875
29.875
29.8125
29.8125
29.8125
29.8125
29.8125
29.75
29.75
29.75
29.75
29.6875
29.6875
29.6875
29.6875
29.6875
29.625
29.625
29.625
29.625
29.625
29.5625
29.5625
29.5625
29.5625
29.5
29.5
29.5
29.5
29.5
29.5
29.4375
29.4375
29.4375
29.4375
29.4375
29.4375
29.375
29.375
29.375
29.375
29.375
29.375
29.3125
29.3125
29.3125
29.3125
29.3125
29.3125
29.3125
29.25
29.25
29.25
29.25
29.25
29.25
29.25
29.1875
29.1875
29.1875
29.1875
29.1875
29.1875
29.1875
29.125
29.125
29.125
29.125
29.125
29.125
29.125
29.0625
29.0625
29.0625
29.0625
29.0625
29.0625
29.0625
29.0625
29.0625
29.0625
29
29
29
29
29
29
29
29
29
28.9375
28.9375
28.9375
28.9375
28.9375
28.9375
28.9375
28.9375
28.9375
28.9375
28.9375
28.875
28.875
28.875
28.875
28.875
28.875
28.875
28.875
28.8125
28.8125
28.8125
28.8125
28.8125
28.8125
28.8125
28.8125
28.8125
28.8125
28.8125
28.75
28.75
28.75
28.75
28.75
28.75
28.75
28.75
28.75
28.75
28.75
28.6875
28.6875
28.6875
28.6875
28.6875
28.6875
28.6875
28.6875
28.6875
28.6875
28.625
28.6875
28.625
28.625
28.625
28.625
28.625
28.625
28.625
28.625
28.625
28.625
28.625
28.625
28.625
28.625
28.5625
28.5625
28.5625
28.5625
28.5625
28.5625
28.5625
28.5625
28.5625
28.5625
28.5625
28.5625
28.5625
28.5
28.5
28.5
28.5
28.5
28.5
28.5
28.5
28.5
28.5
28.5
28.5
28.5
28.5
28.5
28.4375
28.4375
28.4375
28.4375
28.4375
28.4375
28.4375
28.4375
28.4375
28.4375
28.4375
28.4375
28.4375
28.4375
28.375
28.4375
28.375
28.375
28.375
28.375
28.375
28.375
28.375
28.375
28.375
28.375
28.375
28.3125
28.375
28.3125
28.3125
28.3125
28.3125
28.3125
28.3125
28.3125
28.3125
28.3125
28.3125
28.3125
28.3125
28.3125
28.3125
28.3125
28.3125
28.3125
28.25
28.25
28.25
28.25
28.25
28.25
28.25
28.25
28.25
28.25
28.25
28.25
28.25
28.25
28.25
28.25
