Chipdp
84 2 37 2 8 3 4 8 5 9 5 8 6 9 6 4 8 3 9 3 8 2 9 2 4 6 6 5 6 6 5 5 5 4 6 2 5 2 6 3 5 3 4 6 8 5 8 6 9 5 9 4 2 8 3 8 2 9 3 9 4 2 5 3 5 2 6 3 6 4 2 2 3 2 2 3 3 3 4 9 7 10 7 9 6 10 6 4 9 10 10 10 9 9 10 9 4 7 7 6 7 7 6 6 6 4 7 10 6 10 7 9 6 9 4 7 3 7 4 6 3 6 4 4 4 4 4 3 3 4 3 3 4 3 7 4 7 3 6 4 6 4 3 10 4 10 3 9 4 9 
Chip#1
114 107 111 109 107 109 119 108 114 101 111 108 0
104 99 106 107 103 106 114 104 107 99 107 107 1
108 107 116 119 101 114 127 107 116 116 111 106 2
96 97 99 106 98 105 113 98 108 107 103 101 3
102 99 114 115 98 110 122 98 106 95 103 100 4
106 105 370 366 109 418 644 116 113 109 106 105 5
110 109 213 215 109 274 402 112 116 113 114 113 6
109 105 118 119 109 107 114 105 112 99 107 107 7
104 105 464 432 105 259 298 103 106 96 103 106 8
106 106 326 286 102 264 298 105 108 100 108 110 9
99 101 104 106 103 104 109 101 103 97 100 101 10
112 107 104 112 108 106 115 105 111 101 106 15000 11
Chip#1
104 96 98 104 104 106 105 101 104 96 103 98 0
99 99 100 104 101 105 107 102 102 104 105 99 1
106 99 110 115 105 115 121 105 109 120 106 106 2
99 102 105 108 102 110 114 103 101 112 102 105 3
106 100 114 121 108 112 121 105 107 100 106 102 4
98 95 364 361 100 410 639 110 107 104 93 95 5
106 104 208 207 107 267 396 110 114 109 107 109 6
102 100 104 107 98 100 104 97 99 95 98 98 7
105 105 464 432 104 265 301 105 104 99 102 104 8
101 104 316 283 103 262 289 98 99 100 100 98 9
105 102 104 107 103 103 114 104 102 99 106 101 10
106 100 102 99 102 106 106 103 98 96 98 15000 11
