Chip#1
110 108 106 106 103 106 112 102 102 112 115 101 0
117 108 117 110 106 110 112 107 107 106 118 106 1
120 108 117 108 112 115 120 107 109 117 118 108 2
111 99 114 182 114 103 107 128 135 103 107 99 3
106 101 109 138 103 104 103 121 126 107 109 97 4
110 97 107 104 105 104 107 100 99 102 105 98 5
117 108 114 109 109 113 115 108 107 112 117 107 6
107 101 109 113 108 108 112 118 129 106 107 102 7
110 102 112 124 113 108 111 158 143 108 110 99 8
108 102 109 108 103 108 110 105 105 104 115 97 9
108 108 107 107 103 105 111 106 106 104 111 98 10
115 103 111 103 107 109 111 108 99 108 114 15000 11
Chip#2
102 103 109 107 98 109 108 100 113 102 105 105 0
103 101 114 107 98 107 102 100 112 104 104 105 1
103 95 111 99 100 100 101 100 104 99 101 97 2
103 97 102 104 100 103 106 100 110 111 101 99 3
98 95 104 102 101 102 97 100 109 106 102 97 4
95 97 103 96 96 96 98 99 102 100 97 97 5
103 105 115 102 100 104 107 100 110 108 101 105 6
104 95 106 102 100 98 102 100 107 107 100 101 7
103 100 108 102 100 107 103 100 114 109 104 103 8
106 105 114 104 100 101 106 100 115 101 105 101 9
103 101 111 106 100 102 106 100 113 103 106 101 10
105 103 111 106 101 102 102 99 110 104 104 15000 11
Chip#1
110 101 109 102 103 101 108 105 98 107 106 103 0
111 102 108 104 102 105 106 105 102 106 107 104 1
104 108 104 103 102 103 107 103 98 106 105 96 2
110 103 112 324 142 105 105 187 192 103 107 98 3
108 103 113 223 109 110 112 162 165 111 114 106 4
102 98 103 99 96 99 105 100 97 104 106 96 5
104 98 104 99 95 98 106 102 101 103 105 99 6
106 96 103 121 108 103 103 140 161 106 102 95 7
103 108 104 148 126 100 105 249 202 102 105 99 8
111 101 106 108 103 104 107 106 107 107 106 99 9
106 96 107 102 97 99 105 101 102 104 105 96 10
112 108 112 108 102 105 106 111 105 111 113 15000 11
Chip#2
97 101 107 101 99 102 101 100 105 98 97 95 0
102 95 100 99 97 93 101 100 103 102 96 95 1
105 107 113 107 97 106 107 100 109 103 106 104 2
112 110 114 111 152 112 110 100 136 130 107 106 3
105 106 114 112 140 109 106 100 134 137 104 101 4
105 101 110 109 104 107 106 100 109 102 102 100 5
103 106 108 101 104 102 103 100 112 103 106 101 6
103 97 101 101 113 101 103 100 112 102 102 101 7
100 96 103 99 113 103 98 100 148 131 96 99 8
108 101 104 102 113 101 104 100 115 106 102 100 9
108 105 108 104 104 101 107 100 109 106 110 101 10
98 105 106 99 99 100 99 99 103 101 100 15000 11
Chip#1
107 99 106 106 102 98 102 102 97 103 105 102 0
99 93 99 88 88 93 98 92 90 93 91 90 1
114 101 109 108 105 108 110 110 107 109 111 99 2
111 105 118 400 155 104 107 213 216 112 109 98 3
108 103 112 258 108 104 111 180 190 106 106 101 4
110 108 113 108 106 108 110 106 110 107 107 107 5
108 103 112 103 103 104 115 102 105 108 111 106 6
103 101 107 129 109 101 106 149 181 101 106 99 7
108 108 112 182 137 105 110 305 241 108 106 104 8
99 94 104 98 96 97 98 107 99 96 95 95 9
108 103 104 103 105 103 106 108 99 103 103 106 10
108 99 103 107 103 105 105 102 98 103 107 15000 11
Chip#2
97 103 102 99 94 95 102 99 98 95 94 93 0
104 99 109 103 100 97 101 100 105 99 101 102 1
105 103 107 106 100 104 107 100 105 101 104 103 2
105 101 108 106 177 109 102 99 137 132 99 95 3
100 97 104 110 171 112 108 100 152 159 99 99 4
104 101 108 102 102 103 105 100 100 102 102 97 5
104 101 106 104 101 98 102 100 104 104 102 99 6
98 100 103 103 101 100 102 100 124 99 101 96 7
105 101 110 106 116 108 103 100 188 152 101 100 8
108 101 108 106 104 101 106 100 118 112 101 106 9
112 105 109 106 104 108 107 100 110 106 109 107 10
103 103 107 101 102 101 105 100 112 104 107 15000 11
Chip#1
112 108 114 112 103 108 110 106 109 113 114 104 0
107 101 107 101 101 99 110 103 103 101 102 103 1
103 98 104 101 99 99 102 102 101 104 105 96 2
102 98 116 393 153 99 103 211 215 100 102 98 3
116 107 113 256 112 108 117 178 190 109 111 102 4
102 101 107 102 97 103 102 98 95 100 99 96 5
106 105 108 103 106 103 110 105 102 104 102 103 6
107 97 108 131 111 103 105 140 181 106 101 99 7
107 105 113 179 130 106 108 300 237 102 101 101 8
108 106 107 106 101 99 106 110 107 103 101 96 9
107 102 107 106 101 100 107 101 98 102 102 98 10
115 107 112 110 108 105 112 113 106 111 113 15000 11
Chip#2
102 97 106 101 100 98 102 100 104 97 101 99 0
106 108 113 107 100 103 108 100 110 107 107 100 1
108 100 109 102 100 104 105 100 105 101 105 104 2
106 103 111 108 214 117 101 100 149 146 102 102 3
103 102 108 118 200 118 108 100 167 177 104 103 4
98 97 100 98 102 97 99 100 99 96 95 93 5
104 99 108 98 101 103 99 100 103 98 101 97 6
106 100 109 106 101 104 101 101 136 117 102 103 7
106 105 109 107 118 113 105 100 210 174 102 100 8
102 102 107 104 104 103 103 100 113 114 102 97 9
110 99 108 103 101 103 106 100 103 103 101 101 10
110 105 104 106 101 101 105 100 107 101 100 15000 11
Chip#1
108 94 101 99 95 97 103 96 95 101 101 97 0
106 102 111 108 102 101 108 106 107 106 105 98 1
111 108 109 112 101 104 110 106 111 107 110 107 2
107 108 120 395 152 103 110 212 218 109 106 101 3
103 102 104 254 105 103 106 175 190 107 106 102 4
104 99 101 103 92 97 102 92 97 97 94 93 5
103 99 106 103 101 103 107 103 106 106 106 103 6
107 99 108 134 107 105 106 151 181 107 105 104 7
112 108 111 184 137 105 105 302 239 109 115 106 8
104 105 107 102 99 97 103 106 105 101 101 93 9
101 98 101 99 96 101 103 95 99 100 99 97 10
110 107 106 107 100 104 106 107 105 111 106 15000 11
Chip#2
110 102 110 104 101 102 107 100 108 108 109 102 0
113 107 114 111 101 109 117 100 114 109 109 109 1
104 97 107 101 101 101 101 100 107 103 101 101 2
106 102 114 110 257 127 111 102 168 164 107 106 3
114 112 115 123 249 128 112 100 201 213 111 105 4
100 101 104 106 100 100 99 100 99 102 97 97 5
110 112 109 110 100 107 111 100 113 108 105 105 6
108 102 109 106 113 104 107 101 142 120 106 105 7
106 96 106 103 134 116 98 100 236 198 100 100 8
99 97 102 98 104 98 97 96 118 118 96 95 9
108 103 110 101 88 100 102 99 108 104 106 103 10
110 107 113 107 104 106 107 100 114 113 114 15000 11
