Chip#1
117 109 116 104 108 111 117 112 111 115 117 109 0
109 109 109 101 106 111 110 103 103 108 116 102 1
105 103 107 102 108 112 111 107 107 108 108 98 2
101 109 122 763 224 100 106 339 362 104 103 98 3
101 103 109 429 103 104 106 251 282 107 103 94 4
105 100 109 104 104 106 107 103 105 104 103 97 5
105 97 108 102 103 108 112 105 105 108 108 98 6
104 103 109 163 121 108 112 213 286 108 105 102 7
98 97 108 240 164 98 103 534 416 108 104 99 8
105 109 114 109 103 106 106 121 120 106 104 103 9
101 99 103 96 98 101 103 95 100 103 101 94 10
105 100 105 101 101 104 107 103 99 106 103 15000 11
Chip#2
109 103 109 109 105 111 110 100 114 108 110 108 0
104 102 106 106 105 104 107 100 106 107 99 102 1
104 102 109 109 105 111 112 100 115 113 109 110 2
103 105 107 109 159 113 108 100 133 137 102 104 3
110 104 114 116 153 118 109 100 145 150 104 102 4
101 95 104 104 105 103 105 100 106 106 102 104 5
111 109 110 111 105 108 112 100 116 113 104 108 6
105 102 105 108 105 104 104 100 126 110 104 102 7
99 98 104 108 114 110 101 100 170 143 102 100 8
104 99 106 106 105 103 101 100 114 110 103 99 9
103 102 108 104 105 104 103 100 105 102 105 104 10
111 108 111 114 105 107 112 100 116 109 109 15000 11
Chip#3
105 99 100 110 102 113 104 110 105 107 100 108 0
111 101 103 110 103 120 105 110 100 106 110 109 1
97 100 95 105 94 105 97 104 95 100 96 103 2
96 95 96 99 95 102 94 103 96 98 94 99 3
90 89 88 103 92 99 93 102 93 94 93 98 4
98 101 102 107 99 112 100 103 96 103 103 106 5
103 97 100 105 97 120 100 110 99 104 99 106 6
102 101 98 113 101 117 101 103 106 105 104 107 7
101 91 96 114 109 102 96 106 102 102 97 106 8
95 94 90 96 98 98 91 96 88 96 94 98 9
105 95 99 108 104 108 102 105 95 105 100 107 10
98 95 90 101 95 106 91 99 91 100 93 15000 11
Chip#4
98 103 104 101 106 105 106 104 107 100 102 97 0
102 101 100 106 107 103 107 105 111 100 103 102 1
89 91 93 100 97 98 101 96 98 94 89 93 2
98 102 106 106 106 105 110 105 114 105 106 101 3
92 99 99 93 103 101 101 99 107 100 99 99 4
98 100 103 106 106 104 101 105 108 101 101 100 5
105 105 114 110 113 112 107 116 114 108 114 112 6
104 101 109 107 110 106 108 109 107 102 102 101 7
102 105 110 110 119 109 111 112 118 108 106 104 8
102 103 100 100 107 104 106 105 107 104 102 100 9
93 101 100 101 103 104 101 103 100 97 98 95 10
101 106 104 104 107 104 106 111 106 103 101 15000 11
Chip#1
104 97 100 96 93 94 108 99 97 101 99 95 0
100 109 103 102 97 100 106 102 99 105 99 99 1
108 101 103 103 104 106 110 107 109 110 101 97 2
102 95 119 766 219 99 105 335 361 100 98 94 3
101 100 107 429 109 102 108 249 284 107 98 95 4
104 104 111 103 102 108 110 103 105 107 102 98 5
106 104 108 104 103 110 108 104 105 107 102 96 6
110 106 105 173 121 104 110 221 291 108 108 103 7
106 104 113 254 169 109 110 540 414 110 102 99 8
98 100 103 100 98 102 106 112 111 100 98 94 9
109 109 111 108 105 111 112 108 107 107 104 104 10
111 101 105 101 99 98 108 104 105 106 104 15000 11
Chip#2
99 92 95 98 97 101 98 99 104 97 97 98 0
106 98 102 101 97 102 107 100 110 99 102 100 1
101 95 104 104 104 104 101 100 109 101 101 103 2
101 91 105 104 158 110 107 99 130 130 99 102 3
106 98 106 113 152 113 110 100 143 143 108 106 4
97 93 104 101 99 99 107 99 105 100 99 99 5
109 97 106 104 99 104 104 100 111 107 107 104 6
106 100 108 106 99 107 106 100 126 112 106 107 7
115 108 110 112 114 115 112 100 178 150 112 110 8
100 97 102 99 105 101 100 100 109 106 101 96 9
98 97 101 101 98 101 108 100 107 101 99 105 10
110 103 111 108 102 102 111 100 116 116 107 15000 11
Chip#3
101 94 102 101 99 106 95 101 97 101 100 100 0
96 96 94 101 96 106 100 108 92 100 102 102 1
102 100 99 102 94 109 99 105 97 105 103 99 2
99 94 97 100 96 106 94 108 108 101 93 98 3
99 91 97 99 101 103 94 103 100 101 99 101 4
98 99 98 101 99 110 97 103 100 100 101 100 5
106 102 104 109 102 113 102 110 99 108 101 107 6
101 99 99 106 102 112 102 108 104 103 100 107 7
96 95 95 110 109 105 97 102 104 98 98 97 8
96 91 89 97 95 100 97 99 92 98 98 98 9
96 96 94 99 98 105 98 100 95 100 98 101 10
102 104 99 103 100 107 101 107 101 101 97 15000 11
Chip#4
102 103 100 104 107 103 108 104 106 105 105 100 0
91 94 96 96 97 96 100 98 98 94 96 100 1
102 102 107 106 107 108 110 108 107 102 101 104 2
99 104 96 103 101 106 103 104 104 101 104 99 3
97 98 102 100 104 106 104 104 108 100 99 97 4
88 96 96 96 98 97 101 97 100 97 98 97 5
102 104 107 107 106 110 111 111 110 107 106 107 6
97 104 102 103 109 106 110 110 110 103 108 103 7
105 102 106 107 124 113 108 108 118 113 104 107 8
101 98 102 103 109 105 107 102 107 100 105 101 9
94 97 96 103 101 98 103 99 101 94 98 96 10
93 91 100 97 97 96 98 101 98 93 98 15000 11
Chip#1
100 99 104 97 92 99 102 96 97 97 102 98 0
113 109 108 107 103 103 108 102 106 105 109 102 1
106 109 107 111 106 107 110 112 113 107 112 105 2
105 100 122 770 226 102 103 342 369 103 109 99 3
96 93 107 429 99 101 98 245 280 102 99 97 4
94 92 96 91 87 92 102 94 95 91 101 89 5
105 105 109 105 104 103 109 107 105 106 108 104 6
108 103 111 176 128 110 112 223 293 108 108 102 7
106 104 117 264 173 109 110 540 421 106 105 99 8
109 101 112 108 100 107 107 114 118 102 106 99 9
101 92 96 94 92 94 97 93 95 97 99 92 10
104 96 104 96 94 93 104 102 97 101 104 15000 11
Chip#2
106 104 103 101 102 103 108 99 108 105 104 103 0
108 99 99 100 101 102 103 100 105 102 104 99 1
103 92 97 98 102 96 100 100 108 96 97 97 2
108 103 104 105 159 111 98 100 134 130 101 106 3
97 97 98 109 147 107 99 100 140 139 102 101 4
100 97 96 99 105 101 104 100 102 100 101 99 5
111 105 107 108 105 108 107 100 114 108 106 106 6
99 97 103 101 105 102 103 100 120 108 101 98 7
104 108 106 113 114 116 108 100 171 146 109 110 8
101 98 95 98 105 97 100 100 115 107 102 96 9
108 108 105 105 105 105 107 100 110 104 106 106 10
101 97 100 104 105 104 103 100 107 109 106 15000 11
Chip#3
104 101 99 108 103 109 98 105 101 106 103 108 0
100 96 91 102 96 109 93 99 93 100 99 102 1
106 104 100 108 103 109 103 106 100 105 103 106 2
97 99 98 100 102 109 95 103 104 102 97 104 3
99 99 96 100 99 110 98 102 101 101 99 103 4
99 101 100 101 100 109 101 104 97 103 103 105 5
91 85 88 93 91 102 89 98 87 92 89 94 6
98 99 96 103 99 111 97 103 100 98 94 103 7
98 96 97 111 109 105 98 104 104 98 95 103 8
101 99 98 103 98 113 100 108 98 101 99 104 9
98 94 92 101 99 102 97 103 92 98 97 102 10
102 99 98 101 98 106 98 99 97 105 95 15000 11
Chip#4
95 98 104 97 107 100 104 101 108 101 101 99 0
96 98 100 97 104 106 106 105 101 98 102 99 1
94 98 104 100 98 104 104 105 103 100 93 96 2
95 94 100 94 101 104 101 100 100 98 95 92 3
102 101 106 104 103 104 108 109 113 109 101 101 4
95 101 104 102 103 108 103 104 107 100 102 95 5
94 93 100 96 101 102 104 102 106 100 101 93 6
94 94 106 101 104 102 104 104 107 101 101 100 7
104 100 109 103 121 109 107 106 108 107 103 99 8
100 96 105 101 107 101 110 102 107 98 101 95 9
92 93 103 94 101 102 100 100 103 96 98 93 10
97 98 102 99 103 98 106 106 103 98 96 15000 11
