53.6875
54
55.375
56.875
58.375
59.75
61
62.1875
63.375
64.4375
65.1875
66.5625
67.5625
68.5625
69.5
70.4375
71.0625
71.9375
72.8125
73.75
74.625
75.4375
76.3125
77.125
77.9375
78.75
79.5625
80.3125
81.0625
81.8125
82.3125
83.0625
83.8125
84.5
85.25
85.9375
86.625
87.3125
88
88.625
89.3125
89.9375
90.5625
91
91.625
92.25
92.8125
93.4375
94.0625
94.625
95.1875
95.5625
96.125
96.6875
97.25
97.8125
98.375
98.875
99.4375
99.9375
100.4375
100.75
101.3125
101.8125
102.3125
102.8125
103.25
103.75
104.1875
104.625
105
105.25
105.625
105.9375
106.3125
106.75
107.0625
107.625
107.8125
107.5
106.6875
106.625
107.0625
107.625
107.9375
107.375
106.8125
107.125
107.6875
107.8125
107.1875
106.5
106.6875
107.25
107.6875
107.8125
107.1875
106.5
106.75
107.375
107.75
107.25
106.5
106.625
107.1875
107.5625
107.0625
106.375
106.5
107.125
107.625
107.25
106.5625
106.25
106.5
107.0625
107.5
107.125
106.4375
106.125
106.5625
107.125
107.3125
106.8125
106.0625
106.125
106.6875
107.3125
107.25
106.5625
106.0625
106.3125
107
107.1875
106.625
106.125
106.3125
106.9375
107.1875
106.625
106
106.1875
106.875
107.0625
106.5625
105.9375
106.125
106.875
107.125
106.6875
106
105.75
106.5625
107
106.9375
106.375
105.875
106.1875
106.8125
106.75
106.0625
105.5625
105.9375
106.6875
107
106.5
105.875
105.5625
106.125
107
106.75
106.0625
105.5625
105.6875
106.375
106.9375
106.625
106
105.4375
105.75
106.5
106.8125
106.1875
105.6875
105.5
106.0625
106.5625
106.25
105.625
105.4375
106
106.6875
106.4375
105.8125
105.4375
105.9375
106.5625
106.5625
106.0625
105.375
105.5
106.1875
106.375
105.875
105.3125
105.5
106.125
106.4375
106.0625
105.4375
105.5625
106.1875
106.5
106.0625
105.4375
105.4375
105.75
106.4375
106.3125
105.75
105.25
105.6875
106.5
106.5625
106.0625
105.625
105.125
105.5625
106.3125
106.375
105.875
105.25
105.0625
105.6875
106.25
106.3125
105.8125
105.25
105.5625
106.25
106.3125
105.8125
105.1875
105
105.5625
106.25
106.25
105.8125
105
105.1875
106
106.4375
106.1875
105.625
105
105.1875
105.9375
106.4375
106
105.375
104.9375
105.4375
106.25
106.3125
105.8125
105.1875
105
105.625
106.3125
106.125
105.75
105.125
105
105.625
106.3125
106.125
105.5625
104.9375
105.1875
105.875
105.9375
105.5
104.9375
105.125
105.875
106.125
105.625
105.0625
104.4375
104.5
105.125
105.875
105.9375
105.4375
104.8125
104.25
104.375
105.125
105.8125
105.75
105.1875
104.5625
104.125
104.625
105.4375
106.125
105.9375
105.3125
105
105.25
106
106.0625
105.5625
105
104.375
104.3125
105.0625
105.9375
106.375
106.125
105.5
104.9375
104.375
104.6875
105.8125
106.3125
105.9375
105.3125
104.6875
104.3125
104.5625
105.3125
105.875
105.625
106.1875
105.5625
104.9375
104.5
104.5
105.25
106.125
106.25
105.75
105.125
104.5625
104.25
104.875
105.4375
106.1875
106
105.4375
104.8125
104.25
104.5625
105
105.8125
106.1875
105.8125
105.25
104.625
104.25
104.625
105.4375
106.0625
105.8125
105.0625
104.4375
104.4375
105.1875
105.75
106.25
105.875
105.3125
104.6875
104.3125
104.875
105.75
106.0625
105.625
105.0625
104.4375
104.4375
105.0625
105.8125
105.8125
105.375
104.8125
104.25
104.5
105.25
106.0625
106.125
105.625
105
104.4375
104.375
105.0625
105.875
105.875
105.3125
104.75
104.25
104.375
105.125
106
106.125
105.625
105.0625
104.4375
104.375
104.8125
105.6875
106.0625
105.4375
105.0625
104.4375
104.4375
105.25
106
105.8125
105.4375
104.875
104.3125
104.75
104.125
104.6875
105.5625
106.1875
106
105.4375
104.8125
104.25
104.4375
105.25
106.125
106.25
105.625
105
104.625
104.1875
104.625
105.4375
105.9375
105.6875
105.125
104.5625
104.4375
105.0625
105.875
105.875
105.375
104.75
104.25
104.5625
105.375
105.9375
105.9375
105.4375
104.8125
104.3125
104.625
105.4375
106.0625
106.1875
105.6875
105.125
104.5625
104.4375
105.1875
106.0625
106.0625
105.5625
104.9375
104.375
