Chip#1
103 98 107 101 100 98 107 105 102 102 101 96 0
99 96 104 101 89 97 98 96 94 98 99 88 1
104 92 98 98 96 97 106 97 94 97 94 85 2
111 107 111 177 117 106 111 140 134 107 110 98 3
99 102 99 137 97 95 105 115 123 98 99 92 4
101 103 104 98 97 100 109 105 98 100 102 96 5
106 105 109 103 102 97 107 103 103 104 109 98 6
110 106 111 129 113 108 111 123 129 107 109 98 7
104 98 102 143 117 98 102 123 134 100 102 96 8
106 101 109 99 100 99 107 106 101 98 99 96 9
110 102 107 102 102 103 108 105 101 106 109 98 10
97 90 97 96 92 92 100 97 92 91 93 15000 11
Chip#3
96 96 94 100 95 101 91 102 98 99 101 96 0
98 98 99 100 98 106 99 99 99 100 102 100 1
97 96 99 98 96 102 96 101 94 101 99 97 2
96 94 96 95 92 104 93 94 94 99 96 96 3
105 100 103 105 107 116 104 107 109 108 104 106 4
101 102 103 108 103 112 104 104 101 104 103 101 5
96 94 99 98 98 106 95 103 98 106 103 100 6
102 100 105 102 100 112 104 106 105 104 104 105 7
93 90 94 101 95 103 92 93 92 100 94 98 8
101 96 101 105 104 110 99 102 98 105 104 101 9
94 98 99 101 99 108 95 97 97 104 101 97 10
99 98 102 102 102 108 93 101 98 103 98 15000 11
Chip#1
114 107 113 104 101 105 110 107 103 104 106 109 0
112 107 109 106 105 108 111 106 106 104 109 106 1
107 102 104 104 96 98 108 100 97 102 105 96 2
108 105 123 705 209 103 105 324 348 98 105 99 3
115 103 109 410 108 100 111 248 283 103 109 101 4
108 107 108 99 101 104 108 103 99 102 97 98 5
106 101 103 99 99 95 105 103 101 101 103 97 6
103 99 102 272 145 97 103 207 273 96 99 97 7
104 106 117 491 281 100 107 553 404 104 105 103 8
106 107 106 115 101 100 110 120 111 103 105 101 9
114 107 104 103 103 104 110 107 101 103 106 98 10
108 97 95 92 91 92 97 92 87 93 98 15000 11
Chip#3
110 108 108 113 108 113 110 109 106 114 113 111 0
105 103 101 112 104 119 109 107 103 108 104 111 1
103 99 101 106 102 112 99 109 107 108 103 102 2
110 111 111 146 166 119 112 169 223 116 112 116 3
111 106 107 146 150 119 106 130 208 113 113 111 4
111 108 105 113 112 119 105 113 111 114 112 116 5
105 99 102 105 105 116 104 108 99 109 106 105 6
106 108 107 146 115 117 105 113 158 111 107 108 7
109 109 110 225 220 119 112 126 205 115 113 110 8
106 111 112 116 123 120 110 113 119 113 114 111 9
109 106 106 112 104 119 105 108 107 105 107 110 10
119 117 114 114 112 120 113 115 114 117 117 15000 11
Chip#1
112 108 101 102 97 94 105 100 98 103 106 103 0
112 98 103 97 96 98 101 101 98 101 101 92 1
120 106 114 113 114 108 119 113 110 112 111 103 2
99 101 122 847 221 93 102 368 397 100 97 90 3
104 97 108 463 103 95 105 276 319 98 103 92 4
102 99 101 99 96 95 105 100 95 101 101 90 5
110 102 102 96 99 98 106 103 99 102 103 98 6
103 100 104 309 155 102 107 238 318 100 98 97 7
103 96 113 569 318 94 101 664 456 98 94 92 8
104 106 109 115 106 103 112 118 121 101 102 95 9
116 105 107 108 103 103 114 107 105 109 109 103 10
112 101 103 102 96 98 107 103 102 104 103 15000 11
Chip#3
129 122 121 124 121 126 118 122 127 128 127 124 0
116 116 114 117 119 120 115 119 116 122 119 116 1
125 122 121 130 128 126 124 126 125 123 124 118 2
112 115 114 184 208 119 115 217 322 123 117 113 3
120 120 120 179 190 125 118 157 290 130 122 119 4
116 116 115 124 121 119 123 120 116 119 118 117 5
125 125 123 125 124 129 122 125 125 128 124 124 6
125 121 123 196 141 129 122 134 222 132 123 126 7
120 116 119 326 303 124 117 147 275 133 126 115 8
121 125 120 132 140 126 124 125 133 125 126 122 9
125 126 120 129 121 126 123 122 127 123 123 123 10
130 129 120 124 123 124 121 122 122 127 127 15000 11
Chip#1
115 108 107 104 105 99 106 105 103 106 111 104 0
112 108 111 106 101 101 107 106 106 98 111 98 1
98 96 102 103 101 95 100 100 99 98 98 94 2
114 107 139 996 259 110 112 429 452 108 110 103 3
102 93 103 523 96 92 97 301 352 91 90 87 4
111 103 106 103 100 100 107 105 107 104 103 101 5
104 105 104 104 101 99 111 103 105 102 105 97 6
110 107 113 356 173 106 115 267 369 109 109 99 7
102 96 116 662 358 93 105 763 518 97 94 96 8
114 103 109 117 105 100 108 130 121 103 102 98 9
108 100 102 102 102 99 106 101 99 97 98 97 10
124 107 109 107 105 104 112 106 103 103 106 15000 11
Chip#3
127 129 142 132 128 130 124 124 125 127 128 133 0
119 122 120 128 121 130 121 123 122 127 124 123 1
127 126 125 130 130 134 126 129 135 133 124 131 2
121 126 121 212 236 133 127 263 407 135 128 127 3
128 128 124 203 220 135 128 173 355 138 129 133 4
121 129 125 130 134 133 132 128 127 129 126 133 5
120 120 121 124 123 122 119 123 122 128 118 124 6
124 124 123 219 150 131 123 134 255 129 124 123 7
125 125 128 402 377 129 128 163 336 134 126 126 8
130 126 131 146 153 131 131 129 138 129 126 124 9
129 128 127 132 125 133 127 125 128 130 122 126 10
152 149 140 138 149 142 139 142 145 146 137 15000 11
Chip#1
116 108 113 104 105 104 108 105 106 102 109 106 0
112 108 107 98 102 98 106 102 102 98 101 99 1
110 108 112 108 109 108 112 111 107 107 107 103 2
98 101 130 984 251 99 102 413 446 97 97 92 3
107 103 112 532 109 99 108 313 363 103 102 98 4
95 94 103 96 95 94 100 101 101 93 90 88 5
107 106 109 110 108 104 111 108 106 109 111 103 6
111 102 111 355 176 108 111 268 364 107 107 102 7
102 97 123 664 359 98 102 769 528 98 101 93 8
102 102 104 110 105 98 110 130 121 101 102 97 9
111 102 106 99 103 106 109 100 103 98 97 98 10
119 102 104 101 101 100 109 102 98 103 109 15000 11
Chip#3
138 132 130 134 132 134 130 131 128 137 133 133 0
125 128 129 133 128 134 130 126 123 132 131 128 1
127 129 128 137 133 135 132 134 138 133 132 131 2
129 133 133 242 268 138 135 295 474 140 132 129 3
129 129 132 223 236 134 132 191 409 147 136 134 4
133 135 136 138 141 139 136 136 135 135 137 137 5
128 126 130 134 132 134 126 130 127 130 131 129 6
136 134 134 244 160 140 133 150 282 145 137 133 7
136 134 137 466 438 143 137 174 393 146 134 133 8
134 134 129 138 159 133 133 135 150 138 133 131 9
141 138 138 146 139 143 140 141 137 140 137 138 10
155 150 142 146 150 146 142 140 145 146 138 15000 11
