Chip#1
113 109 109 107 102 111 117 111 111 106 109 103 0
111 103 114 103 105 110 113 107 111 107 109 104 1
111 109 111 101 102 108 113 107 109 106 109 101 2
115 108 118 173 119 110 115 120 124 112 116 110 3
114 109 118 142 112 113 124 121 124 112 113 108 4
122 108 121 109 111 112 121 117 113 112 116 109 5
107 109 111 101 103 102 110 103 105 107 108 101 6
110 109 116 123 106 107 110 125 136 108 109 101 7
114 106 112 147 126 108 113 174 147 111 108 104 8
118 109 119 111 111 113 118 116 117 110 114 110 9
113 109 116 106 105 105 115 107 111 107 112 104 10
121 109 116 104 110 110 115 114 118 115 113 15000 11
Chip#2
113 105 120 110 105 112 120 101 120 118 114 108 0
112 102 110 101 105 101 106 100 113 111 105 103 1
108 102 106 103 102 105 108 100 113 107 105 104 2
114 104 110 106 102 105 113 99 111 110 103 106 3
110 99 112 103 102 106 108 100 110 108 106 102 4
103 100 109 99 102 105 108 100 107 109 99 105 5
101 95 107 99 102 100 106 100 110 106 101 99 6
106 94 109 99 102 104 107 100 112 109 103 104 7
105 99 112 101 102 108 107 99 115 115 101 101 8
101 94 105 97 104 101 109 99 110 104 101 101 9
109 104 114 105 105 108 112 100 110 108 110 107 10
103 97 102 99 102 103 107 100 107 106 103 15000 11
Chip#1
111 108 112 102 100 101 108 104 105 106 110 105 0
111 109 114 111 108 111 116 108 113 108 110 110 1
111 109 113 112 110 111 113 113 111 116 108 101 2
111 104 122 587 191 109 105 165 181 102 106 101 3
111 108 113 366 109 104 116 149 163 110 117 104 4
108 108 108 102 104 108 111 108 105 101 108 102 5
114 108 109 106 103 109 112 108 109 108 108 103 6
110 109 114 261 150 106 110 224 306 107 113 102 7
109 109 122 450 263 101 111 593 366 108 108 102 8
113 109 119 118 114 113 121 130 128 115 113 110 9
110 103 107 100 102 104 110 104 99 102 103 104 10
114 99 108 106 100 103 110 107 103 102 108 15000 11
Chip#2
105 103 113 101 103 104 111 100 111 107 111 106 0
99 95 101 92 102 98 105 100 107 97 99 100 1
106 97 105 100 102 98 108 100 107 98 98 99 2
106 103 107 104 127 109 108 100 116 110 102 104 3
100 99 108 104 125 109 108 100 118 114 107 106 4
105 107 112 99 89 107 113 100 114 112 106 105 5
106 107 108 105 105 112 110 100 114 110 108 108 6
108 100 108 104 114 101 114 100 129 112 104 106 7
103 100 105 100 123 115 110 100 177 150 103 104 8
106 97 105 98 105 99 105 100 112 108 103 102 9
109 103 111 104 105 103 114 100 111 109 107 108 10
113 102 108 103 105 110 109 100 105 113 111 15000 11
Chip#1
122 109 113 111 107 110 118 107 110 113 117 108 0
121 109 119 113 112 112 117 116 114 116 114 110 1
110 109 112 111 108 111 116 112 111 111 112 104 2
113 109 136 773 228 112 110 198 198 105 106 108 3
118 109 131 463 118 117 121 169 181 113 116 110 4
104 99 105 102 98 103 106 103 103 103 99 94 5
117 109 114 113 110 114 120 114 114 113 114 109 6
111 109 109 325 164 106 113 267 382 105 105 105 7
114 109 131 590 339 111 113 784 458 112 112 107 8
111 109 116 120 112 115 119 130 128 112 112 107 9
110 108 111 107 103 104 116 108 107 101 108 102 10
128 109 116 111 110 115 117 111 111 116 117 15000 11
Chip#2
100 94 101 96 89 98 104 100 106 102 104 102 0
104 99 106 100 105 105 116 100 110 106 109 106 1
111 105 113 103 105 107 112 100 115 106 109 106 2
106 100 103 104 165 110 108 100 119 114 107 104 3
110 104 108 113 159 118 112 101 132 130 109 110 4
111 103 109 103 105 105 114 100 116 109 109 110 5
105 104 108 102 105 103 107 100 111 103 106 108 6
109 100 106 97 114 108 104 100 143 120 108 105 7
107 103 111 106 163 130 106 100 222 196 106 104 8
105 102 104 96 114 99 103 100 121 117 102 105 9
103 97 105 96 102 97 100 100 104 102 104 99 10
104 103 106 96 101 101 99 100 106 104 100 15000 11
Chip#1
123 109 114 104 108 113 113 107 116 108 113 108 0
115 108 111 104 105 108 111 107 107 107 108 104 1
114 108 111 106 105 112 107 113 109 108 109 103 2
119 109 142 898 253 107 117 209 222 112 114 105 3
104 100 108 516 98 101 107 166 190 103 103 95 4
111 109 111 108 105 115 113 116 113 111 112 108 5
115 105 109 101 103 106 110 106 107 110 109 104 6
115 109 109 371 183 112 117 300 437 115 113 108 7
106 108 126 675 373 108 111 908 521 111 110 105 8
115 108 112 119 111 110 118 140 139 110 112 105 9
121 109 113 106 106 112 112 109 113 106 112 109 10
119 104 104 99 99 101 107 103 106 105 112 15000 11
Chip#2
117 102 111 104 101 105 112 100 105 110 112 110 0
112 102 107 103 101 103 106 100 112 103 104 100 1
108 99 109 104 101 107 105 99 110 107 112 106 2
111 108 108 107 209 116 107 100 126 127 107 107 3
109 99 111 112 195 117 110 100 134 137 106 106 4
105 96 107 103 89 99 108 100 114 106 104 104 5
108 99 106 103 105 105 108 100 111 107 98 110 6
109 100 104 99 130 102 105 100 165 124 104 102 7
111 103 111 111 214 154 108 100 305 257 108 110 8
108 103 108 103 120 108 111 100 129 129 106 106 9
110 100 106 102 104 105 107 99 105 107 103 105 10
114 102 109 104 105 103 109 100 115 110 106 15000 11
Chip#1
119 109 107 100 103 98 112 107 106 106 109 99 0
121 109 114 106 108 108 112 113 116 111 112 107 1
113 108 116 110 108 113 114 110 111 112 109 105 2
113 108 144 963 262 113 112 219 230 108 106 107 3
113 109 118 551 114 107 115 173 190 110 114 102 4
110 109 111 109 102 108 112 104 113 107 109 102 5
104 97 107 98 100 103 110 103 106 105 106 102 6
110 109 113 384 187 106 115 315 451 110 108 102 7
118 106 132 720 398 111 117 965 557 115 112 108 8
114 109 112 116 106 107 112 140 131 108 112 102 9
117 105 108 106 109 103 112 110 112 107 112 106 10
123 108 108 105 97 103 108 105 109 106 110 15000 11
Chip#2
104 102 104 96 101 103 103 99 109 100 101 104 0
106 107 107 103 101 107 105 100 109 104 106 104 1
115 111 116 108 101 114 115 100 119 112 113 112 2
105 99 102 103 241 118 107 100 127 127 104 102 3
105 100 104 114 227 118 106 100 145 145 106 105 4
111 112 114 109 105 108 112 100 116 113 111 110 5
107 100 104 99 105 103 111 100 106 104 103 102 6
108 104 109 104 146 104 108 100 178 124 107 106 7
109 99 108 108 242 154 103 100 355 295 107 105 8
111 104 111 104 132 105 108 100 142 137 109 104 9
104 104 109 101 102 103 105 99 107 105 108 93 10
115 107 113 106 105 107 109 100 117 112 113 15000 11
Chip#1
113 104 107 103 98 108 108 103 105 107 104 99 0
104 99 104 101 97 103 105 99 99 100 101 97 1
104 99 109 105 100 103 110 108 102 102 104 94 2
104 97 131 948 254 99 99 209 215 99 98 90 3
111 101 116 556 109 109 108 174 190 106 103 102 4
109 100 109 104 104 106 110 109 107 107 103 102 5
110 109 107 102 103 106 112 104 106 104 104 99 6
108 99 112 380 181 102 111 311 446 108 104 99 7
111 109 133 718 398 107 115 958 557 112 109 110 8
110 108 111 123 108 109 110 124 129 110 109 99 9
114 103 107 102 106 107 111 108 106 103 105 110 10
124 106 111 104 103 107 113 109 105 110 113 15000 11
Chip#2
105 98 105 99 98 103 101 99 103 104 102 97 0
104 102 112 108 98 110 111 100 109 108 110 111 1
101 95 101 98 101 98 104 100 104 97 98 99 2
108 104 105 109 277 125 110 99 137 137 107 105 3
112 103 112 121 261 133 113 102 153 157 114 113 4
109 102 111 105 105 113 114 100 117 109 114 113 5
115 113 116 110 105 113 116 100 116 113 118 110 6
108 103 111 106 159 105 110 100 194 133 110 104 7
111 103 111 119 278 161 111 101 402 328 112 111 8
110 110 112 103 141 104 113 100 142 143 109 112 9
109 103 108 104 105 107 112 100 107 107 108 106 10
120 115 118 115 105 113 121 106 119 114 116 15000 11
