Chip#1
95 94 99 96 89 94 96 92 91 100 95 90 0
102 103 106 100 97 103 100 102 101 103 103 97 1
104 100 106 108 101 101 102 106 101 103 102 103 2
102 98 109 184 115 104 101 107 137 102 98 98 3
102 97 108 141 99 104 110 128 131 104 98 102 4
99 98 103 101 97 105 102 105 105 104 98 101 5
112 107 112 110 105 108 112 112 111 106 109 106 6
99 94 104 108 101 105 98 115 123 100 101 98 7
99 100 106 117 103 99 102 114 141 103 99 97 8
101 101 109 103 99 103 98 101 101 102 103 97 9
106 106 111 107 102 105 103 106 103 106 105 102 10
103 98 103 96 94 103 105 102 98 102 101 15000 11
Chip#2
100 95 102 101 99 96 102 99 95 96 97 97 0
98 96 99 98 99 90 102 99 97 95 94 96 1
103 101 104 101 99 100 102 100 104 106 99 101 2
108 105 107 103 99 96 106 99 109 106 102 105 3
105 101 104 102 99 101 102 99 108 104 104 99 4
100 96 102 97 102 101 99 99 99 97 99 97 5
100 98 107 102 102 97 99 99 99 100 106 99 6
104 97 101 99 101 95 98 99 107 96 96 100 7
100 97 104 101 101 100 93 99 103 106 100 102 8
110 105 114 108 101 103 105 99 110 104 107 101 9
104 103 108 102 100 98 103 99 102 97 105 101 10
105 98 103 98 100 88 98 99 98 97 94 15000 11
Chip#1
110 107 113 109 103 105 109 108 102 106 111 106 0
102 99 104 99 95 99 101 107 98 100 99 98 1
93 88 93 91 89 90 93 92 93 93 94 87 2
99 98 115 328 135 101 100 191 196 103 99 96 3
108 103 109 222 106 104 110 169 181 107 106 101 4
101 103 102 102 95 101 101 100 98 102 102 97 5
103 101 106 99 97 100 102 105 101 106 103 96 6
101 102 108 124 102 108 107 140 165 106 109 93 7
101 101 99 145 115 95 96 261 204 101 99 93 8
97 102 107 107 99 104 105 111 103 102 102 98 9
108 103 107 103 105 108 105 108 99 101 103 102 10
101 98 106 97 96 99 102 103 91 100 101 15000 11
Chip#2
108 102 107 104 100 104 107 99 107 100 97 101 0
104 102 103 104 100 106 106 99 104 100 101 102 1
100 97 102 97 100 101 103 99 103 92 99 100 2
98 101 102 96 185 104 98 99 134 135 95 97 3
97 102 104 111 181 113 106 99 153 164 99 99 4
99 97 100 101 99 96 102 99 100 95 100 96 5
104 101 106 99 102 97 98 99 99 97 97 100 6
106 103 107 104 102 101 106 99 122 111 105 104 7
105 103 107 108 102 111 106 99 191 157 105 100 8
102 99 104 97 102 93 102 100 112 106 99 97 9
100 95 101 93 99 95 102 99 97 95 97 95 10
100 100 102 101 100 96 102 99 97 102 97 15000 11
Chip#1
110 103 109 106 100 101 109 103 101 104 107 103 0
102 98 102 100 91 95 97 97 99 101 101 96 1
106 101 109 103 101 101 107 103 102 106 103 99 2
106 96 116 409 149 98 103 226 231 101 102 97 3
106 102 106 258 105 105 111 187 200 108 107 102 4
94 98 99 97 94 97 101 100 98 100 94 91 5
97 90 93 92 92 93 97 96 95 96 94 86 6
99 103 103 126 106 103 100 140 181 100 102 99 7
104 97 108 159 126 98 106 316 247 104 97 102 8
90 90 95 93 92 94 93 100 97 88 89 86 9
101 98 103 98 94 98 102 100 101 100 98 98 10
106 99 101 99 92 99 97 97 98 97 99 15000 11
Chip#2
104 103 108 104 100 97 103 100 104 106 102 104 0
111 107 107 107 100 102 107 100 110 102 109 105 1
104 100 106 101 102 100 103 100 110 95 96 99 2
98 94 102 103 259 116 97 99 164 164 95 96 3
99 103 107 114 255 120 106 100 166 212 96 102 4
104 102 107 103 102 101 110 99 103 100 105 103 5
108 105 107 104 102 102 110 100 108 107 105 107 6
106 96 108 106 102 96 106 99 137 109 104 103 7
105 106 109 112 130 121 107 99 251 208 101 102 8
102 102 104 98 88 95 101 99 122 114 100 100 9
100 100 102 103 88 98 101 99 98 95 95 101 10
114 115 116 111 88 103 116 100 109 107 111 15000 11
Chip#1
117 107 117 113 112 115 114 118 111 109 117 114 0
104 105 107 102 106 103 102 106 103 102 107 101 1
93 92 95 96 88 97 95 98 93 90 91 94 2
99 99 118 411 155 104 101 220 229 102 105 101 3
98 102 103 253 100 100 101 181 181 102 98 96 4
102 97 99 102 97 100 100 105 95 101 98 98 5
101 101 98 100 99 99 98 98 94 102 95 92 6
102 106 102 130 109 100 101 159 181 103 103 102 7
106 102 103 160 128 101 102 319 248 100 105 99 8
102 103 109 103 99 101 103 116 106 102 99 99 9
106 102 103 102 97 106 103 106 102 102 102 103 10
99 96 102 96 96 95 97 101 94 97 97 15000 11
Chip#2
106 100 104 98 101 100 102 100 103 101 97 103 0
105 103 106 102 101 103 99 100 108 101 102 99 1
108 97 102 97 100 100 94 100 104 98 94 102 2
109 102 109 108 295 129 106 100 183 184 102 105 3
98 95 97 112 276 120 93 100 184 228 94 95 4
105 100 109 101 88 104 107 100 105 98 102 102 5
103 95 101 101 99 95 96 99 103 98 95 96 6
105 103 109 107 98 103 105 100 142 114 104 100 7
105 102 109 106 134 118 106 100 275 222 101 103 8
114 110 113 104 113 107 110 100 127 132 106 109 9
103 100 104 99 100 101 103 100 102 99 96 100 10
108 102 108 103 100 100 103 100 103 107 102 15000 11
Chip#1
101 106 106 104 97 100 105 102 99 102 102 101 0
104 103 106 101 96 98 106 102 98 100 99 98 1
98 94 102 96 96 94 97 101 95 102 95 97 2
102 99 117 477 163 103 102 248 264 104 105 102 3
99 101 107 288 103 98 101 205 218 101 101 98 4
95 100 102 97 94 98 97 98 94 98 95 95 5
98 98 99 97 99 98 100 98 98 102 107 96 6
101 93 104 127 107 97 102 161 196 98 101 97 7
102 107 106 172 132 101 101 373 286 101 105 101 8
102 103 104 108 99 101 106 116 110 103 105 103 9
97 98 102 98 99 95 103 101 98 102 99 99 10
101 99 111 101 99 99 102 100 95 102 102 15000 11
Chip#2
105 99 104 98 100 96 102 99 100 96 99 104 0
109 105 110 106 100 102 110 100 108 101 106 106 1
104 101 106 99 102 96 101 100 105 95 97 101 2
102 94 102 106 325 120 94 99 187 185 97 94 3
106 101 106 119 318 125 107 100 212 258 101 104 4
103 103 108 101 71 97 105 100 108 98 102 104 5
110 103 110 106 71 102 107 100 113 103 101 105 6
105 98 102 99 104 97 103 100 143 115 102 97 7
100 96 104 101 137 114 102 99 295 233 100 100 8
103 103 102 103 104 102 107 99 127 126 104 103 9
104 100 110 103 102 98 101 99 100 97 96 102 10
109 97 100 94 101 97 105 99 104 98 97 15000 11
