Chip#1
114 107 109 104 105 109 110 108 103 109 111 103 0
107 101 106 99 101 110 106 101 109 107 106 101 1
104 108 107 106 101 108 110 105 103 104 103 101 2
99 94 102 157 105 97 97 116 122 97 95 96 3
108 102 109 130 102 103 112 121 125 109 107 103 4
111 108 113 106 108 113 114 110 115 111 110 109 5
112 103 107 104 108 108 111 106 109 108 107 102 6
110 97 107 117 108 106 108 116 126 102 102 106 7
98 94 98 130 113 97 97 149 122 101 95 96 8
108 99 106 104 101 105 103 106 106 104 101 104 9
110 99 103 104 103 106 107 103 99 106 106 104 10
106 101 104 97 103 101 102 101 101 102 98 15000 11
Chip#1
116 108 113 108 107 109 112 108 106 109 113 107 0
110 108 109 98 107 105 110 105 107 111 107 109 1
108 106 106 99 97 104 107 106 110 106 102 102 2
108 102 107 217 123 103 106 140 154 103 105 99 3
101 93 102 152 96 100 107 125 135 100 99 101 4
107 108 111 103 103 106 110 101 105 106 106 104 5
107 108 103 95 97 99 105 99 98 100 101 97 6
107 103 106 134 106 99 107 127 143 103 101 101 7
114 108 114 180 140 111 111 195 145 109 113 104 8
104 103 109 104 101 100 105 107 107 104 102 96 9
107 102 109 97 95 100 107 102 99 101 97 99 10
108 96 103 98 102 100 101 102 98 104 101 15000 11
Chip#1
114 106 106 103 102 106 109 103 106 108 105 108 0
114 107 112 106 105 109 111 111 111 107 107 106 1
114 108 113 110 111 114 116 110 114 111 113 108 2
110 108 126 606 197 105 110 285 302 103 105 104 3
103 108 108 347 106 100 106 211 243 104 105 99 4
106 102 109 103 107 105 110 106 109 102 107 99 5
110 105 104 106 106 106 112 103 102 108 106 104 6
107 108 107 238 139 101 107 205 264 103 105 104 7
112 99 114 411 244 103 106 480 341 106 103 104 8
111 108 111 113 107 106 111 125 118 103 110 102 9
112 107 108 110 107 105 111 108 106 109 106 104 10
112 96 102 93 94 95 100 100 99 102 98 15000 11
Chip#1
108 101 108 102 99 103 101 101 102 102 102 102 0
103 96 102 97 95 99 107 97 94 98 101 98 1
103 99 101 101 97 98 102 97 101 101 99 95 2
103 102 125 780 216 104 103 338 369 106 99 97 3
103 103 109 429 106 104 107 249 291 109 111 101 4
111 107 112 112 108 110 114 110 106 109 110 106 5
107 106 112 107 103 104 111 110 103 104 111 104 6
102 97 103 282 153 99 101 233 315 97 99 101 7
106 108 120 504 300 103 105 607 421 102 105 104 8
111 108 111 115 107 110 114 120 118 109 109 106 9
106 97 99 96 92 92 102 96 94 97 98 97 10
115 108 107 103 107 103 111 106 102 104 105 15000 11
Chip#1
115 108 112 104 101 101 107 105 105 106 105 108 0
106 105 103 102 100 100 108 101 102 102 102 101 1
107 103 106 108 102 101 105 105 102 106 105 101 2
103 106 132 894 246 108 110 355 421 107 110 101 3
115 108 118 484 118 114 116 281 327 113 114 108 4
106 108 107 103 105 108 110 105 109 106 106 101 5
107 101 108 104 102 103 107 110 105 109 107 96 6
103 108 106 317 163 98 103 258 357 104 102 102 7
112 108 122 581 341 108 114 705 475 114 114 106 8
106 108 114 119 109 111 111 123 123 106 111 103 9
110 99 103 104 100 99 105 107 105 104 106 101 10
117 108 106 103 102 101 107 108 103 101 109 15000 11
Chip#1
116 107 109 107 105 105 105 106 107 103 111 111 0
106 97 104 102 102 105 106 103 103 102 105 104 1
106 101 99 107 97 101 105 105 106 106 102 99 2
107 103 134 959 251 105 106 409 437 106 105 102 3
110 108 114 512 111 105 112 284 345 109 107 106 4
108 107 104 104 102 104 108 107 111 108 111 102 5
107 101 108 107 100 100 108 106 107 104 105 101 6
110 97 108 323 168 103 107 266 373 107 107 99 7
107 108 122 613 350 109 106 738 494 108 103 101 8
111 105 112 121 109 113 111 128 126 107 109 106 9
106 102 103 99 101 109 107 108 105 103 105 103 10
123 106 111 107 108 105 111 108 109 108 113 15000 11
