Chip#1
535 570 723 635 581 560 517 514 545 383 587 445 0
533 557 723 629 576 559 514 513 543 399 587 445 1
544 576 731 636 581 570 518 518 550 399 587 467 2
541 570 723 642 584 564 520 515 548 383 587 445 3
551 570 723 637 591 569 520 519 552 383 587 445 4
552 572 731 645 591 565 523 522 552 399 586 471 5
560 567 723 639 588 572 468 525 556 399 595 473 6
553 575 723 633 589 561 526 527 555 399 594 470 7
553 572 731 627 588 572 526 529 555 415 598 477 8
570 578 747 652 587 572 529 534 565 415 601 485 9
573 589 731 649 587 567 468 531 560 399 599 481 10
574 582 731 640 587 568 530 529 561 415 599 480 11
Chip#2
937 1028 1035 1143 1223 1159 1003 1094 1215 989 1132 1197 0
935 1028 1019 1143 1223 1159 999 1085 1154 982 1124 1197 1
938 1028 1035 1159 1239 1175 1005 1092 1149 971 1123 1181 2
939 918 1035 1143 1223 1159 1007 1089 1139 965 1119 1165 3
939 918 1035 1159 1239 1175 995 1092 1199 971 1118 1181 4
939 918 1035 1143 1223 1159 993 1086 1135 970 1116 1165 5
939 1028 1035 1143 1223 1143 993 1080 1199 965 1110 1165 6
939 918 1019 1143 1223 1143 988 1072 1139 960 1105 1165 7
939 1028 1035 1159 1223 1159 994 1075 1199 983 1122 1181 8
935 918 1019 1143 1207 1143 984 1072 1140 970 1113 1165 9
932 918 1035 1143 1207 1159 981 1064 1133 960 1109 1149 10
933 1028 1019 1143 1223 1143 970 1050 1115 956 1105 1149 11
Chip#3
603 638 688 455 542 555 620 581 533 622 597 603 0
619 636 691 458 546 555 619 581 538 622 597 603 1
619 642 697 462 554 555 626 635 541 629 603 619 2
603 639 693 462 550 555 622 582 537 620 601 603 3
603 642 695 461 551 555 623 584 538 624 598 603 4
603 638 692 459 543 476 619 582 532 564 595 603 5
619 642 700 468 553 555 629 635 540 628 603 603 6
619 641 695 461 550 555 621 584 539 622 599 603 7
603 636 689 457 545 555 620 582 534 619 596 603 8
603 639 693 457 548 555 624 583 537 621 596 619 9
619 639 694 464 549 555 624 584 541 624 600 603 10
619 645 700 465 552 555 625 589 542 631 604 619 11
Chip#4
Chip#1
528 563 723 631 577 552 452 507 541 383 568 445 0
531 555 723 630 574 559 452 513 545 383 568 378 1
536 566 731 627 572 560 514 512 541 383 600 445 2
539 565 731 639 584 560 516 513 547 399 600 445 3
550 568 723 642 589 566 452 521 549 383 568 445 4
549 567 723 645 588 564 519 519 553 383 600 468 5
555 564 723 636 584 565 519 525 554 399 600 468 6
549 568 723 631 587 557 523 525 553 399 600 466 7
552 564 723 625 583 569 468 528 555 399 595 474 8
562 571 723 644 579 566 468 530 556 399 595 475 9
574 586 731 645 589 568 527 533 558 415 604 480 10
578 584 731 646 594 571 484 531 563 415 602 484 11
Chip#2
936 1028 1019 1143 1207 1143 1002 1092 1150 979 1127 1181 0
936 918 1019 1127 1207 1159 993 1077 1199 974 1117 1181 1
931 1028 1019 1143 1223 1159 991 1085 1199 957 1112 1181 2
932 918 1019 1143 1223 1159 996 1085 1134 961 1109 1165 3
932 919 1003 1039 1223 1143 998 1085 1138 958 1118 1165 4
932 918 1035 1143 1223 1143 987 1079 1130 972 1115 1165 5
932 918 1019 1040 1207 1143 996 1080 1143 964 1116 1165 6
932 918 1019 1143 1223 1143 985 1072 1134 960 1109 1165 7
932 918 1019 1127 1207 1143 979 1069 1128 970 1118 1149 8
932 918 1003 1031 1207 1143 975 1063 1131 959 1105 1149 9
930 918 1019 1143 1207 1143 970 1059 1121 952 1101 1065 10
930 918 1019 1041 1207 1127 963 1052 1107 952 1102 1068 11
Chip#3
619 638 692 456 541 555 621 631 535 619 598 603 0
619 639 697 458 548 555 622 632 538 624 600 619 1
603 634 693 457 546 555 621 631 534 621 595 603 2
603 632 691 456 541 555 621 579 533 617 593 603 3
603 631 693 455 542 479 618 581 532 560 594 603 4
603 639 696 460 542 555 622 581 536 564 594 603 5
603 635 694 458 543 477 619 581 533 619 591 587 6
603 639 699 463 549 555 627 586 537 625 599 603 7
603 635 693 459 547 555 621 581 535 621 594 603 8
603 634 690 454 542 477 620 580 530 560 592 603 9
619 641 698 465 553 555 628 636 540 629 601 619 10
603 635 691 458 544 555 623 630 535 624 594 603 11
Chip#4
Chip#1
531 565 723 633 574 557 517 513 545 383 603 445 0
527 555 723 630 573 558 513 513 542 399 568 445 1
536 569 723 628 576 562 519 512 544 383 603 445 2
545 570 723 642 588 565 468 519 549 383 603 445 3
551 569 731 640 589 570 468 524 552 399 603 445 4
549 564 723 639 584 561 518 523 548 383 603 445 5
559 568 723 643 590 570 468 529 555 399 597 472 6
548 568 723 626 584 555 522 526 549 399 597 464 7
548 568 723 626 591 572 524 532 559 399 594 474 8
564 577 731 643 579 565 468 533 556 399 599 476 9
575 587 731 649 591 568 529 536 564 415 602 479 10
571 580 723 640 587 567 527 529 558 399 595 478 11
Chip#2
930 918 1019 1033 1207 1143 998 1091 1146 974 1124 1181 0
930 1028 1019 1036 1207 1143 991 1079 1143 971 1123 1181 1
930 1028 1019 1143 1223 1159 992 1083 1137 957 1112 1181 2
930 919 1019 1023 1191 1143 988 1073 1127 952 1102 1165 3
930 919 1003 1035 1191 1127 980 1075 1123 952 1100 1149 4
930 919 1019 1143 1207 1143 988 1082 1127 965 1113 1165 5
930 918 1019 1127 1207 1127 981 1077 1137 961 1104 1149 6
930 918 1019 1143 1207 1143 986 1074 1138 958 1109 1165 7
930 918 1003 1032 1207 1143 982 1066 1136 963 1110 1165 8
930 919 1003 1026 1191 1127 972 1061 1119 956 1101 1149 9
930 918 1019 1143 1207 1143 971 1059 1126 961 1101 1149 10
930 1028 1035 1143 1223 1143 966 1054 1110 952 1101 1149 11
Chip#3
603 633 694 457 545 555 624 630 536 622 598 603 0
603 630 689 453 543 475 619 577 531 620 593 603 1
603 637 693 457 542 555 622 583 535 622 593 603 2
603 635 695 456 544 555 623 581 530 621 592 603 3
619 636 695 462 545 555 622 633 537 626 598 619 4
603 634 690 456 540 555 621 580 532 561 590 603 5
603 630 691 454 540 473 619 575 530 560 589 603 6
603 634 694 461 545 555 623 582 537 625 596 603 7
603 635 695 458 546 555 623 585 538 622 594 603 8
603 632 691 455 545 555 622 580 533 621 594 603 9
619 636 699 462 547 555 626 631 538 626 600 619 10
603 633 690 458 541 479 622 580 531 561 593 587 11
Chip#4
Chip#1
523 563 723 627 573 554 452 508 541 367 596 445 0
529 552 723 626 570 557 452 512 542 383 596 377 1
536 568 723 632 577 563 516 517 548 383 596 445 2
539 565 731 640 581 559 517 516 546 399 596 445 3
546 563 723 640 585 566 468 520 552 399 596 445 4
550 562 723 644 587 565 520 524 553 383 596 445 5
557 565 723 641 584 569 524 524 556 399 595 471 6
549 576 723 634 592 563 529 531 556 399 596 470 7
549 566 723 625 589 567 468 530 557 399 593 475 8
565 574 731 646 582 563 468 530 558 399 594 476 9
575 588 731 649 591 565 529 533 561 415 601 478 10
576 583 731 644 592 573 535 533 565 415 603 481 11
Chip#2
930 918 1003 1021 1191 1127 987 1076 1139 962 1114 1165 0
930 918 1019 1127 1191 1143 987 1069 1138 966 1112 1165 1
930 918 1003 1034 1207 1143 993 1079 1137 957 1111 1165 2
930 918 1035 1143 1223 1159 997 1082 1130 957 1110 1165 3
930 918 1019 1033 1207 1143 988 1083 1131 953 1107 1165 4
930 918 1019 1143 1223 1143 990 1081 1125 964 1110 1165 5
930 1028 1019 1127 1207 1127 978 1067 1135 955 1110 1149 6
930 918 1019 1143 1207 1143 984 1060 1128 952 1100 1165 7
930 918 1003 1034 1207 1143 984 1072 1140 968 1116 1149 8
930 918 1003 1127 1191 1143 971 1062 1126 957 1102 1149 9
930 918 1019 1143 1207 1143 966 1055 1122 952 1101 1149 10
930 918 1019 1143 1207 1127 963 1045 1098 952 1102 1061 11
Chip#3
603 637 696 459 547 555 624 585 536 621 598 603 0
619 639 693 459 548 555 624 631 537 626 599 619 1
619 638 694 461 546 555 624 632 535 625 597 603 2
603 633 689 458 548 555 620 585 535 621 594 603 3
619 633 695 459 550 555 627 631 534 624 597 603 4
603 635 695 461 547 555 623 585 534 623 595 603 5
603 632 693 458 546 475 623 580 530 565 590 587 6
603 635 692 455 547 555 622 583 533 562 593 603 7
603 633 696 458 546 555 627 585 539 624 597 603 8
619 635 694 458 546 555 622 629 536 621 594 619 9
619 638 698 463 551 555 626 636 536 627 598 603 10
603 636 695 460 548 555 625 586 535 626 598 603 11
Chip#4
Chip#1
536 576 731 646 587 563 524 518 551 399 603 445 0
536 565 731 643 582 562 520 521 548 399 593 445 1
552 584 747 648 589 574 528 524 553 415 600 471 2
546 577 747 650 593 568 524 521 551 399 594 468 3
557 575 731 650 598 570 526 523 555 415 595 469 4
558 579 731 654 595 571 527 526 558 415 596 472 5
566 576 731 657 594 575 530 529 559 415 599 478 6
556 583 723 640 597 564 529 529 558 399 598 472 7
559 581 723 636 598 576 532 537 564 415 603 482 8
575 586 763 663 595 570 534 539 567 415 606 487 9
582 596 747 660 597 575 534 538 566 415 610 486 10
584 593 747 654 599 575 541 540 568 431 608 484 11
Chip#2
942 1028 1035 1159 1239 1175 1010 1099 1163 991 1136 1213 0
940 1028 1035 1049 1223 1159 1004 1098 1163 994 1136 1197 1
943 1028 1035 1175 1239 1191 1010 1101 1215 981 1132 1197 2
939 1028 1088 1175 1255 1191 1013 1177 1215 982 1131 1213 3
935 924 1090 1159 1239 1175 1007 1177 1215 982 1131 1197 4
933 1028 1089 1175 1239 1175 1005 1099 1215 990 1130 1213 5
942 932 1035 1159 1239 1175 1012 1101 1164 988 1126 1197 6
934 1028 1090 1175 1239 1175 1007 1092 1215 983 1128 1197 7
930 1028 1035 1049 1223 1159 1005 1090 1158 993 1137 1181 8
939 1028 1035 1159 1223 1175 999 1088 1149 987 1123 1181 9
947 1028 1091 1159 1239 1175 991 1085 1155 983 1124 1165 10
944 935 1093 1175 1239 1175 986 1074 1128 968 1123 1165 11
Chip#3
619 644 700 464 553 555 626 635 547 627 653 635 0
619 641 699 462 548 555 625 630 539 625 602 619 1
619 641 701 462 548 555 625 631 540 627 603 619 2
603 634 690 455 544 555 621 581 535 621 596 603 3
619 641 696 463 551 571 623 632 539 625 598 619 4
619 646 702 465 555 571 627 638 542 630 653 619 5
619 642 703 464 553 555 628 633 541 629 604 603 6
603 644 702 464 554 555 624 589 540 625 604 603 7
619 638 697 461 603 555 624 634 538 623 599 619 8
603 634 694 458 547 555 620 587 537 622 598 603 9
619 640 698 460 548 555 623 631 539 623 597 619 10
619 642 700 462 556 571 628 634 544 630 652 635 11
Chip#4
Chip#1
539 572 723 641 584 562 468 516 547 383 608 445 0
534 557 723 636 578 559 520 517 544 383 608 445 1
542 581 731 642 584 570 468 517 546 399 608 445 2
551 576 747 652 595 571 529 524 554 415 592 468 3
561 578 731 651 597 573 526 525 554 415 594 467 4
561 578 747 660 598 570 530 530 557 399 594 473 5
564 573 723 654 593 573 528 532 557 415 596 475 6
556 583 723 644 597 566 531 532 561 399 600 471 7
563 579 723 640 597 578 536 539 566 415 602 482 8
573 582 731 661 592 572 468 538 567 415 602 484 9
581 598 731 665 597 569 535 537 569 399 610 486 10
579 591 731 653 600 578 484 539 567 415 606 482 11
Chip#2
942 1028 1035 1048 1223 1175 1008 1100 1169 995 1137 1213 0
945 1044 1035 1159 1239 1175 1014 1107 1173 1003 1142 1213 1
947 1044 1091 1064 1239 1175 1013 1105 1167 992 1135 1197 2
933 934 1089 1159 1239 1175 1014 1105 1153 983 1130 1197 3
934 934 1035 1175 1239 1175 1009 1109 1215 975 1127 1197 4
936 1028 1094 1159 1239 1175 1004 1101 1147 993 1133 1197 5
933 1044 1089 1159 1239 1175 1005 1097 1215 983 1122 1197 6
934 1028 1035 1159 1239 1159 997 1088 1155 975 1122 1181 7
934 1028 1035 1143 1223 1159 999 1089 1150 987 1128 1181 8
939 1028 1035 1052 1223 1175 990 1088 1144 984 1120 1181 9
940 1028 1035 1159 1223 1159 987 1079 1147 976 1116 1165 10
931 1044 1035 1159 1239 1159 979 1059 1123 964 1114 1165 11
Chip#3
603 634 695 456 549 555 624 579 531 564 598 603 0
619 640 696 456 547 555 625 630 537 624 598 603 1
603 640 698 463 548 555 624 630 537 625 600 603 2
603 635 696 457 549 478 621 580 538 626 597 603 3
603 636 695 458 547 555 621 583 535 622 602 603 4
603 631 692 455 544 555 621 578 531 559 592 603 5
603 638 695 460 548 476 624 583 536 623 598 603 6
603 638 699 461 546 555 626 584 535 622 599 603 7
619 635 697 461 547 555 623 633 535 622 597 603 8
603 641 694 458 545 555 623 631 533 622 596 603 9
603 637 700 460 549 555 624 585 539 627 599 603 10
619 646 703 464 554 555 631 638 544 633 603 619 11
Chip#4
