Chip#1
110 104 103 96 95 99 105 99 100 97 99 102 0
117 109 108 100 104 107 107 108 107 103 104 103 1
110 103 105 107 102 108 107 107 104 105 105 104 2
107 109 137 1009 267 101 103 218 230 103 104 102 3
98 95 105 569 109 99 103 173 190 102 102 95 4
106 109 112 103 105 108 110 109 109 105 106 100 5
105 105 108 100 100 101 109 107 104 101 102 100 6
105 109 107 396 187 107 112 325 476 108 102 105 7
104 103 125 751 408 104 110 1007 583 107 103 99 8
108 108 109 119 108 109 112 124 128 106 105 106 9
114 104 103 101 98 103 110 99 106 103 103 104 10
117 100 102 97 96 100 105 100 100 105 103 15000 11
Chip#2
106 108 109 109 105 108 115 100 107 108 106 104 0
112 108 111 109 105 105 107 100 110 108 111 107 1
115 117 113 112 114 117 119 104 118 116 112 113 2
105 103 107 118 310 123 107 100 147 138 109 108 3
104 106 111 125 288 128 114 100 158 159 106 106 4
99 98 100 105 105 99 110 100 109 101 108 106 5
106 108 111 110 105 115 112 102 118 110 111 106 6
103 102 103 106 170 108 105 99 202 133 103 107 7
104 108 106 117 313 174 108 100 458 370 106 105 8
108 109 114 109 158 115 117 104 154 154 114 112 9
108 107 113 108 105 107 117 100 115 109 106 110 10
117 111 113 109 105 106 112 100 114 110 109 15000 11
