Chip#1
105 105 103 106 110 102 105 106 105 103 106 109 0 245 123 88 23
105 105 103 105 109 100 134 108 104 106 107 109 1 0 0 0 0
105 100 94 104 104 103 110 107 101 105 103 104 2 0 0 0 0
100 99 97 96 98 95 100 98 99 96 97 99 3 0 0 0 0
103 103 98 104 107 100 134 111 103 105 105 108 4 0 0 0 0
105 108 102 105 112 103 134 107 106 105 107 107 5 0 0 0 0
101 104 100 103 111 100 102 107 101 102 101 109 6 0 0 0 0
105 108 100 104 112 103 134 116 104 112 113 111 7 0 0 0 0
104 102 100 105 106 99 109 111 104 109 108 105 8 0 0 0 0
109 111 102 108 114 103 110 107 105 103 108 110 9 0 0 0 0
101 104 97 101 104 102 109 108 100 98 102 107 10 0 0 0 0
104 104 99 104 108 103 109 105 106 103 106 15000 11 0 0 0 0
Chip#1
106 110 104 108 113 110 107 106 105 108 108 108 0 246 124 121 23
101 103 94 99 104 99 108 110 101 106 105 107 1 0 0 0 0
105 103 102 105 107 102 110 110 105 112 110 108 2 0 0 0 0
101 102 97 103 102 96 106 106 103 99 103 102 3 0 0 0 0
96 99 87 95 99 92 113 114 95 103 103 98 4 0 0 0 0
99 100 97 103 103 102 114 114 103 109 106 103 5 0 0 0 0
98 101 93 100 101 99 102 98 96 100 100 104 6 0 0 0 0
103 105 98 104 107 104 134 123 108 121 119 103 7 0 0 0 0
103 104 97 104 110 108 114 119 105 117 113 109 8 0 0 0 0
109 107 100 106 104 103 109 107 108 103 105 103 9 0 0 0 0
104 103 100 103 104 99 134 116 104 104 105 104 10 0 0 0 0
109 107 99 106 107 104 134 114 103 104 103 15000 11 0 0 0 0
Chip#1
99 99 93 100 102 96 118 112 101 123 126 120 0 246 123 61 23
113 119 110 116 118 142 460 372 170 536 410 131 1 0 0 0 0
101 105 100 108 112 126 417 347 167 516 388 109 2 0 0 0 0
110 113 107 110 113 114 218 180 118 173 143 108 3 0 0 0 0
109 115 105 111 113 170 797 660 152 471 398 114 4 0 0 0 0
108 109 98 106 112 127 513 417 134 376 321 111 5 0 0 0 0
101 102 98 104 107 107 194 176 105 189 171 100 6 0 0 0 0
103 104 99 108 113 150 878 808 191 963 843 121 7 0 0 0 0
108 108 99 111 115 127 615 555 141 692 599 114 8 0 0 0 0
109 110 107 111 116 115 205 197 115 164 146 113 9 0 0 0 0
101 103 97 111 108 141 692 669 116 333 292 109 10 0 0 0 0
105 107 100 106 111 115 466 418 121 225 205 15000 11 0 0 0 0
Chip#1
108 107 105 110 108 107 136 118 109 140 136 128 0 246 123 1 23
101 103 96 103 107 131 503 371 165 593 444 116 1 0 0 0 0
105 109 103 109 111 139 468 386 179 587 433 113 2 0 0 0 0
106 109 100 105 111 108 223 187 110 179 142 108 3 0 0 0 0
114 121 105 114 123 178 907 745 159 528 448 121 4 0 0 0 0
117 116 109 121 123 145 590 478 149 436 362 116 5 0 0 0 0
111 113 108 110 129 115 221 199 114 208 182 109 6 0 0 0 0
105 107 99 109 120 161 1000 918 203 1093 953 119 7 0 0 0 0
109 108 102 109 113 127 684 616 152 779 672 111 8 0 0 0 0
110 113 104 110 112 112 217 208 115 169 151 111 9 0 0 0 0
106 113 107 111 113 154 783 759 164 372 326 113 10 0 0 0 0
105 109 105 108 113 123 518 467 126 246 220 15000 11 0 0 0 0
Chip#1
106 109 107 110 114 108 140 124 110 141 142 133 0 245 124 36 23
108 110 107 111 117 145 520 401 171 614 463 127 1 0 0 0 0
111 114 107 112 117 142 485 395 190 607 453 119 2 0 0 0 0
104 105 97 104 104 106 229 186 105 182 145 105 3 0 0 0 0
111 119 112 113 121 183 932 766 160 540 460 120 4 0 0 0 0
105 107 102 112 112 135 593 484 142 442 360 110 5 0 0 0 0
103 108 102 109 112 107 221 194 115 206 183 108 6 0 0 0 0
105 108 98 112 121 165 1031 948 206 1127 979 122 7 0 0 0 0
108 115 103 118 120 137 707 657 160 808 695 119 8 0 0 0 0
99 107 98 105 107 106 220 205 109 168 145 104 9 0 0 0 0
110 114 103 112 114 157 809 775 167 380 329 114 10 0 0 0 0
108 114 103 111 114 127 535 479 126 252 230 15000 11 0 0 0 0
Chip#1
99 100 98 99 98 99 134 112 100 133 133 125 0 246 124 59 23
103 104 102 105 107 131 514 401 167 605 460 124 1 0 0 0 0
105 107 96 106 103 131 477 388 180 600 443 111 2 0 0 0 0
109 105 103 106 108 107 230 185 110 183 143 107 3 0 0 0 0
113 116 107 117 117 181 934 765 161 536 455 119 4 0 0 0 0
118 116 112 116 122 141 599 489 149 448 369 117 5 0 0 0 0
100 99 98 105 107 106 216 190 106 203 178 104 6 0 0 0 0
109 109 104 114 129 167 1029 946 208 1130 982 123 7 0 0 0 0
109 108 105 113 118 135 706 639 141 802 693 116 8 0 0 0 0
103 105 102 103 104 104 219 205 109 172 146 108 9 0 0 0 0
101 104 98 106 107 145 797 763 110 374 326 108 10 0 0 0 0
109 113 108 111 114 129 535 483 130 252 229 15000 11 0 0 0 0
