Chip#1
113 109 108 104 106 116 107 107 110 113 113 108 0
105 109 108 96 106 112 107 107 105 107 102 102 1
113 108 116 113 112 119 112 109 113 115 113 104 2
100 99 117 537 182 104 102 242 258 101 101 94 3
107 109 113 330 105 111 108 200 219 115 112 109 4
109 109 109 107 106 115 108 108 103 112 109 102 5
101 105 100 100 98 107 100 105 99 103 103 95 6
100 101 102 133 110 107 104 125 150 101 101 94 7
109 108 108 185 148 109 103 200 151 106 104 100 8
98 109 98 98 97 102 101 100 99 97 99 90 9
113 108 104 101 104 108 102 104 103 107 105 102 10
104 106 100 100 100 106 95 102 103 103 104 15000 11
Chip#3
98 90 96 94 96 99 91 97 93 99 93 93 0
96 91 96 97 96 100 89 98 95 98 93 98 1
96 90 94 97 96 99 92 94 90 94 92 92 2
101 96 103 100 103 108 97 98 102 105 95 99 3
101 98 99 101 105 106 101 101 103 105 99 101 4
98 91 96 92 98 100 94 92 87 96 95 97 5
101 93 103 99 102 109 98 101 96 105 98 100 6
97 89 95 96 99 98 91 98 93 99 98 98 7
98 94 98 110 114 105 93 102 105 105 100 98 8
104 97 100 105 107 108 98 102 96 106 99 102 9
95 88 93 96 96 100 91 96 91 101 90 93 10
98 100 103 99 98 108 94 97 97 103 98 15000 11
Chip#1
106 105 105 102 98 106 105 102 104 106 104 107 0
106 108 104 103 105 108 108 106 111 102 104 104 1
111 109 107 109 104 110 107 109 109 110 108 103 2
100 97 112 572 184 99 97 247 264 97 98 92 3
96 96 99 328 96 97 99 194 210 95 101 93 4
114 109 112 103 106 115 111 112 113 110 110 101 5
106 104 107 103 111 107 104 107 109 107 108 104 6
100 99 104 137 109 101 103 140 154 105 101 94 7
101 103 98 191 138 102 100 202 155 97 104 95 8
100 100 102 100 103 101 103 100 104 99 104 92 9
108 109 105 102 106 111 111 107 105 107 112 104 10
102 97 96 94 94 101 102 99 95 101 97 15000 11
Chip#3
101 91 98 97 100 106 101 96 100 102 98 99 0
98 99 103 105 101 110 103 99 102 106 98 105 1
100 91 94 97 99 102 97 97 98 103 95 97 2
96 94 94 96 98 105 94 98 100 104 92 100 3
96 97 96 100 98 105 93 97 96 103 97 98 4
94 91 94 93 100 105 95 92 95 98 97 95 5
94 90 94 92 95 100 86 91 93 101 92 95 6
100 90 95 97 100 105 91 97 101 102 93 98 7
96 91 95 107 105 105 94 93 104 102 95 98 8
94 94 94 93 96 102 91 96 95 99 94 92 9
98 98 102 104 103 109 101 97 101 105 104 103 10
102 97 103 101 101 109 101 102 104 107 104 15000 11
