Chipdp
65 100 200 4 4 6 9 7 3 7 4 7 5 8 3 8 4 8 5 9 3 9 4 9 5 9 7 7 7 8 7 9 8 7 8 8 8 9 9 7 9 8 9 9 9 3 3 3 4 3 5 4 3 4 4 4 5 5 3 5 4 5 5 9 3 7 3 8 3 9 4 7 4 8 4 9 5 7 5 8 5 9 9 7 3 7 4 7 5 8 3 8 4 8 5 9 3 9 4 9 5 9 7 7 7 8 7 9 8 7 8 8 8 9 9 7 9 8 9 9 9 3 3 3 4 3 5 4 3 4 4 4 5 5 3 5 4 5 5 9 3 7 3 8 3 9 4 7 4 8 4 9 5 7 5 8 5 9 9 4 2 4 3 4 4 6 2 6 3 6 4 5 2 5 3 5 4 9 4 7 4 8 4 9 5 7 5 8 5 9 6 7 6 8 6 9 9 8 2 8 3 8 4 9 2 9 3 9 4 10 2 10 3 10 4 9 8 7 8 8 8 9 9 7 9 8 9 9 10 7 10 8 10 9 9 4 3 4 4 4 5 5 3 5 4 5 5 6 3 6 4 6 5 9 4 7 4 8 4 9 5 7 5 8 5 9 6 7 6 8 6 9 9 8 3 8 4 8 5 9 3 9 4 9 5 10 3 10 4 10 5 9 8 7 8 8 8 9 9 7 9 8 9 9 10 7 10 8 10 9 
Chip#1
124 110 114 109 107 115 117 113 115 114 121 113 0
125 108 114 108 112 113 116 116 114 112 117 112 1
121 108 113 114 109 113 115 118 113 111 114 113 2
121 108 126 494 177 115 112 258 265 116 114 111 3
119 108 109 293 109 109 115 197 217 112 114 111 4
116 108 109 109 106 111 112 106 114 106 113 107 5
117 108 113 113 113 113 114 113 114 116 118 112 6
120 108 116 216 137 116 120 194 247 114 121 111 7
116 108 120 325 208 111 110 405 296 111 114 115 8
119 108 116 115 108 117 120 118 119 109 119 113 9
120 107 111 106 108 110 116 112 114 111 115 113 10
124 108 114 108 109 110 119 117 111 113 114 15000 11
Chip#1
111 101 106 106 102 101 106 102 102 97 105 103 0
110 108 106 104 99 101 107 106 105 100 107 101 1
110 108 108 106 107 103 108 111 107 106 102 102 2
117 108 125 512 182 108 111 258 272 111 110 109 3
112 108 109 299 112 103 108 195 216 106 111 102 4
114 108 109 110 111 106 112 111 111 107 106 111 5
103 108 99 103 101 98 106 106 102 102 105 99 6
108 102 106 213 136 104 108 192 244 100 103 104 7
114 105 111 335 206 105 111 410 304 109 109 104 8
112 108 111 114 107 105 112 121 118 111 107 104 9
103 96 95 97 92 93 100 102 98 97 99 96 10
112 103 107 104 103 101 102 108 101 104 106 15000 11
Chip#1
104 101 97 101 101 97 106 101 103 97 101 101 0
110 108 107 103 99 103 108 106 106 103 105 107 1
108 102 103 103 105 100 105 107 103 106 106 102 2
102 97 121 512 176 106 106 254 269 108 107 107 3
108 102 109 299 108 103 107 196 217 104 105 106 4
111 108 108 108 106 104 112 110 106 107 111 107 5
112 106 107 108 106 105 111 108 111 107 113 106 6
106 98 99 213 132 101 105 192 244 100 106 102 7
110 108 116 342 209 105 110 415 306 108 106 111 8
115 108 118 120 113 104 117 118 121 112 118 115 9
104 103 102 102 99 98 105 105 101 101 102 103 10
120 108 116 109 108 108 113 118 111 112 115 15000 11
Chip#1
124 108 121 113 111 109 115 111 110 109 114 109 0
125 108 114 108 106 113 119 112 109 113 113 108 1
106 107 108 104 105 101 109 108 102 106 106 101 2
114 108 120 520 177 110 115 259 275 106 106 106 3
117 107 112 307 112 109 111 204 220 108 111 111 4
112 107 111 108 107 106 112 113 106 106 111 104 5
110 108 109 103 105 97 107 108 105 107 106 104 6
107 98 104 207 134 99 107 191 247 101 99 97 7
110 97 113 337 212 100 106 411 302 106 105 103 8
111 105 108 110 107 109 108 113 113 106 106 103 9
108 101 107 107 108 106 110 110 105 106 110 103 10
119 106 111 106 107 100 110 113 101 109 109 15000 11
