31.375
33.4375
35.375
37.8125
39.375
40.8125
42.125
43.375
44.5625
45.6875
46.75
48.1875
49.1875
50.1875
51.125
52.125
53
54
54.875
55.75
56.9375
57.8125
58.6875
59.5
60.3125
61.125
61.9375
62.75
63.8125
64.5625
65.3125
66.0625
66.8125
67.5
68.25
68.9375
69.6875
70.5625
71.25
71.9375
72.625
73.25
73.9375
74.5625
75.1875
75.8125
76.625
77.25
77.8125
78.4375
79
79.625
80.1875
80.75
81.3125
82.0625
82.625
83.125
83.6875
84.25
84.75
85.3125
85.8125
86.3125
87
87.5
88
88.5
88.9375
89.4375
89.9375
90.375
90.875
91.5
91.9375
92.375
92.875
93.3125
93.75
94.1875
94.5625
94.9375
95.1875
95.5
95.75
96.0625
96.375
96.75
97.0625
97.5625
98
98.125
97.125
96.6875
97.0625
97.625
98.125
97.625
96.875
97.3125
97.9375
97.9375
97
96.6875
97.25
97.875
97.625
96.75
96.9375
97.5625
97.9375
97.25
96.625
97.0625
98
97.75
96.8125
96.625
97.25
97.9375
97.6875
96.75
96.5
97.1875
97.6875
97
96.5
97.0625
97.8125
97.625
96.75
96.125
96.75
97.5625
97.5625
96.6875
96.125
96.75
97.4375
96.8125
96.125
96.625
97.375
97.1875
96.3125
96
96.6875
97.4375
96.9375
96.125
96.25
97.0625
97.3125
96.5625
95.875
96.375
97.3125
97
96.125
95.9375
96.625
97.25
96.75
95.8125
96.3125
97.125
96.9375
96.125
95.8125
96.5
96.875
96.25
96.875
95.8125
96
96.875
97.1875
96.4375
95.6875
95.9375
96.8125
96.875
96.0625
95.5625
96.1875
97
96.75
95.9375
95.375
95.1875
95.125
95
94.9375
94.875
94.75
94.75
94.75
94.75
94.75
94.6875
94.6875
94.625
94.625
94.625
94.5625
94.5625
94.5
94.4375
94.4375
94.4375
94.375
94.375
94.375
94.375
94.375
94.3125
94.3125
94.3125
94.3125
94.25
94.25
94.25
94.25
94.25
94.1875
94.1875
94.1875
94.1875
94.1875
94.1875
94.1875
94.1875
94.125
94.125
94.125
94.125
94.125
94.125
94.125
94.125
94.125
94.125
94.125
94.125
94.0625
94
93.9375
94.3125
95.125
96
96.875
97.0625
96
95.75
96.4375
97.1875
96.9375
96.0625
95.9375
96.6875
97
96.125
96.125
96.75
96.125
96.875
96.625
95.875
95.875
96.75
97.0625
96.4375
95.6875
96.3125
97.0625
96.625
95.875
95.75
96.5625
96.6875
95.8125
95.8125
96.625
96.8125
96.25
95.4375
94.625
93.9375
93.6875
94.6875
95.8125
96.8125
96.625
95.875
95
94.25
93.5
93.75
94.8125
95.875
96.8125
96.75
95.9375
95.125
94.25
93.4375
94.0625
95.125
96.1875
96.875
96.4375
95.625
94.75
93.9375
93.875
94.8125
95.9375
96.9375
96.8125
96.0625
95.1875
94.375
93.5625
94.1875
95.25
96.375
97.0625
96.5625
95.75
94.9375
93.875
93.4375
94.25
95.3125
96.4375
96.6875
96
95.1875
94.375
93.5
94.125
95.125
96.125
96.875
96.375
95.5625
94.75
93.75
93.3125
94.125
95.1875
96.25
97
96.625
95.75
94.6875
93.875
96
97
96.625
95.8125
94.9375
94.1875
93.5
93.9375
95
96.125
96.6875
96.0625
95.25
94.4375
93.6875
93.875
94.9375
96
97
96.5
95.6875
94.875
94.125
93.5
93.875
95
96.5
96.75
96.0625
95.25
94.4375
93.75
93.375
94.5625
95.6875
96.625
96.375
95.625
94.8125
94.0625
93.375
94.1875
95.25
96.3125
97.125
96.75
95.875
95.0625
94.3125
93.625
93.875
95
96.125
96.8125
96.3125
95.5
94.75
94
93.4375
94.25
95.375
96.5
96.6875
96
95.1875
94.375
93.5
93.9375
95.0625
96.125
96.8125
96.375
95.5625
94.75
93.75
93.4375
94.25
95.3125
96.3125
97.0625
96.625
95.8125
94.75
94
93.375
93.9375
95.0625
96.1875
97
96.625
95.5625
94.75
94
95.75
96.75
96.5625
95.8125
95
94.25
93.5625
93.6875
95.0625
96.1875
96.8125
96.3125
95.5
94.6875
94
93.4375
94.3125
95.4375
96.5
96.8125
96.25
95.4375
94.625
93.6875
93.9375
94.9375
96.125
96.75
96.25
95.4375
94.6875
93.75
93.5
94.375
95.5
96.5625
96.9375
96.375
95.5
94.75
93.8125
93.4375
94.25
95.375
96.5
96.75
96.125
95.0625
94.3125
93.625
93.75
94.75
95.9375
96.875
96.375
95.625
94.8125
94.0625
93.5625
94.1875
95.25
96.6875
96.5
95.75
94.9375
94.25
93.5625
93.6875
94.75
95.9375
97.125
96.75
95.9375
95.1875
94.4375
93.75
93.75
94.6875
96.125
96.8125
96.375
95.5625
94.8125
94.125
93.5
94.0625
95.1875
96.625
96.8125
96.1875
95.3125
94.625
93.875
96.75
97.1875
96.5625
95.75
95
94
93.5
94.125
95.25
96.4375
96.6875
96.0625
95.3125
94.3125
93.625
93.75
94.8125
95.9375
96.9375
96.875
96.1875
95.125
94.375
93.6875
93.75
94.75
95.875
96.9375
96.8125
95.75
95
94.25
93.625
93.875
94.9375
96.375
96.625
95.9375
95.25
94.5
93.8125
93.5625
94.8125
95.9375
97.0625
97
96.3125
95.5
94.5
93.8125
93.5625
94.5
95.6875
96.75
96.5625
95.875
95.0625
94.125
93.5625
94.125
95.25
96.375
96.75
96.125
95.125
94.375
93.75
93.8125
94.8125
96
97
96.8125
95.8125
95
94.3125
93.6875
93.875
94.8125
96
97.0625
96.9375
95.9375
95.1875
94.4375
93.8125
93.625
94.5625
95.75
96.8125
96.625
95.9375
95.125
94.4375
95.625
96.75
97
96.125
95.3125
94.625
93.9375
93.75
94.6875
95.8125
96.8125
96.4375
95.625
94.875
