Chip#1
103 100 98 106 104 102 109 105 102 101 105 99 0 245 123 150 23
105 109 98 107 104 99 111 108 105 99 105 103 1 0 0 0 0
100 103 90 103 104 94 105 99 100 93 104 97 2 0 0 0 0
101 103 97 107 104 95 105 101 102 98 102 97 3 0 0 0 0
99 102 92 102 104 96 101 103 101 95 100 96 4 0 0 0 0
100 105 99 106 104 99 105 103 97 98 102 103 5 0 0 0 0
96 98 92 100 104 98 106 101 97 95 96 97 6 0 0 0 0
96 99 88 102 104 92 101 102 95 93 99 96 7 0 0 0 0
100 101 90 104 104 95 103 101 104 95 102 97 8 0 0 0 0
104 103 94 104 104 98 105 103 100 99 101 96 9 0 0 0 0
104 105 98 107 104 103 106 108 104 100 105 102 10 0 0 0 0
98 104 95 102 104 94 103 105 105 94 101 15000 11 0 0 0 0
