Chip#1
100 97 103 98 95 98 105 100 98 105 103 94 0
111 109 108 109 104 111 112 112 111 112 109 105 1
104 106 103 102 98 106 107 105 105 107 103 97 2
104 100 105 173 108 98 102 105 113 99 99 95 3
106 109 111 139 103 105 111 113 121 110 109 101 4
107 109 113 108 102 108 111 106 111 111 109 102 5
106 109 109 103 99 106 107 102 106 105 104 98 6
117 109 114 128 114 111 115 123 143 116 108 106 7
106 109 104 150 126 107 107 173 143 110 103 102 8
109 109 108 108 108 107 113 106 109 115 105 102 9
110 109 109 102 100 106 107 104 106 112 102 103 10
114 109 107 100 100 104 111 107 106 111 110 15000 11
Chip#2
104 102 102 109 102 102 107 100 106 102 102 98 0
110 103 108 113 105 105 108 100 111 106 103 105 1
101 99 102 106 98 98 100 100 105 96 102 99 2
104 102 105 108 98 103 103 100 107 106 102 102 3
101 102 102 109 105 96 101 100 110 99 98 100 4
103 103 104 106 102 105 110 100 109 102 102 101 5
95 99 99 103 98 96 100 99 101 96 93 95 6
104 105 105 111 98 101 110 100 114 103 103 107 7
106 104 106 110 98 108 110 100 120 110 103 105 8
106 107 106 113 98 107 107 100 110 106 102 105 9
101 102 98 103 101 99 105 100 106 98 96 100 10
98 102 103 106 99 92 103 100 100 101 97 15000 11
Chip#3
95 96 96 100 99 105 94 100 95 100 100 99 0
101 98 98 105 101 105 97 109 97 105 101 104 1
106 104 103 102 104 113 97 104 97 107 102 104 2
96 94 94 91 96 97 85 97 96 96 94 97 3
105 101 109 105 109 120 97 106 101 105 106 109 4
96 94 96 102 95 105 94 103 92 96 98 98 5
104 100 102 105 105 110 100 106 101 106 104 108 6
100 92 98 96 97 106 99 102 98 101 99 102 7
102 103 103 105 102 110 97 104 98 103 103 103 8
98 94 94 95 94 105 86 94 88 98 94 98 9
102 100 99 103 103 108 97 100 98 102 100 104 10
99 105 101 98 106 120 95 100 99 103 99 15000 11
Chip#4
101 98 100 97 104 97 107 98 103 97 105 98 0
97 96 97 99 99 98 106 98 103 96 103 99 1
102 101 106 104 109 105 110 104 108 104 103 99 2
107 99 107 104 106 106 111 106 107 102 108 105 3
100 98 103 100 101 101 104 99 105 100 102 97 4
102 98 102 103 106 103 104 102 107 98 103 100 5
105 98 107 99 99 103 104 101 101 101 106 100 6
108 101 103 103 112 108 108 108 105 101 107 104 7
102 99 104 100 107 105 111 102 107 108 103 100 8
98 96 99 97 100 98 106 96 101 94 98 96 9
100 99 100 99 103 100 106 99 100 94 105 96 10
107 97 106 104 107 98 107 99 104 98 105 15000 11
Chip#1
105 105 108 98 96 98 105 102 101 103 105 94 0
110 101 107 104 97 103 108 104 101 108 103 98 1
110 109 114 108 106 107 111 111 110 108 106 101 2
96 93 116 474 168 97 98 154 161 97 101 93 3
109 109 109 304 104 100 112 140 156 105 103 101 4
110 109 113 106 108 107 116 108 107 112 110 103 5
102 101 102 103 101 106 108 105 105 105 105 104 6
106 96 104 224 134 97 105 194 257 103 101 98 7
104 99 107 370 218 98 99 473 295 100 101 95 8
104 104 112 113 108 107 115 121 114 110 108 97 9
106 104 107 97 97 95 102 104 103 102 101 100 10
113 100 102 100 97 106 105 102 99 110 105 15000 11
Chip#2
119 116 113 118 99 113 119 103 119 110 114 111 0
103 100 101 104 99 102 107 100 102 99 98 102 1
103 105 104 101 102 99 105 100 104 99 101 102 2
101 107 106 110 212 118 112 100 132 127 98 101 3
106 106 106 121 199 118 112 100 143 143 103 106 4
106 105 109 110 104 105 112 100 106 108 104 107 5
106 109 108 116 104 112 109 99 116 113 109 110 6
109 109 113 109 135 112 116 101 172 128 107 107 7
100 103 102 110 207 141 103 99 305 250 99 98 8
105 104 106 110 119 103 108 100 130 128 102 102 9
110 110 114 113 102 107 110 100 111 108 106 104 10
113 108 109 111 105 101 112 100 111 106 109 15000 11
Chip#3
97 98 96 102 105 120 97 102 98 102 103 99 0
108 101 107 105 110 120 102 110 104 111 104 107 1
101 98 102 101 100 112 97 101 100 100 102 102 2
98 98 99 112 114 113 93 117 125 106 103 103 3
105 101 100 118 118 109 102 111 126 110 106 106 4
108 104 107 110 110 120 101 111 101 105 104 106 5
97 94 96 97 99 108 91 99 95 101 97 98 6
111 108 112 123 113 119 110 116 115 118 113 112 7
107 109 106 146 133 120 101 106 111 113 106 110 8
101 104 100 103 107 110 99 103 97 103 102 98 9
108 107 104 108 107 110 102 110 98 107 103 104 10
109 108 105 105 108 113 98 108 102 107 105 15000 11
Chip#4
107 97 96 97 99 102 101 101 104 98 102 98 0
105 103 104 99 103 102 107 101 108 100 109 102 1
100 101 104 99 101 101 104 96 108 100 103 101 2
104 101 106 101 118 108 106 99 115 116 108 101 3
102 101 107 99 124 110 106 100 130 112 108 99 4
107 106 106 106 112 109 113 102 107 109 110 104 5
113 105 107 104 115 114 108 109 113 108 111 109 6
114 109 107 104 113 116 110 111 110 113 111 109 7
108 105 104 100 124 108 107 105 108 107 103 104 8
107 100 107 97 115 105 104 104 110 105 111 104 9
102 102 103 100 104 103 104 101 104 100 105 100 10
105 98 103 97 107 105 106 102 103 100 103 15000 11
Chip#1
110 109 105 102 99 102 103 98 101 105 102 100 0
101 91 99 96 94 96 97 95 95 99 93 88 1
111 109 109 107 108 111 110 113 109 112 106 104 2
113 109 133 742 224 112 106 198 206 108 109 107 3
110 103 109 434 108 106 108 160 181 111 109 103 4
102 109 105 101 102 103 106 104 102 103 102 97 5
105 101 108 103 104 104 110 104 111 106 104 100 6
111 106 111 312 167 104 111 261 377 108 110 105 7
110 104 121 551 315 106 108 741 437 111 110 103 8
105 101 107 113 103 104 108 126 117 111 104 97 9
105 109 100 102 100 106 105 103 102 105 105 102 10
110 96 100 97 97 101 99 104 99 102 104 15000 11
Chip#2
109 108 104 108 105 107 109 100 112 104 107 108 0
104 105 108 106 105 108 114 100 116 106 104 101 1
103 107 108 109 105 108 114 100 119 103 104 107 2
112 113 111 117 311 130 119 100 150 152 106 111 3
108 107 109 129 287 125 112 100 167 167 101 102 4
122 118 121 122 114 117 119 112 122 117 118 117 5
115 117 115 115 105 113 117 102 125 114 109 111 6
108 113 108 113 172 110 115 100 202 138 108 108 7
98 103 105 119 294 168 105 100 444 357 97 104 8
106 108 108 113 150 108 108 100 150 144 104 105 9
106 104 108 109 105 104 115 100 115 104 103 105 10
114 114 112 114 105 108 114 100 115 109 109 15000 11
Chip#3
111 107 108 111 111 117 104 106 101 109 106 108 0
108 107 113 114 111 120 105 111 107 112 110 107 1
110 108 108 111 113 116 105 106 110 113 110 109 2
111 110 115 146 142 120 106 137 165 118 114 113 3
107 104 109 128 128 120 101 114 153 106 105 108 4
105 109 112 115 111 120 110 108 108 114 110 113 5
101 101 105 111 104 119 103 104 102 106 102 108 6
114 109 115 127 119 120 106 108 117 117 113 115 7
106 109 112 162 150 120 106 113 122 117 111 113 8
112 107 114 118 118 120 108 110 110 113 111 113 9
110 111 113 107 110 120 104 104 102 108 109 108 10
105 104 105 107 111 113 103 105 101 111 105 15000 11
Chip#4
112 107 110 110 115 110 116 106 114 109 114 112 0
108 109 107 107 112 109 113 111 111 104 111 105 1
107 106 110 107 106 105 111 108 110 105 111 109 2
104 101 104 107 127 108 106 102 117 125 108 101 3
112 116 116 110 154 124 118 112 146 146 120 112 4
111 106 107 108 113 112 120 111 111 112 115 110 5
112 112 113 110 119 110 114 111 121 107 114 114 6
102 102 103 105 112 108 113 106 106 105 112 108 7
110 112 110 112 144 119 116 111 117 116 113 109 8
105 105 100 104 116 108 107 105 106 104 106 104 9
114 114 114 113 118 118 120 115 120 115 115 109 10
110 105 107 104 116 108 111 111 107 104 112 15000 11
Chip#1
110 106 109 101 100 102 111 104 106 106 105 104 0
111 101 104 100 101 104 111 97 105 106 102 103 1
108 104 111 106 100 106 107 105 107 110 104 99 2
108 100 126 797 228 99 102 198 204 102 99 93 3
111 103 114 465 109 107 110 168 190 110 108 103 4
109 104 114 103 103 108 110 106 104 110 105 105 5
100 97 104 96 96 100 104 99 100 102 101 95 6
106 97 107 324 165 104 104 269 393 105 104 97 7
111 99 126 590 335 109 110 804 458 108 105 102 8
106 96 107 106 99 101 110 114 114 102 97 98 9
105 96 99 100 90 97 106 94 96 100 98 97 10
119 109 112 106 102 103 106 107 100 110 106 15000 11
Chip#2
113 111 112 106 105 113 116 101 118 110 111 109 0
113 117 118 118 105 113 117 104 120 114 113 112 1
111 110 112 114 89 112 113 100 112 107 112 108 2
116 124 121 125 412 147 123 105 173 164 116 116 3
106 113 107 134 361 137 113 100 189 192 104 104 4
111 112 112 113 105 110 120 102 121 110 116 112 5
110 113 109 116 105 109 117 100 116 109 109 107 6
110 109 113 111 200 113 114 102 231 150 111 105 7
112 110 112 129 390 193 112 104 568 472 112 106 8
108 109 114 116 176 113 112 105 163 173 109 107 9
114 112 116 116 105 111 114 102 120 112 116 110 10
122 118 120 115 105 111 120 104 123 114 116 15000 11
Chip#3
109 108 108 106 109 115 106 109 108 105 110 110 0
113 108 115 110 114 120 109 113 111 111 115 115 1
117 113 112 117 117 120 111 114 114 117 118 113 2
114 113 113 146 151 120 109 151 190 117 111 115 3
111 110 107 133 139 120 106 122 170 113 114 110 4
109 107 112 114 114 120 106 111 110 106 110 113 5
108 108 109 113 111 120 105 111 108 111 114 113 6
115 111 114 131 119 120 109 116 121 118 115 117 7
117 117 119 162 170 120 110 119 134 119 116 118 8
109 106 107 109 113 112 106 108 107 111 109 108 9
117 118 117 117 117 120 110 115 112 116 119 118 10
112 117 112 111 114 120 109 109 114 114 113 15000 11
Chip#4
113 105 110 110 112 112 114 106 113 111 109 105 0
117 115 109 115 118 110 118 112 116 109 117 112 1
115 119 122 117 118 118 121 116 117 113 120 116 2
118 115 128 119 148 122 122 115 135 162 122 114 3
121 115 117 117 155 122 122 114 167 162 120 112 4
117 111 110 117 116 114 116 115 117 108 116 106 5
107 110 106 104 112 112 110 108 111 104 112 106 6
118 112 116 111 119 116 117 115 120 113 120 109 7
118 115 122 118 155 124 121 119 125 127 116 110 8
120 116 116 117 138 118 120 115 123 116 117 117 9
115 114 117 114 121 119 122 115 118 112 119 112 10
125 123 122 115 129 122 122 118 123 119 122 15000 11
Chip#1
117 103 109 106 102 106 110 104 106 107 104 107 0
119 109 111 111 105 113 116 107 109 111 110 110 1
115 106 109 107 102 108 112 107 106 111 106 103 2
105 97 131 867 243 98 102 212 220 102 102 95 3
119 109 121 508 121 112 117 180 190 117 116 114 4
102 96 103 105 100 104 112 108 104 106 99 103 5
96 91 96 97 94 100 103 99 97 99 96 94 6
105 96 100 344 167 102 100 285 421 102 101 98 7
111 106 128 641 356 109 110 868 497 113 112 109 8
106 100 111 117 104 111 113 128 124 108 108 103 9
111 108 108 106 105 107 113 105 107 110 102 104 10
117 101 105 100 101 101 100 99 97 103 102 15000 11
Chip#2
112 113 109 109 105 108 112 100 112 106 107 107 0
116 110 113 113 105 113 110 101 115 106 108 108 1
110 107 108 108 105 110 106 100 114 106 109 106 2
117 114 114 129 489 154 121 101 183 178 111 114 3
108 116 108 143 439 154 115 103 211 217 110 110 4
117 116 119 119 114 121 123 108 122 111 112 115 5
115 109 112 111 105 108 115 104 116 109 106 107 6
115 116 113 120 232 110 119 105 258 154 112 110 7
115 115 116 134 468 219 115 106 686 556 113 113 8
115 113 115 124 201 118 117 102 180 177 116 113 9
123 117 118 122 105 116 124 106 126 113 112 119 10
120 117 116 116 105 114 117 101 121 114 112 15000 11
Chip#3
120 119 114 121 117 120 110 115 115 114 117 115 0
113 111 112 115 107 120 106 112 108 117 113 110 1
113 114 112 114 115 120 105 113 112 117 111 108 2
117 119 119 162 165 123 113 166 210 119 117 119 3
110 117 115 146 149 122 110 132 195 119 115 108 4
121 119 119 121 127 127 115 122 116 118 120 120 5
111 109 113 110 114 120 101 109 109 115 110 107 6
120 120 118 146 125 125 114 120 131 124 120 119 7
118 118 117 186 184 123 113 119 138 118 119 114 8
109 108 109 111 114 119 100 108 109 111 109 108 9
118 111 117 114 113 120 108 115 112 113 115 113 10
127 122 123 118 120 125 114 118 117 121 124 15000 11
Chip#4
124 117 122 120 125 124 122 122 123 121 120 122 0
121 124 128 122 125 119 122 121 122 121 129 119 1
115 111 114 114 119 114 117 119 117 112 116 114 2
117 119 116 117 155 125 117 119 132 162 113 113 3
125 121 123 127 167 136 122 122 189 164 127 122 4
114 112 112 113 118 113 122 116 117 110 113 112 5
122 119 116 115 124 118 122 121 123 120 120 116 6
122 119 122 117 130 121 122 121 125 123 123 118 7
121 112 116 114 155 126 122 118 131 130 119 113 8
130 124 123 126 148 126 122 124 127 120 119 120 9
124 119 124 120 124 124 121 118 121 117 123 117 10
127 121 116 120 124 120 122 116 121 119 119 15000 11
