Chip#1
163 227 174 158 302 166 231 240 165 208 110 272 0
96 227 177 160 307 168 232 246 166 210 108 272 1
147 227 168 155 300 157 227 241 161 200 103 267 2
147 227 176 358 337 162 227 353 245 206 111 271 3
147 227 167 267 298 157 223 344 229 197 102 263 4
81 174 162 150 294 157 223 240 157 194 97 261 5
147 227 173 157 302 157 228 244 157 200 103 269 6
147 227 176 210 320 164 232 380 373 206 109 271 7
147 227 175 309 362 164 232 705 422 211 110 272 8
147 227 177 162 302 166 232 251 169 206 109 266 9
147 227 169 157 305 160 230 245 161 203 108 270 10
147 174 168 152 300 160 226 238 154 197 105 15000 11
Chip#2
59 0 17 0 116 0 108 121 42 35 51 0 0
59 0 17 0 120 0 112 137 58 35 53 0 1
61 0 17 0 119 0 39 121 42 35 51 0 2
60 0 17 0 144 3 110 137 74 41 56 0 3
50 0 17 0 130 0 106 121 58 50 51 0 4
56 0 17 0 119 0 106 121 42 35 53 0 5
57 0 17 0 117 0 112 121 42 35 55 0 6
61 0 17 0 129 0 112 121 58 39 55 0 7
55 0 17 0 131 0 106 121 90 138 49 0 8
53 0 17 0 116 0 39 121 42 35 54 0 9
52 0 17 0 115 0 39 121 42 35 49 0 10
58 0 17 0 122 0 110 121 42 35 54 15000 11
Chip#3
198 223 223 18 143 63 192 132 299 212 194 161 0
198 223 223 10 143 62 183 132 306 212 194 158 1
198 223 223 7 143 57 183 126 306 212 168 156 2
198 223 223 12 143 63 199 135 313 212 174 163 3
198 223 223 10 143 53 183 125 313 212 169 158 4
198 223 223 10 143 60 199 132 313 212 199 162 5
198 223 223 12 143 63 199 130 308 212 199 166 6
198 223 223 16 143 67 199 134 309 212 199 163 7
198 223 223 117 143 63 199 129 309 212 199 163 8
198 223 223 15 143 67 199 134 309 228 199 165 9
214 239 223 7 143 64 199 130 309 228 199 161 10
198 223 223 11 143 61 183 125 310 212 170 15000 11
Chip#4
33 156 171 133 73 193 315 99 254 190 38 55 0
26 145 161 124 64 182 307 83 246 108 27 47 1
26 149 162 128 67 186 308 99 248 190 28 50 2
26 147 159 127 58 178 305 83 161 105 26 41 3
28 150 167 133 69 185 310 99 255 113 35 52 4
26 148 161 131 67 185 307 99 248 113 32 50 5
33 155 170 133 73 190 311 99 252 114 34 56 6
30 150 167 128 68 187 307 99 253 113 33 51 7
30 151 167 129 70 187 310 83 252 114 35 56 8
36 155 175 136 74 192 321 99 255 190 37 61 9
34 150 167 129 65 190 309 99 249 109 34 50 10
33 154 166 131 69 186 311 83 249 109 32 15000 11
