Chip#1
105 104 103 107 105 103 105 104 104 104 101 99 0
103 99 99 106 107 106 106 104 103 97 102 101 1
105 104 104 110 102 103 100 105 102 101 100 100 2
105 100 99 106 104 104 105 103 107 100 97 95 3
102 95 98 101 97 99 100 101 98 91 96 94 4
103 100 132 136 101 135 160 100 102 96 97 96 5
102 100 115 119 102 124 133 107 104 101 98 98 6
104 101 100 102 104 103 102 102 106 95 95 93 7
102 104 147 153 101 123 131 101 104 97 98 104 8
105 100 128 132 102 123 125 100 100 95 100 100 9
101 99 99 102 103 99 102 96 99 96 95 95 10
105 106 103 104 104 103 102 98 104 95 101 15000 11
