Chip#1
94 103 87 98 104 95 107 99 96 95 100 93 0 0 128 6 66
98 99 88 99 98 92 100 95 97 91 99 92 1 0 0 0 0
100 103 90 95 98 91 102 102 99 94 101 91 2 0 0 0 0
101 105 93 108 104 100 105 104 99 98 102 99 3 0 0 0 0
106 110 100 104 104 103 108 109 104 103 109 98 4 0 0 0 0
96 100 95 107 104 96 108 99 97 99 99 97 5 0 0 0 0
96 98 92 99 95 98 108 102 96 95 100 94 6 0 0 0 0
98 100 89 104 104 98 108 104 97 95 104 96 7 0 0 0 0
101 103 94 102 104 92 105 110 95 94 102 94 8 0 0 0 0
91 94 87 95 97 91 105 95 94 91 94 90 9 0 0 0 0
100 106 94 106 101 102 106 106 97 99 105 99 10 0 0 0 0
95 96 88 97 104 92 106 99 94 92 100 15000 11 0 0 0 0
