Chip#1
110 108 106 101 103 104 107 101 101 102 110 107 0
104 108 103 93 96 95 103 97 94 96 98 101 1
102 108 103 103 100 101 103 98 98 100 101 99 2
104 96 122 668 206 106 103 310 331 100 102 99 3
102 90 107 405 101 99 101 232 257 101 105 97 4
112 108 112 112 107 113 115 110 109 111 110 107 5
106 99 107 99 105 106 107 102 102 106 109 102 6
103 108 111 295 157 108 108 246 347 103 101 97 7
102 97 113 517 298 101 97 705 412 100 98 98 8
103 97 108 109 102 106 105 121 115 103 105 98 9
104 108 103 102 96 103 102 98 96 100 103 104 10
116 102 107 98 102 103 107 105 101 102 106 15000 11
Chip#2
105 110 120 107 104 104 106 100 107 107 104 109 0
106 103 117 112 113 106 107 100 112 103 102 105 1
109 112 118 114 113 107 115 100 118 113 109 112 2
110 110 115 112 248 122 111 100 158 163 105 107 3
106 106 116 126 236 118 110 100 184 195 105 109 4
101 110 115 110 113 102 108 100 107 108 101 106 5
97 100 110 104 100 97 98 100 108 102 94 103 6
102 100 109 107 137 101 106 100 177 125 97 104 7
104 107 111 116 227 143 112 99 337 284 102 106 8
108 108 116 113 133 108 112 100 136 135 102 109 9
106 102 111 107 88 102 105 99 107 107 101 104 10
109 113 116 111 104 108 111 100 117 108 107 15000 11
Chip#1
711 787 795 788 801 797 705 796 702 713 708 833 0
711 787 795 788 801 797 705 796 702 713 708 833 1
711 787 795 804 801 813 705 796 702 713 708 833 2
711 787 811 1453 952 797 705 1052 1061 713 708 833 3
711 803 811 1172 801 813 705 919 958 713 708 834 4
0 0 0 0 0 0 0 0 0 0 0 0 0
0 0 0 0 0 0 0 0 0 0 0 0 0
711 803 827 1316 1057 813 705 1548 1173 713 708 834 8
0 0 0 0 0 0 0 0 0 0 0 0 0
0 0 0 0 0 0 0 0 0 0 0 0 0
0 0 0 0 0 0 0 0 0 0 0 0 0
0 0 0 0 0 0 0 0 0 0 0 15000 0
