Chip#1
110 109 107 104 101 109 112 107 113 100 108 112 0
105 96 127 139 102 124 160 102 109 136 106 107 1
102 99 371 469 102 422 750 125 272 663 167 107 2
95 99 158 201 98 201 330 101 168 362 124 96 3
98 99 109 107 104 104 115 102 109 101 105 106 4
99 100 114 113 98 109 122 101 213 371 124 107 5
106 105 117 114 103 114 121 108 181 290 124 107 6
99 96 100 101 101 104 107 100 109 91 100 102 7
104 100 116 113 97 111 119 102 107 97 106 102 8
98 97 107 104 95 104 115 96 104 91 100 98 9
101 99 102 103 95 101 113 98 104 93 98 102 10
104 99 106 109 102 109 115 104 111 99 106 15000 11
