Chip#1
170    0    2    28    2    0    131    9    61    9    132    8    96    5    197    13    90    8    31    3    22    4    14    3    92    7    78    9    118    8    218    126    244    23    23    32    8    1    0    32    0    0    16    131    37    101    0    8    36    101    0    8    0    0    0    1    20    73    0    32    151    112    0    8
170    0    2    28    2    1    129    9    55    10    129    9    93    5    199    13    82    8    27    3    17    4    11    4    91    8    77    10    114    8    220    127    215    23    23    0    0    0    0    16    7    1    0    32    64    128    76    132    0    0    16    131    37    101    0    8    36    101    0    8    0    0    0    1
170    0    2    28    2    2    129    9    57    10    131    9    97    6    200    14    86    9    31    4    21    4    13    4    94    8    81    10    114    8    219    127    249    23    23    0    0    0    0    16    7    1    0    32    64    128    77    132    0    0    16    131    37    101    0    8    36    101    0    8    0    0    0    1
170    0    2    28    2    3    132    9    58    9    136    9    97    5    200    13    91    8    27    3    19    4    15    4    91    8    81    9    115    7    218    126    249    23    23    0    0    0    0    16    7    1    0    32    64    128    76    132    0    0    16    131    37    101    0    8    36    101    0    8    0    0    0    1
170    0    2    28    2    4    126    8    52    9    131    8    101    5    201    13    82    8    26    3    19    4    25    4    92    7    77    9    117    7    218    126    234    23    23    0    0    0    0    16    7    1    0    32    64    128    77    132    0    0    16    131    37    101    0    8    36    101    0    8    0    0    0    1
170    0    2    28    2    5    132    9    61    10    133    9    110    6    206    14    91    8    27    3    26    4    33    5    98    8    80    9    122    8    219    126    58    23    23    0    0    0    0    16    7    1    0    32    64    128    76    132    0    0    16    131    37    101    0    8    36    101    0    8    0    0    0    1
170    0    2    28    2    6    128    9    54    10    133    9    95    5    197    14    87    8    24    3    21    4    14    4    89    8    75    9    114    8    219    127    226    23    23    0    0    0    0    16    7    1    0    32    64    128    77    132    0    0    16    131    37    101    0    8    36    101    0    8    0    0    0    1
170    0    2    28    2    7    127    8    54    9    126    8    92    5    192    13    82    8    22    3    17    3    6    2    88    7    70    9    111    7    219    126    173    23    23    0    0    0    0    16    7    1    0    32    64    128    76    132    0    0    16    131    37    101    0    8    36    101    0    8    0    0    0    1
170    0    2    28    2    8    127    8    53    9    128    8    92    5    194    13    82    8    26    3    20    4    13    3    87    8    73    9    112    8    218    126    197    23    23    0    0    0    0    16    7    1    0    32    64    128    77    132    0    0    16    131    37    101    0    8    36    101    0    8    0    0    0    1
170    0    2    28    2    9    135    9    63    10    138    9    121    7    212    14    92    9    32    4    37    5    41    6    98    8    86    10    120    8    220    126    125    23    23    0    0    0    0    16    7    1    0    32    64    128    76    132    0    0    16    131    37    101    0    8    36    101    0    8    0    0    0    1
170    0    2    28    2    10    131    8    55    9    131    8    101    5    200    13    89    8    22    3    24    4    25    4    93    7    77    9    111    7    217    126    249    23    23    0    0    0    0    16    7    1    0    32    64    128    77    132    0    0    16    131    37    101    0    8    36    101    0    8    0    0    0    1
170    0    2    28    2    11    127    8    59    9    129    8    97    5    197    13    88    8    20    3    18    4    10    3    92    8    73    9    113    8    220    126    218    23    23    0    0    0    0    16    7    1    0    32    64    128    76    132    0    0    16    131    37    101    0    8    36    101    0    8    0    0    0    1
Chip#2
170    0    2    28    18    0    97    23    72    21    143    30    80    17    119    21    125    26    82    24    97    20    19    19    123    23    84    26    116    19    20    131    89    23    23    32    9    1    0    32    0    0    16    131    37    101    0    8    36    101    0    8    0    0    0    1    20    73    0    32    151    112    0    8
170    0    2    28    18    1    100    23    69    21    143    30    80    17    122    20    126    26    82    23    95    20    16    18    126    23    84    25    117    19    20    131    89    23    23    0    0    0    0    16    7    1    0    32    64    128    76    132    0    0    16    131    37    101    0    8    36    101    0    8    0    0    0    1
170    0    2    28    18    2    105    24    78    21    147    30    84    18    125    21    127    26    83    24    98    21    22    19    129    24    92    26    120    20    21    132    151    23    23    0    0    0    0    16    7    1    0    32    64    128    77    132    0    0    16    131    37    101    0    8    36    101    0    8    0    0    0    1
170    0    2    28    18    3    98    25    74    22    146    31    84    19    122    22    128    27    80    25    99    22    23    20    123    24    85    26    120    21    19    132    132    23    23    0    0    0    0    16    7    1    0    32    64    128    76    132    0    0    16    131    37    101    0    8    36    101    0    8    0    0    0    1
170    0    2    28    18    4    97    23    70    21    140    30    79    18    122    21    122    25    77    24    95    21    19    19    118    23    78    25    112    19    20    131    65    23    23    0    0    0    0    16    7    1    0    32    64    128    77    132    0    0    16    131    37    101    0    8    36    101    0    8    0    0    0    1
170    0    2    28    18    5    98    23    71    21    144    29    84    18    122    21    123    26    79    24    98    20    22    19    125    23    79    25    116    19    18    131    95    23    23    0    0    0    0    16    7    1    0    32    64    128    76    132    0    0    16    131    37    101    0    8    36    101    0    8    0    0    0    1
170    0    2    28    18    6    99    23    73    21    142    30    79    17    119    21    121    26    81    24    92    20    19    19    122    23    79    25    115    19    19    132    78    23    23    0    0    0    0    16    7    1    0    32    64    128    77    132    0    0    16    131    37    101    0    8    36    101    0    8    0    0    0    1
170    0    2    28    18    7    102    24    71    21    146    30    80    17    118    21    126    26    81    24    95    21    20    19    124    23    86    25    119    20    20    131    109    23    23    0    0    0    0    16    7    1    0    32    64    128    76    132    0    0    16    131    37    101    0    8    36    101    0    8    0    0    0    1
170    0    2    28    18    8    98    23    70    21    145    29    80    18    119    20    119    26    77    24    93    21    20    19    118    23    79    25    115    19    20    131    72    23    23    0    0    0    0    16    7    1    0    32    64    128    77    132    0    0    16    131    37    101    0    8    36    101    0    8    0    0    0    1
170    0    2    28    18    9    100    24    69    21    144    30    83    18    123    21    125    26    79    24    98    21    29    20    122    23    82    26    117    20    19    132    117    23    23    0    0    0    0    16    7    1    0    32    64    128    76    132    0    0    16    131    37    101    0    8    36    101    0    8    0    0    0    1
170    0    2    28    18    10    98    23    72    21    143    30    78    18    114    20    122    26    78    24    92    20    19    19    119    23    77    26    115    19    19    132    69    23    23    0    0    0    0    16    7    1    0    32    64    128    77    132    0    0    16    131    37    101    0    8    36    101    0    8    0    0    0    1
170    0    2    28    18    11    99    23    72    21    145    30    79    17    115    20    122    25    79    23    94    20    17    18    115    22    82    25    119    19    19    131    74    23    23    0    0    0    0    16    7    1    0    32    64    128    76    132    0    0    16    131    37    101    0    8    36    101    0    8    0    0    0    1
Chip#3
170    0    2    28    34    241    0    0    0    0    0    0    0    0    0    0    0    0    0    0    0    0    0    0    0    0    0    0    0    0    0    0    49    23    23    32    8    1    0    32    0    0    16    131    37    101    0    8    36    101    0    8    0    0    0    1    20    73    0    32    151    112    0    8
170    0    2    28    34    241    0    0    0    0    0    0    0    0    0    0    0    0    0    0    0    0    0    0    0    0    0    0    0    0    0    0    49    23    23    0    0    0    0    16    7    1    0    32    64    128    76    132    0    0    16    131    37    101    0    8    36    101    0    8    0    0    0    1
170    0    2    28    34    241    0    0    0    0    0    0    0    0    0    0    0    0    0    0    0    0    0    0    0    0    0    0    0    0    0    0    49    23    23    0    0    0    0    16    7    1    0    32    64    128    77    132    0    0    16    131    37    101    0    8    36    101    0    8    0    0    0    1
170    0    2    28    34    241    0    0    0    0    0    0    0    0    0    0    0    0    0    0    0    0    0    0    0    0    0    0    0    0    0    0    49    23    23    0    0    0    0    16    7    1    0    32    64    128    76    132    0    0    16    131    37    101    0    8    36    101    0    8    0    0    0    1
170    0    2    28    34    241    0    0    0    0    0    0    0    0    0    0    0    0    0    0    0    0    0    0    0    0    0    0    0    0    0    0    49    23    23    0    0    0    0    16    7    1    0    32    64    128    77    132    0    0    16    131    37    101    0    8    36    101    0    8    0    0    0    1
170    0    2    28    34    241    0    0    0    0    0    0    0    0    0    0    0    0    0    0    0    0    0    0    0    0    0    0    0    0    0    0    49    23    23    0    0    0    0    16    7    1    0    32    64    128    76    132    0    0    16    131    37    101    0    8    36    101    0    8    0    0    0    1
170    0    2    28    34    241    0    0    0    0    0    0    0    0    0    0    0    0    0    0    0    0    0    0    0    0    0    0    0    0    0    0    49    23    23    0    0    0    0    16    7    1    0    32    64    128    77    132    0    0    16    131    37    101    0    8    36    101    0    8    0    0    0    1
170    0    2    28    34    241    0    0    0    0    0    0    0    0    0    0    0    0    0    0    0    0    0    0    0    0    0    0    0    0    0    0    49    23    23    0    0    0    0    16    7    1    0    32    64    128    76    132    0    0    16    131    37    101    0    8    36    101    0    8    0    0    0    1
170    0    2    28    34    241    0    0    0    0    0    0    0    0    0    0    0    0    0    0    0    0    0    0    0    0    0    0    0    0    0    0    49    23    23    0    0    0    0    16    7    1    0    32    64    128    77    132    0    0    16    131    37    101    0    8    36    101    0    8    0    0    0    1
170    0    2    28    34    241    0    0    0    0    0    0    0    0    0    0    0    0    0    0    0    0    0    0    0    0    0    0    0    0    0    0    49    23    23    0    0    0    0    16    7    1    0    32    64    128    76    132    0    0    16    131    37    101    0    8    36    101    0    8    0    0    0    1
170    0    2    28    34    241    0    0    0    0    0    0    0    0    0    0    0    0    0    0    0    0    0    0    0    0    0    0    0    0    0    0    49    23    23    0    0    0    0    16    7    1    0    32    64    128    77    132    0    0    16    131    37    101    0    8    36    101    0    8    0    0    0    1
170    0    2    28    34    241    0    0    0    0    0    0    0    0    0    0    0    0    0    0    0    0    0    0    0    0    0    0    0    0    0    0    49    23    23    0    0    0    0    16    7    1    0    32    64    128    76    132    0    0    16    131    37    101    0    8    36    101    0    8    0    0    0    1
Chip#4
170    0    2    28    50    241    0    0    0    0    0    0    0    0    0    0    0    0    0    0    0    0    0    0    0    0    0    0    0    0    0    0    65    23    23    32    8    1    0    32    0    0    16    131    37    101    0    8    36    101    0    8    0    0    0    1    20    73    0    32    151    112    0    8
170    0    2    28    50    241    0    0    0    0    0    0    0    0    0    0    0    0    0    0    0    0    0    0    0    0    0    0    0    0    0    0    65    23    23    0    0    0    0    16    7    1    0    32    64    128    76    132    0    0    16    131    37    101    0    8    36    101    0    8    0    0    0    1
170    0    2    28    50    241    0    0    0    0    0    0    0    0    0    0    0    0    0    0    0    0    0    0    0    0    0    0    0    0    0    0    65    23    23    0    0    0    0    16    7    1    0    32    64    128    77    132    0    0    16    131    37    101    0    8    36    101    0    8    0    0    0    1
170    0    2    28    50    241    0    0    0    0    0    0    0    0    0    0    0    0    0    0    0    0    0    0    0    0    0    0    0    0    0    0    65    23    23    0    0    0    0    16    7    1    0    32    64    128    76    132    0    0    16    131    37    101    0    8    36    101    0    8    0    0    0    1
170    0    2    28    50    241    0    0    0    0    0    0    0    0    0    0    0    0    0    0    0    0    0    0    0    0    0    0    0    0    0    0    65    23    23    0    0    0    0    16    7    1    0    32    64    128    77    132    0    0    16    131    37    101    0    8    36    101    0    8    0    0    0    1
170    0    2    28    50    241    0    0    0    0    0    0    0    0    0    0    0    0    0    0    0    0    0    0    0    0    0    0    0    0    0    0    65    23    23    0    0    0    0    16    7    1    0    32    64    128    76    132    0    0    16    131    37    101    0    8    36    101    0    8    0    0    0    1
170    0    2    28    50    241    0    0    0    0    0    0    0    0    0    0    0    0    0    0    0    0    0    0    0    0    0    0    0    0    0    0    65    23    23    0    0    0    0    16    7    1    0    32    64    128    77    132    0    0    16    131    37    101    0    8    36    101    0    8    0    0    0    1
170    0    2    28    50    241    0    0    0    0    0    0    0    0    0    0    0    0    0    0    0    0    0    0    0    0    0    0    0    0    0    0    65    23    23    0    0    0    0    16    7    1    0    32    64    128    76    132    0    0    16    131    37    101    0    8    36    101    0    8    0    0    0    1
170    0    2    28    50    241    0    0    0    0    0    0    0    0    0    0    0    0    0    0    0    0    0    0    0    0    0    0    0    0    0    0    65    23    23    0    0    0    0    16    7    1    0    32    64    128    77    132    0    0    16    131    37    101    0    8    36    101    0    8    0    0    0    1
170    0    2    28    50    241    0    0    0    0    0    0    0    0    0    0    0    0    0    0    0    0    0    0    0    0    0    0    0    0    0    0    65    23    23    0    0    0    0    16    7    1    0    32    64    128    76    132    0    0    16    131    37    101    0    8    36    101    0    8    0    0    0    1
170    0    2    28    50    241    0    0    0    0    0    0    0    0    0    0    0    0    0    0    0    0    0    0    0    0    0    0    0    0    0    0    65    23    23    0    0    0    0    16    7    1    0    32    64    128    77    132    0    0    16    131    37    101    0    8    36    101    0    8    0    0    0    1
170    0    2    28    50    241    0    0    0    0    0    0    0    0    0    0    0    0    0    0    0    0    0    0    0    0    0    0    0    0    0    0    65    23    23    0    0    0    0    16    7    1    0    32    64    128    76    132    0    0    16    131    37    101    0    8    36    101    0    8    0    0    0    1
Chip#1
170    0    2    28    2    0    129    8    58    9    131    8    96    4    196    13    89    8    21    2    20    3    17    3    89    7    76    8    116    7    217    125    212    23    23    32    9    1    0    32    0    0    16    131    37    101    0    8    36    101    0    8    0    0    0    1    20    73    0    32    151    112    0    8
170    0    2    28    2    1    137    9    63    10    141    9    104    6    206    14    94    9    33    4    28    5    21    4    97    8    84    10    128    9    218    126    74    23    23    0    0    0    0    16    7    1    0    32    64    128    76    132    0    0    16    131    37    101    0    8    36    101    0    8    0    0    0    1
170    0    2    28    2    2    131    8    61    9    136    8    97    4    194    13    88    7    27    3    21    3    19    3    92    7    77    9    120    7    219    125    242    23    23    0    0    0    0    16    7    1    0    32    64    128    77    132    0    0    16    131    37    101    0    8    36    101    0    8    0    0    0    1
170    0    2    28    2    3    130    8    55    9    130    8    92    5    198    13    87    8    25    3    21    3    16    3    90    7    76    9    115    7    218    126    217    23    23    0    0    0    0    16    7    1    0    32    64    128    76    132    0    0    16    131    37    101    0    8    36    101    0    8    0    0    0    1
170    0    2    28    2    4    129    9    53    9    133    9    105    6    202    13    90    8    21    3    20    4    29    5    92    8    73    9    116    8    218    126    254    23    23    0    0    0    0    16    7    1    0    32    64    128    77    132    0    0    16    131    37    101    0    8    36    101    0    8    0    0    0    1
170    0    2    28    2    5    132    8    58    9    137    8    106    5    201    12    89    7    21    2    23    3    31    4    96    7    77    8    118    7    218    125    13    23    23    0    0    0    0    16    7    1    0    32    64    128    76    132    0    0    16    131    37    101    0    8    36    101    0    8    0    0    0    1
170    0    2    28    2    6    128    8    54    9    133    8    97    5    197    13    90    8    23    3    16    4    15    4    96    7    74    9    115    7    217    126    224    23    23    0    0    0    0    16    7    1    0    32    64    128    77    132    0    0    16    131    37    101    0    8    36    101    0    8    0    0    0    1
170    0    2    28    2    7    124    8    51    9    126    8    87    4    187    12    82    7    16    3    14    3    8    2    86    7    72    8    109    7    216    125    140    23    23    0    0    0    0    16    7    1    0    32    64    128    76    132    0    0    16    131    37    101    0    8    36    101    0    8    0    0    0    1
170    0    2    28    2    8    126    8    53    9    133    8    92    5    190    13    82    8    19    2    15    3    14    3    85    7    75    9    113    7    217    126    182    23    23    0    0    0    0    16    7    1    0    32    64    128    77    132    0    0    16    131    37    101    0    8    36    101    0    8    0    0    0    1
170    0    2    28    2    9    129    9    57    9    132    9    112    6    199    14    87    8    21    3    25    4    32    5    94    8    75    9    115    8    218    126    19    23    23    0    0    0    0    16    7    1    0    32    64    128    76    132    0    0    16    131    37    101    0    8    36    101    0    8    0    0    0    1
170    0    2    28    2    10    128    8    55    9    132    8    101    5    197    13    87    8    23    3    22    4    26    4    95    7    77    9    116    7    217    126    249    23    23    0    0    0    0    16    7    1    0    32    64    128    77    132    0    0    16    131    37    101    0    8    36    101    0    8    0    0    0    1
170    0    2    28    2    11    128    8    56    9    131    8    92    4    198    13    84    8    20    2    19    3    13    3    91    8    72    8    116    7    218    126    208    23    23    0    0    0    0    16    7    1    0    32    64    128    76    132    0    0    16    131    37    101    0    8    36    101    0    8    0    0    0    1
Chip#2
170    0    2    28    18    0    96    23    69    20    143    29    79    17    115    20    122    25    78    23    90    20    15    18    119    23    82    25    116    19    20    131    49    23    23    32    8    1    0    32    0    0    16    131    37    101    0    8    36    101    0    8    0    0    0    1    20    73    0    32    151    112    0    8
170    0    2    28    18    1    99    23    70    20    145    29    82    17    120    20    124    25    76    23    93    20    16    18    120    22    82    25    115    19    22    131    69    23    23    0    0    0    0    16    7    1    0    32    64    128    76    132    0    0    16    131    37    101    0    8    36    101    0    8    0    0    0    1
170    0    2    28    18    2    98    23    68    20    146    29    78    17    116    20    121    25    73    23    94    20    17    18    116    22    80    25    113    19    19    131    45    23    23    0    0    0    0    16    7    1    0    32    64    128    77    132    0    0    16    131    37    101    0    8    36    101    0    8    0    0    0    1
170    0    2    28    18    3    98    23    67    21    143    30    79    18    115    21    122    26    75    24    91    21    15    19    119    23    78    26    114    19    21    132    55    23    23    0    0    0    0    16    7    1    0    32    64    128    76    132    0    0    16    131    37    101    0    8    36    101    0    8    0    0    0    1
170    0    2    28    18    4    101    23    75    20    146    29    85    17    124    20    126    25    80    23    97    20    24    18    127    23    85    25    121    19    19    131    119    23    23    0    0    0    0    16    7    1    0    32    64    128    77    132    0    0    16    131    37    101    0    8    36    101    0    8    0    0    0    1
170    0    2    28    18    5    97    23    69    21    145    30    81    18    118    21    123    26    76    24    93    21    18    19    121    23    81    25    118    20    20    132    80    23    23    0    0    0    0    16    7    1    0    32    64    128    76    132    0    0    16    131    37    101    0    8    36    101    0    8    0    0    0    1
170    0    2    28    18    6    98    23    71    20    142    29    78    16    117    20    124    25    77    23    94    20    18    18    121    22    80    25    116    19    19    131    64    23    23    0    0    0    0    16    7    1    0    32    64    128    77    132    0    0    16    131    37    101    0    8    36    101    0    8    0    0    0    1
170    0    2    28    18    7    97    23    71    21    146    29    79    17    119    20    121    25    80    23    92    20    19    18    119    22    80    25    116    19    20    131    71    23    23    0    0    0    0    16    7    1    0    32    64    128    76    132    0    0    16    131    37    101    0    8    36    101    0    8    0    0    0    1
170    0    2    28    18    8    97    23    68    21    145    30    77    17    118    20    124    25    75    23    89    20    18    19    119    23    81    25    116    19    21    131    64    23    23    0    0    0    0    16    7    1    0    32    64    128    77    132    0    0    16    131    37    101    0    8    36    101    0    8    0    0    0    1
170    0    2    28    18    9    97    23    69    21    144    29    84    17    118    20    121    25    77    23    97    20    27    19    120    23    81    25    114    19    20    131    85    23    23    0    0    0    0    16    7    1    0    32    64    128    76    132    0    0    16    131    37    101    0    8    36    101    0    8    0    0    0    1
170    0    2    28    18    10    95    23    67    20    138    29    74    17    112    20    119    25    74    23    88    20    12    18    114    22    76    25    109    19    21    131    13    23    23    0    0    0    0    16    7    1    0    32    64    128    77    132    0    0    16    131    37    101    0    8    36    101    0    8    0    0    0    1
170    0    2    28    18    11    95    23    67    20    144    29    75    17    114    20    121    25    74    23    90    20    14    18    119    22    80    25    111    19    20    131    39    23    23    0    0    0    0    16    7    1    0    32    64    128    76    132    0    0    16    131    37    101    0    8    36    101    0    8    0    0    0    1
Chip#3
170    0    2    28    34    241    0    0    0    0    0    0    0    0    0    0    0    0    0    0    0    0    0    0    0    0    0    0    0    0    0    0    49    23    23    32    8    1    0    32    0    0    16    131    37    101    0    8    36    101    0    8    0    0    0    1    20    73    0    32    151    112    0    8
170    0    2    28    34    241    0    0    0    0    0    0    0    0    0    0    0    0    0    0    0    0    0    0    0    0    0    0    0    0    0    0    49    23    23    0    0    0    0    16    7    1    0    32    64    128    76    132    0    0    16    131    37    101    0    8    36    101    0    8    0    0    0    1
170    0    2    28    34    241    0    0    0    0    0    0    0    0    0    0    0    0    0    0    0    0    0    0    0    0    0    0    0    0    0    0    49    23    23    0    0    0    0    16    7    1    0    32    64    128    77    132    0    0    16    131    37    101    0    8    36    101    0    8    0    0    0    1
170    0    2    28    34    241    0    0    0    0    0    0    0    0    0    0    0    0    0    0    0    0    0    0    0    0    0    0    0    0    0    0    49    23    23    0    0    0    0    16    7    1    0    32    64    128    76    132    0    0    16    131    37    101    0    8    36    101    0    8    0    0    0    1
170    0    2    28    34    241    0    0    0    0    0    0    0    0    0    0    0    0    0    0    0    0    0    0    0    0    0    0    0    0    0    0    49    23    23    0    0    0    0    16    7    1    0    32    64    128    77    132    0    0    16    131    37    101    0    8    36    101    0    8    0    0    0    1
170    0    2    28    34    241    0    0    0    0    0    0    0    0    0    0    0    0    0    0    0    0    0    0    0    0    0    0    0    0    0    0    49    23    23    0    0    0    0    16    7    1    0    32    64    128    76    132    0    0    16    131    37    101    0    8    36    101    0    8    0    0    0    1
170    0    2    28    34    241    0    0    0    0    0    0    0    0    0    0    0    0    0    0    0    0    0    0    0    0    0    0    0    0    0    0    49    23    23    0    0    0    0    16    7    1    0    32    64    128    77    132    0    0    16    131    37    101    0    8    36    101    0    8    0    0    0    1
170    0    2    28    34    241    0    0    0    0    0    0    0    0    0    0    0    0    0    0    0    0    0    0    0    0    0    0    0    0    0    0    49    23    23    0    0    0    0    16    7    1    0    32    64    128    76    132    0    0    16    131    37    101    0    8    36    101    0    8    0    0    0    1
170    0    2    28    34    241    0    0    0    0    0    0    0    0    0    0    0    0    0    0    0    0    0    0    0    0    0    0    0    0    0    0    49    23    23    0    0    0    0    16    7    1    0    32    64    128    77    132    0    0    16    131    37    101    0    8    36    101    0    8    0    0    0    1
170    0    2    28    34    241    0    0    0    0    0    0    0    0    0    0    0    0    0    0    0    0    0    0    0    0    0    0    0    0    0    0    49    23    23    0    0    0    0    16    7    1    0    32    64    128    76    132    0    0    16    131    37    101    0    8    36    101    0    8    0    0    0    1
170    0    2    28    34    241    0    0    0    0    0    0    0    0    0    0    0    0    0    0    0    0    0    0    0    0    0    0    0    0    0    0    49    23    23    0    0    0    0    16    7    1    0    32    64    128    77    132    0    0    16    131    37    101    0    8    36    101    0    8    0    0    0    1
170    0    2    28    34    241    0    0    0    0    0    0    0    0    0    0    0    0    0    0    0    0    0    0    0    0    0    0    0    0    0    0    49    23    23    0    0    0    0    16    7    1    0    32    64    128    76    132    0    0    16    131    37    101    0    8    36    101    0    8    0    0    0    1
Chip#4
170    0    2    28    50    241    0    0    0    0    0    0    0    0    0    0    0    0    0    0    0    0    0    0    0    0    0    0    0    0    0    0    65    23    23    32    8    1    0    32    0    0    16    131    37    101    0    8    36    101    0    8    0    0    0    1    20    73    0    32    151    112    0    8
170    0    2    28    50    241    0    0    0    0    0    0    0    0    0    0    0    0    0    0    0    0    0    0    0    0    0    0    0    0    0    0    65    23    23    0    0    0    0    16    7    1    0    32    64    128    76    132    0    0    16    131    37    101    0    8    36    101    0    8    0    0    0    1
170    0    2    28    50    241    0    0    0    0    0    0    0    0    0    0    0    0    0    0    0    0    0    0    0    0    0    0    0    0    0    0    65    23    23    0    0    0    0    16    7    1    0    32    64    128    77    132    0    0    16    131    37    101    0    8    36    101    0    8    0    0    0    1
170    0    2    28    50    241    0    0    0    0    0    0    0    0    0    0    0    0    0    0    0    0    0    0    0    0    0    0    0    0    0    0    65    23    23    0    0    0    0    16    7    1    0    32    64    128    76    132    0    0    16    131    37    101    0    8    36    101    0    8    0    0    0    1
170    0    2    28    50    241    0    0    0    0    0    0    0    0    0    0    0    0    0    0    0    0    0    0    0    0    0    0    0    0    0    0    65    23    23    0    0    0    0    16    7    1    0    32    64    128    77    132    0    0    16    131    37    101    0    8    36    101    0    8    0    0    0    1
170    0    2    28    50    241    0    0    0    0    0    0    0    0    0    0    0    0    0    0    0    0    0    0    0    0    0    0    0    0    0    0    65    23    23    0    0    0    0    16    7    1    0    32    64    128    76    132    0    0    16    131    37    101    0    8    36    101    0    8    0    0    0    1
170    0    2    28    50    241    0    0    0    0    0    0    0    0    0    0    0    0    0    0    0    0    0    0    0    0    0    0    0    0    0    0    65    23    23    0    0    0    0    16    7    1    0    32    64    128    77    132    0    0    16    131    37    101    0    8    36    101    0    8    0    0    0    1
170    0    2    28    50    241    0    0    0    0    0    0    0    0    0    0    0    0    0    0    0    0    0    0    0    0    0    0    0    0    0    0    65    23    23    0    0    0    0    16    7    1    0    32    64    128    76    132    0    0    16    131    37    101    0    8    36    101    0    8    0    0    0    1
170    0    2    28    50    241    0    0    0    0    0    0    0    0    0    0    0    0    0    0    0    0    0    0    0    0    0    0    0    0    0    0    65    23    23    0    0    0    0    16    7    1    0    32    64    128    77    132    0    0    16    131    37    101    0    8    36    101    0    8    0    0    0    1
170    0    2    28    50    241    0    0    0    0    0    0    0    0    0    0    0    0    0    0    0    0    0    0    0    0    0    0    0    0    0    0    65    23    23    0    0    0    0    16    7    1    0    32    64    128    76    132    0    0    16    131    37    101    0    8    36    101    0    8    0    0    0    1
170    0    2    28    50    241    0    0    0    0    0    0    0    0    0    0    0    0    0    0    0    0    0    0    0    0    0    0    0    0    0    0    65    23    23    0    0    0    0    16    7    1    0    32    64    128    77    132    0    0    16    131    37    101    0    8    36    101    0    8    0    0    0    1
170    0    2    28    50    241    0    0    0    0    0    0    0    0    0    0    0    0    0    0    0    0    0    0    0    0    0    0    0    0    0    0    65    23    23    0    0    0    0    16    7    1    0    32    64    128    76    132    0    0    16    131    37    101    0    8    36    101    0    8    0    0    0    1
