Chip#1
134 113 107 105 108 107 111 113 113 109 109 130 0
107 102 208 261 105 181 315 113 135 286 110 109 1
104 104 1223 1607 132 1274 2593 222 868 2727 429 110 2
108 108 362 525 117 464 941 130 396 1301 195 113 3
109 107 140 144 114 122 142 116 121 139 113 110 4
111 110 891 920 121 619 1056 143 624 1525 209 114 5
101 100 390 401 107 358 577 111 408 1054 173 100 6
107 113 123 129 117 114 125 117 116 115 110 106 7
101 105 775 764 112 584 732 117 111 106 105 102 8
110 110 505 459 116 568 708 119 113 110 107 108 9
104 105 105 105 104 108 113 110 111 102 105 103 10
105 103 101 99 105 102 108 102 104 99 99 15000 11
Chip#2
104 111 107 105 112 106 107 106 108 104 109 105 0
115 116 114 114 112 114 116 109 113 115 113 110 1
102 105 102 98 106 100 101 102 98 100 99 101 2
97 101 105 164 127 100 168 148 99 132 147 98 3
98 105 115 224 170 107 193 166 101 145 154 102 4
107 106 105 120 112 104 108 106 102 104 106 103 5
98 101 100 126 113 101 203 207 98 184 285 106 6
107 109 114 193 163 109 389 390 110 286 409 127 7
102 107 107 124 113 101 125 125 99 107 123 102 8
104 105 107 103 106 104 156 185 104 153 252 113 9
102 103 102 101 101 102 325 412 116 244 429 145 10
108 111 105 105 111 105 136 159 107 121 151 15000 11
