Chip#1
93 97 95 99 102 95 96 96 94 92 95 95 0
103 100 100 103 104 103 104 103 102 99 101 99 1
98 93 95 97 96 99 101 101 102 95 96 95 2
98 95 96 99 100 101 99 101 97 92 94 96 3
99 99 96 102 100 100 100 102 97 96 95 94 4
98 95 127 133 101 130 162 103 100 95 92 96 5
98 101 108 119 102 121 138 102 100 95 93 95 6
108 101 103 109 107 105 105 101 104 104 102 99 7
99 101 147 145 101 122 125 97 103 97 98 96 8
92 95 121 123 97 116 121 96 99 86 87 90 9
101 102 100 104 104 103 109 104 106 97 97 101 10
103 101 105 106 108 101 104 105 107 101 101 15000 11
Chip#1
102 102 100 108 102 104 108 104 102 101 101 102 0
104 100 105 109 102 105 109 104 104 99 107 102 1
103 99 99 104 100 108 108 104 104 104 101 104 2
98 95 95 98 89 95 106 100 97 91 91 94 3
101 95 97 104 96 97 104 101 99 95 95 94 4
93 96 154 157 97 162 217 98 97 93 95 95 5
95 97 122 123 98 135 166 103 99 91 91 95 6
108 102 104 108 105 106 109 108 103 107 97 104 7
102 100 186 190 101 138 152 103 100 96 98 101 8
98 99 149 146 102 138 151 103 100 93 96 94 9
102 104 103 102 97 100 106 100 99 99 98 102 10
103 99 97 103 96 101 104 101 96 95 96 15000 11
Chip#1
105 104 105 106 105 97 106 100 100 100 103 102 0
102 97 99 99 101 98 100 98 100 95 98 95 1
99 102 100 113 98 103 108 101 102 111 101 96 2
103 95 98 101 101 100 102 104 106 101 95 92 3
104 100 107 110 100 109 116 105 101 96 101 98 4
108 104 345 343 101 360 561 116 108 113 98 101 5
101 106 208 201 102 237 350 107 106 107 100 101 6
103 97 103 110 103 105 106 97 100 93 93 94 7
102 105 442 421 105 244 279 108 99 95 96 101 8
104 102 309 283 102 245 278 102 100 93 97 99 9
105 105 102 103 98 101 105 97 101 97 97 96 10
103 99 98 97 98 97 100 98 98 91 95 15000 11
Chip#1
104 100 100 102 104 99 107 105 100 101 102 101 0
102 96 98 104 105 106 111 104 104 96 96 100 1
109 102 111 119 107 115 121 108 117 121 108 102 2
104 101 103 107 101 104 111 105 102 109 101 95 3
104 104 109 116 100 106 116 102 103 96 100 99 4
103 99 398 394 104 420 669 116 106 113 100 99 5
104 102 221 216 102 270 408 108 106 111 96 95 6
102 99 111 107 104 106 107 101 106 99 96 99 7
108 109 529 501 108 285 328 112 103 103 102 107 8
104 101 366 324 102 286 322 104 102 100 98 100 9
106 102 105 110 107 103 109 105 102 101 97 100 10
109 100 100 102 100 97 101 103 98 93 101 15000 11
Chip#1
104 100 103 108 107 105 104 102 102 100 101 105 0
103 100 98 101 101 103 104 102 100 97 101 96 1
105 100 108 119 102 112 121 104 107 120 102 102 2
98 93 96 106 100 99 107 96 103 105 97 96 3
109 102 113 120 107 111 121 105 104 100 102 100 4
105 104 431 422 105 457 729 113 111 116 103 98 5
104 105 234 231 107 288 440 110 111 112 101 101 6
105 101 111 113 105 104 106 103 100 96 97 98 7
106 112 569 546 110 303 345 107 101 99 105 106 8
101 100 391 338 103 304 337 109 102 99 95 99 9
106 104 102 104 104 103 107 104 100 97 98 98 10
108 101 98 101 105 101 101 102 98 95 97 15000 11
Chip#1
101 105 102 107 104 104 107 104 102 96 101 101 0
97 94 98 98 97 98 102 100 101 92 96 93 1
102 104 109 115 102 108 119 104 112 117 103 100 2
97 97 97 102 100 100 107 101 100 100 100 98 3
96 94 107 112 102 100 113 101 96 93 94 98 4
106 107 425 421 108 457 726 118 107 112 98 100 5
104 107 233 236 112 287 446 110 107 116 103 101 6
101 99 108 112 103 103 100 104 103 95 95 96 7
103 110 563 546 108 300 347 109 106 99 101 107 8
97 96 385 335 101 298 336 97 100 90 92 94 9
102 101 102 102 101 99 105 100 99 95 97 100 10
108 101 93 101 100 99 102 100 99 95 97 15000 11
