Chip#1
96 99 98 101 101 101 104 100 97 95 102 94 0 164 119 50 23
99 94 96 99 94 98 97 102 99 93 96 90 1 0 0 0 0
105 100 102 108 102 105 105 104 104 101 103 99 2 0 0 0 0
98 102 99 103 97 103 106 101 101 96 101 96 3 0 0 0 0
99 97 94 98 97 99 106 98 101 97 98 98 4 0 0 0 0
98 92 110 113 95 118 139 98 97 93 96 93 5 0 0 0 0
103 100 104 109 101 114 121 100 102 99 98 96 6 0 0 0 0
103 99 95 99 100 103 102 98 104 93 100 92 7 0 0 0 0
99 102 129 132 102 116 119 107 107 100 102 101 8 0 0 0 0
99 97 113 112 95 110 114 100 102 91 97 93 9 0 0 0 0
93 96 94 99 91 97 98 96 97 87 96 93 10 0 0 0 0
101 91 95 93 95 98 100 96 100 95 97 15000 11 0 0 0 0
Chip#1
97 97 94 102 94 99 100 101 96 87 97 93 0 163 120 28 23
101 101 94 104 101 101 102 108 102 96 105 99 1 0 0 0 0
101 100 100 102 98 104 107 102 101 100 102 96 2 0 0 0 0
97 104 98 102 98 106 106 103 103 97 98 100 3 0 0 0 0
98 100 98 104 97 103 102 103 102 97 101 98 4 0 0 0 0
99 101 138 138 103 146 182 110 102 101 101 100 5 0 0 0 0
101 94 109 113 94 128 139 104 101 96 96 94 6 0 0 0 0
101 96 94 102 102 97 104 100 100 89 96 98 7 0 0 0 0
99 100 150 158 103 128 131 101 100 96 93 99 8 0 0 0 0
96 100 127 135 98 127 132 102 98 97 101 101 9 0 0 0 0
97 99 97 99 98 101 100 101 99 89 98 94 10 0 0 0 0
103 100 94 103 101 105 101 105 102 99 102 15000 11 0 0 0 0
Chip#1
99 96 96 97 97 99 99 102 100 92 101 94 0 167 120 44 23
101 96 93 104 95 101 102 105 99 97 101 95 1 0 0 0 0
104 99 109 118 98 111 123 105 108 128 107 100 2 0 0 0 0
108 100 98 109 101 106 109 104 106 113 100 99 3 0 0 0 0
104 101 109 123 104 110 124 109 106 100 105 101 4 0 0 0 0
98 100 423 416 101 470 773 114 103 116 98 98 5 0 0 0 0
99 100 216 228 101 291 445 104 108 111 100 95 6 0 0 0 0
103 97 107 113 102 104 109 101 103 97 97 94 7 0 0 0 0
98 100 569 530 100 303 344 105 100 96 96 96 8 0 0 0 0
96 93 377 325 94 292 331 96 98 87 97 95 9 0 0 0 0
104 102 102 108 98 103 106 103 102 97 98 99 10 0 0 0 0
116 110 108 110 108 111 114 109 108 107 107 15000 11 0 0 0 0
Chip#1
102 99 98 99 101 104 102 103 103 99 101 100 0 166 119 73 23
105 100 99 107 96 103 106 102 107 101 102 100 1 0 0 0 0
108 101 115 124 100 116 131 104 112 136 103 99 2 0 0 0 0
104 100 106 113 101 114 123 108 111 120 107 102 3 0 0 0 0
104 105 120 127 101 117 135 110 111 104 105 104 4 0 0 0 0
106 105 631 620 109 727 1213 134 124 134 106 101 5 0 0 0 0
105 107 313 312 104 432 683 117 117 128 111 105 6 0 0 0 0
106 97 115 121 102 105 109 109 108 95 102 101 7 0 0 0 0
102 106 916 852 101 450 530 109 103 99 103 96 8 0 0 0 0
108 109 594 505 100 449 518 110 104 100 102 99 9 0 0 0 0
106 104 97 104 96 105 106 103 100 93 102 100 10 0 0 0 0
114 105 99 110 98 101 104 107 103 101 103 15000 11 0 0 0 0
Chip#1
99 99 94 104 101 103 104 101 99 97 101 96 0 163 119 62 23
104 104 102 115 105 112 114 110 107 109 107 101 1 0 0 0 0
103 102 117 131 103 121 139 107 116 138 109 100 2 0 0 0 0
101 104 105 115 105 111 117 108 114 125 106 106 3 0 0 0 0
95 94 119 127 100 115 132 104 102 95 102 98 4 0 0 0 0
93 99 695 681 102 796 1354 132 113 130 103 96 5 0 0 0 0
101 97 332 333 102 462 761 113 109 124 98 94 6 0 0 0 0
101 96 116 129 102 106 109 104 104 93 98 94 7 0 0 0 0
97 110 1037 953 103 485 578 102 99 95 100 99 8 0 0 0 0
106 107 663 552 109 484 572 113 102 96 102 104 9 0 0 0 0
105 97 100 108 103 101 111 107 104 99 102 100 10 0 0 0 0
114 107 100 109 98 101 106 105 103 99 103 15000 11 0 0 0 0
Chip#1
104 101 98 107 98 103 104 104 104 97 103 95 0 164 120 86 23
101 99 98 106 98 103 107 104 104 101 100 94 1 0 0 0 0
102 105 116 132 102 120 137 112 119 142 113 99 2 0 0 0 0
103 101 102 114 103 110 117 104 109 122 106 98 3 0 0 0 0
98 104 127 126 103 124 134 108 108 103 106 100 4 0 0 0 0
101 101 720 715 104 843 1416 129 116 134 105 95 5 0 0 0 0
103 105 347 352 109 486 796 117 119 125 107 101 6 0 0 0 0
104 100 117 124 103 101 109 102 101 93 97 93 7 0 0 0 0
105 110 1091 997 108 504 600 113 108 95 102 99 8 0 0 0 0
106 111 698 577 109 505 596 111 109 104 108 106 9 0 0 0 0
106 105 106 109 104 103 107 105 106 97 100 101 10 0 0 0 0
114 101 98 107 105 103 106 107 106 97 105 15000 11 0 0 0 0
Chip#1
99 99 94 102 98 98 101 101 96 97 97 96 0 162 120 46 23
99 96 95 102 101 103 109 101 101 100 100 99 1 0 0 0 0
97 102 99 109 96 101 108 108 107 105 101 99 2 0 0 0 0
97 97 91 97 94 94 100 97 96 95 93 92 3 0 0 0 0
99 95 94 97 95 100 98 95 99 93 95 93 4 0 0 0 0
102 102 125 133 100 132 155 105 104 100 98 98 5 0 0 0 0
101 101 105 114 98 120 132 104 107 103 96 100 6 0 0 0 0
99 104 95 104 101 103 101 98 106 96 96 94 7 0 0 0 0
96 97 132 141 95 115 120 102 101 97 95 95 8 0 0 0 0
95 95 114 118 94 110 119 95 97 91 94 94 9 0 0 0 0
96 96 97 101 100 100 105 102 103 99 98 93 10 0 0 0 0
97 93 93 101 91 99 99 100 99 93 96 15000 11 0 0 0 0
