Chip#1
109 104 98 103 104 104 107 102 103 100 101 105 0 0 192 72 66
98 102 121 133 100 118 142 100 103 130 100 99 1 0 0 0 0
104 102 310 386 110 332 579 125 251 521 153 101 2 0 0 0 0
104 107 150 182 104 176 270 105 155 301 121 107 3 0 0 0 0
104 102 104 109 105 105 107 103 103 107 102 102 4 0 0 0 0
108 109 115 120 103 111 120 105 184 310 123 104 5 0 0 0 0
109 107 109 116 104 111 114 108 157 263 116 106 6 0 0 0 0
108 109 108 109 108 112 115 108 111 109 108 108 7 0 0 0 0
103 111 120 126 108 114 117 105 111 104 107 108 8 0 0 0 0
105 109 112 116 105 112 120 105 109 112 107 108 9 0 0 0 0
106 102 104 108 103 103 113 104 104 101 101 105 10 0 0 0 0
111 111 104 112 108 108 111 107 108 105 103 15000 11 0 0 0 0
Chip#2
110 106 106 112 110 104 104 105 104 105 106 105 0 0 192 73 66
103 105 103 103 104 102 101 103 100 99 97 103 1 0 0 0 0
106 106 105 108 105 106 105 110 101 105 109 104 2 0 0 0 0
110 110 112 184 138 109 209 167 105 157 171 110 3 0 0 0 0
102 105 122 261 173 111 236 194 105 167 174 105 4 0 0 0 0
102 101 99 113 102 99 102 100 98 96 99 97 5 0 0 0 0
109 109 110 135 127 107 108 110 107 105 107 106 6 0 0 0 0
99 101 107 185 152 97 100 100 98 104 100 98 7 0 0 0 0
103 104 106 118 111 102 101 97 102 102 97 104 8 0 0 0 0
101 100 100 98 101 98 98 98 99 95 100 96 9 0 0 0 0
99 100 99 102 101 97 100 103 96 98 100 96 10 0 0 0 0
102 103 101 105 106 104 105 104 98 102 104 15000 11 0 0 0 0
Chip#1
111 105 105 102 105 106 108 102 108 105 106 110 0 0 192 74 66
111 104 130 136 107 123 147 112 112 140 108 106 1 0 0 0 0
104 109 307 381 108 330 571 125 251 519 153 99 2 0 0 0 0
105 102 151 186 107 178 270 104 157 306 119 102 3 0 0 0 0
95 99 97 95 98 100 102 98 101 104 97 100 4 0 0 0 0
109 104 117 116 107 112 122 103 184 304 118 106 5 0 0 0 0
104 104 105 116 104 106 116 104 158 254 112 98 6 0 0 0 0
106 107 105 110 109 111 109 107 108 105 102 102 7 0 0 0 0
97 93 104 106 93 99 102 96 97 92 95 94 8 0 0 0 0
104 102 111 109 104 110 117 103 104 111 105 105 9 0 0 0 0
97 101 99 99 98 99 107 96 101 95 92 99 10 0 0 0 0
99 99 96 98 97 103 106 97 99 100 97 15000 11 0 0 0 0
Chip#2
96 96 90 96 96 92 93 93 92 92 91 95 0 0 192 74 66
102 100 99 100 99 93 96 100 98 93 97 98 1 0 0 0 0
105 100 100 101 100 96 98 102 101 102 100 98 2 0 0 0 0
101 99 106 176 124 99 200 161 98 153 159 97 3 0 0 0 0
101 104 120 260 165 104 232 186 102 160 164 98 4 0 0 0 0
106 110 107 123 112 102 111 109 104 111 106 106 5 0 0 0 0
104 100 104 133 116 99 105 103 102 102 102 101 6 0 0 0 0
99 105 107 196 155 97 105 105 99 104 105 100 7 0 0 0 0
100 98 98 115 105 94 100 98 98 96 99 96 8 0 0 0 0
97 97 98 102 99 94 96 96 93 97 97 96 9 0 0 0 0
104 99 100 103 99 96 99 106 96 102 105 105 10 0 0 0 0
105 104 104 105 105 101 102 106 102 103 104 15000 11 0 0 0 0
Chip#1
105 102 104 108 102 107 106 102 103 103 103 107 0 0 64 76 66
96 99 114 125 102 115 138 98 99 130 97 95 1 0 0 0 0
102 100 306 381 108 329 573 122 235 519 153 102 2 0 0 0 0
106 104 150 184 107 174 268 105 155 299 123 102 3 0 0 0 0
102 102 102 106 103 104 109 100 106 108 100 104 4 0 0 0 0
102 96 109 110 105 105 119 101 174 294 111 101 5 0 0 0 0
103 101 100 107 103 104 109 102 153 254 109 101 6 0 0 0 0
102 104 104 103 105 105 107 98 104 100 103 101 7 0 0 0 0
96 99 107 109 96 104 112 100 99 95 94 96 8 0 0 0 0
101 105 110 112 105 110 114 102 103 105 103 102 9 0 0 0 0
103 102 105 104 105 105 112 101 106 104 102 101 10 0 0 0 0
106 106 103 107 101 106 108 101 104 107 108 15000 11 0 0 0 0
Chip#2
106 105 105 104 102 99 102 103 100 101 100 104 0 0 64 76 66
104 101 99 102 102 97 101 95 98 98 95 96 1 0 0 0 0
109 105 105 108 105 104 102 106 98 104 104 105 2 0 0 0 0
101 99 106 176 128 101 198 167 95 147 164 100 3 0 0 0 0
96 95 107 249 157 99 224 180 93 153 160 94 4 0 0 0 0
100 98 100 113 102 101 106 102 94 92 96 94 5 0 0 0 0
106 101 111 135 121 104 105 105 106 108 106 109 6 0 0 0 0
110 103 116 199 161 102 110 106 106 105 110 110 7 0 0 0 0
103 104 104 120 108 101 102 102 96 97 99 104 8 0 0 0 0
106 101 103 105 100 98 104 104 101 98 101 100 9 0 0 0 0
102 97 99 102 100 101 102 103 99 102 107 103 10 0 0 0 0
106 104 105 104 110 104 110 106 105 105 104 15000 11 0 0 0 0
Chip#1
105 100 100 102 103 104 100 100 100 100 100 100 0 0 192 77 66
99 105 121 136 108 122 145 105 106 137 105 102 1 0 0 0 0
105 105 304 381 109 330 570 119 235 519 155 102 2 0 0 0 0
102 104 145 183 102 170 264 105 152 295 122 105 3 0 0 0 0
99 97 105 103 104 105 108 101 101 103 97 101 4 0 0 0 0
99 105 110 118 102 109 116 102 176 295 113 100 5 0 0 0 0
99 100 106 109 105 110 114 103 152 254 111 99 6 0 0 0 0
97 99 103 101 105 104 105 98 103 96 98 99 7 0 0 0 0
93 95 108 114 101 106 107 102 97 100 101 96 8 0 0 0 0
101 100 109 112 105 104 113 102 103 99 100 99 9 0 0 0 0
96 94 95 102 101 99 100 95 99 93 95 95 10 0 0 0 0
105 104 103 107 105 108 109 107 107 101 102 15000 11 0 0 0 0
Chip#2
105 106 106 102 105 102 104 100 101 103 100 103 0 0 192 77 66
105 106 104 104 106 103 104 100 101 104 101 106 1 0 0 0 0
105 105 101 107 108 99 100 103 100 101 104 104 2 0 0 0 0
107 106 115 183 138 111 204 171 105 158 171 108 3 0 0 0 0
101 100 124 260 167 107 230 187 100 161 169 103 4 0 0 0 0
107 104 105 122 111 104 111 106 104 107 102 108 5 0 0 0 0
101 96 100 128 116 98 101 96 100 97 100 99 6 0 0 0 0
101 101 110 188 152 103 104 107 98 103 106 103 7 0 0 0 0
105 100 106 120 111 103 102 104 99 104 100 105 8 0 0 0 0
104 101 107 103 106 103 106 98 100 108 101 101 9 0 0 0 0
105 103 106 103 102 98 104 104 101 105 105 104 10 0 0 0 0
104 105 106 110 104 107 107 103 99 103 102 15000 11 0 0 0 0
Chip#1
108 109 106 109 109 111 108 107 108 104 106 104 0 0 0 79 66
103 104 123 138 104 123 146 104 107 140 108 107 1 0 0 0 0
103 100 303 376 107 323 563 119 251 519 153 102 2 0 0 0 0
96 100 145 178 100 172 263 100 149 292 116 102 3 0 0 0 0
97 99 95 98 100 99 102 96 100 101 90 93 4 0 0 0 0
102 101 113 118 108 114 120 107 183 299 121 102 5 0 0 0 0
96 99 104 108 103 101 109 102 152 238 105 99 6 0 0 0 0
101 101 100 106 103 103 108 101 106 99 98 99 7 0 0 0 0
99 101 111 114 101 105 111 104 102 97 102 99 8 0 0 0 0
95 95 107 103 102 104 111 98 100 100 91 98 9 0 0 0 0
98 97 97 100 101 98 100 90 96 96 95 92 10 0 0 0 0
105 106 103 106 102 101 106 103 103 105 105 15000 11 0 0 0 0
Chip#2
105 105 103 107 105 99 105 99 100 96 102 104 0 0 0 79 66
103 104 105 100 102 98 99 99 96 102 99 99 1 0 0 0 0
107 100 104 109 105 101 102 105 102 99 101 105 2 0 0 0 0
103 101 106 174 129 99 198 159 98 147 162 99 3 0 0 0 0
100 101 114 250 161 101 226 185 98 153 162 98 4 0 0 0 0
106 105 101 119 111 102 112 103 102 104 102 101 5 0 0 0 0
99 98 104 127 112 96 102 97 95 98 96 98 6 0 0 0 0
107 108 114 191 155 104 112 106 105 107 107 105 7 0 0 0 0
104 99 105 118 113 101 102 95 96 102 101 101 8 0 0 0 0
104 101 100 108 105 102 104 100 100 102 104 103 9 0 0 0 0
102 100 101 103 104 99 105 103 96 101 104 106 10 0 0 0 0
107 105 107 109 106 104 110 103 105 107 105 15000 11 0 0 0 0
Chip#1
106 106 98 102 102 104 106 103 101 101 101 108 0 0 64 80 66
98 95 116 130 102 110 137 100 104 130 101 95 1 0 0 0 0
102 99 295 375 107 326 561 123 235 519 153 101 2 0 0 0 0
104 104 147 178 109 169 263 105 152 296 120 101 3 0 0 0 0
102 97 99 106 100 103 105 97 103 103 101 95 4 0 0 0 0
101 100 105 114 103 107 114 102 180 296 113 96 5 0 0 0 0
97 100 103 108 100 104 109 100 149 254 107 98 6 0 0 0 0
99 95 96 103 100 101 98 96 100 104 100 95 7 0 0 0 0
103 101 111 118 104 110 114 102 102 101 103 101 8 0 0 0 0
102 100 104 110 102 104 111 98 101 99 105 101 9 0 0 0 0
101 104 103 110 110 103 107 107 107 100 103 100 10 0 0 0 0
109 100 102 107 102 103 109 102 103 103 101 15000 11 0 0 0 0
Chip#2
101 95 93 93 95 94 94 93 92 93 88 94 0 0 192 80 66
103 99 100 98 101 97 96 96 94 95 96 94 1 0 0 0 0
109 110 106 108 111 108 108 106 107 107 106 108 2 0 0 0 0
101 99 106 174 125 102 198 161 100 150 163 103 3 0 0 0 0
104 104 117 259 168 108 236 190 106 165 167 104 4 0 0 0 0
99 103 100 115 107 98 106 105 99 101 99 100 5 0 0 0 0
105 104 106 135 117 108 106 104 105 107 104 103 6 0 0 0 0
102 98 107 188 157 98 106 103 99 107 104 98 7 0 0 0 0
112 110 111 125 119 112 112 112 108 107 111 112 8 0 0 0 0
107 104 109 105 105 107 107 104 102 109 107 104 9 0 0 0 0
106 106 106 107 106 106 108 112 104 108 111 106 10 0 0 0 0
97 95 94 98 94 94 98 95 92 91 93 15000 11 0 0 0 0
Chip#1
105 102 100 106 107 101 105 103 104 103 102 107 0 0 128 81 66
103 104 121 135 107 120 139 104 109 138 105 101 1 0 0 0 0
97 102 300 378 109 326 558 121 235 519 153 102 2 0 0 0 0
102 102 149 177 104 171 252 104 150 295 117 100 3 0 0 0 0
101 102 106 109 103 104 108 102 103 107 105 101 4 0 0 0 0
101 99 107 114 103 107 113 97 175 295 114 101 5 0 0 0 0
101 99 106 110 104 107 111 102 152 254 106 99 6 0 0 0 0
108 106 108 108 111 107 109 104 108 105 107 105 7 0 0 0 0
101 100 107 109 101 108 104 97 99 93 95 92 8 0 0 0 0
96 94 100 107 101 104 108 98 104 96 92 98 9 0 0 0 0
102 101 106 108 107 106 109 104 104 107 105 104 10 0 0 0 0
101 101 109 107 107 101 108 105 103 107 103 15000 11 0 0 0 0
Chip#2
102 105 101 100 100 104 102 103 99 101 99 101 0 0 128 81 66
105 103 99 100 101 102 100 97 96 98 99 99 1 0 0 0 0
107 106 103 107 104 104 105 106 105 101 107 105 2 0 0 0 0
103 101 107 172 127 106 198 165 96 150 165 98 3 0 0 0 0
106 108 122 262 174 114 238 193 105 171 173 110 4 0 0 0 0
106 103 104 116 110 107 112 109 104 108 104 104 5 0 0 0 0
105 104 103 129 121 103 105 104 100 104 104 106 6 0 0 0 0
103 106 110 191 157 104 104 104 100 102 109 105 7 0 0 0 0
105 100 100 114 110 102 101 102 102 99 102 103 8 0 0 0 0
99 98 98 100 97 98 100 98 95 96 99 98 9 0 0 0 0
99 98 96 99 96 97 100 100 96 99 101 99 10 0 0 0 0
100 99 94 96 95 92 98 93 93 93 96 15000 11 0 0 0 0
Chip#1
98 99 94 98 91 94 96 96 97 92 98 96 0 0 192 82 66
102 99 119 129 101 116 141 101 108 125 100 101 1 0 0 0 0
104 107 298 374 108 329 560 124 235 519 153 110 2 0 0 0 0
99 100 145 178 104 168 261 105 149 291 122 100 3 0 0 0 0
104 100 102 108 100 103 109 102 103 104 106 96 4 0 0 0 0
99 96 112 115 100 105 115 101 175 290 116 102 5 0 0 0 0
101 100 107 110 105 109 115 104 154 254 112 104 6 0 0 0 0
103 101 98 104 100 103 105 101 104 97 101 100 7 0 0 0 0
101 106 115 120 108 114 117 108 112 108 105 107 8 0 0 0 0
95 100 108 107 101 108 116 102 103 96 98 98 9 0 0 0 0
102 101 109 106 104 106 106 101 106 104 103 104 10 0 0 0 0
104 101 104 102 104 100 104 102 104 100 103 15000 11 0 0 0 0
Chip#2
107 109 109 105 105 102 105 106 105 101 107 105 0 0 192 82 66
105 103 106 105 108 103 105 105 105 103 105 104 1 0 0 0 0
110 100 104 108 102 101 102 105 106 105 106 105 2 0 0 0 0
105 104 111 177 128 107 200 164 105 152 169 105 3 0 0 0 0
103 104 121 259 168 112 230 188 106 160 169 108 4 0 0 0 0
102 100 96 114 104 97 105 102 100 102 102 96 5 0 0 0 0
104 100 101 128 119 106 101 99 102 105 102 98 6 0 0 0 0
109 104 112 190 156 106 110 110 110 107 115 104 7 0 0 0 0
105 101 105 117 113 106 105 105 104 104 100 106 8 0 0 0 0
109 104 106 108 105 103 105 106 105 108 104 104 9 0 0 0 0
103 98 104 102 104 101 106 106 102 103 110 103 10 0 0 0 0
104 103 107 105 105 102 106 103 104 104 102 15000 11 0 0 0 0
Chip#1
106 102 97 102 98 103 105 97 103 97 102 107 0 0 192 83 66
96 91 115 126 96 114 137 98 100 125 97 96 1 0 0 0 0
98 97 295 370 104 321 553 119 235 510 153 99 2 0 0 0 0
98 104 148 180 101 166 261 101 150 287 114 100 3 0 0 0 0
104 111 104 107 103 105 108 103 112 109 100 100 4 0 0 0 0
93 97 107 110 97 106 114 102 179 289 113 98 5 0 0 0 0
92 95 96 102 94 99 105 95 144 238 101 94 6 0 0 0 0
95 99 103 98 104 100 104 100 103 96 100 96 7 0 0 0 0
101 97 110 113 100 105 109 102 106 105 103 95 8 0 0 0 0
104 104 113 115 110 111 114 103 106 103 102 106 9 0 0 0 0
101 104 105 108 105 104 107 102 107 100 106 102 10 0 0 0 0
97 93 99 99 97 99 102 96 98 99 100 15000 11 0 0 0 0
Chip#2
107 108 104 104 106 102 102 104 104 102 104 106 0 0 192 83 66
100 101 101 103 102 101 102 97 99 101 99 100 1 0 0 0 0
106 101 99 104 104 102 100 102 101 103 106 103 2 0 0 0 0
109 103 111 178 134 106 198 168 108 155 171 106 3 0 0 0 0
99 99 115 249 163 101 221 180 98 154 163 99 4 0 0 0 0
100 103 101 117 106 97 105 102 101 101 101 101 5 0 0 0 0
107 105 106 134 123 104 110 105 102 105 111 108 6 0 0 0 0
97 97 105 178 147 96 99 100 94 99 101 94 7 0 0 0 0
106 103 106 116 112 104 104 100 105 107 105 103 8 0 0 0 0
103 104 103 104 107 98 102 99 100 101 107 100 9 0 0 0 0
102 101 101 105 102 101 104 107 100 102 106 104 10 0 0 0 0
106 106 106 107 108 104 105 103 104 104 102 15000 11 0 0 0 0
Chip#1
108 102 99 101 101 101 102 96 102 100 101 105 0 0 192 84 66
106 100 123 137 107 117 142 103 108 133 106 105 1 0 0 0 0
97 100 294 364 102 320 549 116 235 519 153 96 2 0 0 0 0
98 102 143 176 108 172 262 105 154 295 119 100 3 0 0 0 0
108 107 105 112 109 109 113 107 112 111 108 107 4 0 0 0 0
101 97 111 109 103 106 115 101 176 292 112 101 5 0 0 0 0
103 102 106 103 105 106 112 102 150 254 109 100 6 0 0 0 0
102 99 99 102 101 104 100 98 101 97 101 96 7 0 0 0 0
99 102 108 114 101 109 115 100 104 103 101 104 8 0 0 0 0
103 105 106 114 107 109 114 100 108 101 103 104 9 0 0 0 0
97 94 100 103 98 101 98 102 102 96 96 96 10 0 0 0 0
103 101 99 96 100 104 106 98 100 101 102 15000 11 0 0 0 0
Chip#2
113 115 110 112 113 108 110 111 110 109 110 114 0 0 192 84 66
103 104 99 103 104 99 100 99 99 99 97 97 1 0 0 0 0
102 101 99 102 101 98 100 99 98 99 100 101 2 0 0 0 0
103 104 107 177 129 107 200 162 101 150 169 105 3 0 0 0 0
107 104 121 261 169 109 234 192 106 167 169 106 4 0 0 0 0
99 101 101 114 106 98 105 99 96 98 102 101 5 0 0 0 0
103 100 105 129 117 102 105 100 100 105 106 103 6 0 0 0 0
97 93 104 184 150 93 100 100 95 99 105 96 7 0 0 0 0
100 103 101 117 108 96 100 100 99 101 101 100 8 0 0 0 0
105 103 102 104 100 99 104 103 98 104 107 104 9 0 0 0 0
105 100 100 104 104 99 106 109 101 104 109 105 10 0 0 0 0
96 97 93 100 94 92 95 93 95 95 95 15000 11 0 0 0 0
Chip#1
110 109 103 106 109 108 109 102 108 108 105 110 0 0 64 86 66
102 99 115 125 102 115 138 102 104 132 101 96 1 0 0 0 0
101 96 294 366 98 319 546 116 235 519 153 95 2 0 0 0 0
104 105 145 176 104 175 261 105 153 292 123 106 3 0 0 0 0
99 100 99 103 96 99 105 103 102 103 101 98 4 0 0 0 0
102 104 116 116 108 114 121 105 180 295 121 108 5 0 0 0 0
99 101 103 104 98 105 108 102 149 254 106 96 6 0 0 0 0
95 94 95 95 98 97 99 94 94 89 93 94 7 0 0 0 0
98 93 108 109 100 104 109 97 106 96 96 95 8 0 0 0 0
97 100 106 102 98 105 108 100 106 97 98 98 9 0 0 0 0
103 100 107 106 101 108 108 96 104 101 102 101 10 0 0 0 0
98 100 104 98 101 106 107 102 106 105 102 15000 11 0 0 0 0
Chip#2
106 105 105 104 104 101 104 105 102 103 104 105 0 0 64 86 66
109 106 105 107 104 103 106 105 107 102 106 105 1 0 0 0 0
100 100 95 99 99 94 99 99 95 99 97 100 2 0 0 0 0
103 105 107 176 132 107 200 164 106 150 164 103 3 0 0 0 0
109 105 117 256 172 109 231 185 108 164 171 106 4 0 0 0 0
102 104 105 116 111 99 110 105 99 102 104 100 5 0 0 0 0
106 104 106 130 121 104 111 107 106 107 107 104 6 0 0 0 0
107 111 115 194 157 106 113 114 105 107 115 108 7 0 0 0 0
100 99 100 114 107 99 100 102 98 102 100 100 8 0 0 0 0
106 106 106 109 106 106 108 110 108 105 107 104 9 0 0 0 0
104 104 101 100 106 98 107 107 101 104 106 106 10 0 0 0 0
106 106 103 107 102 102 111 103 102 102 104 15000 11 0 0 0 0
Chip#1
105 99 105 99 102 97 107 104 102 100 103 107 0 0 0 88 66
102 94 117 129 98 115 139 102 102 133 101 96 1 0 0 0 0
106 106 300 370 109 322 553 123 251 519 153 105 2 0 0 0 0
96 100 144 176 105 171 252 101 144 288 116 100 3 0 0 0 0
108 105 102 109 104 105 107 109 108 109 106 105 4 0 0 0 0
93 96 109 109 98 106 116 103 173 285 111 94 5 0 0 0 0
101 91 102 108 98 100 111 101 147 238 103 94 6 0 0 0 0
102 99 100 103 103 103 108 102 106 95 101 95 7 0 0 0 0
102 100 116 115 102 111 116 102 101 101 98 100 8 0 0 0 0
105 106 113 114 108 111 116 110 107 103 103 104 9 0 0 0 0
102 99 106 102 100 104 109 100 98 101 100 104 10 0 0 0 0
101 100 95 98 96 97 99 100 99 100 95 15000 11 0 0 0 0
Chip#2
115 106 106 105 108 104 105 107 107 105 109 108 0 0 0 88 66
118 111 109 108 108 111 112 111 110 110 110 114 1 0 0 0 0
121 115 111 115 113 111 116 116 112 117 115 116 2 0 0 0 0
109 106 114 179 136 108 203 169 105 154 172 109 3 0 0 0 0
103 108 121 259 170 109 224 189 101 160 167 106 4 0 0 0 0
103 105 104 114 108 104 107 100 100 101 104 104 5 0 0 0 0
106 100 103 125 116 102 106 105 100 105 105 103 6 0 0 0 0
102 100 105 182 150 97 102 102 98 102 102 100 7 0 0 0 0
111 109 107 123 117 106 110 109 106 105 109 109 8 0 0 0 0
107 105 106 109 108 103 107 106 100 104 106 106 9 0 0 0 0
104 99 103 102 102 101 104 104 100 102 106 104 10 0 0 0 0
104 98 100 104 100 101 104 99 104 99 102 15000 11 0 0 0 0
Chip#1
103 100 102 101 100 103 109 103 103 97 98 102 0 0 192 89 66
104 97 116 130 100 116 141 103 104 132 103 100 1 0 0 0 0
106 111 303 374 111 327 553 132 235 519 158 106 2 0 0 0 0
101 100 141 176 102 169 252 102 147 285 116 100 3 0 0 0 0
101 96 95 97 96 100 105 98 99 97 96 99 4 0 0 0 0
102 101 113 115 107 111 117 104 179 292 116 102 5 0 0 0 0
101 105 104 107 102 107 111 100 147 263 113 95 6 0 0 0 0
103 102 102 101 103 106 108 105 103 100 102 101 7 0 0 0 0
99 97 107 109 98 104 107 101 102 101 96 98 8 0 0 0 0
101 99 104 104 100 105 109 97 103 100 96 100 9 0 0 0 0
104 104 106 106 104 105 106 101 106 101 106 108 10 0 0 0 0
104 97 100 104 98 101 104 97 102 100 101 15000 11 0 0 0 0
Chip#2
102 99 96 102 102 99 99 100 101 99 99 103 0 0 192 89 66
112 111 110 110 112 103 107 105 107 110 109 108 1 0 0 0 0
106 108 104 104 108 103 107 106 104 105 105 105 2 0 0 0 0
99 100 104 169 128 99 196 159 98 146 163 103 3 0 0 0 0
101 100 117 226 167 106 223 187 101 160 164 104 4 0 0 0 0
103 105 104 117 108 103 111 104 100 103 107 104 5 0 0 0 0
100 98 98 124 112 93 98 92 95 96 100 94 6 0 0 0 0
101 100 107 183 147 101 105 102 99 98 106 101 7 0 0 0 0
103 105 101 116 110 101 102 100 99 98 100 103 8 0 0 0 0
107 110 107 110 111 107 110 107 108 108 110 108 9 0 0 0 0
104 106 104 109 108 103 107 105 105 104 106 108 10 0 0 0 0
101 100 99 98 95 94 99 97 99 93 95 15000 11 0 0 0 0
Chip#1
106 104 105 102 102 105 108 104 104 105 103 104 0 0 64 91 66
98 97 115 126 101 115 141 102 100 132 102 100 1 0 0 0 0
109 110 303 375 110 325 549 131 235 519 153 108 2 0 0 0 0
97 97 140 170 102 165 261 98 144 283 114 99 3 0 0 0 0
95 93 97 96 100 99 106 100 99 101 98 95 4 0 0 0 0
99 104 111 118 103 116 120 105 179 292 117 100 5 0 0 0 0
97 95 99 104 97 103 112 97 147 238 103 94 6 0 0 0 0
104 106 106 108 105 106 108 104 106 100 105 107 7 0 0 0 0
99 102 114 116 103 111 113 101 102 103 98 102 8 0 0 0 0
101 97 105 104 100 109 112 100 101 97 100 100 9 0 0 0 0
102 101 106 102 102 104 107 107 103 104 98 102 10 0 0 0 0
109 107 105 108 110 109 105 105 108 107 106 15000 11 0 0 0 0
Chip#2
105 104 100 103 105 101 102 99 101 102 105 105 0 0 0 92 66
107 101 100 105 104 99 102 100 101 102 104 101 1 0 0 0 0
104 100 98 103 106 98 100 100 99 95 97 100 2 0 0 0 0
102 104 105 176 132 106 200 164 102 149 167 100 3 0 0 0 0
101 104 112 251 163 104 225 183 100 158 163 103 4 0 0 0 0
102 98 99 108 102 97 105 99 98 97 96 96 5 0 0 0 0
99 98 99 123 112 99 99 95 96 97 97 99 6 0 0 0 0
104 103 112 190 155 102 108 104 102 104 111 105 7 0 0 0 0
102 99 96 114 110 98 104 93 98 99 96 99 8 0 0 0 0
96 99 95 97 98 94 95 95 92 96 102 94 9 0 0 0 0
103 101 101 102 105 99 108 107 101 105 109 104 10 0 0 0 0
101 100 98 105 99 102 104 100 99 99 105 15000 11 0 0 0 0
Chip#1
108 107 105 106 103 108 105 98 102 103 102 111 0 0 128 92 66
101 102 122 133 104 121 145 104 108 134 105 101 1 0 0 0 0
99 100 287 355 104 316 533 119 235 510 153 101 2 0 0 0 0
98 97 144 171 103 168 261 103 149 287 119 102 3 0 0 0 0
102 97 102 97 100 106 106 103 106 104 100 100 4 0 0 0 0
105 104 119 118 105 116 119 107 180 292 123 108 5 0 0 0 0
93 93 102 103 97 98 108 97 144 238 106 95 6 0 0 0 0
105 100 107 106 104 109 111 110 108 104 101 106 7 0 0 0 0
95 96 108 112 101 105 109 102 103 100 100 101 8 0 0 0 0
93 90 98 102 96 101 107 91 97 92 92 93 9 0 0 0 0
99 104 105 106 109 103 106 103 103 101 100 106 10 0 0 0 0
102 100 103 99 102 108 104 101 103 101 101 15000 11 0 0 0 0
Chip#2
104 105 105 103 105 99 101 100 100 102 101 104 0 0 128 92 66
106 105 103 103 105 101 105 100 101 98 102 101 1 0 0 0 0
104 103 101 103 101 98 102 99 98 101 101 105 2 0 0 0 0
104 108 110 173 132 101 199 161 99 149 167 105 3 0 0 0 0
104 110 121 254 168 108 229 186 100 161 169 108 4 0 0 0 0
103 100 103 114 107 101 106 102 99 97 100 103 5 0 0 0 0
105 104 105 134 119 107 108 107 102 105 110 108 6 0 0 0 0
103 106 112 189 152 99 108 107 99 108 109 104 7 0 0 0 0
110 106 105 118 110 104 104 102 104 102 104 99 8 0 0 0 0
101 98 101 98 95 96 101 97 96 95 101 99 9 0 0 0 0
103 98 100 97 100 98 105 103 95 98 104 100 10 0 0 0 0
107 105 106 105 106 102 104 104 102 101 102 15000 11 0 0 0 0
