Chip#1
108 106 104 104 103 110 113 105 103 99 107 113 0
105 101 126 138 107 127 159 105 112 140 108 108 1
103 97 343 428 104 391 679 124 256 597 159 106 2
99 101 152 197 104 201 311 105 162 342 124 101 3
104 102 99 106 104 109 113 104 113 100 103 105 4
106 110 118 120 107 121 125 112 207 372 130 110 5
102 101 107 107 101 111 113 103 173 283 116 98 6
105 107 106 110 108 111 115 109 114 99 108 102 7
101 101 110 115 103 112 111 103 108 92 102 106 8
93 97 103 104 96 109 112 96 102 93 96 99 9
102 101 103 103 101 101 109 98 108 93 98 102 10
102 102 103 102 100 106 111 104 107 96 102 15000 11
Chip#1
105 97 95 102 98 106 102 97 104 95 105 101 0
109 97 125 137 105 126 155 111 112 141 109 102 1
101 96 336 425 98 381 677 122 248 596 159 96 2
102 101 159 199 105 201 313 111 164 348 122 105 3
103 101 100 106 96 103 109 100 107 103 102 101 4
104 100 106 109 104 110 116 104 202 355 119 106 5
99 97 98 107 98 105 109 103 163 277 111 95 6
104 102 100 104 105 110 112 103 111 99 103 104 7
97 95 105 110 97 108 111 98 98 91 98 98 8
104 105 105 110 104 112 114 108 108 100 106 100 9
102 100 100 109 102 107 109 102 107 100 98 106 10
108 96 101 104 104 106 108 103 107 95 102 15000 11
Chip#1
112 105 104 104 102 109 112 104 112 96 108 107 0
105 100 117 137 102 121 154 100 112 133 107 99 1
99 94 339 423 103 389 678 125 254 595 158 98 2
98 95 154 192 101 201 308 100 160 336 116 98 3
101 97 97 99 102 101 107 102 107 103 98 102 4
101 99 106 113 102 112 119 105 199 362 122 104 5
104 101 100 108 102 111 114 105 170 281 117 102 6
105 101 104 102 104 105 112 103 102 97 103 105 7
99 97 106 110 100 109 115 100 103 93 98 101 8
106 99 109 115 105 116 116 104 108 104 107 107 9
95 91 95 99 97 101 102 96 100 92 101 99 10
99 97 98 103 102 104 107 100 103 93 98 15000 11
