Chip#1
104 108 103 104 100 103 106 104 105 102 109 104 0
110 103 102 102 97 107 104 104 103 101 108 95 1
104 106 102 102 94 99 104 104 101 102 101 98 2
102 106 116 576 191 102 104 259 277 103 99 99 3
102 109 104 344 102 102 110 200 223 103 101 98 4
98 109 104 100 98 98 105 105 106 99 99 95 5
101 99 102 100 98 101 108 102 100 99 105 99 6
102 103 102 139 111 102 100 130 159 100 101 94 7
98 103 103 200 143 99 103 212 160 100 102 100 8
117 109 117 114 108 112 117 117 116 108 116 108 9
110 108 104 104 101 101 110 108 112 105 108 102 10
110 108 105 107 104 101 111 107 109 106 109 15000 11
Chip#3
101 92 99 100 101 103 98 97 100 103 104 100 0
94 94 96 101 96 106 95 96 92 105 94 97 1
100 96 99 99 103 110 97 98 99 105 97 101 2
98 99 103 105 101 108 101 98 106 107 99 103 3
98 98 99 107 103 109 95 103 101 101 101 99 4
92 94 97 95 95 98 94 96 93 95 90 95 5
90 84 85 84 84 98 85 87 89 90 88 90 6
89 87 88 92 91 99 88 92 93 94 87 93 7
95 94 94 106 105 102 90 96 102 98 98 100 8
98 100 104 101 103 103 98 97 102 103 99 99 9
91 94 92 94 100 106 94 94 96 99 94 93 10
96 101 100 99 102 109 95 97 101 103 98 15000 11
Chip#1
111 106 108 98 105 111 111 104 106 107 110 103 0
104 105 108 99 98 108 104 104 103 102 106 97 1
113 109 109 111 108 113 112 105 109 113 110 103 2
113 108 125 577 194 108 110 260 278 111 109 100 3
101 99 104 336 105 102 103 198 218 106 99 97 4
108 103 108 100 105 109 110 104 107 106 106 102 5
108 108 111 103 108 107 113 108 109 112 117 101 6
111 109 108 145 115 108 110 131 153 108 105 102 7
114 108 116 212 155 115 113 210 154 116 113 110 8
104 106 105 100 99 104 100 107 103 102 106 95 9
111 109 108 102 106 108 117 105 107 108 112 104 10
111 108 104 101 104 109 106 107 107 108 105 15000 11
Chip#3
96 95 98 106 105 106 96 104 96 102 99 104 0
94 90 93 100 96 105 98 99 95 101 95 99 1
101 99 99 106 103 115 103 106 104 102 100 103 2
97 96 96 108 103 113 98 108 106 105 99 99 3
96 93 94 103 92 106 91 98 101 101 93 95 4
96 93 96 106 99 105 97 102 98 98 95 100 5
91 95 93 106 101 106 95 101 95 99 97 95 6
95 95 98 106 103 106 100 104 105 103 97 100 7
101 94 100 115 113 109 97 103 105 106 100 96 8
97 96 96 103 100 106 99 103 95 101 95 100 9
99 97 97 105 101 103 95 105 97 101 98 98 10
98 98 90 101 99 106 93 98 97 97 94 15000 11
Chip#1
105 108 104 97 98 101 106 99 100 102 104 102 0
100 96 97 94 97 96 103 95 97 101 99 96 1
111 108 108 108 104 108 113 108 109 105 110 102 2
102 100 116 562 189 103 100 249 267 103 108 98 3
109 106 109 334 106 108 111 198 219 106 112 103 4
110 108 112 106 105 110 110 113 109 105 104 102 5
102 108 105 99 100 106 107 104 101 105 102 97 6
102 105 111 145 117 107 108 140 160 102 105 102 7
104 100 104 197 145 98 102 205 160 103 104 98 8
114 108 119 113 112 113 115 112 117 111 109 105 9
105 108 100 101 100 104 105 110 107 103 109 100 10
105 101 105 98 102 106 106 102 101 101 103 15000 11
Chip#3
95 97 97 97 100 106 93 97 97 101 92 96 0
96 94 95 98 99 108 98 98 100 100 92 102 1
96 91 98 101 99 109 93 98 97 105 94 99 2
90 90 94 102 97 105 94 98 102 100 93 94 3
100 99 95 107 105 108 99 103 102 101 94 98 4
97 94 96 99 98 105 95 102 102 102 97 98 5
96 92 93 100 99 105 93 99 92 96 93 93 6
98 98 96 103 101 108 97 102 105 105 99 103 7
101 100 98 111 111 106 99 102 109 104 94 100 8
97 95 95 101 102 98 93 97 98 100 93 95 9
98 98 99 103 103 107 95 98 96 106 95 105 10
92 94 94 99 99 102 93 99 98 101 93 15000 11
Chip#1
110 108 107 102 102 103 107 101 103 103 104 105 0
111 108 112 103 104 110 110 109 113 107 109 105 1
105 103 107 98 97 102 103 103 102 100 102 97 2
118 108 128 581 199 112 115 267 286 112 113 110 3
106 108 116 338 105 106 110 203 221 106 108 102 4
106 108 113 102 102 107 112 110 111 111 105 102 5
106 106 107 103 102 99 106 104 107 105 104 99 6
98 99 102 145 112 103 103 126 159 97 102 97 7
104 97 104 206 146 100 100 208 159 102 101 99 8
101 103 103 107 100 96 103 99 105 99 103 102 9
97 97 99 94 95 94 100 94 99 94 93 95 10
102 100 96 93 94 94 99 94 96 91 97 15000 11
Chip#3
100 96 103 97 100 102 99 96 98 100 95 99 0
101 100 99 100 100 110 99 103 105 107 98 98 1
98 90 91 98 101 101 93 94 96 98 95 93 2
0 0 0 0 0 0 0 0 0 0 0 0 0
0 0 0 0 0 0 0 0 0 0 0 0 0
0 0 0 0 0 0 0 0 0 0 0 0 0
0 0 0 0 0 0 0 0 0 0 0 0 0
0 0 0 0 0 0 0 0 0 0 0 0 0
0 0 0 0 0 0 0 0 0 0 0 0 0
0 0 0 0 0 0 0 0 0 0 0 0 0
0 0 0 0 0 0 0 0 0 0 0 0 0
0 0 0 0 0 0 0 0 0 0 0 15000 0
