Chip#1
98 104 97 87 98 102 97 99 99 103 107 97 0
103 103 98 106 115 101 95 98 125 102 111 101 1
99 101 94 119 126 103 93 97 135 104 104 95 2
109 110 107 103 103 111 104 106 111 108 115 104 3
101 97 98 99 95 101 96 99 100 98 105 95 4
92 91 89 89 89 100 92 89 95 89 100 90 5
113 108 111 128 152 109 103 116 156 118 114 105 6
101 103 95 104 110 101 99 96 108 100 106 98 7
102 103 94 96 96 104 97 104 103 100 102 99 8
107 106 103 97 97 109 98 103 102 98 104 96 9
98 96 93 87 86 97 92 94 92 93 99 94 10
105 98 97 94 98 103 97 96 100 95 99 15000 11
Chip#1
101 100 94 101 95 104 100 97 101 100 107 95 0
97 100 93 117 163 97 92 104 202 94 104 95 1
90 92 87 181 204 91 85 101 256 120 94 86 2
102 101 97 97 93 103 94 99 106 96 104 94 3
101 104 98 99 103 105 95 101 104 94 107 99 4
103 98 95 96 95 96 95 101 105 95 102 90 5
99 104 95 190 283 101 96 128 296 138 102 94 6
95 98 91 131 150 96 90 103 134 98 97 91 7
101 104 94 89 97 98 93 96 99 93 102 96 8
103 105 93 91 90 98 90 99 98 92 96 95 9
108 106 98 100 98 104 102 98 100 99 102 101 10
105 104 99 97 95 105 97 104 101 99 109 15000 11
Chip#1
105 98 95 92 94 100 94 95 101 94 102 94 0
111 105 103 153 252 112 100 115 329 105 115 107 1
103 103 97 276 332 101 96 116 448 157 105 100 2
98 97 93 94 96 96 92 95 111 94 100 90 3
103 107 101 98 98 106 99 105 108 98 107 102 4
101 96 95 97 105 104 94 101 120 101 104 94 5
105 102 99 275 472 106 98 148 479 180 106 96 6
110 109 108 181 215 111 102 115 181 112 110 103 7
108 105 98 101 98 112 101 101 107 104 108 99 8
107 109 104 104 96 104 107 103 103 100 111 99 9
103 104 92 93 92 103 93 95 99 94 104 95 10
104 98 100 93 97 105 97 96 99 97 110 15000 11
Chip#1
116 115 106 107 106 112 100 106 108 105 110 108 0
104 105 100 181 364 111 100 118 434 110 111 100 1
108 105 102 373 454 107 102 132 595 189 109 101 2
103 105 107 107 108 110 101 104 126 103 111 99 3
111 116 109 106 100 112 106 109 110 104 116 107 4
108 110 105 105 122 112 105 108 133 105 112 102 5
103 103 98 367 677 105 102 175 690 213 105 98 6
104 109 107 204 279 108 104 117 239 115 112 104 7
111 110 106 103 104 108 104 105 108 107 113 102 8
118 117 101 106 104 109 104 103 105 105 115 107 9
116 114 111 106 102 110 102 106 111 105 116 114 10
102 103 97 97 89 99 95 99 99 97 107 15000 11
Chip#1
111 112 104 105 103 111 104 107 107 109 111 101 0
107 105 106 190 389 105 102 116 495 108 110 103 1
101 107 102 437 545 106 99 141 727 201 108 103 2
104 108 106 112 108 108 101 103 132 108 112 108 3
101 98 98 96 92 102 97 96 103 89 98 99 4
101 105 100 102 117 103 97 100 129 97 104 97 5
103 105 100 436 816 108 98 207 824 246 106 102 6
114 116 111 245 335 118 106 129 262 123 115 111 7
113 102 101 96 101 107 102 103 103 104 110 102 8
114 109 100 97 99 104 97 101 105 100 112 104 9
117 114 103 103 103 108 105 107 105 101 113 112 10
101 100 97 92 89 99 96 94 98 100 105 15000 11
Chip#1
105 105 103 101 101 104 97 106 109 106 113 102 0
104 99 100 211 461 104 96 119 610 108 107 98 1
108 108 105 550 665 111 99 149 881 234 112 103 2
113 113 109 119 114 113 102 110 143 112 116 107 3
110 105 106 102 103 109 102 106 111 104 114 104 4
110 107 104 119 131 109 101 109 146 108 114 103 5
105 107 104 545 1013 114 100 222 1018 288 107 98 6
111 114 106 287 392 117 101 130 305 123 121 106 7
113 108 103 109 103 112 101 107 108 103 111 104 8
118 112 104 97 97 104 100 101 105 97 105 107 9
113 116 108 107 102 110 107 106 108 104 118 110 10
108 106 106 105 97 106 100 100 108 104 112 15000 11
Chip#1
118 105 107 110 103 109 101 108 115 107 114 109 0
118 118 115 242 537 114 106 132 719 125 120 115 1
110 110 106 640 781 112 102 160 1032 263 114 107 2
109 109 103 118 116 107 102 108 142 108 110 107 3
123 121 119 117 115 120 114 121 121 119 129 117 4
110 114 106 121 136 113 107 117 157 111 114 108 5
110 116 113 664 1269 120 108 267 1268 352 116 103 6
115 109 111 335 474 116 104 137 359 132 114 103 7
120 110 111 107 110 113 110 115 113 108 114 107 8
135 124 110 111 105 117 106 116 113 109 121 118 9
115 118 111 105 103 109 100 108 105 102 117 113 10
116 117 112 109 107 109 105 109 112 110 118 15000 11
Chip#1
115 109 109 107 107 112 102 108 113 105 111 109 0
116 112 105 262 617 112 105 130 806 123 113 104 1
111 107 109 719 892 110 102 167 1212 291 112 107 2
113 118 113 127 121 117 113 110 158 118 116 107 3
107 104 101 102 99 109 102 107 113 102 110 103 4
109 109 103 121 149 110 104 109 168 105 111 103 5
114 115 110 743 1467 118 104 290 1469 387 116 110 6
108 112 106 369 527 112 104 141 395 127 111 104 7
127 117 117 113 111 119 114 110 119 112 121 115 8
139 127 114 112 111 119 113 120 119 116 122 117 9
123 132 111 109 106 116 110 108 114 109 118 123 10
118 116 116 106 110 114 109 111 115 110 119 15000 11
Chip#1
114 108 108 103 105 114 100 108 113 110 114 110 0
114 109 112 287 672 114 99 132 894 118 114 108 1
110 110 104 795 984 113 100 173 1319 306 114 107 2
117 118 114 132 126 120 111 120 164 116 125 116 3
113 118 111 110 113 117 106 115 118 112 123 113 4
111 108 108 124 148 111 101 111 173 110 110 98 5
111 111 110 808 1584 118 104 312 1600 420 118 105 6
113 114 113 405 576 120 107 148 433 143 121 104 7
120 109 112 105 104 106 105 105 113 102 119 102 8
132 125 110 105 108 113 106 109 113 105 120 119 9
129 132 117 106 110 118 100 111 117 110 126 128 10
110 110 114 109 105 112 102 105 108 112 120 15000 11
Chip#1
122 117 108 109 108 116 102 114 112 104 117 110 0
121 118 115 315 739 119 115 145 983 134 119 116 1
116 110 107 870 1072 114 102 180 1453 336 115 109 2
114 114 108 132 126 116 112 112 167 110 116 109 3
110 107 106 105 102 112 103 112 114 107 114 106 4
114 114 115 135 156 123 108 121 187 115 124 109 5
120 118 117 882 1764 123 114 338 1752 445 121 113 6
118 112 109 430 632 121 110 147 461 141 115 111 7
121 110 110 106 109 117 107 108 112 102 114 110 8
132 115 101 99 97 110 99 98 103 100 115 110 9
130 140 120 109 110 119 110 116 117 111 130 127 10
117 116 114 103 104 112 103 106 112 110 124 15000 11
Chip#1
118 110 108 104 107 111 100 109 117 105 107 103 0
122 117 112 334 791 114 109 151 1057 132 124 115 1
117 118 109 941 1175 116 107 188 1563 359 116 109 2
117 115 113 137 126 115 102 116 171 117 115 108 3
118 119 117 115 119 121 116 121 122 112 121 113 4
117 118 115 137 167 115 108 120 190 117 118 114 5
117 113 112 952 1904 122 107 352 1890 470 118 106 6
116 116 113 469 678 118 109 155 479 144 119 113 7
127 116 115 114 113 113 106 112 118 109 117 111 8
139 121 113 111 109 112 106 110 113 108 121 121 9
123 127 113 106 102 111 101 104 109 104 125 122 10
116 118 118 114 113 115 109 109 117 113 125 15000 11
Chip#1
128 118 112 110 110 118 109 110 119 115 121 114 0
118 118 114 350 854 121 103 142 1148 131 121 114 1
122 117 114 989 1268 121 110 197 1698 381 119 111 2
110 110 109 131 124 109 103 109 173 108 114 107 3
122 122 119 115 114 119 109 116 121 112 118 113 4
121 120 115 135 170 122 107 124 196 120 118 109 5
124 120 117 1002 2061 131 110 383 2051 506 120 113 6
118 111 111 498 722 115 109 154 502 143 116 105 7
126 119 118 120 116 122 111 115 118 114 122 117 8
151 125 113 112 108 117 113 108 118 111 118 124 9
126 131 110 109 102 110 100 110 112 106 116 121 10
126 130 122 125 115 121 115 118 120 120 133 15000 11
Chip#1
130 120 116 116 117 119 108 114 120 112 122 116 0
121 116 109 372 906 115 105 144 1225 133 122 112 1
122 117 120 1064 1344 121 109 207 1821 413 125 114 2
114 120 114 139 132 117 110 115 186 122 121 115 3
115 109 115 116 112 116 108 110 118 107 120 111 4
121 120 119 139 176 117 114 119 223 124 127 120 5
121 116 116 1066 2209 123 109 397 2195 533 122 109 6
113 115 107 533 769 117 109 157 532 151 115 106 7
129 116 114 114 112 111 109 112 114 111 120 109 8
142 122 112 109 106 112 101 108 112 105 115 121 9
130 137 120 107 106 113 109 109 110 111 125 131 10
122 122 120 119 113 118 107 115 115 115 129 15000 11
Chip#1
132 121 117 117 115 120 111 117 117 118 120 116 0
117 117 118 394 971 119 114 151 1300 138 125 115 1
115 116 114 1131 1447 122 105 207 1944 425 118 110 2
115 116 110 140 141 114 106 111 185 120 111 110 3
118 118 120 115 114 119 114 121 122 115 126 111 4
124 123 119 152 188 127 121 130 223 125 129 116 5
124 123 123 1140 2352 129 115 427 2350 576 125 116 6
118 119 111 558 808 122 111 161 560 147 118 107 7
124 110 106 108 111 116 103 108 113 100 111 106 8
154 124 112 114 114 118 113 115 116 112 120 126 9
134 139 122 109 110 117 109 115 118 114 130 136 10
124 127 118 115 117 117 113 117 115 118 131 15000 11
Chip#1
140 122 120 120 117 122 118 122 126 124 131 122 0
124 122 124 423 1035 125 116 160 1391 142 130 116 1
120 114 115 1210 1544 119 109 211 2067 442 127 108 2
118 117 115 150 140 120 115 116 194 119 121 107 3
124 121 113 120 117 122 114 119 124 118 127 114 4
117 115 114 145 179 118 114 127 239 122 122 109 5
122 118 121 1209 2515 130 118 438 2499 605 125 110 6
115 116 114 588 857 119 108 167 595 155 120 110 7
128 112 114 114 106 119 107 111 115 111 115 106 8
151 131 114 109 109 117 109 111 113 104 120 120 9
134 143 118 109 109 114 113 111 116 109 127 128 10
120 122 121 117 112 118 115 115 117 117 132 15000 11
Chip#1
127 116 109 113 110 115 105 111 119 110 121 114 0
123 118 113 430 1072 117 109 151 1474 138 118 114 1
122 125 127 1280 1650 129 116 230 2210 460 129 119 2
123 122 117 154 147 121 117 120 207 126 125 119 3
122 125 121 125 123 123 118 118 131 119 131 116 4
121 120 115 145 194 122 114 130 239 125 129 116 5
122 120 123 1272 2640 135 116 462 2641 637 125 118 6
124 124 121 630 914 131 122 181 635 164 130 117 7
134 121 116 115 117 121 113 117 119 114 121 116 8
152 127 114 110 107 113 109 109 119 109 118 123 9
143 149 129 117 113 122 118 118 127 117 137 138 10
118 120 123 114 112 117 108 115 122 115 127 15000 11
