Chip#1
105 102 107 107 106 103 106 102 102 99 101 102 0
104 105 105 107 100 104 110 104 101 98 96 99 1
132 105 105 113 112 105 112 111 102 99 131 101 2
109 110 111 111 111 105 109 108 102 102 131 103 3
108 106 111 108 107 106 112 109 104 100 104 99 4
111 109 114 110 111 107 119 117 108 109 131 106 5
108 104 110 108 106 105 107 103 103 99 101 101 6
102 99 105 102 99 101 103 102 103 94 100 88 7
108 102 109 108 111 104 110 109 102 102 101 99 8
102 104 106 105 103 101 106 100 102 98 101 103 9
103 105 109 108 103 103 114 103 101 102 101 99 10
102 99 105 107 101 101 112 104 100 95 99 15000 11
Chip#2
112 104 102 98 98 99 96 92 97 95 95 102 0
112 100 100 93 100 96 97 100 97 100 98 103 1
77 96 101 91 95 89 102 102 97 94 94 98 2
112 108 104 97 99 102 98 95 97 100 99 107 3
112 105 98 93 99 99 109 102 97 100 99 104 4
112 105 98 97 101 98 102 102 97 102 97 105 5
112 109 107 99 104 103 102 102 97 105 99 103 6
112 106 107 93 98 100 102 101 97 101 100 102 7
112 100 98 98 96 97 97 96 97 92 98 102 8
112 100 98 93 98 97 97 95 97 99 100 109 9
112 113 106 100 101 103 116 116 97 102 106 103 10
112 106 101 93 100 94 103 102 97 101 98 15000 11
Chip#1
104 102 109 107 108 104 102 100 101 94 100 100 0
113 114 114 116 117 108 124 122 106 103 109 109 1
102 101 105 108 107 101 117 110 101 95 104 96 2
109 107 110 107 103 105 107 109 102 103 104 103 3
105 98 100 100 99 94 112 110 100 90 94 94 4
105 100 103 105 105 100 114 110 100 95 96 93 5
100 101 106 108 105 100 109 100 99 96 102 102 6
111 108 110 112 111 111 125 118 107 103 109 107 7
112 107 108 111 106 106 124 118 109 109 106 105 8
103 105 111 111 106 106 105 101 106 98 106 100 9
104 105 106 106 103 103 122 112 102 96 97 96 10
105 106 106 108 106 103 119 111 104 102 107 15000 11
Chip#2
112 98 98 97 99 96 96 100 97 98 99 100 0
112 102 100 94 99 99 106 107 97 101 96 103 1
112 107 98 100 99 98 118 119 97 99 102 104 2
112 106 102 95 98 97 96 95 97 99 99 109 3
112 99 97 91 96 97 105 108 97 100 99 102 4
112 100 97 93 95 94 105 103 97 95 97 99 5
112 107 104 95 98 106 100 96 97 104 99 104 6
112 111 106 104 106 104 115 112 97 106 106 109 7
112 105 101 98 100 103 107 103 97 102 100 104 8
82 101 97 98 103 96 97 93 97 95 95 102 9
112 105 98 93 98 97 118 125 97 102 99 107 10
112 101 98 94 100 98 105 106 97 102 102 15000 11
Chip#1
108 110 103 110 111 105 119 118 101 99 100 101 0
150 150 124 167 174 121 297 303 126 114 131 106 1
141 145 119 153 167 122 282 289 123 110 131 103 2
117 121 106 112 111 108 136 134 102 100 106 101 3
189 178 128 129 127 121 309 322 126 109 131 108 4
165 178 124 119 127 119 299 317 127 112 131 102 5
132 121 111 115 114 108 141 130 106 103 131 103 6
180 174 125 127 127 129 326 309 127 121 131 107 7
164 152 115 123 122 122 305 295 118 119 131 102 8
121 127 112 116 109 112 152 138 104 105 112 106 9
184 179 130 124 120 138 363 314 121 138 147 107 10
162 158 116 117 112 132 341 302 114 131 147 15000 11
Chip#2
112 104 98 97 103 103 102 97 97 102 98 98 0
112 107 100 98 106 94 269 276 97 98 97 98 1
112 127 114 115 139 110 518 499 97 107 110 110 2
128 112 107 104 113 109 138 130 97 106 103 109 3
128 126 114 108 119 114 330 358 97 115 110 107 4
112 139 110 104 120 115 350 375 97 111 106 107 5
112 112 110 108 114 117 119 120 97 109 108 113 6
112 132 114 110 119 113 307 337 97 111 111 113 7
128 127 115 112 118 117 240 248 97 112 109 116 8
112 108 109 100 103 110 138 139 97 101 108 108 9
128 137 112 105 109 106 559 638 97 111 108 109 10
112 120 101 98 101 98 254 310 97 101 102 15000 11
Chip#1
104 107 105 105 109 104 117 119 100 93 96 98 0
170 179 133 181 189 168 344 357 164 126 147 113 1
147 150 120 163 180 131 326 335 125 114 122 101 2
132 119 107 111 118 106 135 159 104 105 107 101 3
207 196 133 133 134 128 357 363 164 115 131 106 4
183 182 128 134 134 127 352 365 133 122 147 109 5
115 119 108 113 111 109 140 132 108 105 105 98 6
184 180 120 123 119 125 366 348 123 117 131 101 7
171 162 119 125 124 129 346 337 122 127 131 103 8
132 128 108 112 113 108 154 141 107 105 109 100 9
192 185 124 122 115 140 406 353 116 137 147 99 10
171 185 120 118 119 137 390 343 123 138 147 15000 11
Chip#2
112 105 107 99 104 108 103 98 97 102 102 112 0
128 111 107 103 113 106 273 281 97 108 102 108 1
128 130 115 119 134 111 527 508 97 113 111 113 2
128 111 112 109 111 116 141 130 97 109 106 115 3
128 130 113 112 118 114 322 358 98 111 110 115 4
128 132 109 107 118 119 349 378 98 109 102 105 5
128 113 112 108 110 115 123 114 98 104 106 117 6
112 126 110 107 114 111 306 330 98 111 110 107 7
112 121 110 104 113 113 239 246 98 109 105 107 8
112 108 106 103 106 110 136 138 98 106 103 108 9
112 135 113 103 110 106 559 643 98 111 109 109 10
128 127 116 109 113 109 266 322 98 108 114 15000 11
Chip#1
110 114 111 115 119 107 125 129 106 102 105 98 0
166 162 125 186 189 131 359 361 132 119 147 103 1
150 158 121 173 187 133 347 353 128 127 131 107 2
132 121 106 118 116 111 141 159 106 104 105 98 3
217 208 133 141 135 131 377 388 134 124 131 112 4
188 186 128 138 135 130 365 383 164 123 147 105 5
132 125 114 121 120 113 149 159 113 112 131 103 6
195 192 125 132 128 132 388 363 129 124 147 100 7
171 163 117 124 124 125 365 347 122 128 147 105 8
124 130 107 116 113 107 162 142 104 104 115 99 9
197 198 131 129 122 168 434 380 122 145 147 108 10
175 174 119 124 122 168 407 361 126 147 163 15000 11
Chip#2
112 102 104 95 100 94 98 96 98 100 100 108 0
84 111 100 98 115 98 272 286 98 107 105 105 1
128 129 113 115 132 109 523 507 98 112 109 108 2
112 108 104 100 110 106 130 127 98 105 100 110 3
128 123 109 102 113 109 330 358 98 108 109 108 4
128 137 115 107 118 114 358 383 98 113 111 114 5
128 112 110 102 110 111 118 115 98 107 105 109 6
112 132 119 110 119 119 312 336 97 113 114 113 7
128 121 112 104 111 104 235 245 97 106 103 107 8
112 107 110 102 110 110 138 141 97 107 103 105 9
112 135 114 103 115 106 558 647 97 115 108 112 10
128 126 112 99 108 103 263 320 97 109 104 15000 11
Chip#1
108 108 98 108 117 104 119 122 99 93 104 98 0
165 179 133 181 194 135 358 369 133 121 131 107 1
157 179 125 179 191 138 353 361 136 124 147 109 2
135 128 117 117 121 117 144 159 108 108 112 108 3
206 202 128 128 128 121 366 380 131 114 131 102 4
181 180 122 125 125 120 359 377 126 114 131 101 5
133 125 115 115 113 116 152 159 113 108 107 102 6
202 196 131 135 134 132 394 375 131 128 147 107 7
175 196 121 125 122 129 370 353 126 127 131 102 8
132 130 110 111 111 112 165 159 112 113 109 102 9
203 197 129 125 120 145 434 378 122 145 147 107 10
186 176 130 128 127 147 415 374 133 148 147 15000 11
Chip#2
112 106 110 102 106 104 103 99 97 105 108 104 0
112 114 106 107 118 100 276 289 97 109 110 105 1
112 121 108 114 131 103 516 499 97 109 106 100 2
112 114 109 104 114 116 138 133 97 109 110 110 3
112 121 108 100 119 110 313 349 97 107 106 103 4
128 138 114 112 123 116 361 383 97 117 112 109 5
112 98 106 99 101 106 109 104 97 99 102 102 6
112 127 108 107 113 110 305 327 97 107 106 103 7
128 126 109 104 111 116 235 250 97 107 108 107 8
112 106 107 102 99 100 132 135 97 104 103 103 9
112 130 113 103 105 102 564 647 97 112 111 104 10
112 125 108 103 108 103 262 321 97 105 108 15000 11
