60.3125
60.5
61.75
63.1875
64.625
65.5625
66.8125
68
69.125
70.25
71.25
72.25
73.25
74.1875
75.125
75.75
76.625
77.5
78.375
79.25
80.0625
80.875
81.6875
82.5
83.5625
84.3125
85.3125
86.0625
87.0625
87.75
88.9375
89.625
90.5625
91.1875
92.0625
92.75
93.5625
94.1875
95.25
95.875
96.4375
97.0625
98
98.5625
99.3125
99.875
100.5625
101.125
101.8125
102.375
103.25
103.6875
104.375
104.8125
105.25
105.8125
106.25
106.75
107.1875
107.6875
107.125
106.6875
107
107.6875
107.875
106.875
106.4375
107.0625
107.625
106.875
106.5
107.375
107.75
107.25
106.75
106.625
107.25
107.8125
107.25
106.375
106.6875
107.5625
107.125
106.1875
106.4375
107.5
107.5625
106.5625
106.25
107.0625
107.3125
106.5625
106.0625
106.375
107.125
106.875
106.1875
106.6875
107.125
106.5625
106
106.5
107.125
106.8125
106.125
106.4375
107.125
106.9375
106.25
106.1875
106.875
107.1875
106.4375
106
106.625
107
106.3125
105.8125
106.5
107.125
106.5625
105.9375
105.625
106.1875
106.875
106.8125
106.1875
105.75
105.9375
106.9375
106.875
106.3125
105.625
105.75
106.5
106.875
106.4375
105.8125
105.6875
106.375
106.6875
106.25
105.625
105.5
105.9375
106.5625
106.0625
105.3125
105.6875
106.5625
106.625
105.6875
105.5625
106.375
106.625
105.875
105.5625
106.5625
106.6875
105.8125
105.25
105.9375
106.4375
105.875
105.25
105.625
106.4375
106.375
105.75
105.5
106.1875
106.3125
