Chip#1
114 111 105 110 111 111 111 112 112 111 108 110 0
98 96 120 133 101 120 147 102 107 134 98 98 1
103 109 350 433 109 392 681 134 255 607 160 104 2
99 104 152 195 97 201 306 101 163 341 118 96 3
103 109 107 108 109 111 115 104 106 112 102 104 4
97 100 104 108 100 105 113 100 196 351 114 96 5
95 95 100 104 98 103 104 96 163 277 101 94 6
103 102 105 106 103 100 108 102 103 99 95 96 7
93 95 104 108 96 103 105 94 98 95 95 92 8
93 96 97 102 97 100 106 95 94 93 90 94 9
98 97 96 96 98 97 101 97 99 90 89 94 10
98 97 92 99 96 95 98 98 96 95 95 15000 11
Chip#1
115 107 103 107 105 106 107 108 104 101 101 106 0
96 93 116 127 98 117 143 98 98 126 98 92 1
101 97 337 427 103 383 672 126 251 597 153 93 2
91 94 147 184 96 181 298 93 155 332 107 93 3
101 97 98 102 102 98 104 98 99 104 92 98 4
105 105 106 113 102 103 113 103 201 360 117 98 5
104 94 98 108 98 105 109 102 165 281 107 95 6
102 102 92 99 101 98 102 95 103 96 96 94 7
99 105 109 112 103 105 113 104 104 99 92 99 8
104 100 104 107 107 106 107 101 100 100 96 101 9
96 97 95 101 96 98 99 100 98 91 92 93 10
104 97 98 106 105 98 102 100 100 97 95 15000 11
