Chip#3
98 94 96 96 94 102 92 99 93 94 94 95 0
99 98 102 102 100 109 96 103 99 99 101 98 1
98 95 96 97 95 108 92 103 94 101 96 96 2
96 93 96 98 96 103 91 99 94 100 93 96 3
94 95 97 97 99 105 95 101 98 95 98 97 4
94 91 94 97 99 103 96 101 95 99 94 93 5
106 104 103 106 107 112 104 109 103 106 106 106 6
99 94 97 98 96 107 97 101 97 103 98 103 7
101 95 101 105 104 107 96 103 101 100 101 102 8
98 90 97 97 94 99 91 98 93 98 94 97 9
97 96 97 98 96 106 92 97 95 99 101 97 10
105 99 102 105 100 112 100 104 102 101 102 15000 11
