Chip#1
121 122 107 114 105 114 119 128 114 116 122 115 0 243 123 77 23
253 289 130 136 125 122 165 163 129 197 175 120 1 0 0 0 0
265 324 147 134 130 124 162 163 128 193 180 116 2 0 0 0 0
139 162 122 130 122 128 140 146 117 140 138 121 3 0 0 0 0
162 177 125 154 147 131 199 197 139 185 168 117 4 0 0 0 0
145 165 119 145 145 126 173 179 130 167 157 117 5 0 0 0 0
126 164 114 135 128 130 138 147 127 141 127 119 6 0 0 0 0
147 163 123 197 185 132 197 198 134 213 191 120 7 0 0 0 0
147 157 119 163 156 130 172 174 128 184 173 117 8 0 0 0 0
126 139 118 122 122 128 146 148 126 143 133 119 9 0 0 0 0
150 171 125 153 150 134 226 234 136 193 180 117 10 0 0 0 0
146 158 119 142 142 128 188 189 117 164 156 15000 11 0 0 0 0
