Chip#1
106 111 99 103 104 100 111 109 100 101 105 103 0
103 111 99 108 104 104 112 109 101 101 109 104 1
106 107 97 108 104 100 109 108 106 101 102 104 2
106 105 97 102 104 100 109 107 100 101 107 102 3
105 109 99 107 105 103 115 124 107 104 110 108 4
103 112 99 104 104 99 111 105 100 97 105 103 5
99 105 98 97 104 96 106 105 97 101 102 101 6
101 101 88 99 104 98 103 104 96 95 104 99 7
104 104 95 99 104 96 105 108 99 95 102 103 8
105 110 102 107 104 106 113 124 109 103 113 108 9
105 111 97 106 104 107 113 113 102 101 106 103 10
98 100 89 97 104 88 103 103 94 92 99 15000 11
