Chip#1
112 108 109 106 105 103 107 105 107 104 107 102 0
107 99 98 98 100 100 102 103 99 102 102 99 1
114 106 107 109 108 109 105 110 106 108 110 104 2
102 96 102 173 106 99 98 121 122 98 102 97 3
106 98 101 127 97 99 100 113 119 100 97 99 4
114 108 103 104 106 105 107 107 106 107 103 103 5
111 108 106 107 101 106 106 107 103 104 107 98 6
101 96 97 112 96 95 96 111 115 98 98 99 7
120 108 109 146 124 108 111 165 137 108 107 109 8
106 102 102 103 95 98 98 100 101 98 97 97 9
108 108 104 99 100 99 102 105 101 100 102 97 10
107 94 102 99 96 100 100 103 95 100 99 15000 11
Chip#1
114 99 103 107 105 105 106 106 110 109 105 102 0
117 106 111 108 103 113 105 111 106 107 114 108 1
110 99 103 101 100 101 97 103 98 98 99 96 2
110 99 109 227 126 105 101 140 149 104 107 102 3
103 98 99 157 101 97 102 130 134 104 105 99 4
110 106 109 104 103 104 106 105 105 106 106 103 5
110 98 104 102 97 99 106 103 98 106 103 99 6
103 90 94 126 107 95 98 118 137 102 98 91 7
110 101 107 182 137 103 102 195 166 104 107 103 8
110 108 103 107 102 103 103 106 106 102 107 97 9
116 102 108 108 107 106 105 108 102 104 107 104 10
116 108 108 106 106 104 110 108 103 112 111 15000 11
Chip#1
114 108 102 106 97 104 106 105 102 107 106 101 0
110 103 101 98 100 101 107 101 103 104 101 101 1
110 103 106 106 102 104 102 107 105 103 102 98 2
107 108 122 633 198 106 107 295 317 106 103 103 3
114 103 112 365 111 106 110 219 249 107 105 104 4
107 101 102 103 101 103 103 105 105 102 101 101 5
125 108 113 113 109 111 117 115 113 117 115 107 6
115 103 109 253 147 108 108 211 275 108 106 104 7
101 96 107 422 245 97 100 492 353 101 103 97 8
114 108 112 113 106 106 108 120 115 108 106 98 9
119 108 112 113 105 108 116 114 111 111 113 113 10
108 101 101 98 90 94 101 102 94 100 97 15000 11
Chip#1
120 108 113 108 108 110 116 113 114 112 118 113 0
119 108 109 104 108 110 112 108 107 111 109 111 1
116 108 108 110 106 106 106 112 110 106 106 104 2
123 108 132 813 233 115 108 363 380 113 111 112 3
116 108 111 442 111 101 112 259 302 111 110 104 4
111 108 107 104 103 101 105 107 102 103 101 101 5
116 106 107 108 109 105 110 108 110 109 110 107 6
117 108 113 300 161 110 111 246 330 109 110 106 7
115 107 117 534 308 105 110 631 437 109 107 103 8
108 108 103 108 105 101 108 121 115 100 102 101 9
123 107 109 112 108 111 112 113 107 113 114 113 10
120 99 106 102 103 99 103 106 98 106 105 15000 11
Chip#1
112 103 107 103 101 100 106 102 105 106 105 104 0
111 108 107 107 102 100 105 106 106 106 105 108 1
119 108 112 110 109 106 114 115 115 112 114 104 2
112 108 130 873 239 106 107 378 407 109 109 109 3
117 108 116 477 118 113 112 277 322 117 115 108 4
110 103 111 108 107 104 108 105 105 106 99 102 5
111 108 102 106 107 104 106 105 106 106 107 101 6
112 108 113 317 168 108 110 256 352 109 107 108 7
111 107 121 567 327 104 103 682 457 111 107 99 8
117 108 113 123 107 113 114 127 131 112 113 107 9
115 103 104 106 105 105 107 106 106 106 107 102 10
129 108 113 114 112 109 112 117 115 114 114 15000 11
Chip#1
124 108 109 110 103 105 110 107 113 113 118 109 0
121 108 111 112 106 108 112 116 109 108 117 108 1
114 106 109 108 103 108 106 113 109 107 109 101 2
116 106 131 928 250 110 108 405 437 109 113 106 3
116 108 114 502 114 111 113 286 338 113 111 102 4
112 103 107 107 107 106 103 107 107 103 109 101 5
111 103 107 109 103 109 107 106 103 108 107 101 6
115 107 117 335 169 110 112 267 369 112 117 109 7
117 105 123 606 341 111 109 723 489 106 113 103 8
110 101 106 112 102 98 102 122 119 102 107 98 9
120 108 116 112 108 111 110 116 114 113 117 112 10
124 108 107 109 100 103 107 110 102 104 109 15000 11
