Chip#1
104 105 101 102 105 102 110 105 109 99 99 98 0 166 120 134 23
105 104 103 107 108 107 111 107 104 103 101 102 1 0 0 0 0
101 95 100 105 98 103 112 103 104 106 96 94 2 0 0 0 0
93 97 100 96 103 97 106 101 98 103 96 93 3 0 0 0 0
99 100 101 104 101 100 104 100 106 99 98 94 4 0 0 0 0
98 98 101 106 98 103 105 102 101 105 96 94 5 0 0 0 0
99 97 102 106 101 102 108 101 106 99 96 96 6 0 0 0 0
103 104 103 101 105 97 107 104 108 98 99 98 7 0 0 0 0
99 104 105 102 102 101 103 107 105 97 95 97 8 0 0 0 0
102 98 97 102 98 102 105 101 104 94 96 99 9 0 0 0 0
101 102 102 107 101 103 105 102 101 97 96 98 10 0 0 0 0
96 95 99 99 100 96 102 100 100 99 93 15000 11 0 0 0 0
Chip#2
102 105 102 103 105 100 99 101 98 99 98 98 0 0 128 170 23
108 105 103 100 108 102 101 101 104 104 100 105 1 0 0 0 0
106 107 107 103 106 104 102 105 99 105 104 103 2 0 0 0 0
106 105 102 100 107 102 105 104 98 103 103 103 3 0 0 0 0
104 102 105 103 106 99 101 103 101 101 100 101 4 0 0 0 0
106 106 102 97 110 104 102 98 100 104 103 103 5 0 0 0 0
106 101 102 101 110 102 104 98 100 103 100 98 6 0 0 0 0
103 105 104 104 108 101 106 108 101 106 104 105 7 0 0 0 0
107 102 102 103 104 101 102 103 101 101 100 100 8 0 0 0 0
104 102 97 101 107 96 99 101 96 95 101 101 9 0 0 0 0
101 102 100 98 104 101 98 103 96 99 99 98 10 0 0 0 0
107 102 103 103 107 100 101 104 101 99 105 15000 11 0 0 0 0
