Chip#1
110 110 103 107 101 108 106 108 104 103 109 104 0
105 98 104 104 90 108 102 105 101 98 104 102 1
114 110 111 108 106 112 102 106 109 108 115 114 2
98 94 92 96 85 100 96 94 93 96 101 95 3
109 103 108 108 101 112 96 112 104 107 110 107 4
107 105 102 110 99 105 96 108 107 103 106 106 5
109 108 109 111 103 114 96 109 105 107 113 106 6
110 105 102 110 99 108 96 106 104 102 107 101 7
116 106 109 119 123 114 132 114 110 108 113 113 8
107 98 102 103 97 104 106 104 100 105 109 102 9
113 103 107 112 102 108 106 108 102 105 106 105 10
104 99 98 104 94 104 105 101 98 102 100 15000 11
Chip#2
113 109 99 102 112 110 118 111 115 104 109 106 0
104 103 101 100 105 105 111 112 110 97 107 106 1
104 99 96 98 104 97 106 102 102 94 103 101 2
107 106 103 105 109 104 107 108 106 104 109 105 3
107 105 101 101 106 102 108 112 108 97 107 103 4
107 102 99 97 101 105 111 108 108 97 107 100 5
101 105 95 97 106 100 109 108 108 98 105 100 6
108 108 104 99 109 105 115 109 108 104 112 105 7
105 105 99 96 104 102 106 106 106 98 107 102 8
100 101 96 97 105 97 104 102 102 93 103 97 9
104 106 95 98 102 102 108 108 102 94 103 100 10
105 101 93 98 99 100 105 102 101 93 106 15000 11
Chip#3
104 109 107 97 111 109 108 98 100 99 109 103 0
102 110 105 98 111 110 106 99 98 99 112 99 1
112 115 116 110 119 122 118 108 105 107 116 113 2
102 104 107 97 109 105 102 97 94 97 108 101 3
99 105 105 99 111 105 102 97 99 99 107 101 4
105 112 109 104 112 114 111 106 105 104 112 106 5
109 109 108 101 112 105 111 101 98 100 113 105 6
98 111 106 96 111 111 103 100 99 97 107 105 7
97 104 102 91 106 105 102 97 93 94 104 99 8
98 108 109 103 111 110 103 101 99 99 112 100 9
107 111 111 99 115 110 110 105 100 104 109 105 10
105 111 109 99 114 111 110 102 102 103 105 15000 11
Chip#4
110 105 100 108 104 113 109 111 107 105 109 110 0
116 112 112 117 114 129 113 119 110 115 119 119 1
107 98 104 108 104 114 101 112 101 102 108 109 2
114 106 106 115 108 118 109 115 109 110 116 115 3
107 97 102 104 106 113 104 112 107 101 107 106 4
102 99 98 101 103 109 97 104 99 96 101 104 5
108 101 107 108 100 108 101 111 102 102 107 106 6
110 99 100 101 100 113 101 110 107 103 109 106 7
114 107 111 109 105 112 104 117 109 106 116 113 8
107 100 100 108 104 114 101 110 105 102 103 103 9
105 98 97 102 94 103 99 107 104 97 101 101 10
108 107 101 105 105 113 103 112 104 107 106 15000 11
Chip#1
98 99 102 103 96 98 100 102 96 96 100 98 0
103 105 106 108 97 106 103 109 104 105 106 98 1
102 98 103 100 93 102 105 100 101 102 102 99 2
104 99 104 104 94 102 99 100 100 100 104 94 3
101 99 103 103 93 102 98 100 100 100 100 98 4
103 94 103 104 96 102 100 106 104 100 101 96 5
105 103 108 108 108 106 100 106 105 102 109 102 6
107 100 104 106 101 102 103 105 98 106 106 99 7
98 100 104 106 95 104 103 102 101 102 97 96 8
106 106 107 112 106 104 103 108 107 107 107 104 9
107 103 112 110 99 106 106 108 104 103 106 100 10
103 103 107 106 97 105 105 106 97 102 105 15000 11
Chip#2
100 102 99 98 104 100 105 105 103 101 105 100 0
105 105 97 103 105 102 106 106 106 101 108 104 1
105 106 95 102 102 101 104 106 105 101 105 104 2
97 105 96 97 100 95 102 105 102 101 102 100 3
98 99 91 92 99 94 95 101 95 94 99 93 4
102 106 99 101 105 102 104 104 106 105 109 103 5
105 105 100 95 103 101 106 112 105 101 106 104 6
97 107 96 94 100 95 100 104 104 95 102 96 7
95 98 91 95 98 94 97 102 98 93 97 94 8
104 108 103 103 105 102 107 109 111 106 108 102 9
104 105 95 98 100 98 100 102 102 97 100 100 10
104 101 95 93 102 94 104 102 102 97 102 15000 11
Chip#3
102 102 98 98 102 108 103 97 93 99 99 99 0
100 103 105 99 103 105 100 91 100 93 102 99 1
100 103 100 99 103 107 103 97 98 99 104 99 2
98 104 100 99 104 102 105 99 100 100 104 99 3
101 104 100 97 109 102 102 100 100 102 104 100 4
104 109 105 103 109 104 106 102 100 100 108 100 5
102 105 106 98 109 108 105 99 99 100 103 101 6
98 102 100 97 101 99 99 94 97 100 102 99 7
106 107 107 104 110 110 105 102 103 103 109 104 8
97 102 99 101 106 104 100 97 97 97 104 91 9
98 104 100 97 106 104 101 93 99 100 105 99 10
106 112 107 106 109 113 108 100 103 106 110 15000 11
Chip#4
102 97 96 99 97 100 101 106 101 101 107 101 0
101 101 99 105 103 113 104 107 107 97 109 109 1
113 106 106 109 107 117 114 114 107 105 112 113 2
110 102 104 105 100 108 106 108 103 101 109 107 3
113 106 106 111 106 114 108 112 113 108 114 111 4
107 101 102 108 105 108 103 105 109 103 111 107 5
107 102 104 105 95 107 104 107 104 101 105 104 6
111 105 107 110 105 114 110 113 108 107 115 108 7
102 102 100 104 101 107 102 108 99 99 111 106 8
107 102 107 108 104 114 109 111 105 107 110 108 9
105 101 100 103 100 109 105 107 102 97 102 102 10
105 102 106 106 101 107 104 109 108 102 109 15000 11
Chip#1
103 98 96 106 98 100 94 104 96 98 101 100 0
101 96 98 100 93 101 94 105 98 98 96 95 1
108 104 106 111 102 108 106 105 104 103 106 101 2
107 101 102 103 98 106 102 100 101 95 100 99 3
107 96 102 103 95 105 105 105 98 102 103 101 4
108 105 106 112 98 107 105 113 105 105 109 104 5
103 98 100 108 96 110 103 102 98 102 100 101 6
104 98 100 106 97 104 103 102 98 101 100 100 7
102 95 100 106 98 102 101 104 97 101 101 97 8
91 87 91 96 85 93 92 98 90 92 95 90 9
110 105 105 110 102 107 106 109 105 106 105 98 10
99 99 99 102 94 102 102 101 94 101 99 15000 11
Chip#2
100 103 92 93 101 105 101 104 103 100 99 104 0
105 106 93 99 102 105 104 108 103 97 105 103 1
104 103 89 95 101 104 104 105 103 100 105 100 2
107 105 99 97 106 105 107 109 104 101 106 106 3
100 102 91 96 100 100 101 105 103 97 99 102 4
98 105 93 94 102 101 98 101 101 99 102 102 5
103 106 96 95 101 105 102 105 105 103 103 102 6
105 105 100 96 105 105 109 111 108 105 102 104 7
105 106 95 97 104 104 109 106 103 100 105 104 8
102 106 93 98 100 104 105 105 98 96 102 102 9
101 98 93 94 101 101 101 104 96 97 105 98 10
101 102 95 93 98 101 102 105 98 96 99 15000 11
Chip#3
112 109 108 108 114 111 108 108 104 106 107 106 0
109 109 107 104 110 106 112 108 103 102 105 105 1
105 104 103 98 104 102 103 99 96 99 99 103 2
103 105 105 102 107 103 108 97 94 100 98 100 3
102 102 99 98 107 103 102 99 97 102 102 99 4
99 96 101 98 104 100 102 95 94 93 97 99 5
105 98 104 95 101 100 103 100 97 102 102 99 6
104 103 105 99 102 104 107 96 99 98 102 100 7
101 95 98 96 106 102 96 94 93 94 97 99 8
104 103 104 102 107 108 101 97 97 101 105 101 9
102 102 101 97 104 103 97 96 97 103 104 99 10
106 104 105 101 108 108 105 105 100 100 104 15000 11
Chip#4
109 105 104 103 102 114 107 111 110 103 110 107 0
109 101 105 104 101 110 105 110 107 104 103 109 1
106 100 104 101 100 109 107 113 104 101 106 107 2
97 93 92 98 93 103 94 102 101 98 101 96 3
98 97 101 96 94 104 99 101 101 97 101 101 4
102 93 97 99 94 107 103 106 101 99 102 106 5
101 95 94 98 93 103 99 100 97 97 97 102 6
110 99 105 108 100 112 103 113 109 104 107 103 7
106 101 102 106 96 109 103 107 109 102 107 107 8
105 101 104 105 100 114 106 110 107 101 109 106 9
110 104 105 105 105 113 110 110 108 101 113 110 10
110 108 108 103 104 117 110 111 110 110 111 15000 11
Chip#1
94 95 101 102 96 102 102 98 104 97 101 94 0
98 98 104 102 95 98 96 100 101 97 99 94 1
107 95 106 108 99 105 105 106 109 102 106 102 2
97 98 100 98 101 104 97 101 97 99 102 95 3
97 103 103 102 95 105 101 102 106 97 96 98 4
101 98 95 103 93 101 99 101 98 96 104 98 5
99 94 96 103 97 98 101 105 98 99 99 95 6
107 103 107 111 101 109 101 109 109 104 106 101 7
99 93 98 104 94 100 99 100 100 98 101 94 8
104 104 104 111 101 102 106 101 107 103 101 100 9
103 103 102 104 96 99 98 98 100 96 97 96 10
98 100 102 103 97 103 103 105 100 101 99 15000 11
Chip#2
92 97 89 93 98 98 98 101 94 94 102 88 0
98 101 95 95 101 100 102 102 103 100 105 97 1
95 103 92 95 101 105 101 102 103 100 102 96 2
101 96 89 92 100 105 101 102 99 101 102 98 3
104 103 93 93 105 101 105 105 103 100 102 100 4
102 103 93 98 101 102 102 102 103 100 105 102 5
105 106 96 99 104 104 106 109 105 104 107 100 6
100 101 97 95 102 100 100 100 99 103 102 94 7
100 99 95 94 101 101 102 104 101 98 100 97 8
104 106 97 99 98 102 108 108 105 100 103 96 9
94 101 84 94 95 100 97 97 101 97 95 96 10
100 99 97 95 98 101 100 102 102 95 102 15000 11
Chip#3
104 108 105 104 106 104 101 97 103 99 100 101 0
99 102 106 99 106 108 99 95 99 98 104 100 1
102 103 101 102 103 100 102 96 97 98 99 99 2
103 108 105 99 107 109 105 101 102 103 104 106 3
104 107 107 103 110 109 103 99 100 103 105 104 4
99 103 104 99 104 105 101 103 94 100 104 101 5
105 105 109 106 106 106 106 100 97 102 107 101 6
94 94 99 96 95 91 97 94 91 91 95 87 7
103 107 102 103 106 103 106 99 102 100 103 99 8
100 105 100 101 104 108 102 94 96 95 103 101 9
105 104 103 98 107 103 103 96 99 98 104 101 10
101 99 101 101 98 104 100 94 93 94 98 15000 11
Chip#4
110 104 106 104 105 114 108 112 105 103 109 110 0
111 99 104 99 102 105 100 105 101 103 103 102 1
111 105 105 105 108 114 102 114 105 105 113 109 2
109 100 102 102 99 108 101 106 102 98 109 104 3
108 102 101 106 107 113 109 110 108 106 107 104 4
108 105 105 103 107 109 103 106 105 102 109 102 5
114 106 105 106 105 112 101 113 107 103 110 107 6
111 107 111 105 104 113 110 113 110 110 112 108 7
111 107 107 115 106 116 107 117 113 111 113 111 8
102 100 98 102 97 108 105 106 103 102 105 101 9
112 102 100 101 102 110 103 108 103 101 102 102 10
96 94 95 97 93 100 93 97 98 95 101 15000 11
Chip#1
110 99 106 106 101 105 103 110 100 102 105 102 0
98 95 102 102 96 102 97 98 100 103 97 99 1
107 98 104 103 101 105 99 108 98 104 105 100 2
104 100 107 108 103 107 102 110 104 103 102 106 3
97 91 103 102 97 102 101 104 96 98 96 95 4
92 92 100 95 92 99 94 97 95 96 96 95 5
103 99 105 104 97 104 105 108 98 103 102 141 6
104 91 100 100 99 104 97 102 102 103 96 100 7
96 93 99 100 97 101 97 100 95 100 99 99 8
103 98 105 103 98 102 101 108 97 101 101 98 9
104 94 105 106 99 102 101 101 102 100 104 99 10
107 98 99 106 95 102 102 105 97 103 96 15000 11
Chip#2
102 105 93 94 102 105 101 108 103 99 103 97 0
101 103 95 99 101 104 102 104 103 97 107 96 1
98 98 92 96 98 98 98 101 103 97 103 97 2
98 97 95 95 98 100 97 104 108 100 103 98 3
102 99 91 90 97 98 102 102 103 93 102 94 4
110 109 96 98 106 106 108 109 109 101 107 101 5
102 99 95 95 101 98 100 105 103 97 102 98 6
104 105 91 94 98 102 102 102 103 98 105 97 7
101 102 95 98 101 98 104 104 105 99 105 100 8
102 99 93 97 99 100 105 105 108 98 103 97 9
100 102 97 101 100 102 104 108 105 101 102 97 10
102 105 93 99 99 100 98 105 105 97 103 15000 11
Chip#3
103 108 105 102 110 105 101 98 99 96 104 100 0
105 107 105 103 103 106 105 99 102 99 103 99 1
94 95 97 90 94 95 95 89 85 92 95 88 2
99 102 102 95 103 102 102 99 97 95 102 99 3
103 108 106 99 111 105 103 98 100 100 107 100 4
103 102 102 96 103 102 102 99 97 95 102 99 5
98 102 99 95 101 102 101 97 94 93 103 101 6
93 96 97 91 94 100 95 93 90 92 95 99 7
100 102 97 96 106 108 99 94 98 95 103 100 8
98 108 101 98 103 103 103 97 99 99 105 95 9
100 103 101 95 103 103 100 97 94 95 102 99 10
104 109 109 101 109 108 106 101 98 100 105 15000 11
Chip#4
104 102 100 109 102 110 100 101 102 101 107 100 0
108 109 107 106 109 117 107 106 107 101 109 106 1
104 100 100 102 97 107 103 103 101 99 102 107 2
105 105 106 110 103 116 105 105 108 103 108 108 3
101 102 98 103 97 107 101 105 102 98 105 102 4
111 113 104 110 105 116 111 110 114 111 110 111 5
105 101 101 106 104 113 107 105 107 102 108 108 6
116 108 106 105 106 116 110 106 109 104 112 111 7
99 99 98 98 97 107 100 101 98 99 106 100 8
105 99 102 105 99 110 105 101 104 104 105 102 9
107 104 100 101 98 105 103 105 107 98 106 106 10
101 101 101 105 95 108 101 101 103 98 105 15000 11
