Chip#1
98 98 101 98 97 102 97 93 97 98 96 93 0
109 108 106 107 102 107 106 106 105 107 106 97 1
99 98 99 102 96 98 100 98 97 98 95 91 2
102 96 98 181 108 99 100 128 132 98 93 86 3
101 96 101 140 96 101 100 117 126 99 98 94 4
106 100 96 98 97 102 102 97 101 105 99 94 5
105 102 101 101 100 99 101 99 99 100 96 99 6
96 94 96 119 97 95 92 110 119 96 92 88 7
102 99 97 150 123 98 101 165 144 103 98 91 8
105 108 107 104 102 107 105 107 107 104 103 101 9
101 96 93 96 99 101 96 95 96 97 90 93 10
95 94 92 96 93 95 96 88 91 93 94 15000 11
Chip#1
97 96 97 97 93 95 95 95 96 95 96 89 0
98 98 96 96 96 91 91 93 95 95 93 91 1
105 104 104 104 100 102 106 105 101 104 104 102 2
96 98 97 177 111 96 99 128 136 92 91 91 3
106 102 104 140 102 102 105 120 126 100 98 96 4
105 99 104 98 99 101 102 101 101 98 100 94 5
102 99 102 98 100 98 100 98 97 99 96 94 6
101 94 101 120 102 101 102 111 126 100 96 96 7
101 96 99 148 117 93 99 156 146 97 96 92 8
102 99 102 103 99 99 99 99 97 97 98 96 9
99 99 102 97 100 99 105 98 100 99 99 98 10
107 98 103 98 97 98 100 101 97 98 98 15000 11
Chip#1
115 106 108 104 101 105 106 105 105 106 99 104 0
104 102 103 98 100 100 102 102 107 103 101 96 1
102 97 106 106 101 100 98 106 103 103 98 96 2
103 98 120 791 217 101 101 355 385 103 98 96 3
106 108 108 435 111 104 106 263 309 107 110 103 4
107 106 104 103 102 108 103 106 106 108 103 99 5
99 102 106 104 99 98 105 102 106 103 105 96 6
111 107 113 297 160 111 115 235 311 112 110 107 7
106 102 117 517 302 104 106 608 421 108 102 103 8
101 99 102 110 102 101 101 116 118 101 99 101 9
120 107 114 108 111 108 111 110 114 111 107 109 10
115 102 106 104 103 100 102 107 106 104 105 15000 11
Chip#1
102 94 95 98 94 98 93 96 97 96 95 97 0
115 108 111 106 106 103 105 105 109 109 109 102 1
114 102 107 108 107 101 107 107 109 107 103 99 2
110 103 126 793 224 101 105 356 386 106 105 99 3
104 96 106 440 107 103 100 263 302 106 99 101 4
102 96 102 102 103 99 100 105 105 102 91 95 5
103 98 104 104 101 101 101 101 105 103 99 99 6
101 97 101 290 151 99 101 220 302 101 97 97 7
107 103 123 513 301 105 103 601 437 107 102 103 8
97 90 99 107 94 92 95 112 110 100 94 93 9
107 103 106 103 101 101 102 103 106 101 99 102 10
117 107 104 106 106 109 110 106 106 108 105 15000 11
