Chip#1
347 0 0 280 0 600 340 48 53 0 0 0 3 0
347 0 0 280 0 600 340 48 53 0 0 0 3 0
347 0 0 280 0 600 340 48 53 0 0 0 3 0
347 0 0 280 0 600 340 48 53 0 0 0 3 0
347 0 0 280 0 600 340 48 53 0 0 0 3 0
347 0 0 280 0 600 340 48 53 0 0 0 3 0
347 0 0 280 0 600 340 48 53 0 0 0 3 0
347 0 0 280 0 600 340 48 53 0 0 0 3 0
347 0 0 280 0 600 340 48 53 0 0 0 3 0
347 0 0 280 0 600 340 48 53 0 0 0 3 0
347 0 0 280 0 600 340 48 53 0 0 0 3 0
347 0 0 280 0 600 340 48 53 0 0 15000 3 0
Chip#2
33 0 0 86 0 335 55 0 0 0 0 0 3 0
33 0 0 86 0 335 55 0 0 0 0 0 3 0
33 0 0 86 0 335 55 0 0 0 0 0 3 0
0 0 0 0 0 0 0 0 0 0 0 0 241 0
0 0 0 0 0 0 0 0 0 0 0 0 241 0
0 0 0 0 0 0 0 0 0 0 0 0 241 0
0 0 0 0 0 0 0 0 0 0 0 0 241 0
0 0 0 0 0 0 0 0 0 0 0 0 241 0
0 0 0 0 0 0 0 0 0 0 0 0 241 0
0 0 0 0 0 0 0 0 0 0 0 0 241 0
33 0 92 3702 0 0 0 0 0 0 0 0 3 0
33 0 92 3702 0 0 0 0 0 0 0 15000 3 0
Chip#3
347 0 418 3873 0 0 62 48 53 0 0 0 3 0
347 0 418 3873 0 0 62 48 53 0 0 0 3 0
347 0 418 3873 0 0 62 48 53 0 0 0 3 0
0 0 0 33 0 0 62 48 53 0 0 0 241 0
0 0 0 33 0 0 62 48 53 0 0 0 241 0
0 0 0 33 0 0 62 48 53 0 0 0 241 0
0 0 0 33 0 0 62 48 53 0 0 0 241 0
0 0 0 33 0 0 62 48 53 0 0 0 241 0
0 0 0 33 0 0 62 48 53 0 0 0 241 0
0 0 0 33 0 0 62 48 53 0 0 0 241 0
347 0 418 3873 0 0 62 48 53 0 0 0 3 0
347 0 418 3873 0 0 62 48 53 0 0 15000 3 0
Chip#4
347 0 418 3873 0 0 62 48 53 0 0 0 3 0
347 0 418 3873 0 0 62 48 53 0 0 0 3 0
347 0 418 3873 0 0 62 48 53 0 0 0 3 0
0 0 0 33 0 0 62 48 53 0 0 0 241 0
0 0 0 33 0 0 62 48 53 0 0 0 241 0
0 0 0 33 0 0 62 48 53 0 0 0 241 0
0 0 0 33 0 0 62 48 53 0 0 0 241 0
0 0 0 33 0 0 62 48 53 0 0 0 241 0
0 0 0 33 0 0 62 48 53 0 0 0 241 0
0 0 0 33 0 0 62 48 53 0 0 0 241 0
347 0 418 3873 0 0 62 48 53 0 0 0 3 0
347 0 418 3873 0 0 62 48 53 0 0 15000 3 0
Chip#1
347 0 418 3873 0 0 62 48 53 0 0 0 3 0
347 0 418 3873 0 0 62 48 53 0 0 0 3 0
347 0 418 3873 0 0 62 48 53 0 0 0 3 0
347 0 418 3873 0 0 62 48 53 0 0 0 3 0
347 0 418 3873 0 0 62 48 53 0 0 0 3 0
347 0 418 3873 0 0 62 48 53 0 0 0 3 0
347 0 418 3873 0 0 62 48 53 0 0 0 3 0
347 0 418 3873 0 0 62 48 53 0 0 0 3 0
347 0 418 3873 0 0 62 48 53 0 0 0 3 0
347 0 418 3873 0 0 62 48 53 0 0 0 3 0
347 0 418 3873 0 0 62 48 53 0 0 0 3 0
347 0 418 3873 0 0 62 48 53 0 0 15000 3 0
Chip#2
33 0 92 3702 0 0 0 0 0 0 0 0 3 0
33 0 92 3702 0 0 0 0 0 0 0 0 3 0
33 0 92 3702 0 0 0 0 0 0 0 0 3 0
0 0 0 0 0 0 0 0 0 0 0 0 241 0
0 0 0 0 0 0 0 0 0 0 0 0 241 0
0 0 0 0 0 0 0 0 0 0 0 0 241 0
0 0 0 0 0 0 0 0 0 0 0 0 241 0
0 0 0 0 0 0 0 0 0 0 0 0 241 0
0 0 0 0 0 0 0 0 0 0 0 0 241 0
0 0 0 0 0 0 0 0 0 0 0 0 241 0
33 0 92 3702 0 0 0 0 0 0 0 0 3 0
33 0 92 3702 0 0 0 0 0 0 0 15000 3 0
Chip#3
347 0 418 3873 0 0 62 48 53 0 0 0 3 0
347 0 418 3873 0 0 62 48 53 0 0 0 3 0
347 0 418 3873 0 0 62 48 53 0 0 0 3 0
0 0 0 33 0 0 62 48 53 0 0 0 241 0
0 0 0 33 0 0 62 48 53 0 0 0 241 0
0 0 0 33 0 0 62 48 53 0 0 0 241 0
0 0 0 33 0 0 62 48 53 0 0 0 241 0
0 0 0 33 0 0 62 48 53 0 0 0 241 0
0 0 0 33 0 0 62 48 53 0 0 0 241 0
0 0 0 33 0 0 62 48 53 0 0 0 241 0
347 0 418 3873 0 0 62 48 53 0 0 0 3 0
347 0 418 3873 0 0 62 48 53 0 0 15000 3 0
Chip#4
347 0 418 3873 0 0 62 48 53 0 0 0 3 0
347 0 418 3873 0 0 62 48 53 0 0 0 3 0
347 0 418 3873 0 0 62 48 53 0 0 0 3 0
0 0 0 33 0 0 62 48 53 0 0 0 241 0
0 0 0 33 0 0 62 48 53 0 0 0 241 0
0 0 0 33 0 0 62 48 53 0 0 0 241 0
0 0 0 33 0 0 62 48 53 0 0 0 241 0
0 0 0 33 0 0 62 48 53 0 0 0 241 0
0 0 0 33 0 0 62 48 53 0 0 0 241 0
0 0 0 33 0 0 62 48 53 0 0 0 241 0
347 0 418 3873 0 0 62 48 53 0 0 0 3 0
347 0 418 3873 0 0 62 48 53 0 0 15000 3 0
Chip#1
347 0 418 3873 0 0 62 48 53 0 0 0 3 0
347 0 418 3873 0 0 62 48 53 0 0 0 3 0
347 0 418 3873 0 0 62 48 53 0 0 0 3 0
347 0 418 3873 0 0 62 48 53 0 0 0 3 0
347 0 418 3873 0 0 62 48 53 0 0 0 3 0
347 0 418 3873 0 0 62 48 53 0 0 0 3 0
347 0 418 3873 0 0 62 48 53 0 0 0 3 0
347 0 418 3873 0 0 62 48 53 0 0 0 3 0
347 0 418 3873 0 0 62 48 53 0 0 0 3 0
347 0 418 3873 0 0 62 48 53 0 0 0 3 0
347 0 418 3873 0 0 62 48 53 0 0 0 3 0
347 0 418 3873 0 0 62 48 53 0 0 15000 3 0
Chip#2
33 0 92 3702 0 0 0 0 0 0 0 0 3 0
33 0 92 3702 0 0 0 0 0 0 0 0 3 0
33 0 92 3702 0 0 0 0 0 0 0 0 3 0
0 0 0 0 0 0 0 0 0 0 0 0 241 0
0 0 0 0 0 0 0 0 0 0 0 0 241 0
0 0 0 0 0 0 0 0 0 0 0 0 241 0
0 0 0 0 0 0 0 0 0 0 0 0 241 0
0 0 0 0 0 0 0 0 0 0 0 0 241 0
0 0 0 0 0 0 0 0 0 0 0 0 241 0
0 0 0 0 0 0 0 0 0 0 0 0 241 0
33 0 92 3702 0 0 0 0 0 0 0 0 3 0
33 0 92 3702 0 0 0 0 0 0 0 15000 3 0
Chip#3
347 0 418 3873 0 0 62 48 53 0 0 0 3 0
347 0 418 3873 0 0 62 48 53 0 0 0 3 0
347 0 418 3873 0 0 62 48 53 0 0 0 3 0
0 0 0 33 0 0 62 48 53 0 0 0 241 0
0 0 0 33 0 0 62 48 53 0 0 0 241 0
0 0 0 33 0 0 62 48 53 0 0 0 241 0
0 0 0 33 0 0 62 48 53 0 0 0 241 0
0 0 0 33 0 0 62 48 53 0 0 0 241 0
0 0 0 33 0 0 62 48 53 0 0 0 241 0
0 0 0 33 0 0 62 48 53 0 0 0 241 0
347 0 418 3873 0 0 62 48 53 0 0 0 3 0
347 0 418 3873 0 0 62 48 53 0 0 15000 3 0
Chip#4
347 0 418 3873 0 0 62 48 53 0 0 0 3 0
347 0 418 3873 0 0 62 48 53 0 0 0 3 0
347 0 418 3873 0 0 62 48 53 0 0 0 3 0
0 0 0 33 0 0 62 48 53 0 0 0 241 0
0 0 0 33 0 0 62 48 53 0 0 0 241 0
0 0 0 33 0 0 62 48 53 0 0 0 241 0
0 0 0 33 0 0 62 48 53 0 0 0 241 0
0 0 0 33 0 0 62 48 53 0 0 0 241 0
0 0 0 33 0 0 62 48 53 0 0 0 241 0
0 0 0 33 0 0 62 48 53 0 0 0 241 0
347 0 418 3873 0 0 62 48 53 0 0 0 3 0
347 0 418 3873 0 0 62 48 53 0 0 15000 3 0
Chip#1
347 0 418 3873 0 0 62 48 53 0 0 0 3 0
347 0 418 3873 0 0 62 48 53 0 0 0 3 0
347 0 418 3873 0 0 62 48 53 0 0 0 3 0
347 0 418 3873 0 0 62 48 53 0 0 0 3 0
347 0 418 3873 0 0 62 48 53 0 0 0 3 0
347 0 418 3873 0 0 62 48 53 0 0 0 3 0
347 0 418 3873 0 0 62 48 53 0 0 0 3 0
347 0 418 3873 0 0 62 48 53 0 0 0 3 0
347 0 418 3873 0 0 62 48 53 0 0 0 3 0
347 0 418 3873 0 0 62 48 53 0 0 0 3 0
347 0 418 3873 0 0 62 48 53 0 0 0 3 0
347 0 418 3873 0 0 62 48 53 0 0 15000 3 0
Chip#2
33 0 92 3702 0 0 0 0 0 0 0 0 3 0
33 0 92 3702 0 0 0 0 0 0 0 0 3 0
33 0 92 3702 0 0 0 0 0 0 0 0 3 0
0 0 0 0 0 0 0 0 0 0 0 0 241 0
0 0 0 0 0 0 0 0 0 0 0 0 241 0
0 0 0 0 0 0 0 0 0 0 0 0 241 0
0 0 0 0 0 0 0 0 0 0 0 0 241 0
0 0 0 0 0 0 0 0 0 0 0 0 241 0
0 0 0 0 0 0 0 0 0 0 0 0 241 0
0 0 0 0 0 0 0 0 0 0 0 0 241 0
33 0 92 3702 0 0 0 0 0 0 0 0 3 0
33 0 92 3702 0 0 0 0 0 0 0 15000 3 0
Chip#3
347 0 418 3873 0 0 62 48 53 0 0 0 3 0
347 0 418 3873 0 0 62 48 53 0 0 0 3 0
347 0 418 3873 0 0 62 48 53 0 0 0 3 0
0 0 0 33 0 0 62 48 53 0 0 0 241 0
0 0 0 33 0 0 62 48 53 0 0 0 241 0
0 0 0 33 0 0 62 48 53 0 0 0 241 0
0 0 0 33 0 0 62 48 53 0 0 0 241 0
0 0 0 33 0 0 62 48 53 0 0 0 241 0
0 0 0 33 0 0 62 48 53 0 0 0 241 0
0 0 0 33 0 0 62 48 53 0 0 0 241 0
347 0 418 3873 0 0 62 48 53 0 0 0 3 0
347 0 418 3873 0 0 62 48 53 0 0 15000 3 0
Chip#4
347 0 418 3873 0 0 62 48 53 0 0 0 3 0
347 0 418 3873 0 0 62 48 53 0 0 0 3 0
347 0 418 3873 0 0 62 48 53 0 0 0 3 0
0 0 0 33 0 0 62 48 53 0 0 0 241 0
0 0 0 33 0 0 62 48 53 0 0 0 241 0
0 0 0 33 0 0 62 48 53 0 0 0 241 0
0 0 0 33 0 0 62 48 53 0 0 0 241 0
0 0 0 33 0 0 62 48 53 0 0 0 241 0
0 0 0 33 0 0 62 48 53 0 0 0 241 0
0 0 0 33 0 0 62 48 53 0 0 0 241 0
347 0 418 3873 0 0 62 48 53 0 0 0 3 0
347 0 418 3873 0 0 62 48 53 0 0 15000 3 0
Chip#1
347 0 418 3873 0 0 62 48 53 0 0 0 3 0
347 0 418 3873 0 0 62 48 53 0 0 0 3 0
347 0 418 3873 0 0 62 48 53 0 0 0 3 0
347 0 418 3873 0 0 62 48 53 0 0 0 3 0
347 0 418 3873 0 0 62 48 53 0 0 0 3 0
347 0 418 3873 0 0 62 48 53 0 0 0 3 0
347 0 418 3873 0 0 62 48 53 0 0 0 3 0
347 0 418 3873 0 0 62 48 53 0 0 0 3 0
347 0 418 3873 0 0 62 48 53 0 0 0 3 0
347 0 418 3873 0 0 62 48 53 0 0 0 3 0
347 0 418 3873 0 0 62 48 53 0 0 0 3 0
347 0 418 3873 0 0 62 48 53 0 0 15000 3 0
Chip#2
33 0 92 3702 0 0 0 0 0 0 0 0 3 0
33 0 92 3702 0 0 0 0 0 0 0 0 3 0
33 0 92 3702 0 0 0 0 0 0 0 0 3 0
0 0 0 0 0 0 0 0 0 0 0 0 241 0
0 0 0 0 0 0 0 0 0 0 0 0 241 0
0 0 0 0 0 0 0 0 0 0 0 0 241 0
0 0 0 0 0 0 0 0 0 0 0 0 241 0
0 0 0 0 0 0 0 0 0 0 0 0 241 0
0 0 0 0 0 0 0 0 0 0 0 0 241 0
0 0 0 0 0 0 0 0 0 0 0 0 241 0
33 0 92 3702 0 0 0 0 0 0 0 0 3 0
33 0 92 3702 0 0 0 0 0 0 0 15000 3 0
Chip#3
347 0 418 3873 0 0 62 48 53 0 0 0 3 0
347 0 418 3873 0 0 62 48 53 0 0 0 3 0
347 0 418 3873 0 0 62 48 53 0 0 0 3 0
0 0 0 33 0 0 62 48 53 0 0 0 241 0
0 0 0 33 0 0 62 48 53 0 0 0 241 0
0 0 0 33 0 0 62 48 53 0 0 0 241 0
0 0 0 33 0 0 62 48 53 0 0 0 241 0
0 0 0 33 0 0 62 48 53 0 0 0 241 0
0 0 0 33 0 0 62 48 53 0 0 0 241 0
0 0 0 33 0 0 62 48 53 0 0 0 241 0
347 0 418 3873 0 0 62 48 53 0 0 0 3 0
347 0 418 3873 0 0 62 48 53 0 0 15000 3 0
Chip#4
347 0 418 3873 0 0 62 48 53 0 0 0 3 0
347 0 418 3873 0 0 62 48 53 0 0 0 3 0
347 0 418 3873 0 0 62 48 53 0 0 0 3 0
0 0 0 33 0 0 62 48 53 0 0 0 241 0
0 0 0 33 0 0 62 48 53 0 0 0 241 0
0 0 0 33 0 0 62 48 53 0 0 0 241 0
0 0 0 33 0 0 62 48 53 0 0 0 241 0
0 0 0 33 0 0 62 48 53 0 0 0 241 0
0 0 0 33 0 0 62 48 53 0 0 0 241 0
0 0 0 33 0 0 62 48 53 0 0 0 241 0
347 0 418 3873 0 0 62 48 53 0 0 0 3 0
347 0 418 3873 0 0 62 48 53 0 0 15000 3 0
Chip#1
347 0 418 3873 0 0 62 48 53 0 0 0 3 0
347 0 418 3873 0 0 62 48 53 0 0 0 3 0
347 0 418 3873 0 0 62 48 53 0 0 0 3 0
347 0 418 3873 0 0 62 48 53 0 0 0 3 0
347 0 418 3873 0 0 62 48 53 0 0 0 3 0
347 0 418 3873 0 0 62 48 53 0 0 0 3 0
347 0 418 3873 0 0 62 48 53 0 0 0 3 0
347 0 418 3873 0 0 62 48 53 0 0 0 3 0
347 0 418 3873 0 0 62 48 53 0 0 0 3 0
347 0 418 3873 0 0 62 48 53 0 0 0 3 0
347 0 418 3873 0 0 62 48 53 0 0 0 3 0
347 0 418 3873 0 0 62 48 53 0 0 15000 3 0
Chip#2
33 0 92 3702 0 0 0 0 0 0 0 0 3 0
33 0 92 3702 0 0 0 0 0 0 0 0 3 0
33 0 92 3702 0 0 0 0 0 0 0 0 3 0
0 0 0 0 0 0 0 0 0 0 0 0 241 0
0 0 0 0 0 0 0 0 0 0 0 0 241 0
0 0 0 0 0 0 0 0 0 0 0 0 241 0
0 0 0 0 0 0 0 0 0 0 0 0 241 0
0 0 0 0 0 0 0 0 0 0 0 0 241 0
0 0 0 0 0 0 0 0 0 0 0 0 241 0
0 0 0 0 0 0 0 0 0 0 0 0 241 0
33 0 92 3702 0 0 0 0 0 0 0 0 3 0
33 0 92 3702 0 0 0 0 0 0 0 15000 3 0
Chip#3
347 0 418 3873 0 0 62 48 53 0 0 0 3 0
347 0 418 3873 0 0 62 48 53 0 0 0 3 0
347 0 418 3873 0 0 62 48 53 0 0 0 3 0
347 0 418 3873 0 0 62 48 53 0 0 0 3 0
0 0 0 33 0 0 62 48 53 0 0 0 241 0
0 0 0 33 0 0 62 48 53 0 0 0 241 0
0 0 0 33 0 0 62 48 53 0 0 0 241 0
0 0 0 33 0 0 62 48 53 0 0 0 241 0
0 0 0 33 0 0 62 48 53 0 0 0 241 0
0 0 0 33 0 0 62 48 53 0 0 0 241 0
0 0 0 33 0 0 62 48 53 0 0 0 241 0
347 0 418 3873 0 0 62 48 53 0 0 15000 3 0
Chip#4
347 0 418 3873 0 0 62 48 53 0 0 0 3 0
347 0 418 3873 0 0 62 48 53 0 0 0 3 0
347 0 418 3873 0 0 62 48 53 0 0 0 3 0
0 0 0 33 0 0 62 48 53 0 0 0 241 0
0 0 0 33 0 0 62 48 53 0 0 0 241 0
0 0 0 33 0 0 62 48 53 0 0 0 241 0
0 0 0 33 0 0 62 48 53 0 0 0 241 0
0 0 0 33 0 0 62 48 53 0 0 0 241 0
Chip#1
347 0 418 3873 0 0 62 48 53 0 0 0 3 0
347 0 418 3873 0 0 62 48 53 0 0 0 3 0
347 0 418 3873 0 0 62 48 53 0 0 0 3 0
347 0 418 3873 0 0 62 48 53 0 0 0 3 0
347 0 418 3873 0 0 62 48 53 0 0 0 3 0
347 0 418 3873 0 0 62 48 53 0 0 0 3 0
347 0 418 3873 0 0 62 48 53 0 0 0 3 0
0 0 0 33 0 0 62 48 53 0 0 0 241 0
0 0 0 33 0 0 62 48 53 0 0 0 241 0
0 0 0 33 0 0 62 48 53 0 0 0 241 0
0 0 0 33 0 0 62 48 53 0 0 0 241 0
0 0 0 33 0 0 62 48 53 0 0 15000 241 0
Chip#2
33 0 92 3702 0 0 0 0 0 0 0 0 3 0
33 0 92 3702 0 0 0 0 0 0 0 0 3 0
33 0 92 3702 0 0 0 0 0 0 0 0 3 0
0 0 0 0 0 0 0 0 0 0 0 0 241 0
0 0 0 0 0 0 0 0 0 0 0 0 241 0
0 0 0 0 0 0 0 0 0 0 0 0 241 0
0 0 0 0 0 0 0 0 0 0 0 0 241 0
0 0 0 0 0 0 0 0 0 0 0 0 241 0
0 0 0 0 0 0 0 0 0 0 0 0 241 0
0 0 0 0 0 0 0 0 0 0 0 0 241 0
33 0 92 3702 0 0 0 0 0 0 0 0 3 0
33 0 92 3702 0 0 0 0 0 0 0 15000 3 0
Chip#3
347 0 418 3873 0 0 62 48 53 0 0 0 3 0
347 0 418 3873 0 0 62 48 53 0 0 0 3 0
347 0 418 3873 0 0 62 48 53 0 0 0 3 0
0 0 0 33 0 0 62 48 53 0 0 0 241 0
0 0 0 33 0 0 62 48 53 0 0 0 241 0
0 0 0 33 0 0 62 48 53 0 0 0 241 0
0 0 0 33 0 0 62 48 53 0 0 0 241 0
0 0 0 33 0 0 62 48 53 0 0 0 241 0
0 0 0 33 0 0 62 48 53 0 0 0 241 0
0 0 0 33 0 0 62 48 53 0 0 0 241 0
347 0 418 3873 0 0 62 48 53 0 0 0 3 0
347 0 418 3873 0 0 62 48 53 0 0 15000 3 0
Chip#4
