Chip#1
99 96 96 99 95 99 98 98 97 97 97 93 0 164 120 34 23
109 107 105 107 104 109 108 104 104 107 105 104 1 0 0 0 0
103 100 99 101 98 97 102 101 102 99 98 101 2 0 0 0 0
101 100 99 103 100 99 106 101 98 97 97 99 3 0 0 0 0
97 89 93 95 94 98 100 93 98 91 94 94 4 0 0 0 0
98 97 128 129 101 135 159 100 101 100 97 95 5 0 0 0 0
108 105 116 118 105 121 139 104 103 103 101 99 6 0 0 0 0
103 99 99 103 101 100 102 98 102 96 95 96 7 0 0 0 0
96 97 134 143 100 116 123 96 98 96 96 95 8 0 0 0 0
98 97 123 120 98 115 122 97 96 97 96 95 9 0 0 0 0
98 101 98 104 97 103 100 104 96 92 100 99 10 0 0 0 0
98 96 96 99 94 97 98 95 96 95 97 15000 11 0 0 0 0
