Chip#1
106 104 108 108 103 109 112 105 109 100 113 105 0
104 97 107 103 104 112 114 103 107 96 113 104 1
103 97 105 99 95 103 114 97 103 99 106 99 2
111 104 110 110 109 111 117 105 113 107 107 107 3
108 105 110 108 108 110 117 105 109 104 112 107 4
110 107 139 139 109 144 177 109 109 107 109 110 5
111 111 123 124 108 127 144 105 113 108 112 107 6
101 101 105 109 102 107 114 103 109 97 111 105 7
106 109 152 148 104 130 141 105 113 107 113 107 8
102 99 131 125 101 124 135 103 107 100 102 105 9
104 100 100 102 100 105 108 102 111 100 100 102 10
110 109 115 109 110 114 117 108 114 107 111 15000 11
Chip#1
108 101 105 103 103 107 114 103 104 99 106 100 0
99 95 99 102 104 106 109 97 102 95 102 96 1
101 100 106 110 101 106 113 105 106 109 101 107 2
98 89 93 96 93 100 106 95 98 95 95 93 3
102 97 102 108 98 107 120 100 106 96 98 99 4
103 94 268 274 97 279 419 107 109 105 98 102 5
103 96 163 164 100 201 270 103 106 104 105 99 6
104 100 107 103 104 104 111 104 107 96 103 102 7
104 99 343 323 101 206 231 102 103 93 97 99 8
106 101 250 223 102 212 236 105 104 97 103 101 9
108 102 106 110 104 104 117 103 111 101 103 106 10
103 101 99 103 104 106 109 100 98 99 103 15000 11
Chip#1
105 96 100 101 101 104 104 103 101 99 105 100 0
103 92 102 102 101 100 107 100 104 96 98 95 1
99 96 105 106 100 105 115 100 106 115 105 96 2
101 95 102 106 102 103 114 104 108 107 103 100 3
102 100 111 112 98 109 117 104 103 97 101 96 4
106 106 328 329 110 347 532 123 116 116 109 108 5
108 104 185 194 109 230 334 111 108 108 107 102 6
109 105 114 115 109 115 117 112 112 105 107 109 7
95 99 430 391 102 241 276 108 102 97 106 98 8
104 99 295 259 104 243 273 104 108 103 105 102 9
104 102 105 104 105 104 108 101 104 100 103 102 10
99 93 94 98 97 99 104 101 100 95 100 15000 11
Chip#1
102 99 100 103 101 104 106 98 103 96 101 93 0
109 106 107 106 107 111 117 102 106 105 108 106 1
114 107 115 124 114 117 128 111 118 129 112 106 2
96 99 103 101 100 106 111 102 104 108 100 95 3
106 99 117 120 108 116 121 107 114 107 105 104 4
106 104 379 381 110 402 631 122 111 117 102 102 5
108 102 208 212 107 263 388 113 113 109 107 101 6
106 99 111 114 108 105 112 104 109 107 105 102 7
104 106 497 474 105 277 317 108 108 103 106 107 8
98 97 344 300 101 271 310 104 104 103 101 100 9
101 97 100 103 98 103 108 100 102 99 100 101 10
106 99 102 106 104 104 109 104 102 99 105 15000 11
Chip#1
104 104 105 104 104 106 112 107 106 103 107 104 0
104 100 99 103 105 108 113 103 109 101 106 105 1
109 104 112 119 103 117 129 108 114 124 108 106 2
112 100 107 113 105 110 114 110 112 116 106 107 3
101 96 107 112 100 108 119 100 103 97 100 100 4
103 101 405 397 100 427 677 114 108 111 101 96 5
105 101 217 216 104 275 413 110 111 111 108 100 6
114 96 117 116 108 110 113 109 112 105 106 104 7
103 99 537 500 101 290 331 103 108 95 98 98 8
104 105 371 318 100 292 329 108 108 99 105 104 9
108 100 105 103 101 105 109 101 104 97 102 104 10
110 102 97 96 100 103 107 103 100 96 100 15000 11
