Chipdp
65 100 200 4 4 6 9 7 3 7 4 7 5 8 3 8 4 8 5 9 3 9 4 9 5 9 7 7 7 8 7 9 8 7 8 8 8 9 9 7 9 8 9 9 9 3 3 3 4 3 5 4 3 4 4 4 5 5 3 5 4 5 5 9 3 7 3 8 3 9 4 7 4 8 4 9 5 7 5 8 5 9 9 7 3 7 4 7 5 8 3 8 4 8 5 9 3 9 4 9 5 9 7 7 7 8 7 9 8 7 8 8 8 9 9 7 9 8 9 9 9 3 3 3 4 3 5 4 3 4 4 4 5 5 3 5 4 5 5 9 3 7 3 8 3 9 4 7 4 8 4 9 5 7 5 8 5 9 9 4 2 4 3 4 4 6 2 6 3 6 4 5 2 5 3 5 4 9 4 7 4 8 4 9 5 7 5 8 5 9 6 7 6 8 6 9 9 8 2 8 3 8 4 9 2 9 3 9 4 10 2 10 3 10 4 9 8 7 8 8 8 9 9 7 9 8 9 9 10 7 10 8 10 9 9 4 3 4 4 4 5 5 3 5 4 5 5 6 3 6 4 6 5 9 4 7 4 8 4 9 5 7 5 8 5 9 6 7 6 8 6 9 9 8 3 8 4 8 5 9 3 9 4 9 5 10 3 10 4 10 5 9 8 7 8 8 8 9 9 7 9 8 9 9 10 7 10 8 10 9 
Chip#1
116 108 113 114 107 105 116 108 110 109 114 111 0
114 106 112 107 106 109 114 107 111 108 110 106 1
104 102 108 109 102 103 107 108 106 104 107 103 2
104 97 123 742 211 100 106 334 362 103 103 102 3
107 103 108 417 108 103 103 238 288 103 105 103 4
114 107 108 114 107 109 114 111 107 107 111 108 5
115 108 112 113 108 108 116 113 113 103 117 107 6
110 103 109 288 155 105 110 236 325 107 105 101 7
110 108 120 496 294 108 107 600 437 108 106 102 8
107 108 104 112 105 104 110 121 118 109 105 101 9
107 103 108 108 103 104 106 103 103 108 102 101 10
117 107 108 106 102 106 107 106 102 108 107 15000 11
Chip#1
115 108 108 109 102 101 108 108 103 108 110 106 0
112 108 106 103 102 105 110 105 102 104 109 107 1
114 105 109 109 107 106 110 107 106 109 105 107 2
101 99 130 759 215 103 103 337 367 107 103 101 3
107 99 106 416 105 101 102 241 283 106 98 96 4
112 108 106 106 106 106 114 103 109 107 102 103 5
114 107 111 110 107 108 115 108 107 111 111 109 6
110 102 104 284 155 101 110 238 325 104 105 102 7
111 108 122 511 301 105 110 611 446 108 113 107 8
114 108 111 118 105 105 111 123 123 106 110 104 9
106 108 107 106 101 105 106 100 105 98 107 101 10
116 101 106 103 97 103 106 102 101 98 103 15000 11
Chip#1
111 105 102 103 97 101 103 100 99 100 105 104 0
110 98 104 103 102 101 105 101 105 104 106 106 1
106 99 107 107 100 103 105 100 101 101 101 101 2
102 96 125 765 216 97 101 336 370 97 97 97 3
111 99 108 429 112 104 102 247 289 104 109 106 4
108 99 111 106 105 98 106 103 107 103 101 99 5
110 105 107 107 99 100 106 106 110 107 107 106 6
103 101 106 288 157 100 103 244 329 97 102 101 7
102 101 121 509 298 100 101 611 437 101 102 101 8
107 105 107 114 105 103 106 117 117 102 103 104 9
119 106 114 112 108 106 115 106 109 106 109 109 10
119 108 111 107 103 103 108 103 106 106 107 15000 11
Chip#1
106 102 103 98 100 100 105 103 98 101 103 98 0
108 108 102 101 100 101 108 102 105 100 102 101 1
111 101 106 107 106 104 107 106 107 101 103 101 2
110 108 128 822 234 101 106 364 399 104 105 101 3
114 108 113 429 117 106 116 255 299 108 111 108 4
110 103 106 106 103 103 106 106 106 104 106 101 5
102 94 94 97 97 98 107 102 101 98 99 93 6
108 98 106 292 160 105 100 242 335 102 103 98 7
104 102 120 518 302 106 106 618 437 103 107 104 8
102 101 104 108 101 99 105 113 114 103 102 98 9
111 106 109 98 100 103 108 103 106 98 105 102 10
119 108 107 104 106 104 106 102 106 103 107 15000 11
