Chip#1
163 236 186 167 316 179 246 258 171 221 123 282 0
95 227 180 159 307 168 235 246 165 209 112 271 1
95 227 177 162 306 172 237 250 164 212 114 273 2
163 227 182 369 345 176 233 366 261 212 112 276 3
147 227 167 276 305 162 231 347 245 206 107 269 4
95 227 181 161 307 170 237 247 166 210 112 270 5
163 227 177 160 310 171 235 250 165 209 116 272 6
147 227 173 207 317 167 231 381 373 204 107 269 7
147 227 175 311 359 166 230 712 425 205 109 266 8
163 227 169 155 305 167 232 252 171 204 107 265 9
147 227 167 152 300 160 223 240 157 199 102 265 10
147 179 169 157 304 164 232 245 163 208 109 15000 11
Chip#2
63 0 17 0 111 0 108 121 58 35 55 0 0
60 0 17 0 121 1 117 121 58 36 60 0 1
56 0 17 0 119 0 39 105 42 35 55 0 2
71 0 22 0 146 6 117 121 74 46 60 0 3
64 0 22 0 140 7 112 121 74 154 55 0 4
59 0 17 0 120 0 110 121 58 35 60 0 5
65 0 17 0 120 0 115 121 58 35 60 0 6
71 0 20 0 130 6 118 121 74 44 62 0 7
67 0 17 0 135 9 39 105 90 138 56 0 8
63 0 17 0 124 1 112 121 58 41 59 0 9
63 0 17 0 119 2 39 105 42 36 59 0 10
60 0 20 0 120 0 110 121 42 39 59 15000 11
Chip#3
214 207 239 18 143 70 192 137 308 221 194 167 0
198 207 223 10 143 63 192 131 308 212 194 163 1
214 223 239 21 143 72 192 137 311 228 204 171 2
198 207 223 7 143 61 192 129 311 212 204 162 3
198 207 223 14 143 70 192 134 312 212 204 170 4
214 223 239 18 143 69 192 130 307 228 204 172 5
198 207 223 16 143 67 192 131 307 212 204 166 6
214 223 239 117 143 69 192 134 307 228 204 167 7
214 223 239 19 143 70 192 136 311 228 204 174 8
214 223 239 117 143 68 192 130 311 228 204 165 9
214 223 239 117 143 68 192 135 311 228 204 165 10
198 207 223 11 143 61 192 125 311 212 204 15000 11
Chip#4
38 157 176 136 80 196 320 183 258 206 43 63 0
36 157 172 137 75 197 319 99 255 190 40 60 1
33 151 172 134 72 192 316 99 255 115 37 56 2
35 158 173 133 75 195 317 99 254 190 39 59 3
38 157 176 137 73 193 319 183 256 190 38 61 4
30 154 170 134 73 191 312 99 255 190 37 57 5
35 159 177 139 76 197 319 185 258 190 44 62 6
33 152 171 136 69 192 315 180 255 190 37 57 7
34 157 177 138 76 193 319 181 256 206 43 62 8
41 158 181 142 79 198 325 185 265 190 44 66 9
30 154 164 132 68 190 315 99 250 190 35 54 10
33 152 172 137 73 193 317 99 254 190 37 15000 11
