Chip#1
159 135 137 138 133 133 132 135 136 127 129 157 0
159 135 129 143 134 139 132 142 137 133 130 130 1
159 140 135 158 138 143 141 151 145 138 140 140 2
138 140 134 176 143 139 132 150 168 133 133 130 3
159 147 152 213 170 149 141 168 215 153 139 138 4
124 119 124 130 126 132 132 135 125 127 122 121 5
159 140 152 158 140 147 141 146 144 137 138 135 6
159 139 130 158 137 138 141 141 142 132 132 134 7
136 135 134 203 163 132 132 151 184 140 132 127 8
132 137 135 195 161 139 132 155 190 138 133 130 9
175 149 152 158 149 150 141 151 147 139 143 173 10
159 137 135 143 137 137 132 142 143 132 129 15000 11
Chip#2
134 138 127 123 132 130 134 135 135 130 131 128 0
138 139 125 123 145 131 131 135 133 128 134 131 1
133 137 127 128 145 133 138 134 133 132 131 130 2
130 134 124 132 145 133 130 133 137 131 133 132 3
133 141 124 123 145 130 133 135 139 128 130 130 4
131 135 123 121 132 133 129 129 130 130 130 131 5
128 134 121 117 127 130 127 131 126 123 128 122 6
127 132 119 128 133 129 131 131 127 126 130 126 7
128 128 119 128 145 129 127 137 137 124 128 125 8
134 138 124 124 135 133 136 131 136 128 131 128 9
131 139 123 124 145 131 131 131 129 128 128 128 10
133 139 128 125 145 138 137 135 133 131 133 15000 11
Chip#3
129 135 126 125 133 132 128 131 121 132 133 127 0
130 136 127 125 134 133 131 129 124 131 135 129 1
121 132 126 121 133 127 123 123 121 129 128 125 2
129 136 130 129 165 132 128 130 130 138 134 133 3
130 135 130 129 144 134 133 135 133 137 133 133 4
121 128 127 123 129 124 123 123 121 127 124 128 5
132 138 132 134 140 136 132 133 128 135 138 129 6
129 135 129 126 138 132 128 125 125 130 130 128 7
129 135 129 131 139 132 133 131 131 135 135 133 8
131 135 129 130 137 131 130 129 130 131 128 126 9
128 136 128 128 135 134 127 127 126 131 129 132 10
135 148 133 131 165 139 135 135 131 138 136 15000 11
Chip#4
137 129 135 130 121 141 135 134 135 129 134 134 0
134 126 129 124 120 136 125 128 131 130 129 128 1
132 128 132 127 125 136 129 129 127 127 137 128 2
138 135 135 136 128 148 133 136 137 130 136 131 3
132 124 129 127 122 142 132 135 131 131 136 128 4
133 124 126 130 122 133 127 129 131 129 129 124 5
128 123 126 127 120 134 133 127 129 126 129 123 6
126 127 129 127 127 137 131 131 135 124 132 127 7
132 127 131 126 122 134 125 132 135 132 132 126 8
128 126 128 126 128 136 129 134 135 130 132 127 9
136 133 134 133 132 143 135 141 139 130 136 133 10
139 133 135 129 129 138 131 134 133 137 140 15000 11
