Chip#1
104 102 93 97 94 105 97 97 100 102 106 97 0
107 102 101 105 120 104 98 100 126 101 111 98 1
115 114 107 133 142 117 103 112 153 117 119 107 2
109 109 104 98 105 112 102 100 107 103 114 103 3
108 104 106 100 102 113 97 108 102 102 110 101 4
115 112 107 110 108 114 105 107 111 107 113 104 5
111 107 102 127 153 111 97 108 155 113 110 102 6
115 107 105 116 125 114 102 104 115 106 119 107 7
109 106 105 99 104 114 99 104 103 104 110 98 8
107 103 102 91 103 108 96 99 102 101 109 96 9
104 105 99 92 99 104 97 100 107 99 105 94 10
105 105 102 96 100 110 100 100 101 99 110 15000 11
Chip#2
106 101 106 105 109 112 100 102 108 100 96 106 0
105 98 106 100 109 112 107 107 107 99 97 110 1
105 107 106 116 123 114 108 112 123 101 102 112 2
105 104 108 113 117 115 102 106 123 101 104 115 3
111 102 107 105 115 114 107 110 113 105 105 112 4
101 103 103 105 107 112 104 106 105 96 104 105 5
109 109 103 109 111 116 104 104 117 105 102 115 6
104 105 109 134 124 112 104 106 122 101 98 109 7
103 99 103 98 109 109 102 99 114 99 94 107 8
95 98 97 98 101 108 99 96 106 95 89 105 9
106 106 107 107 111 112 104 105 112 103 98 110 10
110 110 116 109 114 116 110 112 116 112 108 15000 11
Chip#3
119 136 106 106 106 100 104 106 109 103 106 103 0
119 136 109 109 107 102 104 109 107 104 101 108 1
112 99 99 108 101 98 102 102 103 96 98 102 2
120 134 107 111 119 108 110 104 119 106 104 106 3
109 91 100 120 192 113 90 105 162 120 94 95 4
113 134 102 104 123 101 100 105 122 103 99 96 5
112 98 99 102 101 99 103 100 107 99 100 98 6
119 101 106 104 104 103 106 103 114 102 101 102 7
103 92 94 115 156 96 100 94 144 126 93 93 8
121 134 106 120 183 147 107 112 169 128 105 104 9
103 90 94 92 94 90 94 93 99 89 89 88 10
116 134 105 104 106 103 103 105 110 102 101 15000 11
Chip#4
104 105 104 104 109 114 109 105 111 112 106 133 0
107 103 103 100 109 112 112 105 115 103 109 133 1
105 101 102 98 106 111 107 98 107 99 100 101 2
111 107 109 107 113 116 120 106 116 112 109 133 3
106 99 105 101 110 112 112 105 113 112 106 133 4
95 93 92 94 102 103 96 90 106 91 94 133 5
105 102 101 100 112 110 109 102 113 112 104 133 6
107 97 99 100 106 108 107 103 106 99 98 101 7
108 103 105 102 108 112 108 104 110 112 105 133 8
105 103 106 99 112 109 111 105 116 102 103 133 9
106 101 100 104 106 108 109 100 110 103 104 133 10
108 102 101 100 106 110 110 101 112 103 103 15000 11
Chip#1
105 100 102 98 101 105 96 101 102 101 108 98 0
107 103 102 128 180 103 99 108 203 102 109 102 1
101 96 99 190 220 104 94 104 266 128 101 97 2
105 102 104 102 106 109 99 101 110 103 107 101 3
103 98 102 94 97 106 99 101 103 99 102 99 4
107 104 104 102 106 105 98 100 112 99 106 102 5
101 101 101 181 291 102 100 127 300 138 107 97 6
98 97 99 134 158 102 97 105 135 95 102 96 7
102 99 98 101 98 104 99 99 99 105 106 96 8
105 100 100 95 95 102 96 98 103 96 104 99 9
102 102 97 95 97 100 97 97 97 95 104 91 10
103 104 99 95 97 106 100 97 105 98 107 15000 11
Chip#2
105 101 100 103 105 106 101 106 111 102 101 109 0
99 97 97 99 104 100 99 102 107 97 96 106 1
97 94 96 134 138 108 103 112 144 93 97 103 2
102 94 97 134 132 101 98 106 148 97 100 106 3
98 96 94 96 104 106 99 100 105 99 95 105 4
104 99 102 105 108 110 102 106 107 101 103 109 5
101 99 101 110 115 106 103 100 123 103 100 106 6
102 103 101 150 163 108 106 106 148 109 97 104 7
103 100 101 108 110 109 101 101 117 99 102 103 8
103 98 100 102 110 108 104 101 103 102 101 105 9
103 103 101 104 104 113 102 101 103 97 98 110 10
99 91 94 99 102 99 94 95 97 93 94 15000 11
Chip#3
113 104 111 104 103 99 101 99 106 103 99 102 0
115 102 105 103 102 98 106 111 106 106 102 103 1
116 134 107 106 107 100 104 109 107 109 106 106 2
112 96 100 99 136 99 103 108 113 101 99 97 3
109 99 98 181 433 165 96 120 329 208 95 89 4
100 89 97 103 166 95 98 95 156 115 95 98 5
112 100 103 107 100 98 102 111 103 101 102 102 6
108 99 103 104 104 96 104 101 104 106 101 90 7
104 95 98 163 288 108 100 95 253 212 93 93 8
113 134 104 147 354 163 107 112 319 212 108 98 9
104 102 96 96 97 97 95 96 101 98 94 94 10
113 98 95 95 93 94 96 95 104 97 93 15000 11
Chip#4
98 97 101 98 106 106 105 103 106 97 94 101 0
108 109 106 110 111 109 108 105 113 99 105 133 1
102 98 101 100 107 106 106 99 106 94 105 133 2
106 107 109 106 109 110 112 106 112 102 109 133 3
102 98 103 102 106 102 106 100 107 97 106 101 4
99 98 104 102 103 108 109 100 107 98 105 101 5
101 99 108 105 103 107 102 102 106 97 105 133 6
98 95 99 98 100 103 105 98 106 92 102 133 7
104 103 105 105 108 108 112 106 111 104 100 101 8
105 105 109 104 108 110 112 104 113 99 106 133 9
100 99 100 99 107 106 103 100 106 99 104 133 10
100 91 98 95 100 101 106 101 106 96 102 15000 11
Chip#1
109 100 97 97 99 105 98 97 101 99 111 97 0
109 108 101 158 265 110 99 111 324 107 113 103 1
114 112 105 299 362 114 104 124 449 161 116 102 2
107 100 101 102 106 108 99 97 119 98 107 99 3
107 107 100 95 102 106 101 96 105 99 105 98 4
111 103 99 107 113 109 99 107 115 105 107 102 5
107 109 102 283 485 110 102 155 495 189 110 96 6
113 108 106 181 220 111 107 112 179 113 116 102 7
102 98 95 97 98 105 99 98 98 96 99 95 8
109 104 95 98 99 106 99 103 106 101 105 97 9
111 109 106 106 106 111 105 104 108 103 115 101 10
107 102 101 102 100 104 96 101 103 102 105 15000 11
Chip#2
108 107 107 103 109 114 106 105 107 103 105 111 0
106 105 108 107 111 110 107 105 107 103 103 115 1
108 106 103 156 179 109 108 125 198 109 101 107 2
98 97 99 150 162 103 102 102 178 105 100 106 3
103 103 100 103 105 108 102 104 110 100 101 109 4
99 100 99 100 108 109 101 105 105 99 100 104 5
104 106 107 126 132 113 102 107 133 103 101 107 6
104 111 107 178 231 114 104 118 200 122 103 110 7
99 105 99 134 116 106 101 105 139 102 102 104 8
113 105 108 105 112 108 108 105 110 102 107 111 9
113 107 106 108 111 109 110 107 112 105 105 113 10
106 105 101 100 107 107 103 100 102 100 102 15000 11
Chip#3
115 134 104 104 100 98 102 104 109 104 102 103 0
124 134 108 111 108 105 106 112 111 110 107 109 1
116 134 107 109 100 102 106 106 109 104 100 107 2
107 101 100 113 165 109 95 105 126 107 96 99 3
108 103 100 242 692 221 103 130 503 271 99 100 4
107 99 103 118 234 103 98 103 196 131 94 98 5
108 106 105 105 101 105 107 106 109 104 101 108 6
104 101 102 99 103 95 104 103 107 106 99 98 7
103 99 104 234 446 147 101 111 376 303 99 98 8
113 104 107 175 535 170 105 117 481 240 99 103 9
112 102 106 106 100 99 103 103 102 103 101 98 10
119 134 102 109 103 103 107 104 105 104 105 15000 11
Chip#4
102 103 105 101 104 106 106 100 110 98 100 133 0
101 102 101 99 105 107 107 101 107 103 99 133 1
104 102 101 102 107 105 109 101 107 99 102 101 2
108 102 105 106 108 107 112 100 113 102 106 133 3
108 102 109 106 117 109 114 106 117 103 108 101 4
101 103 101 101 105 106 108 101 112 98 100 101 5
104 106 107 106 106 108 113 104 110 104 106 101 6
102 102 101 102 106 106 106 100 106 101 106 101 7
108 109 110 114 115 111 116 110 118 107 110 133 8
105 105 103 105 112 107 109 105 111 99 109 133 9
105 99 106 107 109 111 117 104 114 104 109 101 10
106 105 101 102 105 108 107 99 111 101 106 15000 11
Chip#1
109 102 105 101 96 108 98 99 99 105 111 101 0
107 98 97 181 345 106 99 111 435 110 109 101 1
111 105 113 399 484 113 105 132 599 189 116 104 2
105 104 107 105 107 105 100 100 124 100 111 98 3
105 107 107 101 103 109 96 106 109 102 110 97 4
114 111 107 116 121 111 104 107 133 104 115 104 5
115 112 111 369 685 117 110 182 704 224 118 103 6
110 109 108 206 277 106 97 118 223 113 107 101 7
111 103 103 98 102 108 103 104 103 98 111 99 8
115 109 103 96 102 109 100 107 102 94 109 100 9
111 111 106 99 99 108 96 98 105 102 107 106 10
109 109 111 100 103 109 100 104 105 105 114 15000 11
Chip#2
101 98 97 99 101 104 101 95 103 96 93 105 0
105 100 102 105 107 110 106 104 111 102 102 109 1
109 105 105 191 215 117 108 154 242 115 107 113 2
105 101 103 183 215 114 109 112 224 120 101 109 3
102 104 101 102 108 106 99 101 110 96 97 101 4
104 106 107 108 113 107 100 106 113 107 102 109 5
105 106 103 150 138 116 110 106 149 110 108 113 6
99 105 99 211 278 106 109 114 230 126 96 101 7
102 105 97 134 129 110 111 106 154 107 98 107 8
109 112 107 102 109 109 109 106 112 107 107 112 9
103 99 97 100 103 109 101 99 105 94 100 107 10
102 100 103 102 103 106 102 102 107 101 100 15000 11
Chip#3
121 134 105 104 99 99 107 106 102 103 105 108 0
121 101 100 99 92 96 102 104 99 100 99 100 1
112 99 104 102 100 99 106 106 105 100 102 102 2
104 95 96 109 179 105 94 98 129 103 93 97 3
112 106 111 288 855 258 106 147 625 320 108 107 4
106 100 98 123 259 110 101 106 222 138 99 102 5
108 100 98 102 100 101 103 104 104 101 95 103 6
108 100 103 103 108 100 100 100 106 109 96 103 7
112 99 104 248 550 147 106 108 455 356 101 102 8
110 100 105 188 659 180 100 117 581 273 97 102 9
116 100 106 102 104 103 107 108 107 101 104 98 10
128 134 108 110 107 100 104 109 111 108 111 15000 11
Chip#4
110 114 115 105 115 116 116 113 116 103 111 133 0
107 105 103 100 103 108 102 99 106 99 99 101 1
106 105 101 101 105 111 109 104 106 103 110 133 2
105 106 105 105 108 108 114 106 110 105 111 133 3
113 109 111 115 125 116 112 110 123 120 118 133 4
107 111 109 107 113 112 114 105 115 114 112 133 5
104 99 100 100 105 108 107 99 106 98 103 101 6
95 98 99 98 101 102 106 98 106 97 103 101 7
108 106 108 113 120 110 112 112 122 107 113 133 8
106 106 105 107 113 110 107 107 111 112 106 133 9
105 98 102 100 107 105 109 101 108 104 105 133 10
106 102 105 101 105 109 106 100 109 102 109 15000 11
Chip#1
114 110 107 105 105 111 100 109 108 105 117 103 0
110 108 100 199 427 109 100 119 525 109 112 101 1
109 107 109 501 614 113 102 139 748 209 111 102 2
109 110 108 114 116 108 102 111 132 104 116 108 3
110 104 107 97 103 113 101 103 109 100 106 101 4
109 110 109 117 130 110 108 117 141 109 115 107 5
108 106 106 464 867 113 99 207 873 261 106 101 6
113 109 107 243 350 113 102 124 263 117 112 102 7
115 105 107 101 104 110 101 105 106 103 114 98 8
118 111 107 103 105 109 106 106 103 105 116 108 9
109 109 100 97 99 103 96 97 101 96 112 104 10
111 107 105 102 106 110 99 106 108 105 111 15000 11
Chip#2
111 107 100 107 106 112 108 106 108 107 103 111 0
106 103 104 109 110 116 108 107 117 109 105 113 1
106 109 107 210 243 115 110 147 270 118 104 117 2
99 103 97 197 205 108 104 114 244 122 100 107 3
115 109 113 134 121 117 111 111 121 113 110 115 4
102 103 101 103 106 110 106 102 106 103 103 107 5
105 107 102 150 145 117 107 116 154 110 107 113 6
110 109 108 252 329 115 110 123 264 139 107 112 7
105 103 103 134 130 112 101 105 161 103 102 106 8
108 105 102 105 109 110 105 106 107 106 105 108 9
116 112 112 110 112 116 111 111 118 106 105 117 10
105 103 100 103 107 107 100 105 102 100 104 15000 11
Chip#3
116 107 102 97 98 101 98 104 101 99 99 108 0
127 134 105 102 103 97 102 106 102 101 102 109 1
115 103 102 103 106 100 103 108 104 101 102 102 2
119 100 104 115 197 113 110 106 142 106 101 103 3
112 100 105 300 931 268 98 153 673 341 105 102 4
110 99 99 120 266 118 104 106 238 142 99 102 5
110 104 106 106 102 103 103 104 106 101 105 100 6
109 99 100 102 107 100 102 105 110 109 105 99 7
109 101 105 264 598 147 106 110 490 381 104 103 8
108 96 106 194 712 187 100 121 626 292 102 99 9
115 134 107 103 104 105 107 105 107 101 100 102 10
120 134 103 105 98 99 101 107 105 99 100 15000 11
Chip#4
110 106 110 106 111 114 113 105 113 104 117 133 0
106 106 105 107 106 111 112 102 111 102 109 133 1
110 101 101 103 106 111 107 99 110 102 111 133 2
106 103 102 106 113 111 110 105 115 112 109 133 3
108 101 105 111 117 111 110 104 122 104 109 133 4
102 101 101 99 105 101 106 95 107 97 100 101 5
112 109 109 113 111 116 114 110 116 104 112 133 6
105 99 100 100 105 103 107 101 108 98 105 101 7
114 107 108 115 125 115 112 112 124 116 112 133 8
115 114 111 109 120 122 118 111 121 109 114 101 9
112 107 111 110 113 114 115 108 113 105 110 133 10
110 106 108 101 109 114 113 106 112 107 111 15000 11
Chip#1
117 114 112 107 110 113 107 108 111 110 122 104 0
104 101 97 215 487 101 97 117 604 109 106 98 1
109 106 105 582 711 109 100 148 879 230 109 99 2
113 112 109 120 117 112 106 112 142 109 115 103 3
108 107 103 101 107 113 104 108 110 101 109 99 4
107 108 102 113 133 110 103 110 146 109 112 106 5
104 100 101 534 1011 112 99 219 1019 288 107 99 6
114 114 111 281 397 113 111 130 304 129 121 104 7
111 102 99 102 100 108 102 101 102 102 109 104 8
126 117 107 103 100 110 106 111 106 109 117 107 9
120 120 107 107 104 111 108 103 111 101 117 113 10
116 110 108 102 105 113 105 108 105 112 118 15000 11
Chip#2
109 103 99 102 103 106 101 100 105 101 97 106 0
109 104 103 103 110 110 107 105 110 101 105 110 1
112 108 108 237 275 117 111 158 312 121 107 116 2
102 105 102 226 236 112 107 119 279 126 98 110 3
101 100 95 99 105 102 102 98 105 95 100 101 4
110 107 106 110 112 110 109 111 113 105 105 110 5
109 108 107 150 160 117 111 106 171 110 107 117 6
108 106 107 277 381 113 108 120 296 143 104 110 7
109 112 106 150 138 120 117 117 181 109 109 115 8
108 105 101 104 104 110 104 106 111 102 98 112 9
111 106 99 102 111 109 105 102 106 102 100 113 10
109 105 104 103 103 109 103 99 105 105 104 15000 11
Chip#3
120 134 109 104 101 97 107 106 104 106 104 111 0
122 134 106 106 101 102 101 104 100 102 103 109 1
122 104 101 104 102 103 110 109 107 108 109 107 2
114 103 105 127 204 116 110 109 144 114 106 103 3
112 101 105 318 993 285 106 152 724 366 102 102 4
110 134 105 131 284 117 103 109 256 152 105 104 5
109 103 105 102 100 101 108 108 102 103 104 100 6
107 101 105 104 112 106 108 104 117 116 110 105 7
104 98 100 281 638 163 102 111 524 432 100 97 8
110 104 110 210 762 202 106 123 683 310 107 105 9
113 105 106 106 101 105 103 102 105 104 105 104 10
130 134 104 104 107 105 108 108 110 107 100 15000 11
Chip#4
112 113 109 106 114 109 114 107 112 107 110 101 0
117 111 108 110 113 111 112 107 114 109 114 133 1
108 103 100 107 106 108 113 107 115 103 109 101 2
111 106 110 109 115 111 112 110 116 112 114 133 3
113 106 109 116 126 112 109 110 122 110 111 101 4
106 101 108 101 111 107 109 101 108 102 106 101 5
105 98 104 103 106 107 110 105 106 99 104 133 6
117 109 108 109 114 117 116 111 120 105 109 133 7
112 109 109 116 124 111 116 112 126 117 110 133 8
105 105 105 105 117 113 109 105 115 103 105 133 9
115 109 108 107 114 114 114 105 110 105 116 133 10
114 105 110 106 114 116 112 108 115 114 110 15000 11
Chip#1
120 109 102 106 109 110 101 109 105 103 111 103 0
118 115 109 262 601 116 109 132 735 125 118 111 1
113 114 113 701 865 118 109 160 1076 275 121 108 2
110 105 104 121 118 109 103 106 145 109 114 105 3
111 112 111 112 112 116 107 109 112 108 115 103 4
110 112 108 121 147 112 107 116 160 111 115 104 5
109 104 106 684 1307 116 102 271 1317 358 114 102 6
110 107 108 343 495 113 108 137 368 134 116 102 7
115 106 105 103 108 115 107 108 102 105 113 102 8
129 115 109 105 108 112 107 108 110 101 112 111 9
124 127 113 108 111 112 108 109 112 107 124 122 10
120 118 112 110 113 116 103 110 115 116 126 15000 11
Chip#2
111 106 101 103 110 108 108 104 108 100 107 110 0
113 111 110 113 117 120 111 111 118 110 110 117 1
115 111 114 273 318 123 116 171 363 132 115 119 2
108 112 110 262 270 115 112 131 333 139 107 113 3
112 108 109 115 115 112 112 112 119 109 109 115 4
104 100 97 104 107 110 104 102 110 97 98 103 5
109 112 107 155 177 115 115 111 183 113 108 116 6
110 112 109 350 502 117 117 142 371 164 109 117 7
106 109 105 150 149 109 109 111 203 109 105 107 8
104 102 102 105 103 108 107 101 106 97 100 109 9
120 102 113 117 117 119 122 112 116 112 113 122 10
115 109 107 134 111 112 109 106 110 107 108 15000 11
Chip#3
120 111 109 107 107 102 107 110 109 104 111 113 0
119 109 98 96 99 97 102 100 102 102 100 107 1
121 134 100 98 102 96 100 102 104 102 95 101 2
110 100 102 116 204 115 103 104 137 109 100 98 3
103 134 102 317 993 283 102 153 720 366 99 106 4
114 102 104 126 289 120 107 110 252 151 109 104 5
103 100 96 99 98 96 100 101 102 95 99 100 6
109 102 104 104 109 101 103 106 110 112 106 103 7
109 106 107 284 646 163 108 117 530 432 109 102 8
115 134 102 205 771 200 107 125 679 314 104 104 9
116 134 102 107 108 103 104 104 106 101 104 104 10
126 134 103 108 100 105 107 108 105 104 104 15000 11
Chip#4
117 113 115 111 117 116 115 114 120 116 116 133 0
106 106 101 101 108 109 112 99 107 102 104 101 1
110 106 109 104 109 111 110 105 111 112 112 133 2
116 114 118 115 122 119 118 114 122 110 120 133 3
107 99 111 116 128 108 108 108 128 105 108 133 4
107 103 106 105 112 109 110 102 112 105 110 133 5
108 101 110 109 106 112 112 107 111 107 112 133 6
111 103 102 107 109 111 112 107 118 114 109 133 7
116 109 111 134 133 116 114 120 139 110 109 133 8
118 117 117 119 124 116 119 116 125 123 114 133 9
118 115 117 141 119 122 122 114 121 123 123 133 10
117 117 113 110 115 119 116 110 117 116 115 15000 11
Chip#1
123 114 111 108 110 113 112 119 115 114 120 108 0
107 106 100 276 650 110 105 125 797 120 110 108 1
110 112 100 771 952 109 105 165 1206 291 114 107 2
110 104 108 128 122 112 104 117 151 115 116 107 3
116 115 111 115 115 115 109 111 120 111 112 107 4
113 115 112 126 152 114 109 120 172 116 119 110 5
118 112 111 742 1465 122 110 293 1488 395 119 108 6
109 107 107 372 530 112 106 136 402 140 115 106 7
113 102 106 102 103 107 102 104 105 102 114 101 8
128 117 106 108 100 109 106 107 108 102 114 114 9
122 127 112 110 106 116 108 110 110 110 127 124 10
109 108 112 109 107 109 102 110 108 110 117 15000 11
Chip#2
110 103 105 105 114 109 108 102 110 99 104 110 0
113 106 107 108 117 113 109 105 114 102 107 116 1
115 111 110 292 342 121 116 173 397 132 113 121 2
116 112 113 281 294 121 115 172 363 151 112 119 3
112 112 108 134 118 120 111 108 119 105 108 116 4
113 112 113 114 116 122 112 114 119 107 112 118 5
103 105 106 150 194 113 109 105 188 106 104 115 6
112 112 110 375 547 121 114 147 407 178 110 118 7
108 108 109 150 159 117 111 111 215 112 107 118 8
111 105 108 105 114 119 109 106 112 105 104 116 9
120 111 106 134 110 115 112 106 111 105 105 121 10
117 111 112 114 115 120 114 114 117 108 112 15000 11
Chip#3
114 134 102 98 101 96 97 100 100 92 96 103 0
128 134 104 102 102 103 104 108 109 104 104 107 1
120 105 107 106 108 102 110 111 109 103 106 103 2
113 101 107 121 213 115 106 105 145 111 98 95 3
110 100 107 343 1078 305 104 153 777 390 99 102 4
108 98 103 131 299 115 102 108 265 155 100 102 5
110 104 107 102 102 103 110 107 106 108 104 103 6
114 109 111 110 112 108 112 114 117 116 106 103 7
103 101 102 289 687 147 109 109 564 448 101 100 8
109 105 106 215 832 202 103 123 723 328 101 99 9
112 101 98 101 101 102 94 103 102 96 96 95 10
127 150 104 106 101 100 102 103 105 102 101 15000 11
Chip#4
112 111 111 114 114 115 114 110 120 114 116 133 0
108 110 109 109 111 114 109 106 114 104 105 133 1
113 114 109 111 114 113 121 108 119 115 115 133 2
111 109 115 116 121 116 115 117 123 109 117 133 3
116 111 119 125 137 118 117 118 141 109 119 133 4
117 114 113 116 121 121 123 117 123 120 118 133 5
113 113 113 109 119 119 119 120 119 117 117 133 6
117 117 114 115 120 117 123 117 124 117 120 133 7
112 106 108 134 134 113 115 114 142 112 113 133 8
120 118 115 134 127 121 116 114 129 122 118 133 9
113 106 113 114 117 115 116 110 116 117 116 133 10
117 114 113 115 119 123 118 111 124 120 115 15000 11
Chip#1
121 108 109 107 108 108 100 106 112 107 118 107 0
116 113 111 313 743 116 108 136 914 125 119 108 1
110 111 106 872 1072 114 101 173 1363 318 115 106 2
111 111 106 134 126 119 103 107 160 114 114 106 3
113 111 107 107 117 115 108 109 114 108 121 108 4
114 107 106 127 159 115 105 112 172 113 120 109 5
111 108 106 830 1663 117 104 318 1663 434 115 103 6
109 105 109 409 605 114 108 146 439 134 118 107 7
122 112 112 110 116 121 114 116 114 112 122 115 8
143 123 114 115 115 118 112 115 114 112 119 120 9
130 132 119 110 115 117 108 114 111 115 130 126 10
111 113 112 105 111 113 105 110 105 117 124 15000 11
Chip#2
153 127 112 134 113 113 110 108 115 107 112 117 0
105 101 101 104 107 109 104 102 110 106 103 105 1
108 112 112 309 363 120 111 183 421 135 106 112 2
112 111 116 303 317 123 117 183 395 156 116 123 3
110 107 106 115 117 116 111 111 122 105 112 112 4
104 103 105 100 112 108 108 104 111 101 100 106 5
110 107 107 157 192 116 111 108 200 108 105 109 6
105 107 109 420 583 113 112 154 429 179 108 112 7
117 113 109 154 165 122 119 112 226 113 114 113 8
109 105 106 104 107 110 107 104 107 106 104 107 9
115 109 107 110 112 114 110 107 111 109 109 115 10
122 108 116 134 120 117 116 117 122 119 121 15000 11
Chip#3
115 134 107 105 104 98 101 103 104 103 102 104 0
121 134 99 101 99 90 102 104 104 96 101 101 1
114 102 98 101 97 96 103 96 107 98 100 98 2
109 104 103 120 218 113 103 110 142 109 106 100 3
109 104 110 338 1090 308 109 153 780 392 109 107 4
104 94 99 121 297 108 103 105 258 150 101 94 5
107 102 104 101 97 96 106 104 102 103 100 95 6
109 134 106 103 108 98 103 102 110 111 103 101 7
109 101 106 292 688 147 106 112 568 448 107 100 8
104 101 98 210 825 201 99 122 720 324 96 102 9
114 100 103 106 104 101 107 100 106 106 102 103 10
135 134 108 107 103 101 108 106 107 107 105 15000 11
Chip#4
112 110 111 110 113 113 116 105 115 108 112 133 0
108 106 105 104 108 106 109 102 113 105 109 133 1
112 109 108 108 113 115 118 107 113 116 115 133 2
108 109 110 116 119 115 113 111 125 117 114 133 3
116 111 112 137 139 119 116 116 137 122 114 133 4
117 115 114 134 123 119 123 114 118 122 117 133 5
118 117 124 117 120 121 125 116 123 123 123 133 6
120 118 117 118 124 123 123 113 125 127 122 133 7
111 103 104 136 132 111 114 116 144 114 111 133 8
113 111 113 115 120 116 119 116 122 110 113 101 9
118 111 114 109 119 114 119 111 116 118 120 133 10
118 111 113 110 115 119 120 112 115 122 116 15000 11
Chip#1
122 115 108 107 106 111 106 108 120 110 117 106 0
117 112 115 328 802 116 109 139 999 129 125 112 1
113 116 110 948 1180 117 107 186 1490 342 115 108 2
114 107 106 135 130 117 107 116 168 116 117 107 3
109 108 101 106 104 111 103 109 110 102 112 99 4
117 113 112 134 162 118 114 115 183 116 116 111 5
111 114 108 902 1797 122 102 338 1805 449 116 101 6
111 111 106 441 647 111 107 151 471 137 115 98 7
122 110 108 109 106 111 107 114 111 103 115 99 8
135 122 113 107 107 115 110 116 114 110 120 118 9
129 137 121 112 112 120 117 117 120 117 129 127 10
121 118 116 113 108 116 109 114 114 115 127 15000 11
Chip#2
119 113 115 134 111 119 115 111 117 114 112 124 0
116 111 113 113 120 117 121 111 121 113 112 117 1
111 109 110 330 392 120 110 191 454 127 110 118 2
109 111 107 317 326 117 113 135 414 156 108 115 3
116 112 114 116 120 119 116 118 126 113 109 119 4
110 109 108 111 110 112 111 106 113 105 107 113 5
111 109 114 168 199 116 114 116 215 110 109 115 6
112 109 113 435 635 121 116 152 471 191 114 117 7
115 111 108 155 164 119 115 114 234 118 110 116 8
110 111 102 107 109 115 111 108 110 105 108 111 9
118 110 105 111 109 111 106 108 111 105 108 116 10
123 127 119 134 123 120 118 117 119 118 121 15000 11
Chip#3
117 134 109 102 96 95 100 101 98 99 105 107 0
122 134 106 98 100 102 104 105 104 103 104 109 1
115 105 102 99 106 99 101 95 103 98 95 103 2
112 105 105 121 234 120 107 111 146 112 105 102 3
108 99 105 361 1171 317 104 163 836 415 105 103 4
114 101 107 131 317 121 106 107 277 157 100 102 5
101 98 98 96 97 101 103 100 103 101 100 99 6
113 99 104 104 108 105 106 108 111 116 100 98 7
108 134 106 310 746 163 105 112 605 484 98 97 8
112 100 107 234 888 215 106 122 779 351 102 102 9
113 98 102 106 101 97 98 101 105 103 96 95 10
128 134 107 106 109 103 110 111 107 110 102 15000 11
Chip#4
113 119 115 114 117 114 121 113 115 116 115 133 0
110 109 106 106 109 112 114 107 110 112 109 133 1
112 113 111 108 113 112 114 108 118 109 115 133 2
116 118 116 134 126 116 116 118 127 125 117 133 3
118 117 115 136 145 123 119 114 140 124 118 133 4
112 113 114 111 115 116 118 112 119 121 114 133 5
120 113 120 116 122 122 124 117 126 123 125 133 6
119 119 120 115 121 121 125 113 128 122 116 133 7
117 118 111 141 141 122 117 123 153 122 116 133 8
120 118 118 134 127 122 125 122 129 123 122 133 9
112 114 110 109 113 113 114 110 118 118 117 133 10
122 114 118 113 118 119 123 112 122 125 116 15000 11
Chip#1
132 122 115 117 116 121 116 117 129 120 131 118 0
120 113 113 361 862 118 115 142 1083 130 122 115 1
117 118 111 997 1279 117 110 194 1600 368 120 113 2
124 121 117 145 141 124 117 121 179 126 127 119 3
118 115 113 115 114 120 116 119 120 115 122 110 4
117 118 113 135 168 119 113 126 192 118 124 111 5
116 115 116 958 1959 123 114 364 1956 481 118 107 6
114 110 106 478 687 114 105 154 471 145 113 107 7
122 111 109 107 110 117 110 115 113 107 120 107 8
144 116 107 107 104 113 106 109 111 104 117 115 9
128 132 112 109 106 112 106 114 112 108 127 122 10
118 123 115 117 112 119 113 119 120 117 131 15000 11
Chip#2
115 112 109 105 118 119 115 110 112 110 109 119 0
109 109 112 105 122 116 114 108 117 107 109 111 1
113 112 113 351 415 117 117 199 492 140 105 117 2
110 112 120 343 358 121 118 147 444 167 115 116 3
111 113 110 134 122 119 117 116 124 113 112 118 4
112 113 115 134 115 122 119 114 121 110 112 113 5
115 110 108 172 214 115 116 114 215 114 109 117 6
108 111 110 462 677 120 114 150 495 192 107 111 7
111 111 110 156 175 120 118 116 240 115 109 118 8
117 111 114 113 116 121 116 113 117 113 112 117 9
124 111 115 114 123 121 116 112 121 114 116 125 10
153 127 141 134 123 123 118 118 124 115 120 15000 11
Chip#3
121 134 112 110 104 101 104 100 105 109 107 104 0
128 109 102 101 98 99 102 99 102 104 100 102 1
115 103 104 104 103 99 103 109 107 104 102 99 2
109 100 104 121 234 117 107 108 145 110 100 102 3
109 102 109 361 1174 321 103 160 835 432 100 106 4
108 103 104 130 317 118 104 110 281 176 101 99 5
106 102 104 98 103 102 100 106 106 102 102 101 6
109 134 108 109 111 106 106 111 113 115 105 104 7
104 105 104 310 737 163 102 109 606 487 99 99 8
109 105 106 221 885 212 101 126 775 346 99 99 9
109 101 106 106 101 99 104 101 102 98 100 99 10
127 134 108 108 101 100 106 106 106 104 101 15000 11
Chip#4
116 115 112 114 115 114 116 111 119 121 115 133 0
122 115 114 116 119 125 121 114 122 125 118 133 1
111 110 113 114 114 120 114 113 120 114 117 133 2
114 119 112 134 130 119 121 119 130 122 118 133 3
114 119 115 144 143 115 120 119 142 121 118 133 4
110 110 106 114 114 112 112 104 117 116 111 133 5
112 111 107 113 118 120 121 114 116 120 115 133 6
119 115 117 119 123 123 125 116 122 122 115 133 7
119 115 117 147 147 120 126 129 163 125 121 133 8
120 115 120 125 127 122 123 118 130 124 118 133 9
113 113 111 113 117 112 113 108 119 110 113 133 10
118 113 110 115 114 117 121 112 120 121 116 15000 11
Chip#1
127 117 108 108 106 115 108 106 117 110 119 109 0
126 119 122 391 932 128 118 152 1177 142 127 115 1
118 112 107 1074 1374 121 112 207 1734 388 119 107 2
121 111 113 142 132 115 109 114 176 117 117 108 3
120 120 116 115 116 119 115 115 126 112 124 108 4
120 117 116 138 171 118 117 126 205 122 129 107 5
116 113 113 1019 2096 120 108 383 2107 510 117 104 6
118 114 113 509 742 120 118 158 517 149 121 109 7
134 114 112 117 114 117 113 115 120 108 120 114 8
148 123 108 110 108 114 112 112 109 109 120 124 9
130 139 122 116 107 115 118 116 113 111 132 130 10
115 120 122 117 108 117 112 112 117 118 131 15000 11
Chip#2
117 108 107 111 113 116 110 107 117 110 109 117 0
113 112 108 134 124 119 114 108 126 110 106 116 1
119 112 113 362 458 120 114 205 507 141 112 119 2
119 112 113 356 371 126 116 147 480 174 112 118 3
117 112 112 134 123 123 120 113 127 107 112 117 4
117 112 115 117 128 126 121 119 124 110 116 121 5
112 111 112 174 214 120 111 112 225 110 110 113 6
118 111 119 486 721 128 122 161 527 209 114 123 7
122 111 119 164 206 129 123 124 260 125 117 123 8
120 112 109 162 116 122 117 113 123 113 113 117 9
119 112 110 114 117 122 116 106 118 109 111 119 10
153 127 120 134 124 124 124 117 126 121 125 15000 11
Chip#3
115 134 106 104 103 98 103 109 107 102 107 109 0
122 134 104 97 96 93 97 104 104 98 100 101 1
121 106 106 104 107 102 107 107 111 106 106 103 2
120 109 109 124 234 120 110 108 151 116 106 107 3
107 102 105 358 1167 320 104 159 834 432 102 94 4
109 99 99 123 313 110 95 107 275 155 97 94 5
106 103 100 102 99 100 97 103 103 99 101 94 6
113 134 105 108 117 105 104 108 115 116 104 104 7
104 134 102 308 738 163 105 116 605 485 104 98 8
112 104 104 224 889 210 103 125 780 348 104 103 9
116 104 104 109 104 103 104 108 107 101 101 102 10
137 134 112 109 109 100 106 109 119 109 104 15000 11
Chip#4
114 115 114 113 118 120 116 114 116 115 112 133 0
114 118 118 115 117 116 121 112 116 115 111 133 1
117 117 114 110 119 118 120 115 121 109 121 133 2
116 114 117 134 128 120 119 119 130 114 117 133 3
119 117 120 147 156 122 118 120 147 103 119 133 4
124 117 124 134 123 123 125 120 125 121 121 133 5
117 117 119 115 120 125 124 119 123 122 118 133 6
118 118 117 117 122 123 118 114 125 118 114 133 7
121 118 119 150 150 123 122 131 167 127 120 133 8
119 118 117 134 132 125 121 119 131 124 118 133 9
120 118 124 134 124 120 127 118 127 124 123 133 10
123 118 123 117 122 125 124 119 125 122 121 15000 11
Chip#1
128 116 113 115 117 117 110 111 124 118 127 114 0
124 117 121 405 992 122 114 157 1244 138 126 115 1
123 118 118 1156 1477 121 113 207 1860 417 122 114 2
113 116 114 146 137 119 109 112 185 122 124 110 3
120 116 113 120 115 118 113 116 122 118 126 113 4
118 117 112 135 178 120 110 119 223 122 119 111 5
115 115 112 1081 2251 126 106 403 2263 550 115 103 6
121 113 115 538 782 120 109 163 546 153 116 111 7
133 122 120 117 120 121 117 117 123 118 130 117 8
149 127 114 108 113 114 110 111 117 107 120 122 9
142 140 121 118 119 125 115 118 122 118 138 135 10
118 113 117 112 111 117 107 110 113 116 124 15000 11
Chip#2
124 112 114 113 113 121 114 111 116 109 112 119 0
120 112 117 134 130 124 122 117 124 114 118 118 1
113 108 115 390 480 123 116 213 543 139 112 116 2
110 109 109 369 380 119 110 154 493 171 110 113 3
153 127 117 150 127 126 118 118 130 115 119 123 4
110 109 108 134 115 117 118 111 116 108 109 115 5
117 109 117 187 223 124 118 123 232 122 117 123 6
117 109 117 514 760 119 117 158 552 211 114 119 7
115 109 113 165 243 127 121 119 264 119 116 121 8
119 113 114 111 121 126 118 112 119 118 112 124 9
118 108 110 109 114 115 110 104 114 107 107 116 10
115 108 114 114 123 119 110 111 117 110 113 15000 11
Chip#3
123 116 110 104 103 105 106 106 104 106 107 114 0
124 134 102 101 100 99 103 105 104 103 100 104 1
115 99 101 99 102 95 98 103 102 100 94 98 2
109 100 104 121 234 117 104 104 145 109 101 97 3
106 101 99 357 1167 316 102 153 832 406 100 102 4
113 111 108 141 324 147 111 119 290 176 110 106 5
106 100 102 102 96 98 101 105 105 100 104 95 6
107 101 100 102 107 98 100 103 111 107 99 98 7
102 100 102 303 739 163 96 114 597 482 95 94 8
115 134 108 234 895 215 104 130 780 347 105 103 9
108 98 97 98 98 95 96 94 104 99 95 98 10
130 134 102 104 102 101 103 104 109 100 102 15000 11
Chip#4
119 115 119 115 119 115 119 114 120 116 118 133 0
119 119 111 118 115 119 123 112 125 120 116 133 1
120 115 115 114 120 117 118 116 125 120 120 133 2
123 115 116 134 133 117 123 116 136 120 122 133 3
125 119 122 148 158 127 120 123 150 122 123 133 4
122 119 119 124 125 125 127 120 131 127 121 133 5
124 114 118 118 121 122 125 113 129 124 121 133 6
123 114 117 120 119 119 121 114 129 120 116 133 7
124 111 117 151 152 120 121 129 171 124 120 133 8
128 111 123 126 134 121 125 124 137 127 125 133 9
126 111 122 123 124 125 127 125 129 129 127 133 10
130 111 122 121 121 127 126 120 129 130 127 15000 11
Chip#1
129 114 118 115 113 119 111 116 120 118 129 115 0
118 116 116 423 1047 121 113 152 1324 141 131 114 1
123 121 120 1231 1584 133 118 220 1997 439 134 120 2
118 120 123 154 148 130 117 127 199 129 133 116 3
115 111 112 116 111 118 108 117 119 112 122 109 4
116 121 117 142 184 127 109 127 239 128 126 117 5
113 120 120 1157 2400 137 118 435 2420 585 127 110 6
129 123 127 578 848 134 120 179 590 169 136 120 7
132 120 117 113 121 126 112 122 119 115 129 119 8
155 135 123 121 117 126 117 126 120 124 133 131 9
135 141 121 110 111 121 109 117 118 113 130 136 10
118 118 117 113 113 118 107 114 113 120 131 15000 11
Chip#2
119 111 109 114 115 116 110 108 114 113 107 117 0
109 109 109 111 121 116 107 112 119 113 109 110 1
113 108 113 406 496 126 117 220 567 146 110 116 2
122 108 117 406 406 129 119 149 523 185 115 124 3
115 108 113 116 121 119 116 112 129 114 113 112 4
116 108 116 134 122 120 118 114 121 116 115 117 5
106 106 107 184 223 120 110 107 237 112 107 115 6
106 110 112 521 783 114 111 157 569 212 108 112 7
111 111 114 165 210 117 116 117 265 119 108 117 8
118 112 108 134 116 120 118 111 118 116 112 119 9
123 112 112 115 117 123 116 113 118 113 110 122 10
125 112 120 121 124 129 122 120 125 123 120 15000 11
Chip#3
119 105 106 101 103 99 98 104 104 103 100 107 0
123 134 105 98 104 96 102 107 103 98 99 104 1
122 134 105 108 103 102 108 106 105 104 102 102 2
113 134 101 121 234 147 101 105 144 111 106 98 3
104 102 102 357 1165 321 100 157 829 415 99 97 4
107 96 105 127 317 115 100 107 278 157 100 98 5
108 134 105 102 101 101 104 104 105 106 100 102 6
101 98 102 96 103 98 98 100 106 107 95 94 7
110 134 107 313 740 161 111 114 609 488 105 101 8
115 134 106 234 885 214 108 125 780 343 102 97 9
127 134 112 113 112 105 113 116 112 112 107 107 10
123 134 103 101 99 98 104 104 105 107 98 15000 11
Chip#4
116 118 113 114 117 115 115 112 119 117 123 133 0
125 118 116 134 127 124 125 118 124 127 121 133 1
125 117 120 117 120 125 123 117 122 123 122 133 2
129 117 121 135 134 128 126 123 136 130 122 133 3
126 117 125 155 167 131 131 131 160 129 127 133 4
119 115 115 118 124 121 120 116 129 121 125 133 5
128 115 126 118 124 122 126 119 124 123 126 133 6
123 119 118 134 127 124 125 116 133 124 121 133 7
120 119 119 154 156 123 120 133 169 127 121 133 8
129 119 126 129 144 128 131 128 141 131 126 133 9
125 117 117 118 125 123 126 118 124 123 125 133 10
130 117 117 134 128 127 126 120 131 125 124 15000 11
Chip#1
127 115 119 113 116 116 110 110 121 115 124 113 0
121 116 118 452 1119 121 112 159 1412 149 122 114 1
117 112 113 1299 1682 122 110 216 2112 445 124 110 2
111 109 112 148 143 123 107 114 190 117 112 108 3
117 108 115 120 120 121 110 116 123 118 122 113 4
116 114 121 145 189 119 114 127 239 124 124 109 5
117 112 115 1218 2554 129 108 444 2543 619 118 108 6
116 115 116 601 874 124 114 172 610 166 121 111 7
132 116 114 111 114 120 114 114 116 109 118 112 8
149 129 114 113 111 118 107 113 111 112 124 125 9
142 149 129 119 115 125 120 122 120 122 145 144 10
132 128 128 121 122 125 120 124 128 125 139 15000 11
Chip#2
120 109 108 113 113 114 112 108 117 108 107 119 0
153 127 117 134 124 119 116 117 128 114 114 117 1
112 109 113 414 522 113 111 221 595 144 111 117 2
115 109 120 414 428 124 118 152 545 185 116 123 3
108 105 110 113 114 112 112 106 121 102 102 113 4
116 105 112 115 122 119 122 117 123 112 115 124 5
109 111 112 186 225 113 112 110 245 112 108 111 6
120 111 120 566 835 128 122 169 607 228 120 127 7
124 111 121 173 199 129 123 124 283 124 120 125 8
120 111 113 134 122 122 121 114 121 110 116 122 9
125 111 118 118 121 119 117 108 121 113 115 125 10
130 111 119 118 118 122 117 117 121 115 121 15000 11
Chip#3
113 103 102 94 91 92 94 98 98 95 98 102 0
126 134 106 102 100 98 103 106 104 103 100 107 1
119 102 100 109 106 102 104 103 105 101 99 97 2
114 100 102 123 234 119 109 107 147 114 107 102 3
115 134 105 365 1170 324 108 167 839 432 108 106 4
109 101 101 130 340 118 106 112 292 176 101 107 5
113 104 110 106 104 103 109 108 112 108 104 107 6
107 95 98 99 106 97 101 104 107 108 96 102 7
107 134 105 310 737 179 101 110 599 486 101 98 8
114 100 104 229 883 215 101 127 774 349 106 101 9
114 100 96 97 103 97 103 104 105 99 99 98 10
129 134 106 107 107 102 108 111 104 102 105 15000 11
Chip#4
124 117 122 134 125 125 123 120 128 124 126 133 0
126 117 128 135 131 129 134 126 130 133 123 133 1
119 118 117 134 121 121 121 117 120 122 121 133 2
123 119 117 134 130 123 124 122 134 123 122 133 3
130 119 128 161 168 137 127 130 158 135 129 133 4
123 119 120 124 126 120 124 124 130 127 125 133 5
129 119 126 134 127 131 130 124 131 133 128 133 6
129 119 128 134 131 125 130 122 140 133 128 133 7
126 119 124 167 169 127 125 142 178 135 128 133 8
125 119 122 140 134 123 125 123 137 128 126 133 9
129 119 119 117 120 121 127 117 126 125 127 133 10
130 119 124 134 128 128 127 120 126 128 129 15000 11
Chip#1
135 126 118 119 120 121 113 121 122 118 127 114 0
122 123 120 464 1169 127 112 163 1475 146 131 115 1
117 117 115 1356 1740 124 107 223 2202 458 126 110 2
122 121 116 154 151 124 116 119 197 133 123 115 3
127 127 129 124 129 134 124 127 131 127 132 122 4
120 123 121 150 197 128 120 134 241 128 126 117 5
122 122 128 1272 2656 136 119 468 2663 644 129 114 6
118 115 118 616 904 122 109 172 630 156 124 110 7
138 126 122 122 122 124 119 120 121 119 126 119 8
154 132 117 110 116 120 114 114 120 112 125 129 9
140 146 127 115 115 122 112 117 120 116 136 138 10
129 130 127 127 122 125 114 121 125 119 136 15000 11
Chip#2
123 111 115 134 117 123 114 113 118 109 115 124 0
118 111 116 134 128 124 117 116 127 115 114 116 1
113 113 115 433 543 123 118 235 620 146 110 118 2
118 113 119 417 456 124 118 150 564 185 111 121 3
123 113 122 153 132 126 121 122 135 114 116 119 4
119 113 119 122 125 129 122 123 127 115 117 125 5
153 127 119 200 246 127 122 120 257 119 115 124 6
120 118 128 591 866 129 125 175 631 232 123 129 7
120 127 117 175 200 129 119 124 290 118 116 123 8
124 118 122 134 125 127 122 124 126 123 121 127 9
153 127 120 134 127 123 122 117 124 115 118 130 10
125 118 115 116 121 119 118 112 121 116 118 15000 11
Chip#3
119 110 106 101 97 100 100 103 100 103 104 108 0
128 134 102 107 108 102 108 110 104 106 100 112 1
122 105 104 109 104 103 102 103 103 103 98 105 2
109 103 105 123 234 119 111 105 144 112 104 102 3
107 134 107 357 1168 324 108 158 831 432 101 104 4
104 99 103 129 314 112 102 104 277 156 98 102 5
116 134 106 107 103 100 107 114 107 109 104 109 6
113 105 105 109 112 101 108 114 116 114 102 106 7
102 94 99 306 732 147 101 110 594 482 92 94 8
109 104 110 223 885 217 105 122 778 350 101 103 9
114 102 98 97 100 100 101 99 100 103 98 100 10
127 134 102 103 97 99 102 100 99 103 99 15000 11
Chip#4
122 119 119 117 120 122 123 117 126 125 121 133 0
118 119 119 120 120 124 129 118 125 125 120 133 1
119 119 119 134 118 124 127 119 122 123 121 133 2
129 119 128 143 141 131 130 131 148 134 130 133 3
123 119 124 160 167 129 130 134 163 131 129 133 4
119 118 117 134 126 124 126 118 129 125 121 133 5
119 118 124 118 124 129 125 117 130 125 125 133 6
123 118 122 134 128 129 130 123 136 124 126 133 7
121 118 120 163 162 125 120 136 181 127 118 133 8
126 119 122 136 136 117 124 122 139 127 122 133 9
123 119 121 134 121 123 120 117 122 125 122 133 10
132 119 131 134 128 133 132 120 135 131 133 15000 11
