Chip#1
113 109 111 109 108 108 110 111 115 110 108 108 0
114 109 113 111 109 111 116 120 116 116 116 111 1
104 106 108 103 105 107 103 111 107 108 105 103 2
117 109 135 898 251 119 115 405 437 115 113 107 3
111 109 113 485 115 110 115 298 337 112 112 109 4
111 109 117 109 112 113 113 114 113 115 105 109 5
110 109 112 109 108 110 113 109 113 111 110 105 6
108 105 119 186 129 110 116 221 292 117 112 106 7
111 108 123 280 191 107 116 561 421 117 110 105 8
110 109 113 110 109 114 116 125 123 108 109 107 9
110 104 112 101 108 107 115 112 107 108 106 106 10
111 109 113 103 103 110 111 112 107 107 106 15000 11
Chip#2
111 105 107 109 105 110 114 100 116 109 107 107 0
109 103 105 106 105 104 112 100 112 103 102 101 1
107 104 105 108 105 107 115 100 117 110 104 105 2
100 99 103 104 171 109 100 99 135 137 99 97 3
103 99 107 109 159 113 110 99 146 159 106 99 4
100 98 101 96 102 99 100 98 109 97 102 98 5
106 104 106 104 102 103 105 100 111 109 103 102 6
104 103 112 103 102 110 116 99 129 114 107 107 7
96 100 102 101 102 110 103 99 160 138 97 99 8
103 95 106 101 102 102 103 100 112 108 107 96 9
109 104 109 106 102 108 108 100 112 104 107 102 10
103 99 106 101 102 102 110 100 106 106 101 15000 11
Chip#3
100 98 95 100 105 106 99 106 95 98 101 103 0
100 94 96 96 99 104 99 108 91 98 98 99 1
100 95 98 99 101 104 97 104 96 100 99 98 2
105 99 100 103 110 108 106 109 104 101 100 102 3
100 93 98 98 104 107 101 104 101 100 100 97 4
104 96 100 99 106 106 106 105 95 102 104 104 5
105 99 105 102 105 110 101 108 96 105 99 100 6
98 91 94 97 99 102 93 102 97 96 95 97 7
97 88 99 109 108 102 95 100 104 102 98 95 8
106 96 103 97 105 120 105 110 97 103 108 103 9
108 100 104 104 106 110 102 108 98 104 105 107 10
104 99 103 96 105 108 104 109 98 105 103 15000 11
Chip#4
100 99 103 103 112 106 108 108 105 98 104 104 0
101 94 109 103 103 102 107 108 104 100 101 98 1
102 98 104 100 101 102 106 102 103 101 98 96 2
98 93 106 99 106 109 107 102 110 101 99 97 3
103 98 109 108 113 108 113 109 111 107 106 99 4
102 92 102 99 103 105 103 106 98 96 102 99 5
111 105 119 108 118 117 117 121 114 111 114 109 6
108 101 112 107 116 110 116 112 110 108 110 104 7
101 97 106 104 119 110 110 106 114 107 108 97 8
104 103 112 107 110 109 116 111 113 107 107 105 9
102 96 104 105 106 108 106 104 106 100 105 96 10
104 102 109 104 109 109 108 109 110 105 112 15000 11
