Chip#1
103 102 99 99 96 101 100 98 99 97 100 101 0
102 101 102 106 103 106 108 107 107 99 109 100 1
103 101 107 110 101 111 119 104 112 115 103 102 2
104 102 107 104 97 110 112 103 106 112 101 98 3
101 100 110 114 101 107 120 103 108 96 100 100 4
104 101 385 385 101 420 657 112 106 103 102 99 5
99 99 216 207 100 268 396 100 99 105 102 95 6
103 96 107 107 98 100 105 94 102 93 97 98 7
98 105 509 482 96 271 313 98 94 91 93 94 8
98 99 359 309 97 277 317 98 100 93 96 98 9
102 102 103 103 96 100 105 98 101 93 100 98 10
109 106 105 106 107 106 111 108 108 97 109 15000 11
Chip#1
101 97 92 104 95 100 100 98 98 95 100 90 0
105 99 99 102 100 106 105 103 101 99 97 99 1
99 96 107 109 96 105 115 101 106 116 101 94 2
101 101 104 108 104 103 109 102 108 111 102 94 3
105 102 117 120 105 106 117 104 106 97 103 102 4
103 99 389 385 102 418 658 116 109 112 105 96 5
106 106 217 218 105 270 404 110 108 109 105 96 6
98 100 108 106 98 95 100 97 100 92 97 89 7
105 107 518 493 110 277 320 112 100 99 105 99 8
108 101 360 316 102 282 313 107 97 95 98 96 9
103 91 98 98 96 94 101 95 94 91 95 89 10
109 100 98 104 96 100 102 103 103 91 98 15000 11
Chip#1
106 107 109 116 110 107 111 104 111 108 111 108 0
103 101 102 103 101 104 105 95 100 95 98 93 1
101 101 108 112 101 108 114 103 108 113 102 96 2
95 95 97 98 100 98 102 95 101 101 94 92 3
106 105 116 118 107 112 122 108 103 107 105 102 4
111 111 396 395 109 424 664 121 119 122 112 105 5
101 101 208 206 102 263 399 104 100 108 98 94 6
104 102 106 112 98 105 101 97 103 95 98 94 7
99 106 513 495 104 277 319 104 102 100 98 98 8
103 100 363 314 107 281 316 101 104 97 103 100 9
101 99 99 104 105 99 102 98 103 96 97 95 10
108 105 102 103 107 103 105 102 102 96 103 15000 11
Chip#1
126 0 138 123 128 124 126 124 124 133 132 148 0
126 0 138 123 128 124 126 124 124 133 132 148 1
126 0 138 123 128 124 126 124 124 133 132 148 2
126 0 138 123 128 124 126 124 124 133 132 148 3
126 0 138 123 128 124 126 124 124 133 132 0 4
126 0 138 123 128 149 129 124 124 133 132 0 5
126 0 138 123 128 149 129 124 124 133 132 0 6
126 0 138 123 128 149 129 124 124 133 132 0 7
126 0 138 123 128 149 129 124 124 133 132 0 8
126 0 138 123 128 149 129 124 124 133 132 0 9
126 0 138 123 128 149 129 124 124 133 132 0 10
126 0 138 123 128 149 129 124 124 133 132 15000 11
Chip#1
126 0 138 123 128 149 129 124 124 133 132 0 0
126 0 138 123 128 149 129 124 124 133 0 0 1
126 0 138 123 128 149 129 124 124 133 0 0 2
126 0 138 123 128 149 129 124 124 133 0 0 3
126 0 138 123 128 149 129 124 124 133 0 0 4
126 0 138 123 128 149 129 124 124 133 0 0 5
126 0 138 123 128 149 129 124 124 133 0 0 6
126 0 138 123 128 149 129 124 124 133 0 0 7
126 0 138 123 128 149 129 124 124 133 0 0 8
126 0 138 123 128 149 129 124 124 133 0 0 9
126 0 138 123 128 149 129 124 124 133 0 0 10
126 0 138 123 128 149 129 124 124 133 0 15000 11
Chip#1
126 0 138 123 128 149 129 124 124 133 0 0 0
126 0 138 123 128 149 129 124 124 133 0 0 1
126 0 138 123 128 149 129 124 124 133 0 0 2
126 0 138 123 128 149 129 124 124 133 0 0 3
126 0 138 123 128 149 129 124 124 133 0 0 4
126 0 138 123 128 149 129 124 124 133 0 0 5
126 0 138 123 128 149 129 124 124 133 0 0 6
126 0 138 123 128 149 129 124 124 133 0 0 7
126 0 138 123 128 149 129 124 124 133 0 0 8
126 0 138 123 128 149 129 124 124 133 0 0 9
126 0 138 123 128 149 129 124 124 133 0 0 10
126 0 138 123 128 149 129 124 124 133 0 15000 11
Chip#1
126 0 138 123 128 149 129 124 124 133 0 0 0
126 0 138 123 128 149 129 124 124 133 0 0 1
126 0 138 123 128 149 129 124 124 133 0 0 2
126 0 138 123 128 149 129 124 124 133 0 0 3
126 0 138 123 128 149 129 124 124 133 0 0 4
126 0 138 123 128 149 129 124 124 133 0 0 5
126 0 138 123 128 149 129 124 124 133 0 0 6
126 0 138 123 128 149 129 124 124 133 0 0 7
126 0 138 123 128 149 129 124 124 133 0 0 8
126 0 138 123 128 149 129 124 124 133 0 0 9
126 0 138 123 128 149 129 124 124 133 0 0 10
126 0 138 123 128 149 129 124 124 133 0 15000 11
Chip#1
104 106 102 104 102 101 105 100 101 95 102 102 0
105 104 102 112 105 105 113 110 107 108 102 101 1
111 105 117 121 108 113 124 112 121 128 109 107 2
102 100 97 99 101 98 105 100 102 111 100 96 3
111 105 115 119 112 114 121 111 108 109 103 102 4
103 105 391 389 109 415 663 116 111 115 102 98 5
103 106 215 216 103 265 403 110 107 113 102 99 6
103 97 110 114 104 103 107 103 103 95 102 102 7
98 97 512 484 98 276 313 100 98 91 96 94 8
105 110 362 322 109 286 325 109 109 103 105 105 9
102 97 99 102 101 101 101 103 101 96 101 96 10
109 102 102 110 98 104 102 101 102 107 101 15000 11
Chip#1
101 99 97 101 96 100 101 102 98 91 98 98 0
104 97 100 106 107 104 107 103 101 101 102 98 1
99 96 107 109 95 104 115 100 103 112 96 92 2
101 104 105 104 102 101 109 102 103 113 102 95 3
105 109 111 120 101 112 122 105 107 107 100 101 4
105 101 390 386 103 421 660 117 108 116 105 100 5
110 105 220 223 102 276 407 112 108 112 103 101 6
109 101 118 119 104 112 116 108 109 103 106 100 7
104 104 516 487 103 279 318 107 100 97 100 98 8
104 102 357 317 100 277 317 101 104 96 96 96 9
101 101 102 108 102 101 104 103 106 96 96 95 10
111 105 102 104 104 108 106 105 103 96 103 15000 11
Chip#1
129 0 138 124 125 129 127 127 125 133 132 132 0
129 0 138 124 125 129 127 127 125 133 132 132 1
129 0 138 124 125 129 127 127 125 133 132 132 2
129 0 138 124 125 129 127 127 125 133 132 132 3
129 0 138 124 125 129 127 127 125 133 132 132 4
129 0 138 124 125 133 129 127 125 133 132 132 5
129 0 138 124 125 133 129 127 125 133 132 132 6
129 0 138 124 125 133 129 127 125 133 132 132 7
129 0 138 124 125 133 129 127 125 133 132 132 8
129 0 138 124 125 133 129 127 125 133 132 132 9
129 0 138 124 125 133 129 127 125 133 132 132 10
129 0 138 124 125 133 129 127 125 133 132 15000 11
Chip#1
129 0 138 124 125 133 129 127 125 133 132 132 0
129 0 138 124 125 133 129 127 125 133 132 0 1
129 0 138 124 125 133 129 127 125 133 132 0 2
129 0 138 124 125 133 129 127 125 133 132 0 3
129 0 138 124 125 133 129 127 125 133 132 0 4
129 0 138 124 125 133 129 127 125 133 132 0 5
129 0 138 124 125 133 129 127 125 133 132 0 6
129 0 138 124 125 133 129 127 125 133 132 0 7
129 0 138 124 125 133 129 127 125 133 132 0 8
129 0 138 124 125 133 129 127 125 133 132 0 9
129 0 138 124 125 133 129 127 125 133 132 0 10
129 0 138 124 125 133 129 127 125 133 132 15000 11
Chip#1
129 0 138 124 125 133 129 127 125 133 132 0 0
129 0 138 124 125 133 129 127 125 133 132 0 1
129 0 138 124 125 133 129 127 125 133 132 0 2
129 0 138 124 125 133 129 127 125 133 0 0 3
129 0 138 124 125 133 129 127 125 133 0 0 4
129 0 138 124 125 133 129 127 125 133 0 0 5
129 0 138 124 125 133 129 127 125 133 0 0 6
129 0 138 124 125 133 129 127 125 133 0 0 7
129 0 138 124 125 133 129 127 125 133 0 0 8
129 0 138 124 125 133 129 127 125 133 0 0 9
129 0 138 124 125 133 129 127 125 133 0 0 10
129 0 138 124 125 133 129 127 125 133 0 15000 11
Chip#1
103 100 102 104 102 101 101 97 98 97 97 99 0
103 97 100 102 101 104 102 100 99 96 97 101 1
104 100 106 119 102 110 117 104 106 115 101 98 2
103 100 104 108 101 103 108 103 100 105 97 104 3
106 102 113 119 103 110 120 102 103 97 101 99 4
92 96 391 387 104 413 661 111 104 108 97 93 5
106 107 222 228 114 276 412 113 111 118 105 106 6
101 94 106 115 101 103 98 101 103 97 95 92 7
101 100 514 494 104 284 318 101 97 96 95 100 8
103 106 353 317 104 279 319 102 99 97 97 96 9
104 106 103 107 103 105 101 102 101 96 93 98 10
108 100 98 102 101 101 104 101 98 92 97 15000 11
Chip#1
106 97 102 108 103 99 106 105 103 99 98 102 0
103 104 97 107 109 101 109 107 99 96 105 102 1
101 100 107 115 105 105 119 107 108 115 100 101 2
103 100 102 110 111 111 113 108 111 113 105 106 3
104 100 107 119 102 112 120 108 103 104 100 102 4
99 99 384 386 103 418 660 112 104 107 96 94 5
109 105 217 217 105 275 411 112 104 111 101 102 6
98 101 105 102 100 101 106 98 96 93 95 95 7
108 109 522 496 111 286 325 112 106 101 105 102 8
106 101 364 322 107 285 322 108 104 100 102 106 9
105 100 102 109 104 101 106 105 101 101 100 105 10
106 97 96 96 102 95 98 101 97 96 95 15000 11
Chip#1
102 100 100 106 101 100 99 98 103 99 101 99 0
109 105 104 112 105 109 109 113 109 104 107 101 1
103 95 99 109 98 109 115 105 108 112 97 98 2
101 97 97 108 101 104 106 103 104 105 96 96 3
108 99 109 120 107 106 119 107 106 100 101 98 4
109 105 392 396 105 426 669 116 114 120 102 106 5
102 102 220 223 109 273 412 110 112 116 103 105 6
108 104 113 120 109 108 113 108 106 103 106 100 7
99 101 511 496 107 276 322 103 101 96 97 94 8
103 101 358 316 102 279 321 107 99 100 100 93 9
105 100 100 106 103 100 106 104 102 101 98 98 10
105 100 99 107 102 99 101 96 99 97 97 15000 11
Chip#1
102 102 100 107 101 100 104 103 102 96 98 99 0
108 105 102 104 102 103 99 103 103 96 102 102 1
103 100 107 114 97 111 112 103 107 116 100 99 2
101 100 98 104 98 103 105 97 101 103 96 98 3
117 112 120 123 109 115 131 114 113 115 106 110 4
99 102 391 389 101 420 663 116 108 113 101 98 5
104 102 211 217 101 268 407 109 107 101 98 93 6
109 102 108 116 108 106 110 103 107 100 105 96 7
103 101 511 492 101 273 317 98 97 95 97 95 8
106 109 359 318 102 284 323 107 103 101 106 107 9
110 106 105 114 103 110 111 110 109 104 103 104 10
110 104 102 106 104 105 107 101 103 99 101 15000 11
Chip#1
109 102 102 108 107 104 105 107 103 95 101 99 0
103 99 98 104 102 101 104 103 99 96 102 99 1
106 101 114 126 103 116 129 107 117 134 105 101 2
111 107 109 123 107 114 116 113 114 122 107 112 3
105 102 122 131 107 114 135 111 107 103 98 104 4
99 97 668 654 104 726 1235 130 111 122 98 95 5
106 106 335 332 108 436 708 116 111 124 103 101 6
102 99 115 125 107 101 102 105 107 96 101 99 7
104 104 925 867 104 451 527 108 98 96 95 98 8
105 102 606 516 107 457 532 107 102 100 103 100 9
111 105 103 109 109 104 105 105 106 100 98 98 10
115 105 103 110 102 105 104 109 103 101 105 15000 11
Chip#1
103 101 96 108 103 101 102 108 99 97 106 99 0
108 100 103 106 107 109 112 109 107 104 107 102 1
109 100 116 129 104 117 132 111 121 132 106 99 2
99 101 103 110 101 111 115 101 107 115 103 99 3
101 99 116 127 100 114 130 103 101 93 97 98 4
106 111 675 664 110 730 1235 137 118 134 108 104 5
102 100 326 329 104 430 703 114 107 117 98 98 6
101 100 114 119 101 103 102 101 101 95 97 96 7
108 110 928 874 110 457 536 113 104 99 98 104 8
105 102 604 511 107 457 523 109 99 93 97 98 9
114 107 108 118 109 109 112 112 107 103 103 107 10
111 105 103 106 103 104 104 109 100 96 97 15000 11
Chip#1
127 121 121 124 124 127 125 124 122 122 118 122 0
120 116 118 126 121 125 126 123 120 119 118 116 1
129 126 135 155 132 142 159 133 144 164 131 127 2
123 119 122 130 121 131 135 126 130 141 118 123 3
124 124 138 152 128 137 153 129 131 120 122 123 4
123 121 691 680 128 748 1256 152 138 151 123 122 5
127 124 348 353 125 455 729 138 133 145 120 121 6
126 124 139 145 129 129 133 131 129 126 123 122 7
121 131 948 896 128 478 552 131 126 120 121 120 8
122 118 622 533 123 477 547 123 121 115 115 116 9
132 123 118 128 121 121 126 126 129 127 121 122 10
135 124 122 130 128 129 126 127 128 127 122 15000 11
Chip#1
119 119 114 122 117 118 123 118 123 113 115 116 0
129 121 122 130 123 130 132 130 128 131 125 122 1
115 119 129 136 116 130 146 124 135 151 120 117 2
121 119 122 130 123 124 134 125 131 143 118 120 3
120 115 135 147 128 127 150 127 125 119 117 117 4
123 120 684 678 128 742 1252 152 138 149 118 120 5
121 119 348 351 124 453 727 138 134 140 114 120 6
123 121 135 146 128 125 128 127 130 119 120 117 7
126 131 945 894 126 478 556 135 128 123 123 123 8
128 130 629 550 129 478 552 129 128 128 122 122 9
120 118 118 122 117 121 125 120 119 115 115 117 10
127 116 113 121 119 120 122 123 123 115 116 15000 11
Chip#1
121 115 117 126 123 119 123 122 123 120 120 116 0
127 119 121 133 128 128 130 127 129 124 122 123 1
117 114 125 138 116 128 145 125 131 153 115 117 2
128 123 124 138 130 136 140 129 135 143 121 125 3
122 120 137 150 129 136 155 126 130 122 117 116 4
123 124 686 673 132 744 1253 152 133 148 127 121 5
115 118 345 349 118 449 720 132 130 140 113 114 6
119 119 134 138 124 124 126 125 124 120 118 119 7
123 126 944 896 128 478 556 134 124 118 116 121 8
124 129 627 550 128 478 552 131 125 122 120 127 9
126 121 118 130 128 124 128 126 122 124 123 122 10
127 118 113 118 115 121 121 122 116 120 113 15000 11
Chip#1
126 120 114 124 122 119 126 123 124 119 120 120 0
121 121 121 128 128 125 129 126 128 126 120 121 1
119 115 127 140 115 133 148 125 135 152 120 117 2
126 123 126 133 128 131 142 130 131 140 126 127 3
123 118 141 145 124 132 152 127 130 122 120 122 4
120 120 683 674 125 739 1252 152 130 147 117 115 5
123 121 353 356 131 460 726 134 134 147 122 123 6
127 123 140 149 130 131 135 132 133 127 123 125 7
122 126 947 896 131 475 550 131 129 122 120 120 8
127 128 629 550 130 478 560 131 126 130 125 126 9
132 125 124 134 124 126 130 125 125 127 121 128 10
132 123 123 130 125 125 129 126 124 128 122 15000 11
Chip#1
126 124 118 123 128 124 125 129 125 126 116 123 0
126 120 123 127 124 125 127 130 123 128 120 122 1
120 120 132 143 123 137 151 129 134 156 127 122 2
123 120 125 128 125 129 140 129 131 141 118 122 3
126 124 145 152 130 141 157 130 128 124 123 122 4
135 131 700 686 137 757 1267 162 148 160 133 131 5
126 125 352 351 135 456 726 137 136 143 127 123 6
126 121 136 144 126 128 134 127 126 119 118 120 7
128 129 940 892 132 478 551 132 126 120 120 123 8
120 115 620 531 124 478 551 123 123 116 117 117 9
127 123 121 123 125 126 127 126 125 123 120 121 10
132 123 117 123 123 124 123 125 126 118 122 15000 11
Chip#1
120 118 117 124 121 120 121 120 123 120 120 119 0
126 119 122 130 125 126 129 129 128 128 118 122 1
126 124 132 149 125 138 155 132 143 158 128 127 2
121 116 116 127 121 125 135 125 129 136 117 116 3
120 116 139 151 125 130 151 131 128 126 121 119 4
120 118 689 675 124 744 1253 152 135 148 121 119 5
121 121 350 356 126 458 727 143 136 144 123 120 6
121 121 138 143 125 124 126 126 125 119 116 115 7
120 129 948 894 124 478 551 132 123 123 120 122 8
115 115 621 530 122 478 547 122 123 115 116 117 9
134 130 128 135 130 135 130 131 131 127 125 132 10
132 125 116 124 123 125 128 122 125 123 126 15000 11
Chip#1
120 118 117 121 122 121 125 124 124 118 120 116 0
128 125 126 135 125 131 133 131 129 130 127 129 1
120 126 133 149 122 136 154 126 138 157 127 119 2
124 121 126 135 124 131 136 129 131 144 123 123 3
120 116 139 146 121 137 153 126 125 118 117 120 4
121 121 688 675 129 746 1256 153 138 149 118 121 5
127 124 350 353 126 457 729 139 138 145 122 117 6
121 121 129 140 125 125 132 122 124 118 118 115 7
119 125 943 888 131 475 552 127 125 120 118 120 8
122 121 621 536 124 478 553 129 123 122 117 121 9
126 119 122 132 121 122 123 124 123 123 118 116 10
128 130 119 132 121 124 128 122 122 122 121 15000 11
Chip#1
104 100 94 106 97 99 101 97 97 97 95 98 0
111 106 106 113 110 107 112 110 109 105 108 105 1
102 100 113 119 97 114 128 104 112 132 103 96 2
109 106 105 110 104 110 121 108 111 122 107 106 3
103 99 118 121 102 112 129 100 99 101 100 95 4
105 105 665 658 112 726 1233 133 113 128 105 99 5
108 101 327 331 103 432 705 110 109 120 101 98 6
110 105 121 126 107 106 113 108 107 101 100 100 7
102 104 918 870 104 464 535 103 102 101 105 98 8
102 100 599 509 103 450 527 101 100 92 95 94 9
110 104 103 110 102 104 108 102 102 99 100 98 10
108 100 100 102 98 98 106 102 103 93 96 15000 11
Chip#1
109 105 100 106 105 106 105 102 104 101 103 105 0
109 100 102 109 104 109 111 102 102 99 102 96 1
105 101 107 123 100 111 128 102 116 129 103 95 2
105 101 100 113 98 106 114 105 103 118 100 98 3
101 95 115 126 100 112 128 102 97 95 98 94 4
108 105 669 663 105 718 1239 130 112 130 106 100 5
108 105 331 331 111 436 704 117 112 121 102 100 6
109 101 116 126 100 104 108 105 102 95 102 98 7
110 106 924 874 105 457 537 109 102 100 100 105 8
102 102 601 512 104 457 535 103 102 97 97 101 9
110 109 110 113 102 111 112 102 107 101 102 102 10
111 105 102 103 101 105 107 105 102 101 102 15000 11
Chip#1
108 100 95 108 101 105 101 101 101 100 103 101 0
111 105 107 113 108 107 111 109 109 109 107 105 1
108 102 116 126 104 121 131 105 116 141 106 104 2
105 101 105 106 98 112 115 107 111 122 97 104 3
106 107 121 126 100 116 132 109 106 103 100 104 4
109 106 661 654 105 724 1232 132 118 129 102 100 5
104 99 325 329 104 434 703 113 106 117 101 96 6
110 102 119 121 107 109 111 105 106 101 96 99 7
105 112 915 871 110 464 532 109 103 96 96 100 8
105 102 604 530 102 457 528 105 103 100 98 101 9
112 110 104 112 104 110 112 104 106 108 105 105 10
112 106 99 102 104 104 108 103 101 95 100 15000 11
Chip#1
121 123 114 128 122 127 126 124 124 118 120 122 0
128 126 121 134 130 135 137 127 128 127 127 128 1
126 115 136 144 124 138 153 125 133 153 123 123 2
123 121 124 126 125 132 138 130 126 141 116 122 3
119 114 137 141 123 135 151 132 123 120 117 120 4
126 119 684 674 129 744 1259 154 135 149 121 116 5
127 123 346 355 131 458 726 134 130 134 118 123 6
129 129 141 146 129 131 136 131 131 124 128 125 7
122 125 939 890 132 472 553 127 120 120 117 121 8
122 123 623 533 126 478 551 125 123 120 121 122 9
133 126 123 132 129 131 129 126 125 123 125 129 10
132 123 119 130 122 120 126 124 119 122 117 15000 11
Chip#1
122 119 113 122 122 122 122 125 122 118 118 116 0
124 121 117 126 122 124 127 130 122 122 125 123 1
121 116 124 141 115 131 144 123 135 155 120 116 2
123 121 121 132 123 132 132 127 125 141 120 126 3
128 124 146 157 131 141 157 135 129 127 123 127 4
124 123 684 677 126 746 1254 152 135 151 121 121 5
123 125 352 356 133 458 726 136 138 147 125 127 6
120 118 136 143 125 127 129 124 123 119 117 117 7
123 131 942 892 130 485 553 135 126 122 122 127 8
122 121 622 536 125 475 550 131 124 116 120 116 9
124 119 118 124 121 120 127 120 124 120 115 119 10
129 119 121 122 122 120 125 125 119 116 120 15000 11
Chip#1
123 128 122 129 129 133 129 130 135 128 118 126 0
120 121 117 126 128 124 123 125 128 120 120 120 1
124 125 136 151 125 139 151 127 138 158 126 125 2
123 120 124 132 121 127 137 124 130 141 121 119 3
126 116 140 153 128 139 151 131 134 123 122 125 4
133 125 688 684 131 745 1254 155 141 149 127 126 5
133 129 353 358 128 461 734 143 140 148 125 125 6
126 121 140 145 128 127 130 127 134 119 117 119 7
117 121 937 889 126 485 548 123 125 118 118 116 8
122 126 623 531 129 478 551 127 126 119 120 120 9
133 130 127 134 128 130 132 125 136 126 127 130 10
133 129 123 123 128 125 129 127 125 126 120 15000 11
Chip#2
122 123 133 119 129 126 124 117 122 120 118 122 0
125 127 124 120 130 129 123 117 117 115 123 121 1
124 125 123 122 129 129 124 118 114 117 121 121 2
128 128 134 129 135 131 134 123 123 124 126 126 3
124 129 126 129 135 126 130 121 118 122 126 121 4
133 132 130 127 133 135 129 122 124 121 126 127 5
129 127 134 131 132 135 217 196 122 161 189 126 6
128 128 135 135 136 139 342 290 129 194 225 132 7
133 125 130 125 133 131 137 134 122 127 132 122 8
128 124 129 120 127 129 154 157 122 165 220 130 9
125 125 125 120 124 132 209 232 125 221 335 145 10
128 125 129 125 134 130 137 138 122 130 143 15000 11
Chip#1
133 130 127 132 129 133 127 135 133 131 125 133 0
128 120 121 127 126 126 134 120 126 123 123 120 1
124 119 136 146 122 138 152 130 143 159 122 123 2
122 118 119 126 118 126 130 120 129 138 118 116 3
126 120 145 152 125 138 154 130 129 124 123 117 4
123 123 680 673 125 739 1254 146 135 143 120 116 5
124 120 346 350 124 452 726 134 140 144 122 120 6
120 123 137 143 126 131 132 124 129 119 122 120 7
126 130 951 898 135 478 562 134 131 123 122 126 8
124 123 621 538 122 478 553 125 124 119 118 121 9
123 124 122 127 121 126 130 123 125 124 121 122 10
130 124 124 127 129 124 126 125 123 126 122 15000 11
Chip#2
121 120 123 110 117 119 119 113 117 114 118 118 0
123 122 123 120 125 122 119 111 117 118 121 118 1
125 124 125 119 125 127 124 115 116 120 121 121 2
123 124 126 126 128 126 126 117 117 118 122 121 3
118 123 120 126 129 124 128 115 116 123 122 114 4
119 122 120 115 123 120 118 115 114 115 113 118 5
124 128 131 126 130 130 214 196 120 162 189 128 6
124 127 129 132 130 131 338 286 119 191 220 129 7
119 119 120 114 121 120 135 124 111 118 123 119 8
125 127 128 122 122 126 150 156 119 162 220 128 9
125 129 121 121 124 130 211 233 122 226 341 144 10
124 127 124 120 119 127 136 134 119 124 145 15000 11
Chip#1
124 124 121 121 124 127 127 124 126 120 122 117 0
124 124 118 130 126 125 129 130 126 128 123 119 1
119 114 131 139 118 132 150 122 133 149 120 116 2
128 121 122 135 125 132 141 126 135 141 123 122 3
132 121 141 149 124 138 154 130 130 124 122 122 4
123 121 684 677 136 745 1254 155 141 156 127 123 5
117 116 346 346 121 452 722 131 130 136 115 115 6
126 119 136 143 122 125 132 125 125 119 118 117 7
117 124 945 892 128 471 550 130 128 119 120 121 8
132 128 626 550 133 478 558 131 131 124 123 127 9
124 123 119 123 128 125 129 119 123 119 116 122 10
139 129 122 132 128 126 129 126 130 123 127 15000 11
Chip#2
122 128 126 122 128 125 124 120 120 121 123 121 0
120 128 125 119 127 122 120 113 117 116 117 119 1
125 129 129 121 128 129 129 120 126 126 124 128 2
124 123 128 129 127 129 130 124 122 124 127 123 3
123 123 125 126 129 125 134 122 120 124 123 119 4
120 122 124 116 122 122 122 115 118 121 119 121 5
124 124 129 126 129 130 215 194 122 162 186 127 6
118 123 124 127 128 130 334 286 119 185 210 121 7
125 128 130 129 129 126 140 132 120 124 130 123 8
124 128 128 124 124 124 154 158 122 165 216 129 9
127 127 126 122 125 126 215 233 125 230 344 147 10
109 111 110 108 111 106 119 120 105 117 129 15000 11
Chip#1
106 104 100 107 101 103 106 103 103 100 103 102 0
106 99 103 108 98 105 105 105 103 100 102 102 1
111 106 117 127 105 124 134 108 123 140 109 100 2
105 102 108 114 98 106 116 104 114 117 100 99 3
110 101 126 130 107 117 130 105 107 101 98 100 4
110 106 672 663 108 730 1234 131 118 132 107 101 5
102 96 332 331 107 433 708 110 111 121 100 96 6
103 101 114 123 101 100 108 101 102 96 97 95 7
101 100 916 857 100 441 520 97 96 84 89 89 8
104 104 608 530 107 457 531 103 99 91 97 99 9
115 109 107 115 105 106 109 105 109 100 103 104 10
120 109 105 112 105 111 109 108 107 97 107 15000 11
Chip#2
111 114 111 108 112 111 113 104 110 103 109 114 0
106 105 104 102 105 107 104 97 99 104 104 105 1
107 100 106 103 108 108 105 96 104 101 105 106 2
118 110 112 115 117 113 117 107 110 110 114 114 3
109 111 110 117 117 112 114 109 105 110 110 110 4
105 106 106 105 107 107 102 97 101 99 101 103 5
105 101 105 107 108 103 193 176 99 136 166 106 6
106 100 102 112 110 108 319 284 100 164 199 105 7
111 109 110 109 112 111 122 114 108 105 111 109 8
113 103 107 104 104 107 139 142 102 152 203 110 9
105 108 104 102 107 106 197 211 101 204 324 129 10
110 106 105 104 105 107 118 116 102 109 128 15000 11
Chip#1
104 100 96 101 102 104 104 102 102 95 100 98 0
101 94 98 106 101 106 106 97 98 100 102 98 1
106 99 117 125 108 117 135 110 114 132 103 102 2
106 101 102 112 104 110 117 105 112 115 98 100 3
109 99 122 125 107 114 127 104 108 96 102 102 4
102 100 663 653 108 719 1226 126 113 120 100 92 5
105 100 331 332 107 437 704 113 112 118 100 101 6
114 110 121 133 110 110 115 107 113 100 107 108 7
104 106 924 869 107 457 531 108 104 95 100 104 8
102 101 604 522 97 457 532 98 96 91 95 95 9
116 106 108 113 110 106 114 108 106 100 106 107 10
115 105 103 104 103 103 105 107 101 91 102 15000 11
Chip#2
110 110 107 103 106 109 101 102 106 102 106 110 0
105 109 107 104 110 109 107 99 105 103 106 108 1
110 110 111 107 112 106 106 102 102 109 109 110 2
110 109 110 112 110 107 113 103 105 107 109 105 3
110 108 109 114 114 107 111 100 102 105 110 108 4
104 105 109 103 105 106 101 98 100 101 102 100 5
103 100 99 98 104 103 186 172 96 140 162 99 6
104 110 105 110 116 109 319 286 102 170 207 108 7
107 110 110 107 110 109 120 113 105 105 113 108 8
109 109 105 104 108 108 133 140 105 148 207 109 9
106 108 104 102 108 107 192 217 108 210 318 125 10
111 110 114 109 110 106 120 121 108 112 134 15000 11
Chip#1
110 99 100 104 103 98 108 102 101 100 100 101 0
103 96 97 107 100 98 106 105 103 96 96 95 1
103 100 116 124 101 115 132 107 112 130 105 98 2
103 106 105 113 104 115 119 109 112 117 103 102 3
102 94 113 121 100 112 128 97 102 90 97 92 4
106 105 665 655 107 726 1238 134 118 133 107 105 5
103 96 328 328 103 432 704 110 111 115 102 98 6
105 97 115 120 104 106 108 100 100 95 97 96 7
105 107 921 872 112 454 535 109 108 99 100 101 8
103 97 601 510 101 457 530 103 102 90 95 98 9
111 105 108 113 102 109 108 104 104 99 103 102 10
121 105 103 106 107 104 109 105 106 97 105 15000 11
Chip#2
100 101 95 94 102 98 100 92 94 93 99 98 0
106 110 105 104 110 106 105 99 102 101 106 101 1
103 100 103 102 104 102 101 97 99 94 101 103 2
99 98 98 102 104 97 101 95 94 96 100 96 3
106 108 107 114 115 109 112 107 102 107 109 106 4
101 109 101 103 105 106 100 100 96 99 101 103 5
111 113 109 113 116 114 200 183 105 147 177 114 6
107 108 105 114 114 109 323 271 101 171 203 109 7
105 101 103 103 101 106 114 111 99 96 105 103 8
106 104 105 104 107 107 132 140 101 146 204 112 9
102 109 99 102 106 101 194 213 106 202 320 127 10
104 103 96 102 102 98 112 111 101 102 126 15000 11
Chip#1
105 101 105 103 109 103 106 98 104 99 103 100 0
109 101 104 112 104 107 108 107 107 101 106 101 1
105 99 110 123 98 114 129 102 114 133 102 102 2
104 99 105 109 102 108 115 104 108 118 101 100 3
105 104 120 126 109 112 132 102 103 100 98 100 4
105 105 668 657 105 720 1235 129 112 125 98 99 5
106 105 329 332 107 437 706 116 112 122 106 102 6
111 107 121 131 114 106 115 108 107 101 105 104 7
106 109 923 872 114 464 536 109 103 100 103 104 8
110 111 610 518 110 457 535 108 109 99 106 105 9
112 101 106 112 105 105 111 104 103 101 100 102 10
116 105 102 102 100 100 102 103 103 96 100 15000 11
Chip#2
97 99 100 96 104 102 95 95 99 96 102 99 0
111 106 106 105 112 111 104 104 102 101 105 108 1
107 104 104 100 107 101 102 99 100 98 104 103 2
107 101 106 109 111 107 112 104 100 101 109 104 3
115 110 112 115 119 113 117 109 105 109 114 108 4
100 108 103 99 100 103 99 95 98 97 99 99 5
107 103 107 109 108 111 194 181 101 148 171 108 6
101 101 104 108 107 108 313 265 101 165 198 103 7
113 112 109 109 113 111 123 118 109 110 114 109 8
109 106 110 102 110 107 133 140 104 148 203 111 9
100 95 96 98 101 98 181 211 98 201 315 121 10
111 109 111 107 113 111 117 124 104 113 137 15000 11
Chip#1
132 128 126 134 129 132 133 132 133 135 134 131 0
127 119 122 128 124 128 123 130 120 118 121 114 1
127 123 137 151 128 141 156 125 135 157 128 123 2
123 119 123 130 123 128 137 122 133 141 120 120 3
129 121 138 155 126 138 152 130 128 120 123 123 4
124 123 690 681 131 742 1256 159 140 152 125 122 5
126 125 352 355 132 459 730 138 136 147 127 127 6
122 121 138 139 129 126 130 124 126 118 117 121 7
126 131 947 896 128 475 553 130 126 122 121 120 8
120 124 625 532 126 485 554 129 123 116 118 121 9
130 123 123 129 129 127 130 129 128 130 122 125 10
132 125 123 126 125 127 126 126 128 122 122 15000 11
Chip#2
0 0 0 0 0 0 0 0 0 0 0 0 0
0 0 0 0 0 0 0 0 0 0 0 0 1
0 0 0 0 0 0 0 0 0 0 0 0 2
0 0 0 0 0 0 0 0 0 0 0 0 3
0 0 0 0 0 0 0 0 0 0 0 0 4
0 0 0 0 0 0 0 0 0 0 0 0 5
0 0 0 0 0 0 0 0 0 0 0 0 6
0 0 0 0 0 0 0 0 0 0 0 0 7
0 0 0 0 0 0 0 0 0 0 0 0 8
0 0 0 0 0 0 0 0 0 0 0 0 9
0 0 0 0 0 0 0 0 0 0 0 0 10
0 0 0 0 0 0 0 0 0 0 0 15000 11
Chip#1
126 126 119 126 123 122 123 120 126 123 131 121 0
127 119 123 129 126 124 130 122 128 126 128 125 1
126 124 139 147 128 136 157 130 143 158 127 125 2
119 115 117 126 118 124 134 117 123 136 116 117 3
124 124 144 150 126 135 157 131 129 122 122 120 4
124 123 691 675 130 740 1256 150 138 152 125 119 5
123 121 350 353 129 453 726 133 130 140 121 117 6
122 120 136 143 123 126 130 126 130 119 121 119 7
124 128 949 892 130 485 554 127 130 116 122 123 8
124 124 626 539 129 478 554 126 126 123 125 121 9
126 119 121 128 122 118 127 119 121 118 120 119 10
132 120 119 126 123 121 125 123 129 120 122 15000 11
Chip#2
0 0 0 0 0 0 0 0 0 0 0 0 0
0 0 0 0 0 0 0 0 0 0 0 0 1
0 0 0 0 0 0 0 0 0 0 0 0 2
0 0 0 0 0 0 0 0 0 0 0 0 3
0 0 0 0 0 0 0 0 0 0 0 0 4
0 0 0 0 0 0 0 0 0 0 0 0 5
0 0 0 0 0 0 0 0 0 0 0 0 6
0 0 0 0 0 0 0 0 0 0 0 0 7
0 0 0 0 0 0 0 0 0 0 0 0 8
0 0 0 0 0 0 0 0 0 0 0 0 9
0 0 0 0 0 0 0 0 0 0 0 0 10
0 0 0 0 0 0 0 0 0 0 0 15000 11
Chip#1
127 126 123 129 125 127 126 131 126 131 131 126 0
117 112 114 117 117 118 122 119 119 118 116 113 1
130 118 138 146 124 138 153 130 141 158 129 125 2
120 119 123 128 124 130 134 122 126 135 120 119 3
124 119 147 149 128 136 156 132 129 128 122 122 4
123 120 688 673 126 745 1251 151 136 149 122 117 5
128 123 355 353 133 461 732 137 140 145 125 129 6
130 124 146 147 130 133 135 129 131 124 129 128 7
120 119 939 886 123 465 547 129 122 119 116 117 8
126 129 629 537 126 478 550 130 125 126 122 122 9
127 123 123 126 128 124 126 124 123 120 123 123 10
132 119 116 119 118 121 123 119 122 118 117 15000 11
Chip#2
0 0 0 0 0 0 0 0 0 0 0 0 0
0 0 0 0 0 0 0 0 0 0 0 0 1
0 0 0 0 0 0 0 0 0 0 0 0 2
0 0 0 0 0 0 0 0 0 0 0 0 3
0 0 0 0 0 0 0 0 0 0 0 0 4
0 0 0 0 0 0 0 0 0 0 0 0 5
0 0 0 0 0 0 0 0 0 0 0 0 6
0 0 0 0 0 0 0 0 0 0 0 0 7
0 0 0 0 0 0 0 0 0 0 0 0 8
0 0 0 0 0 0 0 0 0 0 0 0 9
0 0 0 0 0 0 0 0 0 0 0 0 10
0 0 0 0 0 0 0 0 0 0 0 15000 11
