Chip#1
101 97 103 99 102 112 105 95 96 108 106 99 0
106 103 107 101 104 112 112 103 103 108 110 98 1
110 109 110 106 106 108 112 102 102 113 109 102 2
107 109 112 173 118 111 111 114 113 110 108 98 3
109 100 105 134 103 112 107 112 111 106 110 101 4
108 105 108 106 105 113 107 103 104 111 106 99 5
102 109 109 101 105 112 111 99 99 111 109 101 6
101 99 102 117 108 107 106 116 129 105 106 100 7
106 108 113 150 127 113 105 173 145 115 112 103 8
101 99 100 101 100 103 107 99 100 108 104 95 9
114 108 113 108 109 112 117 109 107 116 113 108 10
106 104 105 101 106 110 108 105 101 112 116 15000 11
Chip#2
103 98 104 105 99 102 107 100 109 98 102 96 0
97 96 102 98 102 105 108 99 107 100 98 101 1
104 100 109 104 102 99 108 100 106 98 97 99 2
101 107 107 104 105 107 110 100 110 103 103 101 3
100 95 112 105 103 102 109 100 112 104 101 104 4
101 98 103 107 103 102 108 100 112 96 99 102 5
100 104 107 104 103 108 115 100 116 105 107 105 6
101 104 109 105 103 103 114 100 112 104 102 104 7
108 105 113 106 103 108 117 100 121 110 104 105 8
103 104 112 107 114 108 111 100 117 110 106 102 9
99 94 102 99 101 97 103 100 102 96 97 98 10
98 94 101 102 97 96 107 100 109 96 98 15000 11
Chip#3
107 100 102 106 105 113 97 104 91 105 99 106 0
100 98 99 105 102 120 93 103 97 103 101 105 1
96 89 93 101 100 108 93 98 92 96 95 99 2
103 99 100 106 103 120 95 105 100 106 104 106 3
97 98 96 102 98 112 95 103 97 98 100 106 4
100 95 98 99 105 120 97 104 95 97 101 102 5
98 94 96 101 93 120 89 103 89 98 98 102 6
106 101 105 105 102 120 104 105 98 103 104 108 7
104 101 104 112 106 120 101 103 99 106 108 107 8
104 96 100 101 99 108 90 101 96 101 97 103 9
106 100 107 113 103 120 100 104 97 101 105 110 10
95 90 91 94 92 106 90 94 88 97 93 15000 11
Chip#4
101 93 102 97 99 101 104 101 104 96 101 98 0
98 96 100 97 104 101 101 96 106 96 99 97 1
102 98 107 103 103 103 104 102 105 94 103 102 2
105 101 107 104 112 108 107 104 108 104 106 101 3
102 102 110 106 112 110 113 106 111 98 109 106 4
101 94 100 99 104 101 106 102 106 97 104 101 5
107 101 106 99 103 101 106 99 107 94 103 106 6
102 99 102 97 106 105 106 104 106 96 108 105 7
105 103 106 104 112 106 108 109 110 101 110 108 8
104 98 102 103 104 103 106 98 108 96 101 100 9
107 107 107 106 112 106 111 104 111 101 112 106 10
104 102 104 102 109 105 106 101 110 103 106 15000 11
Chip#1
109 104 102 103 103 98 105 100 104 102 108 99 0
111 105 111 103 106 109 110 109 101 110 106 103 1
106 105 108 109 104 108 107 104 100 111 106 100 2
102 95 119 543 182 102 103 162 165 103 106 94 3
109 109 113 341 106 104 108 140 157 112 112 102 4
100 100 102 97 98 103 98 98 93 100 102 92 5
110 104 104 104 104 106 108 104 101 107 106 99 6
104 100 107 239 142 105 102 209 282 105 103 94 7
110 100 114 416 242 106 103 534 329 106 108 97 8
110 108 113 114 109 108 109 119 117 108 113 103 9
102 99 103 97 100 102 103 100 99 103 104 99 10
114 104 105 102 104 103 105 104 100 102 104 15000 11
Chip#2
104 100 106 104 103 103 107 100 115 102 101 107 0
98 100 102 101 101 98 107 100 107 99 99 102 1
103 105 107 106 101 101 105 100 109 100 103 106 2
111 110 118 110 167 117 119 100 126 122 109 111 3
104 103 108 114 151 117 115 100 127 130 107 106 4
108 105 114 110 105 104 119 100 115 106 101 105 5
104 102 106 104 89 99 105 100 110 105 101 108 6
108 107 112 110 116 109 111 100 147 119 108 106 7
108 105 111 109 154 122 105 100 213 185 106 104 8
100 102 107 103 114 94 105 100 117 112 98 102 9
103 107 111 105 89 102 114 100 105 100 104 104 10
107 108 108 110 105 105 114 100 117 106 103 15000 11
Chip#3
106 98 104 109 107 113 101 105 100 103 105 108 0
104 98 103 107 103 120 101 104 101 105 109 106 1
106 105 103 109 107 120 101 108 104 108 109 104 2
108 99 103 118 117 116 97 117 130 111 104 106 3
101 96 99 111 111 113 95 108 125 102 100 105 4
109 104 105 109 106 120 105 105 102 108 104 108 5
102 100 100 103 103 115 97 103 98 107 103 102 6
106 99 104 111 109 120 97 106 104 105 104 104 7
101 96 97 119 115 105 95 96 104 101 100 98 8
101 98 102 101 104 109 94 98 95 101 103 100 9
110 107 108 109 110 116 102 106 106 113 109 106 10
100 101 101 104 103 110 95 99 100 99 100 15000 11
Chip#4
105 98 104 102 99 101 107 104 103 97 108 104 0
104 98 100 97 100 100 108 99 103 94 102 105 1
105 97 104 101 103 101 107 104 103 97 106 105 2
104 94 106 99 115 105 107 106 114 112 102 102 3
104 107 106 106 124 112 104 105 124 115 109 104 4
104 98 103 99 106 100 104 106 104 98 106 101 5
105 101 107 104 112 106 111 109 110 104 112 108 6
104 101 100 106 110 109 111 109 110 102 107 106 7
105 101 107 105 121 108 111 106 110 104 106 104 8
105 101 107 103 113 108 114 105 104 100 108 106 9
104 98 106 100 107 105 110 102 106 97 104 102 10
115 106 113 108 115 110 116 109 113 105 114 15000 11
Chip#1
115 108 114 107 108 114 107 107 104 112 110 105 0
114 108 114 109 105 113 117 112 110 113 113 104 1
108 104 104 107 106 104 110 105 103 111 108 102 2
101 97 127 864 240 107 99 208 213 100 98 97 3
109 103 112 468 109 111 110 167 190 108 112 103 4
114 109 117 115 112 115 115 114 110 115 110 104 5
105 109 107 103 107 112 109 104 103 113 110 105 6
108 100 104 326 167 106 107 274 393 106 104 99 7
101 97 117 584 327 104 103 792 449 101 102 95 8
113 108 114 115 106 110 109 127 124 108 109 106 9
106 109 107 104 105 108 106 100 102 107 106 104 10
117 109 111 111 109 113 110 112 110 110 113 15000 11
Chip#2
109 104 107 110 105 102 109 100 112 104 103 102 0
113 112 116 117 105 110 112 101 118 107 115 111 1
109 104 106 108 105 104 108 100 112 108 101 108 2
106 104 106 112 225 116 106 100 137 131 103 107 3
109 112 113 124 219 128 119 105 157 155 112 111 4
102 103 109 107 89 104 108 99 113 103 105 107 5
101 98 104 107 103 98 104 100 109 103 102 101 6
109 112 115 112 146 112 117 101 174 129 112 110 7
106 105 112 121 224 154 108 100 327 272 109 107 8
113 108 115 112 132 108 117 101 137 128 105 104 9
106 102 104 104 105 100 106 100 107 102 104 103 10
108 104 106 106 105 103 112 100 110 107 103 15000 11
Chip#3
108 106 105 112 110 120 102 110 110 111 109 108 0
113 108 113 114 110 120 109 109 107 114 113 110 1
116 111 109 113 110 120 105 109 110 112 110 113 2
104 103 105 127 124 108 101 134 153 106 105 108 3
115 109 108 128 127 119 102 122 152 118 111 113 4
106 99 102 103 109 109 96 105 98 103 106 107 5
109 105 107 105 105 120 102 113 104 108 109 109 6
115 113 112 132 117 119 110 115 116 116 116 116 7
110 103 111 146 141 117 102 109 117 111 110 107 8
110 107 107 110 111 119 106 110 101 115 110 111 9
110 108 105 106 106 119 102 110 102 110 106 105 10
111 105 106 107 107 120 104 104 104 106 105 15000 11
Chip#4
110 106 110 111 112 113 111 115 113 105 103 108 0
108 106 110 106 110 109 113 114 113 108 109 108 1
108 105 104 108 104 112 110 108 107 108 107 105 2
108 105 110 105 129 110 108 105 120 123 108 105 3
111 110 107 107 136 114 113 111 146 127 112 108 4
107 106 110 106 112 109 110 106 113 106 109 106 5
107 106 107 107 112 105 110 108 113 105 106 106 6
110 106 109 110 109 113 114 109 114 109 114 108 7
111 107 104 110 142 110 108 108 118 112 111 106 8
111 107 112 108 124 109 116 108 113 105 109 109 9
111 105 107 108 115 112 111 111 111 104 111 101 10
110 106 109 110 113 108 110 108 114 104 106 15000 11
Chip#1
109 101 107 101 100 102 103 100 101 100 106 101 0
104 97 105 96 99 102 103 97 101 100 104 97 1
100 100 103 102 98 104 102 100 99 108 101 95 2
111 105 137 865 254 106 110 212 226 106 106 100 3
117 109 117 501 118 115 116 176 190 115 113 109 4
109 109 108 107 108 105 111 107 103 111 103 103 5
105 109 109 102 102 102 106 98 103 107 104 98 6
105 101 104 343 173 102 103 283 421 102 105 97 7
106 100 119 630 356 110 106 853 486 101 102 101 8
108 104 111 119 110 113 112 132 129 112 108 105 9
105 100 99 102 102 102 106 99 101 102 102 99 10
119 109 110 104 111 105 107 111 105 111 112 15000 11
Chip#2
104 102 109 108 103 102 111 100 105 104 104 110 0
112 112 109 111 103 109 117 100 116 113 107 109 1
104 104 103 107 99 98 104 99 105 99 99 99 2
111 104 104 110 279 123 110 100 141 139 101 106 3
108 106 113 131 257 130 119 101 161 173 109 108 4
109 107 109 110 105 109 117 101 111 103 109 107 5
111 113 114 113 105 108 115 101 117 110 111 110 6
109 104 109 110 158 108 118 100 186 135 106 106 7
114 109 111 125 275 164 117 102 401 334 114 112 8
111 110 112 110 143 108 121 101 142 143 108 108 9
112 108 111 106 89 107 116 100 112 104 103 102 10
113 110 115 110 105 114 116 100 117 108 107 15000 11
Chip#3
117 108 109 113 113 119 111 110 111 112 115 113 0
115 111 114 113 114 120 110 116 110 121 119 112 1
104 98 103 105 101 112 94 103 97 103 99 103 2
108 109 105 146 145 120 104 145 181 111 114 106 3
116 110 113 146 146 120 104 128 176 116 110 115 4
106 103 105 110 109 120 102 108 101 108 106 107 5
114 107 113 113 113 119 105 111 106 113 110 117 6
108 100 99 127 106 116 101 104 111 106 100 106 7
115 106 114 165 162 120 108 112 129 114 109 110 8
117 109 117 118 115 119 111 115 109 116 113 112 9
117 114 111 118 117 120 106 114 111 116 114 114 10
116 114 113 111 116 120 108 114 108 113 111 15000 11
Chip#4
111 110 109 107 109 108 110 109 108 104 112 110 0
113 109 113 108 110 112 118 109 114 105 112 112 1
113 107 113 108 112 109 114 111 111 111 111 109 2
117 115 116 121 151 122 122 118 128 146 119 113 3
108 105 109 113 148 114 110 109 149 146 109 106 4
113 109 109 108 110 112 108 109 117 108 109 105 5
118 112 119 113 119 116 118 116 120 112 122 116 6
117 105 113 110 118 113 116 112 117 111 114 110 7
115 105 113 114 154 121 117 115 124 120 116 108 8
115 111 119 117 130 116 116 118 123 108 116 112 9
115 107 114 115 115 113 114 109 115 108 114 113 10
120 115 116 115 118 120 118 119 123 115 117 15000 11
Chip#1
111 109 104 100 102 103 103 100 99 107 103 98 0
109 108 104 102 102 103 105 107 103 107 102 102 1
104 109 102 106 98 105 105 105 101 101 103 98 2
114 109 140 944 261 111 110 227 239 115 113 107 3
115 109 119 540 118 108 108 184 198 115 112 107 4
108 100 108 107 103 104 106 103 105 105 109 99 5
106 108 109 107 106 103 108 108 104 107 105 102 6
111 109 111 366 187 108 111 311 446 115 110 104 7
110 104 126 676 381 109 111 917 524 110 109 104 8
102 103 112 116 103 102 108 130 120 108 105 97 9
113 105 112 107 108 102 105 110 103 110 110 108 10
119 108 105 102 98 101 106 107 106 107 109 15000 11
Chip#2
119 110 113 115 105 120 121 104 119 117 116 114 0
105 98 106 109 89 105 115 100 110 104 106 104 1
114 109 116 115 105 114 120 102 115 109 109 111 2
114 110 115 121 338 133 118 101 157 157 108 113 3
109 108 118 127 305 131 117 105 172 177 108 100 4
111 104 107 108 105 107 116 101 115 107 109 109 5
110 103 111 108 55 104 117 100 112 110 107 103 6
105 99 105 108 175 108 112 100 211 137 104 101 7
105 105 109 122 322 176 115 100 475 389 104 107 8
119 111 115 116 166 115 119 109 161 160 111 117 9
114 109 112 110 105 109 119 102 115 109 107 111 10
120 114 116 115 114 115 119 103 120 110 112 15000 11
Chip#3
116 106 113 113 114 120 108 106 104 113 113 115 0
113 107 112 113 110 120 111 110 109 116 111 118 1
113 106 112 109 112 120 106 114 114 121 114 114 2
113 111 113 146 161 120 109 164 204 117 109 116 3
109 109 113 146 149 120 108 132 195 121 114 108 4
112 107 108 114 113 120 108 111 102 113 111 114 5
113 109 113 113 111 119 107 110 104 115 111 113 6
112 103 110 146 117 120 104 109 116 107 109 109 7
120 111 114 188 182 120 109 119 139 121 115 120 8
118 113 117 117 120 120 110 115 112 118 115 115 9
113 111 113 114 115 119 110 116 109 117 115 117 10
127 117 117 119 118 119 106 118 113 117 116 15000 11
Chip#4
120 107 117 111 121 112 122 118 117 112 119 118 0
120 111 117 115 115 114 121 116 120 113 119 114 1
111 106 116 114 109 113 116 112 114 111 114 113 2
118 111 119 117 148 122 118 114 142 146 122 120 3
117 114 122 120 154 127 121 116 172 153 125 114 4
122 117 119 120 124 114 121 118 123 115 122 118 5
118 110 114 113 116 116 116 112 118 113 119 114 6
120 109 116 114 123 120 118 118 118 117 123 112 7
118 110 120 121 155 125 121 114 127 127 116 114 8
117 109 116 115 136 117 122 116 117 109 116 116 9
121 112 124 118 116 117 121 119 121 115 119 118 10
125 114 128 122 122 117 122 121 124 117 124 15000 11
Chip#1
105 108 111 107 100 107 107 105 100 105 108 99 0
109 105 111 105 103 104 104 105 104 108 109 102 1
105 108 109 104 103 108 111 103 104 112 109 106 2
106 101 107 167 115 104 103 114 107 105 106 99 3
108 104 105 138 103 106 111 112 111 105 110 103 4
104 100 105 103 96 101 103 103 99 102 105 100 5
100 101 102 101 98 98 99 96 95 100 103 95 6
111 104 107 127 109 104 103 122 129 106 106 105 7
108 108 112 152 126 107 104 172 142 108 104 103 8
100 100 100 96 94 99 95 99 95 97 102 93 9
106 108 109 103 100 104 110 110 102 106 110 99 10
110 103 103 97 96 99 100 107 97 105 104 15000 11
Chip#2
105 98 103 102 104 97 107 100 104 103 103 100 0
101 97 96 102 102 99 105 98 102 102 98 100 1
97 99 97 103 102 96 108 99 107 100 102 99 2
97 102 104 104 102 98 107 100 105 106 101 99 3
99 103 102 104 102 102 108 100 109 101 104 102 4
99 98 101 108 103 99 108 100 107 102 103 100 5
101 104 98 104 102 95 107 99 110 98 102 101 6
106 105 103 106 102 105 111 100 115 108 111 102 7
97 99 101 105 102 97 104 100 114 110 99 101 8
103 105 104 108 102 105 114 100 111 106 99 105 9
95 97 95 95 97 91 99 100 98 94 93 96 10
104 110 111 108 97 105 114 100 116 107 103 15000 11
Chip#3
104 96 99 103 98 104 95 98 93 102 96 99 0
100 97 93 101 98 103 94 101 96 103 97 97 1
100 94 93 96 100 100 91 97 96 100 97 95 2
102 100 98 103 98 110 95 101 97 97 99 98 3
101 96 96 101 99 108 93 102 95 101 102 98 4
98 101 93 101 96 108 92 99 92 103 95 99 5
95 96 93 96 92 105 91 94 91 98 93 97 6
101 100 98 100 101 108 91 102 98 103 97 99 7
95 94 85 96 95 100 91 93 95 96 95 93 8
101 98 99 103 100 106 97 103 100 106 99 102 9
101 98 98 99 94 101 96 97 91 103 95 97 10
101 101 102 103 100 106 98 102 97 103 103 15000 11
Chip#4
104 96 104 104 100 102 111 105 110 100 105 104 0
96 94 94 96 98 97 104 96 101 96 99 95 1
102 97 106 100 101 100 107 101 110 100 102 99 2
100 89 94 100 95 98 98 95 103 98 99 96 3
105 98 104 101 100 101 110 99 104 98 106 101 4
94 87 92 90 93 90 97 92 100 92 96 96 5
102 97 106 101 106 105 110 105 106 103 108 103 6
104 94 103 97 101 102 104 102 106 101 103 102 7
94 88 93 92 93 92 96 93 96 96 98 91 8
104 93 103 103 101 98 108 102 106 100 106 101 9
102 98 94 100 97 96 100 99 100 97 99 93 10
104 100 99 101 104 98 107 99 104 101 108 15000 11
Chip#1
110 109 111 106 108 104 110 108 107 111 109 105 0
110 106 107 102 105 104 111 112 106 108 109 107 1
100 97 102 99 99 98 102 107 99 100 101 95 2
108 109 112 236 124 102 98 126 129 102 108 102 3
110 105 109 175 106 107 107 121 125 110 108 109 4
110 106 113 107 108 112 111 110 107 108 112 104 5
98 95 100 96 94 97 100 98 95 100 99 89 6
101 96 103 138 104 94 100 130 151 97 98 95 7
109 103 109 201 145 102 110 231 181 111 106 102 8
113 109 108 111 105 108 111 113 110 110 109 108 9
100 99 102 98 100 99 105 100 98 100 103 98 10
104 97 96 101 96 99 98 103 96 103 102 15000 11
Chip#2
96 99 97 102 98 93 100 99 102 98 97 95 0
100 102 104 104 98 99 99 100 105 96 100 97 1
105 109 100 104 98 101 111 100 110 97 107 104 2
99 103 106 104 114 103 107 100 109 102 102 100 3
100 103 104 104 105 101 108 100 109 102 103 96 4
108 103 106 108 105 106 107 100 109 102 104 102 5
99 100 99 108 101 96 98 100 106 97 98 98 6
103 108 105 106 101 99 107 100 117 104 104 101 7
109 113 114 114 114 112 112 102 138 123 112 108 8
106 105 111 111 105 104 110 100 117 108 109 106 9
99 100 102 106 96 95 100 99 102 93 98 96 10
106 105 107 111 96 104 114 100 119 103 108 15000 11
Chip#3
108 99 104 102 106 109 99 105 100 106 103 104 0
100 94 100 103 99 109 98 99 97 101 100 102 1
111 101 102 101 102 115 101 106 100 106 104 103 2
96 94 96 103 99 103 94 101 98 98 100 97 3
102 100 104 104 103 109 95 108 105 105 102 103 4
103 98 106 110 102 120 95 103 104 102 100 108 5
105 99 104 101 98 108 98 104 100 105 100 104 6
106 101 104 104 101 106 98 105 100 104 105 106 7
95 91 93 101 97 106 88 97 93 100 93 97 8
102 101 105 103 105 114 102 105 101 104 103 104 9
108 107 105 103 103 120 101 105 102 109 105 107 10
108 105 102 103 103 113 99 105 102 108 105 15000 11
Chip#4
100 96 100 101 103 101 101 101 100 97 101 100 0
104 96 102 100 104 102 108 102 103 105 103 100 1
96 88 93 94 97 93 101 95 94 97 96 93 2
105 98 103 99 103 102 107 101 104 105 106 104 3
108 99 107 104 109 110 113 108 108 104 113 105 4
94 91 92 97 97 94 101 93 96 93 95 97 5
108 105 110 101 113 108 113 109 104 102 108 98 6
103 94 102 105 104 105 107 103 106 98 103 97 7
101 100 100 104 110 101 111 105 106 100 105 100 8
107 96 104 108 107 103 107 102 108 105 108 106 9
108 99 102 106 103 103 108 106 105 98 110 98 10
105 94 100 103 109 101 110 102 104 100 106 15000 11
Chip#1
106 106 111 106 103 111 108 102 106 107 106 102 0
105 109 108 98 105 105 107 107 102 106 101 99 1
105 104 102 100 102 101 107 103 99 103 102 97 2
104 109 108 231 126 101 107 121 123 104 102 101 3
110 109 113 173 110 108 110 124 125 112 106 105 4
105 99 100 103 102 102 110 105 102 105 106 102 5
100 104 99 97 100 102 101 100 97 101 102 97 6
110 109 112 145 117 110 116 149 164 111 113 112 7
104 100 107 192 141 100 107 226 171 106 105 101 8
106 101 107 107 105 103 108 107 99 106 106 99 9
107 109 109 103 111 106 115 109 102 106 109 101 10
102 97 102 95 95 96 98 98 95 99 97 15000 11
Chip#2
105 105 108 106 103 102 112 100 107 103 107 104 0
103 104 104 109 103 101 108 100 111 99 101 104 1
104 105 105 105 102 105 114 100 112 102 109 105 2
109 104 104 106 117 108 109 100 115 112 104 110 3
106 99 101 106 114 101 104 100 115 112 96 99 4
107 109 105 105 105 107 112 100 117 106 102 107 5
106 107 104 106 105 102 107 100 112 108 107 106 6
108 103 107 104 105 102 112 100 121 109 104 106 7
105 112 108 108 114 112 111 100 151 138 104 108 8
105 99 101 101 105 97 109 100 109 106 101 102 9
109 110 111 113 105 108 112 100 112 108 106 111 10
103 105 109 108 105 108 108 100 115 107 107 15000 11
Chip#3
102 99 100 101 100 102 99 100 100 100 101 100 0
101 92 98 103 100 105 90 98 93 100 102 99 1
105 99 99 106 103 113 98 106 104 105 104 103 2
101 99 102 105 105 106 95 106 106 100 100 103 3
101 96 98 100 105 103 97 99 105 101 98 100 4
105 99 104 105 101 115 101 104 98 105 108 101 5
102 101 102 107 103 110 101 105 102 106 106 106 6
104 94 98 101 100 102 97 102 95 102 100 102 7
98 95 96 111 107 105 98 103 102 101 100 98 8
102 96 100 93 101 108 94 99 95 102 102 100 9
96 95 94 96 95 100 94 94 87 97 97 95 10
101 99 99 101 99 102 93 100 93 106 99 15000 11
Chip#4
101 98 103 97 106 102 108 101 103 101 102 101 0
101 94 97 99 104 101 110 98 100 98 102 104 1
104 97 102 100 106 103 107 104 107 101 103 98 2
100 96 102 100 104 101 110 101 106 101 103 97 3
102 97 102 104 107 102 113 105 115 109 108 104 4
104 92 96 99 99 97 104 99 97 97 101 96 5
104 94 102 102 98 103 106 102 104 98 106 101 6
100 92 102 96 104 101 108 102 105 94 104 97 7
100 96 102 102 110 101 110 96 100 98 101 100 8
107 101 103 102 106 103 113 104 103 98 105 102 9
99 96 97 97 98 101 107 94 99 96 99 96 10
108 102 104 104 109 105 111 104 107 104 106 15000 11
Chip#1
108 96 102 95 95 101 100 100 93 102 105 93 0
108 99 104 104 103 107 105 103 101 105 105 99 1
114 109 113 109 110 110 111 116 107 116 110 107 2
118 109 119 239 134 108 110 131 133 111 118 109 3
105 101 105 176 103 97 106 114 119 102 106 97 4
104 105 105 102 100 99 103 108 100 102 106 97 5
113 109 117 107 105 107 110 112 109 110 113 100 6
113 109 117 152 121 113 111 112 165 115 114 108 7
106 103 108 197 143 102 105 230 165 107 105 103 8
104 104 104 103 100 99 106 109 103 97 101 93 9
109 104 107 102 102 102 105 104 99 106 101 99 10
107 109 105 106 95 101 105 102 93 105 106 15000 11
Chip#2
106 104 97 105 99 99 105 100 107 99 99 106 0
104 100 103 104 98 98 105 99 108 102 98 99 1
103 105 100 103 103 99 108 100 109 101 97 102 2
106 104 107 110 121 110 111 100 120 112 102 106 3
99 104 99 106 114 99 101 100 116 108 95 98 4
109 108 104 109 105 108 109 100 110 103 103 101 5
106 108 104 108 102 99 105 100 109 103 97 95 6
103 100 102 106 102 102 107 100 120 102 96 101 7
108 102 105 110 115 111 108 100 156 138 102 102 8
105 107 108 108 105 102 113 100 112 113 98 108 9
109 107 107 111 105 110 116 100 109 104 101 107 10
105 100 104 107 104 98 110 100 109 103 101 15000 11
Chip#3
109 104 107 109 110 110 102 109 102 105 104 102 0
101 94 101 101 104 109 98 101 97 105 103 100 1
97 94 98 101 99 104 94 95 96 96 94 95 2
101 95 103 107 109 113 101 108 113 103 99 105 3
104 101 107 107 111 110 99 106 114 111 104 105 4
102 101 103 106 106 115 104 105 101 105 104 107 5
109 99 105 103 103 112 97 104 98 101 104 104 6
104 101 104 109 107 110 104 104 104 106 105 102 7
104 96 104 111 113 105 93 104 103 102 103 103 8
101 98 102 101 101 105 97 102 92 101 100 103 9
104 101 103 102 107 110 101 104 101 101 105 104 10
104 101 100 101 103 105 95 101 97 100 97 15000 11
Chip#4
117 106 113 107 112 109 122 111 110 107 110 110 0
102 97 106 102 107 102 106 105 104 100 104 101 1
94 93 97 96 96 95 101 96 100 97 98 97 2
101 94 104 99 109 105 106 102 108 107 103 101 3
97 92 96 96 104 102 100 96 107 101 102 96 4
104 97 104 100 99 103 107 105 107 101 107 102 5
97 90 96 94 100 96 101 98 101 96 101 99 6
105 96 104 99 103 101 106 105 100 103 102 101 7
104 94 99 100 113 101 104 104 103 101 103 100 8
104 102 104 108 113 110 114 108 111 100 108 108 9
95 91 99 93 92 94 100 95 97 96 98 96 10
103 96 103 101 104 97 108 99 98 96 105 15000 11
Chip#1
106 109 107 101 94 101 105 103 99 105 104 95 0
105 103 109 103 98 106 104 110 101 107 106 100 1
102 99 96 97 96 98 98 102 97 103 102 96 2
113 109 114 242 133 113 112 129 131 113 112 110 3
108 101 104 173 101 102 108 114 118 101 102 99 4
109 109 104 104 100 106 107 106 103 106 105 103 5
106 101 102 106 102 103 105 102 97 103 103 102 6
96 96 96 136 103 92 97 130 159 96 98 90 7
105 104 103 197 141 106 101 227 159 102 101 103 8
109 108 111 109 105 106 110 110 106 108 106 104 9
109 101 99 101 100 103 102 102 101 100 108 99 10
108 103 104 101 98 98 108 105 104 108 106 15000 11
Chip#2
118 114 119 119 105 117 120 103 118 113 112 113 0
100 97 95 100 98 99 105 100 107 99 101 100 1
107 104 106 108 102 108 111 100 113 102 104 104 2
106 105 106 110 128 109 108 99 115 113 106 102 3
104 112 108 118 129 110 112 100 122 121 108 106 4
95 98 96 105 97 94 101 100 105 99 98 96 5
101 102 106 108 99 103 108 100 111 101 99 100 6
104 107 104 106 114 98 102 100 122 110 99 100 7
100 103 102 106 123 117 108 100 175 155 101 104 8
108 105 106 106 105 102 106 100 116 112 104 105 9
104 105 105 111 105 103 111 100 107 103 106 106 10
98 94 99 99 96 91 96 100 98 97 96 15000 11
Chip#3
105 100 103 102 103 109 95 104 99 105 102 103 0
102 103 102 102 101 109 101 106 104 108 106 100 1
109 104 105 110 111 116 100 110 109 112 109 107 2
102 99 104 110 111 110 99 114 115 105 101 102 3
108 101 103 111 111 120 96 109 120 107 105 105 4
102 103 103 103 106 113 101 105 97 101 100 102 5
102 100 100 103 101 110 98 105 99 105 103 100 6
102 98 100 107 103 120 96 104 99 103 100 104 7
106 99 100 113 117 113 98 105 104 107 100 102 8
104 98 103 99 98 109 93 102 95 96 101 102 9
105 99 104 103 103 109 98 103 100 101 100 99 10
101 98 102 95 98 110 91 96 95 100 97 15000 11
Chip#4
104 103 107 107 113 108 116 108 110 107 108 109 0
101 99 103 104 99 101 108 104 101 101 102 101 1
98 99 103 106 101 105 110 104 101 101 105 104 2
95 92 99 101 107 101 103 94 101 104 99 99 3
104 99 104 103 119 104 110 103 120 113 106 103 4
105 99 103 105 107 104 111 104 108 104 108 106 5
101 97 100 97 104 101 103 99 103 96 99 101 6
113 107 113 108 118 113 121 109 114 111 112 112 7
110 105 109 108 121 109 113 109 111 109 114 109 8
107 102 110 103 115 104 110 108 107 100 106 109 9
101 96 103 100 106 98 104 93 101 96 102 100 10
105 100 104 103 103 101 110 102 103 101 103 15000 11
