Chip#1
105 103 104 109 104 107 110 108 103 105 102 104 0
97 93 97 100 97 98 102 102 95 95 95 96 1
102 104 111 113 108 108 121 105 111 112 106 105 2
102 102 106 105 107 106 112 107 106 110 105 103 3
104 102 106 105 105 104 105 105 106 102 102 102 4
99 97 104 105 102 107 108 104 105 102 100 99 5
99 97 107 102 102 104 110 104 108 105 100 100 6
103 98 101 106 103 102 105 103 104 98 102 104 7
101 99 101 104 100 104 110 103 103 98 100 99 8
103 97 105 105 101 107 111 108 103 103 99 100 9
103 103 102 107 105 109 108 110 103 102 104 105 10
109 103 106 111 105 109 112 111 110 110 107 15000 11
Chip#2
103 102 103 101 104 102 101 99 101 99 103 100 0
99 101 99 97 101 99 100 97 100 98 96 101 1
103 102 100 98 105 104 101 97 94 100 99 101 2
97 98 99 99 104 97 100 96 96 96 98 94 3
102 102 99 103 106 99 100 97 100 103 98 98 4
106 106 104 104 105 104 102 101 100 103 103 102 5
106 105 110 108 110 106 110 104 107 104 109 108 6
102 101 107 104 104 104 105 103 102 103 101 102 7
106 103 107 105 110 105 104 101 104 101 103 105 8
99 102 97 98 102 99 100 96 98 95 95 98 9
107 102 104 106 107 107 111 106 101 103 106 107 10
108 105 102 101 107 102 104 101 101 103 104 15000 11
