Chip#1
104 101 102 102 101 97 105 103 103 98 97 96 0
108 97 103 102 97 103 100 100 99 97 99 98 1
95 93 90 91 89 90 97 91 95 96 86 88 2
108 107 109 185 117 99 106 124 137 103 103 101 3
99 97 97 137 99 97 100 116 123 97 98 97 4
106 99 106 107 95 98 101 107 105 104 98 101 5
107 99 103 104 100 98 107 107 103 108 106 101 6
108 106 106 126 112 105 105 122 133 109 110 106 7
112 105 108 152 124 105 105 162 143 106 105 103 8
98 92 92 97 91 92 98 96 97 93 89 90 9
112 103 104 103 105 100 103 103 101 104 99 103 10
102 98 97 99 96 92 102 102 99 102 99 15000 11
