Chip#1
104 108 104 103 103 102 102 105 103 103 104 102 0
102 102 107 103 98 104 103 103 99 101 104 100 1
109 106 109 113 104 108 108 110 109 103 108 105 2
108 104 113 317 144 103 103 191 232 105 102 95 3
101 99 104 214 101 96 100 180 220 99 103 95 4
100 95 99 101 97 102 99 100 100 99 99 93 5
101 97 103 106 102 102 107 103 107 99 104 101 6
98 91 93 160 116 93 94 216 310 96 92 89 7
106 102 109 267 178 106 105 608 392 105 100 99 8
106 104 111 111 103 107 103 116 118 102 104 95 9
105 101 100 101 95 101 100 101 96 101 97 94 10
105 101 99 101 95 97 99 98 100 99 102 15000 11
Chip#2
110 105 110 103 105 108 114 100 107 102 107 111 0
95 93 95 93 97 92 100 100 95 89 98 99 1
109 108 109 96 97 102 108 100 104 100 104 105 2
108 100 112 106 114 105 110 100 120 114 102 105 3
106 94 105 103 105 107 108 100 122 129 108 102 4
109 102 109 103 89 104 112 100 108 103 106 105 5
108 103 109 96 105 102 108 100 105 102 112 102 6
105 95 103 98 105 102 107 100 119 100 104 100 7
103 97 102 96 105 107 105 100 171 148 106 104 8
104 95 105 99 105 103 105 100 105 107 104 100 9
99 97 99 92 97 96 101 100 98 92 98 104 10
105 99 99 96 97 99 101 99 104 99 103 15000 11
Chip#3
92 94 87 97 95 102 97 98 91 97 97 95 0
97 95 93 97 101 106 97 98 97 101 98 99 1
93 96 96 96 100 102 93 98 97 100 95 96 2
83 85 85 93 94 92 86 91 95 90 88 92 3
96 100 98 104 103 105 95 104 107 103 99 100 4
96 97 96 99 100 103 94 101 97 101 99 95 5
95 96 94 104 98 106 99 97 98 105 98 97 6
97 99 99 101 104 108 97 101 106 108 97 105 7
90 94 92 96 101 100 94 96 100 98 93 97 8
98 96 100 100 106 106 99 102 102 101 104 100 9
92 96 94 96 94 100 94 94 96 98 97 96 10
92 95 93 99 101 103 93 96 99 101 94 15000 11
Chip#4
108 105 113 104 109 112 108 105 111 97 99 104 0
103 101 107 94 114 104 107 100 107 101 98 105 1
104 98 104 99 106 109 111 104 107 100 96 103 2
105 101 114 103 110 108 108 111 114 108 102 106 3
98 98 104 96 103 101 104 93 106 101 93 97 4
97 91 103 96 101 97 106 94 104 97 95 99 5
99 94 107 91 103 103 104 97 104 96 96 99 6
97 92 104 93 104 101 104 93 103 97 92 97 7
105 96 110 99 110 108 108 100 110 101 101 104 8
96 93 99 92 100 96 101 94 97 93 88 99 9
101 94 100 96 103 98 100 93 103 92 92 97 10
98 96 102 92 104 97 107 97 101 96 95 15000 11
Chip#1
106 102 102 105 94 103 103 99 101 99 99 99 0
106 103 104 107 102 104 105 109 107 103 105 99 1
100 101 100 101 96 99 94 105 100 105 99 94 2
102 97 104 317 138 99 100 192 229 100 99 94 3
104 104 108 215 104 107 108 185 224 105 104 94 4
102 103 102 103 102 102 105 105 109 103 101 98 5
100 97 100 102 96 98 106 103 97 102 101 95 6
96 100 100 167 114 101 98 218 319 95 99 90 7
100 100 104 259 167 97 94 602 384 99 97 93 8
102 104 107 108 102 103 107 117 117 102 101 95 9
106 105 105 103 103 101 105 107 105 102 102 102 10
100 97 100 99 97 93 100 100 97 94 93 15000 11
Chip#2
105 95 102 93 103 97 101 100 99 93 97 100 0
110 103 104 103 103 107 108 100 105 102 107 108 1
104 102 105 97 103 102 104 100 107 96 102 105 2
109 98 108 95 114 110 105 100 121 109 101 102 3
105 104 105 106 114 110 110 100 126 132 106 102 4
103 98 101 99 105 104 108 100 99 93 103 101 5
110 100 104 96 102 104 108 99 104 99 107 104 6
101 93 98 92 102 99 101 99 115 98 98 95 7
109 104 106 99 102 113 110 100 173 150 107 106 8
100 93 98 93 102 99 104 99 110 100 100 98 9
112 102 108 100 102 110 108 100 107 104 107 105 10
106 97 102 102 102 101 105 100 104 99 102 15000 11
Chip#1
102 97 100 100 94 97 99 100 92 97 95 95 0
101 101 102 103 97 103 100 104 101 102 102 97 1
113 106 107 109 101 108 109 114 106 106 110 104 2
100 103 104 125 102 106 96 112 111 100 101 98 3
104 108 105 115 99 102 107 118 119 105 103 98 4
111 108 107 106 101 107 108 110 101 105 101 97 5
117 108 113 112 104 110 110 115 107 107 109 109 6
105 105 108 113 101 102 104 118 125 103 104 97 7
104 106 113 118 109 108 107 160 136 107 104 99 8
105 102 102 103 96 105 99 108 104 100 101 99 9
111 109 109 107 105 108 105 109 105 107 105 104 10
102 108 111 104 102 101 108 110 103 107 104 15000 11
Chip#2
110 98 104 102 102 110 110 99 108 105 109 109 0
104 100 103 101 104 104 105 99 102 100 103 104 1
109 103 108 100 105 108 109 100 106 102 109 104 2
106 99 104 98 105 104 104 100 101 102 102 101 3
101 94 106 99 101 99 107 100 105 103 103 99 4
101 98 102 96 102 102 108 100 100 97 102 99 5
104 95 96 95 104 105 108 100 108 97 98 101 6
106 102 105 98 105 109 108 100 111 105 107 106 7
104 103 107 104 105 104 108 100 112 106 104 105 8
108 98 105 103 105 108 114 100 107 102 107 107 9
99 93 98 95 97 97 99 100 98 96 103 99 10
105 98 101 97 97 98 101 100 103 99 104 15000 11
Chip#1
108 108 108 106 100 107 108 108 107 107 109 102 0
105 103 103 102 92 103 105 105 107 101 102 99 1
104 108 102 104 97 99 104 104 101 103 106 97 2
109 105 111 149 109 108 105 128 139 108 106 98 3
109 105 108 132 104 107 107 123 136 106 108 101 4
108 105 105 102 100 107 103 104 105 102 108 103 5
102 100 100 97 96 99 99 101 101 101 101 99 6
98 100 102 114 100 99 98 129 152 97 102 95 7
102 99 104 134 109 101 100 207 169 102 101 99 8
104 106 104 103 97 106 100 108 105 105 105 95 9
111 108 108 103 102 103 103 103 100 102 104 100 10
101 95 100 97 91 97 100 98 97 95 97 15000 11
Chip#2
104 94 102 96 98 102 105 100 100 98 98 102 0
103 98 108 102 102 105 113 99 105 100 104 104 1
108 103 107 98 102 107 108 100 109 101 106 106 2
101 104 105 98 102 102 108 99 108 104 104 105 3
104 98 101 97 102 105 107 100 112 108 104 100 4
100 91 97 95 99 102 104 99 100 93 99 99 5
99 99 102 96 99 103 103 99 99 98 104 98 6
100 91 103 94 103 102 108 99 105 104 100 103 7
104 102 105 100 103 108 104 100 132 119 106 105 8
99 99 102 97 103 103 108 100 101 98 102 102 9
112 100 104 101 103 108 110 100 106 98 108 108 10
106 99 105 101 103 101 105 100 101 99 108 15000 11
Chip#1
101 101 102 99 94 102 101 100 96 97 100 97 0
102 100 95 103 96 99 99 100 105 99 97 97 1
104 105 100 101 98 102 99 105 97 103 102 94 2
100 103 98 189 118 101 102 140 160 102 102 97 3
109 105 104 144 104 106 107 140 164 106 103 100 4
104 104 103 101 96 102 99 104 101 105 102 97 5
108 109 105 108 103 109 107 105 106 105 110 99 6
107 104 108 130 114 110 103 160 190 102 105 102 7
108 104 105 165 129 103 102 304 207 101 102 99 8
108 109 107 107 102 106 107 113 106 102 104 98 9
104 101 98 100 92 101 99 100 99 102 98 98 10
111 108 108 109 103 109 107 109 99 107 105 15000 11
Chip#2
101 97 101 98 98 105 105 99 102 91 104 99 0
105 102 105 97 102 104 108 99 103 99 108 103 1
101 95 103 93 102 101 107 100 101 103 102 104 2
101 102 109 102 102 103 107 100 111 108 102 101 3
108 102 104 101 102 103 108 100 120 123 109 101 4
104 102 111 99 102 108 105 100 104 102 107 102 5
107 103 107 100 102 102 107 100 102 104 106 108 6
108 98 103 102 102 108 110 100 117 113 107 100 7
104 99 101 97 102 109 104 100 155 139 101 98 8
106 104 106 101 102 105 109 99 111 110 106 107 9
100 100 105 93 102 96 105 100 100 96 104 100 10
116 105 111 107 102 107 113 101 112 109 113 15000 11
Chip#1
105 104 102 101 98 97 98 107 101 99 104 102 0
109 101 107 105 96 103 107 105 106 103 106 99 1
104 105 104 101 99 106 104 105 103 100 102 101 2
114 109 114 243 137 108 110 161 190 108 109 108 3
100 100 99 162 96 101 100 140 181 103 101 94 4
105 109 109 108 106 108 112 107 107 106 103 104 5
111 108 105 112 105 108 110 110 107 107 108 100 6
108 106 105 144 117 107 108 180 230 106 104 99 7
106 103 104 201 144 104 108 407 267 107 102 103 8
110 108 107 107 104 108 108 116 113 105 104 100 9
113 109 111 107 102 109 111 109 111 106 110 105 10
106 100 102 105 96 101 103 101 100 103 103 15000 11
Chip#2
104 98 108 97 103 101 105 100 99 99 101 97 0
104 97 102 99 103 104 104 100 102 103 106 101 1
101 99 99 95 102 97 101 100 98 96 101 104 2
103 93 98 96 114 99 107 99 120 109 101 101 3
106 99 101 101 114 102 101 100 129 134 102 104 4
104 98 102 98 103 101 105 100 101 98 102 99 5
103 100 99 94 103 99 108 100 101 98 106 96 6
103 99 99 100 103 101 105 100 122 108 106 107 7
100 97 102 93 114 99 100 100 172 152 103 96 8
106 99 106 98 89 100 102 99 112 110 109 104 9
100 96 103 93 97 97 100 99 96 94 97 98 10
99 99 102 98 105 99 103 100 104 99 101 15000 11
Chip#1
102 101 100 99 97 101 100 99 100 100 100 99 0
106 108 102 103 103 104 110 109 102 103 102 95 1
100 105 99 105 103 102 99 105 104 105 101 98 2
97 91 96 246 125 96 98 158 190 92 89 90 3
98 97 98 177 99 97 98 151 190 95 98 93 4
105 100 98 102 98 99 102 98 101 103 98 94 5
101 104 100 100 98 99 99 99 106 103 98 98 6
101 103 102 148 114 97 102 188 255 101 101 95 7
102 103 100 212 148 99 103 455 302 106 101 92 8
100 108 98 104 94 97 99 109 103 101 97 95 9
106 108 103 105 98 101 107 104 104 100 103 102 10
115 108 107 106 98 101 105 105 103 108 103 15000 11
Chip#2
115 108 109 109 105 114 113 103 115 109 114 112 0
100 100 106 102 104 103 110 100 102 99 104 98 1
105 95 99 98 102 105 104 99 103 98 101 103 2
108 102 106 104 123 109 107 100 134 117 109 108 3
99 94 96 99 114 104 99 99 134 137 103 99 4
95 96 105 99 104 102 105 100 105 98 103 103 5
111 104 109 102 104 107 116 100 110 104 111 111 6
103 94 99 93 105 98 100 100 122 102 99 95 7
108 104 112 106 118 117 110 100 202 178 109 110 8
104 97 102 100 105 103 101 100 118 108 104 102 9
109 99 104 101 104 104 110 100 106 104 103 107 10
106 100 105 102 101 97 103 100 102 98 97 15000 11
Chip#1
102 99 96 100 101 94 93 96 96 95 98 94 0
105 104 105 103 94 103 103 107 100 102 103 99 1
97 93 97 99 89 94 100 94 92 99 95 93 2
115 108 114 306 144 104 109 184 221 108 105 104 3
106 109 105 207 106 106 108 183 214 107 109 103 4
111 108 111 112 108 109 113 113 108 108 110 106 5
106 104 104 106 103 99 107 103 105 102 108 101 6
108 108 113 165 125 107 113 219 302 105 110 102 7
109 106 109 254 170 102 107 561 362 107 109 105 8
108 108 111 109 104 106 108 120 117 100 105 99 9
98 102 97 103 98 100 100 99 100 96 99 94 10
100 97 98 96 92 94 100 100 97 97 97 15000 11
Chip#2
106 99 102 98 104 107 110 100 103 104 104 108 0
105 103 101 104 104 104 108 100 103 103 106 105 1
101 99 102 96 99 101 103 100 96 97 103 100 2
99 100 101 96 122 105 103 100 130 119 99 96 3
97 91 95 96 114 99 95 99 136 151 99 92 4
103 103 111 103 105 110 103 100 105 103 106 106 5
109 105 107 103 105 109 111 100 111 109 106 112 6
110 104 109 103 105 104 109 100 135 115 107 104 7
113 102 111 103 123 122 111 100 216 190 107 106 8
109 99 104 102 105 102 112 100 111 114 102 105 9
103 98 103 101 102 102 107 100 103 97 102 105 10
105 100 105 99 103 101 107 100 105 102 107 15000 11
Chip#1
111 108 114 107 109 109 110 113 106 112 110 108 0
108 104 107 105 103 104 108 108 105 106 110 102 1
102 105 99 101 97 102 103 105 101 97 101 95 2
106 101 111 337 148 101 100 200 244 101 101 99 3
104 103 98 221 101 101 99 186 229 100 97 94 4
108 105 109 103 100 103 103 100 107 103 98 98 5
104 104 103 103 101 104 105 104 101 100 102 98 6
113 109 109 187 133 108 111 243 346 108 109 101 7
107 109 111 277 184 105 110 674 421 107 106 104 8
101 105 104 106 104 102 104 118 120 100 104 99 9
101 105 103 104 102 102 106 102 105 103 99 102 10
101 100 103 105 94 101 104 101 97 103 102 15000 11
Chip#2
104 99 106 98 103 102 110 100 104 98 103 102 0
105 97 102 96 103 102 105 99 98 92 98 97 1
109 103 109 102 103 108 110 100 110 105 107 107 2
103 95 103 101 142 105 108 100 140 127 103 105 3
103 102 102 99 133 112 108 100 157 164 101 106 4
104 97 103 95 102 102 105 100 100 98 98 102 5
106 103 108 101 102 103 109 100 110 106 108 105 6
104 99 102 98 102 101 103 100 140 108 103 101 7
105 104 108 104 135 122 105 100 260 222 103 104 8
112 107 114 108 114 108 110 100 133 132 108 111 9
109 103 105 101 105 107 104 100 107 105 106 105 10
109 104 105 99 105 108 108 100 110 105 108 15000 11
Chip#1
106 103 104 100 96 99 100 108 97 99 105 103 0
108 105 99 103 96 101 103 100 100 97 99 100 1
108 106 100 107 103 102 104 108 103 107 101 99 2
111 109 121 369 159 108 107 219 267 110 113 109 3
104 103 107 233 101 101 102 200 249 102 103 99 4
113 108 113 111 106 110 107 109 111 108 108 105 5
110 105 109 108 103 108 107 108 103 110 106 101 6
108 104 111 191 129 106 107 251 377 103 110 104 7
109 109 117 299 190 107 112 724 446 108 108 107 8
105 108 105 112 100 106 104 123 121 101 104 102 9
108 105 108 107 100 100 108 103 107 103 103 98 10
106 104 109 102 97 103 104 105 102 102 106 15000 11
Chip#2
105 104 106 101 105 108 111 100 106 99 109 105 0
109 104 106 101 89 102 105 100 104 104 108 105 1
108 95 109 99 89 104 107 100 106 100 106 105 2
105 102 106 102 151 111 107 100 148 128 109 106 3
103 99 105 104 145 113 107 100 167 174 102 104 4
108 103 111 107 105 110 114 100 111 98 108 107 5
105 99 108 101 105 107 112 100 107 102 109 105 6
107 94 105 99 114 107 107 100 147 108 103 99 7
103 98 109 104 142 126 103 100 277 234 102 102 8
108 100 108 106 105 105 112 99 130 129 107 102 9
110 100 112 104 105 105 109 100 109 104 104 104 10
106 101 109 103 89 99 108 99 107 100 105 15000 11
Chip#1
114 108 107 108 102 106 107 108 104 108 106 104 0
114 109 108 106 104 108 107 110 105 105 108 105 1
110 105 107 108 106 108 109 113 107 111 109 103 2
109 109 117 388 164 108 110 230 280 110 114 108 3
102 101 104 244 105 106 104 206 266 101 108 98 4
96 99 99 101 94 96 98 102 99 96 93 95 5
102 109 99 102 102 103 106 109 103 99 103 98 6
109 104 108 201 131 103 109 263 395 105 102 99 7
106 101 107 308 193 99 99 771 454 102 102 97 8
97 100 99 104 94 98 103 121 120 94 101 92 9
105 109 105 107 104 104 111 109 109 106 106 105 10
106 109 107 107 99 102 104 107 99 102 104 15000 11
Chip#2
106 101 108 101 105 104 111 100 105 104 106 105 0
110 109 111 106 105 110 114 100 110 108 114 110 1
106 102 105 98 102 99 109 100 104 103 101 100 2
108 103 104 102 161 114 114 100 152 141 109 110 3
106 104 112 114 154 120 114 100 177 193 109 107 4
104 109 109 104 105 107 110 100 107 109 109 106 5
100 104 104 101 104 104 109 100 104 104 107 105 6
110 102 108 105 114 108 114 100 163 125 108 106 7
110 105 106 113 161 133 116 100 311 266 114 110 8
108 103 106 100 114 105 110 100 131 133 102 106 9
106 107 109 99 105 110 114 100 110 106 106 105 10
104 102 104 97 105 102 108 100 106 100 103 15000 11
Chip#1
109 108 103 105 101 104 102 100 107 105 103 104 0
107 108 105 108 100 104 107 104 109 102 108 107 1
105 108 107 106 98 101 110 110 109 102 108 95 2
108 108 111 406 165 101 100 229 287 102 106 102 3
111 108 112 264 114 109 111 220 285 113 110 108 4
106 108 104 103 104 107 103 109 100 102 103 103 5
98 100 103 101 99 98 100 95 99 97 101 98 6
101 101 103 198 127 97 102 274 409 99 99 98 7
108 108 111 326 204 107 107 821 491 110 106 108 8
106 105 103 111 101 104 105 123 125 102 105 99 9
102 104 100 101 96 104 105 107 103 101 99 97 10
114 109 107 106 103 102 110 112 106 105 112 15000 11
Chip#2
99 96 108 98 102 98 104 99 99 100 103 98 0
105 99 106 103 102 104 104 100 106 103 106 100 1
109 105 111 104 102 106 111 100 109 112 115 110 2
105 100 111 106 160 113 110 100 157 139 106 108 3
101 94 104 102 148 109 103 100 177 187 106 103 4
101 103 104 98 99 108 103 100 106 97 104 101 5
109 101 106 104 102 105 109 99 108 103 102 102 6
104 98 109 99 114 104 109 99 164 119 106 101 7
99 100 106 103 152 125 105 100 318 271 106 100 8
100 104 104 98 114 102 107 100 123 124 104 99 9
109 103 110 101 89 107 112 100 105 98 104 107 10
110 108 111 104 105 104 110 100 111 107 107 15000 11
Chip#1
113 108 112 109 103 106 112 109 107 108 108 104 0
102 96 98 99 95 97 103 100 101 103 99 95 1
100 103 100 102 97 99 102 104 105 103 102 95 2
102 103 108 421 159 102 102 239 300 101 106 95 3
101 101 99 263 103 101 102 218 290 97 101 97 4
106 101 105 104 100 102 105 107 106 103 102 103 5
100 100 104 101 101 96 107 104 101 100 103 98 6
107 109 102 214 141 107 105 291 446 105 108 103 7
102 103 108 342 209 96 103 870 521 105 101 98 8
104 106 104 108 102 102 103 125 121 101 105 92 9
108 101 104 100 95 97 103 104 105 97 100 95 10
113 108 107 108 104 103 104 109 105 107 109 15000 11
Chip#2
109 100 102 96 89 105 109 99 105 100 106 102 0
108 104 109 101 102 102 110 100 105 102 101 106 1
110 100 108 102 102 108 112 100 107 100 112 104 2
109 100 108 101 173 112 112 100 166 140 106 105 3
104 100 106 111 163 118 113 100 188 203 106 108 4
108 104 109 106 89 110 114 100 106 104 109 106 5
103 95 102 97 103 102 107 100 110 101 103 100 6
110 106 111 103 118 107 107 100 173 127 112 106 7
110 104 111 109 167 133 114 100 345 291 109 111 8
106 97 103 98 114 99 108 100 131 133 106 101 9
114 98 114 105 105 107 111 100 106 106 106 107 10
112 102 105 104 105 102 108 100 100 99 104 15000 11
Chip#1
108 108 108 109 102 106 107 107 105 103 106 106 0
106 109 105 104 102 108 107 105 107 106 106 102 1
108 109 108 108 102 102 108 108 106 107 106 101 2
104 103 113 427 159 102 103 235 295 103 102 97 3
102 103 104 270 102 106 102 222 290 99 101 97 4
105 106 104 109 103 108 108 107 101 108 103 100 5
104 102 105 108 100 102 108 99 105 103 108 100 6
113 109 113 220 140 110 115 293 437 111 109 105 7
108 105 111 341 208 102 107 872 520 102 105 103 8
106 109 113 109 109 110 105 130 125 108 108 102 9
107 109 107 106 104 104 107 112 101 105 105 102 10
110 100 102 100 100 101 100 103 99 99 101 15000 11
Chip#2
110 102 106 97 105 104 110 100 107 103 106 106 0
104 99 103 97 104 102 110 99 104 100 105 101 1
110 102 108 103 104 108 112 100 105 102 108 104 2
111 107 112 108 181 118 114 100 171 144 113 104 3
106 104 110 112 167 118 106 99 193 209 104 104 4
100 97 104 95 101 97 101 100 100 97 101 99 5
111 105 113 107 101 107 112 100 109 109 113 106 6
109 102 108 101 116 105 108 100 171 121 108 102 7
104 99 101 103 165 130 107 100 360 299 106 101 8
105 105 104 98 114 104 107 100 131 137 101 104 9
108 100 105 98 102 99 108 100 102 99 105 104 10
110 109 111 107 102 103 114 100 104 103 107 15000 11
Chip#1
106 109 107 102 103 104 110 107 107 102 105 101 0
113 108 107 106 106 109 112 110 109 107 108 105 1
109 106 107 109 108 107 107 110 107 108 112 99 2
100 100 108 429 160 99 97 243 309 96 96 92 3
105 106 111 278 103 108 105 233 302 102 108 98 4
104 103 104 103 104 104 107 108 100 105 104 99 5
106 105 107 106 104 108 110 109 107 103 105 101 6
98 101 102 212 138 101 103 299 446 96 105 97 7
109 108 112 364 217 106 108 919 552 106 108 99 8
105 105 104 112 102 99 105 132 125 102 105 98 9
113 103 105 105 98 100 107 104 100 99 103 97 10
111 105 107 107 103 101 102 108 103 105 106 15000 11
Chip#2
106 98 105 96 103 101 107 100 104 102 101 102 0
109 103 108 106 103 106 111 100 104 107 106 107 1
106 104 107 99 103 110 111 100 109 102 106 107 2
101 100 99 96 181 107 105 100 163 138 101 98 3
108 108 115 109 175 123 116 100 202 222 111 110 4
104 104 105 97 105 104 115 100 104 101 108 101 5
114 110 116 109 105 114 117 102 115 114 114 110 6
111 99 105 102 121 109 116 100 179 134 103 104 7
111 104 106 105 177 137 110 101 383 322 109 108 8
103 97 103 95 114 102 103 100 135 133 102 101 9
107 103 106 99 102 104 112 99 102 103 104 103 10
111 105 112 105 102 107 112 100 111 108 109 15000 11
Chip#1
111 108 114 110 103 105 113 112 112 105 116 108 0
104 103 102 103 96 102 105 101 105 96 102 102 1
101 104 103 107 100 102 104 108 105 99 104 97 2
106 109 122 443 172 110 106 250 322 108 109 107 3
110 108 114 285 111 112 107 239 310 106 110 105 4
101 103 102 102 99 102 99 103 105 103 103 97 5
111 106 112 108 109 108 112 112 110 103 108 103 6
104 103 107 213 135 107 108 299 446 101 106 103 7
108 108 119 364 219 112 110 922 558 108 108 108 8
110 106 113 115 106 106 108 132 129 107 105 95 9
100 100 105 99 96 99 99 102 104 96 101 98 10
109 103 107 103 100 103 105 108 105 106 109 15000 11
Chip#2
103 100 105 100 102 101 105 100 105 102 101 102 0
115 109 115 113 102 120 117 105 117 110 115 116 1
110 108 108 104 102 107 110 100 110 104 111 110 2
106 103 109 106 197 117 113 100 179 151 104 107 3
119 109 122 124 194 127 116 106 180 237 111 116 4
103 100 105 101 89 103 108 100 103 103 102 102 5
106 103 111 103 105 105 109 100 112 108 108 111 6
111 102 106 102 123 109 109 100 184 130 111 106 7
113 99 113 109 187 142 111 100 399 335 112 110 8
112 107 108 104 115 109 116 100 138 144 108 107 9
113 104 109 101 105 105 112 100 105 106 104 105 10
104 96 103 98 102 104 100 99 98 100 99 15000 11
Chip#1
106 104 105 105 98 101 103 104 101 105 105 102 0
108 103 112 108 100 106 108 112 110 105 108 104 1
104 100 104 105 102 102 104 103 105 102 104 100 2
111 106 118 444 173 107 108 255 321 107 112 102 3
111 108 112 290 116 108 111 237 309 106 105 107 4
115 108 117 114 112 112 115 113 114 110 113 108 5
106 105 104 108 102 102 108 109 110 101 101 99 6
109 106 114 222 144 112 112 302 448 111 106 104 7
108 101 114 352 218 101 103 917 550 103 103 98 8
104 106 109 110 104 106 104 128 129 101 101 97 9
113 109 109 112 109 110 112 114 110 111 110 109 10
115 108 113 104 105 102 107 110 107 105 113 15000 11
Chip#2
108 100 108 99 102 104 110 100 98 99 104 108 0
105 103 103 96 104 101 105 100 109 98 104 105 1
105 100 105 95 101 103 108 100 103 97 103 104 2
111 103 112 106 201 120 120 100 180 156 112 113 3
111 108 111 116 191 121 110 100 211 238 111 108 4
105 101 109 101 89 105 112 99 105 103 103 106 5
109 108 109 103 104 105 108 100 109 108 111 104 6
108 100 103 98 117 104 109 100 180 130 106 100 7
103 100 102 101 184 136 105 100 414 342 107 104 8
112 103 115 103 120 109 112 100 148 148 113 105 9
113 104 115 107 89 109 115 100 114 110 108 111 10
114 104 109 96 105 103 110 100 105 103 104 15000 11
Chip#1
102 99 103 100 95 97 100 104 104 94 104 103 0
114 109 111 111 111 112 111 114 111 108 112 109 1
113 109 112 115 108 109 113 114 110 105 112 103 2
107 109 122 462 178 106 110 258 333 105 112 102 3
108 108 112 293 115 107 110 243 323 105 110 105 4
101 106 107 106 98 104 104 109 107 96 106 103 5
108 108 111 111 104 106 109 109 105 106 110 106 6
105 109 108 221 139 103 105 312 468 102 105 102 7
114 109 119 381 233 112 117 978 594 112 113 110 8
101 106 111 109 101 102 102 128 127 97 99 102 9
105 103 98 96 95 99 103 100 100 94 101 95 10
111 106 109 106 103 104 107 105 107 103 106 15000 11
Chip#2
108 99 97 93 102 101 107 100 102 98 101 106 0
110 107 103 99 104 102 110 100 102 103 104 105 1
114 109 108 107 104 113 109 101 111 109 108 108 2
110 98 107 101 209 116 107 100 183 153 107 101 3
111 105 113 114 199 127 114 100 211 250 111 113 4
112 107 107 106 105 107 112 100 107 108 102 105 5
112 111 107 104 105 115 114 100 115 110 112 110 6
110 102 102 99 128 107 114 100 189 132 104 101 7
115 111 114 111 203 154 119 100 442 369 112 111 8
105 98 105 99 116 104 105 100 146 145 106 101 9
110 104 112 106 105 108 114 100 112 103 103 106 10
115 108 106 103 105 108 109 100 107 107 103 15000 11
