24.9375
27
29
30.75
32.3125
33.75
35.125
36.8125
37.9375
39.0625
40.1875
41.25
42.25
43.3125
44.625
45.5625
46.5
47.4375
48.375
49.5625
50.4375
51.3125
52.1875
53
53.8125
54.9375
55.75
56.5
57.3125
58.375
59.125
59.875
60.625
61.3125
62.0625
63
63.75
64.4375
65.3125
66
66.875
67.75
68.375
69.25
69.875
70.6875
71.3125
71.875
72.6875
73.25
74
74.625
75.125
75.6875
76.4375
77.1875
77.75
78.4375
79.125
79.625
80.125
80.625
81.3125
81.8125
82.4375
82.9375
83.625
84.0625
84.6875
85.125
85.75
86.1875
86.8125
87.375
87.6875
87.9375
88.25
88.625
88.9375
89.375
89.6875
90.1875
90.625
90.5
89.25
89.4375
90.1875
90.625
89.625
89.375
90.125
90.6875
90.125
89.4375
90.0625
90.6875
90.375
89.3125
89.625
90.375
90.1875
89.1875
89.4375
90.1875
90.375
89.4375
89.125
89.6875
90.375
89.6875
88.9375
89.3125
90.125
90.3125
89.4375
89.125
89.75
90.4375
89.8125
88.875
89.375
90.375
89.6875
88.8125
89.4375
90.125
89.5
88.875
89.625
90.25
89.6875
88.6875
89.1875
90.0625
89.75
88.875
89.5
90.125
89.375
88.625
89.25
90.1875
89.625
88.75
88.875
89.75
89.9375
88.6875
88.9375
89.8125
89.8125
89
87.8125
87
86.25
87
88.4375
89.5
90.125
89.1875
88.6875
89.375
89.875
88.875
88
86.875
86.5
87.6875
89.0625
89.9375
89.625
88.5625
88.8125
89.875
89.6875
88.875
87.6875
86.9375
86.8125
87.75
89.25
89.875
89.125
88
86.875
86.5
87.3125
88.75
89.875
89.375
88.5
87.625
86.625
86.625
87.9375
86.6875
86.75
87.9375
89
89.9375
89.125
88.25
87.375
86.5
87.4375
88.5625
89.5625
89.625
88.8125
87.9375
87.125
86.5
87.3125
88.25
89.25
89.875
89.0625
88.1875
87.375
86.625
86.8125
88.1875
89.3125
90
89.1875
88.3125
87.5
86.75
86.9375
88.3125
89.3125
89.9375
89.25
88.125
87.3125
86.375
86.875
88.3125
89.6875
89.5
88.4375
87.625
86.875
87.125
88.25
89.6875
90
89
88.125
87.125
86.4375
87.25
88.4375
89.75
89.5625
89.4375
89.8125
88.9375
88.125
87.125
86.5
87.5
88.6875
89.9375
89.25
88.4375
87.625
86.6875
87.1875
88.25
89.5
89.625
88.875
87.8125
87.0625
86.625
87.9375
89.4375
89.875
89
88.1875
87.4375
86.625
87.25
88.6875
89.6875
89.1875
88.125
87.375
86.5
86.9375
88.4375
89.5625
89.625
88.5625
87.75
87
86.5
87.75
88.9375
90.125
89.75
88.6875
87.875
87.125
86.5
87.375
88.5
89.9375
89.75
88.75
87.9375
87
86.5625
87.5
86.9375
86.6875
88
89.1875
89.875
89.375
88.3125
87.5625
86.625
86.75
87.8125
89.3125
90.1875
89.8125
88.75
87.9375
87.25
86.4375
87
88.0625
89.625
90.0625
89.4375
88.6875
87.875
86.9375
86.625
87.4375
89
90
89.625
88.8125
87.8125
87.125
86.75
87.625
89.1875
90
89.4375
88.375
87.6875
86.75
86.8125
87.875
89.4375
89.75
89.125
88.375
87.375
86.5625
87.1875
88.3125
89.75
89.6875
88.6875
87.9375
87
86.5
87.5625
88.75
89.8125
87.5625
89.125
89.8125
89.125
88.3125
87.375
86.75
87.1875
88.3125
89.8125
89.5
88.75
87.75
87.0625
86.625
87.4375
88.8125
89.9375
89.5
88.5
87.75
86.875
86.5625
87.875
89.4375
89.6875
89
88
87.3125
86.6875
87.1875
88.3125
89.8125
89.625
88.6875
87.9375
87
86.6875
87.625
89.25
89.9375
89.1875
88.4375
87.5
86.875
86.6875
87.75
89.375
90.125
89.6875
88.6875
87.6875
87.0625
86.5
87.4375
89.0625
89.9375
89.3125
88.5625
87.625
89.625
88.8125
88.125
87.1875
86.625
86.6875
88.1875
89.375
90.125
89.6875
88.6875
87.9375
87.25
86.6875
87.0625
88.125
89.1875
89.75
89.125
88.375
87.5
86.8125
86.9375
88.125
89.3125
90
89.3125
88.5625
87.8125
86.9375
86.625
87.5
89.0625
89.9375
89.625
88.625
87.9375
87.0625
86.6875
87.6875
89.3125
90
89.3125
88.625
87.625
87
86.5625
87.5625
89.1875
90
89.375
88.625
87.6875
