Chip#1
111 104 108 102 98 103 106 106 102 107 109 105 0
105 104 108 101 102 102 106 104 104 106 105 100 1
111 100 107 194 130 103 103 140 165 105 109 99 2
106 103 103 309 119 99 103 221 230 105 104 100 3
105 96 103 108 97 96 102 103 124 102 102 97 4
101 106 107 103 98 99 110 103 109 106 104 103 5
106 99 104 108 97 97 103 108 105 101 106 99 6
98 96 103 297 193 97 100 241 258 99 102 95 7
98 96 99 179 131 92 97 167 133 96 98 92 8
104 109 112 104 105 103 112 107 106 111 110 101 9
106 97 104 96 95 97 105 99 103 99 104 94 10
111 103 103 103 103 101 105 102 106 108 109 15000 11
Chip#2
98 98 100 103 101 103 103 100 101 100 94 100 0
102 104 107 110 101 102 103 100 105 102 105 104 1
100 100 105 101 114 105 103 100 109 104 99 98 2
101 103 105 108 139 127 103 100 132 158 106 105 3
99 100 101 108 105 105 107 100 117 127 99 102 4
100 106 101 104 105 104 102 100 105 99 104 102 5
100 104 104 106 105 103 106 100 109 103 99 100 6
100 100 101 104 136 116 100 100 138 132 97 98 7
99 97 102 106 121 115 99 100 117 138 99 102 8
94 98 97 101 102 97 99 99 94 98 94 95 9
106 103 108 109 104 107 103 100 104 106 101 100 10
99 100 104 103 103 102 99 100 104 106 101 15000 11
Chip#3
100 94 96 91 94 97 89 91 91 91 90 97 0
101 92 99 99 103 105 97 102 103 102 97 98 1
105 100 103 104 104 112 98 103 105 105 100 106 2
96 94 93 162 167 101 91 128 170 102 93 98 3
101 98 98 146 167 109 98 113 175 106 100 103 4
101 98 102 99 104 106 98 105 100 99 95 102 5
98 94 102 95 98 105 95 99 100 100 95 96 6
100 95 97 115 106 104 98 103 158 102 95 102 7
102 93 103 177 184 105 102 116 239 108 100 100 8
100 92 98 99 102 98 93 97 101 96 93 97 9
96 94 95 93 96 102 94 99 95 97 93 99 10
102 101 102 102 103 106 93 99 102 105 100 15000 11
Chip#4
97 97 99 96 98 102 101 97 103 93 99 96 0
103 102 100 100 106 108 107 100 107 103 98 97 1
97 96 97 101 92 100 103 96 100 94 99 97 2
98 96 96 100 97 100 101 98 97 98 101 100 3
92 94 93 97 92 97 97 96 97 90 96 93 4
104 101 102 107 101 106 108 104 107 104 99 100 5
101 97 99 96 100 101 103 98 103 97 101 97 6
98 92 95 96 95 100 96 94 97 92 95 92 7
100 97 95 96 100 102 100 97 99 100 96 96 8
105 102 100 107 106 110 108 105 106 98 105 105 9
102 101 97 104 103 104 106 101 100 97 103 96 10
97 93 96 99 95 100 96 94 101 96 96 15000 11
