Chip#1
113 109 113 107 105 107 120 112 106 111 113 102 0
123 109 117 109 112 114 119 117 113 116 117 110 1
110 104 113 107 104 103 113 108 102 107 109 104 2
111 109 118 288 141 108 116 198 233 112 113 105 3
111 109 114 198 110 105 113 188 220 110 114 102 4
111 109 114 104 108 111 116 112 110 111 110 97 5
110 109 105 101 100 103 110 108 102 105 108 97 6
105 103 105 183 118 99 108 220 304 105 106 92 7
109 106 121 290 189 110 117 599 375 115 116 102 8
119 109 118 111 110 112 124 130 127 116 118 108 9
113 106 114 106 104 104 116 112 104 110 106 104 10
122 109 113 103 104 106 108 108 110 111 112 15000 11
Chip#2
115 98 111 104 103 108 110 100 113 109 105 101 0
112 99 112 108 101 107 111 100 112 108 104 105 1
107 91 108 98 97 96 103 100 111 102 98 92 2
117 103 119 113 114 112 110 100 137 121 107 107 3
115 99 116 110 114 111 115 100 130 138 104 105 4
110 97 107 102 89 103 109 99 110 107 101 97 5
109 94 106 101 105 102 105 99 109 104 98 98 6
112 101 116 103 114 113 116 100 132 118 105 107 7
104 101 108 103 114 108 105 99 178 151 96 101 8
110 103 115 108 114 108 115 100 121 122 111 107 9
114 101 112 104 105 104 111 100 111 110 107 107 10
122 108 121 111 105 117 123 100 122 113 107 15000 11
Chip#1
110 106 107 101 95 98 108 102 100 110 103 99 0
101 101 105 103 97 99 107 98 103 105 104 94 1
109 109 112 108 105 106 111 110 106 110 112 102 2
106 103 113 285 132 101 98 198 225 102 104 97 3
108 100 108 197 102 103 105 190 216 106 105 99 4
98 99 103 95 97 98 103 100 101 106 102 97 5
105 103 105 95 100 98 108 105 99 102 104 94 6
109 109 112 187 132 106 113 227 316 108 110 104 7
107 109 114 287 181 103 110 593 370 108 108 98 8
104 109 109 106 106 104 111 126 114 105 104 100 9
101 109 105 97 94 95 103 99 99 103 101 93 10
113 108 111 103 103 101 110 105 103 108 108 15000 11
Chip#2
106 98 102 99 102 104 104 100 107 99 102 99 0
108 102 111 103 102 99 107 100 109 102 99 102 1
103 99 108 98 103 103 105 100 110 101 104 100 2
106 98 106 102 114 105 104 100 121 114 102 99 3
108 100 116 109 114 111 109 100 136 137 107 101 4
108 103 108 106 105 106 107 100 114 103 105 101 5
108 101 108 109 105 104 109 100 114 106 103 103 6
106 94 106 106 105 102 100 99 126 107 104 97 7
106 96 103 103 114 102 107 99 176 153 102 98 8
113 102 114 106 114 107 108 100 126 117 105 101 9
112 102 111 104 105 111 108 100 115 107 106 104 10
114 105 109 108 105 112 117 100 114 108 111 15000 11
