Chip#1
2341 2390 2464 2369 2213 2371 2368 2428 2466 2253 2502 2401 0
2339 2390 2464 2365 2197 2421 2363 2425 2462 2237 2502 2398 1
2338 2387 2464 2359 2197 2421 2361 2423 2459 2237 2486 2394 2
2339 2390 2464 2363 2197 2421 2363 2425 2460 2237 2502 2396 3
2337 2387 2464 2359 2197 2421 2361 2423 2459 2237 2502 2394 4
2337 2386 2464 2357 2197 2360 2360 2422 2456 2237 2486 2392 5
2336 2386 2464 2358 2181 2360 2359 2421 2456 2221 2486 2392 6
2336 2385 2448 2358 2197 2362 2359 2422 2456 2221 2486 2393 7
2337 2386 2464 2360 2197 2363 2361 2423 2459 2221 2486 2394 8
2336 2385 2464 2357 2181 2362 2359 2422 2458 2221 2486 2392 9
2336 2386 2448 2359 2197 2363 2360 2423 2458 2221 2486 2393 10
2336 2386 2448 2359 2181 2362 2360 2422 2458 2221 2470 2393 11
Chip#2
2982 3037 3025 3000 2982 3031 3057 3009 3043 2947 2974 3175 0
2966 3021 3009 2984 2966 3021 3041 2993 3043 2931 2974 3068 1
2982 3037 3009 3000 2982 3032 3057 2993 3043 2947 2974 3175 2
2966 3021 2993 2984 2966 3017 3041 2993 3043 2915 2974 3068 3
2966 3021 2993 2984 2966 3014 3025 2993 3043 2931 2974 3068 4
2966 3021 2993 2984 2966 3012 3025 2993 3043 2931 2974 3068 5
2966 3021 3009 2984 2966 3023 3041 2993 3043 2931 2974 3068 6
2966 3021 2993 2984 2891 3020 3041 2977 3043 2915 2974 3068 7
2966 3021 2993 2984 2891 3017 3041 2993 3043 2915 2974 3068 8
2966 3021 2993 2968 2891 3014 3041 2977 3043 2915 2974 3068 9
2982 3037 3009 2984 2966 3026 3041 2993 3043 2931 2974 3068 10
2966 3005 2993 2968 2892 3014 3025 2977 3043 2915 2974 3068 11
Chip#3
85 1293 1968 0 1541 0 371 1547 1252 1048 1510 0 0
69 1309 1970 0 1541 0 323 1549 1255 1051 1510 0 1
69 1277 1969 0 1541 0 339 1546 1252 1048 1510 0 2
69 1293 1969 0 1541 0 355 1548 1252 1056 1438 0 3
69 1277 1969 0 1557 0 323 1548 1251 1132 1510 0 4
69 1277 1968 0 1525 0 339 1547 1252 1052 1438 0 5
69 1309 1969 0 1541 0 339 1544 1251 1050 1510 0 6
69 1293 1969 0 1541 0 355 1549 1254 1051 1439 0 7
69 1293 1969 0 1541 0 355 1547 1253 1048 1437 0 8
69 1277 1969 0 1541 0 355 1546 1252 1148 1510 0 9
69 1293 1967 0 1541 0 355 1545 1251 1132 1510 0 10
85 1293 1968 0 1541 0 339 1545 1252 1046 1437 0 11
Chip#4
897 255 300 402 605 377 301 272 1102 492 320 901 0
897 239 298 335 665 377 301 272 1185 491 318 825 1
913 223 297 334 663 377 285 270 1105 491 318 825 2
897 239 298 418 663 377 301 269 1104 492 318 917 3
913 223 298 402 663 377 301 270 1102 491 318 901 4
913 239 297 418 663 377 301 270 1201 490 318 917 5
913 239 300 418 663 377 301 272 1201 491 318 933 6
913 223 298 402 662 378 285 272 1201 491 317 917 7
929 239 298 402 663 378 301 272 1185 491 320 917 8
897 255 300 335 663 377 301 272 1104 492 318 933 9
897 239 300 402 663 377 301 272 1185 491 318 917 10
897 239 300 402 665 377 301 269 1105 491 318 917 11
