Chip#1
109 109 105 101 103 103 112 103 99 105 106 97 0
111 109 108 102 98 108 112 105 104 107 109 97 1
113 109 112 112 106 115 115 110 111 111 112 99 2
105 106 112 275 135 108 111 174 197 106 106 95 3
109 105 108 193 109 106 112 171 194 105 109 102 4
104 109 108 100 98 103 113 100 101 103 104 93 5
111 109 111 106 106 110 118 105 105 110 108 103 6
110 108 112 189 129 106 115 211 285 106 108 99 7
113 109 113 298 190 107 107 533 333 105 106 99 8
105 109 109 103 102 105 115 118 116 106 109 101 9
117 109 111 107 103 110 115 110 108 110 110 99 10
107 109 107 100 94 104 106 103 95 101 104 15000 11
Chip#1
113 109 109 103 106 110 113 108 102 108 108 105 0
104 106 105 100 101 106 108 107 99 103 103 99 1
101 109 104 101 98 103 105 105 95 101 103 97 2
110 109 116 287 139 104 107 177 198 106 108 102 3
104 105 103 196 104 106 110 168 199 105 103 99 4
98 99 100 100 97 102 106 100 97 100 99 97 5
104 104 104 102 100 103 109 109 103 103 104 102 6
106 106 104 197 129 110 108 214 286 107 108 102 7
100 99 105 309 189 98 103 531 334 99 101 93 8
104 109 104 103 102 103 107 114 108 104 108 98 9
104 109 104 102 103 102 110 102 102 100 105 100 10
108 108 102 101 101 100 108 103 96 103 106 15000 11
Chip#1
102 109 107 100 98 101 111 103 103 103 104 103 0
106 109 107 101 102 101 108 107 105 106 106 98 1
110 108 112 107 109 108 113 110 109 107 109 106 2
100 101 113 295 137 104 104 176 203 103 103 95 3
107 109 111 207 108 107 112 184 220 107 106 104 4
98 105 104 98 97 103 107 103 102 103 98 95 5
102 106 103 101 97 101 103 99 103 105 104 102 6
102 100 99 193 126 94 103 209 287 100 102 97 7
93 100 104 314 190 99 98 530 336 99 99 92 8
114 108 113 109 105 108 114 115 116 106 108 103 9
109 101 111 101 98 99 107 102 103 102 103 100 10
109 108 105 101 103 104 109 108 101 107 108 15000 11
Chip#1
108 103 102 100 100 99 105 100 101 101 105 103 0
106 106 107 104 100 103 107 102 105 101 104 99 1
97 104 99 95 99 103 102 107 101 105 103 94 2
104 103 111 308 145 106 102 190 212 106 106 101 3
106 103 102 201 104 102 105 185 231 103 106 100 4
104 103 111 102 102 103 105 103 107 103 103 94 5
104 104 102 102 97 102 105 104 101 101 105 99 6
106 106 107 200 135 106 110 214 297 102 102 100 7
111 109 117 330 208 107 107 550 352 108 110 104 8
101 105 108 106 102 104 105 109 114 101 98 93 9
101 103 99 99 97 98 102 100 99 102 101 94 10
109 105 105 101 100 102 105 104 99 100 104 15000 11
Chip#1
110 109 113 107 104 108 111 109 109 106 114 106 0
108 106 107 102 102 104 103 107 107 101 108 99 1
105 106 107 107 100 104 107 104 104 105 104 99 2
110 108 122 320 146 112 111 198 232 113 117 103 3
102 109 108 208 102 106 110 194 246 106 104 97 4
100 109 104 100 97 99 101 99 99 99 106 92 5
101 100 105 99 102 101 103 101 97 97 102 92 6
104 101 107 202 126 103 107 218 298 99 105 98 7
111 105 119 327 207 106 112 554 349 111 104 103 8
100 103 105 106 97 102 103 114 111 101 98 93 9
101 105 105 96 100 102 105 105 96 103 99 95 10
114 108 113 108 106 107 105 109 107 110 109 15000 11
Chip#1
105 104 105 97 96 98 107 95 99 102 103 97 0
111 108 108 102 100 103 110 107 104 100 106 99 1
113 109 116 107 109 110 113 110 109 108 110 103 2
105 108 113 315 140 103 104 194 225 105 106 103 3
105 105 108 209 103 103 108 200 244 105 110 103 4
111 108 111 106 105 107 112 109 111 106 110 101 5
109 106 113 106 109 104 108 105 107 108 110 104 6
108 109 108 198 130 103 108 218 299 102 108 99 7
110 109 119 328 213 111 108 555 352 108 110 108 8
111 109 111 117 107 108 116 123 120 105 110 104 9
98 105 102 101 102 99 100 102 99 102 101 98 10
106 105 109 102 103 107 110 112 100 107 108 15000 11
