Chip#1
104 104 105 100 98 106 105 103 104 102 105 100 0
115 104 111 103 105 107 110 104 107 108 106 103 1
101 105 107 107 103 107 107 105 104 102 110 99 2
108 105 125 561 188 106 107 269 287 103 106 97 3
100 104 112 337 104 103 99 204 228 102 101 98 4
98 99 104 96 92 99 102 96 97 99 97 93 5
109 105 112 106 103 107 110 109 107 102 113 98 6
102 100 103 136 108 101 99 179 221 103 104 98 7
104 108 112 197 144 106 108 426 336 111 110 102 8
102 104 107 106 103 102 105 114 112 101 104 95 9
108 108 111 108 103 110 110 111 112 106 110 105 10
113 104 116 107 102 104 109 111 102 106 116 15000 11
Chip#2
106 105 104 104 102 108 112 99 108 109 104 104 0
106 101 98 98 102 102 103 99 103 98 104 101 1
104 99 104 103 103 104 105 100 109 101 103 101 2
108 104 105 105 129 109 112 100 127 121 104 104 3
101 99 101 104 124 103 107 99 131 132 103 103 4
106 103 105 104 89 108 110 99 109 104 106 105 5
106 106 103 103 103 104 108 99 107 102 103 102 6
111 105 110 107 103 109 113 99 125 110 109 108 7
102 96 101 99 103 104 107 99 151 129 104 101 8
104 101 105 102 103 104 107 99 110 108 102 104 9
102 100 106 98 101 103 109 99 103 105 100 101 10
111 104 112 103 101 105 114 99 110 106 107 15000 11
Chip#1
106 106 107 103 97 103 107 101 99 100 105 100 0
104 100 100 97 95 101 103 103 103 100 99 100 1
97 96 103 103 94 102 98 103 103 95 99 93 2
98 103 119 562 179 99 103 263 285 99 99 97 3
96 99 108 343 98 97 101 210 232 97 105 95 4
106 99 108 103 98 101 107 104 105 101 103 97 5
96 93 99 97 94 98 100 99 99 99 101 92 6
106 109 113 146 115 108 106 189 232 102 108 104 7
102 101 111 206 145 99 97 427 343 97 104 99 8
106 104 108 107 98 102 105 119 112 100 104 97 9
106 103 104 103 95 102 107 106 103 101 105 99 10
106 104 105 101 100 101 104 105 97 102 105 15000 11
Chip#2
105 96 102 101 102 98 103 99 105 99 99 101 0
103 94 98 102 102 100 103 99 103 96 99 98 1
99 94 98 103 97 98 108 99 104 98 99 99 2
114 108 109 107 133 113 110 99 130 126 107 108 3
106 101 103 103 125 104 109 99 129 135 104 104 4
108 107 110 106 89 107 114 99 107 109 111 107 5
110 101 104 98 104 100 110 100 111 107 104 105 6
104 91 99 93 104 99 103 99 107 98 98 96 7
104 103 106 104 105 104 108 99 151 134 102 102 8
101 95 99 101 105 99 104 100 105 106 104 101 9
104 109 106 101 104 105 108 99 110 104 108 105 10
114 105 104 104 103 101 108 99 111 106 106 15000 11
