Chipdp
84 2 68 4 16 11 4 1 6 2 6 1 7 2 7 4 4 6 5 6 4 7 5 7 4 7 6 8 6 7 7 8 7 4 10 6 11 6 10 7 11 7 4 1 9 2 9 1 10 2 10 4 4 9 5 9 4 10 5 10 4 7 9 8 9 7 10 8 10 4 10 9 11 9 10 10 11 10 4 1 3 2 3 1 4 2 4 4 4 3 5 3 4 4 5 4 4 7 3 8 3 7 4 8 4 4 10 3 11 3 10 4 11 4 4 1 0 2 0 1 1 2 1 4 4 0 5 0 4 1 5 1 4 7 0 8 0 7 1 8 1 4 10 0 11 0 10 1 11 1 4 1 6 2 6 1 7 2 7 4 4 6 5 6 4 7 5 7 4 7 6 8 6 7 7 8 7 4 10 6 11 6 10 7 11 7 4 1 9 2 9 1 10 2 10 4 4 9 5 9 4 10 5 10 4 7 9 8 9 7 10 8 10 4 10 9 11 9 10 10 11 10 4 1 3 2 3 1 4 2 4 4 4 3 5 3 4 4 5 4 4 7 3 8 3 7 4 8 4 4 10 3 11 3 10 4 11 4 4 1 0 2 0 1 1 2 1 4 4 0 5 0 4 1 5 1 4 7 0 8 0 7 1 8 1 4 10 0 11 0 10 1 11 1 4 6 0 7 0 6 1 7 1 4 6 3 7 3 6 4 7 4 4 6 6 7 6 6 7 7 7 4 6 9 7 9 6 10 7 10 4 9 0 10 0 9 1 10 1 4 9 3 10 3 9 4 10 4 4 9 6 10 6 9 7 10 7 4 9 9 10 9 9 10 10 10 4 3 0 4 0 3 1 4 1 4 3 3 4 3 3 4 4 4 4 3 6 4 6 3 7 4 7 4 3 9 4 9 3 10 4 10 4 0 0 1 0 0 1 1 1 4 0 3 1 3 0 4 1 4 4 0 6 1 6 0 7 1 7 4 0 9 1 9 0 10 1 10 4 7 0 8 0 7 1 8 1 4 7 3 8 3 7 4 8 4 4 7 6 8 6 7 7 8 7 4 7 9 8 9 7 10 8 10 4 10 0 11 0 10 1 11 1 4 10 3 11 3 10 4 11 4 4 10 6 11 6 10 7 11 7 4 10 9 11 9 10 10 11 10 4 4 0 5 0 4 1 5 1 4 4 3 5 3 4 4 5 4 4 4 6 5 6 4 7 5 7 4 4 9 5 9 4 10 5 10 4 1 0 2 0 1 1 2 1 4 1 3 2 3 1 4 2 4 4 1 6 2 6 1 7 2 0 0 
Chip#1
106 105 97 103 104 103 113 124 100 95 99 99 0
105 109 103 108 104 103 115 112 106 104 105 108 1
100 109 99 99 104 99 112 110 96 100 101 101 2
100 101 94 98 104 96 103 109 97 97 94 99 3
95 96 89 98 104 95 105 104 94 94 95 97 4
96 98 94 98 104 95 107 104 94 95 98 94 5
99 104 97 103 104 102 108 124 100 95 96 102 6
96 101 90 99 104 92 106 124 90 95 98 98 7
106 105 100 107 104 100 111 112 102 99 105 105 8
98 100 90 97 104 95 106 105 92 94 95 94 9
93 99 88 94 104 93 103 104 90 92 95 94 10
105 106 99 101 104 98 111 113 97 98 105 15000 11
Chip#1
99 99 94 101 104 103 103 98 96 97 102 98 0
101 98 93 102 104 99 109 104 99 94 99 100 1
99 103 97 100 104 100 103 104 96 93 96 96 2
99 104 94 100 104 96 103 99 94 94 99 92 3
106 107 98 104 104 103 105 104 102 97 104 103 4
101 103 97 99 104 103 105 103 95 104 100 97 5
93 96 90 97 104 92 105 99 95 92 92 96 6
101 104 90 103 104 100 106 102 97 100 98 99 7
100 98 93 100 104 102 107 99 97 98 96 96 8
101 103 94 101 104 102 107 101 96 98 96 97 9
99 99 97 100 104 103 106 103 96 100 102 97 10
101 105 93 101 104 100 108 103 96 98 99 15000 11
Chip#1
94 98 89 95 104 92 103 97 92 92 93 90 0
100 110 100 104 104 98 109 105 102 101 100 102 1
98 104 97 102 98 94 106 102 96 98 104 94 2
91 95 85 98 104 88 106 95 90 89 92 85 3
101 104 97 102 104 98 107 103 99 99 98 97 4
93 99 92 97 104 94 102 98 91 95 96 90 5
104 106 99 107 104 106 106 112 102 103 102 104 6
94 100 92 99 104 92 106 97 95 99 95 92 7
98 98 95 97 96 99 106 101 98 99 99 97 8
100 104 94 103 104 98 107 102 101 95 99 94 9
104 110 99 106 104 106 112 109 99 106 107 101 10
98 104 100 103 104 98 112 124 102 103 99 15000 11
Chip#1
100 104 95 98 104 98 106 102 95 97 98 98 0
101 106 95 102 104 99 107 105 95 101 99 102 1
106 106 97 104 104 103 108 102 100 101 102 102 2
95 96 90 95 104 88 108 99 90 95 95 94 3
96 104 97 95 104 96 106 99 92 95 95 97 4
100 107 97 102 104 96 107 105 98 106 99 98 5
103 109 102 108 104 103 115 110 100 104 106 102 6
105 111 98 104 104 106 112 112 100 110 104 102 7
99 107 97 103 104 96 111 107 101 101 104 104 8
96 101 97 101 104 95 105 104 96 101 100 97 9
98 104 93 103 104 99 109 124 101 104 101 101 10
95 101 92 98 104 92 102 99 91 94 95 15000 11
Chip#1
93 99 95 99 104 92 102 101 91 95 96 96 0
104 111 104 100 104 100 108 103 102 106 102 102 1
99 104 93 97 104 96 107 99 96 98 104 97 2
95 101 92 93 104 94 107 96 89 94 94 92 3
96 105 99 103 104 102 111 105 105 104 99 98 4
93 99 97 97 104 98 105 103 94 101 96 96 5
93 93 91 94 96 93 105 96 94 93 93 92 6
100 103 94 99 104 98 108 103 99 103 96 102 7
98 100 92 99 104 99 102 104 100 97 98 101 8
96 106 93 97 104 103 109 104 95 100 98 101 9
98 105 104 103 104 102 112 109 101 99 104 102 10
100 105 95 100 104 96 103 104 94 100 96 15000 11
Chip#1
103 107 98 107 104 103 108 108 100 104 102 101 0
101 106 98 103 104 103 109 124 100 105 100 100 1
105 106 99 103 104 100 108 103 101 103 102 101 2
93 100 88 98 104 96 108 99 91 99 96 92 3
100 98 98 97 104 95 106 101 101 99 100 92 4
93 100 90 97 104 90 106 102 90 95 96 92 5
100 100 97 102 104 96 106 105 97 104 101 101 6
104 105 97 103 104 102 109 103 99 106 99 98 7
93 98 93 93 104 94 109 93 92 97 98 92 8
98 101 98 97 104 92 106 98 94 98 99 98 9
93 98 89 95 98 92 101 99 94 93 99 91 10
104 106 97 104 104 102 109 107 102 104 106 15000 11
