Chip#1
746 790 720 770 750 713 748 755 756 750 784 799 0 60
746 685 720 786 750 713 796 755 756 782 768 783 1 0
746 685 976 1042 750 969 1276 755 907 1246 816 783 2 0
762 790 823 885 766 864 940 755 755 990 800 783 3 0
762 790 720 770 766 713 764 755 756 766 784 783 4 0
746 790 720 770 766 713 764 755 875 1022 800 783 5 0
746 685 720 754 750 713 748 755 755 926 784 767 6 0
762 806 720 770 766 713 764 755 756 766 784 799 7 0
762 790 720 786 750 713 764 755 756 750 768 783 8 0
746 685 720 770 750 713 748 755 756 750 768 783 9 0
746 685 720 770 750 713 748 755 756 750 768 783 10 0
762 790 720 770 750 713 748 755 756 750 768 15000 11 0
Chip#2
622 617 618 635 578 639 587 540 625 614 613 610 0 60
606 517 618 538 578 623 586 540 609 598 597 610 1 0
638 617 634 635 578 639 587 540 625 614 613 626 2 0
622 617 634 731 578 655 715 675 625 662 677 610 3 0
622 617 650 799 681 639 747 691 625 662 677 610 4 0
606 517 618 541 578 639 581 540 609 598 597 610 5 0
622 617 634 667 578 639 581 540 625 614 613 610 6 0
622 617 634 747 578 639 583 540 625 614 613 610 7 0
606 517 618 567 578 639 581 540 625 614 613 610 8 0
622 517 618 567 578 639 581 540 625 614 613 610 9 0
622 617 618 567 578 639 583 540 625 614 613 610 10 0
638 617 634 567 578 639 583 540 625 614 613 15000 11 0
Chip#3
100 100 100 100 100 100 100 100 100 100 100 100 241 0
100 100 100 100 100 100 100 100 100 100 100 100 241 0
100 100 100 100 100 100 100 100 100 100 100 100 241 0
100 100 100 100 100 100 100 100 100 100 100 100 241 0
100 100 100 100 100 100 100 100 100 100 100 100 241 0
100 100 100 100 100 100 100 100 100 100 100 100 241 0
100 100 100 100 100 100 100 100 100 100 100 100 241 0
100 100 100 100 100 100 100 100 100 100 100 100 241 0
100 100 100 100 100 100 100 100 100 100 100 100 241 0
100 100 100 100 100 100 100 100 100 100 100 100 241 0
100 100 100 100 100 100 100 100 100 100 100 100 241 0
100 100 100 100 100 100 100 100 100 100 100 15000 241 0
Chip#4
100 100 100 100 100 100 100 100 100 100 100 100 241 0
100 100 100 100 100 100 100 100 100 100 100 100 241 0
100 100 100 100 100 100 100 100 100 100 100 100 241 0
100 100 100 100 100 100 100 100 100 100 100 100 241 0
100 100 100 100 100 100 100 100 100 100 100 100 241 0
100 100 100 100 100 100 100 100 100 100 100 100 241 0
100 100 100 100 100 100 100 100 100 100 100 100 241 0
100 100 100 100 100 100 100 100 100 100 100 100 241 0
100 100 100 100 100 100 100 100 100 100 100 100 241 0
100 100 100 100 100 100 100 100 100 100 100 100 241 0
100 100 100 100 100 100 100 100 100 100 100 100 241 0
100 100 100 100 100 100 100 100 100 100 100 15000 241 0
Chip#1
746 685 798 754 750 713 748 744 756 750 768 783 0 62
746 685 798 786 750 713 780 760 756 766 768 767 1 0
762 790 983 1058 766 969 1292 792 923 1246 832 783 2 0
762 790 800 885 750 848 940 760 755 990 800 783 3 0
730 685 798 754 750 713 732 744 756 750 665 767 4 0
762 790 798 786 750 713 764 760 859 1006 800 783 5 0
746 685 798 770 750 713 764 760 755 926 784 783 6 0
762 790 798 770 766 713 764 776 756 750 784 783 7 0
730 685 798 754 734 713 732 744 756 734 665 767 8 0
746 685 798 754 734 713 748 744 756 734 665 767 9 0
746 685 798 754 750 713 748 760 756 750 768 783 10 0
746 685 798 754 734 713 748 744 756 734 768 15000 11 0
Chip#2
606 517 618 573 569 623 584 540 609 598 597 507 0 62
606 517 618 573 585 623 584 540 609 598 597 610 1 0
622 617 618 573 585 639 584 540 625 614 613 610 2 0
622 617 634 731 725 655 731 675 625 662 677 626 3 0
622 617 650 807 724 639 747 691 625 678 677 610 4 0
622 617 634 651 601 655 589 540 625 614 613 610 5 0
606 517 618 667 617 639 589 540 625 614 597 610 6 0
606 517 634 747 724 639 587 540 625 614 613 610 7 0
606 517 618 561 585 639 587 540 609 504 597 507 8 0
622 617 634 561 585 639 589 540 625 614 613 610 9 0
622 517 618 561 585 639 589 540 625 614 629 610 10 0
622 517 618 561 585 639 587 540 625 504 597 15000 11 0
Chip#3
100 100 100 100 100 100 100 100 100 100 100 100 241 0
100 100 100 100 100 100 100 100 100 100 100 100 241 0
100 100 100 100 100 100 100 100 100 100 100 100 241 0
100 100 100 100 100 100 100 100 100 100 100 100 241 0
100 100 100 100 100 100 100 100 100 100 100 100 241 0
100 100 100 100 100 100 100 100 100 100 100 100 241 0
100 100 100 100 100 100 100 100 100 100 100 100 241 0
100 100 100 100 100 100 100 100 100 100 100 100 241 0
100 100 100 100 100 100 100 100 100 100 100 100 241 0
100 100 100 100 100 100 100 100 100 100 100 100 241 0
100 100 100 100 100 100 100 100 100 100 100 100 241 0
100 100 100 100 100 100 100 100 100 100 100 15000 241 0
Chip#4
100 100 100 100 100 100 100 100 100 100 100 100 241 0
100 100 100 100 100 100 100 100 100 100 100 100 241 0
100 100 100 100 100 100 100 100 100 100 100 100 241 0
100 100 100 100 100 100 100 100 100 100 100 100 241 0
100 100 100 100 100 100 100 100 100 100 100 100 241 0
100 100 100 100 100 100 100 100 100 100 100 100 241 0
100 100 100 100 100 100 100 100 100 100 100 100 241 0
100 100 100 100 100 100 100 100 100 100 100 100 241 0
100 100 100 100 100 100 100 100 100 100 100 100 241 0
100 100 100 100 100 100 100 100 100 100 100 100 241 0
100 100 100 100 100 100 100 100 100 100 100 100 241 0
100 100 100 100 100 100 100 100 100 100 100 15000 241 0
Chip#1
762 685 798 770 750 713 748 760 756 750 768 783 0 63
762 790 799 802 766 713 812 776 756 798 784 783 1 0
746 685 967 1042 750 969 1276 792 907 1246 816 783 2 0
746 685 776 834 750 848 924 760 755 974 784 783 3 0
762 790 775 754 766 713 764 760 756 766 768 783 4 0
762 685 775 770 750 713 748 760 859 1006 784 767 5 0
746 685 775 770 750 713 748 760 755 926 784 783 6 0
762 790 775 770 750 713 748 760 756 750 784 783 7 0
762 790 775 786 750 713 764 776 756 766 768 783 8 0
730 685 775 754 734 713 748 744 756 734 665 767 9 0
746 685 775 754 750 713 748 744 756 734 768 783 10 0
746 685 775 770 750 713 748 760 756 750 768 15000 11 0
Chip#2
606 517 634 542 585 639 585 540 625 614 613 610 0 63
606 517 618 542 585 639 585 540 625 598 597 610 1 0
606 517 618 542 585 639 585 540 609 598 597 610 2 0
606 517 634 731 617 639 715 675 625 662 677 610 3 0
606 517 634 800 723 639 731 691 625 662 677 610 4 0
622 617 634 651 601 639 577 540 625 614 613 610 5 0
622 517 618 667 617 639 576 540 625 598 613 610 6 0
622 617 650 800 723 655 577 540 625 614 629 626 7 0
622 517 618 651 601 639 576 540 625 598 597 610 8 0
622 617 634 542 601 639 577 540 641 614 613 626 9 0
622 517 618 542 585 639 576 540 625 598 613 610 10 0
622 617 634 542 585 639 576 540 625 614 613 15000 11 0
Chip#3
100 100 100 100 100 100 100 100 100 100 100 100 241 0
100 100 100 100 100 100 100 100 100 100 100 100 241 0
100 100 100 100 100 100 100 100 100 100 100 100 241 0
100 100 100 100 100 100 100 100 100 100 100 100 241 0
100 100 100 100 100 100 100 100 100 100 100 100 241 0
100 100 100 100 100 100 100 100 100 100 100 100 241 0
100 100 100 100 100 100 100 100 100 100 100 100 241 0
100 100 100 100 100 100 100 100 100 100 100 100 241 0
100 100 100 100 100 100 100 100 100 100 100 100 241 0
100 100 100 100 100 100 100 100 100 100 100 100 241 0
100 100 100 100 100 100 100 100 100 100 100 100 241 0
100 100 100 100 100 100 100 100 100 100 100 15000 241 0
Chip#4
100 100 100 100 100 100 100 100 100 100 100 100 241 0
100 100 100 100 100 100 100 100 100 100 100 100 241 0
100 100 100 100 100 100 100 100 100 100 100 100 241 0
100 100 100 100 100 100 100 100 100 100 100 100 241 0
100 100 100 100 100 100 100 100 100 100 100 100 241 0
100 100 100 100 100 100 100 100 100 100 100 100 241 0
100 100 100 100 100 100 100 100 100 100 100 100 241 0
100 100 100 100 100 100 100 100 100 100 100 100 241 0
100 100 100 100 100 100 100 100 100 100 100 100 241 0
100 100 100 100 100 100 100 100 100 100 100 100 241 0
100 100 100 100 100 100 100 100 100 100 100 100 241 0
100 100 100 100 100 100 100 100 100 100 100 15000 241 0
Chip#1
762 790 782 770 750 713 748 760 756 750 768 783 0 64
762 790 783 802 766 713 812 776 756 798 784 799 1 0
746 790 967 1042 750 969 1260 776 923 1230 832 783 2 0
746 685 782 834 750 848 924 760 755 974 784 783 3 0
746 685 781 754 750 713 748 760 756 750 768 767 4 0
746 685 781 770 750 713 764 760 859 990 784 783 5 0
762 790 781 770 766 713 764 760 755 926 784 783 6 0
746 685 781 770 750 713 748 760 756 750 768 783 7 0
746 790 781 786 766 713 764 760 756 750 768 783 8 0
762 685 781 770 766 713 764 760 756 750 768 783 9 0
762 685 781 754 750 713 748 760 756 750 768 783 10 0
746 685 781 770 750 713 748 760 756 750 768 15000 11 0
Chip#2
622 517 618 561 585 639 583 540 625 598 597 610 0 64
606 517 618 561 585 639 581 540 609 598 597 610 1 0
622 517 618 561 585 639 581 540 609 598 597 610 2 0
622 517 634 715 715 639 715 675 625 646 661 610 3 0
622 517 650 803 715 639 731 691 609 662 677 610 4 0
622 617 634 651 601 639 587 540 625 614 613 610 5 0
622 617 634 683 617 639 587 540 641 614 629 626 6 0
606 517 634 747 715 623 586 540 609 598 613 610 7 0
638 617 634 667 617 655 587 540 625 614 613 626 8 0
606 519 602 563 569 607 586 540 609 496 597 507 9 0
622 517 618 563 585 623 586 540 625 614 613 610 10 0
638 617 634 564 601 639 587 540 641 614 613 15000 11 0
Chip#3
100 100 100 100 100 100 100 100 100 100 100 100 241 0
100 100 100 100 100 100 100 100 100 100 100 100 241 0
100 100 100 100 100 100 100 100 100 100 100 100 241 0
100 100 100 100 100 100 100 100 100 100 100 100 241 0
100 100 100 100 100 100 100 100 100 100 100 100 241 0
100 100 100 100 100 100 100 100 100 100 100 100 241 0
100 100 100 100 100 100 100 100 100 100 100 100 241 0
100 100 100 100 100 100 100 100 100 100 100 100 241 0
100 100 100 100 100 100 100 100 100 100 100 100 241 0
100 100 100 100 100 100 100 100 100 100 100 100 241 0
100 100 100 100 100 100 100 100 100 100 100 100 241 0
100 100 100 100 100 100 100 100 100 100 100 15000 241 0
Chip#4
100 100 100 100 100 100 100 100 100 100 100 100 241 0
100 100 100 100 100 100 100 100 100 100 100 100 241 0
100 100 100 100 100 100 100 100 100 100 100 100 241 0
100 100 100 100 100 100 100 100 100 100 100 100 241 0
100 100 100 100 100 100 100 100 100 100 100 100 241 0
100 100 100 100 100 100 100 100 100 100 100 100 241 0
100 100 100 100 100 100 100 100 100 100 100 100 241 0
100 100 100 100 100 100 100 100 100 100 100 100 241 0
100 100 100 100 100 100 100 100 100 100 100 100 241 0
100 100 100 100 100 100 100 100 100 100 100 100 241 0
100 100 100 100 100 100 100 100 100 100 100 100 241 0
100 100 100 100 100 100 100 100 100 100 100 15000 241 0
Chip#1
746 685 778 754 750 713 748 760 756 750 768 783 0 65
762 790 778 802 766 713 796 760 756 798 784 783 1 0
778 790 983 1042 766 969 1276 792 923 1230 832 799 2 0
746 790 780 834 750 848 924 760 756 974 784 783 3 0
762 806 778 770 766 713 776 776 756 766 784 799 4 0
730 685 778 770 750 713 748 744 755 990 768 767 5 0
762 790 778 770 750 713 764 776 755 926 784 783 6 0
746 685 778 770 750 713 748 760 756 734 768 783 7 0
746 685 778 770 750 713 764 760 756 750 784 783 8 0
746 685 778 754 750 713 748 744 756 734 665 767 9 0
746 685 778 770 750 713 748 760 756 750 768 783 10 0
746 685 778 754 750 713 748 744 756 750 768 15000 11 0
Chip#2
622 617 618 553 585 639 584 540 625 598 613 610 0 65
622 617 618 553 585 623 584 540 609 598 597 610 1 0
590 519 602 553 569 623 584 540 593 496 581 507 2 0
606 517 634 715 617 639 699 659 609 646 661 507 3 0
622 617 650 789 714 655 747 707 625 678 677 610 4 0
606 517 602 531 585 623 577 540 609 598 581 507 5 0
622 617 634 667 617 639 578 540 625 614 613 610 6 0
622 617 650 747 714 639 578 540 625 614 629 626 7 0
622 617 634 558 617 655 578 540 625 614 613 626 8 0
622 617 634 558 601 639 578 540 625 614 613 610 9 0
606 517 618 557 585 639 577 540 609 614 613 610 10 0
622 617 634 557 585 639 578 540 625 614 613 15000 11 0
Chip#3
100 100 100 100 100 100 100 100 100 100 100 100 241 0
100 100 100 100 100 100 100 100 100 100 100 100 241 0
100 100 100 100 100 100 100 100 100 100 100 100 241 0
100 100 100 100 100 100 100 100 100 100 100 100 241 0
100 100 100 100 100 100 100 100 100 100 100 100 241 0
100 100 100 100 100 100 100 100 100 100 100 100 241 0
100 100 100 100 100 100 100 100 100 100 100 100 241 0
100 100 100 100 100 100 100 100 100 100 100 100 241 0
100 100 100 100 100 100 100 100 100 100 100 100 241 0
100 100 100 100 100 100 100 100 100 100 100 100 241 0
100 100 100 100 100 100 100 100 100 100 100 100 241 0
100 100 100 100 100 100 100 100 100 100 100 15000 241 0
Chip#4
100 100 100 100 100 100 100 100 100 100 100 100 241 0
100 100 100 100 100 100 100 100 100 100 100 100 241 0
100 100 100 100 100 100 100 100 100 100 100 100 241 0
100 100 100 100 100 100 100 100 100 100 100 100 241 0
100 100 100 100 100 100 100 100 100 100 100 100 241 0
100 100 100 100 100 100 100 100 100 100 100 100 241 0
100 100 100 100 100 100 100 100 100 100 100 100 241 0
100 100 100 100 100 100 100 100 100 100 100 100 241 0
100 100 100 100 100 100 100 100 100 100 100 100 241 0
100 100 100 100 100 100 100 100 100 100 100 100 241 0
100 100 100 100 100 100 100 100 100 100 100 100 241 0
100 100 100 100 100 100 100 100 100 100 100 15000 241 0
Chip#1
762 790 776 770 750 713 764 776 756 750 784 783 0 65
762 685 776 786 750 713 796 760 756 782 768 783 1 0
762 790 983 1042 766 969 1276 792 907 1230 832 783 2 0
746 685 777 834 750 848 924 760 756 974 784 767 3 0
746 685 776 754 734 713 748 744 756 750 665 767 4 0
746 685 776 770 750 713 764 760 859 990 800 783 5 0
762 790 776 770 766 713 764 776 755 926 800 783 6 0
746 685 776 754 750 713 748 760 756 750 768 767 7 0
746 790 776 770 766 713 764 760 756 750 784 783 8 0
746 685 776 754 750 713 748 744 756 734 665 767 9 0
746 685 776 754 750 713 748 760 756 750 768 783 10 0
762 685 776 754 750 713 748 760 756 750 784 15000 11 0
Chip#2
606 517 618 549 569 623 579 540 609 598 597 507 0 65
606 517 618 549 585 639 579 540 609 598 597 610 1 0
622 517 618 549 585 639 580 540 625 614 613 610 2 0
622 517 634 715 717 639 715 675 625 662 677 610 3 0
606 517 634 794 717 639 731 675 609 646 661 610 4 0
622 517 634 635 601 639 572 540 625 614 613 610 5 0
606 517 618 651 601 639 571 540 625 598 613 610 6 0
622 517 634 747 717 639 572 540 625 614 613 626 7 0
622 617 634 559 601 639 572 540 625 614 613 610 8 0
606 517 618 559 585 623 571 540 609 598 597 507 9 0
638 633 650 559 601 655 572 540 641 630 629 626 10 0
622 617 634 559 601 639 572 540 641 614 613 15000 11 0
Chip#3
100 100 100 100 100 100 100 100 100 100 100 100 241 0
100 100 100 100 100 100 100 100 100 100 100 100 241 0
100 100 100 100 100 100 100 100 100 100 100 100 241 0
100 100 100 100 100 100 100 100 100 100 100 100 241 0
100 100 100 100 100 100 100 100 100 100 100 100 241 0
100 100 100 100 100 100 100 100 100 100 100 100 241 0
100 100 100 100 100 100 100 100 100 100 100 100 241 0
100 100 100 100 100 100 100 100 100 100 100 100 241 0
100 100 100 100 100 100 100 100 100 100 100 100 241 0
100 100 100 100 100 100 100 100 100 100 100 100 241 0
100 100 100 100 100 100 100 100 100 100 100 100 241 0
100 100 100 100 100 100 100 100 100 100 100 15000 241 0
