Chipdp
84 2 37 2 8 3 4 8 5 9 5 8 6 9 6 4 8 3 9 3 8 2 9 2 4 6 6 5 6 6 5 5 5 4 6 2 5 2 6 3 5 3 4 6 8 5 8 6 9 5 9 4 2 8 3 8 2 9 3 9 4 2 5 3 5 2 6 3 6 4 2 2 3 2 2 3 3 3 4 9 7 10 7 9 6 10 6 4 9 10 10 10 9 9 10 9 4 7 7 6 7 7 6 6 6 4 7 10 6 10 7 9 6 9 4 7 3 7 4 6 3 6 4 4 4 4 4 3 3 4 3 3 4 3 7 4 7 3 6 4 6 4 3 10 4 10 3 9 4 9 
Chip#1
114 105 110 111 109 107 115 112 108 109 109 109 0
102 97 121 129 101 115 144 104 106 135 96 97 1
105 104 309 391 109 320 548 131 257 554 161 102 2
101 103 149 183 104 165 258 107 159 308 117 103 3
101 100 105 106 100 100 110 103 108 106 100 98 4
101 104 232 236 104 186 256 113 207 368 121 103 5
97 103 147 153 104 143 183 103 164 286 111 102 6
99 98 105 107 102 102 106 103 104 101 104 100 7
105 103 227 224 108 185 217 105 108 99 104 99 8
102 102 168 161 105 181 206 108 106 102 100 99 9
107 107 104 109 108 107 114 111 108 105 106 104 10
103 100 103 104 108 103 105 103 109 101 102 15000 11
Chip#2
102 97 99 95 99 97 95 95 95 95 94 95 0
109 106 109 105 106 106 101 100 102 98 104 103 1
103 100 103 103 106 99 101 100 96 98 98 96 2
97 93 104 151 123 96 150 132 92 121 137 92 3
103 103 112 193 157 101 168 150 99 130 138 102 4
110 107 108 116 114 105 107 104 105 106 106 103 5
107 107 107 124 121 106 179 178 101 166 220 106 6
106 102 113 168 147 104 275 283 101 214 307 116 7
98 96 100 106 106 96 110 111 93 99 110 92 8
106 106 105 104 106 100 144 162 104 140 198 113 9
106 102 108 104 106 106 241 325 114 204 334 134 10
99 97 97 100 102 96 113 132 99 101 128 15000 11
Chip#1
110 109 105 106 105 112 111 109 108 107 107 110 0
104 100 125 135 103 122 151 105 109 143 102 99 1
102 107 306 394 108 317 548 123 257 556 173 99 2
103 102 146 184 104 173 260 109 158 310 121 104 3
113 110 117 121 111 116 121 113 116 118 111 114 4
105 103 230 243 103 193 262 111 205 371 123 104 5
102 103 147 157 104 148 182 107 164 286 112 99 6
99 99 105 105 100 102 105 101 104 97 102 97 7
102 100 211 223 100 187 207 103 105 98 100 100 8
105 104 169 169 107 189 211 109 106 103 106 106 9
108 107 108 111 110 108 114 110 109 109 105 105 10
103 103 103 109 102 108 110 104 106 106 98 15000 11
Chip#2
106 106 103 98 100 99 98 96 100 101 100 100 0
108 109 110 106 111 107 105 104 104 105 106 107 1
113 112 110 111 113 109 106 109 107 109 111 110 2
109 110 110 163 132 107 161 145 107 137 147 113 3
97 98 108 189 150 99 166 146 95 131 136 98 4
104 107 100 113 106 100 106 103 96 104 104 100 5
106 102 105 122 115 102 173 179 102 165 223 110 6
107 107 112 174 152 110 301 292 108 224 316 119 7
106 105 104 115 111 101 111 114 98 109 113 101 8
104 101 100 97 105 100 136 160 96 136 199 105 9
99 98 98 95 100 96 233 313 105 196 325 123 10
106 102 102 101 107 104 120 136 99 110 132 15000 11
