Chip#1
109 107 98 106 103 107 102 101 103 95 100 101 0
102 100 122 138 97 121 151 102 103 136 101 101 1
108 107 358 453 110 402 709 134 261 629 163 108 2
102 102 152 199 100 201 310 104 163 342 122 100 3
104 106 99 107 107 105 111 108 106 103 103 101 4
101 105 108 113 102 107 115 104 197 347 125 96 5
102 104 99 106 102 104 109 98 164 267 107 96 6
102 105 96 106 108 100 113 107 102 97 98 101 7
99 104 105 109 98 101 104 98 98 92 97 96 8
111 109 108 113 104 110 113 107 107 100 101 105 9
106 104 99 112 105 105 111 109 106 101 102 104 10
110 109 104 106 107 111 109 109 103 101 107 15000 11
Chip#2
112 106 110 105 115 108 111 109 106 105 101 111 0
111 110 110 107 113 104 106 105 106 102 104 110 1
106 99 101 107 106 101 105 99 96 99 101 104 2
104 101 112 193 144 107 267 192 100 165 183 109 3
112 115 133 303 194 159 309 230 111 184 193 116 4
109 106 110 125 119 107 117 109 102 107 102 112 5
109 109 112 143 130 106 113 110 101 107 107 112 6
117 111 122 248 185 112 113 114 108 113 114 110 7
112 113 115 131 124 111 112 112 110 112 107 114 8
102 103 101 104 104 103 106 99 99 102 101 105 9
109 108 105 104 111 106 110 109 101 105 107 110 10
109 109 107 112 110 104 112 106 104 103 101 15000 11
Chip#3
100 100 100 100 100 100 100 100 100 100 100 100 241
100 100 100 100 100 100 100 100 100 100 100 100 241
100 100 100 100 100 100 100 100 100 100 100 100 241
100 100 100 100 100 100 100 100 100 100 100 100 241
100 100 100 100 100 100 100 100 100 100 100 100 241
100 100 100 100 100 100 100 100 100 100 100 100 241
100 100 100 100 100 100 100 100 100 100 100 100 241
100 100 100 100 100 100 100 100 100 100 100 100 241
100 100 100 100 100 100 100 100 100 100 100 100 241
100 100 100 100 100 100 100 100 100 100 100 100 241
100 100 100 100 100 100 100 100 100 100 100 100 241
100 100 100 100 100 100 100 100 100 100 100 15000 241
Chip#4
100 100 100 100 100 100 100 100 100 100 100 100 241
100 100 100 100 100 100 100 100 100 100 100 100 241
100 100 100 100 100 100 100 100 100 100 100 100 241
100 100 100 100 100 100 100 100 100 100 100 100 241
100 100 100 100 100 100 100 100 100 100 100 100 241
100 100 100 100 100 100 100 100 100 100 100 100 241
100 100 100 100 100 100 100 100 100 100 100 100 241
100 100 100 100 100 100 100 100 100 100 100 100 241
100 100 100 100 100 100 100 100 100 100 100 100 241
100 100 100 100 100 100 100 100 100 100 100 100 241
100 100 100 100 100 100 100 100 100 100 100 100 241
100 100 100 100 100 100 100 100 100 100 100 15000 241
