Chip#1
104 104 100 109 103 103 102 102 101 100 101 96 0
98 94 97 104 97 94 102 103 98 97 100 99 1
102 95 97 101 96 99 104 100 97 99 95 96 2
93 93 94 101 93 94 97 98 94 93 93 90 3
104 100 99 106 98 104 106 102 103 103 98 104 4
101 100 125 132 100 128 158 101 100 96 95 93 5
109 106 112 116 104 122 136 110 104 103 100 96 6
96 95 94 99 93 95 97 90 98 91 90 90 7
101 102 142 149 101 116 125 105 101 99 97 99 8
106 109 134 138 108 124 129 105 102 108 103 106 9
103 102 103 108 100 100 105 103 100 100 96 101 10
102 99 94 101 96 97 100 98 94 96 96 15000 11
Chip#1
97 96 97 102 96 94 97 96 100 97 96 98 0
99 99 97 101 96 97 97 98 99 93 97 96 1
97 96 97 97 94 95 101 97 97 96 96 93 2
97 97 99 101 96 100 99 98 97 96 96 102 3
95 99 96 98 94 101 98 96 94 97 92 94 4
93 95 147 151 93 156 205 95 97 95 90 94 5
97 95 114 121 97 129 155 102 99 91 94 96 6
110 105 104 106 107 103 109 108 107 103 103 107 7
103 101 179 180 100 134 149 98 103 97 95 99 8
98 101 148 146 100 135 147 103 100 103 96 99 9
98 99 102 102 97 98 101 103 100 101 95 94 10
108 100 99 104 104 103 104 105 100 104 103 15000 11
Chip#1
108 106 102 108 104 104 107 104 102 107 105 102 0
103 104 103 109 104 103 109 104 102 111 105 102 1
103 101 129 145 102 129 159 107 129 172 103 99 2
103 105 109 119 105 115 128 107 112 142 105 102 3
110 112 150 163 119 132 166 115 114 116 111 108 4
106 111 1323 1298 116 1466 2539 167 132 167 109 100 5
112 116 585 581 118 804 1421 130 128 153 111 107 6
108 102 142 146 112 111 119 111 106 107 103 104 7
104 117 1929 1778 114 852 1064 114 102 105 98 95 8
108 106 1231 1012 108 870 1060 112 101 105 98 98 9
118 110 109 115 112 110 114 108 106 109 103 104 10
128 116 109 118 105 111 115 111 112 112 108 15000 11
Chip#1
108 105 105 113 111 106 106 109 112 107 108 108 0
106 106 105 116 109 108 116 107 111 105 105 101 1
108 104 136 151 108 139 168 112 132 187 114 105 2
104 102 107 116 107 118 129 109 116 141 103 104 3
103 101 149 158 105 130 168 111 108 100 100 101 4
110 114 1467 1446 121 1610 2824 178 137 172 113 112 5
104 106 634 623 114 884 1563 129 126 154 106 102 6
106 107 145 155 116 116 120 114 111 103 106 105 7
108 121 2140 1981 119 950 1173 119 108 101 105 102 8
111 117 1351 1108 114 969 1178 113 109 105 103 105 9
110 104 105 110 109 100 106 107 106 99 97 100 10
121 112 104 107 105 108 102 105 106 105 105 15000 11
Chip#1
105 101 107 103 103 99 107 101 102 104 101 104 0
112 110 110 116 109 106 119 110 111 108 107 101 1
105 107 137 154 108 138 174 113 138 188 116 105 2
104 105 114 121 109 115 132 109 119 145 106 105 3
108 106 152 159 109 134 175 116 113 105 102 104 4
104 104 1505 1489 111 1663 2924 168 133 163 103 98 5
106 102 662 645 110 911 1629 126 121 152 101 96 6
110 105 147 151 112 112 115 110 111 104 102 101 7
101 114 2226 2051 114 990 1213 114 103 95 96 98 8
111 117 1409 1146 111 1008 1213 116 113 105 103 104 9
115 104 109 112 105 106 109 108 104 97 102 101 10
121 111 100 106 103 101 104 101 99 95 95 15000 11
Chip#1
104 106 103 108 108 103 104 102 103 101 101 100 0
108 101 104 112 109 105 114 107 106 105 105 102 1
102 101 134 151 101 135 167 108 132 187 106 100 2
102 100 106 121 102 111 129 105 114 144 98 98 3
103 102 152 160 107 128 170 110 108 103 98 98 4
106 110 1540 1518 118 1699 2972 174 132 175 111 100 5
103 104 670 651 109 930 1651 126 119 150 102 98 6
106 106 150 159 108 114 121 108 103 104 105 99 7
104 120 2255 2098 118 1008 1234 114 106 99 98 104 8
101 109 1425 1159 110 1014 1234 112 100 97 100 100 9
112 105 108 115 103 99 111 103 99 101 101 104 10
129 116 109 118 111 107 113 109 113 113 111 15000 11
