Chipdp
84 2 37 2 8 3 4 8 5 9 5 8 6 9 6 4 8 3 9 3 8 2 9 2 4 6 6 5 6 6 5 5 5 4 6 2 5 2 6 3 5 3 4 6 8 5 8 6 9 5 9 4 2 8 3 8 2 9 3 9 4 2 5 3 5 2 6 3 6 4 2 2 3 2 2 3 3 3 4 9 7 10 7 9 6 10 6 4 9 10 10 10 9 9 10 9 4 7 7 6 7 7 6 6 6 4 7 10 6 10 7 9 6 9 4 7 3 7 4 6 3 6 4 4 4 4 4 3 3 4 3 3 4 3 7 4 7 3 6 4 6 4 3 10 4 10 3 9 4 9 
Chip#1
117 106 102 107 104 100 102 108 108 101 109 109 0
99 95 136 152 102 124 170 108 108 170 103 102 1
103 102 474 630 112 479 942 152 349 953 214 107 2
102 101 183 253 105 212 383 107 195 478 138 106 3
105 106 116 123 107 107 117 111 107 112 108 99 4
99 99 410 430 103 304 486 113 265 560 140 99 5
98 101 210 230 107 201 297 107 202 420 122 92 6
104 101 106 112 104 103 111 105 109 101 101 101 7
103 104 370 374 103 276 341 110 106 105 107 105 8
106 100 256 247 104 267 328 108 102 99 103 105 9
100 101 98 99 102 98 104 102 104 99 97 102 10
109 102 103 107 100 97 104 111 111 91 103 15000 11
Chip#1
115 107 108 103 111 106 112 110 112 104 112 116 0
104 104 143 160 108 130 180 111 111 174 109 106 1
99 99 464 626 110 475 932 141 344 969 206 104 2
99 101 183 252 101 208 378 109 194 494 133 101 3
103 100 110 116 107 104 116 103 104 103 100 100 4
105 109 423 437 114 309 492 119 267 560 153 107 5
105 106 216 230 105 209 303 113 205 421 128 108 6
99 99 104 106 101 97 104 104 100 89 97 95 7
95 97 365 367 103 270 336 104 98 91 95 99 8
102 104 259 249 105 271 327 108 108 103 103 108 9
103 104 105 106 109 101 107 104 103 93 100 106 10
103 100 95 95 97 93 104 101 104 97 103 15000 11
