Chipdp
84 2 37 2 8 3 4 8 5 9 5 8 6 9 6 4 8 3 9 3 8 2 9 2 4 6 6 5 6 6 5 5 5 4 6 2 5 2 6 3 5 3 4 6 8 5 8 6 9 5 9 4 2 8 3 8 2 9 3 9 4 2 5 3 5 2 6 3 6 4 2 2 3 2 2 3 3 3 4 9 7 10 7 9 6 10 6 4 9 10 10 10 9 9 10 9 4 7 7 6 7 7 6 6 6 4 7 10 6 10 7 9 6 9 4 7 3 7 4 6 3 6 4 4 4 4 4 3 3 4 3 3 4 3 7 4 7 3 6 4 6 4 3 10 4 10 3 9 4 9 
Chip#1
109 110 103 107 109 110 111 105 107 108 103 105 0
99 97 128 137 103 116 154 98 104 130 100 94 1
101 101 392 512 111 397 713 130 251 523 153 96 2
99 99 164 215 96 195 317 101 160 299 113 94 3
101 105 99 101 103 98 108 103 108 100 98 95 4
95 96 113 112 96 103 119 100 195 369 111 93 5
110 109 107 113 110 110 117 108 171 295 114 101 6
93 95 96 91 97 97 98 97 101 88 94 87 7
102 105 116 112 105 108 119 100 104 101 97 98 8
103 96 111 104 100 104 113 100 101 96 100 96 9
101 102 99 102 98 98 105 98 100 101 101 100 10
102 104 100 100 103 101 106 104 103 99 96 15000 11
Chip#1
106 104 97 102 101 97 98 101 103 100 98 100 0
106 106 130 149 107 122 157 104 113 141 102 105 1
99 104 397 518 108 396 722 131 251 528 153 104 2
99 96 164 219 101 188 313 108 157 303 117 99 3
104 102 103 106 104 105 106 101 109 109 103 102 4
101 101 115 120 100 109 119 104 205 383 124 99 5
101 99 106 112 104 106 114 105 168 287 114 99 6
102 101 97 108 101 100 107 102 107 101 101 101 7
91 91 96 103 93 95 104 91 96 86 87 89 8
98 101 103 106 101 103 106 100 106 97 96 95 9
95 93 95 98 98 92 98 100 100 95 96 95 10
104 105 103 110 103 100 106 107 106 105 102 15000 11
Chip#1
104 107 105 103 107 100 106 104 104 101 105 101 0
98 99 130 146 107 120 155 102 108 137 103 99 1
99 99 403 513 105 398 730 131 251 536 153 94 2
102 105 170 222 105 198 323 112 164 313 122 102 3
110 104 104 109 109 106 108 107 112 115 106 104 4
97 96 111 118 103 105 117 101 204 376 117 95 5
101 104 102 108 102 103 109 102 170 287 109 92 6
104 101 99 108 98 97 108 102 111 101 100 98 7
96 100 110 114 103 108 112 104 106 100 96 96 8
103 109 108 112 104 106 116 108 113 108 101 104 9
104 104 105 107 107 105 109 105 108 108 102 102 10
103 101 104 101 102 103 101 103 108 103 107 15000 11
Chip#1
104 100 100 101 100 98 106 100 101 96 100 101 0
104 104 130 147 107 120 159 103 109 140 103 104 1
96 99 403 530 114 407 741 130 251 547 144 96 2
104 105 170 228 103 201 328 105 163 317 121 100 3
92 99 99 99 100 100 102 100 99 104 98 96 4
98 102 113 119 101 109 121 103 204 388 124 100 5
97 95 102 104 97 101 107 100 169 289 112 99 6
93 91 98 96 100 93 99 93 100 91 91 94 7
98 97 105 109 104 101 112 96 103 93 97 94 8
95 91 107 102 100 101 108 96 96 96 96 95 9
96 96 99 98 98 98 99 97 99 92 95 98 10
102 95 99 99 97 95 97 95 102 99 100 15000 11
