41.1875
41.1875
41.125
41.125
41.125
41.125
41.0625
41.125
41.0625
41.0625
41.0625
41.0625
41.0625
41
41
41
41
41
41
41
40.9375
40.9375
40.9375
40.9375
40.9375
40.9375
40.9375
40.9375
40.9375
40.875
40.875
40.875
40.875
40.875
40.875
40.875
40.875
40.875
40.8125
40.8125
40.8125
40.8125
42.875
56.75
65.4375
76.375
84
91.125
100
105.4375
105.8125
104.5
102.375
100.125
98.1875
97.1875
94.5625
93.25
93.5
94.9375
95
94.625
94.1875
94
94.4375
94.5
94.0625
94
94.4375
94.375
94.125
94.3125
94.4375
94.3125
94.25
94.375
94.5
94.375
94.125
90.0625
85.3125
81.875
77.375
74.1875
70.0625
66.125
62.4375
59.8125
56.4375
54.0625
51
48.8125
45.875
45.3125
45.3125
45.3125
45.375
45.4375
45.5
47.5
52.125
52.75
52.8125
52.75
52.625
52.5
52.3125
52.1875
52
51.8125
51.5625
52.8125
60.0625
68.4375
79.25
86.8125
82.4375
80.9375
79.5
78.375
77
75.6875
74.625
75
75.8125
75.125
75.375
80.625
87.5
94.375
100.875
104.75
104.5
103.25
101.8125
100.25
98.6875
98
98.875
98.25
96.8125
95.3125
93.8125
93.1875
94.5625
95.4375
94.8125
93.625
93.875
95
95.25
95.125
94.8125
92.375
90.0625
86.625
82.0625
77.6875
73.5
70.5
66.75
64
60.5625
58.125
54.9375
52.6875
49.125
46.75
45.6875
45.625
45.6875
45.8125
46
46.125
46.9375
50.4375
52.625
52.8125
52.875
52.875
52.75
52.75
52.5625
52.5
52.375
52.25
52.3125
60.8125
71.9375
80.0625
88.3125
84
82.9375
81.5
80.4375
78.75
77.8125
76.5
75.5625
74.75
75.125
76.0625
75.4375
75.0625
73.625
70.9375
67.25
63.6875
61.0625
57.75
55.4375
52.4375
50.3125
47.4375
45.875
45.6875
45.75
45.875
45.9375
46.0625
46.1875
50.5
51.9375
52.5625
52.6875
52.6875
52.5625
52.5
52.375
52.25
52.125
52
53.1875
53.1875
60.625
63.375
71.8125
82.5
87.875
88.25
87.1875
86.25
84.875
83.8125
82.375
82.0625
89.125
95.6875
102.125
106.625
106.5625
105.375
103.875
102.3125
100.75
99.1875
97.875
96.375
94.875
93.4375
93.75
95.125
95.5
94.625
93.625
94.25
95.3125
95.25
94.125
93.8125
93.75
91.9375
88.625
85.1875
81.875
78.6875
75.5
72.5
68.6875
65.9375
62.4375
59.9375
56.5
55.1875
54.6875
54.5625
55
55.3125
55.5625
58.4375
64.3125
64.75
64.5625
64.25
63.75
63.375
63
62.4375
62.0625
61.5625
61.1875
63.875
71.3125
78.5
75.625
74.8125
74
73.1875
72.375
71.375
70.625
69.4375
68.75
68.0625
68
68.625
69.3125
80.1875
87.5625
96.875
102.9375
104.4375
103.4375
101.625
99.6875
98.4375
98.75
97.1875
95.8125
93.8125
93.3125
95.1875
95.5
93.75
93.875
95.25
95.25
93.9375
92.25
87.8125
84.5
80.0625
76.9375
72.875
69.9375
66.25
62.75
60.25
57.8125
55.5
55.0625
54.75
54.625
54.9375
55.3125
58.625
63.75
64.875
64.75
64.375
64
63.625
63.125
62.625
62.25
61.6875
61.3125
61.125
66.3125
74.0625
80.75
78.1875
77.3125
76.4375
75.625
74.75
73.9375
73.125
72.3125
71.8125
71.0625
70.3125
69.625
68.9375
68.25
67.625
67.375
70.375
77.4375
84.875
92.125
101.125
105.4375
104.8125
103.5625
102.1875
99.625
98.375
97.9375
96.25
94.375
93.1875
93.8125
95
95.25
94.3125
93.5625
94.5
95.1875
95
93.5
90.25
85.6875
82.375
78.125
75
71.0625
68.25
64.6875
62.125
59.625
57
54.9375
54.625
54.75
55.0625
55.5
55.5
57.9375
63.5625
65.5
65.5625
65.1875
64.8125
64.3125
64.0625
63.4375
63
62.5
62.125
62.5
71.4375
80.125
77.4375
76.5625
75.1875
74.375
73.3125
72.5625
71.5
70.75
70.0625
69.375
68.6875
68.25
67.6875
67.875
67.25
64.875
62.375
59.9375
56.75
53.75
50.875
48.8125
45.625
45.4375
45.5
45.625
45.75
45.875
46.0625
48.625
52.6875
53.375
53.4375
53.4375
53.375
53.3125
53.1875
53.125
53
52.9375
52.8125
52.6875
52.5625
52.4375
52.3125
52.1875
52.0625
51.9375
51.875
51.6875
51.625
51.5
51.375
51.25
51.125
51
50.9375
50.75
50.625
50.5625
50.375
50.25
50.125
50
49.875
49.8125
49.625
49.5
49.375
49.25
49.1875
48.875
48.6875
48.4375
48.3125
48.1875
48.0625
47.875
47.8125
47.6875
47.625
47.5
47.4375
47.3125
47.25
47.125
47.0625
46.9375
46.875
46.75
46.6875
46.5625
46.5
46.4375
46.375
46.25
46.1875
46.125
46.0625
45.9375
45.875
45.8125
45.75
45.625
45.5625
45.4375
45.4375
45.3125
45.25
45.1875
45.125
45.0625
45
44.9375
44.8125
44.75
44.75
44.6875
44.5625
44.5
44.5
44.375
44.3125
44.25
44.25
44.125
44.125
44.0625
44
43.9375
43.875
43.8125
43.75
43.75
43.6875
43.625
43.5625
43.5
43.5
43.4375
43.375
43.3125
43.25
43.1875
43.1875
43.125
43.0625
43
43
42.9375
42.875
42.875
42.8125
42.75
42.6875
42.6875
42.625
42.5625
42.5625
42.5
42.4375
42.4375
42.375
42.375
42.3125
42.3125
42.25
42.25
42.1875
42.125
42.125
42.0625
42.0625
42
42
41.9375
41.9375
41.875
41.875
41.8125
41.75
41.75
41.6875
41.6875
41.625
41.625
41.5625
41.5
41.5
41.4375
41.4375
41.375
41.375
41.3125
41.3125
41.25
41.25
41.1875
41.125
41.125
41.0625
41.0625
41
41
40.9375
40.9375
40.875
40.875
40.8125
40.8125
40.8125
40.75
40.75
40.6875
40.6875
40.6875
40.625
40.625
40.5625
40.5625
40.5625
40.5
40.5
40.4375
40.4375
40.4375
40.375
40.375
40.3125
40.3125
40.3125
40.25
40.25
40.25
40.1875
40.1875
40.1875
40.125
40.125
40.0625
40.0625
40.0625
40
40
40
39.9375
39.9375
39.9375
39.875
39.875
39.8125
39.8125
39.8125
39.8125
39.75
39.75
39.6875
39.6875
39.6875
39.6875
39.625
39.625
39.5625
39.5625
39.5625
39.5625
39.5
39.5
39.4375
39.4375
39.4375
39.375
39.375
39.375
39.3125
39.3125
39.3125
39.25
39.25
39.25
39.1875
39.1875
39.125
39.125
39.125
39.0625
39.0625
39.0625
39
39
39
38.9375
38.9375
38.9375
38.9375
38.875
38.875
38.875
38.875
38.8125
38.8125
38.8125
38.75
38.75
38.75
38.6875
38.6875
38.6875
38.6875
38.625
38.625
38.625
38.5625
38.5625
38.5625
38.5625
38.5625
38.5
38.5
38.5
38.4375
38.4375
38.4375
38.4375
38.375
38.375
38.375
38.3125
38.3125
38.3125
38.3125
38.25
38.25
38.25
38.1875
38.1875
38.1875
38.1875
38.125
38.125
38.125
38.0625
38.0625
38.0625
38.0625
38
38
38
37.9375
37.9375
37.9375
37.9375
37.9375
37.875
37.875
37.875
37.875
37.8125
37.8125
37.8125
37.75
37.75
37.75
37.75
37.75
37.6875
37.6875
37.6875
37.6875
37.625
37.625
37.625
37.5625
37.5625
37.5625
37.5625
37.5625
37.5
37.5
37.5
37.5
37.4375
37.4375
37.4375
37.4375
37.4375
37.375
37.375
37.375
37.375
37.375
37.375
37.3125
37.3125
37.3125
37.3125
37.25
37.25
37.25
37.25
37.1875
37.1875
37.1875
37.1875
37.1875
37.125
37.125
37.125
37.125
37.0625
37.0625
37.0625
37.0625
37.0625
37.0625
37
37
37
37
37
37
36.9375
36.9375
36.9375
36.9375
36.9375
36.9375
36.875
36.875
36.875
36.875
36.875
36.875
36.875
36.8125
36.8125
36.8125
36.8125
36.8125
36.75
36.75
36.75
36.75
36.75
36.75
36.6875
36.6875
36.6875
36.6875
36.6875
36.625
36.625
36.625
36.625
36.5625
36.5625
36.5625
36.5625
36.5625
36.5625
36.5
36.5
36.5
36.5
36.5
36.5
36.4375
36.4375
36.4375
36.4375
36.4375
36.375
36.375
36.375
36.375
36.375
36.375
36.3125
36.3125
36.3125
36.3125
36.3125
36.25
36.25
36.25
36.25
36.25
36.25
36.1875
36.1875
36.1875
36.1875
36.1875
36.1875
36.1875
36.1875
36.125
36.125
36.125
36.125
36.125
36.0625
36.0625
36.0625
36.0625
36.0625
36.0625
36.0625
36.0625
36
36
36
36
36
35.9375
35.9375
35.9375
35.9375
35.9375
35.9375
35.9375
35.9375
35.9375
35.875
35.875
35.875
35.875
35.875
35.875
35.875
35.875
35.875
35.8125
35.8125
35.8125
35.8125
35.8125
35.8125
35.75
35.75
35.75
35.75
35.75
35.75
35.75
35.75
35.6875
35.6875
35.6875
35.6875
35.6875
35.6875
35.6875
35.6875
35.625
35.625
35.625
35.625
35.625
35.625
35.625
35.5625
35.5625
35.5625
35.5625
35.5625
35.5625
35.5625
35.5
35.5625
35.5
35.5
35.5
35.5
35.5
35.5
35.5
35.5
35.4375
35.4375
35.4375
35.4375
35.4375
35.4375
35.4375
35.4375
35.375
35.375
35.375
35.375
35.375
35.375
35.375
35.375
35.375
35.3125
35.3125
35.3125
35.3125
35.3125
35.3125
35.3125
35.3125
35.25
35.25
35.25
35.25
35.25
35.25
35.25
35.25
35.25
35.1875
35.1875
35.1875
35.1875
35.1875
35.1875
35.1875
35.1875
35.1875
35.1875
35.125
35.125
35.125
35.0625
35.125
35.0625
35.0625
35.0625
35.0625
35.0625
35.0625
35.0625
35.0625
35.0625
35
35.0625
35
35
35
35
35
35
35
35
35
35
35
34.9375
34.9375
34.9375
34.9375
34.9375
34.9375
34.9375
34.9375
34.9375
34.875
34.875
34.875
34.875
34.875
34.875
34.875
34.875
34.875
34.875
34.875
34.875
34.875
34.875
34.875
34.875
34.875
34.875
34.8125
34.8125
34.875
34.875
34.875
34.875
34.8125
34.8125
34.8125
34.8125
34.8125
34.875
34.8125
34.8125
34.8125
34.8125
34.8125
34.8125
34.8125
34.8125
34.8125
34.8125
34.8125
34.8125
34.8125
34.8125
34.875
34.8125
34.8125
34.8125
34.8125
34.8125
34.8125
34.8125
34.8125
34.8125
34.8125
34.8125
34.8125
34.8125
34.8125
34.8125
34.875
34.8125
34.8125
34.875
34.8125
34.8125
34.8125
34.875
34.8125
34.8125
34.8125
34.875
34.875
34.8125
34.875
34.875
34.875
34.8125
34.875
34.8125
34.8125
34.875
34.875
34.8125
34.875
34.875
34.8125
34.875
34.875
34.875
34.875
34.875
34.875
34.875
34.875
34.875
34.875
34.875
34.875
34.875
34.875
34.875
34.875
34.875
34.875
34.875
34.875
34.875
34.875
34.875
34.875
34.875
34.875
34.875
34.875
34.875
34.875
34.875
34.875
34.875
34.875
34.875
34.875
34.875
34.875
34.875
34.875
34.875
34.875
34.875
34.875
34.875
34.875
34.875
34.875
34.875
34.875
34.875
34.875
34.875
34.875
34.875
34.875
34.875
34.875
34.875
34.875
34.875
34.875
34.875
34.875
34.875
34.875
34.875
34.875
34.875
34.875
34.875
34.875
34.875
34.875
34.875
34.875
34.875
34.875
34.875
34.875
34.875
34.875
34.875
34.875
34.875
34.875
34.875
34.875
34.875
34.875
34.875
34.875
34.875
34.875
34.875
34.875
34.875
34.875
34.875
34.875
34.875
34.875
34.875
34.875
34.875
34.875
34.875
34.875
34.875
34.875
34.875
34.875
34.875
34.875
34.875
34.875
34.875
34.875
34.875
34.875
34.875
34.875
34.875
34.875
34.875
34.875
34.875
34.875
34.875
34.875
34.875
34.875
34.875
34.875
34.875
34.875
34.875
34.875
34.875
34.875
34.875
34.875
34.875
34.875
34.875
34.875
34.875
34.875
34.875
34.875
34.875
34.875
