Chip#1
102 102 97 103 104 101 99 103 101 96 96 98 0
97 99 95 107 100 105 105 100 101 100 95 96 1
109 106 106 109 107 107 115 110 109 107 106 111 2
98 95 98 103 102 106 104 101 104 97 97 96 3
104 106 105 109 109 105 112 105 104 103 98 102 4
102 104 132 136 103 139 170 105 108 101 100 100 5
95 97 111 119 97 117 137 98 101 97 97 94 6
98 97 98 103 97 98 102 97 100 91 96 95 7
101 101 149 151 105 126 130 102 100 97 95 101 8
105 102 131 129 107 124 130 102 106 100 98 95 9
104 104 107 110 103 109 108 105 104 101 98 101 10
105 105 103 107 105 103 104 103 103 100 101 15000 11
