Chip#1
110 106 108 102 104 98 104 112 101 105 106 108 0
107 106 104 100 97 99 109 108 102 101 102 100 1
100 104 108 103 100 101 104 107 103 105 104 98 2
101 101 108 217 120 97 100 140 165 97 97 97 3
109 108 113 173 111 107 112 153 181 110 108 103 4
104 104 105 101 98 99 100 101 97 103 102 97 5
110 108 107 106 103 106 113 111 107 105 110 103 6
104 101 108 161 118 104 107 163 197 100 105 100 7
101 101 107 239 161 97 100 340 221 99 102 98 8
104 109 104 111 97 99 105 117 110 103 105 102 9
110 104 107 107 103 103 105 105 105 101 108 102 10
111 108 111 103 100 103 107 109 105 108 106 15000 11
Chip#1
109 109 108 104 102 101 108 104 110 110 103 105 0
102 103 100 97 96 91 103 103 97 102 102 94 1
106 108 113 106 105 101 108 107 105 108 109 103 2
108 104 108 253 130 96 104 167 181 102 101 102 3
108 104 107 185 102 101 105 160 181 103 104 100 4
105 99 104 105 100 97 107 101 105 103 101 103 5
104 101 105 98 100 98 108 103 102 103 105 98 6
106 106 112 194 131 98 111 203 270 103 109 105 7
94 99 109 309 189 95 103 505 319 102 99 93 8
96 104 102 107 101 97 105 115 114 100 103 95 9
104 103 109 105 101 101 108 103 104 103 101 100 10
108 103 105 101 97 95 104 101 101 102 103 15000 11
