Chip#1
296 278 284 289 287 284 288 287 283 288 286 292 0
300 277 291 292 290 289 289 288 288 291 285 293 1
295 273 289 296 288 286 284 293 287 294 290 287 2
296 277 308 1004 418 290 289 549 571 293 287 289 3
285 272 291 639 291 282 284 451 489 288 282 284 4
288 268 281 290 286 285 284 286 281 286 281 282 5
293 284 294 299 291 293 293 295 292 294 287 293 6
289 273 281 468 345 286 289 405 479 286 285 285 7
290 278 302 716 496 286 292 825 624 296 287 285 8
283 272 284 297 288 278 278 305 294 280 277 281 9
290 278 285 292 285 285 288 290 283 290 282 284 10
301 278 286 295 291 284 289 291 284 291 287 15000 11
Chip#1
288 264 278 280 279 276 278 277 277 282 274 282 0
290 274 285 286 287 282 287 286 285 288 283 288 1
283 275 280 286 280 278 278 284 278 286 275 277 2
294 282 309 1004 419 289 288 545 569 289 287 290 3
281 267 287 638 287 279 284 450 488 286 279 278 4
289 277 286 291 286 282 287 286 282 288 279 282 5
286 268 279 290 280 284 282 284 280 285 279 277 6
284 272 285 461 335 282 283 402 472 280 276 283 7
284 273 296 711 489 285 283 817 623 286 282 284 8
289 275 289 301 286 284 284 306 302 286 283 283 9
288 275 286 292 284 285 284 286 283 284 276 284 10
294 275 281 285 279 277 282 280 283 283 285 15000 11
