Chip#1
347 0 0 280 0 600 340 112 301 87 0 0 3 0
347 0 0 280 0 600 340 112 301 87 0 0 3 0
347 0 0 280 0 600 340 112 301 87 0 0 3 0
347 0 0 280 0 600 340 112 301 87 0 0 3 0
347 0 0 280 0 600 340 112 301 87 0 0 3 0
347 0 0 280 0 600 340 112 301 87 0 0 3 0
347 0 0 280 0 600 340 112 301 87 0 0 3 0
347 0 0 280 0 600 340 112 301 87 0 0 3 0
347 0 0 280 0 600 340 112 301 87 0 0 3 0
347 0 0 280 0 600 340 112 301 87 0 0 3 0
347 0 0 280 0 600 340 112 301 87 0 0 3 0
347 0 0 280 0 600 340 112 301 87 0 15000 3 0
Chip#2
33 0 0 86 0 335 55 0 41 0 0 0 3 0
33 0 0 86 0 335 55 0 41 0 0 0 3 0
33 0 0 86 0 335 55 0 41 0 0 0 3 0
33 0 0 86 0 335 55 0 41 0 0 0 3 0
33 0 0 86 0 335 55 0 41 0 0 0 3 0
33 0 0 86 0 335 55 0 41 0 0 0 3 0
33 0 0 86 0 335 55 0 41 0 0 0 3 0
33 0 0 86 0 335 55 0 41 0 0 0 3 0
33 0 0 86 0 335 55 0 41 0 0 0 3 0
33 0 0 86 0 335 55 0 41 0 0 0 3 0
33 0 0 86 0 335 55 0 41 0 0 0 3 0
33 0 0 86 0 335 55 0 41 0 0 15000 3 0
Chip#3
347 0 0 280 0 600 340 112 301 87 0 0 3 0
347 0 0 280 0 600 340 112 301 87 0 0 3 0
347 0 0 280 0 600 340 112 301 87 0 0 3 0
347 0 0 280 0 600 340 112 301 87 0 0 3 0
347 0 0 280 0 600 340 112 301 87 0 0 3 0
347 0 0 280 0 600 340 112 301 87 0 0 3 0
347 0 0 280 0 600 340 112 301 87 0 0 3 0
97 85 86 91 93 90 83 85 86 86 89 83 0 0
106 96 100 102 105 106 98 101 106 98 102 100 1 0
108 95 101 107 109 100 98 99 101 100 103 102 2 0
108 96 104 104 108 99 98 94 98 100 100 89 3 0
99 88 95 104 105 97 93 91 105 93 92 15000 4 0
Chip#4
100 90 96 104 102 93 89 98 106 95 93 88 5 0
93 82 91 89 96 94 85 91 87 86 88 85 6 0
99 88 94 95 99 90 89 89 91 87 96 92 7 0
104 95 97 107 108 103 95 98 102 100 99 101 8 0
104 99 100 121 116 99 95 111 117 105 98 104 9 0
94 88 97 104 97 93 85 97 101 90 92 85 10 0
93 87 92 85 91 92 89 90 86 87 89 84 11 0
97 85 86 91 93 90 83 85 86 86 89 83 0 0
106 96 100 102 105 106 98 101 106 98 102 100 1 0
108 95 101 107 109 100 98 99 101 100 103 102 2 0
108 96 104 104 108 99 98 94 98 100 100 89 3 0
99 88 95 104 105 97 93 91 105 93 92 15000 4 0
