Chip#1
99 99 102 99 101 102 104 105 106 102 96 96 0 166 120 107 23
99 99 104 102 104 106 105 109 108 101 102 98 1 0 0 0 0
98 104 107 110 109 108 120 111 114 118 102 102 2 0 0 0 0
104 109 112 110 115 110 115 112 118 112 105 104 3 0 0 0 0
103 104 104 107 108 102 114 109 111 106 101 100 4 0 0 0 0
96 94 102 104 96 98 108 104 105 101 93 89 5 0 0 0 0
98 99 105 102 103 101 106 103 108 105 98 96 6 0 0 0 0
95 97 101 99 101 98 100 102 104 97 94 93 7 0 0 0 0
101 98 106 104 107 103 110 104 105 101 102 98 8 0 0 0 0
102 102 106 105 108 104 107 108 108 102 100 97 9 0 0 0 0
102 103 107 109 109 109 111 109 113 107 105 100 10 0 0 0 0
98 103 104 106 110 107 108 111 105 105 102 15000 11 0 0 0 0
Chip#2
109 107 104 110 108 104 106 108 104 106 105 107 0 229 128 209 23
99 101 100 98 100 101 99 96 95 98 96 95 1 0 0 0 0
102 103 99 98 105 101 99 102 96 101 99 103 2 0 0 0 0
107 106 103 105 106 105 104 108 100 103 104 107 3 0 0 0 0
104 105 104 103 108 102 104 102 102 104 103 103 4 0 0 0 0
106 105 103 100 103 104 100 100 100 100 103 103 5 0 0 0 0
104 98 99 99 101 101 100 101 98 100 99 96 6 0 0 0 0
102 103 98 97 103 97 99 103 93 101 100 101 7 0 0 0 0
108 114 109 109 110 107 110 113 110 111 110 112 8 0 0 0 0
107 106 105 101 106 105 104 100 100 103 104 106 9 0 0 0 0
96 95 93 94 95 94 93 96 91 93 92 92 10 0 0 0 0
107 107 104 100 107 102 104 100 100 101 101 15000 11 0 0 0 0
Chip#1
102 103 103 104 108 104 111 109 110 102 104 100 0 167 120 157 23
95 93 101 95 101 101 102 105 103 99 95 96 1 0 0 0 0
104 104 116 116 110 114 127 109 115 124 105 103 2 0 0 0 0
90 92 99 99 98 97 106 102 105 105 95 93 3 0 0 0 0
101 104 104 102 108 107 105 107 108 107 99 98 4 0 0 0 0
102 102 108 110 103 107 118 105 118 112 106 100 5 0 0 0 0
93 96 99 99 101 100 103 101 106 105 94 93 6 0 0 0 0
98 100 105 100 102 103 105 105 106 101 101 97 7 0 0 0 0
98 99 108 102 103 109 108 107 106 101 100 99 8 0 0 0 0
98 98 102 105 103 104 108 103 105 103 100 97 9 0 0 0 0
92 95 101 98 95 98 97 105 99 93 96 93 10 0 0 0 0
99 100 101 102 105 104 108 111 109 101 101 15000 11 0 0 0 0
Chip#2
103 107 105 104 105 104 101 103 101 103 103 101 0 231 128 175 23
109 109 110 104 104 101 105 104 102 105 106 107 1 0 0 0 0
108 107 107 105 107 107 106 107 104 104 106 110 2 0 0 0 0
102 106 104 103 107 100 99 103 98 100 100 103 3 0 0 0 0
99 101 99 100 100 99 101 99 98 99 96 102 4 0 0 0 0
102 103 100 99 104 100 99 100 96 100 99 102 5 0 0 0 0
101 103 103 104 102 99 102 101 96 100 99 103 6 0 0 0 0
103 105 104 101 105 101 104 104 96 103 104 101 7 0 0 0 0
110 112 109 108 110 105 107 107 106 105 104 110 8 0 0 0 0
102 105 100 100 102 102 100 101 95 100 100 101 9 0 0 0 0
104 105 104 105 104 104 107 105 101 103 104 107 10 0 0 0 0
102 102 99 97 105 97 101 101 94 100 103 15000 11 0 0 0 0
Chip#1
110 105 104 102 107 110 111 109 110 105 104 109 0 167 120 183 23
98 99 128 143 102 122 160 105 111 153 100 98 1 0 0 0 0
101 104 407 519 114 418 760 139 311 789 182 103 2 0 0 0 0
102 103 174 221 110 205 335 118 192 431 129 104 3 0 0 0 0
101 104 111 110 103 108 114 107 106 102 98 97 4 0 0 0 0
102 109 338 348 109 256 379 120 257 485 133 104 5 0 0 0 0
93 98 181 189 103 178 243 105 193 368 110 89 6 0 0 0 0
101 108 112 112 109 114 113 107 116 105 104 100 7 0 0 0 0
90 98 297 310 97 244 282 102 103 98 95 96 8 0 0 0 0
96 99 227 203 100 233 282 107 105 98 94 93 9 0 0 0 0
101 103 106 102 104 104 108 108 108 101 98 96 10 0 0 0 0
101 103 104 104 108 108 108 112 109 103 105 15000 11 0 0 0 0
Chip#2
103 105 103 97 100 97 99 100 99 98 98 98 0 231 128 139 23
98 100 99 95 99 96 99 96 90 95 92 95 1 0 0 0 0
96 100 95 92 97 96 95 95 93 96 94 96 2 0 0 0 0
104 105 108 141 118 105 147 132 96 124 131 103 3 0 0 0 0
102 101 108 173 144 99 156 142 93 128 128 95 4 0 0 0 0
106 107 105 108 107 100 107 104 101 101 103 102 5 0 0 0 0
104 105 104 119 113 100 155 159 99 144 193 105 6 0 0 0 0
103 105 109 156 142 102 241 246 102 189 263 114 7 0 0 0 0
98 100 98 104 104 95 111 108 93 100 105 94 8 0 0 0 0
104 110 105 104 107 104 131 150 102 132 172 111 9 0 0 0 0
101 102 99 95 103 100 203 257 105 174 279 122 10 0 0 0 0
103 107 104 101 104 99 117 131 99 110 121 15000 11 0 0 0 0
Chip#1
107 105 100 104 108 104 106 108 104 102 98 105 0 165 120 144 23
96 97 141 162 101 125 191 104 113 181 100 98 1 0 0 0 0
98 99 567 740 112 586 1142 148 420 1183 226 102 2 0 0 0 0
104 100 205 294 107 251 456 113 235 588 141 103 3 0 0 0 0
101 103 114 117 104 109 120 110 109 110 101 98 4 0 0 0 0
93 98 457 464 101 332 519 113 321 698 145 97 5 0 0 0 0
101 102 228 237 105 222 322 111 257 517 126 100 6 0 0 0 0
103 105 113 115 109 109 112 110 111 106 105 102 7 0 0 0 0
103 112 426 418 112 331 396 116 111 107 106 104 8 0 0 0 0
99 103 284 271 109 320 378 109 111 99 101 103 9 0 0 0 0
101 102 104 105 105 104 110 110 111 105 100 105 10 0 0 0 0
105 109 108 111 111 108 114 115 118 109 105 15000 11 0 0 0 0
Chip#2
112 112 110 105 110 105 106 104 99 109 106 108 0 233 128 217 23
102 106 103 99 107 99 102 98 96 99 99 103 1 0 0 0 0
106 106 104 104 108 102 105 102 99 105 105 105 2 0 0 0 0
106 107 114 182 141 111 185 164 105 149 166 111 3 0 0 0 0
103 106 118 244 179 105 214 184 99 155 165 106 4 0 0 0 0
107 109 104 117 114 102 110 103 101 101 106 105 5 0 0 0 0
104 106 104 132 125 106 206 207 100 185 281 113 6 0 0 0 0
104 109 110 202 169 109 378 380 105 276 393 126 7 0 0 0 0
106 112 105 122 121 105 126 125 100 110 128 107 8 0 0 0 0
104 107 104 103 107 102 161 189 105 157 250 116 9 0 0 0 0
102 106 102 101 102 97 313 402 112 239 420 142 10 0 0 0 0
103 106 105 104 106 101 130 155 100 114 146 15000 11 0 0 0 0
Chip#1
109 104 100 102 101 102 104 107 105 101 102 104 0 166 121 146 23
98 102 155 180 102 136 213 108 118 206 102 99 1 0 0 0 0
105 105 682 898 122 702 1376 168 513 1437 259 108 2 0 0 0 0
98 105 233 327 107 285 538 116 257 709 148 100 3 0 0 0 0
102 107 123 121 107 113 125 109 115 118 104 98 4 0 0 0 0
99 102 533 550 109 390 620 120 370 827 158 96 5 0 0 0 0
103 107 264 274 111 250 373 117 276 599 137 102 6 0 0 0 0
104 107 115 113 111 108 111 113 118 110 105 102 7 0 0 0 0
98 102 483 480 107 372 448 109 106 101 100 98 8 0 0 0 0
103 107 333 308 112 369 437 113 114 109 105 102 9 0 0 0 0
104 102 99 99 102 103 106 105 103 101 98 96 10 0 0 0 0
108 108 106 107 108 107 106 108 108 105 105 15000 11 0 0 0 0
Chip#2
108 107 107 101 107 101 105 101 98 101 104 107 0 233 128 183 23
104 102 103 95 104 102 100 100 100 100 103 101 1 0 0 0 0
107 110 107 100 108 100 104 102 99 105 101 108 2 0 0 0 0
104 107 114 211 153 106 215 180 100 167 184 105 3 0 0 0 0
107 106 129 327 213 111 285 217 104 179 194 111 4 0 0 0 0
104 106 103 120 113 99 110 105 98 101 104 103 5 0 0 0 0
106 106 108 145 134 104 249 254 105 226 349 117 6 0 0 0 0
102 105 113 240 191 109 479 479 102 338 513 132 7 0 0 0 0
96 103 99 117 116 100 129 129 96 106 126 102 8 0 0 0 0
101 101 102 97 102 99 175 214 99 174 298 117 9 0 0 0 0
102 102 102 98 104 100 390 517 120 306 552 161 10 0 0 0 0
107 105 107 103 107 104 144 176 102 122 167 15000 11 0 0 0 0
Chip#1
108 99 99 99 101 100 103 105 106 99 104 105 0 164 120 124 23
107 108 164 194 111 148 228 113 128 229 112 111 1 0 0 0 0
97 102 739 972 115 756 1504 166 533 1566 275 102 2 0 0 0 0
92 98 240 345 100 300 576 112 277 757 153 96 3 0 0 0 0
97 103 119 122 107 110 122 105 111 118 104 98 4 0 0 0 0
103 105 581 588 112 422 676 125 399 915 173 103 5 0 0 0 0
103 107 279 294 111 266 399 115 288 659 143 105 6 0 0 0 0
105 108 121 121 116 112 114 116 115 110 106 105 7 0 0 0 0
98 105 520 518 109 401 487 110 109 99 100 98 8 0 0 0 0
98 103 354 326 105 395 470 112 105 101 99 98 9 0 0 0 0
103 107 104 104 107 107 111 109 111 102 101 99 10 0 0 0 0
108 105 105 106 109 106 106 107 108 106 102 15000 11 0 0 0 0
Chip#2
107 107 105 103 110 97 105 102 95 103 100 103 0 233 128 177 23
110 107 112 105 108 109 108 107 101 110 104 105 1 0 0 0 0
108 109 102 104 106 104 104 101 100 106 101 106 2 0 0 0 0
113 112 122 244 167 112 250 205 108 186 210 116 3 0 0 0 0
101 106 130 370 236 111 318 246 100 198 211 106 4 0 0 0 0
109 111 112 133 122 109 120 115 104 110 105 108 5 0 0 0 0
101 106 105 155 134 102 301 289 101 263 396 121 6 0 0 0 0
107 110 124 302 215 112 581 592 108 399 607 140 7 0 0 0 0
106 103 104 132 122 102 140 142 101 115 133 105 8 0 0 0 0
106 105 104 104 105 104 196 249 102 192 345 122 9 0 0 0 0
107 111 105 103 107 105 460 637 126 358 660 180 10 0 0 0 0
102 106 99 97 102 97 144 183 95 120 171 15000 11 0 0 0 0
