Chip#1
110 104 98 96 100 107 99 98 103 101 111 102 0
104 104 97 108 122 104 96 98 130 98 111 96 1
104 103 100 125 132 109 100 104 144 108 109 101 2
104 100 94 94 100 105 95 100 100 95 102 101 3
108 105 103 103 103 108 97 98 107 103 115 102 4
104 100 98 102 97 104 95 93 103 96 100 101 5
105 107 101 124 151 102 94 101 149 108 107 95 6
99 105 95 109 116 102 98 100 113 98 105 99 7
110 112 105 105 106 110 102 106 105 104 116 110 8
104 105 95 99 96 104 94 95 100 96 108 99 9
103 104 99 99 100 102 98 100 106 101 107 100 10
107 111 100 102 104 105 100 101 108 104 112 15000 11
Chip#1
96 97 99 97 93 103 94 91 103 98 109 92 0
99 98 101 108 137 100 96 97 153 96 107 98 1
103 101 99 145 160 100 95 103 181 112 103 96 2
95 102 97 96 94 100 97 97 106 99 104 95 3
99 98 100 95 95 100 95 91 100 94 106 91 4
105 102 101 103 100 103 95 97 108 100 110 100 5
105 104 106 151 194 104 99 107 223 120 106 98 6
103 100 104 121 129 110 101 104 128 102 107 101 7
99 97 94 91 97 97 93 93 97 88 99 93 8
109 105 103 102 98 110 97 106 107 101 107 103 9
105 106 103 99 100 103 99 100 104 95 105 100 10
96 94 94 88 88 97 95 95 95 92 102 15000 11
Chip#1
113 105 100 102 102 104 101 96 105 98 110 101 0
103 103 99 125 178 103 100 104 223 101 106 99 1
107 105 100 190 224 106 98 110 267 122 107 97 2
102 105 99 97 103 104 97 96 106 101 105 95 3
97 98 92 94 90 99 97 94 95 92 102 91 4
110 109 104 106 109 103 97 104 120 107 115 103 5
111 108 102 181 291 108 97 125 300 148 104 102 6
98 96 98 128 154 101 91 100 136 101 104 90 7
107 97 98 95 98 101 96 96 102 97 101 91 8
115 108 102 103 100 106 104 105 108 104 114 107 9
107 115 106 103 99 109 104 104 108 101 116 106 10
99 103 98 96 96 106 96 99 98 95 102 15000 11
Chip#1
109 104 101 97 106 104 98 101 107 103 115 102 0
99 97 92 134 210 97 90 98 257 96 101 91 1
113 108 108 248 304 110 103 118 362 144 112 107 2
99 101 99 97 99 101 93 96 112 99 102 98 3
107 106 105 100 105 108 100 104 105 100 115 103 4
97 93 92 90 103 96 88 94 109 89 100 88 5
102 98 95 218 378 104 93 133 398 154 106 88 6
101 105 100 153 188 104 94 105 160 105 106 98 7
107 100 102 99 104 104 99 101 103 104 113 97 8
115 108 108 105 105 111 104 108 113 101 111 108 9
108 104 102 98 98 105 95 99 104 99 109 99 10
101 108 97 98 97 105 101 99 100 101 109 15000 11
Chip#1
105 102 103 104 100 108 98 99 108 101 114 101 0
103 102 99 153 258 103 96 108 321 103 107 96 1
103 100 97 284 350 103 98 112 440 154 107 91 2
103 100 95 103 97 99 99 95 112 94 102 93 3
111 107 106 99 106 110 106 103 109 103 117 101 4
104 105 99 99 110 98 96 99 117 96 105 97 5
109 110 104 277 484 110 99 154 495 180 111 98 6
104 96 94 170 209 103 95 99 173 101 102 94 7
103 98 92 91 95 105 97 91 96 93 101 89 8
108 101 93 92 94 100 95 97 103 92 104 97 9
113 110 101 102 99 102 97 101 107 99 106 106 10
105 104 102 101 100 104 98 98 105 104 111 15000 11
Chip#1
110 107 99 95 100 104 95 101 105 102 110 107 0
114 114 111 177 320 112 105 115 385 111 118 111 1
109 104 104 337 412 106 100 130 503 164 112 103 2
110 101 101 105 102 103 99 100 121 104 106 101 3
107 105 103 99 102 105 101 106 102 101 111 101 4
93 95 93 103 110 100 89 96 113 94 101 95 5
93 96 91 309 552 97 93 156 572 189 101 84 6
91 91 89 181 242 95 88 105 188 99 100 88 7
109 110 103 105 107 111 101 105 108 105 118 103 8
114 101 102 96 98 105 96 96 103 95 105 99 9
102 102 94 96 95 96 89 97 98 89 105 99 10
109 110 108 105 104 106 100 104 105 101 115 15000 11
Chip#1
103 102 97 97 98 99 98 96 102 95 106 101 0
109 103 105 190 370 106 101 112 463 105 114 104 1
107 105 98 418 515 108 94 129 636 189 107 101 2
107 105 101 109 113 109 100 101 126 101 112 99 3
108 104 100 96 98 109 98 100 103 95 109 102 4
111 108 105 110 122 112 104 108 136 104 113 103 5
110 107 105 389 723 111 96 187 735 224 110 100 6
105 98 101 205 287 103 97 110 223 104 104 98 7
109 101 101 92 97 102 94 105 102 91 105 99 8
111 105 92 94 92 99 96 95 96 92 102 99 9
116 117 104 98 99 109 100 104 106 96 116 109 10
102 103 101 101 93 100 99 100 100 101 106 15000 11
Chip#1
110 109 104 107 108 108 100 104 107 103 115 107 0
105 107 105 194 410 111 100 112 497 109 114 108 1
104 100 94 474 560 103 98 132 720 196 107 103 2
108 106 106 112 112 111 98 106 129 105 107 102 3
102 103 102 96 97 103 99 98 104 101 107 102 4
99 103 98 106 116 102 96 100 134 97 102 98 5
105 105 106 428 808 109 101 198 813 242 108 98 6
102 102 105 231 336 102 96 118 246 109 110 96 7
105 108 102 99 100 103 95 100 102 95 105 101 8
115 110 104 99 100 105 98 107 106 100 110 106 9
110 110 110 99 98 106 97 106 106 100 115 109 10
105 101 100 98 102 102 99 96 101 100 110 15000 11
Chip#1
110 103 101 99 100 102 98 97 102 98 106 98 0
114 107 106 205 434 113 100 117 529 112 115 106 1
107 101 104 501 613 104 99 137 741 203 107 101 2
109 107 106 112 114 108 99 108 135 103 110 104 3
108 108 106 102 102 110 100 104 108 99 110 108 4
108 105 103 117 125 112 101 109 138 107 110 104 5
101 97 99 455 864 102 93 197 874 249 101 95 6
110 105 107 240 344 113 106 121 266 118 109 105 7
105 94 99 91 95 107 98 100 100 86 104 96 8
122 116 107 103 105 113 98 107 111 103 116 109 9
107 110 104 99 99 106 96 104 100 99 109 107 10
108 110 108 104 100 108 100 104 102 99 109 15000 11
Chip#1
105 101 95 94 100 103 93 103 101 101 107 96 0
111 109 106 214 471 109 105 120 580 116 114 104 1
111 104 108 552 677 111 99 148 834 220 107 104 2
104 108 104 117 112 108 98 105 132 108 106 101 3
115 117 114 110 110 112 109 115 116 110 120 108 4
108 103 103 109 125 106 98 107 141 100 105 96 5
105 105 103 512 968 111 100 216 969 276 107 96 6
97 104 98 257 370 101 96 120 274 110 99 95 7
111 100 100 97 102 103 100 103 103 94 107 99 8
114 109 100 96 102 104 98 101 100 99 110 103 9
109 113 109 101 99 105 97 104 103 99 115 106 10
113 110 109 102 102 107 104 108 109 99 110 15000 11
Chip#1
120 115 109 110 111 111 104 107 114 111 120 110 0
111 107 106 228 515 108 100 124 638 115 113 106 1
105 101 100 604 735 105 95 148 920 228 104 98 2
111 109 105 119 116 105 101 106 141 108 110 107 3
111 104 104 102 105 113 107 105 111 103 111 102 4
113 111 105 114 133 109 103 110 147 108 110 104 5
121 120 115 565 1072 123 108 243 1079 312 118 108 6
113 109 106 286 401 110 101 121 301 122 111 99 7
111 103 101 99 101 104 99 105 100 101 106 95 8
128 116 107 105 104 107 108 106 110 103 119 110 9
122 123 111 107 104 108 107 110 109 103 120 114 10
109 108 104 98 100 105 97 100 107 102 116 15000 11
Chip#1
121 112 113 110 107 113 106 110 113 108 122 112 0
107 99 102 246 560 102 95 117 703 110 109 103 1
105 109 100 672 816 111 99 157 1029 257 110 101 2
111 109 108 125 115 113 103 107 149 109 110 107 3
114 108 108 108 107 109 104 106 111 107 115 103 4
111 109 112 120 136 113 103 110 161 111 111 106 5
113 107 107 661 1269 118 104 258 1260 347 116 106 6
115 114 112 342 477 118 108 143 358 135 122 113 7
122 114 112 117 111 114 108 110 113 112 118 110 8
124 115 101 103 103 108 101 107 108 102 117 109 9
118 117 108 102 100 105 100 105 102 103 116 110 10
111 108 105 105 105 107 99 101 110 107 121 15000 11
Chip#1
111 105 103 99 105 106 101 104 108 102 112 101 0
103 98 98 251 576 104 93 114 727 104 102 92 1
110 109 104 701 855 110 102 160 1069 268 115 106 2
113 110 109 124 123 111 104 108 147 115 117 103 3
110 107 106 102 105 102 97 105 109 101 106 98 4
114 110 108 119 140 111 105 110 158 111 109 102 5
121 119 120 689 1320 122 109 277 1316 365 121 110 6
113 109 102 342 489 109 101 136 358 126 110 109 7
114 106 102 101 105 106 98 100 104 99 107 100 8
117 112 100 94 96 101 94 98 98 100 107 107 9
121 128 110 103 107 109 102 105 107 104 116 114 10
111 105 108 105 106 105 101 104 103 105 114 15000 11
Chip#1
120 116 113 110 111 112 109 108 113 114 120 111 0
108 107 102 264 629 105 99 124 770 115 115 103 1
108 102 102 732 913 110 100 158 1155 273 115 99 2
105 108 102 123 114 106 97 104 147 107 106 102 3
107 105 105 100 106 105 104 105 111 104 114 103 4
122 116 117 128 153 119 109 124 173 118 120 109 5
110 112 108 657 1416 116 100 281 1406 372 114 97 6
111 107 107 362 518 115 100 138 385 127 111 106 7
116 111 102 106 111 110 107 109 114 109 115 106 8
124 116 104 102 101 107 96 104 104 98 107 106 9
116 123 109 103 103 105 102 107 102 98 115 115 10
109 116 107 107 105 110 102 104 106 104 117 15000 11
Chip#1
120 109 106 106 110 110 108 109 113 108 120 104 0
107 104 104 280 667 105 100 124 823 117 110 100 1
113 111 109 792 987 110 104 171 1247 292 120 109 2
116 114 113 132 125 115 108 112 156 111 117 107 3
118 117 115 115 116 114 112 120 120 112 124 115 4
114 109 109 120 147 109 104 115 168 107 111 106 5
113 112 108 767 1508 115 107 299 1503 395 116 102 6
107 105 107 373 545 106 101 141 401 126 105 101 7
116 108 107 103 107 110 107 108 105 104 112 107 8
123 109 102 98 98 102 99 101 103 101 109 104 9
121 123 114 105 105 108 108 110 111 108 120 119 10
117 116 116 113 112 114 107 110 111 110 125 15000 11
Chip#1
120 109 106 105 103 108 100 107 112 105 116 101 0
108 106 102 286 690 106 99 128 855 117 111 102 1
121 118 113 825 1021 122 112 173 1272 308 125 108 2
109 109 109 127 129 118 100 110 154 111 112 104 3
118 116 113 109 111 115 109 116 118 108 118 110 4
113 110 107 120 151 114 105 117 168 111 111 103 5
117 112 111 788 1565 121 109 307 1541 411 122 109 6
115 114 112 396 560 118 106 147 416 139 111 106 7
121 115 110 103 108 111 103 108 109 110 116 103 8
135 124 107 103 106 114 106 115 111 105 118 115 9
118 120 112 101 106 108 107 105 109 104 119 117 10
113 115 111 103 106 112 100 107 107 105 119 15000 11
