Chip#1
101 101 94 99 94 93 96 100 94 93 95 101 0
99 97 119 131 97 115 145 103 101 145 97 99 1
103 97 334 414 107 390 670 125 276 671 155 100 2
105 105 151 189 100 189 298 108 169 372 122 101 3
102 100 99 99 103 98 104 103 98 104 97 98 4
102 100 104 108 100 104 108 104 215 398 119 101 5
102 89 97 97 98 100 102 103 173 310 103 95 6
98 97 95 99 96 98 97 103 94 91 94 96 7
106 101 108 108 100 106 109 108 102 103 101 104 8
102 95 104 103 98 104 101 104 98 93 100 100 9
96 95 92 96 91 88 91 95 96 88 90 92 10
104 99 96 96 98 93 93 98 93 99 97 15000 11
Chip#2
107 105 104 101 102 101 100 99 101 101 105 103 0
106 103 96 100 102 98 99 96 99 97 100 100 1
109 103 100 100 104 101 104 98 100 101 102 103 2
106 105 115 213 147 104 209 169 100 157 171 106 3
101 105 124 316 198 106 236 193 98 158 165 104 4
102 101 101 117 110 99 110 103 99 99 101 100 5
103 106 107 150 127 101 107 104 104 105 105 105 6
102 106 109 259 181 97 99 105 99 104 107 95 7
100 101 99 122 111 97 100 99 98 95 96 99 8
102 105 96 99 101 99 99 99 95 98 104 99 9
106 101 99 101 104 97 104 106 96 104 110 101 10
107 106 105 104 101 103 104 99 102 103 110 15000 11
Chip#1
108 102 98 102 105 98 101 102 101 99 101 104 0
96 93 112 125 94 114 142 98 99 136 93 90 1
102 104 333 416 108 389 670 131 278 675 158 96 2
104 101 150 190 96 186 297 103 170 372 119 96 3
102 96 98 103 105 100 101 104 104 104 97 99 4
108 99 108 118 101 105 113 107 235 408 127 102 5
95 100 99 103 100 103 105 104 173 310 109 94 6
98 100 97 98 96 97 101 98 100 96 96 90 7
108 102 113 115 107 112 113 105 107 104 101 100 8
104 104 107 108 102 104 112 105 101 103 98 99 9
99 106 100 103 103 101 102 105 102 105 101 102 10
102 99 97 102 103 97 97 101 101 101 96 15000 11
Chip#2
103 112 105 110 106 103 106 102 101 105 102 106 0
112 109 105 105 106 104 106 104 105 107 106 105 1
97 97 98 97 96 93 98 93 93 96 95 98 2
110 106 116 220 151 111 210 172 102 159 173 106 3
100 104 124 318 197 106 240 189 100 160 167 104 4
104 109 106 118 112 103 108 103 100 105 102 104 5
104 104 105 147 127 102 108 106 100 104 107 104 6
107 108 120 264 185 102 108 107 105 109 111 104 7
101 101 101 124 115 97 100 96 98 96 100 98 8
103 109 106 104 108 102 105 104 102 103 102 103 9
100 103 98 98 99 97 101 104 96 101 106 100 10
104 105 105 102 104 99 107 96 102 102 102 15000 11
Chip#1
105 99 94 99 97 99 101 97 96 93 95 102 0
114 105 131 137 107 123 153 112 111 150 106 104 1
101 94 334 414 100 386 670 125 277 666 158 95 2
99 104 152 188 100 189 302 107 171 374 122 98 3
102 102 100 101 98 100 104 102 100 103 100 95 4
91 91 99 98 94 95 100 98 205 394 114 89 5
99 96 100 102 100 98 101 100 170 304 109 93 6
102 102 98 101 98 97 102 103 102 99 98 96 7
103 99 107 109 97 103 108 103 96 99 98 99 8
98 102 106 108 107 103 106 103 99 97 95 98 9
98 99 100 107 101 98 104 104 100 100 97 100 10
105 99 98 103 101 98 102 103 99 100 100 15000 11
Chip#2
105 105 104 99 101 98 100 99 99 101 101 104 0
101 100 99 99 100 98 99 92 95 98 95 99 1
107 106 103 103 101 94 99 100 101 104 101 101 2
105 105 112 213 141 99 204 166 99 150 167 104 3
113 113 135 331 209 117 247 206 113 172 176 111 4
103 100 105 120 108 99 110 100 102 104 102 105 5
102 100 101 145 123 96 102 99 99 99 102 96 6
105 101 116 267 182 101 110 102 99 105 109 100 7
103 100 103 127 116 101 102 98 104 103 101 103 8
102 104 98 104 101 99 102 100 100 103 102 99 9
99 100 98 99 99 97 106 105 96 101 106 101 10
106 105 103 104 107 102 105 106 100 105 105 15000 11
