Chip#1
91 91 94 90 95 94 96 95 98 89 93 91 0 164 120 26 23
107 105 103 105 110 108 105 109 110 101 100 100 1 0 0 0 0
102 102 105 111 104 107 114 105 110 109 102 103 2 0 0 0 0
101 102 103 107 107 101 106 109 111 107 107 103 3 0 0 0 0
108 108 105 107 111 108 111 107 111 109 109 108 4 0 0 0 0
99 100 110 105 104 107 112 108 110 109 106 102 5 0 0 0 0
103 99 106 104 105 101 110 105 108 101 104 102 6 0 0 0 0
102 104 104 102 107 108 110 108 108 102 105 104 7 0 0 0 0
99 97 104 106 103 102 107 102 104 97 100 102 8 0 0 0 0
99 99 101 102 104 104 106 101 108 99 106 100 9 0 0 0 0
102 103 101 102 107 102 107 107 105 95 101 102 10 0 0 0 0
96 97 98 94 103 100 100 100 104 93 99 15000 11 0 0 0 0
Chip#2
97 101 97 98 101 96 95 95 96 100 98 96 0 234 128 116 23
99 105 104 103 104 102 102 103 99 103 100 101 1 0 0 0 0
101 101 98 95 102 97 98 101 95 95 98 101 2 0 0 0 0
103 105 107 104 106 102 102 102 101 103 103 102 3 0 0 0 0
101 103 103 103 103 101 101 103 101 99 100 101 4 0 0 0 0
107 107 104 104 101 101 100 105 101 104 104 103 5 0 0 0 0
103 110 105 103 106 102 104 97 102 103 103 102 6 0 0 0 0
103 106 104 100 104 101 104 101 100 101 104 103 7 0 0 0 0
101 105 100 100 101 100 100 100 98 98 103 100 8 0 0 0 0
98 102 100 98 101 97 96 95 96 94 96 96 9 0 0 0 0
96 103 99 103 102 99 98 102 96 98 100 102 10 0 0 0 0
106 105 107 108 106 104 106 103 107 103 104 15000 11 0 0 0 0
