Chip#1
114 108 108 103 102 100 105 101 101 107 106 107 0
107 97 102 98 97 101 98 97 95 101 98 101 1
106 99 101 102 97 92 100 101 99 100 99 98 2
103 96 121 657 206 101 100 186 202 98 94 99 3
107 108 108 388 108 101 106 153 190 106 102 104 4
103 108 107 99 105 103 106 100 102 107 101 103 5
103 102 101 101 103 100 102 102 101 102 101 99 6
114 108 116 280 157 111 111 240 338 108 109 111 7
103 101 113 463 270 101 110 587 361 103 101 98 8
108 105 103 109 103 103 109 116 113 101 102 103 9
111 102 106 103 97 103 109 100 101 100 103 102 10
114 102 102 102 97 101 101 106 101 100 103 15000 11
Chip#2
115 110 111 110 113 109 112 100 115 106 106 103 0
121 107 111 112 104 113 113 102 118 110 111 108 1
119 113 117 114 104 114 120 107 126 113 110 109 2
112 103 113 119 444 154 112 102 181 185 107 109 3
114 107 114 141 398 154 116 103 210 226 112 111 4
113 105 110 109 104 113 112 101 117 102 110 109 5
115 105 109 110 104 108 111 101 114 104 107 106 6
115 102 110 110 204 111 108 100 233 148 106 105 7
122 113 117 132 395 202 117 104 565 471 116 113 8
115 110 113 114 172 113 112 102 159 158 110 107 9
117 110 114 111 104 113 111 100 113 115 111 105 10
125 116 113 116 113 112 115 104 119 112 109 15000 11
Chip#1
108 103 111 99 106 113 114 106 105 107 113 103 0
106 103 108 97 106 105 107 106 102 103 106 104 1
106 98 104 102 100 100 97 98 101 104 101 96 2
97 93 107 227 118 100 96 115 125 95 102 93 3
108 97 109 175 105 106 107 110 117 104 105 102 4
107 108 112 106 109 119 115 108 113 109 111 109 5
104 108 109 103 103 106 106 101 102 103 105 104 6
111 108 113 148 114 114 110 149 165 104 107 102 7
102 101 104 195 136 99 100 225 169 101 101 102 8
97 90 97 92 91 98 96 95 94 95 94 92 9
103 101 107 102 101 109 107 96 105 101 102 102 10
103 97 103 98 101 101 102 101 95 104 103 15000 11
Chip#2
104 99 103 103 102 101 107 100 110 98 101 100 0
100 100 104 103 102 107 102 100 107 103 102 99 1
105 96 108 107 102 100 98 100 104 102 97 96 2
100 92 104 102 102 104 102 100 107 104 99 94 3
109 102 113 108 113 112 112 100 117 110 111 105 4
103 100 110 108 100 107 104 100 107 101 104 96 5
104 101 104 109 97 100 108 100 103 100 99 94 6
106 97 109 108 97 108 110 100 117 109 106 100 7
104 100 113 107 113 106 104 100 128 117 102 102 8
106 99 109 102 104 108 103 100 112 104 104 100 9
105 95 103 101 104 104 106 100 107 99 99 99 10
100 97 102 102 101 98 103 100 107 102 100 15000 11
Chip#1
106 101 106 103 101 104 106 100 99 104 105 102 0
97 96 102 92 95 101 102 95 94 93 98 99 1
99 94 97 97 94 98 101 91 95 96 97 95 2
108 105 111 233 128 103 107 122 131 107 103 102 3
101 98 98 163 97 98 101 110 114 98 97 97 4
107 108 107 103 102 105 112 103 102 102 98 102 5
103 99 106 104 100 101 107 98 101 100 102 103 6
104 98 98 141 111 100 102 99 162 100 95 99 7
102 94 103 197 137 97 96 226 163 96 97 98 8
106 102 107 106 101 105 107 106 106 106 107 102 9
111 108 111 107 102 111 106 103 103 102 105 103 10
103 101 104 97 99 108 106 100 103 103 99 15000 11
Chip#2
100 96 104 101 102 98 103 99 105 97 101 102 0
102 97 99 101 100 96 101 100 103 96 96 96 1
102 99 100 104 101 98 103 99 103 97 96 96 2
104 95 101 103 101 95 102 99 104 101 94 96 3
103 103 106 104 101 101 102 100 107 110 101 100 4
99 90 101 98 100 95 98 99 100 100 94 93 5
100 95 103 102 100 93 101 100 104 96 97 91 6
105 97 102 106 100 100 105 100 108 107 96 101 7
104 101 104 104 100 104 107 100 123 115 102 102 8
103 97 108 110 100 98 107 100 109 102 100 102 9
99 91 103 97 100 97 103 100 102 97 95 99 10
106 99 108 102 100 97 105 100 108 104 101 15000 11
Chip#1
101 100 99 101 95 98 98 97 98 98 99 96 0
104 98 102 103 92 103 98 97 95 95 97 96 1
108 103 102 103 99 103 107 102 99 102 103 97 2
97 96 106 293 126 98 96 123 130 97 97 91 3
98 97 101 200 105 100 101 115 126 100 97 96 4
101 99 106 96 96 103 102 100 98 95 97 98 5
102 98 108 101 99 100 98 101 98 98 102 97 6
103 97 104 162 118 105 106 152 190 103 98 98 7
107 98 112 247 164 101 103 292 202 104 103 103 8
108 108 113 109 102 105 108 108 106 101 102 101 9
104 93 101 97 95 103 103 97 95 98 99 97 10
104 98 103 98 94 99 97 100 92 96 94 15000 11
Chip#2
109 101 108 106 100 100 111 100 107 106 104 101 0
97 97 106 104 101 97 108 100 104 102 102 103 1
98 91 99 92 96 91 97 100 95 92 94 95 2
102 96 100 102 96 96 103 100 102 101 95 96 3
106 102 104 106 113 98 106 100 107 107 101 97 4
97 92 97 97 96 95 94 98 95 93 91 93 5
104 101 104 104 96 97 106 100 105 102 101 100 6
100 94 100 98 96 93 98 100 107 101 99 93 7
105 99 104 106 113 106 103 100 129 124 101 102 8
104 99 106 102 104 102 101 100 105 99 99 96 9
102 100 107 107 101 103 103 100 99 98 99 100 10
103 101 101 104 101 100 99 99 107 103 101 15000 11
Chip#1
104 101 98 96 97 99 101 96 99 95 98 97 0
111 103 106 106 102 108 103 103 106 101 102 104 1
106 105 102 109 101 106 106 102 98 103 105 103 2
102 97 104 297 134 99 100 127 134 96 98 97 3
106 102 108 211 102 100 106 121 127 107 103 99 4
106 102 103 98 99 99 102 102 103 101 97 98 5
103 99 102 98 100 103 105 98 96 97 102 96 6
106 99 104 162 118 103 108 149 181 98 98 103 7
106 102 107 245 164 104 101 292 198 101 102 102 8
103 106 106 106 99 101 107 108 109 101 99 99 9
108 98 108 102 105 105 106 101 101 101 99 104 10
104 96 102 98 94 93 102 101 95 97 98 15000 11
Chip#2
102 96 100 97 102 96 98 99 102 97 94 93 0
98 96 100 99 99 95 99 99 102 95 94 91 1
105 105 107 101 98 106 110 100 102 101 102 103 2
106 100 103 102 98 101 107 99 104 98 101 97 3
102 99 102 101 113 96 97 100 107 104 102 96 4
111 103 102 106 101 108 106 100 100 98 105 99 5
106 102 102 104 102 103 107 100 104 104 100 103 6
110 95 102 102 102 100 99 99 109 102 97 96 7
100 99 108 106 113 106 102 100 127 123 101 101 8
99 99 100 97 99 90 98 99 100 92 95 93 9
104 101 104 102 101 100 106 100 104 101 102 100 10
100 101 101 99 100 97 103 100 98 102 100 15000 11
