Chip#1
354 413 443 370 328 397 387 349 433 288 418 366 0
360 414 432 373 331 389 392 340 436 294 420 355 1
360 400 449 373 329 391 394 338 438 292 421 353 2
358 415 444 372 329 385 390 338 436 290 418 353 3
359 397 442 383 328 384 389 337 436 291 419 355 4
358 393 442 369 327 399 388 350 435 290 413 352 5
362 396 427 365 314 371 372 340 420 293 402 340 6
365 401 432 382 320 388 394 342 440 293 422 355 7
362 413 442 365 332 390 412 360 441 312 424 377 8
364 399 432 371 330 390 390 341 441 295 405 358 9
374 409 455 374 322 390 395 363 459 313 427 379 10
368 400 447 370 332 390 395 342 443 314 421 360 11
Chip#2
478 501 427 485 495 537 456 468 479 381 429 500 0
454 483 404 485 468 537 460 468 465 373 426 484 1
475 503 425 487 486 537 476 468 475 382 425 494 2
456 502 430 491 486 537 457 470 476 387 428 504 3
460 481 410 492 488 537 457 472 467 382 429 486 4
458 502 407 493 488 537 453 471 476 369 428 495 5
459 504 410 491 482 537 458 470 464 371 424 480 6
460 508 408 496 491 537 461 468 478 375 424 486 7
448 507 416 494 491 537 461 475 468 392 435 510 8
475 506 424 491 485 537 459 472 479 390 443 484 9
461 503 408 493 491 537 454 451 463 364 425 480 10
462 484 410 494 488 521 437 463 459 368 409 495 11
Chip#3
307 405 388 225 298 260 364 306 257 310 313 312 0
307 406 388 227 298 247 366 309 257 313 298 297 1
327 423 391 224 297 263 366 305 259 312 297 313 2
325 425 389 226 297 263 366 306 256 326 298 311 3
323 425 390 224 298 263 363 323 268 311 311 311 4
307 425 388 239 296 263 364 305 267 314 294 311 5
306 421 391 225 297 247 365 308 258 312 296 309 6
328 423 404 225 300 263 383 327 277 334 313 313 7
320 423 404 224 315 263 378 323 271 327 311 313 8
310 429 391 226 299 263 352 311 258 312 296 314 9
309 425 389 224 301 263 364 304 257 311 296 295 10
325 426 409 242 301 263 382 327 261 329 294 312 11
Chip#4
294 279 196 222 198 266 240 251 256 188 285 275 0
310 298 196 225 202 298 253 266 275 207 301 272 1
294 288 204 219 222 272 241 240 262 180 297 276 2
294 289 206 216 202 276 243 255 261 196 296 278 3
310 290 208 233 223 293 259 257 283 198 297 276 4
309 289 209 237 210 297 259 262 284 196 298 282 5
293 292 211 217 209 295 259 261 269 200 297 279 6
309 308 208 234 209 294 259 259 285 197 316 279 7
293 302 204 211 223 293 259 262 262 194 300 274 8
293 290 194 219 196 284 252 244 256 183 297 261 9
293 291 193 235 196 303 268 247 270 201 302 281 10
293 288 192 214 208 297 251 261 284 195 298 276 11
Chip#1
358 402 446 375 332 389 391 339 440 312 420 360 0
360 414 446 370 331 389 389 336 437 311 417 355 1
357 397 446 371 310 388 387 348 419 291 415 352 2
361 385 447 370 331 388 386 336 440 293 420 355 3
359 394 441 352 327 385 386 338 417 292 413 353 4
383 399 432 371 332 391 394 342 440 311 419 360 5
361 397 442 352 327 371 388 338 438 293 402 353 6
365 415 446 382 332 387 391 338 439 311 420 356 7
377 411 438 382 331 389 389 338 458 310 420 357 8
368 401 448 376 334 393 391 357 441 313 418 376 9
368 402 449 370 332 384 392 339 441 310 421 356 10
372 403 432 375 331 391 392 342 442 296 420 363 11
Chip#2
463 502 408 489 485 537 459 471 467 382 446 488 0
448 511 412 495 491 537 463 477 470 394 432 506 1
478 505 428 494 507 537 465 472 466 383 429 500 2
479 508 417 492 508 553 465 495 470 391 439 509 3
461 485 407 488 470 521 454 472 463 381 427 482 4
462 507 411 495 495 537 463 472 467 370 416 485 5
463 506 414 491 488 521 457 477 470 374 416 487 6
459 481 404 490 466 537 457 463 462 368 423 479 7
458 487 410 489 491 537 460 474 467 368 416 483 8
462 507 406 490 490 537 460 467 479 371 427 480 9
463 507 409 492 492 521 459 453 467 369 429 484 10
453 500 405 487 485 537 435 448 455 360 425 493 11
Chip#3
321 423 403 254 314 264 379 324 270 327 309 313 0
310 426 390 239 299 264 353 306 257 312 298 308 1
322 422 406 255 296 264 382 321 267 324 309 308 2
326 425 406 224 300 264 365 326 271 313 297 313 3
311 426 387 225 301 264 352 326 258 331 315 296 4
324 426 406 244 318 280 383 326 275 327 314 310 5
327 431 410 250 306 264 372 329 260 331 316 313 6
307 423 415 224 299 264 360 321 271 323 292 313 7
312 431 394 231 290 264 353 326 261 334 317 318 8
307 427 390 228 300 264 352 325 269 311 298 318 9
329 426 407 225 288 264 352 325 258 331 314 314 10
330 428 409 227 288 264 372 324 262 335 301 316 11
Chip#4
298 296 199 208 195 280 240 253 256 206 303 273 0
298 296 198 220 198 284 252 248 257 203 303 287 1
298 301 204 213 199 287 255 252 259 191 297 270 2
311 288 210 228 216 293 271 260 263 192 296 278 3
295 283 202 228 196 276 243 251 258 191 297 256 4
295 283 187 216 204 275 241 252 264 177 276 260 5
311 302 206 233 219 296 257 253 262 195 294 276 6
311 319 213 234 210 295 257 261 284 196 296 278 7
311 319 208 252 211 295 257 266 281 196 298 295 8
295 289 211 237 213 300 257 241 269 182 297 279 9
295 290 194 234 208 297 257 262 264 179 298 275 10
311 291 211 225 233 317 273 287 274 204 306 299 11
Chip#1
353 397 446 371 328 384 390 351 438 307 417 357 0
355 397 443 375 328 390 389 338 436 291 415 355 1
353 395 442 367 305 386 385 349 446 288 412 367 2
353 395 442 353 326 399 370 349 417 288 414 349 3
358 396 442 370 329 386 388 349 437 289 414 352 4
360 398 442 369 327 387 388 337 436 291 413 354 5
367 402 444 372 329 388 392 342 441 295 420 357 6
361 385 445 366 330 369 392 336 437 293 401 367 7
341 395 424 346 313 373 372 321 424 292 400 356 8
366 401 432 372 332 391 391 342 440 295 422 359 9
381 400 436 373 329 369 387 339 440 292 421 357 10
382 413 447 381 328 389 391 338 438 308 417 372 11
Chip#2
467 509 430 492 491 537 462 476 474 369 433 508 0
470 496 402 483 481 537 451 465 476 385 437 496 1
449 507 411 489 493 537 448 476 468 371 430 484 2
460 506 431 483 497 553 478 495 469 392 446 485 3
438 495 391 468 469 521 437 453 461 361 406 465 4
448 507 414 492 480 537 463 481 467 373 439 481 5
448 487 410 473 474 521 456 457 471 373 431 469 6
461 504 405 492 489 537 460 467 464 370 425 492 7
456 484 407 489 487 537 453 471 479 370 427 481 8
439 488 406 471 469 521 435 461 460 368 425 477 9
442 504 407 489 486 521 432 449 460 365 424 474 10
479 506 410 505 486 537 455 468 478 382 428 490 11
Chip#3
306 425 389 225 297 246 364 304 270 310 296 300 0
328 428 408 226 288 262 367 327 258 329 315 315 1
327 427 391 228 303 262 366 326 257 329 314 312 2
323 424 407 248 317 262 383 321 271 329 313 308 3
322 424 389 245 300 262 364 322 270 328 314 308 4
319 426 388 228 297 262 363 319 268 307 311 311 5
304 422 387 239 295 242 361 319 266 321 290 311 6
325 428 408 246 300 258 381 323 256 327 312 311 7
327 427 410 231 319 258 367 327 257 330 317 316 8
305 425 389 228 298 258 362 322 269 325 313 310 9
311 431 410 230 288 258 353 328 261 334 304 316 10
309 426 390 225 298 258 366 307 256 311 296 293 11
Chip#4
295 299 198 229 199 285 257 252 258 194 290 287 0
295 300 203 214 199 286 253 249 262 176 297 274 1
295 282 200 209 196 284 254 247 257 190 297 285 2
295 299 192 217 207 278 244 243 261 180 295 277 3
311 299 202 228 199 284 240 255 257 195 295 287 4
310 294 192 237 209 296 256 263 268 202 302 280 5
294 299 205 215 204 272 243 240 260 178 302 286 6
294 290 206 233 222 295 249 242 263 194 296 276 7
294 298 204 216 221 291 245 259 261 193 296 274 8
294 300 209 231 212 294 261 243 262 194 297 274 9
310 288 211 237 211 300 261 264 281 201 300 279 10
310 303 194 237 192 295 261 263 266 199 300 277 11
Chip#1
350 396 444 368 328 380 389 348 434 301 431 367 0
339 396 446 354 309 369 389 321 418 292 403 336 1
355 400 463 369 329 387 392 337 436 306 419 355 2
359 403 434 375 329 389 393 336 439 309 421 355 3
356 398 439 381 325 398 388 348 433 289 431 366 4
360 384 447 355 333 374 392 338 440 294 404 357 5
360 403 446 373 332 391 393 340 440 294 421 357 6
376 401 448 368 332 389 394 355 439 310 420 356 7
357 413 442 378 334 389 389 355 438 309 420 374 8
383 404 454 392 349 411 411 359 458 314 427 377 9
363 403 432 353 330 382 373 340 436 293 422 355 10
365 403 445 369 334 388 393 342 438 295 421 358 11
Chip#2
465 508 418 492 491 537 479 493 493 372 435 507 0
461 503 409 486 486 537 458 471 466 373 423 503 1
467 508 409 488 511 537 470 478 470 370 447 505 2
458 500 421 506 506 553 476 487 467 369 445 500 3
466 500 429 508 510 553 475 475 490 385 427 503 4
463 501 414 491 491 537 460 473 465 369 431 483 5
459 482 410 489 465 521 458 474 469 370 426 492 6
460 504 407 492 489 537 460 469 470 373 424 484 7
433 500 407 488 482 537 454 469 477 383 426 495 8
445 484 391 468 466 521 439 449 462 353 409 477 9
442 482 389 471 473 521 438 450 457 363 406 474 10
478 503 427 506 505 537 457 469 477 383 444 493 11
Chip#3
307 410 390 239 300 243 364 306 267 312 298 310 0
319 421 389 224 298 259 366 305 270 311 298 294 1
307 408 389 225 296 243 362 318 256 311 298 310 2
309 410 391 224 300 259 352 311 257 315 300 312 3
329 427 391 242 303 259 352 324 257 330 315 315 4
322 421 404 224 294 259 362 334 268 326 311 315 5
308 425 388 224 298 243 365 318 242 313 296 295 6
313 428 394 227 289 259 354 308 259 316 317 314 7
325 425 390 240 301 259 352 326 257 331 316 310 8
308 426 391 228 300 247 366 306 258 309 299 296 9
308 425 390 226 297 263 363 319 269 310 296 311 10
311 428 389 228 301 263 353 306 257 329 317 314 11
Chip#4
310 299 201 228 216 283 242 269 278 192 300 287 0
294 300 204 211 199 284 244 254 262 194 300 272 1
310 301 207 231 215 273 260 256 264 193 313 276 2
310 288 223 235 219 292 260 260 283 198 311 277 3
295 301 205 220 192 277 249 242 265 184 296 262 4
295 285 176 209 194 280 253 250 249 186 280 263 5
295 286 207 217 206 276 247 241 264 179 295 277 6
295 290 205 232 206 278 263 244 263 179 295 274 7
293 291 194 224 214 299 263 268 269 198 302 279 8
311 307 210 224 213 301 263 265 272 200 304 295 9
295 302 206 233 193 298 263 246 267 198 298 277 10
297 289 194 218 195 299 263 249 268 203 300 264 11
Chip#1
353 400 442 368 325 384 389 351 436 308 431 353 0
359 414 432 376 329 388 391 340 439 295 418 359 1
337 396 444 365 306 382 386 351 416 289 412 349 2
361 384 434 374 331 390 389 341 440 296 406 359 3
374 403 463 372 332 406 409 357 455 311 423 374 4
377 400 448 390 347 409 411 358 456 310 421 377 5
360 386 443 366 327 389 391 338 440 293 401 359 6
378 401 463 369 348 388 410 355 455 316 422 376 7
358 398 441 366 332 390 392 359 441 313 418 378 8
368 403 432 377 333 393 397 358 441 316 423 380 9
363 402 447 368 311 384 388 338 440 293 401 356 10
381 400 460 368 330 389 393 355 439 310 416 360 11
Chip#2
449 509 413 491 488 521 448 473 473 371 417 487 0
457 504 410 488 487 537 456 472 469 374 426 486 1
478 504 429 505 509 537 465 489 465 390 429 502 2
453 496 407 487 483 537 455 492 473 368 443 511 3
462 498 406 509 491 537 455 470 467 371 427 500 4
442 484 408 493 488 521 457 470 463 352 425 482 5
443 484 411 490 468 521 440 471 465 369 423 484 6
455 480 384 491 486 521 454 462 460 383 405 475 7
460 483 407 485 487 521 455 469 466 371 431 484 8
456 481 401 485 467 521 453 449 456 381 423 492 9
456 503 405 491 491 521 457 470 479 383 425 493 10
460 485 407 470 488 521 447 448 459 364 405 477 11
Chip#3
309 423 387 228 298 263 364 304 271 312 299 311 0
306 407 389 239 297 263 362 319 256 310 298 311 1
310 410 391 230 301 249 352 308 258 313 301 311 2
318 404 387 237 280 242 362 316 269 307 293 295 3
321 421 387 225 294 258 377 334 269 326 312 311 4
327 431 412 245 303 258 383 323 258 329 317 312 5
330 429 412 246 290 258 352 326 263 335 318 313 6
310 424 405 238 300 258 363 320 270 310 296 311 7
325 419 402 252 297 258 381 333 268 323 308 311 8
311 424 390 238 302 258 366 319 256 312 298 295 9
306 403 387 224 299 243 364 315 254 310 296 295 10
308 407 391 226 285 246 367 319 271 311 295 295 11
Chip#4
297 283 196 209 197 285 240 251 262 176 298 278 0
297 296 198 211 198 285 255 250 256 191 295 275 1
297 303 204 211 200 273 254 253 258 194 296 275 2
297 302 203 215 201 275 245 252 261 197 297 278 3
297 287 186 218 207 273 244 241 261 180 295 260 4
313 300 204 232 219 288 260 265 261 207 295 287 5
297 282 204 216 202 274 248 253 245 180 292 257 6
294 292 193 232 207 282 248 243 267 182 297 277 7
294 299 201 212 202 290 245 261 259 195 297 257 8
294 301 201 213 205 280 247 254 260 180 295 276 9
297 294 193 221 208 302 263 268 268 199 288 286 10
297 290 196 235 212 300 263 265 271 200 301 282 11
Chip#1
349 394 441 368 310 382 388 346 435 303 415 367 0
366 393 442 382 324 399 399 346 434 308 431 366 1
376 403 449 393 329 407 411 353 439 310 418 374 2
354 392 443 369 324 386 384 351 433 289 414 352 3
359 396 442 352 330 386 388 350 435 291 414 354 4
355 390 443 371 327 385 388 349 435 289 412 352 5
358 398 438 366 328 385 390 337 437 289 402 354 6
360 413 460 370 331 387 391 337 438 309 418 355 7
357 397 440 365 332 390 394 338 440 311 421 357 8
382 400 445 372 327 393 392 341 440 310 422 359 9
368 404 450 373 330 388 392 356 454 312 422 375 10
382 401 445 371 334 393 409 357 438 311 424 359 11
Chip#2
464 510 409 493 490 537 448 477 470 382 433 488 0
452 496 412 484 492 537 461 464 476 376 431 493 1
448 487 409 489 490 521 461 471 463 367 407 481 2
441 483 412 490 488 521 461 473 469 369 429 486 3
455 484 405 484 486 521 457 470 448 362 422 495 4
448 505 413 494 482 537 463 477 462 370 430 485 5
461 485 407 492 484 521 459 469 469 368 426 481 6
439 484 397 471 467 521 439 448 462 364 403 475 7
435 492 411 478 481 521 450 477 454 360 421 490 8
439 483 386 468 468 521 439 448 463 363 404 475 9
455 498 405 482 483 537 449 465 479 377 417 487 10
460 502 405 487 486 537 453 467 458 360 422 490 11
Chip#3
304 424 388 225 299 262 363 321 256 327 312 311 0
319 426 388 227 300 243 366 307 268 311 297 311 1
328 429 409 230 301 259 367 324 256 328 314 313 2
319 425 390 224 300 243 360 318 256 308 293 309 3
323 427 407 227 297 259 364 304 269 326 296 309 4
327 430 411 244 316 275 382 323 271 329 313 313 5
306 409 391 237 299 259 366 307 268 310 294 311 6
322 422 406 240 299 259 378 334 268 324 310 311 7
322 424 408 242 317 259 382 324 270 327 314 310 8
335 425 404 226 296 259 367 320 241 310 295 312 9
329 416 411 229 288 259 370 325 260 333 317 317 10
309 428 392 225 300 259 364 308 257 310 297 313 11
Chip#4
297 274 197 220 195 280 249 251 269 187 301 285 0
313 302 207 212 202 292 243 255 263 199 299 277 1
297 303 204 214 204 275 246 240 265 196 298 275 2
294 289 206 229 203 279 247 253 261 192 299 276 3
294 301 205 232 204 275 242 254 258 207 299 275 4
294 301 205 213 202 287 246 240 258 206 299 272 5
310 304 223 231 221 295 262 257 282 197 296 275 6
310 302 221 233 219 295 262 257 277 194 296 287 7
295 293 195 222 212 301 252 267 268 201 299 282 8
295 302 207 236 222 297 268 258 261 194 298 274 9
295 293 196 237 192 288 268 265 271 200 300 280 10
311 291 194 232 210 297 268 265 285 200 299 278 11
Chip#1
367 412 445 370 326 399 390 336 433 290 418 356 0
356 414 446 371 334 391 393 340 437 310 421 358 1
356 402 449 374 327 386 390 351 435 309 416 354 2
353 395 444 352 305 383 370 349 431 302 401 352 3
358 414 443 383 330 384 391 356 437 308 420 357 4
361 394 442 372 328 385 389 337 437 292 416 355 5
360 398 442 353 313 390 393 338 439 292 403 356 6
359 385 445 364 332 385 392 338 438 292 418 354 7
357 395 440 362 330 389 390 341 436 293 418 359 8
362 398 432 374 329 391 390 338 439 291 420 358 9
383 412 450 371 332 385 393 342 441 314 425 359 10
370 402 433 369 333 389 397 344 442 311 423 361 11
Chip#2
466 504 426 504 485 537 477 489 485 368 432 504 0
450 496 400 481 495 537 460 477 476 377 419 493 1
448 505 412 492 472 537 448 472 449 353 429 468 2
478 507 429 508 511 553 479 495 485 387 433 502 3
463 481 407 487 486 521 459 468 467 364 426 483 4
460 501 409 490 494 537 461 473 464 383 425 485 5
460 499 405 489 486 537 455 467 466 370 421 494 6
459 484 388 474 464 521 437 462 460 352 407 464 7
453 499 404 486 487 521 451 468 465 368 428 481 8
462 510 429 495 492 537 449 474 469 378 447 486 9
459 498 405 486 484 537 449 478 465 380 422 486 10
457 504 406 487 486 537 435 461 455 359 421 474 11
Chip#3
307 405 386 221 282 248 348 304 255 309 296 297 0
322 423 407 224 316 264 380 325 268 327 312 313 1
329 428 410 245 319 264 382 325 256 330 317 314 2
320 422 401 238 297 264 361 334 266 326 292 314 3
321 425 407 240 301 264 381 324 274 329 317 314 4
316 419 386 235 294 264 361 315 254 310 292 298 5
308 427 389 229 301 264 367 307 271 312 293 292 6
327 426 407 242 301 264 381 322 257 328 314 313 7
310 413 393 231 302 264 365 309 259 314 298 313 8
321 427 406 226 301 264 383 322 256 329 316 310 9
308 426 388 226 298 245 364 319 270 309 296 310 10
307 423 388 238 297 261 366 305 257 312 296 310 11
Chip#4
295 289 203 215 193 287 244 245 263 199 299 278 0
295 302 192 209 202 273 241 253 259 178 295 274 1
295 303 204 209 201 286 241 251 270 192 295 272 2
311 319 221 232 219 292 245 271 259 193 313 272 3
311 303 210 234 222 292 261 258 264 195 297 274 4
311 290 210 236 221 293 261 258 265 196 297 277 5
311 303 193 236 206 297 249 242 262 197 300 277 6
311 308 223 233 208 297 265 260 262 197 297 285 7
295 303 194 228 221 293 244 262 262 197 297 275 8
295 289 193 233 211 291 260 259 261 194 298 272 9
295 288 195 230 212 301 260 260 261 178 294 278 10
311 309 213 236 214 295 260 266 284 205 298 279 11
Chip#1
355 413 445 373 330 385 385 349 433 306 420 355 0
351 394 424 367 307 383 369 348 447 303 414 366 1
359 385 433 354 308 384 370 350 434 302 400 354 2
360 399 437 378 330 389 373 338 437 295 406 357 3
379 401 450 375 333 393 394 359 442 311 420 375 4
360 415 432 371 332 387 391 354 439 308 422 358 5
360 415 444 369 330 387 389 338 440 290 422 355 6
380 405 452 371 349 389 394 359 440 312 422 359 7
360 398 445 367 334 391 389 359 443 310 423 362 8
383 404 451 377 329 393 393 343 441 312 421 359 9
370 406 454 376 331 388 392 358 439 310 420 359 10
381 401 447 369 329 388 393 356 438 307 419 356 11
Chip#2
462 505 409 490 485 537 459 471 465 379 430 486 0
450 506 411 490 493 537 460 477 472 377 430 507 1
450 492 414 491 492 537 452 475 452 353 431 484 2
460 498 418 481 493 537 448 482 468 374 418 493 3
459 496 406 491 491 537 458 472 469 378 424 482 4
457 501 425 494 488 537 455 489 464 382 429 481 5
456 503 407 505 487 537 457 490 469 368 425 500 6
458 505 406 492 467 521 456 466 448 369 408 483 7
452 482 406 490 487 521 453 470 460 382 431 482 8
456 498 400 502 504 537 453 468 476 369 426 492 9
457 501 404 487 487 537 455 470 460 378 427 489 10
456 485 384 467 482 521 447 462 453 359 401 475 11
Chip#3
299 407 385 220 279 246 362 316 255 309 294 294 0
316 404 384 239 275 241 361 315 254 307 293 294 1
317 420 384 237 295 257 360 315 265 307 297 310 2
305 426 387 224 297 257 366 304 271 310 297 310 3
305 424 390 224 298 257 381 305 270 328 315 310 4
301 389 380 220 274 255 347 301 252 290 295 294 5
319 423 386 224 297 271 364 319 264 325 296 310 6
305 426 391 227 298 271 366 306 268 310 312 309 7
326 431 394 228 289 271 354 327 260 316 318 314 8
306 423 389 225 278 271 364 319 268 308 296 310 9
335 425 404 225 296 271 363 335 266 324 294 310 10
306 408 388 227 299 246 364 319 270 311 295 312 11
Chip#4
311 295 202 230 217 299 260 269 261 193 298 272 0
311 319 202 229 218 291 260 268 278 196 314 294 1
295 286 205 220 193 279 248 241 246 201 298 279 2
310 290 205 230 206 290 264 254 263 181 298 278 3
294 285 182 210 204 283 245 253 258 176 282 268 4
294 283 185 213 202 287 246 234 242 190 282 257 5
294 290 193 223 194 280 255 244 266 187 298 281 6
310 291 207 236 209 294 271 258 284 199 293 274 7
310 300 219 229 221 289 271 259 281 193 293 273 8
310 309 192 235 208 299 271 261 269 198 298 277 9
313 310 216 225 216 319 287 264 287 221 319 301 10
297 289 198 237 196 299 271 264 265 204 298 280 11
Chip#1
341 397 444 371 330 385 388 336 438 290 419 355 0
367 396 443 369 327 387 387 351 434 288 430 349 1
356 401 433 372 326 388 388 339 435 290 400 357 2
358 398 447 372 329 391 389 337 437 291 402 355 3
356 395 441 369 326 399 388 350 435 288 427 353 4
358 396 443 352 314 370 373 350 419 289 414 338 5
357 397 443 366 329 385 386 337 436 290 402 355 6
361 397 435 367 315 369 374 339 422 292 402 338 7
358 396 441 364 329 389 392 339 440 310 403 356 8
362 399 445 373 309 386 388 338 438 292 401 354 9
381 403 448 369 327 397 389 339 438 307 419 355 10
375 405 451 375 321 412 398 363 463 313 425 380 11
Chip#2
451 489 413 480 491 521 448 479 476 357 418 494 0
457 499 406 467 483 521 452 468 463 368 424 482 1
459 501 412 490 489 537 448 474 450 369 426 485 2
460 502 411 489 468 537 457 472 450 372 428 485 3
460 494 406 488 471 521 456 470 461 364 406 482 4
461 505 414 494 493 537 462 477 465 368 428 502 5
458 502 407 486 467 521 457 453 469 371 425 482 6
476 500 409 497 481 537 460 471 467 383 426 484 7
455 500 412 487 485 521 453 469 467 383 426 481 8
458 484 388 467 469 521 435 450 459 366 407 478 9
458 484 408 470 472 521 435 468 448 363 408 475 10
460 491 412 491 471 521 434 451 459 366 409 476 11
Chip#3
306 422 403 224 299 262 364 317 268 326 297 312 0
319 406 384 238 295 243 364 316 268 307 292 312 1
326 429 409 247 318 259 370 324 270 332 319 313 2
324 430 408 246 300 259 367 322 259 329 315 311 3
326 427 408 230 301 259 367 327 258 330 316 312 4
304 409 388 225 280 245 365 305 241 309 297 296 5
318 421 399 236 294 261 361 315 264 306 291 312 6
328 416 411 249 289 261 369 324 259 315 319 314 7
324 423 407 243 301 261 368 322 270 327 313 314 8
315 422 399 237 293 254 360 317 250 319 291 298 9
307 409 391 229 301 270 366 304 241 310 298 298 10
305 407 389 225 280 270 365 304 269 306 296 298 11
Chip#4
297 280 201 210 197 286 252 251 249 178 298 273 0
313 288 207 234 203 279 244 255 264 199 298 282 1
297 282 203 212 201 269 254 253 248 176 298 271 2
297 299 203 216 200 272 240 240 248 177 298 274 3
297 302 202 214 204 272 245 254 262 198 296 274 4
295 273 194 223 192 280 247 248 265 186 299 264 5
295 301 205 234 192 274 242 242 259 178 299 277 6
295 292 195 238 213 281 250 245 265 181 281 260 7
298 291 198 236 214 298 266 267 267 205 300 283 8
298 289 195 221 212 296 251 247 262 179 301 261 9
298 288 203 234 194 299 267 258 265 200 301 277 10
298 303 192 218 210 281 267 264 269 201 301 281 11
Chip#1
354 399 446 371 330 389 389 337 437 292 402 355 0
355 390 443 383 309 385 386 348 434 302 412 352 1
359 401 450 373 329 391 389 355 435 307 419 356 2
358 397 447 374 311 389 388 351 435 291 418 354 3
359 396 441 383 327 386 386 336 435 290 416 353 4
360 398 445 370 330 385 388 338 437 303 400 355 5
377 414 444 369 330 387 386 338 437 306 419 353 6
361 415 434 381 330 384 392 340 436 290 417 356 7
360 415 446 366 332 392 393 360 439 309 421 358 8
365 384 432 374 311 394 392 342 438 292 404 357 9
380 403 447 369 332 382 393 338 437 291 419 355 10
363 399 443 365 327 387 390 336 437 301 400 354 11
Chip#2
458 486 392 468 466 521 438 456 450 365 430 486 0
461 504 411 489 484 521 458 472 465 368 426 488 1
443 484 393 466 470 521 463 449 462 362 409 478 2
454 500 409 489 488 537 459 481 479 369 416 491 3
448 483 412 495 472 521 457 478 449 366 428 488 4
443 484 389 491 471 521 439 453 442 365 429 481 5
459 480 409 485 486 521 461 474 450 352 423 481 6
435 492 399 489 464 521 435 460 457 363 400 475 7
457 495 407 487 466 521 456 451 463 381 429 481 8
457 494 402 485 482 521 453 475 455 382 421 470 9
454 501 407 490 489 537 453 466 459 378 421 490 10
442 482 386 471 468 521 418 462 440 343 408 472 11
Chip#3
316 401 385 237 276 241 344 317 254 319 292 298 0
304 425 387 237 294 257 360 305 267 307 297 314 1
297 401 383 217 272 239 340 296 253 302 272 298 2
304 407 385 220 279 245 364 317 247 305 297 298 3
317 421 391 227 297 261 363 335 268 307 294 314 4
322 426 405 225 297 261 363 320 269 327 313 314 5
321 424 389 227 295 261 362 320 268 325 294 314 6
319 426 391 229 296 246 364 319 269 307 293 314 7
305 429 404 224 299 262 362 307 269 309 295 314 8
299 405 383 224 274 243 345 317 242 306 293 298 9
323 427 392 230 299 259 365 308 256 329 298 313 10
304 423 387 224 294 246 365 307 244 311 295 310 11
Chip#4
298 287 198 221 198 277 255 253 253 178 301 269 0
314 295 203 230 222 303 271 240 257 194 301 276 1
298 295 201 214 198 287 240 253 241 177 301 274 2
298 300 206 215 204 273 242 241 262 181 301 276 3
314 302 206 234 210 289 258 256 263 198 310 276 4
312 307 223 235 216 296 258 259 286 201 318 279 5
309 305 210 239 214 296 258 259 262 216 314 297 6
309 288 206 235 209 293 258 257 263 196 298 273 7
308 305 206 235 212 297 258 259 262 201 298 279 8
292 292 199 224 218 301 258 246 268 200 298 282 9
292 272 191 218 198 282 240 249 264 183 279 262 10
294 300 193 233 196 298 256 264 271 202 295 280 11
Chip#1
348 394 426 353 309 379 372 330 419 301 413 348 0
357 414 445 369 309 389 389 338 436 307 400 355 1
355 386 433 374 309 371 374 336 437 289 401 352 2
355 411 447 370 325 383 399 350 434 288 430 366 3
360 386 446 373 331 373 391 337 438 291 403 339 4
356 415 442 369 327 399 386 351 436 303 431 367 5
362 384 442 353 312 372 371 337 437 288 400 354 6
355 395 440 362 309 378 386 349 432 299 409 365 7
362 385 445 365 315 375 391 339 440 290 404 358 8
383 404 436 376 334 393 390 358 440 308 421 360 9
353 406 436 374 332 371 393 343 443 296 405 358 10
366 399 446 366 310 374 390 341 436 288 402 355 11
Chip#2
458 508 407 488 486 537 463 475 471 383 447 482 0
448 505 426 488 488 537 456 473 471 387 425 502 1
437 484 409 469 479 521 457 451 462 360 407 478 2
442 505 415 495 492 537 463 477 449 371 416 483 3
448 481 410 491 488 537 461 475 467 382 425 483 4
448 504 427 494 490 537 463 493 467 368 431 489 5
461 505 409 490 488 537 459 473 467 374 427 483 6
466 506 414 510 485 537 477 470 473 374 426 485 7
437 495 404 483 464 521 454 466 460 371 429 480 8
442 484 388 472 464 521 435 451 461 355 407 479 9
457 480 402 485 465 521 449 461 461 361 403 490 10
438 482 404 484 479 521 432 461 457 363 403 476 11
Chip#3
326 429 408 243 318 262 381 325 256 328 318 310 0
306 408 370 223 279 246 346 304 244 309 295 294 1
319 406 388 238 292 243 357 317 242 309 293 294 2
313 415 399 237 292 241 356 313 240 319 289 294 3
320 423 385 238 294 257 357 319 266 325 293 310 4
306 425 388 224 296 257 364 321 269 309 296 310 5
305 406 385 239 277 244 359 319 242 309 293 294 6
324 427 390 229 300 260 365 323 271 328 311 310 7
325 426 389 226 298 260 361 305 267 309 296 310 8
305 410 388 227 298 260 364 308 270 309 297 310 9
305 425 387 236 295 245 359 319 265 308 293 310 10
304 427 390 224 302 261 363 307 257 312 297 294 11
Chip#4
294 280 199 208 202 282 255 255 262 181 295 271 0
278 281 185 211 186 270 243 235 246 177 279 257 1
294 302 205 214 200 286 240 253 266 196 295 273 2
294 298 201 213 197 284 241 253 260 191 295 272 3
310 299 198 229 216 284 240 251 258 195 295 285 4
310 302 194 233 206 274 246 244 262 197 296 274 5
310 317 209 236 208 293 262 258 281 196 314 276 6
310 309 193 236 194 295 248 244 264 198 297 273 7
310 290 193 234 211 296 264 263 265 183 296 274 8
294 303 194 234 210 279 264 246 267 198 298 276 9
294 301 204 213 207 291 264 245 263 196 296 274 10
310 302 212 232 213 299 264 265 272 204 318 294 11
Chip#1
345 396 440 382 307 377 384 346 445 296 411 347 0
355 394 444 368 327 398 387 350 435 302 417 367 1
367 395 445 368 304 398 385 350 432 303 412 364 2
355 396 445 370 327 380 385 348 432 302 416 367 3
374 414 460 383 326 399 387 366 435 305 431 366 4
359 397 432 373 329 389 391 340 439 290 402 355 5
358 384 443 369 328 388 388 341 437 289 417 353 6
374 402 451 383 332 386 392 359 439 309 421 355 7
355 395 443 360 326 368 386 338 435 291 416 357 8
380 402 447 374 330 391 392 342 440 289 421 356 9
382 402 450 371 329 385 390 356 436 308 420 356 10
361 398 443 367 312 369 389 338 436 303 400 355 11
Chip#2
463 490 409 488 490 521 461 472 470 368 418 488 0
450 505 409 492 491 537 459 476 470 379 429 507 1
460 503 416 490 489 537 462 470 479 368 422 484 2
458 502 425 492 486 537 477 475 477 368 432 502 3
457 494 407 487 485 521 454 470 462 363 423 481 4
455 493 402 487 487 537 452 470 456 377 425 493 5
457 483 407 486 467 521 452 451 448 362 406 494 6
454 497 422 506 482 537 455 479 479 381 421 491 7
439 480 406 470 468 521 453 451 460 383 429 479 8
458 500 407 491 489 537 460 469 477 371 429 493 9
459 500 407 486 485 537 452 464 459 359 426 488 10
462 504 410 494 492 537 455 454 461 366 429 465 11
Chip#3
325 425 392 229 298 261 365 309 256 331 318 311 0
318 404 384 221 292 243 360 314 266 308 294 295 1
310 429 389 229 300 259 364 305 271 312 300 313 2
317 408 387 208 280 246 345 316 242 306 292 297 3
319 405 389 239 293 245 363 315 241 308 296 313 4
316 422 387 225 296 261 361 316 266 309 293 297 5
307 423 386 226 297 261 359 316 266 309 295 313 6
304 422 386 225 293 241 362 315 255 308 293 313 7
319 401 399 225 278 243 343 317 254 304 289 297 8
311 430 394 231 299 259 367 308 257 312 300 315 9
307 429 407 228 300 259 367 305 256 331 315 315 10
305 411 391 229 302 259 366 305 247 315 299 297 11
Chip#4
294 285 207 217 202 273 245 245 258 179 294 280 0
278 285 181 207 181 265 235 235 242 176 278 271 1
294 301 205 210 201 284 245 255 242 176 294 257 2
310 299 221 228 220 290 261 269 257 206 294 286 3
294 301 205 217 203 284 246 243 259 177 294 260 4
294 300 192 235 206 273 247 257 261 181 295 274 5
294 289 192 218 211 291 247 257 262 182 297 274 6
310 307 210 235 211 296 263 259 282 198 315 276 7
294 291 192 218 197 297 249 264 266 185 298 261 8
278 286 195 217 197 282 250 246 250 184 298 262 9
310 289 221 231 212 298 266 265 283 198 298 276 10
294 301 207 230 220 276 266 261 264 195 297 273 11
Chip#1
347 393 439 366 305 378 368 330 429 282 414 346 0
337 392 443 355 309 386 371 336 436 302 400 348 1
355 400 432 371 322 384 388 336 434 288 419 353 2
376 414 463 376 330 388 387 354 436 307 419 355 3
360 413 444 376 330 388 391 338 437 292 402 367 4
361 411 443 370 328 385 385 337 437 288 416 353 5
358 398 442 364 326 384 385 350 433 288 416 366 6
361 399 446 369 331 386 391 356 439 310 419 355 7
356 394 441 362 330 388 387 337 454 305 417 352 8
381 398 446 374 326 388 386 350 437 307 421 355 9
381 404 449 369 329 385 389 337 437 310 420 353 10
383 400 432 371 349 388 389 339 440 310 418 356 11
Chip#2
450 494 414 477 472 521 463 478 458 353 431 492 0
448 526 409 509 487 537 457 470 467 389 426 500 1
459 505 412 490 494 537 465 473 478 383 425 502 2
461 506 412 493 490 537 463 475 462 372 430 489 3
478 505 417 497 510 553 479 495 488 398 446 508 4
458 499 412 491 494 537 459 474 479 369 424 485 5
462 502 412 493 483 537 455 473 467 370 428 484 6
475 497 407 508 483 537 457 467 478 385 423 480 7
458 501 404 491 491 537 448 471 463 369 429 488 8
437 495 399 467 465 521 435 448 458 363 403 469 9
462 506 388 491 475 521 437 453 450 365 412 464 10
460 487 408 472 467 521 435 462 458 364 409 476 11
Chip#3
324 426 390 229 300 259 365 323 271 330 316 312 0
319 406 387 225 277 243 362 304 245 309 294 296 1
309 425 408 229 300 259 382 320 256 331 315 312 2
317 425 404 224 295 259 360 335 268 325 297 296 3
304 403 388 220 276 240 342 316 255 305 273 296 4
307 428 394 228 283 256 366 308 250 314 300 296 5
304 425 388 224 299 256 364 304 269 312 295 296 6
326 428 406 228 288 256 352 324 256 313 300 312 7
326 427 410 244 299 256 383 326 256 329 314 313 8
318 421 406 237 293 256 379 316 269 323 310 313 9
334 421 403 238 296 256 375 334 264 323 305 313 10
322 422 387 225 296 256 364 319 271 328 294 312 11
Chip#4
294 295 204 214 204 285 245 253 257 198 295 287 0
294 297 203 225 202 284 243 254 257 193 295 284 1
294 280 185 211 201 284 241 255 241 177 279 257 2
294 288 206 218 192 287 247 242 261 179 298 256 3
310 298 201 227 201 281 255 255 276 192 298 286 4
294 300 206 212 204 286 244 241 244 179 298 270 5
294 300 207 215 202 286 242 240 262 178 298 268 6
310 319 211 236 223 293 258 270 280 200 313 272 7
306 292 193 238 212 292 258 264 265 201 297 273 8
290 300 207 235 212 300 258 261 263 196 298 272 9
306 291 193 234 210 301 258 263 267 200 300 276 10
299 273 198 220 195 285 258 254 271 203 302 281 11
Chip#1
340 399 446 354 312 370 389 335 434 302 415 352 0
340 395 444 371 308 388 372 349 435 288 414 352 1
356 403 448 373 322 387 390 351 435 305 418 355 2
363 400 451 376 327 386 389 338 436 290 420 352 3
362 398 445 367 330 389 390 337 433 291 401 355 4
361 413 443 371 328 385 390 336 434 319 416 367 5
360 398 424 367 310 370 369 337 435 288 401 352 6
363 402 433 365 331 386 392 338 439 290 419 357 7
360 414 444 362 330 393 390 358 455 311 421 373 8
383 400 451 374 329 392 391 359 438 310 421 354 9
367 406 435 377 330 389 396 342 440 294 422 359 10
383 403 445 369 332 389 396 357 438 310 424 375 11
Chip#2
468 519 428 496 489 537 467 495 490 391 434 508 0
448 504 407 494 490 537 463 473 471 378 428 503 1
435 486 394 469 467 521 459 451 461 364 410 466 2
437 488 390 475 471 521 440 471 463 352 427 465 3
463 503 412 495 490 537 477 474 470 383 427 507 4
458 503 410 482 492 537 463 476 466 370 427 483 5
462 485 413 480 487 537 458 472 453 372 416 487 6
457 503 405 494 485 521 455 466 463 370 419 482 7
453 504 405 490 492 521 459 471 479 371 417 482 8
455 501 402 488 486 521 457 479 460 371 422 491 9
460 502 405 493 491 537 455 466 479 381 427 492 10
434 482 387 471 467 521 447 438 454 357 400 471 11
Chip#3
306 427 389 225 295 256 363 304 268 309 297 312 0
306 428 389 225 299 256 353 308 258 313 301 309 1
305 427 388 228 301 256 365 304 271 314 301 311 2
319 421 390 224 297 256 363 316 266 311 296 311 3
323 424 391 225 301 256 364 321 268 330 313 311 4
311 429 394 233 300 256 367 307 257 330 317 312 5
319 402 390 225 296 256 362 305 242 309 294 296 6
325 426 391 229 303 256 367 321 257 328 316 311 7
304 404 386 226 297 256 362 304 243 307 295 311 8
318 402 384 223 274 256 345 316 252 305 293 295 9
310 427 412 232 299 256 363 308 270 311 301 310 10
325 425 408 228 300 256 382 324 256 329 311 313 11
Chip#4
299 298 202 212 202 287 242 240 259 180 295 274 0
299 297 204 229 202 272 243 240 260 197 294 275 1
283 281 184 208 203 286 238 252 244 191 278 270 2
299 301 202 234 202 275 243 255 271 198 297 274 3
299 303 205 215 193 274 245 254 257 176 297 257 4
315 301 223 238 223 292 261 259 263 197 294 277 5
315 305 215 254 211 297 261 260 280 200 313 279 6
299 302 193 233 205 293 244 240 261 200 294 273 7
299 300 193 235 212 291 260 262 261 200 296 275 8
315 302 212 225 213 302 260 263 263 199 316 277 9
310 303 213 239 213 302 260 265 268 205 298 279 10
294 288 213 234 216 302 260 265 284 201 300 281 11
Chip#1
345 392 419 364 306 380 383 329 426 297 408 346 0
358 397 440 369 328 391 391 337 437 290 404 337 1
353 414 443 368 323 398 387 348 432 319 430 352 2
356 399 445 371 307 384 399 348 417 291 417 350 3
379 401 446 372 332 391 394 356 439 309 422 353 4
357 384 443 354 330 386 390 338 436 303 402 354 5
357 397 425 365 311 369 370 351 434 288 420 353 6
360 402 434 353 335 371 395 340 439 295 423 353 7
356 413 441 379 329 389 389 356 437 291 418 355 8
363 414 447 368 332 388 390 339 438 308 421 355 9
365 388 434 356 315 383 376 338 423 291 404 340 10
369 406 434 373 335 389 384 344 445 294 426 359 11
Chip#2
449 492 415 493 472 521 451 459 454 371 418 488 0
459 485 405 488 483 521 454 472 449 374 426 483 1
438 484 390 469 491 537 455 469 460 382 428 484 2
432 484 390 469 473 537 439 455 457 364 426 481 3
455 500 408 492 492 521 458 474 466 382 428 484 4
458 504 408 493 495 537 458 474 463 373 425 483 5
457 483 388 473 468 521 437 476 463 370 408 464 6
462 502 408 499 488 537 460 465 466 369 427 483 7
438 483 392 471 466 521 438 452 463 364 410 465 8
439 494 405 468 467 521 441 448 457 382 404 473 9
461 505 411 492 490 537 455 468 465 381 426 495 10
456 502 404 488 487 537 449 460 453 378 424 491 11
Chip#3
319 405 387 224 279 244 360 300 255 309 295 297 0
325 442 420 240 315 276 383 336 272 347 330 326 1
306 425 405 228 299 260 363 320 267 332 313 310 2
305 427 408 224 295 260 362 321 266 329 295 310 3
316 404 391 225 276 244 361 317 241 313 292 294 4
323 429 398 231 300 260 352 321 256 332 316 314 5
326 429 412 248 299 260 369 324 257 333 316 313 6
304 425 389 225 299 260 363 317 269 309 295 313 7
307 426 394 231 302 260 366 305 270 313 298 311 8
305 427 392 230 301 260 354 322 257 334 297 310 9
322 423 409 230 297 260 362 322 267 326 296 309 10
334 424 405 242 293 260 378 318 268 326 311 309 11
Chip#4
278 272 185 209 202 269 243 241 252 176 284 271 0
294 272 204 212 203 285 255 253 262 182 300 273 1
294 300 203 216 203 287 244 244 257 195 300 273 2
294 300 206 232 206 274 247 242 257 181 300 274 3
310 302 202 216 207 275 246 240 261 177 300 275 4
294 284 207 216 203 274 246 242 260 181 278 258 5
310 290 213 236 215 297 262 263 264 203 298 277 6
298 293 199 225 216 284 255 252 269 176 301 282 7
314 302 222 239 211 297 271 261 259 198 292 273 8
314 301 194 236 211 301 252 259 265 199 297 277 9
314 299 212 238 212 297 268 262 265 201 297 277 10
298 290 196 235 196 294 268 261 287 203 299 274 11
Chip#1
353 413 444 370 327 383 389 349 433 301 415 367 0
351 394 443 364 304 368 369 330 416 288 413 349 1
355 401 432 370 310 389 390 351 437 291 417 353 2
353 395 444 369 309 368 388 350 432 288 413 349 3
357 394 440 363 310 384 370 347 434 289 415 365 4
362 397 445 355 313 371 394 338 440 295 402 339 5
362 400 447 383 330 390 391 355 440 310 420 370 6
360 400 446 381 329 387 390 337 436 309 417 354 7
339 378 426 346 311 369 373 340 423 289 400 340 8
367 400 434 371 311 390 392 338 439 293 400 354 9
370 407 453 376 330 388 394 359 441 294 422 359 10
383 404 433 369 330 392 395 336 441 293 419 357 11
Chip#2
460 505 409 488 484 537 460 474 477 380 446 486 0
475 504 420 504 481 537 456 486 464 391 445 502 1
459 505 400 488 493 521 450 475 463 383 427 484 2
439 487 395 474 472 521 442 457 462 353 416 486 3
440 483 404 469 464 521 457 451 460 364 425 482 4
460 485 410 493 491 537 461 474 462 368 417 487 5
464 502 411 491 486 537 457 491 466 371 429 485 6
458 502 407 511 484 537 461 467 472 368 423 484 7
456 500 426 489 485 537 457 467 466 387 446 502 8
458 487 407 471 467 521 456 452 460 363 426 475 9
455 481 403 483 467 521 434 463 457 362 421 472 10
456 485 404 486 467 521 436 461 454 358 411 475 11
Chip#3
324 426 407 229 297 260 364 319 268 313 314 309 0
327 443 409 246 318 276 368 324 257 330 317 329 1
326 431 411 246 288 260 382 326 260 330 305 315 2
305 425 389 227 300 260 362 319 266 309 297 315 3
312 413 395 230 303 254 352 308 247 314 300 312 4
305 409 392 224 280 248 364 306 245 308 299 312 5
326 426 393 231 298 264 364 305 270 329 316 296 6
305 408 389 225 298 264 363 318 268 308 297 296 7
304 408 389 227 281 246 362 304 242 308 297 296 8
307 425 411 233 299 262 352 307 271 312 301 311 9
322 428 409 229 298 262 362 321 270 328 314 311 10
319 407 387 209 278 245 360 300 243 308 296 295 11
Chip#4
314 296 215 226 216 285 268 270 277 194 315 273 0
298 299 204 236 206 272 240 243 263 183 299 276 1
298 297 205 229 202 286 240 253 257 192 299 272 2
298 300 207 214 204 272 241 252 257 181 283 256 3
298 277 205 213 199 285 243 253 262 178 283 256 4
298 293 203 230 207 287 244 240 261 180 299 272 5
298 299 206 234 208 293 248 241 262 198 299 287 6
308 289 223 238 221 294 264 257 267 199 296 274 7
311 299 194 233 222 292 246 261 263 199 295 276 8
295 301 195 238 219 297 253 244 257 182 298 280 9
295 301 209 235 211 296 269 261 267 200 299 276 10
293 289 196 237 213 297 269 265 274 201 300 280 11
Chip#1
350 392 442 383 308 380 369 350 433 289 400 364 0
355 398 443 368 324 387 389 337 434 290 400 353 1
353 413 445 368 307 399 385 349 432 303 412 348 2
339 397 446 352 310 368 368 320 417 302 413 337 3
359 396 441 380 328 399 389 348 434 288 416 364 4
357 394 424 369 308 382 369 348 435 302 412 364 5
360 397 442 368 328 384 388 336 434 292 400 352 6
361 384 445 366 329 387 392 338 440 292 418 355 7
362 402 444 383 333 391 413 361 459 315 422 379 8
365 400 447 372 331 390 390 342 437 296 418 356 9
383 403 447 370 329 399 387 340 438 295 419 358 10
369 406 453 376 349 409 411 361 462 313 426 379 11
Chip#2
460 505 410 490 484 521 461 475 470 379 417 504 0
444 486 408 476 471 521 441 455 452 352 409 493 1
449 507 430 492 493 537 465 475 470 371 418 504 2
440 503 407 488 486 537 457 473 459 368 427 483 3
456 498 403 487 485 537 456 470 449 376 421 483 4
454 511 406 487 490 537 455 469 476 380 425 495 5
441 485 389 467 450 521 436 449 432 364 405 477 6
459 501 421 508 484 537 454 477 479 380 422 494 7
451 495 406 486 468 537 432 464 459 380 427 480 8
456 487 403 491 483 521 452 463 464 381 424 495 9
441 482 387 469 473 521 435 448 463 361 404 473 10
459 506 406 494 486 537 451 465 458 363 421 480 11
Chip#3
318 425 388 226 296 247 359 318 269 305 314 311 0
306 426 406 226 299 263 362 321 267 308 314 311 1
305 405 393 224 298 247 342 305 242 307 296 311 2
307 425 392 227 296 263 364 306 247 309 297 311 3
305 428 390 225 297 249 365 307 243 310 299 311 4
310 428 395 232 299 251 353 312 258 313 299 313 5
327 430 412 245 303 267 352 327 257 331 304 313 6
322 424 408 238 297 267 380 322 258 326 315 313 7
308 431 397 229 288 251 367 310 248 316 301 297 8
318 422 402 239 295 267 360 334 267 322 291 313 9
320 424 407 226 296 267 360 332 269 326 311 313 10
305 406 389 239 282 243 363 317 268 309 292 313 11
Chip#4
293 289 199 223 198 275 255 249 271 188 300 284 0
293 281 184 214 203 268 224 238 255 176 284 256 1
293 297 203 218 203 285 243 255 260 177 300 273 2
309 316 209 235 222 290 259 270 261 197 307 275 3
293 297 221 234 222 286 241 270 256 198 296 273 4
293 298 207 234 206 284 243 252 258 178 296 272 5
293 303 213 238 210 292 246 244 264 197 295 275 6
295 290 209 238 212 297 250 245 262 200 297 275 7
312 308 212 238 218 301 266 265 266 202 301 296 8
296 288 211 238 209 295 266 261 260 198 297 276 9
309 289 212 237 216 299 266 264 284 202 301 280 10
293 291 204 232 206 293 266 264 267 197 299 275 11
Chip#1
336 378 427 365 307 381 371 334 418 272 415 336 0
357 394 446 370 327 368 390 337 435 289 420 354 1
356 399 434 370 309 384 390 337 437 289 419 353 2
357 397 447 370 328 388 389 336 437 289 416 355 3
360 400 446 369 329 387 392 355 438 293 400 355 4
363 397 446 370 332 386 392 337 440 293 402 356 5
356 394 440 379 325 399 387 351 435 290 430 366 6
363 399 433 365 313 370 393 340 424 294 402 355 7
352 392 439 359 309 386 389 338 435 289 414 354 8
382 400 452 389 330 407 408 357 455 312 421 373 9
366 406 435 370 332 368 392 342 441 296 421 358 10
383 384 450 369 331 391 412 358 445 311 420 362 11
Chip#2
474 503 426 487 502 537 474 490 485 398 443 500 0
446 486 409 469 492 537 443 475 452 375 412 488 1
461 502 407 479 492 521 460 474 460 362 425 481 2
453 501 425 489 490 537 457 474 479 369 427 501 3
442 482 409 488 488 537 439 474 448 364 408 487 4
440 482 406 486 488 521 456 474 458 382 424 484 5
457 498 405 490 479 537 455 470 467 382 421 481 6
463 500 405 495 487 537 458 469 465 369 422 483 7
441 505 411 494 491 537 460 474 448 373 431 484 8
448 505 410 491 489 521 459 477 462 372 428 481 9
457 498 400 488 481 521 449 479 456 377 420 488 10
442 503 403 489 469 521 432 462 458 362 405 472 11
Chip#3
305 424 391 226 294 259 363 304 267 306 312 313 0
315 407 384 224 296 243 361 315 240 306 292 297 1
323 424 403 225 297 259 359 334 264 322 312 313 2
309 426 413 231 300 259 366 324 259 332 300 314 3
304 405 390 226 276 259 361 319 240 309 295 298 4
323 425 392 247 297 259 365 322 257 313 298 314 5
305 426 390 226 278 259 363 304 269 309 294 314 6
324 423 406 242 298 259 363 320 271 329 312 314 7
305 425 404 225 296 259 364 323 256 327 293 314 8
307 424 392 228 278 259 360 318 271 309 296 298 9
305 425 392 228 295 246 361 304 270 329 296 314 10
324 426 391 230 296 262 364 306 271 330 315 311 11
Chip#4
310 299 206 233 208 289 244 258 261 203 315 296 0
278 283 184 214 202 267 240 253 245 180 283 257 1
294 281 187 213 202 274 225 253 245 182 299 270 2
310 297 201 227 199 272 240 251 261 195 299 286 3
310 300 222 236 208 287 256 256 260 201 294 273 4
294 284 203 213 203 273 243 252 256 181 278 270 5
294 289 199 224 198 280 253 247 270 188 300 282 6
294 300 200 233 203 292 269 255 260 193 300 272 7
294 303 193 220 196 278 247 247 265 184 294 262 8
294 289 195 226 215 302 263 262 268 203 302 281 9
294 296 205 230 208 295 263 256 262 199 302 273 10
310 301 192 232 210 295 263 261 265 201 296 280 11
Chip#1
346 409 441 382 325 380 386 346 433 302 431 365 0
339 397 444 370 311 368 372 336 417 293 414 366 1
352 415 461 387 325 398 405 367 451 308 430 368 2
358 400 432 375 329 388 393 337 435 313 421 355 3
357 396 424 364 327 386 386 350 435 302 415 348 4
360 396 447 374 329 388 390 339 439 292 422 358 5
358 415 442 383 329 384 389 339 437 290 418 353 6
359 402 446 366 332 388 392 338 437 293 419 355 7
357 397 442 362 330 386 390 342 440 310 420 358 8
371 405 453 378 335 394 394 345 443 314 425 364 9
382 404 435 372 331 386 391 358 441 294 421 356 10
369 401 446 370 331 390 393 359 439 309 421 358 11
Chip#2
463 506 408 492 485 521 460 476 467 362 431 490 0
459 501 408 495 485 537 455 474 467 372 426 506 1
457 502 407 488 486 537 456 471 478 380 426 482 2
479 518 429 509 490 537 461 492 464 374 447 507 3
460 484 390 487 492 521 438 473 448 365 426 488 4
466 505 410 492 490 537 479 495 465 368 430 486 5
437 480 390 469 479 521 436 451 463 365 424 481 6
441 500 400 493 480 537 455 465 463 382 424 494 7
441 481 386 488 471 521 434 455 460 363 412 466 8
460 484 401 489 481 537 456 466 460 381 424 481 9
461 503 403 492 487 521 457 466 478 382 423 494 10
440 485 388 468 466 521 444 448 438 359 402 472 11
Chip#3
313 419 398 237 291 262 357 314 264 304 290 311 0
309 425 391 227 301 262 366 322 258 328 297 311 1
326 425 404 241 296 262 377 334 270 326 314 310 2
326 447 410 247 318 278 369 343 274 334 317 331 3
318 407 386 224 292 262 359 304 267 308 294 315 4
322 424 389 224 295 262 363 319 270 309 312 315 5
307 426 388 229 297 262 363 319 244 310 297 299 6
302 407 388 210 277 244 347 315 244 291 293 299 7
313 408 390 227 302 260 364 308 258 314 300 311 8
320 423 404 227 298 260 364 320 271 325 313 312 9
329 430 410 230 288 260 367 324 261 331 318 313 10
305 427 392 226 299 260 363 319 245 311 298 307 11
Chip#4
294 292 198 229 219 284 244 253 259 193 296 272 0
310 301 207 233 222 292 260 257 263 194 296 278 1
294 288 192 233 192 296 260 243 266 200 300 279 2
310 303 210 233 222 295 260 258 281 201 300 275 3
294 297 200 229 220 303 243 252 259 195 300 272 4
310 290 210 235 208 294 250 258 268 201 295 277 5
294 300 193 234 207 295 248 256 266 197 295 272 6
294 288 205 230 206 276 244 257 263 178 294 287 7
294 296 206 228 222 292 260 259 263 195 294 286 8
294 303 208 235 223 295 260 262 266 194 296 274 9
294 300 192 216 211 302 260 244 268 199 294 276 10
294 283 205 211 207 277 251 246 265 179 278 256 11
Chip#1
365 393 439 379 323 376 399 348 444 299 412 364 0
336 394 445 352 326 385 370 337 434 290 412 353 1
356 400 450 372 327 386 391 338 435 309 419 356 2
362 384 434 373 331 390 392 340 438 294 420 356 3
377 401 448 388 345 403 413 355 457 312 420 355 4
359 412 461 370 329 386 391 356 456 308 418 355 5
362 399 443 353 329 373 392 339 440 292 405 355 6
361 384 447 367 331 368 393 338 437 291 400 355 7
359 399 444 362 328 391 391 340 439 310 419 356 8
382 402 450 373 331 389 393 358 457 312 422 359 9
369 405 453 374 332 387 393 343 441 312 423 359 10
352 389 447 356 331 391 397 343 443 293 407 358 11
Chip#2
451 511 412 491 489 537 463 475 470 372 421 488 0
441 484 388 470 468 521 436 456 450 365 407 485 1
479 516 430 496 510 553 466 494 470 387 447 506 2
456 503 413 491 487 537 462 473 463 381 416 485 3
452 510 407 489 486 537 454 471 465 380 420 494 4
441 482 404 488 485 521 437 472 460 364 411 481 5
443 481 407 490 467 521 450 470 448 383 405 481 6
458 493 401 490 465 521 437 461 460 362 402 491 7
437 481 407 489 490 521 437 451 459 368 428 483 8
456 503 405 489 483 521 435 468 459 369 422 474 9
452 500 405 485 487 537 452 464 458 373 418 472 10
458 480 410 489 487 537 432 448 456 362 404 474 11
Chip#3
328 431 411 229 295 260 353 309 261 329 317 315 0
323 428 391 226 298 249 365 306 246 313 300 299 1
324 427 406 242 297 265 364 321 270 326 311 310 2
305 411 390 225 281 245 365 305 241 310 295 294 3
324 424 413 230 300 261 352 326 256 332 316 314 4
323 426 390 227 294 261 362 307 269 311 297 298 5
319 406 390 225 295 261 362 319 244 312 293 314 6
325 428 412 246 298 261 364 325 257 328 313 311 7
318 420 386 224 294 261 360 315 268 307 293 311 8
307 425 389 229 299 261 365 304 244 310 297 295 9
322 424 392 227 296 261 364 335 271 329 295 310 10
306 422 389 227 295 261 365 306 257 313 295 311 11
Chip#4
294 301 205 215 201 286 243 240 264 183 294 278 0
294 281 184 211 180 281 238 253 248 191 294 257 1
294 303 207 218 203 276 246 242 266 177 297 275 2
294 282 201 208 203 274 254 255 257 176 281 270 3
310 301 205 231 209 291 270 256 282 200 297 277 4
294 299 199 226 201 284 255 249 259 189 297 273 5
294 296 206 216 205 275 243 255 263 178 297 270 6
294 300 200 209 201 285 253 254 247 176 281 270 7
294 292 206 218 192 281 249 246 267 180 281 262 8
294 303 201 215 207 278 248 255 262 191 297 256 9
294 303 206 214 207 277 247 240 265 181 293 275 10
294 290 192 233 209 295 263 261 268 197 299 276 11
Chip#1
364 394 444 369 324 397 388 349 447 304 429 365 0
356 395 447 370 329 388 392 336 436 289 418 366 1
358 384 451 372 307 387 389 351 435 288 415 366 2
358 398 437 356 312 387 390 339 435 289 418 354 3
359 398 433 372 329 389 393 340 438 307 418 353 4
360 395 433 368 329 390 392 337 440 293 400 357 5
360 384 432 370 332 390 392 340 441 291 422 355 6
362 400 434 370 333 389 411 358 440 308 425 356 7
364 386 432 353 335 398 397 363 446 296 425 360 8
371 403 438 378 320 397 395 346 445 296 422 359 9
380 402 451 369 331 369 392 340 442 309 419 358 10
382 398 446 383 330 386 394 340 438 288 418 354 11
Chip#2
459 502 406 490 481 537 454 470 466 383 446 500 0
461 508 405 490 488 537 457 469 478 371 416 503 1
453 499 405 485 483 537 458 466 459 379 425 481 2
463 508 400 497 492 553 466 492 469 373 438 507 3
463 503 415 489 480 537 449 478 474 375 420 508 4
452 510 414 483 495 537 461 464 471 371 423 491 5
440 492 405 472 478 521 439 449 450 380 405 464 6
442 485 404 494 482 521 439 448 448 366 406 478 7
460 505 410 491 492 537 458 471 448 370 432 483 8
460 484 388 473 468 521 437 463 458 352 410 477 9
458 505 407 492 489 537 456 470 464 382 427 494 10
457 504 406 489 484 537 448 462 458 358 405 492 11
Chip#3
307 409 388 225 276 246 359 305 246 310 296 295 0
305 428 389 225 296 262 365 305 269 311 298 295 1
321 421 406 242 293 262 376 320 267 327 309 311 2
308 412 392 226 282 248 346 305 249 312 299 294 3
313 430 394 231 288 264 352 326 261 316 302 314 4
322 427 408 229 297 264 365 322 256 327 300 314 5
318 421 394 225 279 264 363 308 269 328 295 298 6
308 424 388 229 295 264 363 325 258 328 297 314 7
307 410 390 229 279 247 362 307 256 312 298 298 8
326 427 410 228 299 263 366 325 257 331 317 311 9
325 445 411 230 295 279 379 323 258 330 316 311 10
323 425 409 242 295 263 379 322 256 330 312 309 11
Chip#4
294 293 198 208 198 283 250 253 271 190 299 272 0
278 277 180 223 180 262 236 230 255 169 283 270 1
294 297 204 218 204 287 245 252 259 196 299 276 2
294 296 206 230 221 287 246 241 259 198 294 272 3
294 282 206 216 206 272 245 241 261 182 276 258 4
294 285 193 219 207 276 248 241 245 185 279 256 5
310 298 220 231 221 290 264 270 261 192 295 273 6
294 291 193 235 209 294 264 270 265 198 295 276 7
294 299 204 213 207 276 247 242 262 197 295 273 8
294 302 192 214 222 296 249 242 263 182 294 276 9
294 301 206 213 209 299 265 245 265 200 295 276 10
310 290 207 237 212 296 281 265 285 204 300 279 11
Chip#1
366 393 444 383 323 397 389 346 434 302 431 367 0
367 391 445 368 326 384 388 337 432 290 431 365 1
355 386 434 373 310 386 393 337 436 291 401 354 2
359 384 433 375 332 390 394 339 436 312 420 358 3
360 384 444 355 314 371 389 351 421 291 402 337 4
360 384 445 376 332 391 392 340 439 294 403 356 5
379 402 432 372 330 392 395 357 459 310 421 360 6
378 401 434 366 332 386 393 340 437 290 419 356 7
362 415 443 364 333 391 394 357 443 313 420 360 8
368 404 449 374 335 392 398 360 442 316 423 363 9
382 405 447 373 332 387 393 360 442 310 422 359 10
368 401 432 369 332 387 395 359 440 294 422 358 11
Chip#2
450 510 411 492 488 537 461 476 471 368 435 508 0
458 487 402 489 489 521 455 452 463 371 416 487 1
463 504 431 488 505 537 464 477 479 368 430 504 2
453 520 425 486 483 553 472 494 474 399 432 501 3
459 481 405 490 488 537 456 474 466 367 426 484 4
456 481 408 488 489 537 455 472 460 381 428 481 5
460 484 409 490 488 537 459 473 468 371 430 481 6
455 493 399 488 478 521 434 462 458 361 401 477 7
442 486 406 490 493 521 441 456 448 367 431 486 8
442 485 404 487 469 521 436 451 461 365 430 479 9
451 499 402 485 484 521 448 477 453 374 425 486 10
441 482 387 467 466 521 446 459 434 356 400 471 11
Chip#3
306 424 391 225 294 245 363 304 270 312 297 309 0
324 426 409 229 302 261 380 321 271 330 316 310 1
304 419 386 238 292 261 359 318 265 326 295 310 2
324 428 411 249 299 261 364 324 257 332 316 309 3
328 429 411 247 303 261 369 326 256 334 316 312 4
308 424 391 226 297 261 364 305 257 312 296 312 5
307 425 391 228 295 261 365 323 271 329 295 296 6
328 428 409 231 302 261 364 327 258 314 300 295 7
328 429 412 230 290 261 367 329 260 332 317 314 8
329 429 413 255 288 261 370 328 257 333 304 310 9
310 430 409 230 301 261 353 324 260 328 296 310 10
326 426 409 228 298 261 365 324 258 328 313 310 11
Chip#4
310 290 197 208 196 280 251 252 260 207 300 272 0
294 288 206 215 205 275 244 242 265 182 280 277 1
278 284 186 215 184 273 225 239 249 180 280 258 2
294 282 203 213 202 277 244 254 261 179 280 258 3
310 303 204 232 223 288 246 269 278 197 296 276 4
294 287 207 220 192 276 248 241 246 181 281 257 5
313 291 214 226 215 302 264 260 272 203 299 282 6
297 285 201 213 206 275 242 241 261 189 283 268 7
297 299 202 232 222 294 258 261 265 196 299 273 8
297 281 206 216 194 281 251 241 265 180 296 271 9
313 306 210 236 211 302 267 263 287 201 300 280 10
313 301 210 238 210 316 267 263 272 200 297 294 11
Chip#1
353 412 432 383 329 399 387 336 435 306 431 352 0
355 398 446 355 328 369 372 338 421 295 403 353 1
337 398 446 352 306 381 383 350 417 302 414 349 2
356 399 445 371 327 384 387 350 434 288 416 366 3
361 399 446 353 330 373 390 337 438 291 418 353 4
356 394 446 368 311 385 390 338 439 303 430 366 5
359 415 440 380 325 385 387 337 436 302 431 353 6
366 406 455 370 334 389 395 360 442 312 423 362 7
355 396 442 359 327 387 390 358 438 306 419 355 8
368 403 450 375 334 391 397 362 441 312 423 359 9
366 406 438 356 314 371 391 344 444 293 406 358 10
353 384 433 354 334 393 397 345 443 295 422 359 11
Chip#2
455 510 397 479 474 521 452 478 477 354 417 495 0
458 502 405 490 487 537 454 476 471 373 422 504 1
461 485 409 473 484 537 461 472 448 368 426 487 2
458 503 408 489 487 537 463 477 448 372 429 488 3
442 480 406 487 471 521 453 452 449 360 418 482 4
446 485 406 473 490 521 441 455 463 365 429 485 5
458 481 408 472 470 521 455 471 450 371 425 485 6
458 503 406 490 484 537 455 465 479 382 423 498 7
440 511 404 491 485 521 451 467 461 382 427 480 8
462 504 410 492 488 521 453 469 449 369 423 483 9
437 481 389 471 467 521 434 461 443 357 401 476 10
458 499 404 487 468 521 446 460 457 356 401 495 11
Chip#3
325 426 409 225 300 261 366 322 271 328 314 311 0
326 425 392 227 300 261 365 307 258 314 318 295 1
323 426 407 224 297 261 365 322 270 330 295 311 2
318 423 392 224 294 261 363 319 268 311 296 295 3
309 425 391 228 297 261 366 323 257 331 314 311 4
305 426 390 228 277 246 364 317 271 308 295 311 5
319 424 389 239 295 243 361 305 242 309 294 295 6
298 403 386 221 287 242 339 297 255 305 289 295 7
305 409 391 208 279 245 344 305 243 310 291 295 8
305 407 388 239 292 245 361 319 242 310 297 311 9
306 403 386 222 292 245 342 300 242 310 294 295 10
308 428 394 229 300 261 366 308 246 314 297 312 11
Chip#4
297 296 198 227 203 285 255 241 258 196 297 286 0
297 301 201 216 201 284 253 250 259 180 297 272 1
297 282 183 211 180 286 234 252 243 177 281 268 2
297 288 207 217 201 275 245 242 261 182 297 273 3
297 303 206 221 207 287 228 242 245 181 281 259 4
297 296 204 213 201 289 242 253 260 191 297 287 5
297 303 192 235 209 298 247 243 262 200 296 277 6
313 308 212 239 209 299 263 261 284 199 312 294 7
297 289 206 217 192 277 248 252 264 201 280 276 8
297 302 192 235 211 295 264 245 264 177 296 273 9
297 302 223 233 211 297 264 261 265 198 295 274 10
313 305 221 254 211 312 264 265 285 204 309 290 11
Chip#1
338 397 445 355 312 370 374 351 420 302 414 348 0
337 394 441 382 329 386 388 336 434 288 414 348 1
354 399 432 373 310 385 389 337 435 288 415 351 2
356 395 445 373 324 399 386 348 432 303 431 364 3
362 397 445 371 329 391 390 339 438 293 402 354 4
357 393 447 369 328 386 389 336 434 288 416 352 5
357 395 442 368 309 386 389 337 433 289 417 367 6
382 402 453 369 350 390 413 358 458 312 419 375 7
356 396 442 361 331 387 392 341 439 309 420 358 8
363 396 443 369 309 399 388 337 437 288 416 353 9
383 386 436 370 309 382 387 336 436 290 401 352 10
372 404 450 374 335 389 395 360 442 310 421 376 11
Chip#2
463 506 409 491 482 537 459 471 469 382 427 502 0
459 503 408 487 487 537 460 472 468 369 425 505 1
446 491 396 477 475 521 445 456 452 365 409 474 2
435 486 407 488 479 521 437 470 455 363 407 480 3
443 481 393 489 472 521 439 471 462 362 423 487 4
443 483 403 487 471 521 434 451 456 363 424 484 5
459 484 407 489 467 521 454 469 449 368 426 485 6
460 499 403 508 485 537 460 464 479 368 423 482 7
434 495 402 482 478 521 434 461 456 362 422 480 8
462 502 401 487 484 521 454 465 463 368 425 481 9
439 483 389 472 469 497 435 462 446 343 407 477 10
459 487 390 482 488 529 434 460 457 358 402 492 11
Chip#3
304 405 388 221 276 243 361 314 240 304 291 296 0
305 423 392 228 297 259 363 304 271 311 296 312 1
319 404 384 237 276 242 356 318 241 307 294 296 2
318 422 387 225 294 258 359 317 241 307 292 312 3
319 403 387 228 275 258 360 305 267 311 289 312 4
319 419 385 226 293 258 360 318 266 308 294 312 5
319 424 388 224 295 258 364 304 271 308 297 312 6
305 407 393 230 280 248 364 305 270 309 296 296 7
323 423 405 242 296 280 377 320 267 327 310 312 8
305 411 392 230 283 254 353 306 247 313 299 296 9
307 428 394 231 300 270 363 307 258 327 297 312 10
304 405 390 225 276 270 360 305 270 312 294 312 11
Chip#4
297 275 202 211 201 283 242 240 253 191 293 257 0
297 282 206 215 201 285 243 241 257 181 293 274 1
313 315 219 231 216 301 259 271 274 195 309 285 2
313 302 208 230 222 272 240 271 261 195 295 274 3
297 289 192 216 192 274 247 241 266 181 298 278 4
297 300 207 216 207 272 242 241 250 184 298 258 5
297 297 204 217 204 284 241 240 258 177 282 269 6
297 303 196 235 212 277 248 245 263 183 298 272 7
295 289 196 223 196 285 255 250 266 185 300 280 8
311 319 223 234 210 294 271 260 282 198 298 276 9
311 300 223 238 212 296 271 262 279 199 299 278 10
310 306 213 224 220 315 287 282 272 206 317 298 11
Chip#1
352 396 446 368 321 384 385 349 433 306 430 354 0
337 392 425 353 309 370 369 349 418 289 402 351 1
336 397 444 366 306 381 368 348 430 303 414 336 2
359 384 449 376 327 389 392 338 438 308 419 355 3
358 397 445 372 327 372 390 337 436 291 420 354 4
379 401 448 374 329 391 395 357 457 309 419 359 5
364 388 432 374 334 392 394 342 446 296 408 360 6
375 401 451 370 329 385 393 356 440 310 416 356 7
356 397 441 361 328 389 389 340 440 312 403 355 8
378 401 449 392 329 408 409 359 460 314 420 375 9
364 403 433 371 308 383 389 337 436 291 414 353 10
370 386 436 373 333 394 395 342 443 295 423 362 11
Chip#2
452 498 400 480 495 513 451 478 473 376 422 493 0
449 506 412 489 487 529 454 475 470 372 427 505 1
460 502 409 488 489 529 448 472 449 380 428 485 2
449 488 414 491 491 529 460 479 449 370 429 484 3
444 486 408 494 488 513 455 471 452 362 406 485 4
447 485 385 487 492 513 438 476 463 367 410 485 5
462 485 410 492 465 513 434 470 468 352 425 480 6
463 504 405 494 467 529 454 469 450 369 426 483 7
453 493 385 467 479 513 434 460 456 357 424 477 8
463 485 407 492 467 513 435 451 448 367 409 493 9
457 483 384 486 466 513 434 451 460 357 404 474 10
443 486 390 471 466 513 431 462 441 343 401 476 11
Chip#3
310 410 391 227 300 248 362 309 244 311 299 311 0
305 424 390 229 298 249 365 306 256 312 300 311 1
299 404 381 208 280 243 341 318 243 288 276 295 2
304 408 389 226 297 245 363 304 268 311 296 311 3
306 424 392 228 301 250 361 308 246 312 299 312 4
321 426 390 230 296 266 361 322 269 329 314 312 5
308 410 392 231 281 250 366 307 248 312 298 296 6
319 423 392 225 297 266 363 317 269 309 296 312 7
321 423 386 228 297 266 367 320 269 326 296 310 8
322 428 411 228 300 266 380 323 257 328 316 312 9
319 425 390 227 296 266 361 319 267 326 295 312 10
321 446 409 246 301 282 380 322 269 329 314 327 11
Chip#4
294 301 205 217 206 286 242 240 262 180 301 277 0
294 298 203 226 221 286 241 251 256 195 301 272 1
278 286 187 195 187 256 228 239 240 179 285 258 2
294 303 207 214 204 287 242 254 240 178 285 269 3
278 283 204 212 200 284 242 236 240 191 285 256 4
310 309 208 234 223 291 258 257 264 196 312 275 5
310 304 209 233 211 291 258 271 263 196 296 275 6
294 288 196 218 207 275 246 241 247 184 280 259 7
331 308 234 245 237 319 278 284 272 221 317 298 8
315 290 215 237 215 298 262 259 266 200 296 277 9
310 293 219 226 218 288 262 265 272 206 288 282 10
312 289 198 239 216 298 262 263 275 201 300 279 11
Chip#1
352 412 446 370 329 385 389 337 438 291 417 355 0
358 397 432 371 327 392 390 339 439 307 418 355 1
339 399 447 370 307 369 371 348 417 302 413 347 2
360 401 436 377 331 390 390 339 438 293 420 356 3
364 399 434 370 331 372 393 339 438 293 404 353 4
361 397 432 371 331 388 390 340 439 290 414 356 5
342 384 430 366 309 368 371 351 419 289 401 351 6
364 388 436 352 333 387 395 341 438 310 420 355 7
356 395 443 362 327 387 372 351 437 290 414 352 8
382 403 448 374 329 410 392 356 441 309 417 357 9
352 403 454 373 329 385 393 337 440 293 403 356 10
355 388 434 356 335 391 395 341 442 296 406 358 11
Chip#2
467 518 427 496 492 529 465 495 490 388 436 510 0
462 508 410 491 492 529 457 477 467 376 427 491 1
448 508 400 495 484 529 452 478 452 353 417 491 2
462 505 423 492 492 529 460 480 465 368 447 507 3
457 498 407 489 490 529 462 475 464 382 424 488 4
462 514 416 510 497 545 478 493 479 390 447 508 5
460 500 410 490 489 529 476 474 467 369 427 502 6
456 500 404 495 486 529 455 468 450 383 421 481 7
453 501 407 490 489 529 452 472 463 368 427 483 8
442 481 406 491 486 513 455 472 461 369 425 478 9
460 500 408 491 491 529 448 468 449 363 426 493 10
461 487 410 492 472 513 434 451 457 361 406 464 11
Chip#3
325 426 410 245 313 266 381 322 269 330 317 310 0
317 423 388 225 292 266 359 318 268 308 295 310 1
318 405 386 226 297 246 363 319 245 311 294 309 2
316 419 398 238 292 262 360 330 263 324 290 309 3
305 421 390 226 295 245 361 319 245 313 292 309 4
333 423 387 238 295 261 358 335 264 323 307 309 5
317 419 384 236 290 242 357 312 255 306 291 293 6
307 423 389 226 296 258 361 318 269 314 295 310 7
324 427 392 229 299 258 364 304 268 310 297 310 8
318 424 389 227 299 258 361 320 271 327 313 309 9
305 423 391 226 297 258 363 304 270 311 293 309 10
299 413 383 218 272 243 341 296 254 305 286 293 11
Chip#4
296 301 205 216 206 273 247 242 260 198 295 279 0
296 301 198 211 200 283 254 250 270 176 295 284 1
296 297 197 229 200 285 241 240 254 178 295 275 2
296 281 188 214 201 287 228 237 254 177 279 271 3
312 296 206 230 201 284 260 267 271 194 295 273 4
296 296 201 230 219 289 260 252 259 193 295 273 5
312 304 211 239 213 293 260 257 280 199 298 278 6
312 290 211 237 211 295 260 260 265 197 296 287 7
293 302 199 221 196 278 251 252 266 184 280 260 8
293 301 192 218 195 278 249 247 258 182 296 274 9
293 280 193 237 210 280 252 258 265 182 296 272 10
312 308 210 226 229 299 268 263 285 202 317 294 11
Chip#1
350 396 441 367 308 383 372 347 434 303 414 349 0
357 412 445 369 329 388 387 336 456 307 418 353 1
340 399 433 355 314 371 374 338 438 289 401 339 2
362 385 432 372 333 390 390 340 440 312 422 356 3
359 396 444 368 329 388 388 339 436 290 401 354 4
355 393 444 366 325 382 386 350 435 289 412 352 5
362 402 432 371 331 389 392 340 439 293 419 357 6
358 413 447 383 332 386 392 337 437 292 419 354 7
357 393 444 361 331 389 372 336 439 290 401 356 8
365 385 435 372 334 374 393 342 442 295 422 357 9
369 386 434 372 331 388 392 340 441 293 424 356 10
363 397 441 362 325 388 389 336 437 289 417 367 11
Chip#2
441 484 408 470 466 513 460 473 466 365 427 483 0
461 500 406 484 488 529 455 472 466 370 424 484 1
461 501 428 484 490 529 461 475 466 380 425 482 2
459 504 409 491 486 529 458 473 463 383 429 484 3
460 483 411 489 491 529 457 474 466 382 428 485 4
475 503 405 506 505 529 458 488 464 370 444 498 5
463 486 409 474 472 513 440 474 449 355 430 469 6
459 482 403 489 466 513 438 464 463 379 403 481 7
460 505 416 490 480 529 461 474 468 386 433 504 8
460 501 407 486 471 513 454 462 462 366 421 481 9
461 502 410 490 488 513 456 469 468 363 426 480 10
459 505 409 487 487 529 435 452 459 363 421 464 11
Chip#3
306 424 391 230 295 259 364 319 268 310 297 309 0
318 404 370 221 277 242 343 315 255 311 275 293 1
321 421 403 252 295 258 377 321 267 325 311 309 2
316 403 387 236 277 240 362 318 253 319 293 293 3
326 426 409 248 299 256 365 323 258 332 318 312 4
311 429 392 231 298 256 352 306 257 334 303 312 5
321 420 390 227 297 256 364 321 268 326 293 312 6
309 427 394 231 300 256 352 307 258 314 298 312 7
307 425 392 228 299 256 364 306 245 313 296 312 8
306 425 390 227 295 245 363 306 245 310 296 312 9
322 425 405 240 293 261 361 321 270 327 309 312 10
319 423 390 209 277 249 362 304 245 311 297 296 11
Chip#4
312 296 204 214 223 286 255 257 260 196 301 275 0
296 300 207 233 206 274 244 240 260 200 301 276 1
296 299 206 234 222 287 241 255 259 195 297 277 2
296 273 192 222 193 278 231 243 243 182 298 262 3
312 297 210 236 223 290 263 269 278 197 309 273 4
312 301 205 232 209 274 248 258 260 198 296 274 5
296 302 206 215 220 293 247 255 260 195 297 275 6
311 288 207 222 209 299 263 262 263 202 301 276 7
295 303 196 237 214 297 263 264 265 202 300 276 8
311 288 196 237 213 298 263 261 266 196 296 274 9
311 319 214 237 214 299 263 262 270 203 297 277 10
310 317 217 240 231 309 279 281 286 222 316 297 11
Chip#1
351 396 443 367 310 383 370 351 434 288 400 336 0
356 394 443 375 325 388 388 353 435 307 416 352 1
353 396 445 368 305 384 389 349 434 288 413 348 2
360 402 452 391 346 390 393 357 438 309 421 356 3
365 401 448 373 330 389 391 339 439 291 418 356 4
363 397 447 375 330 392 393 341 443 291 423 358 5
361 400 445 371 327 386 393 339 440 291 419 356 6
504 536 606 507 463 506 511 446 539 387 496 434 7
360 396 442 364 327 387 392 357 439 307 421 359 8
359 394 442 368 307 385 386 338 434 290 413 367 9
370 407 436 374 333 370 395 343 446 295 424 358 10
383 400 448 372 329 390 395 357 440 310 418 357 11
Chip#2
461 505 408 487 489 529 455 470 471 382 446 506 0
457 487 389 470 466 513 438 451 461 367 424 487 1
461 504 411 491 489 529 478 472 477 381 427 482 2
458 502 411 488 487 529 479 474 479 382 431 486 3
438 495 390 469 472 513 440 456 458 363 409 481 4
460 506 411 493 493 529 457 474 461 369 431 504 5
456 501 420 486 495 529 452 467 478 381 425 480 6
458 498 401 491 482 529 457 466 479 378 423 484 7
460 486 414 494 488 513 460 471 453 371 418 492 8
438 483 385 467 476 513 435 449 456 363 406 475 9
454 497 403 485 482 513 461 476 456 353 418 489 10
456 499 403 485 483 529 445 479 454 358 420 491 11
Chip#3
304 424 386 225 298 248 363 307 244 311 296 312 0
303 407 388 225 280 244 347 307 246 308 298 296 1
326 430 413 232 288 260 354 329 260 331 290 312 2
306 421 390 226 300 260 364 322 271 327 294 312 3
323 422 404 240 299 260 382 326 270 328 311 311 4
305 424 387 224 294 246 364 306 243 313 297 295 5
318 403 384 224 276 243 359 317 240 306 292 295 6
305 404 389 227 298 259 362 306 241 307 294 310 7
319 421 388 226 296 259 363 322 268 307 296 310 8
316 422 386 237 295 259 361 321 267 323 293 310 9
305 426 391 229 300 259 366 321 271 331 299 311 10
308 431 396 230 302 259 352 311 260 316 303 297 11
Chip#4
294 285 201 213 200 266 255 251 254 178 284 257 0
294 303 207 233 223 290 247 244 263 199 301 280 1
310 300 205 230 204 272 248 242 261 181 296 260 2
294 299 202 220 206 273 228 244 245 181 296 271 3
309 289 211 237 210 275 248 259 266 201 296 279 4
293 300 201 214 204 272 241 252 260 176 296 270 5
293 302 207 216 192 277 245 242 262 203 280 256 6
309 288 206 237 209 294 261 262 263 192 299 275 7
293 299 204 219 208 277 244 263 264 184 295 259 8
293 291 206 239 213 280 251 243 263 182 296 275 9
293 290 208 225 215 300 267 264 268 207 288 283 10
293 281 206 232 192 278 250 246 264 178 297 276 11
Chip#1
336 394 444 370 328 399 392 336 437 289 403 353 0
338 392 444 367 325 386 385 349 447 291 418 367 1
366 412 441 383 315 396 386 346 446 302 428 364 2
356 394 446 352 311 383 387 336 416 291 418 353 3
358 397 443 368 328 387 390 336 437 309 419 367 4
356 397 432 371 329 387 391 336 438 289 419 356 5
359 394 440 383 324 398 387 336 434 290 430 367 6
363 405 450 353 320 388 396 340 438 311 423 357 7
356 394 440 381 330 387 389 338 440 308 419 354 8
364 398 447 372 330 391 392 339 439 294 420 358 9
379 403 448 370 328 384 386 354 434 306 417 373 10
381 401 445 369 331 387 392 342 439 309 421 354 11
Chip#2
448 507 410 493 483 529 460 474 468 380 446 489 0
445 491 410 493 473 513 458 477 453 372 429 487 1
432 489 412 473 479 513 444 473 450 364 411 487 2
438 486 413 470 471 513 438 473 460 362 426 484 3
456 504 409 488 488 529 457 468 468 379 425 502 4
457 497 406 490 483 529 458 470 458 379 425 486 5
473 500 427 509 486 529 458 472 465 382 446 499 6
459 499 404 480 484 529 456 464 476 381 421 482 7
451 501 405 486 480 529 457 468 459 377 445 498 8
441 482 386 470 478 513 435 463 445 362 405 479 9
463 505 409 491 490 529 453 452 469 378 430 494 10
461 488 411 491 468 529 439 451 460 363 424 482 11
Chip#3
313 401 389 239 295 246 362 318 244 308 293 297 0
305 426 387 225 298 262 365 322 271 311 315 313 1
317 426 386 226 300 262 363 321 268 329 296 313 2
304 423 388 225 294 262 362 304 271 310 295 297 3
315 404 384 225 277 245 342 317 241 312 295 297 4
327 446 412 249 306 277 370 328 279 334 304 332 5
317 400 384 224 295 261 360 316 264 307 289 300 6
324 428 410 232 299 261 369 322 257 330 318 313 7
319 405 388 225 297 261 361 306 243 312 294 297 8
305 422 390 225 296 261 365 319 246 312 297 297 9
315 403 399 219 277 246 360 316 253 306 291 297 10
325 428 392 228 301 262 353 323 256 332 316 311 11
Chip#4
293 297 198 210 196 285 240 251 258 176 297 286 0
293 291 193 237 203 274 246 242 269 201 299 281 1
293 275 182 214 196 282 254 251 258 191 283 266 2
277 282 180 211 197 283 238 236 242 187 283 268 3
309 299 205 233 221 274 270 240 262 177 295 275 4
311 305 208 236 212 293 270 261 283 198 317 293 5
279 284 203 217 201 287 241 240 262 177 301 273 6
295 289 207 235 211 296 249 243 266 179 295 274 7
295 303 192 215 193 279 250 264 267 182 297 259 8
295 285 196 224 216 298 253 245 266 179 299 260 9
295 289 194 236 209 295 269 262 285 201 297 281 10
295 302 192 216 205 276 269 259 267 182 296 274 11
Chip#1
348 377 426 367 308 380 368 331 416 285 414 347 0
360 401 434 375 331 391 394 357 438 311 423 358 1
355 415 448 368 323 385 388 367 434 319 430 367 2
341 397 433 355 311 368 390 350 420 289 400 349 3
362 397 446 371 331 390 392 337 437 309 419 354 4
358 414 449 375 331 390 393 360 438 310 418 355 5
359 397 442 383 329 388 389 341 438 293 419 355 6
381 405 453 372 337 391 411 361 443 312 422 360 7
356 395 441 363 329 387 391 355 439 307 419 355 8
367 399 447 373 312 373 393 339 441 294 405 356 9
382 403 450 371 329 386 390 356 438 309 420 354 10
382 414 446 368 328 390 394 357 438 308 421 355 11
Chip#2
450 504 410 492 486 529 458 495 470 369 432 488 0
467 507 409 492 490 529 452 475 465 372 443 506 1
451 506 430 494 497 529 452 475 470 369 416 507 2
438 502 406 490 484 529 455 472 460 362 427 484 3
443 483 392 494 472 513 460 457 448 366 410 487 4
456 501 405 494 487 529 459 472 456 379 425 483 5
458 485 406 488 483 529 436 469 468 379 425 484 6
462 503 404 493 495 529 455 467 464 380 421 481 7
437 485 404 488 485 513 458 450 460 368 430 484 8
459 504 405 492 485 529 456 468 461 363 425 484 9
462 504 408 492 486 513 434 452 449 362 409 477 10
432 508 407 493 474 513 439 454 461 361 411 483 11
Chip#3
318 405 387 236 294 242 363 317 240 307 293 295 0
317 406 389 239 295 258 363 305 270 307 293 311 1
319 420 386 234 293 258 359 304 264 307 292 311 2
306 426 391 227 301 258 366 325 256 329 298 311 3
318 402 386 238 292 258 359 317 241 305 291 295 4
324 428 408 226 298 258 381 324 256 328 316 311 5
305 425 392 228 297 258 366 306 268 327 295 295 6
306 428 405 228 294 258 381 321 269 328 313 310 7
320 420 386 239 293 258 375 321 267 325 291 310 8
315 423 403 239 295 258 357 321 266 335 311 310 9
305 428 390 224 297 258 365 323 268 330 295 310 10
307 428 410 227 299 258 365 328 258 332 317 313 11
Chip#4
295 286 200 209 199 269 253 255 260 190 296 274 0
295 299 206 236 202 275 243 254 261 199 299 278 1
295 301 206 215 205 287 246 242 267 180 299 279 2
295 282 206 229 200 286 245 254 261 176 297 276 3
295 297 202 213 205 273 245 253 259 178 297 274 4
295 301 193 236 221 272 246 243 265 178 298 273 5
295 300 192 218 205 275 244 241 262 177 298 275 6
295 283 205 216 204 278 246 243 246 179 293 257 7
295 288 196 217 194 277 252 262 266 200 296 276 8
295 302 192 218 194 278 253 245 265 180 297 277 9
295 302 207 237 212 295 269 261 269 201 298 277 10
295 302 207 235 196 295 269 263 286 202 297 279 11
Chip#1
365 412 443 370 325 397 387 352 435 307 431 355 0
357 398 447 370 326 388 390 341 439 310 417 356 1
354 413 450 373 322 388 387 337 436 306 431 352 2
356 412 445 371 326 389 390 336 435 310 415 354 3
360 399 446 368 329 387 391 337 434 292 402 355 4
355 393 440 367 306 382 387 351 432 303 412 350 5
357 396 444 366 309 386 388 338 438 294 400 355 6
360 385 434 365 331 385 390 339 438 288 401 354 7
360 401 443 364 329 390 390 343 442 295 421 360 8
377 401 462 392 330 408 410 358 460 309 420 375 9
381 404 463 371 326 385 391 356 439 310 420 357 10
383 399 446 371 330 389 393 339 441 311 419 356 11
Chip#2
461 507 408 486 492 513 462 475 470 382 435 485 0
441 483 387 469 469 513 439 469 448 367 408 488 1
460 483 393 468 488 513 457 473 448 365 423 484 2
454 503 407 487 488 529 458 472 448 370 431 486 3
441 482 405 489 488 513 456 474 451 362 425 482 4
458 499 409 487 492 529 455 472 464 368 430 483 5
457 498 402 487 484 529 455 468 478 381 445 483 6
453 480 402 487 482 513 454 465 460 379 419 472 7
436 485 408 472 471 513 437 470 463 369 423 482 8
455 503 402 486 490 529 458 468 461 369 424 495 9
442 483 403 469 472 513 434 449 463 361 409 478 10
461 505 405 486 487 529 433 479 459 375 421 492 11
Chip#3
314 403 368 236 275 240 358 314 252 319 291 297 0
306 428 392 229 302 256 367 307 246 314 301 310 1
305 411 391 231 301 256 365 309 259 314 299 296 2
309 408 394 227 300 256 353 310 257 314 300 295 3
315 403 387 237 277 256 359 319 240 308 293 295 4
319 404 389 224 295 245 361 318 267 309 294 295 5
312 403 399 236 276 243 360 317 255 319 290 295 6
315 401 398 236 278 242 356 316 240 304 291 295 7
326 428 406 246 299 274 382 325 256 328 314 311 8
319 407 388 226 281 246 360 318 241 306 295 311 9
304 411 390 229 283 246 365 306 245 313 297 295 10
318 423 388 229 296 262 363 319 265 308 294 311 11
Chip#4
295 302 196 225 195 281 240 250 256 192 297 287 0
295 298 203 236 203 286 245 254 260 195 296 276 1
295 288 194 215 208 276 246 241 261 199 298 279 2
295 299 204 230 202 272 244 254 261 176 298 272 3
295 298 201 216 205 286 243 240 261 181 298 272 4
295 300 200 211 203 287 242 254 257 190 298 287 5
295 300 192 218 193 278 249 241 241 184 295 259 6
293 290 194 235 222 279 250 243 266 179 300 274 7
309 306 208 236 212 298 266 263 282 195 298 278 8
293 289 207 229 210 296 266 242 265 180 295 277 9
309 304 214 238 213 300 266 265 284 200 315 295 10
293 302 205 236 211 295 266 262 267 199 294 277 11
Chip#1
366 395 460 382 324 396 388 348 432 300 430 367 0
358 398 444 370 327 388 390 339 436 290 401 357 1
339 399 432 367 307 372 389 350 417 302 413 337 2
341 397 447 352 312 369 373 348 419 290 415 351 3
359 397 444 370 329 390 391 354 438 291 420 354 4
360 398 446 355 328 387 391 340 436 290 401 355 5
378 403 445 370 330 390 412 358 454 311 421 376 6
358 398 446 363 330 369 391 338 436 293 401 356 7
360 397 443 352 329 390 392 358 441 310 401 360 8
364 384 434 376 328 390 395 343 442 295 403 357 9
367 407 437 375 329 369 394 341 440 295 422 358 10
383 401 447 368 331 387 392 357 439 289 402 358 11
Chip#2
466 507 429 509 489 529 477 477 470 383 434 508 0
460 500 412 488 487 529 460 471 465 383 429 490 1
466 504 429 490 508 529 464 477 467 383 429 486 2
438 495 393 471 465 529 440 458 461 366 425 479 3
460 483 410 492 492 513 459 473 448 363 405 487 4
445 484 395 475 478 513 443 458 450 367 412 468 5
445 481 412 471 467 513 437 472 450 363 407 485 6
451 506 412 493 488 529 457 471 451 370 428 489 7
457 495 404 482 483 529 451 468 475 379 429 480 8
460 497 407 487 484 529 456 472 476 381 423 483 9
436 511 403 485 483 513 444 461 457 357 401 472 10
441 482 388 468 465 513 416 449 437 356 402 475 11
Chip#3
304 402 386 239 275 262 364 304 242 305 296 311 0
325 429 393 230 299 262 369 326 271 316 305 312 1
324 424 390 227 295 262 364 322 267 313 300 312 2
306 410 387 226 280 248 365 318 243 310 298 296 3
306 408 394 229 299 264 366 305 256 313 299 310 4
316 403 398 238 275 264 362 318 254 305 293 294 5
306 424 391 226 297 264 364 305 269 311 296 310 6
306 425 390 226 296 264 362 322 256 326 314 311 7
307 424 388 227 297 264 363 307 269 311 299 311 8
304 425 390 225 295 264 363 333 269 306 312 311 9
304 421 392 226 292 264 364 318 269 308 294 311 10
309 423 390 229 298 264 366 305 270 327 296 311 11
Chip#4
293 284 204 213 203 286 245 243 259 182 297 257 0
293 284 185 211 198 268 237 236 243 177 281 270 1
277 281 185 209 187 267 226 254 243 176 281 271 2
293 303 202 214 206 272 245 242 258 177 281 256 3
293 283 184 216 205 287 243 240 242 176 277 271 4
309 301 206 235 207 288 246 256 261 196 294 275 5
293 288 197 238 214 294 247 245 266 183 297 276 6
293 309 195 234 210 294 246 261 263 194 297 276 7
293 290 206 235 210 280 262 265 267 198 297 280 8
277 285 193 220 194 280 252 243 251 181 285 261 9
309 288 212 239 215 296 268 265 256 204 300 275 10
293 300 206 212 193 294 268 244 267 176 296 275 11
Chip#1
349 395 427 367 311 382 371 334 416 287 415 351 0
338 395 427 352 311 372 373 337 418 291 404 337 1
355 415 433 371 325 388 390 337 434 319 416 353 2
337 397 447 383 311 368 370 351 417 303 413 350 3
360 396 443 383 329 386 387 336 433 303 414 367 4
376 415 445 370 331 387 392 356 437 289 418 355 5
357 414 443 379 325 388 387 350 436 288 416 367 6
357 399 446 362 330 383 391 336 434 300 415 367 7
362 398 445 366 332 396 396 345 443 294 422 363 8
379 400 451 374 329 409 392 357 440 309 421 357 9
365 399 445 367 310 386 390 337 436 292 403 356 10
368 402 444 383 328 388 394 339 438 291 420 356 11
Chip#2
462 507 415 491 488 513 461 476 469 370 419 488 0
459 498 406 490 482 529 452 471 464 381 442 500 1
438 483 407 468 487 513 437 469 460 361 423 480 2
435 483 388 471 466 513 438 469 459 362 406 464 3
434 490 387 466 479 513 447 452 458 356 402 493 4
439 495 390 470 488 513 434 454 456 363 426 484 5
447 485 393 472 471 513 441 457 450 367 412 467 6
448 504 429 497 489 529 477 471 471 368 417 485 7
442 501 410 488 468 513 434 451 449 368 428 485 8
438 493 401 488 468 513 449 449 456 378 419 474 9
457 493 402 467 468 513 446 463 456 355 422 473 10
448 506 412 493 493 529 452 449 459 364 426 481 11
Chip#3
322 443 410 229 298 264 380 320 259 327 316 326 0
321 443 407 245 317 280 379 320 273 330 314 311 1
305 425 388 226 297 264 361 309 269 312 297 312 2
319 421 405 224 297 264 362 304 268 325 294 312 3
333 421 386 240 295 264 362 318 265 322 310 312 4
319 425 389 230 297 248 364 306 247 312 298 312 5
334 423 386 228 294 264 364 320 265 325 290 312 6
318 422 384 238 295 264 359 334 267 306 294 312 7
308 406 390 226 299 264 364 308 240 309 296 289 8
309 427 391 246 302 264 368 324 258 327 316 311 9
319 402 399 238 278 245 360 313 255 306 291 295 10
304 422 386 228 298 261 363 306 257 327 296 311 11
Chip#4
293 302 202 213 198 272 243 241 264 179 296 257 0
293 300 187 211 198 265 254 240 258 177 296 273 1
309 297 202 226 198 281 242 249 259 188 296 287 2
309 298 222 231 220 290 258 270 260 194 296 284 3
309 298 203 236 203 273 244 255 258 191 296 272 4
309 315 209 237 223 292 260 254 264 196 296 274 5
293 282 205 214 201 274 240 255 259 178 280 270 6
309 288 210 239 209 296 256 263 264 202 298 277 7
309 307 223 234 209 297 256 262 281 199 314 275 8
293 283 194 222 193 280 251 248 249 178 280 261 9
293 288 194 218 196 281 252 244 268 203 298 277 10
293 303 193 216 210 297 268 263 263 199 297 278 11
