Chip#1
111 108 109 107 111 109 107 111 107 104 107 108 0
114 108 111 108 105 108 111 112 103 107 110 107 1
115 102 114 108 112 109 111 112 111 111 106 103 2
108 108 122 591 198 108 107 286 306 108 110 107 3
112 108 116 351 114 109 112 220 247 112 107 104 4
107 108 112 104 103 104 107 112 109 106 102 103 5
103 94 102 98 100 99 98 107 99 104 103 98 6
104 101 106 151 118 105 108 192 236 106 103 103 7
108 108 114 212 155 105 108 428 324 104 107 101 8
104 108 106 107 108 103 103 116 113 103 103 98 9
117 108 117 112 114 108 115 122 111 112 113 112 10
115 105 112 106 106 109 107 110 105 104 109 15000 11
Chip#2
109 102 113 110 102 106 111 100 110 110 104 105 0
104 100 106 107 101 102 104 100 102 104 100 97 1
105 101 108 106 101 102 105 99 105 104 100 103 2
103 102 106 103 137 107 104 100 124 128 101 103 3
106 98 110 110 136 109 107 100 131 135 100 104 4
100 97 101 103 100 103 103 100 102 103 96 100 5
109 103 109 104 102 102 104 100 109 110 97 102 6
106 97 104 108 102 100 101 99 115 106 101 100 7
104 111 111 111 102 109 111 100 152 140 105 104 8
103 101 107 107 102 103 104 100 112 108 99 102 9
105 102 108 103 101 102 104 100 107 104 96 99 10
104 99 102 106 101 101 106 99 102 104 94 15000 11
Chip#1
108 103 103 101 105 99 106 105 102 104 102 101 0
112 108 106 104 107 99 107 111 102 103 102 103 1
104 108 104 106 106 98 103 112 99 107 103 99 2
111 108 123 602 199 101 107 289 305 106 107 106 3
102 101 103 342 103 98 102 212 234 102 101 95 4
114 108 113 112 113 109 110 116 114 112 111 108 5
101 101 104 99 102 93 107 105 102 101 101 96 6
104 96 99 145 113 89 103 182 234 102 95 97 7
112 106 113 222 161 100 110 426 327 111 105 108 8
104 108 114 110 107 106 113 124 121 111 110 104 9
107 99 109 104 105 106 110 107 107 106 103 101 10
111 99 109 103 103 97 108 108 98 107 102 15000 11
Chip#2
108 105 109 107 101 102 107 100 109 107 99 101 0
99 103 103 98 98 98 104 100 104 106 95 104 1
100 106 101 104 99 101 106 100 102 101 100 100 2
98 101 108 101 135 104 99 100 123 124 95 99 3
98 101 104 104 124 107 103 99 124 130 94 99 4
99 97 101 103 101 97 101 99 104 101 94 96 5
108 103 111 108 101 106 108 100 110 112 101 105 6
103 99 108 101 101 106 103 100 117 108 94 103 7
110 105 109 110 113 113 106 100 157 140 104 106 8
100 102 104 104 104 102 102 100 112 108 97 102 9
110 103 110 108 104 111 105 100 110 109 106 107 10
102 97 103 97 100 98 101 99 103 104 91 15000 11
Chip#1
107 108 108 106 105 101 111 111 107 107 105 106 0
115 107 112 108 112 108 115 108 107 113 105 108 1
104 96 103 102 101 97 101 111 98 103 102 101 2
106 102 122 589 194 101 108 284 300 111 105 104 3
102 98 108 346 108 103 107 216 242 104 102 101 4
112 108 113 106 108 108 110 115 113 109 105 104 5
101 101 102 96 101 94 100 105 102 100 99 98 6
106 99 109 152 117 99 106 192 243 104 103 99 7
117 108 120 223 167 108 115 432 334 114 111 109 8
112 108 116 112 111 100 112 118 117 104 106 107 9
107 101 112 101 107 104 108 107 107 103 103 104 10
115 108 116 107 108 105 107 112 110 109 107 15000 11
Chip#2
106 106 108 106 100 106 107 100 107 106 104 102 0
93 94 99 96 96 93 94 95 98 101 92 93 1
106 105 108 107 96 104 107 100 112 106 104 105 2
101 97 101 102 133 104 101 100 117 119 94 101 3
100 100 109 109 128 108 105 100 131 137 101 109 4
100 101 106 104 100 98 99 99 102 103 95 101 5
103 102 107 107 102 101 103 100 109 103 97 99 6
100 98 106 102 102 98 103 99 117 106 100 100 7
98 96 102 99 102 102 98 99 144 132 97 94 8
103 100 103 104 102 108 106 99 117 108 99 101 9
109 107 114 111 102 109 111 100 112 108 107 107 10
106 106 114 108 102 104 107 100 113 109 104 15000 11
Chip#1
104 99 106 101 97 98 102 105 94 101 101 101 0
104 108 108 98 106 105 106 111 103 103 103 107 1
107 108 109 104 105 104 110 110 110 112 103 101 2
111 105 126 604 203 106 112 296 310 106 111 107 3
108 106 111 346 109 105 108 222 241 106 105 104 4
107 103 109 101 106 101 108 107 105 103 99 102 5
106 98 103 103 105 100 107 106 103 98 101 99 6
103 103 109 152 123 100 110 191 242 103 102 103 7
106 108 109 222 163 104 111 430 330 106 103 107 8
103 108 106 106 102 99 107 118 111 103 103 101 9
102 99 99 93 99 94 105 102 97 100 94 96 10
100 108 106 102 101 95 103 106 103 102 101 15000 11
Chip#2
99 100 99 102 100 101 101 100 100 101 94 93 0
98 100 101 103 100 102 101 99 107 102 100 100 1
99 99 103 102 96 101 102 100 103 99 97 97 2
95 97 100 101 134 106 101 99 122 119 92 101 3
106 97 104 106 131 108 107 100 132 130 97 101 4
94 97 97 101 97 98 97 100 102 97 96 96 5
99 103 106 106 97 104 107 99 108 107 97 102 6
102 99 103 103 97 102 101 99 118 110 101 99 7
97 98 101 103 97 102 102 99 147 129 96 96 8
104 99 108 103 113 104 106 100 112 104 99 97 9
100 102 107 104 104 101 108 100 105 102 97 102 10
102 102 107 104 101 102 103 99 107 108 99 15000 11
Chip#1
112 106 109 102 111 100 103 106 110 106 103 108 0
111 108 109 106 106 101 107 108 109 103 102 102 1
110 108 111 101 105 103 112 110 107 112 106 102 2
108 99 118 594 192 101 105 286 305 107 102 102 3
106 108 112 344 113 103 108 218 246 108 105 103 4
110 108 116 101 108 106 107 112 110 111 106 104 5
103 99 104 97 105 98 106 102 101 96 101 98 6
108 108 111 159 126 108 110 193 247 106 109 107 7
107 106 116 226 163 105 108 426 332 108 106 107 8
104 108 112 109 109 106 107 120 117 109 105 102 9
102 102 106 98 100 99 102 106 101 100 97 98 10
103 99 104 99 103 94 103 107 99 100 99 15000 11
Chip#2
103 100 102 102 101 106 106 100 108 104 101 102 0
102 98 101 99 100 102 99 99 105 104 91 99 1
104 103 109 106 100 106 107 100 114 113 101 107 2
110 105 108 108 142 113 102 100 126 124 100 102 3
98 95 104 106 130 107 99 99 131 129 99 99 4
103 103 107 101 104 103 102 100 107 107 101 103 5
103 105 109 104 88 103 104 100 109 108 99 103 6
101 96 103 96 104 100 98 100 117 107 97 96 7
105 103 106 103 113 111 106 100 157 137 101 106 8
103 99 104 99 104 104 102 100 112 104 99 96 9
98 95 104 103 104 102 99 100 107 104 99 102 10
105 106 101 103 88 103 102 100 110 107 101 15000 11
Chip#1
104 101 104 95 103 95 101 105 99 102 102 102 0
114 103 108 104 111 105 111 113 107 111 105 107 1
114 107 108 106 109 105 111 110 107 109 111 104 2
108 101 123 606 199 98 107 292 310 102 103 103 3
106 103 108 352 106 97 111 220 246 107 106 97 4
103 102 102 98 99 98 102 107 97 101 99 94 5
106 108 108 99 103 94 107 106 103 106 102 102 6
104 108 106 153 120 97 105 193 241 106 105 96 7
111 107 116 233 169 104 107 436 340 109 105 108 8
108 107 112 109 111 103 111 122 117 108 109 103 9
103 103 107 101 103 98 103 106 101 106 103 98 10
112 106 107 104 106 98 108 110 109 107 107 15000 11
Chip#2
98 100 107 102 100 100 102 100 100 107 96 103 0
95 94 99 98 94 95 94 100 98 99 91 99 1
104 99 104 99 102 101 102 100 105 104 101 106 2
105 99 104 107 137 102 107 100 126 124 97 103 3
99 95 104 104 127 103 101 99 126 130 96 100 4
106 103 110 106 104 104 106 100 105 108 99 105 5
103 101 107 106 88 101 106 100 110 104 97 106 6
109 102 109 109 104 108 111 100 120 115 104 107 7
97 92 99 97 104 101 98 99 142 128 87 99 8
99 97 104 102 102 97 99 99 104 110 89 99 9
103 97 104 104 102 101 103 100 103 103 97 96 10
103 101 104 107 102 101 104 100 105 107 97 15000 11
