Chip#1
0 147 135 0 4 76 6 69 71 104 142 145 0
9 143 138 0 20 76 22 130 78 114 148 149 1
9 151 147 10 20 108 102 85 96 189 151 150 2
9 152 141 0 20 76 54 134 89 149 150 154 3
25 152 143 0 20 76 22 85 82 119 150 158 4
9 153 137 0 20 76 22 69 92 158 154 151 5
25 152 137 0 20 76 22 69 88 152 152 154 6
9 149 137 0 20 76 22 69 77 109 147 149 7
73 148 135 0 20 76 22 69 74 113 145 148 8
25 153 140 0 20 76 22 85 80 110 148 155 9
9 145 134 0 4 60 6 69 70 105 141 144 10
9 147 134 0 20 76 22 69 69 102 143 15000 11
Chip#2
91 61 62 116 45 187 73 72 167 0 200 75 0
91 64 64 122 47 187 79 75 167 0 208 76 1
82 59 55 113 38 171 68 63 165 0 195 65 2
88 60 63 125 48 187 77 76 165 0 203 163 3
86 57 58 125 47 187 77 75 166 0 204 163 4
86 62 58 118 0 187 72 69 170 0 205 163 5
92 66 66 125 51 203 79 73 175 0 208 179 6
82 53 53 118 0 171 64 68 161 0 196 65 7
82 54 54 112 0 187 69 64 166 0 194 163 8
95 66 63 119 48 187 79 73 175 0 208 179 9
93 60 58 116 46 187 77 74 171 0 205 77 10
87 62 56 118 46 187 73 72 170 0 204 15000 11
Chip#1
9 153 139 0 20 76 22 135 80 109 152 155 0
25 154 149 6 20 76 38 85 86 136 154 157 1
9 149 182 49 20 204 294 85 159 374 185 149 2
25 159 153 15 20 124 118 85 120 203 169 156 3
9 150 137 0 20 76 22 69 82 117 155 153 4
9 151 144 0 20 76 22 136 144 235 164 153 5
9 149 139 0 20 76 22 132 119 238 156 154 6
9 153 134 0 20 76 22 69 76 102 146 146 7
9 143 133 0 20 76 22 69 73 100 145 145 8
9 152 143 0 20 76 22 69 82 115 154 159 9
9 155 144 0 20 76 22 69 81 113 153 158 10
25 146 137 0 20 76 22 134 76 108 149 15000 11
Chip#2
87 59 55 117 0 171 76 72 167 0 204 72 0
89 61 61 118 48 187 78 72 175 0 208 77 1
93 66 61 119 50 203 77 73 170 0 207 179 2
95 64 63 136 2 187 93 83 175 0 212 163 3
92 62 59 141 56 187 89 83 172 0 209 163 4
92 62 58 121 43 187 76 74 166 0 204 163 5
92 62 61 131 53 187 81 76 173 0 209 79 6
92 65 59 140 2 187 81 76 171 0 203 76 7
86 58 48 116 0 171 69 68 164 0 196 65 8
91 59 54 117 43 187 76 73 166 0 200 75 9
83 58 53 112 0 187 73 72 164 0 196 163 10
89 57 55 115 0 187 73 69 165 0 198 15000 11
Chip#1
9 151 134 0 20 60 22 69 79 117 150 158 0
9 155 146 9 20 92 70 85 87 150 155 155 1
9 156 217 89 20 300 486 101 226 562 210 154 2
9 154 154 24 4 196 206 69 132 328 166 149 3
9 146 133 0 20 60 6 69 75 114 145 150 4
25 155 144 8 36 92 38 85 192 404 176 152 5
9 154 139 0 20 76 22 85 152 322 166 150 6
25 151 137 0 20 76 22 134 76 108 147 148 7
9 152 143 1 20 76 22 85 78 112 147 148 8
25 151 143 0 36 92 38 132 80 110 148 150 9
25 160 147 0 20 76 38 85 86 117 152 159 10
25 147 133 0 20 76 22 69 74 108 148 15000 11
Chip#2
94 66 63 119 45 187 77 74 170 0 207 80 0
88 63 61 119 45 187 76 70 170 0 203 163 1
86 53 53 113 38 187 69 65 159 0 194 163 2
93 67 65 142 2 187 94 89 172 0 209 75 3
87 60 55 145 56 187 90 81 162 0 200 163 4
92 65 62 121 0 187 78 73 170 0 203 72 5
93 62 63 131 51 187 79 74 172 0 202 75 6
93 63 63 140 61 187 74 75 169 0 204 163 7
92 65 59 122 50 187 77 74 165 0 204 75 8
88 62 62 117 0 171 76 76 169 0 202 74 9
84 59 57 111 0 187 72 72 165 0 200 75 10
82 58 55 112 36 187 71 64 164 0 200 15000 11
Chip#1
25 151 135 0 20 92 22 135 76 112 151 156 0
73 147 149 1 20 92 86 85 80 153 152 148 1
25 152 219 127 36 452 718 117 279 715 220 148 2
9 150 160 29 20 196 246 85 158 427 177 153 3
25 151 135 0 20 76 22 85 78 119 151 153 4
9 155 153 1 20 76 38 85 272 475 179 150 5
25 153 142 0 36 92 38 85 184 412 168 151 6
9 150 137 0 20 76 22 69 85 106 150 148 7
9 155 150 0 20 76 22 69 75 110 147 149 8
77 155 144 0 20 92 38 85 77 108 149 156 9
25 151 142 0 20 76 22 85 84 113 148 158 10
76 139 133 0 20 76 22 69 71 102 142 15000 11
Chip#2
89 66 63 118 0 187 77 73 172 0 201 77 0
80 55 50 111 38 187 71 65 161 0 197 62 1
92 62 57 117 0 171 74 69 169 0 204 74 2
92 67 65 147 61 187 96 89 172 0 214 163 3
92 62 63 154 64 187 97 89 167 0 212 75 4
87 66 62 121 0 187 81 74 171 0 202 72 5
89 60 60 130 51 187 76 72 169 0 201 163 6
87 65 59 146 2 171 76 74 167 0 205 163 7
87 59 62 119 45 187 74 73 166 0 203 163 8
94 66 68 120 48 187 82 80 177 0 208 83 9
86 59 60 116 0 171 72 70 169 0 203 163 10
92 64 63 119 0 187 79 74 169 0 207 15000 11
Chip#1
25 156 136 0 36 92 22 134 80 110 151 159 0
25 151 154 13 20 108 102 85 87 171 159 158 1
25 159 219 168 20 492 886 117 340 958 255 159 2
9 145 167 38 20 204 310 85 182 449 183 150 3
9 150 142 0 20 76 22 69 81 118 152 150 4
9 154 155 5 20 76 38 69 275 631 199 158 5
9 151 144 0 20 76 22 69 211 443 174 150 6
9 151 140 0 20 76 22 69 83 110 148 152 7
9 151 149 7 20 76 22 69 82 115 149 151 8
9 153 146 0 4 76 22 69 72 114 147 150 9
9 155 140 0 20 76 22 69 78 106 146 153 10
77 151 140 0 20 76 22 69 76 108 149 15000 11
Chip#2
89 61 59 117 0 187 74 69 167 0 199 70 0
89 62 62 115 0 187 78 72 167 0 203 75 1
92 68 61 118 47 187 77 75 171 0 205 179 2
89 63 64 157 63 187 103 94 170 0 213 76 3
87 61 63 169 18 187 102 94 170 0 209 163 4
88 58 58 116 46 187 72 69 167 0 199 74 5
84 59 59 131 52 187 74 72 166 0 203 163 6
91 69 68 160 77 187 81 75 175 0 209 76 7
87 62 58 121 0 187 73 73 166 0 207 68 8
94 67 65 122 48 187 79 79 178 0 209 83 9
84 59 54 118 42 187 73 68 165 0 201 163 10
92 64 68 122 47 187 81 74 172 0 208 15000 11
