Chip#1
297 282 289 294 290 288 284 290 287 289 286 301 0
289 272 284 292 278 287 283 280 283 289 277 287 1
293 273 286 295 282 287 284 290 283 290 281 287 2
284 268 303 982 406 284 283 538 558 285 279 279 3
286 272 292 631 288 284 284 451 487 289 282 287 4
288 273 284 287 281 285 281 284 283 286 282 284 5
285 277 283 290 281 287 285 286 285 288 286 282 6
299 279 294 474 348 295 294 421 482 295 286 294 7
297 282 308 717 496 290 292 819 619 302 292 295 8
283 267 279 292 279 277 279 299 293 280 272 278 9
297 282 289 297 291 291 293 290 288 293 286 293 10
295 272 287 292 285 286 282 286 283 288 283 15000 11
Chip#1
296 277 289 291 284 279 287 287 282 285 286 290 0
295 279 291 294 287 281 290 290 290 290 285 293 1
288 269 286 289 285 285 285 291 283 290 282 283 2
293 275 314 993 412 286 288 541 559 291 286 287 3
293 282 295 634 294 285 289 458 489 293 286 292 4
291 273 287 296 285 286 283 290 285 288 285 282 5
290 274 283 294 285 281 283 291 284 290 282 287 6
291 273 286 464 339 282 282 405 471 283 283 288 7
284 272 294 702 483 278 278 805 602 286 280 279 8
295 274 290 305 286 288 287 306 297 290 285 288 9
286 271 281 284 276 278 281 284 274 282 279 281 10
299 275 289 291 285 282 284 295 285 293 286 15000 11
Chip#1
106 103 101 103 97 104 101 105 99 99 94 96 0
99 94 94 94 90 95 100 95 92 96 90 92 1
107 107 106 107 102 104 106 107 103 104 98 101 2
105 100 111 182 110 99 101 133 140 104 99 99 3
106 103 106 148 101 103 104 123 127 108 95 97 4
98 98 101 99 94 96 99 97 96 96 92 91 5
99 100 104 99 97 98 96 103 97 98 95 97 6
103 103 103 125 102 98 102 115 126 100 99 96 7
95 91 98 143 116 91 97 165 139 95 87 88 8
111 105 111 109 102 104 106 107 109 104 100 97 9
105 107 107 105 100 106 107 105 103 103 104 101 10
110 102 104 103 100 101 100 106 101 99 98 15000 11
