Chip#1
106 103 105 103 95 94 105 100 103 102 106 103 0
110 103 105 103 97 96 100 103 101 100 103 100 1
111 109 109 113 103 103 108 107 107 106 104 102 2
96 97 116 664 195 90 102 283 300 97 96 91 3
109 109 114 390 106 99 112 227 255 110 106 103 4
113 106 111 110 102 102 113 104 111 103 108 104 5
109 109 112 113 105 106 110 113 107 110 113 104 6
110 108 118 158 121 107 115 114 165 103 112 105 7
106 108 111 215 150 101 111 247 190 110 108 100 8
108 108 109 111 99 99 107 112 113 105 103 102 9
104 106 103 104 96 103 103 104 104 99 102 95 10
110 100 102 101 98 97 107 107 100 101 104 15000 11
Chip#2
101 95 104 88 97 103 102 99 103 94 104 96 0
104 97 103 99 97 107 104 99 102 103 104 103 1
100 94 100 97 102 102 104 100 102 97 98 101 2
100 95 102 101 148 105 104 100 126 116 101 100 3
112 108 118 114 151 118 114 103 147 148 115 113 4
103 102 106 102 89 109 107 100 103 102 106 105 5
105 103 102 100 103 107 105 100 110 103 102 104 6
109 103 112 104 103 114 112 100 117 114 111 112 7
100 98 102 97 103 108 101 100 122 112 96 100 8
106 101 107 103 114 104 110 100 116 106 107 105 9
100 103 102 96 102 103 103 100 110 101 99 101 10
108 105 106 99 102 105 107 99 106 104 106 15000 11
Chip#1
107 109 107 107 102 105 108 104 105 105 104 105 0
107 109 113 111 100 107 108 107 114 102 104 107 1
110 103 105 104 101 103 109 107 104 106 103 100 2
108 106 118 451 168 106 107 228 246 107 106 102 3
109 104 109 284 108 99 110 183 206 107 105 100 4
100 97 99 99 95 97 103 99 101 96 99 90 5
98 100 98 100 96 97 104 104 103 99 102 97 6
97 97 103 139 106 98 102 130 147 101 95 97 7
106 103 107 194 140 101 103 209 181 103 99 97 8
108 101 107 106 102 104 110 108 107 103 104 97 9
114 108 114 111 107 107 110 109 111 107 105 104 10
106 101 105 100 94 99 103 99 100 101 102 15000 11
Chip#2
110 103 106 106 105 110 110 100 111 109 107 108 0
101 102 102 101 105 104 108 100 106 98 105 101 1
114 100 108 109 105 107 110 100 109 103 105 104 2
108 108 111 105 125 113 108 100 121 119 106 105 3
104 110 112 108 125 110 113 100 127 130 106 108 4
104 98 99 95 102 101 99 100 98 99 101 96 5
110 109 111 111 102 111 117 102 116 109 111 113 6
113 105 112 106 102 111 114 100 114 114 112 107 7
104 100 107 95 102 105 103 100 126 113 102 100 8
103 98 102 101 104 104 105 100 104 104 101 100 9
114 108 109 106 105 110 112 100 114 108 113 108 10
105 107 109 108 105 108 109 100 114 108 107 15000 11
Chip#1
108 104 98 95 91 93 100 100 100 95 103 98 0
111 105 104 107 97 101 107 105 105 102 105 98 1
108 108 104 111 100 102 100 104 103 105 110 93 2
108 109 121 675 207 101 107 298 319 107 103 102 3
113 108 113 389 106 104 114 227 259 107 108 104 4
104 109 107 106 100 104 105 105 103 103 106 98 5
109 109 108 106 100 104 113 105 106 108 109 101 6
102 104 100 151 111 99 100 106 166 101 97 94 7
114 108 117 231 163 106 113 243 194 111 109 102 8
105 104 104 109 96 104 108 109 107 103 103 98 9
105 104 103 100 98 97 102 98 99 100 99 99 10
113 108 105 101 98 103 107 104 103 105 105 15000 11
Chip#2
108 108 113 102 105 106 114 100 112 108 104 102 0
100 99 111 99 103 105 107 100 105 96 99 102 1
101 100 106 98 103 105 103 100 107 98 99 107 2
110 103 103 105 150 109 105 100 131 124 102 107 3
98 99 99 99 141 104 103 100 129 139 97 102 4
106 102 109 106 104 105 105 100 106 104 102 106 5
101 100 108 103 104 98 105 100 107 104 97 102 6
110 105 109 104 105 109 108 100 114 108 107 106 7
105 103 106 103 114 107 107 100 132 121 104 104 8
101 99 104 102 105 104 104 100 107 102 104 100 9
109 108 106 105 105 110 113 100 114 106 108 111 10
113 108 116 108 105 111 114 100 113 110 114 15000 11
Chip#1
98 97 98 103 90 95 98 96 96 95 101 94 0
113 109 111 109 102 108 108 109 111 107 112 103 1
100 100 102 105 95 101 102 102 100 103 106 93 2
107 109 123 685 212 105 110 301 324 99 106 98 3
104 99 112 390 102 98 105 223 248 101 103 101 4
98 109 104 103 98 101 98 99 101 101 95 94 5
109 105 102 108 99 103 104 103 106 105 104 95 6
106 100 104 161 112 102 103 140 169 100 103 97 7
106 99 111 230 155 99 105 246 190 102 105 99 8
108 105 107 109 102 103 104 112 112 101 105 99 9
104 106 105 106 94 103 107 101 105 101 108 100 10
113 108 108 112 104 103 110 112 108 110 105 15000 11
Chip#2
112 104 108 106 105 112 112 103 107 107 114 106 0
103 99 106 100 102 99 108 100 107 106 105 102 1
103 93 106 96 103 104 104 100 103 99 100 101 2
100 94 106 103 151 115 101 100 125 124 103 104 3
104 98 111 110 145 117 108 100 137 143 104 107 4
106 100 101 100 104 108 104 100 109 102 101 100 5
104 99 104 103 105 108 104 100 107 105 104 104 6
99 90 102 92 105 101 103 100 105 106 97 102 7
100 98 104 94 114 104 107 100 129 118 101 99 8
100 97 104 103 105 107 110 100 111 103 102 107 9
98 98 104 93 101 97 108 100 104 97 102 104 10
105 99 106 104 101 104 109 100 107 110 104 15000 11
Chip#1
110 108 109 107 100 99 108 102 105 105 108 105 0
110 109 109 111 104 103 108 114 108 107 113 109 1
104 105 107 106 101 102 105 105 99 105 104 95 2
104 100 114 685 201 97 107 299 319 102 102 93 3
98 103 107 394 99 96 103 225 252 99 97 97 4
97 100 103 102 94 95 104 99 103 97 101 95 5
97 101 102 104 96 98 99 96 99 99 99 95 6
102 105 105 173 119 102 104 149 181 100 103 99 7
107 109 113 243 166 105 112 259 198 108 109 101 8
104 105 104 111 97 99 108 112 104 102 105 99 9
106 105 107 106 100 103 112 107 110 106 105 103 10
109 108 108 105 98 98 108 105 104 103 110 15000 11
Chip#2
102 99 106 96 101 104 103 100 106 99 100 105 0
106 107 106 100 104 109 105 100 109 103 108 106 1
108 108 109 103 105 105 114 100 112 110 108 109 2
106 97 104 100 151 107 101 99 127 123 98 101 3
103 97 105 103 145 111 103 100 136 135 97 101 4
108 103 106 104 89 108 108 100 109 107 103 105 5
103 97 105 94 99 99 104 99 102 99 97 99 6
104 98 103 93 99 102 107 100 106 104 101 99 7
106 102 104 96 99 110 108 100 136 121 96 105 8
106 102 104 97 99 102 108 100 110 107 107 105 9
108 102 105 99 99 99 105 99 103 102 102 105 10
105 108 108 105 99 105 110 100 109 107 107 15000 11
Chip#1
100 106 105 102 96 97 99 102 97 99 98 99 0
104 93 100 100 95 93 97 97 93 92 98 98 1
109 109 111 113 99 106 110 112 107 112 104 102 2
96 96 117 682 202 96 99 296 314 95 97 90 3
106 103 109 396 102 97 109 229 255 102 104 99 4
101 105 105 102 97 100 100 107 105 102 100 98 5
106 104 111 105 101 106 107 104 107 107 109 105 6
100 103 103 162 120 101 103 140 165 101 102 100 7
104 109 114 247 167 98 111 260 201 106 104 102 8
102 109 107 107 100 101 102 108 110 102 106 100 9
109 103 109 106 100 101 108 105 108 103 105 106 10
110 105 104 100 95 96 103 105 104 103 106 15000 11
Chip#2
104 104 104 100 99 104 111 100 109 106 101 102 0
103 105 102 99 104 103 108 100 107 103 103 104 1
110 104 112 102 104 109 109 100 112 109 106 105 2
100 94 99 97 145 112 101 100 125 121 99 99 3
104 102 104 105 146 108 107 100 132 137 106 105 4
103 100 104 103 104 104 109 100 105 103 106 106 5
98 98 102 98 105 98 101 100 105 101 102 98 6
103 99 105 99 114 101 106 100 112 103 101 103 7
105 95 101 98 105 107 104 100 132 119 103 102 8
100 98 104 93 89 101 96 100 111 108 99 100 9
103 103 109 107 89 105 107 100 107 107 103 108 10
113 104 115 101 105 107 111 100 115 108 108 15000 11
Chip#1
105 109 102 102 93 97 98 98 100 102 103 101 0
98 100 98 99 92 93 97 95 101 95 97 90 1
102 103 105 104 96 101 100 105 107 103 98 97 2
108 108 125 691 209 104 110 309 332 108 102 100 3
102 106 111 398 106 101 103 229 257 106 104 97 4
100 99 105 106 99 98 104 99 105 102 101 97 5
105 103 108 103 97 102 105 104 107 105 103 99 6
105 100 108 173 115 94 107 149 181 103 103 99 7
106 103 113 249 165 102 105 260 200 106 106 104 8
102 101 103 106 100 98 107 108 109 101 103 98 9
106 105 107 106 98 106 108 106 105 103 105 98 10
105 101 98 103 95 99 104 104 100 99 102 15000 11
Chip#2
99 99 106 103 89 101 105 100 107 103 103 100 0
95 95 98 97 103 98 105 99 104 102 103 101 1
104 94 104 98 103 101 103 100 109 106 104 102 2
101 96 104 97 148 108 104 100 122 121 103 99 3
109 102 113 113 153 115 110 100 143 150 107 106 4
100 104 105 96 105 104 104 100 111 102 107 100 5
105 100 109 99 105 104 110 100 109 107 102 107 6
104 100 104 101 105 105 104 99 115 109 105 103 7
97 94 99 98 114 107 101 100 130 118 99 99 8
101 100 106 99 105 102 107 100 111 107 102 104 9
108 103 111 98 105 104 107 100 107 110 109 108 10
101 103 109 104 89 99 108 99 113 105 106 15000 11
Chip#1
109 105 98 99 96 96 103 101 97 102 102 104 0
106 108 105 107 95 103 104 105 105 101 101 102 1
113 109 111 110 106 106 100 111 113 107 109 104 2
100 106 122 692 210 101 99 304 328 102 108 97 3
102 106 112 401 104 102 105 226 259 102 104 102 4
104 105 104 104 98 101 99 104 106 103 102 103 5
105 101 104 106 97 97 103 104 105 105 103 95 6
104 109 109 173 117 102 100 149 181 102 103 103 7
106 104 105 247 163 101 100 263 194 101 102 102 8
105 103 107 107 97 101 103 115 110 100 102 102 9
98 101 104 103 95 96 104 104 101 97 99 97 10
104 103 104 100 89 97 100 104 100 101 105 15000 11
Chip#2
103 104 111 101 105 104 107 100 111 104 112 105 0
94 97 99 96 99 96 99 100 102 94 101 94 1
105 97 109 100 102 98 103 99 107 99 104 102 2
101 98 105 100 148 109 103 100 126 122 102 100 3
104 97 108 105 146 111 108 100 135 139 102 101 4
103 94 105 97 101 98 101 99 105 97 101 100 5
103 93 107 98 101 99 104 100 106 103 101 102 6
103 98 106 96 101 102 106 100 112 106 102 103 7
105 105 112 105 114 110 110 100 146 128 109 110 8
94 94 97 93 102 95 105 100 102 98 92 97 9
101 98 105 95 105 102 108 100 105 100 106 100 10
100 97 105 96 103 98 100 100 109 104 98 15000 11
