Chipdp
84 2 37 2 8 3 4 8 5 9 5 8 6 9 6 4 8 3 9 3 8 2 9 2 4 6 6 5 6 6 5 5 5 4 6 2 5 2 6 3 5 3 4 6 8 5 8 6 9 5 9 4 2 8 3 8 2 9 3 9 4 2 5 3 5 2 6 3 6 4 2 2 3 2 2 3 3 3 4 9 7 10 7 9 6 10 6 4 9 10 10 10 9 9 10 9 4 7 7 6 7 7 6 6 6 4 7 10 6 10 7 9 6 9 4 7 3 7 4 6 3 6 4 4 4 4 4 3 3 4 3 3 4 3 7 4 7 3 6 4 6 4 3 10 4 10 3 9 4 9 
Chip#1
104 95 97 102 93 98 97 101 100 95 95 98 0
99 99 103 115 100 105 119 105 103 107 100 98 1
97 97 179 217 101 201 295 112 154 268 119 94 2
104 104 118 141 102 130 169 109 126 191 105 102 3
97 100 97 101 98 95 99 100 98 97 96 94 4
108 99 109 109 102 103 111 107 140 206 106 101 5
105 102 99 109 98 106 105 102 126 175 102 99 6
105 106 102 109 104 105 104 107 108 101 101 104 7
98 99 105 110 100 105 107 105 104 97 98 104 8
99 99 99 106 97 103 100 103 98 97 97 99 9
103 102 99 107 103 100 102 103 104 97 97 99 10
101 101 97 101 101 98 97 104 102 91 98 15000 11
Chip#2
109 111 106 108 107 103 104 102 104 102 105 101 0
105 108 104 108 106 98 102 102 101 103 102 104 1
105 101 99 108 104 99 101 102 99 101 99 104 2
107 106 109 173 135 106 172 155 101 143 154 108 3
102 104 114 211 156 99 185 159 101 146 150 103 4
107 110 109 116 112 102 105 110 106 104 102 103 5
109 105 106 136 123 99 104 106 101 103 105 103 6
101 99 110 185 147 97 101 103 98 95 104 100 7
112 113 107 127 117 106 106 111 107 105 109 110 8
104 106 101 107 107 101 104 102 104 102 107 101 9
107 105 101 105 107 102 102 104 99 98 105 106 10
103 95 98 99 99 92 99 97 99 97 100 15000 11
Chip#1
103 100 100 106 97 100 101 102 99 95 98 99 0
102 97 104 118 100 108 113 107 100 115 100 99 1
106 101 181 222 103 205 304 116 160 272 124 102 2
93 102 109 132 98 132 167 102 122 188 102 95 3
97 99 96 101 98 99 101 103 96 97 97 98 4
102 100 103 109 101 103 105 104 138 206 101 100 5
99 99 98 103 100 105 101 104 121 175 100 95 6
105 101 98 106 104 100 104 103 100 104 97 104 7
103 101 106 112 98 108 108 103 101 96 100 98 8
102 106 105 109 109 106 108 105 106 101 102 102 9
105 101 102 108 102 105 104 104 106 99 101 102 10
99 100 99 102 102 100 100 97 99 96 97 15000 11
Chip#2
103 101 95 97 98 96 99 102 100 93 96 98 0
97 103 99 96 98 92 93 95 93 93 96 99 1
117 114 109 112 112 106 110 110 108 109 109 112 2
104 106 112 168 134 108 174 155 102 144 153 105 3
104 108 119 211 153 107 188 161 99 143 148 106 4
105 111 106 115 108 104 108 105 96 102 102 105 5
101 101 99 124 110 96 98 98 94 96 96 98 6
103 103 106 184 151 98 102 103 100 99 104 103 7
110 109 104 119 111 102 101 104 102 102 102 109 8
104 104 101 103 99 101 99 99 99 99 104 100 9
110 108 103 107 106 103 106 106 104 101 105 110 10
104 103 101 96 99 98 100 102 98 98 100 15000 11
Chip#1
102 105 98 108 98 99 102 103 102 99 97 104 0
104 96 108 114 97 106 115 105 99 112 98 101 1
99 93 177 211 91 201 298 110 150 268 118 92 2
108 99 122 141 105 135 170 107 127 190 112 104 3
98 99 95 103 96 99 98 100 99 99 95 98 4
92 92 98 104 95 100 101 100 131 206 101 93 5
104 101 105 110 105 106 108 104 129 182 105 102 6
98 97 98 99 95 97 102 101 98 91 92 98 7
104 106 109 120 103 112 111 110 106 111 106 110 8
98 93 94 96 90 97 100 95 93 93 90 90 9
102 102 102 107 102 105 101 103 103 97 98 100 10
104 105 97 106 101 101 100 102 106 99 102 15000 11
Chip#2
103 105 103 102 100 97 100 102 96 96 100 104 0
106 101 104 104 106 97 100 102 98 101 100 101 1
101 97 99 96 97 96 99 96 93 95 95 101 2
112 108 115 176 132 111 178 153 104 143 158 110 3
111 108 122 222 162 107 196 165 106 153 158 105 4
109 110 111 119 111 103 110 104 106 109 106 108 5
110 108 109 135 125 102 110 105 101 107 109 105 6
101 98 106 180 146 96 98 97 94 99 100 96 7
106 105 104 120 111 103 101 102 101 103 106 100 8
104 105 105 103 98 98 99 102 99 99 101 100 9
107 108 109 110 108 101 111 109 106 107 110 105 10
104 101 105 104 102 97 104 102 99 97 102 15000 11
Chip#1
104 102 99 99 103 105 97 97 102 103 105 104 0
103 96 107 114 96 111 120 102 99 111 100 96 1
103 100 182 218 102 205 308 109 159 280 122 96 2
103 99 119 135 95 132 173 98 121 189 102 94 3
97 95 96 99 102 100 97 97 98 92 97 98 4
102 101 108 112 105 106 108 107 142 222 112 102 5
99 99 100 103 98 103 98 100 126 178 101 96 6
101 96 94 102 100 104 97 100 102 97 101 99 7
98 97 100 107 101 101 99 101 100 92 96 94 8
104 104 106 108 103 106 105 103 106 99 96 99 9
106 100 99 102 96 101 96 98 102 97 100 96 10
99 96 94 101 96 98 99 100 102 93 95 15000 11
Chip#2
106 108 100 102 101 97 100 102 96 99 101 103 0
102 105 98 100 95 96 93 96 95 99 95 96 1
110 108 104 105 101 98 101 102 99 102 99 105 2
105 101 104 162 122 98 165 143 96 137 149 100 3
107 114 119 224 163 112 199 168 107 153 159 111 4
109 108 103 117 105 106 110 102 104 105 105 105 5
107 105 105 131 121 104 104 104 104 99 104 100 6
109 109 112 193 155 102 106 106 104 102 107 106 7
105 110 107 124 112 104 102 103 104 105 104 105 8
106 108 104 108 101 101 104 103 102 103 105 105 9
107 104 104 105 102 102 104 107 100 103 109 105 10
103 105 101 102 101 99 98 102 96 98 100 15000 11
Chip#1
103 93 95 101 95 92 96 97 98 93 94 96 0
101 99 106 114 97 105 116 104 102 107 98 96 1
105 105 187 225 107 205 308 114 165 281 124 105 2
99 94 114 132 97 123 170 102 119 188 106 98 3
99 96 103 107 101 103 106 104 101 100 98 101 4
93 95 99 107 97 98 101 100 140 206 101 95 5
98 97 97 104 101 103 104 98 126 170 103 100 6
92 86 98 98 93 94 97 95 98 86 92 93 7
99 95 103 103 95 99 101 102 97 92 98 96 8
103 109 106 107 104 104 107 101 104 99 101 107 9
105 100 99 108 94 103 99 100 100 93 96 99 10
98 90 94 99 93 97 94 97 94 87 98 15000 11
Chip#2
107 106 106 107 106 102 104 102 104 97 105 104 0
105 105 105 107 102 104 101 102 105 102 102 101 1
110 108 105 109 105 103 106 103 102 99 105 101 2
100 105 110 169 125 102 169 147 101 136 154 106 3
103 104 114 215 158 106 192 164 101 143 148 101 4
109 113 110 118 108 109 106 104 105 103 110 108 5
103 104 104 135 118 102 102 102 102 101 104 105 6
106 108 114 194 152 103 108 106 104 101 107 103 7
106 105 105 118 107 99 100 103 101 99 100 101 8
106 105 103 108 105 103 102 103 104 99 104 101 9
107 108 111 110 108 107 111 109 106 107 114 109 10
103 100 100 103 100 96 101 98 96 96 100 15000 11
Chip#1
99 102 99 99 95 99 99 102 98 97 96 98 0
96 94 100 106 97 104 116 101 99 105 95 93 1
97 99 179 216 101 201 306 107 160 276 116 94 2
101 102 117 140 104 128 169 103 127 190 102 100 3
98 97 96 99 98 95 99 100 99 95 96 96 4
103 106 107 108 102 104 107 104 147 206 107 100 5
103 104 102 108 103 105 102 105 131 178 103 102 6
104 101 100 104 101 101 100 103 108 95 98 98 7
101 101 108 108 103 103 104 104 108 100 97 99 8
101 99 97 103 100 100 107 101 102 97 96 99 9
104 105 102 108 102 101 107 105 109 99 100 100 10
101 99 98 102 97 95 101 100 102 95 100 15000 11
Chip#2
107 111 100 105 105 102 105 105 102 104 102 110 0
100 100 93 101 100 93 94 93 90 92 93 95 1
109 105 106 105 101 106 101 107 105 104 105 106 2
109 110 115 178 134 111 175 151 105 144 155 108 3
103 109 117 216 163 109 196 167 101 147 153 105 4
107 106 103 118 105 106 107 102 104 102 104 105 5
110 112 110 135 128 107 107 105 106 104 106 108 6
110 115 117 193 161 107 110 111 106 107 110 108 7
107 108 105 120 113 102 106 104 104 107 107 105 8
109 110 106 107 102 103 105 106 105 101 110 106 9
106 106 104 104 108 103 105 109 102 105 107 108 10
112 111 110 112 106 102 107 107 104 109 111 15000 11
Chip#1
105 106 105 113 108 105 107 108 103 100 107 107 0
96 91 104 109 96 99 113 101 97 105 97 95 1
98 104 181 216 102 203 309 115 165 276 121 100 2
99 101 121 138 104 133 174 105 126 206 105 101 3
97 91 91 93 93 93 99 94 94 91 92 94 4
99 95 100 99 95 99 102 100 131 206 100 93 5
99 94 95 95 96 95 99 97 117 174 97 96 6
96 95 97 99 95 100 101 101 99 87 96 99 7
97 95 103 101 93 100 101 98 98 95 96 95 8
102 95 100 102 96 101 101 98 96 93 94 98 9
99 95 102 104 104 103 102 102 102 99 98 99 10
99 97 100 102 101 97 97 96 103 91 96 15000 11
Chip#2
106 104 101 103 106 103 100 103 102 98 105 105 0
112 109 106 107 104 106 102 102 104 105 106 108 1
100 99 98 99 99 93 94 95 93 95 97 95 2
107 104 107 173 136 107 175 151 102 140 153 108 3
104 109 117 220 163 107 196 166 104 147 158 104 4
105 111 106 116 112 104 106 103 105 105 104 106 5
102 106 101 131 116 102 98 100 102 101 101 103 6
105 108 114 192 159 101 106 104 102 108 106 103 7
110 109 109 123 122 108 105 105 106 108 110 109 8
103 105 106 105 105 104 101 102 100 102 105 101 9
101 100 100 98 99 99 96 97 96 97 102 100 10
109 111 107 107 106 104 106 105 104 102 110 15000 11
Chip#1
99 97 93 99 101 95 93 97 102 96 95 98 0
103 94 106 112 105 108 117 104 102 111 93 100 1
104 101 186 224 104 208 313 115 164 277 124 106 2
104 101 122 133 101 136 173 102 126 190 111 104 3
106 107 102 103 104 108 106 107 104 99 103 109 4
95 90 96 99 91 95 97 95 136 190 100 89 5
101 100 103 101 103 100 101 102 126 175 100 96 6
101 94 97 96 94 94 93 94 99 90 96 95 7
103 102 106 103 103 106 104 109 103 101 96 102 8
102 97 100 99 101 99 101 97 93 93 92 98 9
96 95 97 99 98 99 102 98 101 95 97 98 10
95 94 94 98 95 94 90 96 96 91 95 15000 11
Chip#2
106 104 104 103 105 99 100 103 99 99 102 100 0
101 100 98 99 99 94 99 97 99 97 100 94 1
100 98 99 100 100 94 93 95 95 96 96 96 2
97 100 99 165 122 94 167 147 98 134 150 93 3
104 105 114 217 157 104 193 165 101 144 153 101 4
101 100 98 110 100 99 99 102 96 101 95 99 5
104 103 103 129 118 103 105 103 100 99 105 101 6
101 100 109 189 152 99 100 99 98 97 106 99 7
105 109 105 122 113 104 105 106 102 105 111 106 8
110 111 107 112 106 103 105 107 107 109 110 109 9
100 101 103 100 104 96 101 100 100 98 105 100 10
101 100 100 98 96 94 99 98 94 96 101 15000 11
Chip#1
103 102 99 107 101 103 101 102 101 97 100 99 0
105 104 106 116 101 109 115 104 103 113 100 100 1
109 109 187 225 103 212 314 116 164 282 129 106 2
97 106 117 138 103 134 174 103 123 190 107 100 3
99 101 100 102 98 99 100 107 104 99 98 101 4
91 91 93 98 91 94 96 91 128 206 100 87 5
104 102 105 101 100 105 97 109 128 179 106 98 6
99 96 95 101 97 97 99 96 100 95 92 95 7
102 100 100 104 96 105 100 100 100 92 101 99 8
101 102 97 103 96 103 102 103 101 101 98 99 9
102 104 102 104 101 105 107 107 97 95 101 104 10
96 94 94 95 93 97 91 98 94 91 92 15000 11
Chip#2
107 106 104 107 102 101 100 102 104 101 104 100 0
111 110 107 110 107 107 104 107 106 105 111 106 1
105 99 98 100 104 102 99 100 100 98 102 103 2
105 108 106 176 130 106 174 153 104 142 154 106 3
109 109 121 227 163 109 198 169 107 152 159 106 4
106 100 101 114 105 102 108 102 101 99 102 100 5
115 114 114 141 129 112 111 113 110 108 114 112 6
110 104 111 194 159 101 108 102 102 99 107 99 7
104 103 98 118 113 103 99 99 101 101 102 98 8
112 111 110 110 106 111 108 113 108 109 112 104 9
112 108 107 108 107 104 107 110 104 104 114 109 10
110 101 100 105 105 98 99 100 105 101 104 15000 11
Chip#1
108 101 98 104 100 101 102 103 99 103 98 108 0
101 97 102 110 100 105 115 101 100 109 90 94 1
106 104 186 228 102 207 310 114 165 286 123 100 2
91 93 110 120 91 126 162 90 114 188 96 93 3
98 100 98 96 97 99 96 100 99 91 95 96 4
99 101 107 108 98 106 107 101 138 222 107 100 5
103 104 103 104 105 104 107 107 129 183 107 102 6
104 100 102 102 101 101 105 101 106 99 97 102 7
104 101 107 108 103 104 105 102 103 97 95 99 8
96 99 99 97 94 97 101 96 99 92 93 96 9
91 93 96 97 90 93 96 94 97 92 90 90 10
106 99 100 99 101 104 104 104 104 97 98 15000 11
Chip#2
112 114 110 108 110 107 111 107 110 108 109 108 0
106 103 103 102 101 99 99 98 99 101 102 101 1
102 100 98 98 100 96 99 100 94 99 97 96 2
111 110 110 176 135 111 180 156 106 150 159 106 3
99 101 111 215 155 101 191 160 96 141 150 94 4
99 101 101 112 102 96 102 99 98 97 100 98 5
107 110 103 136 122 104 108 105 101 105 106 105 6
105 104 115 190 156 99 107 105 102 104 106 103 7
105 104 101 115 111 101 96 99 101 98 102 98 8
101 101 99 97 100 94 94 100 96 101 100 98 9
109 106 106 108 102 106 108 109 106 110 109 106 10
102 103 104 101 102 96 99 100 100 101 100 15000 11
Chip#1
97 96 95 93 94 100 94 93 99 92 95 98 0
101 95 99 107 93 100 114 93 99 101 95 95 1
98 97 183 223 101 202 312 110 158 281 119 95 2
102 104 128 143 100 133 180 108 128 206 109 101 3
93 100 98 98 96 99 98 100 101 97 97 94 4
97 100 97 103 96 106 104 97 137 206 102 95 5
102 100 95 101 98 104 102 100 127 182 103 98 6
106 106 104 106 103 105 105 103 107 100 102 104 7
99 102 105 104 102 103 104 102 104 97 100 99 8
96 93 96 101 94 95 98 95 98 89 93 94 9
105 106 104 107 104 104 106 104 101 101 102 101 10
99 99 99 99 98 95 98 98 99 93 98 15000 11
Chip#2
111 111 109 110 111 106 107 107 107 107 110 110 0
111 111 107 105 105 107 102 102 102 103 106 106 1
106 109 105 108 108 108 107 103 102 103 105 108 2
109 109 110 176 135 104 178 153 106 147 159 105 3
105 108 120 245 164 111 199 168 104 150 158 108 4
109 109 110 120 112 106 111 104 104 107 107 103 5
109 108 105 136 122 103 105 99 102 109 105 104 6
112 115 116 204 163 111 113 112 107 113 119 106 7
112 109 106 123 118 108 107 106 106 109 109 106 8
109 105 104 105 105 104 104 103 102 103 109 100 9
109 104 109 107 110 103 108 109 105 110 112 108 10
110 111 110 103 107 104 107 104 105 107 105 15000 11
Chip#1
106 102 100 102 102 103 104 103 102 95 102 101 0
98 94 105 115 100 101 113 101 99 107 98 93 1
108 109 189 229 105 209 320 116 167 287 128 106 2
96 102 112 133 97 126 169 96 119 189 100 98 3
102 101 99 103 101 103 104 103 101 101 105 99 4
98 97 103 103 98 101 101 100 140 206 103 96 5
103 102 102 102 100 105 104 103 129 182 106 100 6
110 106 104 107 109 105 107 107 107 101 105 104 7
101 100 99 106 98 98 100 98 101 89 97 99 8
93 91 91 99 94 91 94 93 96 88 92 92 9
98 101 99 97 98 98 99 102 102 97 97 100 10
103 101 99 104 101 99 104 105 102 93 105 15000 11
Chip#2
111 109 101 107 110 102 105 105 100 101 102 108 0
104 103 99 99 97 98 101 98 96 99 97 96 1
103 104 101 99 106 101 102 99 100 101 106 103 2
96 99 99 162 119 96 165 144 92 132 143 96 3
106 108 119 223 164 106 199 164 106 153 155 110 4
103 108 101 115 107 104 106 106 101 103 99 105 5
102 97 96 128 116 96 99 99 98 97 97 98 6
105 109 114 194 161 106 110 106 105 105 110 106 7
109 105 105 117 112 103 101 97 101 99 102 104 8
102 108 101 102 107 102 104 99 101 101 102 103 9
109 109 105 105 108 103 105 107 102 104 106 109 10
104 105 101 102 108 102 101 97 100 99 100 15000 11
