Chip#1
102 106 102 106 105 105 108 104 103 101 107 106 0 163 120 114 23
104 99 97 99 103 104 104 102 104 100 98 100 1 0 0 0 0
105 100 97 103 102 101 107 101 104 100 98 99 2 0 0 0 0
102 97 96 101 98 103 104 102 101 100 96 98 3 0 0 0 0
95 88 88 92 94 95 97 95 87 86 86 89 4 0 0 0 0
95 97 123 125 96 132 152 97 100 96 97 95 5 0 0 0 0
97 96 103 109 97 112 125 101 97 97 93 96 6 0 0 0 0
101 96 95 99 94 100 100 95 98 92 92 95 7 0 0 0 0
99 105 140 141 103 121 122 103 101 96 98 102 8 0 0 0 0
105 99 119 120 102 116 122 100 97 92 97 98 9 0 0 0 0
102 99 96 104 101 101 102 100 100 96 95 99 10 0 0 0 0
105 100 98 95 97 101 100 95 97 93 100 15000 11 0 0 0 0
Chip#1
105 107 100 104 107 112 106 104 103 100 107 101 0 163 120 117 23
96 93 89 102 97 99 98 100 93 92 97 88 1 0 0 0 0
95 91 92 99 94 99 101 95 98 96 97 92 2 0 0 0 0
96 93 93 101 98 97 101 94 100 99 96 96 3 0 0 0 0
97 95 94 103 96 103 102 97 96 91 96 94 4 0 0 0 0
95 88 137 147 88 154 200 95 96 91 92 94 5 0 0 0 0
102 100 118 127 98 135 157 103 102 99 100 96 6 0 0 0 0
98 94 94 101 93 95 100 96 98 88 95 94 7 0 0 0 0
97 101 168 178 96 130 141 104 100 91 95 99 8 0 0 0 0
102 97 141 140 100 132 138 97 100 92 97 101 9 0 0 0 0
101 100 95 103 98 100 105 101 97 92 100 96 10 0 0 0 0
106 101 102 102 107 105 101 103 102 100 100 15000 11 0 0 0 0
Chip#1
103 105 99 104 105 101 105 98 98 103 103 102 0 165 120 88 23
110 104 104 113 104 107 109 108 104 105 108 105 1 0 0 0 0
102 105 104 118 100 109 121 102 104 117 98 96 2 0 0 0 0
104 101 106 108 101 109 113 103 106 111 98 105 3 0 0 0 0
99 95 108 112 96 110 115 96 100 99 98 96 4 0 0 0 0
102 97 464 456 104 491 806 115 106 113 98 93 5 0 0 0 0
105 106 246 246 108 316 487 109 113 112 102 100 6 0 0 0 0
101 101 111 116 105 103 107 101 101 99 98 96 7 0 0 0 0
102 105 626 584 108 322 376 108 100 97 102 98 8 0 0 0 0
103 101 427 362 104 326 369 102 102 97 100 101 9 0 0 0 0
101 100 102 102 100 100 104 101 102 90 91 99 10 0 0 0 0
110 105 99 104 105 103 106 108 104 99 103 15000 11 0 0 0 0
Chip#1
96 95 94 97 96 99 94 95 94 93 95 87 0 165 120 7 23
104 102 100 102 103 108 106 100 101 99 102 102 1 0 0 0 0
96 99 109 120 98 115 125 101 114 130 102 95 2 0 0 0 0
104 101 106 113 108 112 120 105 103 125 102 98 3 0 0 0 0
102 97 117 121 107 115 123 101 103 95 98 99 4 0 0 0 0
104 99 607 601 107 664 1121 125 113 125 100 99 5 0 0 0 0
106 102 301 308 107 404 643 118 112 124 107 104 6 0 0 0 0
99 95 108 110 97 100 104 96 101 88 95 92 7 0 0 0 0
104 105 832 786 104 412 481 102 103 100 98 100 8 0 0 0 0
102 104 543 467 105 413 476 107 102 101 97 101 9 0 0 0 0
105 102 100 106 104 103 104 97 103 99 103 104 10 0 0 0 0
111 102 97 102 103 100 102 102 101 100 102 15000 11 0 0 0 0
Chip#1
108 107 104 107 104 101 106 103 103 101 105 98 0 162 120 104 23
108 100 99 108 104 104 107 105 102 103 108 96 1 0 0 0 0
101 101 111 124 101 111 131 103 113 134 102 96 2 0 0 0 0
101 100 99 109 102 106 117 102 108 118 102 98 3 0 0 0 0
101 102 125 130 101 120 134 104 104 100 100 95 4 0 0 0 0
99 104 736 737 107 815 1401 129 117 129 102 99 5 0 0 0 0
99 100 356 360 100 474 793 110 106 121 97 90 6 0 0 0 0
97 96 113 116 100 99 100 96 97 92 92 93 7 0 0 0 0
104 109 1106 1014 109 510 608 110 102 97 100 102 8 0 0 0 0
110 107 720 596 107 517 625 108 104 101 102 102 9 0 0 0 0
103 104 103 107 101 101 107 101 98 96 101 95 10 0 0 0 0
114 106 100 108 101 101 107 104 101 97 101 15000 11 0 0 0 0
Chip#1
102 104 93 101 100 101 105 98 101 96 101 98 0 164 119 60 23
99 100 98 103 103 104 102 104 99 95 100 94 1 0 0 0 0
101 100 111 125 101 117 132 102 116 134 103 96 2 0 0 0 0
102 97 99 106 100 103 115 96 103 118 100 95 3 0 0 0 0
106 100 122 131 104 116 131 107 102 97 98 95 4 0 0 0 0
103 104 741 732 101 817 1398 128 117 132 102 96 5 0 0 0 0
99 104 363 364 105 473 800 113 112 121 103 96 6 0 0 0 0
103 97 116 123 104 105 105 100 103 91 101 92 7 0 0 0 0
99 104 1107 1017 111 509 616 103 106 96 98 95 8 0 0 0 0
106 106 720 596 111 520 623 110 107 104 103 104 9 0 0 0 0
104 104 103 104 101 108 105 101 99 96 103 98 10 0 0 0 0
109 104 98 106 104 104 107 102 102 99 102 15000 11 0 0 0 0
