Chip#1
108 105 111 102 101 101 108 104 105 107 106 104 0
109 109 116 106 102 103 117 111 110 107 109 105 1
102 99 103 103 100 101 106 105 103 106 105 93 2
109 105 118 560 184 103 107 270 291 105 110 97 3
98 96 104 321 103 99 101 200 225 102 102 97 4
106 103 107 103 94 98 105 98 103 105 102 98 5
101 103 105 103 103 101 103 99 104 101 103 95 6
101 96 105 158 117 97 104 186 244 103 102 95 7
102 105 111 246 169 103 110 422 334 105 106 99 8
106 104 111 106 102 101 110 112 111 101 108 98 9
98 100 103 100 95 97 102 100 93 97 99 93 10
114 104 111 102 100 107 112 107 102 108 108 15000 11
Chip#2
109 104 106 103 103 103 107 100 114 109 104 105 0
108 104 105 103 103 103 104 100 111 105 104 104 1
104 94 100 100 101 102 98 100 104 97 99 96 2
97 93 98 102 130 102 99 99 120 114 89 96 3
97 95 99 104 127 108 101 99 127 130 96 102 4
103 102 108 105 105 107 110 100 113 107 109 101 5
105 100 101 106 89 102 107 100 111 107 103 101 6
109 102 102 104 114 103 107 100 120 107 101 101 7
99 97 106 104 114 112 99 100 155 134 99 98 8
100 105 104 104 105 104 109 100 114 110 101 104 9
105 104 111 104 105 104 112 100 106 102 101 101 10
105 102 104 104 105 102 108 100 112 103 99 15000 11
Chip#3
100 100 104 105 108 110 102 103 100 101 103 106 0
105 100 102 104 99 106 99 103 97 102 102 107 1
101 95 96 101 99 106 99 102 97 98 92 100 2
98 100 95 104 103 107 101 102 106 103 94 103 3
101 98 98 102 105 106 95 102 102 100 99 103 4
94 97 96 105 101 109 99 99 96 99 99 101 5
96 92 99 101 96 104 95 98 96 97 95 97 6
95 95 94 103 95 102 93 99 98 95 97 99 7
95 95 95 106 105 100 96 95 101 101 94 102 8
104 101 105 109 109 112 100 103 103 101 103 107 9
98 98 99 103 102 104 99 100 98 101 99 103 10
95 99 97 100 97 109 93 99 93 100 97 15000 11
Chip#4
104 104 104 103 107 108 107 103 106 101 105 104 0
100 100 100 99 98 102 104 101 101 96 101 100 1
107 99 103 104 103 108 108 104 106 97 105 101 2
104 100 112 103 106 111 113 100 111 104 108 101 3
97 98 103 100 98 105 103 99 108 98 102 96 4
104 97 103 105 107 108 108 106 108 100 99 99 5
102 98 99 100 104 102 106 99 104 94 95 91 6
101 100 100 101 101 101 106 103 103 100 102 99 7
105 103 112 108 113 112 108 108 113 105 105 105 8
101 93 103 100 109 101 108 99 104 101 102 103 9
98 97 102 94 101 102 104 102 104 92 96 96 10
102 96 102 103 104 101 104 97 107 100 98 15000 11
Chip#1
113 109 108 104 102 107 111 107 106 108 108 102 0
111 109 111 106 105 103 113 107 110 107 113 105 1
110 108 111 108 103 103 111 113 110 106 110 103 2
108 105 130 802 236 103 108 356 378 107 112 102 3
100 101 105 437 102 99 104 254 286 101 102 98 4
101 109 107 106 103 102 110 105 110 102 103 102 5
96 93 98 94 89 95 99 96 90 96 100 89 6
105 109 109 184 129 102 108 223 307 110 109 103 7
100 101 109 282 188 99 106 554 437 100 103 94 8
104 106 104 103 100 98 110 110 114 102 106 98 9
114 108 114 107 108 110 114 112 112 108 114 108 10
106 97 103 99 99 97 108 103 100 102 102 15000 11
Chip#2
111 102 109 105 105 105 112 100 114 104 106 107 0
106 102 107 104 105 103 110 100 112 101 101 101 1
97 100 105 104 105 99 104 100 106 98 103 99 2
109 113 109 113 166 123 114 100 143 140 109 111 3
104 100 109 110 150 108 105 100 143 140 104 106 4
101 102 105 106 103 103 107 100 110 103 103 102 5
97 99 103 103 102 98 103 99 104 97 99 102 6
104 95 103 107 102 103 104 100 125 107 102 99 7
100 104 107 108 114 115 107 100 172 143 104 102 8
100 99 101 101 105 97 105 100 114 107 101 98 9
101 97 104 101 89 99 104 99 104 99 102 100 10
103 103 104 109 105 101 105 100 112 102 103 15000 11
Chip#3
100 94 98 100 96 106 94 92 93 94 95 100 0
102 100 98 103 103 109 98 102 97 103 102 103 1
102 103 100 105 100 107 99 101 98 104 98 104 2
101 95 98 104 100 106 97 98 105 99 94 100 3
101 98 96 106 102 105 97 100 104 102 100 102 4
96 95 95 99 97 101 96 97 95 100 95 98 5
103 96 93 103 98 107 97 101 92 101 99 102 6
96 94 95 104 94 100 98 100 96 97 95 98 7
95 88 98 107 107 100 94 98 104 97 94 98 8
97 96 98 103 96 108 95 97 98 96 95 99 9
97 96 95 97 98 102 95 93 91 96 95 99 10
98 101 98 100 98 105 94 98 96 100 93 15000 11
Chip#4
100 101 100 101 104 106 108 106 107 105 106 103 0
104 96 103 99 104 103 108 104 104 102 102 104 1
99 98 100 100 101 106 107 102 104 97 96 99 2
97 96 102 100 106 105 108 102 108 101 101 103 3
95 97 97 99 100 102 103 98 101 97 99 91 4
105 102 106 108 109 109 113 106 113 105 106 103 5
100 102 100 96 107 102 108 105 103 100 99 101 6
101 97 106 104 107 106 114 108 108 107 108 106 7
97 96 100 97 107 101 103 99 103 104 98 95 8
100 101 100 100 107 104 111 103 107 101 102 99 9
97 96 99 96 104 104 104 102 101 96 98 96 10
96 96 97 96 98 100 103 96 100 94 93 15000 11
