Chip#1
104 101 100 109 105 110 108 102 107 97 109 104 0
102 100 104 114 103 107 113 102 104 105 106 99 1
101 98 127 138 98 135 166 111 121 154 109 105 2
109 111 116 121 114 123 135 108 119 137 113 108 3
101 105 98 104 102 108 107 103 106 97 101 102 4
96 96 92 95 94 98 101 98 111 121 98 88 5
99 101 100 99 98 103 104 104 106 118 100 99 6
106 101 99 102 103 103 105 102 106 99 102 100 7
98 100 98 106 101 101 108 102 104 96 101 99 8
103 99 105 103 100 105 109 97 106 93 102 99 9
99 97 100 98 94 99 101 98 101 88 95 96 10
109 104 106 109 104 106 106 103 111 101 112 15000 11
Chip#1
110 102 105 103 104 106 104 103 102 99 102 101 0
109 104 110 120 105 118 124 107 111 117 107 101 1
99 96 184 227 98 209 326 108 160 291 130 98 2
108 105 123 139 103 138 185 104 128 190 114 108 3
98 95 94 102 96 98 101 101 104 96 101 100 4
101 100 102 104 100 105 108 100 138 206 108 94 5
104 105 100 110 100 105 111 107 131 178 106 100 6
98 96 94 98 96 99 107 98 101 88 98 99 7
99 109 103 114 104 109 114 104 108 103 102 106 8
106 104 103 108 103 109 114 104 113 105 105 106 9
102 105 104 110 103 105 107 104 104 96 107 107 10
101 94 95 99 98 97 104 98 101 90 97 15000 11
Chip#1
101 99 99 107 103 101 108 100 106 97 101 99 0
101 94 109 116 100 107 128 105 107 116 101 95 1
101 99 215 259 107 239 380 115 184 348 136 98 2
97 97 125 143 100 147 198 97 133 222 106 96 3
109 106 99 108 107 109 111 105 112 108 107 100 4
99 93 97 103 95 104 109 105 147 222 106 99 5
98 99 102 106 97 103 108 103 136 190 107 102 6
110 109 104 110 107 112 111 107 114 100 107 108 7
101 97 102 106 98 103 105 101 99 97 100 96 8
101 93 99 102 100 104 102 98 100 91 97 99 9
98 102 96 104 98 103 106 102 108 95 98 99 10
105 100 99 104 103 109 106 102 104 97 106 15000 11
Chip#1
109 107 107 113 108 109 109 108 109 104 112 107 0
103 101 112 124 104 118 129 102 108 122 107 104 1
97 99 235 286 98 267 429 114 189 396 135 96 2
102 97 131 152 101 152 218 102 137 238 112 95 3
104 99 95 102 98 99 100 105 103 97 98 94 4
104 105 109 112 107 107 109 110 164 254 117 105 5
103 105 106 114 108 110 111 108 145 206 118 104 6
104 100 98 103 102 103 102 96 102 95 100 99 7
104 99 103 115 105 103 109 105 109 100 100 96 8
101 102 99 104 101 103 106 100 103 93 100 96 9
97 102 96 102 97 100 102 101 102 96 100 98 10
104 99 99 103 101 97 104 103 103 99 100 15000 11
Chip#1
103 100 97 104 100 100 102 104 104 96 107 100 0
104 96 115 125 103 114 133 107 104 124 101 94 1
96 97 254 316 104 290 487 116 204 446 148 96 2
101 105 140 166 104 162 237 105 145 254 116 100 3
106 105 99 103 107 111 108 104 107 109 106 99 4
103 105 106 110 101 105 113 103 162 254 111 100 5
104 101 102 110 103 106 106 107 145 222 109 96 6
108 101 97 103 101 101 105 101 106 96 101 98 7
106 107 109 113 107 108 112 105 109 96 107 101 8
98 102 105 107 102 103 108 100 100 95 102 95 9
101 97 104 107 100 103 107 104 107 101 105 95 10
103 111 105 110 104 111 106 109 106 104 108 15000 11
