Chip#1
110 109 109 103 100 108 113 112 109 110 109 103 0
111 109 116 104 106 110 114 111 116 108 116 105 1
110 108 108 109 103 112 112 114 114 110 109 103 2
109 109 117 291 137 103 111 196 237 115 110 97 3
118 109 116 207 109 110 116 198 229 113 113 109 4
102 105 105 102 99 106 107 108 107 106 105 100 5
113 109 114 112 106 115 116 113 122 116 114 110 6
115 109 112 186 126 112 115 231 318 115 110 104 7
114 109 117 277 189 115 112 603 381 117 113 104 8
113 109 111 111 105 107 115 127 124 111 112 107 9
117 109 112 108 104 111 115 113 115 112 104 110 10
121 109 119 114 111 111 117 120 118 116 116 15000 11
Chip#2
115 101 114 109 89 110 110 99 117 111 106 102 0
105 101 109 103 89 104 105 99 112 107 102 99 1
113 104 117 106 105 113 111 100 120 111 109 106 2
110 100 114 106 105 110 110 99 128 121 102 102 3
110 102 117 106 105 113 112 100 133 140 110 107 4
110 100 116 107 89 110 111 99 107 112 106 104 5
114 102 116 109 105 107 117 100 115 116 107 110 6
113 100 113 106 105 113 114 100 127 117 107 102 7
104 93 108 99 105 107 103 99 163 151 94 96 8
112 103 119 109 89 111 115 99 123 121 109 106 9
113 99 112 103 102 106 111 100 113 107 102 102 10
113 101 114 101 102 102 107 99 109 114 103 15000 11
Chip#1
114 109 113 107 105 108 113 111 113 106 109 109 0
110 106 109 101 102 101 110 108 106 106 105 102 1
119 109 118 114 115 118 120 123 121 116 125 114 2
104 105 112 290 132 99 107 191 227 101 104 97 3
110 109 111 204 106 107 113 196 225 111 113 105 4
117 109 113 109 110 111 117 116 118 117 116 108 5
109 108 108 97 104 104 111 108 111 108 109 101 6
101 97 102 173 115 96 101 215 302 101 98 93 7
111 109 118 282 184 108 116 602 378 115 113 104 8
110 108 113 106 102 106 111 128 120 107 110 103 9
104 105 104 95 94 98 103 102 100 102 101 97 10
117 106 111 101 102 103 106 110 110 106 106 15000 11
Chip#2
106 98 111 101 99 102 103 99 107 103 103 100 0
107 103 115 106 99 112 112 100 111 109 109 105 1
101 95 106 101 98 102 106 100 109 106 99 99 2
105 103 113 104 98 104 104 99 122 117 107 106 3
111 99 112 106 98 107 110 99 131 138 103 105 4
108 98 108 104 98 107 108 99 107 108 106 100 5
97 90 104 95 98 96 100 99 101 96 98 96 6
109 102 112 108 98 106 110 100 129 118 106 104 7
106 90 105 99 98 108 105 99 167 148 102 100 8
103 94 109 104 98 103 107 100 113 110 104 99 9
104 100 108 102 103 103 107 99 109 108 104 105 10
104 97 106 100 101 101 103 100 107 106 99 15000 11
Chip#3
104 96 104 103 103 112 103 111 95 98 100 98 0
102 94 104 95 101 112 104 105 96 100 100 100 1
109 101 107 103 110 116 106 113 101 107 104 107 2
97 93 104 99 102 109 100 105 102 101 98 103 3
106 102 109 105 111 115 104 110 102 103 103 104 4
99 95 103 97 108 120 103 106 97 102 105 101 5
102 93 102 93 102 110 102 105 95 100 99 103 6
104 94 107 98 105 113 104 110 100 103 101 105 7
106 98 108 106 108 120 104 108 101 106 104 107 8
99 94 103 97 105 106 102 107 100 96 100 99 9
102 94 100 95 103 113 99 103 97 101 100 103 10
103 100 105 102 105 120 100 106 100 103 100 15000 11
Chip#4
99 102 106 97 109 109 110 105 108 109 110 110 0
105 100 109 100 109 108 111 102 111 101 103 106 1
101 102 117 104 112 110 106 104 113 107 109 106 2
104 93 104 99 112 106 106 102 110 108 104 108 3
96 100 113 94 106 106 108 106 114 105 106 106 4
110 105 114 113 113 112 116 109 115 107 113 113 5
102 98 112 99 112 108 110 106 117 109 112 109 6
113 114 122 111 126 121 121 118 117 117 120 118 7
102 98 110 100 113 108 108 101 107 104 103 109 8
106 102 113 104 113 112 111 109 110 108 111 109 9
104 102 112 105 110 112 113 111 113 109 112 110 10
105 102 114 104 112 106 113 114 107 105 110 15000 11
Chip#1
102 104 105 96 99 94 105 102 103 101 103 101 0
109 109 116 102 104 107 115 109 107 107 108 105 1
106 109 112 104 100 105 112 109 107 108 103 101 2
114 109 121 298 140 108 112 201 238 111 113 103 3
105 106 107 202 103 104 108 189 224 106 104 102 4
113 109 114 107 106 111 113 113 110 110 113 108 5
117 109 117 111 108 117 117 109 116 112 116 110 6
117 109 116 186 132 113 115 230 314 112 110 109 7
111 109 113 280 183 106 112 598 379 107 110 104 8
113 109 116 109 105 111 115 125 123 108 109 104 9
106 109 108 101 100 98 112 107 107 106 104 103 10
115 109 117 107 106 105 112 106 113 110 110 15000 11
Chip#2
106 107 109 104 101 105 114 100 114 108 106 104 0
98 95 98 99 97 103 101 99 107 97 93 92 1
111 101 115 108 97 105 113 99 112 110 108 110 2
107 99 109 104 114 107 107 100 126 117 103 101 3
107 99 111 102 105 108 104 100 125 128 103 99 4
108 100 108 103 89 105 105 99 107 108 103 100 5
104 95 106 101 102 99 101 99 110 102 104 101 6
103 96 105 99 102 101 103 99 125 110 99 96 7
117 109 116 116 114 117 116 100 183 164 114 111 8
108 99 105 101 105 102 109 100 115 112 106 102 9
106 100 105 102 98 101 105 100 107 103 103 98 10
109 102 109 101 98 105 108 100 115 110 109 15000 11
Chip#3
120 113 114 115 118 120 115 115 115 113 115 117 0
111 109 108 110 115 119 109 113 104 112 110 111 1
112 111 109 112 119 120 114 114 114 112 110 114 2
117 111 113 131 139 120 114 151 190 114 111 112 3
115 111 115 128 137 120 115 130 179 117 115 113 4
117 114 117 115 119 123 118 124 118 114 116 120 5
112 111 110 109 119 120 110 116 111 116 113 113 6
118 112 114 123 121 120 116 120 148 114 116 117 7
120 114 121 146 151 124 119 123 155 124 120 119 8
115 114 115 116 123 120 118 119 115 113 110 116 9
116 108 112 111 118 120 110 113 109 112 113 113 10
117 116 113 113 119 120 117 115 116 118 113 15000 11
Chip#4
111 110 113 114 119 118 122 118 120 112 116 114 0
113 109 120 114 118 117 116 118 121 116 119 116 1
107 105 114 105 109 108 113 112 113 109 108 107 2
118 112 128 114 130 124 122 125 132 146 120 115 3
118 114 128 118 147 122 122 122 157 146 127 120 4
120 123 128 118 124 122 122 124 127 120 122 117 5
110 114 119 114 121 121 120 118 123 117 117 115 6
114 106 128 114 118 118 122 118 127 119 122 115 7
115 115 128 121 145 126 122 116 142 146 119 117 8
122 115 126 120 136 125 121 125 128 123 120 118 9
120 121 123 122 125 122 122 115 128 120 122 118 10
125 121 127 117 133 129 122 125 128 123 125 15000 11
Chip#4
122 123 128 125 133 122 122 131 127 124 126 124 0
117 111 122 114 123 118 122 121 123 117 120 117 1
111 109 119 114 118 117 117 116 120 112 114 112 2
114 118 119 117 133 118 120 118 140 146 122 121 3
120 120 128 117 141 127 122 121 159 162 122 122 4
117 114 128 118 124 124 122 124 125 123 123 118 5
118 117 128 121 124 128 122 125 127 119 123 120 6
121 118 126 122 127 124 122 125 132 125 125 122 7
120 116 128 117 141 124 122 122 140 146 119 116 8
122 116 122 118 133 127 122 122 130 120 122 118 9
118 116 128 124 124 125 122 121 128 116 123 117 10
117 110 119 110 115 116 121 114 121 112 121 15000 11
