Chip#1
458 625 718 341 396 394 560 572 466 517 630 660 2
450 547 712 327 392 386 492 470 468 510 622 644 3
454 540 704 326 385 383 560 564 453 503 618 660 4
464 625 718 337 396 392 560 571 468 505 622 660 5
458 625 720 338 398 392 560 569 458 506 614 644 6
456 550 711 334 397 390 560 470 460 503 613 644 7
464 625 723 345 413 407 576 582 475 511 617 644 8
461 641 727 345 414 407 576 590 485 523 630 660 9
485 641 740 361 427 416 592 590 494 540 640 676 10
491 657 754 369 426 423 592 590 500 544 640 708 11
488 641 742 352 425 419 592 590 507 546 640 692 0
464 641 718 334 402 401 576 578 481 522 639 15000 1
Chip#2
294 443 404 351 346 256 441 434 480 422 491 541 2
285 430 403 351 342 247 432 426 416 414 491 525 3
289 422 394 351 334 244 432 425 465 406 491 541 4
300 499 404 351 346 253 437 433 416 408 491 541 5
294 499 404 351 349 253 436 430 416 409 491 525 6
291 434 402 351 347 252 436 423 416 406 491 525 7
300 499 404 351 364 270 449 445 489 415 491 525 8
296 515 404 351 365 270 462 457 500 428 491 541 9
323 515 404 351 380 280 466 458 510 447 491 557 10
329 531 404 351 379 288 470 465 516 451 491 679 11
325 515 404 351 443 282 470 468 524 454 491 573 0
300 515 404 351 352 264 449 440 496 427 491 15000 1
Chip#3
665 811 797 638 714 657 747 765 730 782 818 827 2
658 737 792 626 711 650 740 759 731 776 811 811 3
661 731 785 625 705 648 740 758 718 770 808 827 4
670 811 797 635 714 655 744 764 731 771 811 827 5
665 811 799 636 716 655 743 762 723 772 804 811 6
663 740 791 632 715 654 743 756 724 770 803 811 7
670 811 801 642 728 668 811 774 737 777 807 811 8
667 827 805 642 729 668 763 783 746 787 818 827 9
688 827 816 657 740 676 827 784 754 802 828 843 10
693 843 828 664 739 682 827 789 759 805 833 875 11
690 827 818 648 738 678 827 792 765 807 840 859 0
670 827 797 632 719 663 811 770 743 786 826 15000 1
Chip#4
665 811 797 638 714 657 747 765 730 782 818 827 2
658 737 792 626 711 650 740 759 731 776 811 811 3
661 731 785 625 705 648 740 758 718 770 808 827 4
670 811 797 635 714 655 744 764 731 771 811 827 5
665 811 799 636 716 655 743 762 723 772 804 811 6
663 740 791 632 715 654 743 756 724 770 803 811 7
670 811 801 642 728 668 811 774 737 777 807 811 8
667 827 805 642 729 668 763 783 746 787 818 827 9
688 827 816 657 740 676 827 784 754 802 828 843 10
693 843 828 664 739 682 827 789 759 805 833 875 11
690 827 818 648 738 678 827 792 765 807 840 859 0
670 827 797 632 719 663 811 770 743 786 826 15000 1
Chip#1
0 0 0 0 0 0 0 0 0 0 0 0 0
0 0 0 0 0 0 0 0 0 0 0 0 0
0 0 0 0 0 0 0 0 0 0 0 0 0
0 0 0 0 0 0 0 0 0 0 0 0 0
0 0 0 0 0 0 0 0 0 0 0 0 0
0 0 0 0 0 0 0 0 0 0 0 0 0
0 0 0 0 0 0 0 0 0 0 0 0 0
0 0 0 0 0 0 0 0 0 0 0 0 0
0 0 0 0 0 0 0 0 0 0 0 0 0
0 0 0 0 0 0 0 0 0 0 0 0 0
0 0 0 0 0 0 0 0 0 0 0 0 0
0 0 0 0 0 0 0 0 0 0 0 15000 0
Chip#2
Chip#3
Chip#4
Chip#1
Chip#2
Chip#3
Chip#4
Chip#1
Chip#2
Chip#3
Chip#4
Chip#1
Chip#2
Chip#3
Chip#4
Chip#1
Chip#2
Chip#3
Chip#4
Chip#1
Chip#2
Chip#3
Chip#4
Chip#1
Chip#2
Chip#3
Chip#4
Chip#1
Chip#2
Chip#3
Chip#4
Chip#1
Chip#2
Chip#3
Chip#4
Chip#1
Chip#2
Chip#3
Chip#4
Chip#1
Chip#2
Chip#3
Chip#4
Chip#1
Chip#2
Chip#3
Chip#4
Chip#1
Chip#2
Chip#3
Chip#4
Chip#1
Chip#2
Chip#3
Chip#4
Chip#1
Chip#2
Chip#3
Chip#4
