Chip#1
143 139 128 0 106 67 0 38 14 1 182 116 0
143 139 144 0 119 73 0 46 21 77 182 120 1
143 155 144 0 118 74 0 48 21 77 198 120 2
80 139 78 0 119 68 0 41 24 77 182 116 3
143 155 144 140 286 82 0 54 303 333 198 120 4
143 155 144 59 231 78 0 51 232 190 198 118 5
143 155 144 0 113 78 0 49 24 77 182 120 6
143 139 144 0 112 68 0 45 20 77 182 117 7
143 139 144 40 273 76 0 51 106 150 182 118 8
76 139 128 340 911 125 0 51 636 594 182 115 9
143 139 128 85 374 75 0 44 250 153 182 119 10
80 139 144 0 117 73 0 47 25 9 182 15000 11
Chip#2
147 1 234 54 83 61 128 79 72 191 153 116 0
153 6 234 63 87 67 133 80 79 198 156 126 1
154 7 234 62 82 65 193 86 81 201 158 123 2
152 9 234 90 83 69 134 97 99 198 154 122 3
149 2 234 216 140 59 133 284 298 192 150 119 4
150 2 234 132 84 61 127 113 108 193 155 121 5
146 1 234 54 80 57 130 79 76 192 146 118 6
142 0 234 55 75 59 125 79 71 189 151 116 7
153 5 234 200 136 62 193 214 275 197 152 121 8
152 6 234 184 142 67 133 171 196 199 157 124 9
149 6 234 58 85 64 129 79 76 193 150 122 10
141 0 234 50 75 55 122 74 69 184 143 15000 11
Chip#3
0 0 0 0 0 0 0 0 0 0 0 0 241
0 0 0 0 0 0 0 0 0 0 0 0 241
0 0 0 0 0 0 0 0 0 0 0 0 241
0 0 0 0 0 0 0 0 0 0 0 0 241
0 0 0 0 0 0 0 0 0 0 0 0 241
0 0 0 0 0 0 0 0 0 0 0 0 241
0 0 0 0 0 0 0 0 0 0 0 0 241
0 0 0 0 0 0 0 0 0 0 0 0 241
0 0 0 0 0 0 0 0 0 0 0 0 241
0 0 0 0 0 0 0 0 0 0 0 0 241
0 0 0 0 0 0 0 0 0 0 0 0 241
0 0 0 0 0 0 0 0 0 0 0 15000 241
Chip#4
0 0 0 0 0 19 22 0 0 0 0 0 241
0 0 0 0 0 19 22 0 0 0 0 0 241
0 0 0 0 0 19 22 0 0 0 0 0 241
0 0 0 0 0 19 22 0 0 0 0 0 241
0 0 0 0 0 19 22 0 0 0 0 0 241
0 0 0 0 0 19 22 0 0 0 0 0 241
0 0 0 0 0 19 22 0 0 0 0 0 241
0 0 0 0 0 19 22 0 0 0 0 0 241
0 0 0 0 0 19 22 0 0 0 0 0 241
0 0 0 0 0 19 22 0 0 0 0 0 241
0 0 0 0 0 19 22 0 0 0 0 0 241
0 0 0 0 0 19 22 0 0 0 0 15000 241
Chip#1
78 139 128 0 93 67 0 46 12 61 182 116 0
127 123 79 0 113 70 0 46 19 6 182 120 1
76 123 128 0 93 64 0 43 19 2 182 118 2
76 139 144 0 130 73 0 47 45 93 182 117 3
143 139 144 282 605 99 0 58 831 753 198 120 4
143 155 144 196 461 98 0 67 635 533 198 120 5
143 139 144 0 115 68 0 46 25 77 182 115 6
159 171 160 12 135 86 0 68 41 109 214 120 7
78 139 144 149 575 87 0 58 283 333 182 120 8
143 155 144 968 2397 262 0 71 1799 1717 214 120 9
143 139 144 280 854 97 0 60 547 435 198 119 10
143 155 144 0 122 74 0 54 25 93 198 15000 11
Chip#2
157 8 234 68 89 72 138 87 78 198 155 128 0
158 9 234 69 92 70 139 88 83 200 155 130 1
158 14 234 75 94 73 143 91 86 204 157 129 2
150 7 234 298 99 69 193 273 287 200 153 125 3
158 12 490 1850 645 77 209 1569 1755 209 158 129 4
155 8 234 672 132 74 141 387 357 206 156 122 5
155 12 234 74 95 77 143 94 84 203 157 126 6
158 9 234 74 95 78 142 93 93 205 156 124 7
157 14 258 1480 570 102 209 993 1547 210 158 127 8
154 7 246 1464 629 73 143 898 1083 205 156 125 9
150 9 234 69 94 77 193 92 83 200 153 120 10
158 9 234 68 94 72 193 86 86 201 156 15000 11
Chip#3
0 0 0 0 0 0 0 0 0 0 0 0 241
0 0 0 0 0 0 0 0 0 0 0 0 241
0 0 0 0 0 0 0 0 0 0 0 0 241
0 0 0 0 0 0 0 0 0 0 0 0 241
0 0 0 0 0 0 0 0 0 0 0 0 241
0 0 0 0 0 0 0 0 0 0 0 0 241
0 0 0 0 0 0 0 0 0 0 0 0 241
0 0 0 0 0 0 0 0 0 0 0 0 241
0 0 0 0 0 0 0 0 0 0 0 0 241
0 0 0 0 0 0 0 0 0 0 0 0 241
0 0 0 0 0 0 0 0 0 0 0 0 241
0 0 0 0 0 0 0 0 0 0 0 15000 241
Chip#4
0 0 0 0 0 19 22 0 0 0 0 0 241
0 0 0 0 0 19 22 0 0 0 0 0 241
0 0 0 0 0 19 22 0 0 0 0 0 241
0 0 0 0 0 19 22 0 0 0 0 0 241
0 0 0 0 0 19 22 0 0 0 0 0 241
0 0 0 0 0 19 22 0 0 0 0 0 241
0 0 0 0 0 19 22 0 0 0 0 0 241
0 0 0 0 0 19 22 0 0 0 0 0 241
0 0 0 0 0 19 22 0 0 0 0 0 241
0 0 0 0 0 19 22 0 0 0 0 0 241
0 0 0 0 0 19 22 0 0 0 0 0 241
0 0 0 0 0 19 22 0 0 0 0 15000 241
Chip#1
76 139 144 0 111 67 0 40 19 77 182 118 0
143 155 144 0 121 73 0 50 18 77 198 120 1
143 139 144 0 118 64 0 44 21 77 182 120 2
143 155 144 0 139 68 0 52 48 109 198 120 3
78 139 78 280 605 97 0 56 830 742 182 120 4
77 139 79 185 454 85 0 61 635 526 182 120 5
143 155 144 0 118 74 0 52 28 93 198 120 6
78 139 144 0 118 69 0 49 25 77 182 118 7
143 155 144 149 584 86 0 60 283 333 198 120 8
80 139 144 974 2397 266 0 80 1806 1726 198 120 9
143 139 144 282 852 93 0 62 556 436 182 120 10
127 139 128 0 113 67 0 40 12 2 166 10000 11
Chip#2
158 13 234 70 93 73 193 90 89 205 158 129 0
151 7 234 60 88 66 133 83 84 198 155 126 1
158 12 234 72 92 77 142 91 90 206 158 128 2
155 7 234 232 99 77 193 274 287 206 158 127 3
158 12 490 1854 550 73 144 1570 1755 212 158 127 4
153 9 234 672 131 72 193 383 357 200 158 124 5
158 15 234 72 98 81 149 96 96 210 158 133 6
152 5 234 74 96 71 193 90 93 201 158 127 7
158 19 263 1496 578 87 147 993 1563 214 158 135 8
153 12 248 1448 534 77 143 898 1067 205 158 125 9
155 18 234 73 95 78 143 98 92 206 158 131 10
150 5 234 65 88 70 134 83 82 199 157 10000 11
Chip#3
0 0 0 0 0 0 0 0 0 0 0 0 241
0 0 0 0 0 0 0 0 0 0 0 0 241
0 0 0 0 0 0 0 0 0 0 0 0 241
0 0 0 0 0 0 0 0 0 0 0 0 241
0 0 0 0 0 0 0 0 0 0 0 0 241
0 0 0 0 0 0 0 0 0 0 0 0 241
0 0 0 0 0 0 0 0 0 0 0 0 241
0 0 0 0 0 0 0 0 0 0 0 0 241
0 0 0 0 0 0 0 0 0 0 0 0 241
0 0 0 0 0 0 0 0 0 0 0 0 241
0 0 0 0 0 0 0 0 0 0 0 0 241
0 0 0 0 0 0 0 0 0 0 0 15000 241
Chip#4
0 0 0 0 0 19 22 0 0 0 0 0 241
0 0 0 0 0 19 22 0 0 0 0 0 241
0 0 0 0 0 19 22 0 0 0 0 0 241
0 0 0 0 0 19 22 0 0 0 0 0 241
0 0 0 0 0 19 22 0 0 0 0 0 241
0 0 0 0 0 19 22 0 0 0 0 0 241
0 0 0 0 0 19 22 0 0 0 0 0 241
0 0 0 0 0 19 22 0 0 0 0 0 241
0 0 0 0 0 19 22 0 0 0 0 0 241
0 0 0 0 0 19 22 0 0 0 0 0 241
0 0 0 0 0 19 22 0 0 0 0 0 241
0 0 0 0 0 19 22 0 0 0 0 15000 241
Chip#1
143 155 144 0 119 78 0 54 22 77 182 120 0
127 139 128 0 93 68 0 44 15 6 182 115 1
143 155 144 0 122 79 0 55 28 77 198 120 2
159 155 160 60 139 133 0 54 53 109 198 120 3
77 139 77 279 605 102 0 61 827 742 182 120 4
78 139 144 193 458 90 0 60 630 521 182 120 5
127 139 144 2 122 81 0 54 29 77 182 120 6
143 155 144 0 121 133 0 54 28 93 198 120 7
143 139 144 149 591 93 0 62 290 333 198 120 8
143 139 144 970 2397 270 0 83 1799 1724 198 120 9
127 139 144 281 848 92 0 60 547 432 182 120 10
78 139 144 0 119 78 0 51 27 77 182 10000 11
Chip#2
152 7 234 59 80 66 134 81 77 194 148 119 0
147 5 234 60 85 65 134 81 76 194 151 121 1
158 14 234 70 93 77 143 92 88 208 158 131 2
150 5 234 232 96 66 133 270 280 199 153 120 3
152 8 490 1850 641 72 193 1567 1739 198 152 120 4
146 6 234 672 124 68 193 380 352 200 152 124 5
154 11 234 72 96 71 138 89 88 204 158 128 6
152 9 234 73 95 71 141 93 91 202 158 130 7
155 12 263 1496 576 76 148 993 1563 210 158 135 8
151 7 246 1448 518 76 141 894 1067 205 158 126 9
150 9 234 70 94 68 193 91 83 199 158 127 10
150 6 234 65 87 68 193 82 78 198 155 10000 11
Chip#3
0 0 0 0 0 0 0 0 0 0 0 0 241
0 0 0 0 0 0 0 0 0 0 0 0 241
0 0 0 0 0 0 0 0 0 0 0 0 241
0 0 0 0 0 0 0 0 0 0 0 0 241
0 0 0 0 0 0 0 0 0 0 0 0 241
0 0 0 0 0 0 0 0 0 0 0 0 241
0 0 0 0 0 0 0 0 0 0 0 0 241
0 0 0 0 0 0 0 0 0 0 0 0 241
0 0 0 0 0 0 0 0 0 0 0 0 241
0 0 0 0 0 0 0 0 0 0 0 0 241
0 0 0 0 0 0 0 0 0 0 0 0 241
0 0 0 0 0 0 0 0 0 0 0 15000 241
Chip#4
0 0 0 0 0 19 22 0 0 0 0 0 241
0 0 0 0 0 19 22 0 0 0 0 0 241
0 0 0 0 0 19 22 0 0 0 0 0 241
0 0 0 0 0 19 22 0 0 0 0 0 241
0 0 0 0 0 19 22 0 0 0 0 0 241
0 0 0 0 0 19 22 0 0 0 0 0 241
0 0 0 0 0 19 22 0 0 0 0 0 241
0 0 0 0 0 19 22 0 0 0 0 0 241
0 0 0 0 0 19 22 0 0 0 0 0 241
0 0 0 0 0 19 22 0 0 0 0 0 241
0 0 0 0 0 19 22 0 0 0 0 0 241
0 0 0 0 0 19 22 0 0 0 0 15000 241
Chip#1
143 155 144 0 115 68 0 49 23 77 198 119 0
76 139 128 0 115 69 0 49 17 3 182 120 1
143 155 144 0 119 70 0 45 23 77 198 120 2
143 139 144 6 137 76 0 61 55 93 182 120 3
77 123 77 287 605 101 0 60 832 741 182 120 4
143 155 144 195 461 96 0 63 637 531 198 120 5
143 155 144 2 125 79 0 58 34 77 198 120 6
76 139 79 0 119 76 0 55 30 77 182 120 7
76 139 83 149 583 88 0 58 287 278 182 120 8
143 155 160 968 2397 264 0 75 1798 1723 214 120 9
143 139 144 286 855 98 0 60 554 436 198 120 10
127 139 81 0 119 76 0 50 25 4 182 10000 11
Chip#2
149 0 234 57 85 62 129 80 80 194 153 121 0
158 14 234 72 93 74 141 86 86 204 157 128 1
153 8 234 67 89 75 135 88 86 199 158 127 2
154 12 234 232 102 76 141 276 293 201 155 131 3
150 9 490 1853 643 72 141 1572 1739 206 158 122 4
154 9 234 672 133 74 144 384 360 203 155 125 5
149 11 234 69 95 73 139 87 86 204 157 122 6
153 7 234 75 94 74 138 94 92 201 156 127 7
148 7 257 1464 568 71 193 977 1547 203 148 121 8
152 13 251 1448 628 73 142 893 1067 208 153 125 9
152 11 234 75 96 73 193 92 88 201 156 124 10
155 6 234 63 85 69 193 83 82 198 155 10000 11
Chip#3
0 0 0 0 0 0 0 0 0 0 0 0 241
0 0 0 0 0 0 0 0 0 0 0 0 241
0 0 0 0 0 0 0 0 0 0 0 0 241
0 0 0 0 0 0 0 0 0 0 0 0 241
0 0 0 0 0 0 0 0 0 0 0 0 241
0 0 0 0 0 0 0 0 0 0 0 0 241
0 0 0 0 0 0 0 0 0 0 0 0 241
0 0 0 0 0 0 0 0 0 0 0 0 241
0 0 0 0 0 0 0 0 0 0 0 0 241
0 0 0 0 0 0 0 0 0 0 0 0 241
0 0 0 0 0 0 0 0 0 0 0 0 241
0 0 0 0 0 0 0 0 0 0 0 15000 241
Chip#4
0 0 0 0 0 19 22 0 0 0 0 0 241
0 0 0 0 0 19 22 0 0 0 0 0 241
0 0 0 0 0 19 22 0 0 0 0 0 241
0 0 0 0 0 19 22 0 0 0 0 0 241
0 0 0 0 0 19 22 0 0 0 0 0 241
0 0 0 0 0 19 22 0 0 0 0 0 241
0 0 0 0 0 19 22 0 0 0 0 0 241
0 0 0 0 0 19 22 0 0 0 0 0 241
0 0 0 0 0 19 22 0 0 0 0 0 241
0 0 0 0 0 19 22 0 0 0 0 0 241
0 0 0 0 0 19 22 0 0 0 0 0 241
0 0 0 0 0 19 22 0 0 0 0 15000 241
Chip#1
143 155 144 0 122 76 0 51 25 77 198 120 0
143 155 144 0 116 73 0 50 19 77 182 120 1
143 139 144 0 110 69 0 44 17 77 198 120 2
143 155 144 0 137 74 0 54 50 109 198 120 3
143 155 144 282 605 100 0 62 829 747 198 120 4
143 155 144 191 455 90 0 63 634 526 198 120 5
127 139 144 0 123 76 0 56 34 77 182 120 6
143 155 144 0 119 80 0 56 24 77 198 120 7
143 155 144 149 580 86 0 54 282 333 198 117 8
127 139 79 961 2397 257 0 72 1790 1711 182 120 9
76 139 144 281 853 93 0 60 551 437 182 114 10
127 139 144 0 119 78 0 49 21 77 182 10000 11
Chip#2
154 8 234 65 89 69 193 86 84 197 157 127 0
153 4 234 64 90 69 133 87 82 201 156 126 1
158 18 234 78 104 83 149 99 94 209 158 135 2
158 12 234 305 104 76 148 277 292 206 158 127 3
157 13 490 1857 645 79 142 1573 1739 208 156 130 4
149 5 234 672 128 70 139 377 355 203 153 124 5
153 8 234 69 95 71 193 91 88 203 155 130 6
158 14 234 82 103 79 146 97 99 209 158 133 7
157 9 258 1480 567 78 142 993 1547 212 158 129 8
158 16 251 1448 634 78 144 894 1067 211 158 131 9
155 12 234 77 98 76 144 95 92 204 158 131 10
153 8 234 70 93 71 193 88 87 200 158 10000 11
Chip#3
0 0 0 0 0 0 0 0 0 0 0 0 241
0 0 0 0 0 0 0 0 0 0 0 0 241
0 0 0 0 0 0 0 0 0 0 0 0 241
0 0 0 0 0 0 0 0 0 0 0 0 241
0 0 0 0 0 0 0 0 0 0 0 0 241
0 0 0 0 0 0 0 0 0 0 0 0 241
0 0 0 0 0 0 0 0 0 0 0 0 241
0 0 0 0 0 0 0 0 0 0 0 0 241
0 0 0 0 0 0 0 0 0 0 0 0 241
0 0 0 0 0 0 0 0 0 0 0 0 241
0 0 0 0 0 0 0 0 0 0 0 0 241
0 0 0 0 0 0 0 0 0 0 0 15000 241
Chip#4
0 0 0 0 0 19 22 0 0 0 0 0 241
0 0 0 0 0 19 22 0 0 0 0 0 241
0 0 0 0 0 19 22 0 0 0 0 0 241
0 0 0 0 0 19 22 0 0 0 0 0 241
0 0 0 0 0 19 22 0 0 0 0 0 241
0 0 0 0 0 19 22 0 0 0 0 0 241
0 0 0 0 0 19 22 0 0 0 0 0 241
0 0 0 0 0 19 22 0 0 0 0 0 241
0 0 0 0 0 19 22 0 0 0 0 0 241
0 0 0 0 0 19 22 0 0 0 0 0 241
0 0 0 0 0 19 22 0 0 0 0 0 241
0 0 0 0 0 19 22 0 0 0 0 15000 241
Chip#1
143 155 144 0 118 76 0 52 28 77 198 120 0
143 139 144 0 111 68 0 47 14 77 182 120 1
143 139 144 0 117 75 0 50 27 77 182 120 2
143 139 82 3 139 72 0 52 49 93 182 120 3
85 139 144 290 605 104 0 61 835 750 198 120 4
143 155 144 191 461 97 0 58 634 526 198 120 5
81 139 144 1 124 79 0 61 34 77 182 120 6
143 155 144 0 122 79 0 54 24 77 198 120 7
143 139 144 149 582 91 0 58 290 333 198 120 8
143 155 144 966 2397 261 0 72 1799 1717 214 120 9
143 139 144 287 856 98 0 61 557 441 182 120 10
143 155 160 4 126 86 0 56 30 93 198 10000 11
Chip#2
150 6 234 59 83 65 132 80 82 192 151 120 0
154 6 234 67 90 74 137 88 86 201 158 127 1
153 9 234 70 92 72 193 90 86 198 155 126 2
157 11 234 309 100 75 140 277 295 203 155 128 3
149 6 490 1861 639 69 141 1617 1755 199 153 119 4
149 6 234 672 125 70 135 381 354 201 152 121 5
147 2 234 68 89 69 193 87 83 194 151 126 6
143 2 234 72 88 69 138 91 83 197 149 125 7
158 14 259 1464 573 77 144 977 1547 208 158 128 8
150 8 251 1448 628 73 143 894 1067 206 155 126 9
154 13 234 75 93 71 140 93 89 200 158 125 10
154 8 234 69 89 68 193 86 83 198 158 10000 11
Chip#3
0 0 0 0 0 0 0 0 0 0 0 0 241
0 0 0 0 0 0 0 0 0 0 0 0 241
0 0 0 0 0 0 0 0 0 0 0 0 241
0 0 0 0 0 0 0 0 0 0 0 0 241
0 0 0 0 0 0 0 0 0 0 0 0 241
0 0 0 0 0 0 0 0 0 0 0 0 241
0 0 0 0 0 0 0 0 0 0 0 0 241
0 0 0 0 0 0 0 0 0 0 0 0 241
0 0 0 0 0 0 0 0 0 0 0 0 241
0 0 0 0 0 0 0 0 0 0 0 0 241
0 0 0 0 0 0 0 0 0 0 0 0 241
0 0 0 0 0 0 0 0 0 0 0 15000 241
Chip#4
0 0 0 0 0 19 22 0 0 0 0 0 241
0 0 0 0 0 19 22 0 0 0 0 0 241
0 0 0 0 0 19 22 0 0 0 0 0 241
0 0 0 0 0 19 22 0 0 0 0 0 241
0 0 0 0 0 19 22 0 0 0 0 0 241
0 0 0 0 0 19 22 0 0 0 0 0 241
0 0 0 0 0 19 22 0 0 0 0 0 241
0 0 0 0 0 19 22 0 0 0 0 0 241
0 0 0 0 0 19 22 0 0 0 0 0 241
0 0 0 0 0 19 22 0 0 0 0 0 241
0 0 0 0 0 19 22 0 0 0 0 0 241
0 0 0 0 0 19 22 0 0 0 0 15000 241
Chip#1
143 139 77 0 115 72 0 41 20 6 182 120 0
127 139 128 0 112 68 0 44 16 1 182 115 1
78 139 144 0 115 70 0 47 24 4 182 120 2
143 139 144 9 142 82 0 57 55 43 198 120 3
127 139 144 282 605 99 0 63 829 741 198 120 4
143 139 144 194 457 93 0 60 635 527 182 120 5
143 155 144 7 130 82 0 64 39 93 198 120 6
81 155 144 0 120 76 0 52 28 77 198 120 7
143 155 144 149 589 92 0 60 291 283 198 120 8
143 155 144 970 2397 267 0 78 1803 1723 214 120 9
143 155 144 280 847 94 0 57 554 437 198 119 10
82 139 144 7 129 84 0 56 31 77 182 10000 11
Chip#2
151 8 234 62 88 65 129 83 79 193 149 122 0
153 7 234 63 89 66 193 86 79 200 156 125 1
154 12 234 69 90 73 138 87 87 200 157 126 2
157 15 234 304 105 71 141 276 289 204 158 126 3
154 12 490 1856 550 71 142 1572 1739 203 158 125 4
146 6 234 672 127 69 140 384 354 199 155 121 5
154 8 234 73 93 71 193 92 84 200 157 126 6
152 12 234 70 94 71 193 90 90 201 152 125 7
153 12 263 1464 470 76 141 977 1547 209 158 128 8
153 7 247 1464 623 71 193 892 1083 205 152 122 9
153 8 234 68 90 70 135 89 84 200 155 121 10
152 8 234 65 93 69 193 87 84 200 155 10000 11
Chip#3
0 0 0 0 0 0 0 0 0 0 0 0 241
0 0 0 0 0 0 0 0 0 0 0 0 241
0 0 0 0 0 0 0 0 0 0 0 0 241
0 0 0 0 0 0 0 0 0 0 0 0 241
0 0 0 0 0 0 0 0 0 0 0 0 241
0 0 0 0 0 0 0 0 0 0 0 0 241
0 0 0 0 0 0 0 0 0 0 0 0 241
0 0 0 0 0 0 0 0 0 0 0 0 241
0 0 0 0 0 0 0 0 0 0 0 0 241
0 0 0 0 0 0 0 0 0 0 0 0 241
0 0 0 0 0 0 0 0 0 0 0 0 241
0 0 0 0 0 0 0 0 0 0 0 15000 241
Chip#4
0 0 0 0 0 19 22 0 0 0 0 0 241
0 0 0 0 0 19 22 0 0 0 0 0 241
0 0 0 0 0 19 22 0 0 0 0 0 241
0 0 0 0 0 19 22 0 0 0 0 0 241
0 0 0 0 0 19 22 0 0 0 0 0 241
0 0 0 0 0 19 22 0 0 0 0 0 241
0 0 0 0 0 19 22 0 0 0 0 0 241
0 0 0 0 0 19 22 0 0 0 0 0 241
0 0 0 0 0 19 22 0 0 0 0 0 241
0 0 0 0 0 19 22 0 0 0 0 0 241
0 0 0 0 0 19 22 0 0 0 0 0 241
0 0 0 0 0 19 22 0 0 0 0 15000 241
Chip#1
127 139 128 0 112 66 0 44 17 61 182 118 0
127 123 128 0 88 61 0 40 16 61 166 113 1
82 139 77 0 117 66 0 47 19 61 182 117 2
143 155 144 4 142 76 0 55 55 109 198 120 3
143 155 144 292 605 110 0 69 843 753 198 120 4
143 155 144 193 456 90 0 62 626 526 198 120 5
143 139 144 3 119 81 0 51 28 77 182 120 6
77 139 144 0 115 76 0 54 20 77 182 118 7
127 139 82 149 578 84 0 52 280 274 182 120 8
143 139 92 971 2397 269 0 79 1800 1729 198 120 9
127 139 144 279 845 91 0 55 547 432 198 120 10
143 155 144 2 119 74 0 49 26 77 198 10000 11
Chip#2
148 0 234 62 87 62 132 83 76 192 152 119 0
152 15 234 73 93 72 193 90 86 201 158 131 1
150 4 234 60 87 65 134 83 77 197 150 122 2
155 11 234 303 103 76 142 280 292 203 157 130 3
155 7 490 1855 550 77 151 1576 1755 208 156 127 4
150 4 234 672 125 69 193 386 357 203 155 123 5
150 5 234 68 90 71 135 88 86 198 155 125 6
155 9 234 73 96 71 141 98 94 206 155 122 7
144 5 254 1464 470 65 140 977 1547 199 150 116 8
155 13 249 1448 534 76 148 895 1067 212 158 130 9
146 2 234 68 87 67 193 88 83 194 152 121 10
148 7 234 64 88 67 141 86 79 197 155 10000 11
Chip#3
0 0 0 0 0 0 0 0 0 0 0 0 241
0 0 0 0 0 0 0 0 0 0 0 0 241
0 0 0 0 0 0 0 0 0 0 0 0 241
0 0 0 0 0 0 0 0 0 0 0 0 241
0 0 0 0 0 0 0 0 0 0 0 0 241
0 0 0 0 0 0 0 0 0 0 0 0 241
0 0 0 0 0 0 0 0 0 0 0 0 241
0 0 0 0 0 0 0 0 0 0 0 0 241
0 0 0 0 0 0 0 0 0 0 0 0 241
0 0 0 0 0 0 0 0 0 0 0 0 241
0 0 0 0 0 0 0 0 0 0 0 0 241
0 0 0 0 0 0 0 0 0 0 0 15000 241
Chip#4
0 0 0 0 0 19 22 0 0 0 0 0 241
0 0 0 0 0 19 22 0 0 0 0 0 241
0 0 0 0 0 19 22 0 0 0 0 0 241
0 0 0 0 0 19 22 0 0 0 0 0 241
0 0 0 0 0 19 22 0 0 0 0 0 241
0 0 0 0 0 19 22 0 0 0 0 0 241
0 0 0 0 0 19 22 0 0 0 0 0 241
0 0 0 0 0 19 22 0 0 0 0 0 241
0 0 0 0 0 19 22 0 0 0 0 0 241
0 0 0 0 0 19 22 0 0 0 0 0 241
0 0 0 0 0 19 22 0 0 0 0 0 241
0 0 0 0 0 19 22 0 0 0 0 15000 241
Chip#1
143 139 128 0 112 67 0 44 15 77 182 118 0
80 139 128 0 115 72 0 45 15 77 182 120 1
82 139 78 0 111 69 0 49 20 2 182 120 2
143 155 144 3 136 76 0 55 52 109 198 120 3
143 139 144 284 605 102 0 62 831 746 198 120 4
77 139 79 191 453 88 0 62 626 522 182 119 5
143 155 144 2 126 76 0 57 38 93 198 120 6
143 155 144 2 121 81 0 56 26 77 198 120 7
143 155 144 149 582 90 0 58 287 282 198 120 8
143 139 78 956 2397 262 0 75 1790 1718 198 118 9
76 139 144 279 843 86 0 60 553 435 182 114 10
81 139 144 2 120 80 0 60 33 77 182 10000 11
Chip#2
150 6 234 65 84 65 135 83 82 195 155 126 0
158 13 234 70 93 76 193 91 87 204 158 130 1
150 6 234 65 84 66 135 85 86 198 154 122 2
152 11 234 304 103 72 143 274 293 205 157 129 3
154 15 490 1856 550 76 146 1570 1739 206 158 130 4
154 11 234 672 132 74 143 390 360 205 158 131 5
158 17 234 78 101 76 141 98 93 208 158 133 6
154 13 234 77 99 78 146 95 96 204 158 127 7
150 7 254 1448 470 77 139 977 1547 204 156 124 8
155 15 247 1448 630 75 146 893 1067 208 158 131 9
152 5 234 72 92 69 193 88 86 199 153 127 10
152 12 234 69 92 72 193 91 89 203 158 10000 11
Chip#3
0 0 0 0 0 0 0 0 0 0 0 0 241
0 0 0 0 0 0 0 0 0 0 0 0 241
0 0 0 0 0 0 0 0 0 0 0 0 241
0 0 0 0 0 0 0 0 0 0 0 0 241
0 0 0 0 0 0 0 0 0 0 0 0 241
0 0 0 0 0 0 0 0 0 0 0 0 241
0 0 0 0 0 0 0 0 0 0 0 0 241
0 0 0 0 0 0 0 0 0 0 0 0 241
0 0 0 0 0 0 0 0 0 0 0 0 241
0 0 0 0 0 0 0 0 0 0 0 0 241
0 0 0 0 0 0 0 0 0 0 0 0 241
0 0 0 0 0 0 0 0 0 0 0 15000 241
Chip#4
0 0 0 0 0 19 22 0 0 0 0 0 241
0 0 0 0 0 19 22 0 0 0 0 0 241
0 0 0 0 0 19 22 0 0 0 0 0 241
0 0 0 0 0 19 22 0 0 0 0 0 241
0 0 0 0 0 19 22 0 0 0 0 0 241
0 0 0 0 0 19 22 0 0 0 0 0 241
0 0 0 0 0 19 22 0 0 0 0 0 241
0 0 0 0 0 19 22 0 0 0 0 0 241
0 0 0 0 0 19 22 0 0 0 0 0 241
0 0 0 0 0 19 22 0 0 0 0 0 241
0 0 0 0 0 19 22 0 0 0 0 0 241
0 0 0 0 0 19 22 0 0 0 0 15000 241
Chip#1
127 139 128 0 106 67 0 39 14 61 182 115 0
143 155 144 0 119 74 0 45 22 77 182 120 1
78 139 128 0 113 72 0 43 19 4 182 120 2
127 139 144 0 135 75 0 52 48 93 182 120 3
143 155 144 290 605 109 0 67 840 750 198 120 4
78 139 144 191 458 94 0 63 641 527 182 120 5
143 139 144 0 115 78 0 51 28 77 182 120 6
143 139 144 0 118 81 0 48 26 77 198 120 7
143 139 144 149 580 88 0 56 287 333 198 117 8
143 155 160 966 2397 275 0 84 1800 1726 214 120 9
76 139 144 276 846 92 0 57 554 432 182 115 10
143 155 144 3 126 82 0 56 36 77 198 10000 11
Chip#2
153 11 234 64 89 70 193 87 86 199 156 125 0
148 2 234 62 80 66 133 82 76 195 151 121 1
150 11 234 67 85 71 135 87 83 199 158 126 2
158 10 234 232 101 74 144 276 294 200 158 126 3
149 11 490 1857 534 69 139 1601 1739 198 150 122 4
154 7 234 565 132 73 143 384 358 204 157 124 5
146 4 234 64 83 64 133 85 81 191 150 121 6
150 9 234 70 93 72 193 91 90 203 152 126 7
152 7 257 1464 470 71 193 961 1547 203 155 121 8
153 9 247 1448 518 72 193 889 1067 201 151 122 9
154 7 234 68 90 73 193 92 84 198 151 124 10
154 9 234 65 90 72 140 89 90 203 158 10000 11
Chip#3
0 0 0 0 0 0 0 0 0 0 0 0 241
0 0 0 0 0 0 0 0 0 0 0 0 241
0 0 0 0 0 0 0 0 0 0 0 0 241
0 0 0 0 0 0 0 0 0 0 0 0 241
0 0 0 0 0 0 0 0 0 0 0 0 241
0 0 0 0 0 0 0 0 0 0 0 0 241
0 0 0 0 0 0 0 0 0 0 0 0 241
0 0 0 0 0 0 0 0 0 0 0 0 241
0 0 0 0 0 0 0 0 0 0 0 0 241
0 0 0 0 0 0 0 0 0 0 0 0 241
0 0 0 0 0 0 0 0 0 0 0 0 241
0 0 0 0 0 0 0 0 0 0 0 15000 241
Chip#4
0 0 0 0 0 19 22 0 0 0 0 0 241
0 0 0 0 0 19 22 0 0 0 0 0 241
0 0 0 0 0 19 22 0 0 0 0 0 241
0 0 0 0 0 19 22 0 0 0 0 0 241
0 0 0 0 0 19 22 0 0 0 0 0 241
0 0 0 0 0 19 22 0 0 0 0 0 241
0 0 0 0 0 19 22 0 0 0 0 0 241
0 0 0 0 0 19 22 0 0 0 0 0 241
0 0 0 0 0 19 22 0 0 0 0 0 241
0 0 0 0 0 19 22 0 0 0 0 0 241
0 0 0 0 0 19 22 0 0 0 0 0 241
0 0 0 0 0 19 22 0 0 0 0 15000 241
Chip#1
76 139 77 0 123 75 0 44 22 77 182 120 0
127 139 128 0 115 72 0 45 14 1 182 119 1
143 155 144 0 119 73 0 51 25 77 182 120 2
76 139 144 0 140 78 0 56 52 93 198 120 3
81 139 144 285 605 106 0 61 835 752 198 120 4
84 139 82 193 462 94 0 64 638 526 182 120 5
143 139 144 0 116 74 0 55 30 77 182 119 6
127 123 128 0 93 72 0 43 19 61 166 115 7
78 139 83 149 583 86 0 55 282 276 182 120 8
76 139 82 963 2397 259 0 69 1802 1712 198 120 9
84 139 87 280 853 99 0 62 552 442 182 120 10
82 139 144 0 121 76 0 55 22 77 182 10000 11
Chip#2
150 7 234 62 89 70 134 79 82 198 151 126 0
154 8 234 65 93 73 193 92 84 198 157 125 1
154 12 234 72 95 76 141 92 87 200 158 129 2
157 18 234 301 105 81 147 277 293 204 158 127 3
157 15 490 1854 652 76 147 1573 1755 205 158 126 4
154 12 234 672 131 73 193 382 361 203 157 126 5
152 5 234 69 93 74 193 88 86 200 158 126 6
155 13 234 80 101 81 144 97 99 206 158 130 7
150 5 254 1464 470 72 139 977 1531 204 156 122 8
158 18 257 1448 631 84 146 899 1083 210 158 130 9
150 4 234 69 93 70 137 89 86 198 155 124 10
150 1 234 59 81 62 128 76 77 191 148 10000 11
Chip#3
0 0 0 0 0 0 0 0 0 0 0 0 241
0 0 0 0 0 0 0 0 0 0 0 0 241
0 0 0 0 0 0 0 0 0 0 0 0 241
0 0 0 0 0 0 0 0 0 0 0 0 241
0 0 0 0 0 0 0 0 0 0 0 0 241
0 0 0 0 0 0 0 0 0 0 0 0 241
0 0 0 0 0 0 0 0 0 0 0 0 241
0 0 0 0 0 0 0 0 0 0 0 0 241
0 0 0 0 0 0 0 0 0 0 0 0 241
0 0 0 0 0 0 0 0 0 0 0 0 241
0 0 0 0 0 0 0 0 0 0 0 0 241
0 0 0 0 0 0 0 0 0 0 0 15000 241
Chip#4
0 0 0 0 0 19 22 0 0 0 0 0 241
0 0 0 0 0 19 22 0 0 0 0 0 241
0 0 0 0 0 19 22 0 0 0 0 0 241
0 0 0 0 0 19 22 0 0 0 0 0 241
0 0 0 0 0 19 22 0 0 0 0 0 241
0 0 0 0 0 19 22 0 0 0 0 0 241
0 0 0 0 0 19 22 0 0 0 0 0 241
0 0 0 0 0 19 22 0 0 0 0 0 241
0 0 0 0 0 19 22 0 0 0 0 0 241
0 0 0 0 0 19 22 0 0 0 0 0 241
0 0 0 0 0 19 22 0 0 0 0 0 241
0 0 0 0 0 19 22 0 0 0 0 15000 241
Chip#1
143 139 144 0 119 75 0 49 26 77 182 120 0
127 139 128 0 106 68 0 43 19 2 182 120 1
143 155 144 0 115 74 0 45 24 77 198 120 2
127 139 128 0 130 73 0 44 41 93 182 120 3
127 139 128 279 605 96 0 56 823 737 198 118 4
80 139 144 189 461 94 0 60 636 526 182 120 5
143 155 144 0 118 75 0 55 31 77 182 120 6
143 139 144 1 128 85 0 60 31 77 182 120 7
85 139 144 149 584 88 0 62 285 281 198 120 8
143 139 144 960 2397 261 0 75 1806 1722 198 120 9
143 155 144 282 851 102 0 61 558 441 198 120 10
143 155 144 1 127 81 0 54 29 77 182 10000 11
Chip#2
152 6 234 64 89 67 137 86 79 197 157 122 0
155 2 234 64 88 66 137 88 81 194 150 123 1
146 3 234 65 85 65 133 83 82 194 151 121 2
154 8 234 232 101 68 193 276 286 198 153 123 3
158 9 490 1851 645 76 141 1572 1755 204 155 123 4
158 14 234 559 132 82 147 389 361 210 158 130 5
157 11 234 74 96 73 141 97 90 200 158 132 6
158 11 234 73 96 76 140 97 95 203 158 127 7
147 1 248 1464 470 68 132 977 1531 199 148 119 8
150 8 242 1448 620 74 193 886 1067 201 152 119 9
150 7 234 72 87 67 193 87 85 197 156 121 10
158 13 234 69 95 74 139 92 87 203 158 10000 11
Chip#3
0 0 0 0 0 0 0 0 0 0 0 0 241
0 0 0 0 0 0 0 0 0 0 0 0 241
0 0 0 0 0 0 0 0 0 0 0 0 241
0 0 0 0 0 0 0 0 0 0 0 0 241
0 0 0 0 0 0 0 0 0 0 0 0 241
0 0 0 0 0 0 0 0 0 0 0 0 241
0 0 0 0 0 0 0 0 0 0 0 0 241
0 0 0 0 0 0 0 0 0 0 0 0 241
0 0 0 0 0 0 0 0 0 0 0 0 241
0 0 0 0 0 0 0 0 0 0 0 0 241
0 0 0 0 0 0 0 0 0 0 0 0 241
0 0 0 0 0 0 0 0 0 0 0 15000 241
Chip#4
0 0 0 0 0 19 22 0 0 0 0 0 241
0 0 0 0 0 19 22 0 0 0 0 0 241
0 0 0 0 0 19 22 0 0 0 0 0 241
0 0 0 0 0 19 22 0 0 0 0 0 241
0 0 0 0 0 19 22 0 0 0 0 0 241
0 0 0 0 0 19 22 0 0 0 0 0 241
0 0 0 0 0 19 22 0 0 0 0 0 241
0 0 0 0 0 19 22 0 0 0 0 0 241
0 0 0 0 0 19 22 0 0 0 0 0 241
0 0 0 0 0 19 22 0 0 0 0 0 241
0 0 0 0 0 19 22 0 0 0 0 0 241
0 0 0 0 0 19 22 0 0 0 0 15000 241
Chip#1
143 155 144 0 121 72 0 47 19 77 182 120 0
76 139 144 0 117 70 0 51 21 77 182 120 1
143 139 81 0 123 79 0 50 24 77 182 120 2
143 139 144 4 143 76 0 57 52 93 182 120 3
143 139 144 290 605 105 0 66 837 752 198 120 4
127 139 144 192 454 88 0 61 630 522 182 120 5
77 139 77 0 124 81 0 58 29 77 182 120 6
143 155 144 0 122 71 0 49 23 77 198 120 7
77 155 144 149 586 90 0 55 285 333 198 120 8
143 139 144 965 2397 268 0 80 1793 1717 198 120 9
82 139 144 281 853 99 0 61 554 437 198 120 10
143 139 144 0 124 80 0 52 27 77 182 10000 11
Chip#2
155 13 234 65 89 72 193 90 83 206 156 131 0
155 12 234 72 90 73 141 91 86 204 158 131 1
154 9 234 68 92 73 193 92 88 201 158 129 2
157 8 234 232 103 73 141 274 286 206 155 130 3
158 15 490 1855 550 77 147 1570 1755 210 158 130 4
157 15 234 672 132 82 147 392 365 211 158 136 5
152 11 234 70 95 71 193 93 88 201 157 131 6
157 12 234 73 94 73 141 94 97 204 156 126 7
153 9 254 1464 470 77 144 977 1547 208 158 126 8
152 9 249 1448 630 77 143 896 1083 208 158 130 9
154 5 234 74 94 74 137 95 89 201 156 128 10
153 7 234 69 91 70 133 89 84 203 158 10000 11
Chip#3
0 0 0 0 0 0 0 0 0 0 0 0 241
0 0 0 0 0 0 0 0 0 0 0 0 241
0 0 0 0 0 0 0 0 0 0 0 0 241
0 0 0 0 0 0 0 0 0 0 0 0 241
0 0 0 0 0 0 0 0 0 0 0 0 241
0 0 0 0 0 0 0 0 0 0 0 0 241
0 0 0 0 0 0 0 0 0 0 0 0 241
0 0 0 0 0 0 0 0 0 0 0 0 241
0 0 0 0 0 0 0 0 0 0 0 0 241
0 0 0 0 0 0 0 0 0 0 0 0 241
0 0 0 0 0 0 0 0 0 0 0 0 241
0 0 0 0 0 0 0 0 0 0 0 15000 241
Chip#4
