Chip#1
111 109 117 106 108 115 116 109 112 112 118 103 0
114 109 111 109 104 111 112 112 111 110 112 109 1
114 109 116 112 109 111 113 114 117 113 114 105 2
106 109 113 286 134 106 110 196 232 107 110 100 3
117 109 114 209 113 113 116 198 230 116 118 109 4
109 109 112 107 104 111 115 109 111 112 112 105 5
111 109 109 109 104 110 115 112 113 115 116 103 6
105 109 108 187 127 108 114 225 309 107 106 101 7
115 110 126 292 193 115 117 606 381 116 117 109 8
113 109 118 115 110 112 115 140 127 118 110 109 9
114 109 113 108 106 117 113 116 109 112 110 105 10
118 109 113 108 109 111 111 114 116 113 110 15000 11
Chip#4
102 105 109 103 112 109 114 106 110 108 116 109 0
108 109 114 103 119 118 117 112 115 105 112 112 1
108 101 109 103 115 113 114 106 111 109 112 105 2
100 99 112 102 110 114 113 106 111 109 112 105 3
101 106 113 107 113 116 118 109 121 113 114 112 4
99 105 114 106 116 114 113 111 118 112 114 110 5
107 107 116 110 118 122 118 118 115 116 117 112 6
101 101 109 102 113 113 110 112 111 107 112 102 7
100 103 109 103 112 110 111 109 108 107 106 105 8
108 102 107 106 109 112 111 109 113 108 108 106 9
102 101 106 105 113 113 114 106 110 111 108 100 10
100 98 107 100 106 102 106 101 110 105 103 15000 11
