Chip#1
96 102 96 100 100 97 102 96 100 99 97 96 0 165 121 91 23
93 99 97 99 101 100 100 97 104 99 93 93 1 0 0 0 0
99 103 103 107 98 103 113 102 109 106 100 99 2 0 0 0 0
96 99 102 102 98 97 111 101 104 106 98 96 3 0 0 0 0
102 102 102 104 102 106 112 105 108 106 99 103 4 0 0 0 0
96 102 101 104 98 102 106 101 106 103 95 97 5 0 0 0 0
101 100 102 101 102 104 108 105 106 105 97 99 6 0 0 0 0
97 104 105 105 104 103 110 103 106 99 104 102 7 0 0 0 0
91 95 97 99 95 100 102 98 100 95 91 97 8 0 0 0 0
92 99 99 101 98 100 106 98 103 99 93 94 9 0 0 0 0
96 98 98 104 98 101 104 98 108 99 95 96 10 0 0 0 0
99 98 99 100 100 97 103 100 103 97 95 15000 11 0 0 0 0
Chip#2
111 114 113 110 111 106 106 109 106 109 109 112 0 0 128 15 23
104 110 105 105 105 101 104 104 101 106 105 107 1 0 0 0 0
97 100 95 97 101 94 90 91 89 96 95 96 2 0 0 0 0
103 109 105 104 106 102 105 102 96 103 103 106 3 0 0 0 0
102 103 100 105 103 95 101 98 94 99 99 102 4 0 0 0 0
106 107 107 105 106 101 104 101 99 101 103 107 5 0 0 0 0
107 106 109 104 108 104 102 103 99 103 101 106 6 0 0 0 0
104 110 104 104 100 101 104 102 98 99 101 103 7 0 0 0 0
106 109 108 105 110 107 106 103 104 106 104 106 8 0 0 0 0
99 101 103 100 102 99 99 100 95 101 101 102 9 0 0 0 0
112 110 115 108 108 107 107 110 107 110 112 112 10 0 0 0 0
107 109 104 103 102 101 102 100 98 100 103 15000 11 0 0 0 0
Chip#1
98 99 101 101 103 97 106 104 103 91 97 98 0 162 120 106 23
103 102 108 105 109 106 110 108 110 106 105 103 1 0 0 0 0
103 103 115 118 109 116 127 108 118 124 105 105 2 0 0 0 0
101 99 101 104 103 104 114 103 108 112 96 98 3 0 0 0 0
103 100 102 101 104 101 105 109 104 99 99 102 4 0 0 0 0
92 97 102 104 103 102 106 100 105 110 93 97 5 0 0 0 0
102 102 105 107 105 107 113 107 111 115 101 103 6 0 0 0 0
102 107 101 101 103 103 107 105 108 103 104 103 7 0 0 0 0
99 102 106 109 108 106 112 104 105 105 96 102 8 0 0 0 0
102 100 103 107 104 107 113 105 106 101 99 102 9 0 0 0 0
103 105 103 106 108 103 110 109 108 105 102 100 10 0 0 0 0
99 100 101 100 107 106 108 105 105 97 94 15000 11 0 0 0 0
Chip#2
102 103 103 97 103 99 95 96 94 98 98 97 0 232 128 127 23
107 109 109 104 107 104 104 98 99 104 105 101 1 0 0 0 0
110 111 108 106 108 107 105 104 106 105 110 106 2 0 0 0 0
104 107 102 104 108 102 101 104 99 101 105 106 3 0 0 0 0
103 102 102 100 105 101 100 100 96 100 100 97 4 0 0 0 0
103 107 105 101 104 100 105 103 98 100 100 102 5 0 0 0 0
103 103 105 100 104 100 100 101 96 100 103 98 6 0 0 0 0
103 105 103 103 101 96 100 102 98 103 104 100 7 0 0 0 0
106 111 109 106 110 105 104 103 101 104 103 102 8 0 0 0 0
103 105 103 95 101 97 98 96 95 99 101 97 9 0 0 0 0
104 107 104 103 107 104 102 102 102 107 105 102 10 0 0 0 0
103 103 102 97 99 99 96 94 94 96 98 15000 11 0 0 0 0
Chip#1
105 102 103 105 105 108 108 104 113 105 97 103 0 164 120 153 23
98 98 114 122 101 113 135 102 110 131 95 99 1 0 0 0 0
93 100 264 332 109 275 463 118 216 485 141 98 2 0 0 0 0
97 98 140 166 104 154 228 103 151 277 111 99 3 0 0 0 0
95 95 102 105 100 98 108 101 108 105 94 94 4 0 0 0 0
101 102 227 232 103 184 251 108 180 306 115 96 5 0 0 0 0
104 105 150 156 109 147 183 109 159 261 110 104 6 0 0 0 0
101 100 101 104 102 104 106 105 105 99 96 97 7 0 0 0 0
96 94 204 209 100 180 204 101 101 97 91 96 8 0 0 0 0
97 95 161 158 100 177 199 102 104 99 95 98 9 0 0 0 0
102 99 100 102 102 104 105 104 110 102 98 103 10 0 0 0 0
102 98 106 102 107 103 111 108 104 105 99 15000 11 0 0 0 0
Chip#2
103 110 104 104 104 100 104 101 96 100 101 102 0 0 128 189 23
104 106 107 101 105 104 100 100 102 101 98 103 1 0 0 0 0
108 111 109 105 106 102 104 101 101 104 103 105 2 0 0 0 0
103 110 109 147 122 101 144 135 100 122 136 105 3 0 0 0 0
103 103 115 183 145 104 162 146 101 129 138 105 4 0 0 0 0
106 106 105 113 110 104 107 103 101 103 104 101 5 0 0 0 0
107 107 109 124 117 105 162 163 107 154 195 111 6 0 0 0 0
110 111 114 160 142 110 243 247 106 194 268 118 7 0 0 0 0
99 106 103 108 111 99 111 113 99 103 108 100 8 0 0 0 0
104 107 110 101 105 102 134 151 100 132 176 113 9 0 0 0 0
104 107 104 103 105 100 205 257 107 177 281 126 10 0 0 0 0
102 110 104 103 105 100 118 128 98 109 127 15000 11 0 0 0 0
Chip#1
105 105 102 109 105 107 111 108 108 106 105 108 0 162 120 169 23
97 95 125 145 103 120 159 101 111 152 99 100 1 0 0 0 0
102 99 391 500 110 405 731 133 301 757 180 103 2 0 0 0 0
99 102 169 219 108 199 321 109 182 414 122 99 3 0 0 0 0
96 99 104 115 108 104 117 104 108 107 96 98 4 0 0 0 0
98 103 312 326 100 235 354 108 238 469 123 98 5 0 0 0 0
99 104 174 185 108 177 237 109 190 359 118 97 6 0 0 0 0
101 102 106 109 108 104 110 107 108 105 101 102 7 0 0 0 0
103 103 294 294 109 239 273 107 110 106 102 103 8 0 0 0 0
96 103 208 200 104 228 273 105 105 102 100 103 9 0 0 0 0
96 97 100 100 98 101 106 100 104 93 97 97 10 0 0 0 0
109 109 107 109 114 110 115 110 113 110 101 15000 11 0 0 0 0
Chip#2
115 118 113 111 112 109 110 105 108 111 111 112 0 0 128 29 23
111 112 110 110 107 105 106 106 104 107 103 111 1 0 0 0 0
108 107 104 105 105 106 101 102 101 106 104 106 2 0 0 0 0
108 107 109 184 135 105 180 160 99 148 164 107 3 0 0 0 0
106 110 120 270 179 109 209 183 98 159 166 106 4 0 0 0 0
108 109 104 117 110 101 107 107 102 105 104 108 5 0 0 0 0
109 111 109 140 125 107 206 212 108 197 285 117 6 0 0 0 0
106 106 113 204 167 109 377 377 107 279 390 124 7 0 0 0 0
109 110 107 125 117 104 126 124 102 114 121 108 8 0 0 0 0
107 107 103 103 102 104 154 183 101 156 245 114 9 0 0 0 0
108 111 107 108 105 106 320 405 114 244 424 149 10 0 0 0 0
104 105 103 99 104 97 126 152 100 114 143 15000 11 0 0 0 0
Chip#1
111 107 100 110 107 103 107 102 111 102 99 105 0 164 120 160 23
97 97 132 151 100 120 168 100 113 161 94 93 1 0 0 0 0
105 107 483 625 115 495 936 141 368 992 203 103 2 0 0 0 0
99 103 187 255 107 224 392 109 208 501 128 103 3 0 0 0 0
105 107 116 121 108 112 117 107 116 112 101 104 4 0 0 0 0
101 103 382 396 108 285 436 113 283 575 137 102 5 0 0 0 0
105 103 200 210 109 197 273 108 218 449 123 102 6 0 0 0 0
97 100 111 112 110 108 113 105 111 101 102 103 7 0 0 0 0
102 107 355 356 108 280 332 111 113 105 102 102 8 0 0 0 0
103 107 248 236 104 273 321 109 106 105 96 103 9 0 0 0 0
105 104 108 110 107 106 110 108 110 106 101 102 10 0 0 0 0
104 103 105 105 104 101 110 104 113 105 100 15000 11 0 0 0 0
Chip#2
113 111 112 108 106 106 108 104 107 107 105 108 0 0 128 254 23
113 114 112 104 110 107 106 103 107 109 106 111 1 0 0 0 0
110 107 109 108 108 106 106 105 104 106 108 108 2 0 0 0 0
112 112 115 213 148 107 216 185 100 167 189 105 3 0 0 0 0
107 111 130 332 215 114 259 220 107 182 195 111 4 0 0 0 0
109 110 110 125 116 104 113 107 101 109 104 106 5 0 0 0 0
109 111 109 151 132 110 248 253 106 223 350 122 6 0 0 0 0
98 100 109 238 184 104 472 471 100 337 491 124 7 0 0 0 0
102 107 105 129 119 102 135 134 100 115 128 103 8 0 0 0 0
112 111 108 105 107 106 179 221 104 182 300 122 9 0 0 0 0
103 103 97 98 97 96 389 509 116 306 544 154 10 0 0 0 0
109 111 104 108 108 101 144 171 105 123 166 15000 11 0 0 0 0
Chip#1
103 93 97 98 95 95 100 100 98 95 91 103 0 162 121 80 23
105 104 146 166 103 128 187 105 116 185 104 102 1 0 0 0 0
95 92 546 719 108 565 1114 147 406 1147 216 96 2 0 0 0 0
104 99 206 294 108 249 446 115 227 575 138 102 3 0 0 0 0
99 94 113 121 105 103 115 103 105 114 95 100 4 0 0 0 0
97 99 440 445 101 320 501 115 316 678 139 99 5 0 0 0 0
96 102 227 231 102 222 308 104 257 517 121 98 6 0 0 0 0
98 98 108 112 103 101 105 103 105 103 96 102 7 0 0 0 0
104 103 404 402 107 313 376 111 106 102 99 103 8 0 0 0 0
102 103 281 263 104 306 366 109 109 102 95 102 9 0 0 0 0
104 102 105 106 107 104 110 105 109 103 99 103 10 0 0 0 0
103 99 100 105 102 97 104 100 105 101 94 15000 11 0 0 0 0
Chip#2
104 106 104 104 99 97 101 100 95 101 100 105 0 1 128 181 23
106 106 102 101 104 97 101 97 96 103 101 106 1 0 0 0 0
113 114 110 108 110 107 106 107 102 112 110 111 2 0 0 0 0
111 114 118 271 164 110 247 207 106 188 213 113 3 0 0 0 0
107 107 135 375 239 110 318 242 101 200 215 107 4 0 0 0 0
102 102 100 125 114 97 108 104 99 104 104 101 5 0 0 0 0
106 107 105 160 135 101 301 286 105 266 404 123 6 0 0 0 0
110 109 124 311 217 115 584 597 116 404 614 148 7 0 0 0 0
103 106 102 132 116 102 140 141 100 114 136 102 8 0 0 0 0
107 110 105 109 110 105 198 251 104 197 346 123 9 0 0 0 0
103 107 104 104 106 104 456 631 126 358 657 180 10 0 0 0 0
113 110 110 106 111 110 155 196 105 130 186 15000 11 0 0 0 0
