Chip#1
98 93 95 98 91 94 100 92 94 95 98 98 0
106 103 106 104 101 100 103 106 99 102 102 106 1
103 108 104 101 101 103 103 101 106 101 103 99 2
97 101 104 181 108 98 97 128 129 100 101 97 3
106 108 102 147 102 99 106 122 129 102 101 101 4
95 96 97 93 94 89 97 93 95 96 93 93 5
110 106 113 107 109 106 111 112 111 106 111 109 6
110 107 113 119 107 109 112 123 133 104 113 106 7
107 107 111 125 112 109 109 159 145 106 114 106 8
108 108 112 117 108 109 110 112 109 106 109 106 9
99 98 106 97 95 99 102 98 96 97 98 93 10
104 98 106 99 97 98 98 97 95 97 101 15000 11
Chip#2
102 97 101 99 102 100 98 99 103 97 97 99 0
103 101 107 106 98 97 106 100 105 102 106 103 1
110 102 110 107 98 98 104 100 108 101 104 106 2
106 102 109 106 113 103 102 100 114 104 101 104 3
106 96 104 107 104 100 101 100 113 106 101 103 4
103 99 106 106 104 102 103 100 107 99 100 103 5
100 98 97 104 92 98 102 99 102 97 99 97 6
102 95 103 101 95 98 101 100 102 97 97 97 7
113 105 104 106 95 103 101 100 113 107 102 105 8
108 102 110 111 102 102 106 100 103 102 105 104 9
103 97 100 99 92 95 97 96 97 92 92 94 10
108 105 103 110 92 100 103 100 105 99 105 15000 11
Chip#3
103 100 102 109 103 112 99 108 105 103 104 101 0
92 93 94 95 88 99 91 96 94 91 96 93 1
92 95 96 96 87 99 87 97 89 95 91 95 2
96 95 94 98 92 102 90 98 95 99 93 93 3
98 99 96 101 99 106 93 104 99 99 103 96 4
93 94 94 97 90 101 90 94 93 98 92 93 5
94 90 94 92 91 100 90 94 92 99 96 92 6
96 94 99 93 95 106 88 101 93 103 97 98 7
96 95 93 100 100 104 95 97 98 100 96 96 8
105 104 105 109 103 115 101 108 98 110 109 103 9
101 98 101 98 95 108 91 101 95 104 103 98 10
97 102 99 101 99 106 92 104 98 98 101 15000 11
Chip#4
100 99 102 95 105 104 99 98 102 103 104 101 0
96 99 95 101 94 96 103 98 99 96 99 97 1
100 99 106 100 104 104 105 98 101 106 103 99 2
105 106 112 107 110 111 109 106 106 109 109 104 3
92 97 96 87 97 95 96 95 92 94 91 91 4
98 101 102 95 103 99 99 98 102 105 97 100 5
100 103 99 97 97 100 100 96 98 102 97 99 6
98 95 98 93 101 103 96 96 95 96 96 95 7
109 109 109 101 113 108 112 103 106 106 103 101 8
105 105 108 105 107 107 103 103 102 102 106 103 9
98 100 95 93 96 96 98 92 98 96 96 92 10
95 97 99 94 101 97 102 93 95 96 99 15000 11
Chip#1
111 105 111 107 101 105 106 105 110 104 107 102 0
107 97 103 101 97 95 105 100 99 98 101 101 1
107 102 106 107 97 101 105 106 105 102 105 106 2
99 98 106 247 120 95 98 149 166 95 105 97 3
99 90 97 174 89 89 97 128 143 95 94 93 4
103 102 111 108 105 105 107 106 107 102 103 103 5
103 101 106 103 99 97 105 102 102 98 105 97 6
106 103 103 118 102 103 106 130 147 100 102 103 7
104 101 103 138 117 101 105 200 181 106 101 101 8
103 102 103 107 105 103 101 103 106 101 103 101 9
106 106 107 102 100 105 103 107 106 103 102 98 10
102 94 101 96 94 90 93 102 97 96 99 15000 11
Chip#2
105 103 107 108 102 104 106 99 103 103 104 104 0
105 107 106 111 102 100 108 100 109 101 102 102 1
100 92 100 97 99 98 99 100 102 93 101 101 2
109 108 108 109 166 111 114 100 134 130 106 107 3
105 106 110 108 152 107 107 100 142 147 99 103 4
104 105 106 106 104 106 110 100 109 99 105 100 5
109 105 106 111 88 102 108 100 109 104 106 104 6
100 102 104 101 104 103 101 100 120 107 102 100 7
105 99 100 106 113 104 102 99 159 138 100 96 8
110 106 107 109 88 109 107 99 117 108 106 104 9
108 100 104 106 94 102 103 99 107 103 104 100 10
110 105 110 109 102 102 108 100 108 103 104 15000 11
Chip#3
105 102 102 105 105 113 101 104 103 110 107 103 0
107 107 107 110 105 119 108 114 107 115 112 103 1
103 104 103 106 106 113 101 106 105 106 103 98 2
107 102 102 116 120 110 102 134 165 108 101 102 3
107 111 107 117 124 116 105 122 158 111 112 108 4
103 108 105 112 111 120 104 109 104 110 108 105 5
110 115 107 110 113 119 108 113 107 113 111 107 6
111 109 107 137 117 119 111 114 144 114 113 108 7
106 102 101 184 184 117 106 115 169 108 107 105 8
109 108 105 109 115 116 105 109 111 108 106 103 9
106 107 101 109 106 119 110 110 101 110 104 106 10
115 108 105 108 108 115 104 104 106 110 103 15000 11
Chip#4
106 104 102 104 110 106 105 104 105 106 106 103 0
100 103 102 100 110 107 109 102 102 102 106 101 1
111 105 110 109 119 115 115 106 113 116 112 111 2
96 97 98 93 102 101 100 98 108 106 99 95 3
100 100 103 94 113 106 103 94 112 110 103 95 4
98 97 99 102 103 100 102 103 105 99 103 100 5
105 104 108 105 108 108 109 106 106 109 106 104 6
108 102 106 102 110 111 105 105 106 109 106 101 7
105 99 106 107 148 112 110 106 122 124 103 101 8
100 99 101 100 122 104 99 96 98 98 101 96 9
106 102 103 104 110 104 106 102 103 106 107 103 10
108 103 109 104 107 106 110 101 105 107 109 15000 11
Chip#1
101 98 102 99 97 99 102 96 105 98 101 96 0
108 108 107 112 107 105 110 103 110 102 106 103 1
106 99 106 102 100 101 100 102 101 102 107 99 2
104 102 112 323 136 98 101 180 190 98 102 96 3
101 99 108 220 101 101 103 158 165 103 111 102 4
103 97 107 102 97 101 106 103 99 96 99 97 5
114 106 111 107 102 110 109 110 105 108 114 107 6
102 102 106 127 103 98 101 140 165 102 102 98 7
108 108 107 157 126 104 105 251 202 103 106 103 8
106 105 106 106 97 105 110 110 106 106 103 97 9
102 108 104 99 101 99 106 101 103 102 103 102 10
103 98 101 96 94 98 100 95 98 97 97 15000 11
Chip#2
100 97 100 103 100 96 102 99 98 96 94 99 0
99 95 101 98 100 93 101 100 97 91 92 100 1
104 97 107 102 100 101 102 99 108 101 101 102 2
93 95 96 97 184 102 94 97 131 131 92 93 3
100 101 108 110 179 108 102 100 151 173 97 101 4
102 102 104 107 88 93 105 99 108 98 99 104 5
105 100 107 106 102 101 106 100 110 104 104 105 6
103 96 108 101 102 98 102 100 124 101 97 97 7
102 99 109 107 116 113 108 100 185 158 101 104 8
105 102 111 104 113 104 110 100 118 115 102 105 9
105 102 106 104 97 101 102 100 100 101 100 102 10
106 99 107 107 100 102 103 100 102 101 100 15000 11
Chip#3
114 109 111 116 112 115 109 112 110 120 113 110 0
112 115 111 118 108 119 112 117 118 120 112 112 1
107 107 106 106 104 110 106 109 111 108 102 106 2
111 115 111 136 139 119 115 157 213 124 114 113 3
112 113 114 146 126 120 106 122 190 117 118 112 4
103 112 108 112 112 116 108 112 107 113 106 111 5
114 116 116 118 113 120 113 115 118 120 119 118 6
115 119 112 162 126 120 115 123 171 124 119 117 7
119 117 120 239 236 122 114 133 226 124 118 119 8
118 117 116 124 133 122 113 119 124 123 119 115 9
107 111 108 108 105 117 110 107 104 110 106 105 10
111 120 115 114 111 119 110 114 114 116 108 15000 11
Chip#4
115 110 116 105 116 116 116 112 115 110 112 109 0
106 99 105 100 111 108 109 105 105 102 101 100 1
102 101 102 98 108 104 106 98 103 101 100 100 2
98 97 103 98 108 99 103 101 109 109 100 101 3
102 99 101 95 111 104 102 99 122 114 104 99 4
103 109 108 104 114 110 112 106 113 107 114 105 5
108 109 111 105 113 110 110 112 108 109 110 107 6
111 112 116 105 117 112 116 113 119 120 114 109 7
106 104 108 105 160 120 109 109 129 137 106 103 8
112 110 118 112 146 110 110 111 122 116 114 109 9
112 108 108 108 116 112 113 109 111 106 107 109 10
113 108 112 106 111 104 112 111 109 105 109 15000 11
Chip#1
110 108 106 106 100 106 106 110 101 104 111 106 0
104 101 104 101 96 99 103 108 102 106 110 102 1
99 99 99 98 89 95 98 100 90 96 99 92 2
101 98 108 321 136 101 100 178 190 96 102 96 3
110 107 117 217 107 111 112 162 165 109 117 108 4
102 99 106 103 96 99 102 98 102 101 99 101 5
99 98 106 101 97 100 101 105 102 103 107 102 6
98 96 99 120 101 94 97 140 161 100 99 95 7
103 101 108 154 122 99 110 251 201 102 105 101 8
106 103 112 106 101 103 107 113 110 102 107 104 9
95 101 102 99 95 98 103 105 101 100 102 99 10
106 96 102 99 95 95 102 97 103 101 106 15000 11
Chip#2
97 100 95 101 97 96 96 99 99 93 92 97 0
110 107 110 109 97 104 111 100 110 106 106 108 1
104 102 104 103 102 96 98 100 105 95 99 100 2
103 102 106 108 253 117 98 100 162 157 101 100 3
95 97 99 114 238 113 96 100 179 199 94 100 4
104 100 104 104 99 101 99 100 100 102 97 103 5
104 97 106 104 100 101 102 100 104 102 99 100 6
102 96 103 98 113 96 103 100 129 109 99 99 7
110 108 109 110 141 124 111 102 243 203 110 107 8
109 100 109 106 104 106 106 100 122 114 104 103 9
104 96 106 106 101 101 103 100 102 93 100 101 10
105 103 108 106 102 98 99 99 103 103 100 15000 11
Chip#3
119 119 115 121 117 119 113 115 114 119 118 116 0
110 111 111 117 112 120 110 113 116 117 114 111 1
109 111 108 112 111 120 106 109 109 114 107 110 2
112 113 112 136 141 119 112 161 222 118 113 108 3
111 112 110 134 132 120 109 128 201 120 116 112 4
110 113 111 114 115 119 110 114 113 113 116 111 5
110 108 105 108 104 119 101 107 105 109 109 105 6
109 115 108 161 124 119 111 115 178 115 109 108 7
114 115 118 259 252 119 117 135 227 120 112 113 8
109 107 111 120 129 120 109 110 119 115 109 111 9
119 116 118 120 116 121 113 114 113 118 116 118 10
121 122 125 118 124 126 113 119 118 122 117 15000 11
Chip#4
112 109 110 111 111 114 110 106 112 109 112 112 0
109 101 108 104 110 110 112 108 109 106 109 104 1
109 101 113 105 110 110 110 105 108 110 106 104 2
112 108 112 108 125 115 113 113 122 126 117 112 3
103 106 109 106 123 119 112 111 139 124 113 108 4
102 97 99 101 105 103 100 99 102 102 103 93 5
106 105 111 106 111 114 109 111 113 110 113 108 6
105 105 112 104 116 112 109 113 115 120 106 103 7
111 109 110 115 178 134 120 115 143 162 112 108 8
98 99 103 98 140 105 109 105 106 107 107 101 9
109 106 111 105 116 111 115 111 106 107 112 109 10
121 112 118 112 120 116 115 118 112 113 116 15000 11
Chip#1
104 96 102 102 95 99 100 100 99 97 106 99 0
104 98 103 95 91 95 103 95 97 97 98 102 1
111 108 108 110 107 105 107 110 105 106 105 102 2
102 98 112 393 151 100 105 214 213 103 107 97 3
99 99 99 247 100 98 98 169 181 101 105 98 4
106 106 104 96 99 99 102 102 99 102 103 103 5
99 94 94 97 92 87 98 97 98 97 97 97 6
102 99 102 129 102 100 102 140 181 97 102 99 7
111 108 113 182 137 104 107 299 243 109 109 107 8
107 105 109 106 106 104 107 108 113 103 107 107 9
104 102 101 103 101 97 106 98 102 101 101 98 10
107 108 103 99 99 97 103 101 99 100 107 15000 11
Chip#2
111 105 108 107 102 107 106 100 108 103 106 106 0
104 106 107 103 100 103 103 100 103 100 102 101 1
105 103 107 106 100 100 105 100 105 96 97 100 2
103 105 108 109 275 120 99 100 164 165 101 101 3
106 100 103 112 263 120 105 100 201 206 100 97 4
103 101 106 99 100 96 102 100 100 92 99 99 5
113 106 108 108 100 104 106 100 109 102 105 105 6
108 95 106 97 113 100 102 100 134 107 102 99 7
114 106 110 110 146 122 110 100 257 207 105 105 8
102 102 107 102 104 98 102 99 123 112 97 102 9
109 100 104 102 97 102 102 100 100 98 105 104 10
111 105 109 102 97 101 106 100 107 102 105 15000 11
Chip#3
114 116 118 120 117 119 114 114 111 119 116 117 0
119 119 118 121 119 119 110 119 115 118 116 114 1
116 115 112 118 111 119 113 114 118 117 116 111 2
111 120 112 146 145 122 113 173 231 122 116 117 3
119 120 118 146 139 121 115 141 222 125 119 117 4
112 117 114 117 117 119 110 122 115 116 113 113 5
118 124 120 121 120 119 115 123 116 121 121 119 6
120 122 120 175 136 131 124 131 190 130 126 124 7
115 119 115 267 268 120 115 139 239 125 116 118 8
116 117 118 129 133 120 114 119 124 122 119 117 9
115 117 116 118 119 120 110 115 111 114 117 119 10
130 132 124 126 124 127 126 125 122 128 126 15000 11
Chip#4
111 108 106 102 108 110 110 108 109 102 106 104 0
102 100 101 97 105 101 102 105 103 102 100 100 1
115 114 128 112 114 120 121 116 115 113 112 115 2
109 106 109 102 117 110 107 105 120 126 106 103 3
115 116 119 112 137 123 119 116 144 137 119 115 4
111 110 115 113 113 112 110 115 115 114 114 113 5
113 113 109 109 113 114 113 115 110 109 113 112 6
109 108 112 104 114 115 116 111 119 121 112 107 7
115 113 122 118 202 138 119 116 144 165 117 109 8
118 106 113 109 153 118 115 113 112 120 112 109 9
113 114 113 113 114 115 113 112 116 116 110 111 10
122 114 116 113 125 118 120 115 115 120 120 15000 11
