Chipdp
65 100 200 4 4 6 9 7 3 7 4 7 5 8 3 8 4 8 5 9 3 9 4 9 5 9 7 7 7 8 7 9 8 7 8 8 8 9 9 7 9 8 9 9 9 3 3 3 4 3 5 4 3 4 4 4 5 5 3 5 4 5 5 9 3 7 3 8 3 9 4 7 4 8 4 9 5 7 5 8 5 9 9 7 3 7 4 7 5 8 3 8 4 8 5 9 3 9 4 9 5 9 7 7 7 8 7 9 8 7 8 8 8 9 9 7 9 8 9 9 9 3 3 3 4 3 5 4 3 4 4 4 5 5 3 5 4 5 5 9 3 7 3 8 3 9 4 7 4 8 4 9 5 7 5 8 5 9 9 4 2 4 3 4 4 6 2 6 3 6 4 5 2 5 3 5 4 9 4 7 4 8 4 9 5 7 5 8 5 9 6 7 6 8 6 9 9 8 2 8 3 8 4 9 2 9 3 9 4 10 2 10 3 10 4 9 8 7 8 8 8 9 9 7 9 8 9 9 10 7 10 8 10 9 9 4 3 4 4 4 5 5 3 5 4 5 5 6 3 6 4 6 5 9 4 7 4 8 4 9 5 7 5 8 5 9 6 7 6 8 6 9 9 8 3 8 4 8 5 9 3 9 4 9 5 10 3 10 4 10 5 9 8 7 8 8 8 9 9 7 9 8 9 9 10 7 10 8 10 9 
Chip#1
112 108 108 106 105 108 108 102 99 103 111 101 0
117 108 118 113 112 115 116 113 111 114 114 109 1
104 103 103 98 103 101 107 103 95 101 107 95 2
107 103 125 555 186 106 106 266 285 106 110 101 3
116 106 114 335 112 106 119 207 232 111 113 101 4
107 108 106 103 102 106 107 102 103 100 107 98 5
117 108 113 113 113 111 117 111 111 113 114 107 6
106 108 111 223 146 106 111 189 249 106 110 97 7
115 108 118 380 228 109 110 440 325 109 111 106 8
101 99 107 104 100 101 108 111 110 100 105 95 9
112 105 107 108 107 105 115 103 102 111 109 102 10
114 108 112 104 105 106 116 111 103 107 109 15000 11
