Chip#1
92 89 97 96 95 98 103 98 101 93 99 96 0 163 120 67 23
102 103 102 106 103 107 114 108 109 101 104 104 1 0 0 0 0
111 111 113 119 110 121 129 113 120 122 115 114 2 0 0 0 0
101 99 103 105 100 107 112 102 111 102 99 100 3 0 0 0 0
98 103 103 104 102 106 110 102 106 98 102 100 4 0 0 0 0
95 100 102 107 103 103 114 102 104 103 101 99 5 0 0 0 0
93 98 99 98 97 101 106 100 103 94 95 93 6 0 0 0 0
98 97 100 104 98 104 110 102 106 97 101 103 7 0 0 0 0
98 100 102 102 101 101 112 102 104 95 101 100 8 0 0 0 0
95 94 100 100 98 103 106 104 101 93 98 96 9 0 0 0 0
102 102 105 107 104 106 117 105 106 98 107 102 10 0 0 0 0
101 103 100 106 105 107 112 104 106 98 100 15000 11 0 0 0 0
Chip#2
108 105 108 108 111 104 102 107 104 105 104 107 0 0 128 233 23
104 105 109 106 105 102 101 104 106 105 100 105 1 0 0 0 0
112 110 108 109 111 106 106 109 107 110 105 108 2 0 0 0 0
106 105 107 105 104 101 99 103 100 103 101 103 3 0 0 0 0
101 103 99 101 102 97 99 103 98 100 95 100 4 0 0 0 0
113 106 110 104 110 106 105 106 104 107 103 106 5 0 0 0 0
109 110 108 108 113 109 106 113 110 109 104 112 6 0 0 0 0
108 110 110 109 111 110 110 108 106 110 105 111 7 0 0 0 0
112 106 112 109 111 106 106 108 105 107 103 112 8 0 0 0 0
101 107 105 103 105 99 100 102 104 104 99 105 9 0 0 0 0
102 102 107 105 105 102 102 106 105 107 104 106 10 0 0 0 0
107 107 108 110 110 104 104 109 105 109 104 15000 11 0 0 0 0
Chip#1
99 108 102 101 104 106 108 105 110 95 99 98 0 162 120 135 23
109 108 105 111 108 112 117 108 113 105 105 110 1 0 0 0 0
98 99 106 109 96 109 123 104 108 118 101 98 2 0 0 0 0
103 104 106 111 104 108 119 110 108 112 101 104 3 0 0 0 0
102 103 104 111 104 109 112 109 110 101 104 104 4 0 0 0 0
98 100 106 111 105 109 118 103 110 112 99 99 5 0 0 0 0
101 98 102 106 105 107 117 104 109 109 101 100 6 0 0 0 0
102 102 102 107 105 106 110 108 110 102 102 104 7 0 0 0 0
104 105 113 119 105 112 121 108 110 103 105 106 8 0 0 0 0
99 103 103 107 104 108 118 105 108 97 102 100 9 0 0 0 0
92 92 90 98 95 95 102 95 96 87 91 92 10 0 0 0 0
95 102 98 98 98 98 106 100 101 94 96 15000 11 0 0 0 0
Chip#2
106 111 109 105 108 104 102 108 102 104 105 105 0 233 127 200 23
106 107 105 105 105 99 101 103 99 101 101 105 1 0 0 0 0
108 109 109 109 105 102 105 107 104 106 104 107 2 0 0 0 0
96 95 98 95 101 92 94 98 94 92 95 96 3 0 0 0 0
104 107 105 108 108 101 105 107 104 101 103 102 4 0 0 0 0
104 105 108 108 105 99 100 103 101 96 103 103 5 0 0 0 0
91 97 94 94 96 90 94 94 92 92 94 91 6 0 0 0 0
102 105 103 106 105 100 104 104 99 98 105 101 7 0 0 0 0
106 107 107 106 111 101 104 108 101 104 101 105 8 0 0 0 0
106 103 104 101 105 100 102 103 101 99 100 105 9 0 0 0 0
103 105 103 101 106 97 99 104 101 98 104 102 10 0 0 0 0
98 98 100 99 101 95 96 97 93 95 101 15000 11 0 0 0 0
Chip#1
114 114 112 113 110 110 117 116 115 110 111 114 0 166 120 242 23
107 107 135 151 104 129 168 112 119 161 105 104 1 0 0 0 0
97 102 413 523 107 433 782 136 315 809 179 99 2 0 0 0 0
104 104 175 230 105 208 343 115 195 443 129 102 3 0 0 0 0
95 99 104 110 98 103 118 102 103 102 99 94 4 0 0 0 0
101 105 329 340 104 254 379 111 273 517 132 105 5 0 0 0 0
103 105 187 202 114 185 250 112 206 392 128 106 6 0 0 0 0
101 100 103 111 104 109 108 107 110 97 101 100 7 0 0 0 0
98 102 301 307 104 248 286 110 109 101 104 102 8 0 0 0 0
105 108 227 218 110 248 289 113 114 106 109 106 9 0 0 0 0
107 108 108 109 109 110 117 115 113 106 106 109 10 0 0 0 0
102 103 101 104 103 102 108 107 109 98 106 15000 11 0 0 0 0
Chip#2
109 109 107 108 106 102 104 103 107 104 106 106 0 232 128 200 23
98 102 103 101 102 97 98 96 99 98 100 100 1 0 0 0 0
102 103 99 101 105 97 101 97 99 99 96 98 2 0 0 0 0
107 107 112 151 128 105 149 134 105 128 137 106 3 0 0 0 0
106 103 114 186 150 105 161 149 101 131 136 103 4 0 0 0 0
106 110 107 115 107 105 102 105 101 104 106 105 5 0 0 0 0
103 105 104 122 113 104 156 162 104 150 201 110 6 0 0 0 0
101 107 109 164 145 106 243 249 107 196 268 112 7 0 0 0 0
102 102 103 111 107 99 110 115 101 100 111 98 8 0 0 0 0
97 100 102 99 97 96 129 146 99 127 171 106 9 0 0 0 0
102 106 108 106 106 101 209 262 110 182 286 126 10 0 0 0 0
99 97 97 95 97 96 112 123 98 100 121 15000 11 0 0 0 0
Chip#1
116 112 105 110 109 108 115 112 114 110 109 115 0 164 120 220 23
108 107 146 180 105 138 197 110 122 190 105 106 1 0 0 0 0
101 100 581 755 117 604 1176 153 435 1224 233 104 2 0 0 0 0
102 107 227 310 109 262 475 116 257 612 145 103 3 0 0 0 0
105 108 124 132 114 118 128 111 116 123 107 110 4 0 0 0 0
104 108 460 467 110 337 523 117 336 731 150 104 5 0 0 0 0
102 104 230 244 107 222 323 110 257 533 126 103 6 0 0 0 0
102 102 107 113 104 107 112 108 110 102 101 99 7 0 0 0 0
103 104 416 416 108 321 384 108 109 106 104 100 8 0 0 0 0
97 97 279 265 97 312 367 103 101 94 95 96 9 0 0 0 0
101 100 95 104 103 106 111 103 105 102 100 102 10 0 0 0 0
104 107 104 109 104 108 112 104 106 106 95 15000 11 0 0 0 0
Chip#2
113 115 112 113 116 107 110 109 110 109 109 111 0 235 128 5 23
106 107 104 103 102 102 101 104 102 100 104 101 1 0 0 0 0
107 105 102 104 101 101 100 104 98 101 99 103 2 0 0 0 0
106 105 108 186 140 104 185 165 102 146 166 106 3 0 0 0 0
108 105 119 278 186 106 216 187 102 155 169 110 4 0 0 0 0
108 105 99 117 110 101 106 108 101 99 103 105 5 0 0 0 0
113 111 107 146 130 107 214 219 105 195 293 117 6 0 0 0 0
101 101 107 209 163 101 382 381 102 275 398 116 7 0 0 0 0
107 105 104 124 113 102 123 129 104 109 117 103 8 0 0 0 0
109 110 108 110 108 105 157 196 106 155 252 118 9 0 0 0 0
104 106 102 103 105 100 318 407 117 244 425 145 10 0 0 0 0
104 105 103 105 105 100 128 156 99 109 142 15000 11 0 0 0 0
Chip#1
120 114 108 111 109 109 119 110 116 111 110 117 0 163 120 239 23
104 103 159 188 108 141 219 110 124 207 109 103 1 0 0 0 0
97 99 678 900 115 714 1398 159 513 1460 261 98 2 0 0 0 0
99 103 235 333 109 291 552 115 273 728 155 103 3 0 0 0 0
91 95 108 117 97 106 119 97 100 106 94 89 4 0 0 0 0
101 103 518 538 108 386 605 122 381 848 160 102 5 0 0 0 0
98 100 251 266 103 239 362 105 289 612 132 99 6 0 0 0 0
101 105 112 117 108 107 115 108 111 106 102 104 7 0 0 0 0
92 98 483 465 102 359 436 105 101 97 96 97 8 0 0 0 0
91 94 315 294 95 350 419 98 95 91 91 92 9 0 0 0 0
105 103 107 109 107 110 114 109 109 109 106 106 10 0 0 0 0
108 107 101 106 105 107 111 105 108 101 101 15000 11 0 0 0 0
Chip#2
113 115 115 109 107 107 105 109 111 107 106 107 0 232 128 239 23
102 107 100 100 103 101 99 101 99 98 100 97 1 0 0 0 0
106 109 107 105 107 100 102 105 102 104 104 103 2 0 0 0 0
110 111 124 226 157 111 224 192 110 173 195 108 3 0 0 0 0
99 107 123 332 213 104 258 217 101 179 190 103 4 0 0 0 0
107 111 105 126 116 104 112 109 107 105 109 102 5 0 0 0 0
107 109 110 155 132 105 285 258 106 231 356 118 6 0 0 0 0
103 111 119 277 201 110 481 493 107 352 518 130 7 0 0 0 0
106 109 107 134 119 105 134 138 101 113 131 106 8 0 0 0 0
95 106 98 98 100 95 173 218 98 169 298 116 9 0 0 0 0
109 112 110 106 111 105 396 526 124 315 560 163 10 0 0 0 0
109 111 109 106 112 104 141 182 106 123 169 15000 11 0 0 0 0
Chip#1
116 109 101 109 108 108 113 110 109 102 106 114 0 163 120 197 23
105 105 160 192 108 148 226 110 121 213 109 104 1 0 0 0 0
97 103 739 986 117 767 1530 168 547 1585 282 100 2 0 0 0 0
104 105 254 361 115 315 599 122 281 798 173 108 3 0 0 0 0
99 98 118 129 107 110 128 111 113 115 105 99 4 0 0 0 0
96 99 561 572 104 406 656 117 402 927 173 98 5 0 0 0 0
101 104 272 313 108 261 393 112 292 670 136 100 6 0 0 0 0
103 105 116 123 111 114 117 111 114 105 105 108 7 0 0 0 0
89 98 502 505 98 386 463 102 100 91 96 93 8 0 0 0 0
101 108 347 323 110 387 458 112 110 99 105 103 9 0 0 0 0
108 110 104 110 111 109 114 112 110 106 102 108 10 0 0 0 0
104 105 99 102 104 104 107 105 105 97 99 15000 11 0 0 0 0
Chip#2
109 114 112 109 106 105 105 108 106 105 106 110 0 233 128 234 23
109 109 107 106 111 101 101 102 104 101 105 108 1 0 0 0 0
104 106 104 103 104 102 98 101 100 103 101 103 2 0 0 0 0
110 116 123 279 173 111 253 218 111 192 219 116 3 0 0 0 0
102 110 135 389 247 111 326 247 102 200 215 108 4 0 0 0 0
102 110 105 134 119 101 111 110 105 100 105 105 5 0 0 0 0
104 107 109 164 139 106 301 307 107 266 413 119 6 0 0 0 0
103 111 124 315 223 112 588 600 110 405 620 139 7 0 0 0 0
106 109 104 139 123 104 141 144 105 114 137 107 8 0 0 0 0
103 106 107 106 107 104 198 255 106 195 351 122 9 0 0 0 0
110 110 110 109 112 110 461 643 134 370 674 183 10 0 0 0 0
112 112 107 109 111 107 154 201 108 128 189 15000 11 0 0 0 0
