41.5
41.5
41.5
41.5
41.5
41.5
41.5
41.5
41.5
41.5
41.4375
41.5
41.4375
41.4375
41.4375
41.4375
41.4375
41.4375
41.4375
41.4375
41.4375
41.4375
41.4375
41.4375
41.4375
41.375
41.375
41.375
41.375
41.375
41.375
41.375
41.375
41.375
41.375
41.375
41.375
41.375
41.375
41.3125
41.375
41.3125
41.3125
41.3125
41.3125
41.3125
41.3125
41.3125
41.3125
41.3125
41.3125
41.3125
41.3125
41.3125
41.3125
41.3125
41.25
41.25
41.25
41.25
41.25
41.25
41.25
41.25
41.625
50.9375
59.75
71.0625
78.9375
88.8125
97.8125
105.5
106.3125
104.8125
103.3125
100.5
98.875
97.1875
95.5625
93.5
93.3125
94.875
95.0625
94.625
94.1875
94
94.4375
94.5625
94.125
94
94.1875
94.375
94.25
94.1875
94.375
94.375
94.25
94.4375
94.4375
94.375
94.4375
91.5625
88.0625
82.3125
78.9375
74.625
70.5
66.625
63.8125
60.3125
57.75
54.5
52.25
49.3125
47.125
45.5625
45.5
45.5625
45.625
45.6875
45.8125
47.9375
51.4375
52.5625
52.75
52.75
52.625
52.5625
52.5
52.375
52.25
52.125
52
51.875
51.75
51.875
57.875
66.1875
74.5
82.4375
87.75
83.5625
82.125
81.0625
80
78.9375
77.625
76.625
75.3125
74.875
76.0625
76.0625
75.1875
75.5
76.75
82.1875
91.3125
97.9375
106.0625
107.4375
106.0625
104.625
102.5
100.875
98.6875
96.625
94.5
93.1875
93.5625
94.625
94.1875
93.4375
94
94.5625
93.875
93.75
91.9375
88.625
84.125
80.75
76.5
73.375
69.5
66.6875
63.0625
59.6875
56.5
54.1875
51.3125
49.25
46.1875
45.625
45.6875
45.8125
46
46.125
46.3125
47.9375
52.3125
52.6875
52.8125
52.8125
52.75
52.75
52.625
52.5625
52.5
52.375
52.375
57.875
69
77.25
88.375
84.6875
83.3125
81.875
80.875
79.5
78.5
77.1875
76.3125
75.0625
74.6875
75.875
75.75
74.9375
78.125
87.125
94.0625
102.75
105.1875
104.5
102.8125
101.375
99.8125
98.25
98.3125
97.1875
95.75
94.3125
93.3125
94.1875
95.1875
95.1875
94.9375
94.5625
94.25
94.3125
94.625
94.625
94.0625
91.125
87.6875
84.3125
81.0625
77.8125
74.75
71.8125
68.9375
66.1875
63.5
61
58.5625
57
54
51.875
49.1875
46.9375
45.9375
46
46.1875
46.375
46.5625
46.75
49.75
52.3125
53.0625
53.1875
53.25
53.25
53.1875
53.1875
53.0625
53
52.9375
52.875
56.75
64.8125
75.9375
83.9375
82.5
81.1875
80.1875
78.9375
77.9375
76.4375
75.5625
74.9375
75.6875
76
75.25
76.9375
83.1875
90.125
99.1875
104.75
104.375
102.75
101.3125
99.875
98.4375
98.5
97.25
95.375
93.9375
93.4375
95.25
95.3125
93.9375
93.625
95.1875
95.1875
93.8125
91.5
87.0625
83.75
79.375
76.25
73.25
70.375
65.8125
63.1875
60.6875
57.5
54.5
52.375
49.6875
47.4375
45.75
45.8125
46
46.1875
46.4375
46.625
48.3125
51.3125
52.5
52.6875
52.75
52.75
52.75
52.75
52.6875
52.6875
52.625
52.625
53.875
61.125
69.5625
77.875
85.6875
85.625
84.5625
83.5
82.5
81.5
80.5
79.5625
78.625
77.625
76.75
75.875
75
74.5625
75.125
75.6875
75.375
73.4375
70.6875
67.0625
64.4375
60.25
57.875
54.8125
52.6875
49.25
46.8125
45.8125
45.875
46
46.125
46.375
46.5625
49.375
51.875
52.5625
52.75
52.8125
52.8125
52.75
52.75
52.6875
52.625
52.5
52.4375
49.875
0
0
0
0
0
0
0
0
0
0
0
0
0
0
0
0
0
0
0
0
0
0
0
0
0
0
0
0
0
0
0
0
0
0
0
0
0
0
0
0
0
0
0
0
0
0
0
0
0
0
0
0
0
0
0
0
0
