Chip#1
119 109 114 106 104 115 120 108 107 111 113 102 0
119 109 117 107 109 112 120 108 113 115 121 110 1
107 109 114 103 102 107 110 105 106 107 112 95 2
105 109 125 707 211 107 108 316 340 105 110 101 3
109 108 117 407 111 114 118 240 270 111 112 104 4
108 103 111 101 103 106 110 107 105 102 105 99 5
114 109 113 107 105 112 116 109 106 111 116 104 6
110 109 114 173 123 111 116 211 267 106 110 99 7
108 105 114 238 163 111 110 503 384 110 110 100 8
108 106 112 106 100 104 111 115 110 102 108 102 9
109 109 105 108 106 108 115 108 102 102 112 103 10
110 109 109 103 103 106 111 103 103 105 114 15000 11
Chip#2
108 102 113 108 105 109 111 100 116 110 109 106 0
107 95 108 103 99 106 115 100 105 104 97 98 1
107 103 115 108 99 111 114 100 115 111 112 105 2
105 100 116 109 151 118 112 99 132 133 107 108 3
109 99 108 114 143 115 109 100 140 145 103 103 4
100 93 108 104 105 107 105 100 111 104 102 102 5
111 103 115 114 105 113 117 100 116 110 107 107 6
101 98 107 100 105 103 110 100 121 109 102 102 7
104 99 111 108 105 113 107 100 166 142 104 98 8
101 98 111 102 105 104 105 100 111 108 101 99 9
105 99 108 104 105 107 110 100 111 106 107 99 10
98 94 105 99 103 104 107 100 105 103 101 15000 11
Chip#3
108 99 96 103 101 109 96 108 98 101 98 104 0
106 99 100 107 107 115 102 109 102 106 101 108 1
105 100 100 101 103 108 96 104 98 100 98 105 2
102 99 96 103 105 109 97 109 108 105 100 106 3
101 99 99 102 105 110 99 104 104 101 98 104 4
106 101 100 107 111 119 97 111 103 110 99 111 5
102 96 94 106 103 112 96 106 102 102 100 109 6
100 96 90 107 96 106 91 100 98 96 95 102 7
105 100 96 118 118 115 102 111 110 106 100 107 8
101 95 96 104 96 105 93 103 93 102 99 103 9
104 95 96 103 102 106 93 108 100 102 99 106 10
100 100 100 104 101 110 99 105 100 101 100 15000 11
Chip#4
101 109 106 101 113 112 113 105 114 97 109 101 0
97 103 103 99 104 108 108 104 107 98 101 97 1
95 101 104 106 99 105 113 102 105 100 102 99 2
105 101 107 106 110 113 110 111 113 105 108 100 3
97 101 106 103 106 105 110 96 114 98 105 99 4
100 102 104 104 109 106 107 101 104 98 105 98 5
105 106 104 104 112 108 117 105 117 105 108 102 6
102 107 113 108 112 114 113 111 115 102 107 102 7
100 96 99 92 112 102 103 102 106 98 98 91 8
104 105 106 107 113 112 111 109 110 102 106 104 9
101 100 104 104 112 106 110 105 104 97 103 99 10
101 105 107 104 113 104 108 105 114 102 108 15000 11
Chip#1
104 103 108 102 103 98 100 100 97 105 108 103 0
111 108 111 105 103 107 107 107 103 106 106 103 1
105 104 109 109 104 106 109 107 102 105 106 100 2
110 104 126 720 218 102 103 322 344 103 105 99 3
113 109 116 417 114 108 112 243 273 111 112 105 4
109 101 111 104 100 99 106 103 101 102 103 97 5
114 101 109 109 104 106 111 105 109 111 110 99 6
115 108 113 173 123 108 115 212 277 112 113 105 7
109 99 112 248 170 103 110 505 393 110 112 103 8
101 101 108 103 100 97 103 115 110 103 103 95 9
105 100 107 102 97 98 105 105 103 106 103 95 10
110 105 113 102 100 104 110 104 100 107 108 15000 11
Chip#2
108 100 112 105 103 108 110 100 110 102 101 105 0
101 105 108 106 103 102 107 100 109 102 101 102 1
104 98 103 104 105 101 104 100 112 104 103 105 2
108 102 111 111 155 117 112 100 136 135 109 105 3
104 104 104 109 143 109 105 99 141 140 102 107 4
99 98 101 98 99 97 103 100 103 96 98 97 5
104 99 108 105 99 104 103 100 111 107 103 106 6
100 95 105 97 99 99 101 99 117 108 98 101 7
101 100 107 105 114 107 104 100 163 142 97 98 8
108 102 109 105 105 107 108 100 115 113 106 104 9
101 97 104 100 103 105 106 100 109 101 99 101 10
104 102 109 106 103 103 111 100 110 108 103 15000 11
Chip#3
101 101 103 102 105 110 97 104 100 107 100 104 0
104 101 99 101 99 108 97 103 100 102 103 105 1
104 100 96 99 101 109 97 102 101 106 103 105 2
100 99 99 103 101 109 97 104 108 107 100 106 3
96 96 94 97 96 106 89 97 95 95 93 102 4
95 96 96 99 95 109 93 98 87 95 92 100 5
98 98 96 101 96 106 95 101 97 99 99 102 6
100 101 96 105 99 113 95 104 101 103 101 102 7
102 100 99 110 109 104 96 103 107 105 101 105 8
98 98 100 102 102 108 96 103 98 102 101 103 9
99 94 96 100 96 107 98 97 95 105 99 103 10
104 99 100 99 102 120 97 102 98 101 103 15000 11
Chip#4
104 106 112 101 110 106 110 109 111 102 106 100 0
95 98 100 96 103 101 103 100 100 96 95 95 1
105 106 110 103 107 108 107 108 114 105 103 104 2
102 105 112 100 112 112 110 109 108 105 104 100 3
102 101 103 96 103 102 107 106 107 97 103 99 4
98 103 104 99 107 108 107 104 110 100 103 102 5
100 101 106 93 106 105 104 105 107 100 99 95 6
105 109 109 103 110 114 110 112 111 101 106 102 7
101 98 100 97 109 106 104 103 108 103 93 93 8
105 105 104 105 112 108 110 105 107 103 103 101 9
107 107 107 103 110 110 110 112 113 104 106 100 10
107 109 112 105 113 111 110 111 108 101 106 15000 11
Chip#1
101 95 98 96 94 98 99 97 99 94 102 99 0
108 99 107 102 101 102 103 103 100 100 109 99 1
113 109 113 112 106 112 108 109 109 108 113 108 2
109 103 128 724 219 107 111 327 352 105 112 103 3
100 109 107 408 104 105 106 237 267 97 105 101 4
101 106 112 108 106 107 107 110 111 108 110 102 5
102 105 105 102 102 107 107 108 105 100 109 99 6
104 100 108 173 124 101 104 204 273 105 105 98 7
107 109 114 265 174 106 105 508 389 105 105 102 8
102 109 102 104 103 99 103 118 114 101 109 97 9
106 100 103 95 97 101 104 103 100 97 105 100 10
111 109 108 101 104 107 108 106 105 105 110 15000 11
Chip#2
104 94 101 101 102 99 101 99 103 94 100 97 0
111 102 106 104 101 102 105 100 110 103 103 102 1
104 100 104 108 103 103 105 99 109 103 97 101 2
108 107 109 111 156 111 107 100 136 132 103 107 3
109 97 109 110 146 112 106 100 141 144 103 102 4
110 105 105 109 89 109 110 100 114 106 109 105 5
103 97 111 103 89 103 109 100 110 106 97 101 6
106 97 106 103 105 102 105 100 123 110 104 96 7
99 94 99 103 105 103 96 99 157 133 93 97 8
105 102 101 107 105 104 107 100 114 108 101 102 9
105 97 104 105 103 103 105 100 112 101 102 104 10
105 100 108 104 103 101 105 100 110 103 101 15000 11
Chip#3
104 95 96 101 98 103 93 101 92 101 102 102 0
105 96 100 107 105 109 100 103 100 106 105 108 1
102 95 94 102 97 106 93 98 93 100 96 102 2
99 94 96 97 98 103 93 103 100 96 99 103 3
104 96 100 106 98 120 99 104 106 105 106 104 4
96 98 99 104 103 106 99 102 98 101 102 105 5
101 98 102 102 101 112 96 103 97 105 106 108 6
98 94 91 103 103 109 94 101 101 102 100 104 7
106 104 108 119 117 115 99 108 114 112 108 110 8
105 99 98 102 98 110 97 102 100 106 101 105 9
106 98 99 103 102 109 99 102 96 108 99 107 10
102 100 103 105 101 108 95 102 102 107 100 15000 11
Chip#4
100 102 104 96 101 108 106 99 100 98 98 93 0
105 102 104 99 109 103 110 106 110 101 99 99 1
104 104 107 103 114 112 107 107 107 104 104 101 2
97 102 103 100 106 105 107 104 104 98 101 97 3
102 101 110 107 109 109 111 106 116 107 105 101 4
100 98 107 99 109 106 107 106 104 101 101 100 5
104 107 114 108 116 114 116 111 110 107 108 106 6
104 110 110 102 112 110 111 108 114 104 102 101 7
103 107 112 100 121 113 113 112 113 109 106 105 8
97 97 104 99 109 106 107 102 106 92 96 96 9
100 100 102 99 106 108 106 100 101 98 99 93 10
98 96 103 100 107 102 104 102 103 97 96 15000 11
Chip#1
102 100 105 96 97 97 105 98 100 105 102 99 0
109 109 114 108 104 110 115 113 110 107 109 108 1
106 105 112 106 103 106 110 107 113 106 104 103 2
110 109 127 737 225 106 112 330 356 103 110 105 3
113 106 113 417 109 103 108 245 271 108 113 108 4
104 103 105 104 99 102 108 102 105 102 104 94 5
105 109 109 104 100 102 111 105 105 102 105 102 6
109 109 111 178 129 102 112 215 281 105 108 103 7
105 105 117 267 175 107 111 507 396 107 108 102 8
105 108 116 110 106 104 110 121 120 108 110 105 9
104 101 104 101 95 98 103 102 99 96 98 97 10
106 97 103 92 98 96 104 93 93 96 104 15000 11
Chip#2
106 107 107 100 103 107 110 100 116 104 107 108 0
99 100 99 99 99 101 101 100 107 102 98 98 1
95 97 104 98 102 101 101 100 109 98 101 96 2
104 103 102 108 156 112 109 100 132 127 99 101 3
100 98 106 111 143 111 104 100 140 143 101 104 4
104 102 102 103 105 103 108 100 109 102 101 100 5
106 108 108 107 105 109 112 100 111 109 106 105 6
105 99 99 101 105 104 103 100 119 109 97 101 7
104 103 105 99 114 107 104 100 165 140 98 104 8
103 104 105 102 105 105 105 100 112 109 103 102 9
108 107 108 108 105 103 110 100 111 108 104 106 10
112 108 111 110 105 107 114 100 116 114 104 15000 11
Chip#3
96 92 96 99 96 105 91 97 95 96 97 98 0
91 93 94 99 91 103 88 101 92 98 97 98 1
98 97 96 101 95 109 95 103 93 103 98 103 2
101 101 103 109 103 112 98 106 111 110 103 106 3
98 101 98 107 98 108 99 99 102 100 99 103 4
98 94 99 104 101 110 97 99 100 99 97 105 5
98 96 94 96 96 105 93 97 97 100 99 99 6
98 99 103 105 100 108 101 105 104 101 100 104 7
106 107 108 121 117 119 102 110 115 111 106 109 8
99 96 96 97 96 103 91 97 95 96 98 95 9
102 99 105 107 107 110 101 104 102 105 105 107 10
91 92 97 97 94 100 94 95 92 95 93 15000 11
Chip#4
106 105 106 101 107 109 107 110 110 104 102 104 0
97 97 103 101 106 104 108 100 103 100 98 95 1
100 98 107 99 103 102 110 100 103 104 96 96 2
97 97 102 94 106 102 106 99 101 101 99 97 3
96 100 97 97 107 102 104 102 104 101 106 96 4
102 102 109 99 109 106 114 109 107 107 104 103 5
102 102 104 100 107 108 106 105 104 103 102 103 6
97 96 102 101 107 102 106 102 103 98 96 95 7
102 91 100 96 113 104 106 101 106 102 96 93 8
102 101 106 97 107 102 110 106 105 101 99 101 9
95 105 102 95 107 101 106 101 103 96 98 95 10
97 97 102 101 104 104 104 103 98 98 101 15000 11
Chip#1
109 109 104 107 97 108 110 105 107 101 110 103 0
106 100 105 103 96 106 109 104 104 101 104 103 1
98 106 107 106 104 103 110 109 106 104 106 100 2
105 104 122 734 218 103 105 329 351 103 106 99 3
110 104 116 424 111 104 113 248 282 105 108 104 4
104 100 105 102 98 102 108 104 105 101 102 97 5
101 104 102 99 102 103 103 104 103 101 109 93 6
106 106 108 180 124 103 112 211 278 106 112 105 7
104 100 113 273 179 105 110 511 399 105 105 101 8
105 105 107 107 105 104 110 119 116 106 106 100 9
109 109 112 104 104 106 112 111 110 108 116 109 10
102 97 100 95 89 93 98 98 97 94 102 15000 11
Chip#2
109 102 106 101 105 99 101 100 106 107 99 101 0
111 105 104 107 104 105 109 99 114 110 103 103 1
107 105 103 104 104 103 107 99 111 104 99 99 2
106 102 113 108 156 115 107 100 135 132 99 104 3
103 98 98 103 143 110 99 100 129 139 96 96 4
111 105 114 113 105 108 112 102 117 108 108 110 5
100 97 105 98 103 96 104 100 102 102 99 98 6
105 99 102 102 103 103 100 100 120 108 99 101 7
108 99 104 107 114 109 109 99 163 149 101 99 8
103 104 103 99 105 97 104 100 111 109 98 98 9
100 104 105 103 105 103 105 100 110 107 102 106 10
108 104 104 102 105 98 109 99 106 105 102 15000 11
Chip#3
106 101 104 103 103 114 101 104 102 105 102 108 0
95 87 93 96 92 102 90 98 91 97 97 95 1
105 100 98 101 102 113 97 103 101 102 103 99 2
104 100 100 107 103 110 96 106 110 105 100 103 3
97 94 98 104 102 108 90 100 102 103 97 99 4
100 92 95 100 98 105 95 101 95 98 95 100 5
95 92 92 96 92 110 90 97 95 99 93 100 6
96 91 95 97 95 109 91 101 101 98 95 95 7
100 88 98 109 109 106 98 98 101 102 100 100 8
98 88 94 100 98 101 97 102 96 97 93 99 9
92 87 91 93 90 99 88 98 87 92 94 94 10
102 96 96 105 100 106 98 104 100 105 99 15000 11
Chip#4
102 104 109 99 107 112 111 104 110 101 103 99 0
93 96 97 96 98 99 98 94 96 90 98 91 1
107 101 112 103 106 106 110 102 107 101 105 96 2
102 100 99 100 106 105 107 102 106 107 101 99 3
97 96 99 96 103 102 103 104 99 101 101 93 4
94 94 103 97 103 102 103 100 100 94 103 96 5
98 99 104 97 104 105 104 104 104 97 101 101 6
95 102 104 101 106 105 107 104 106 100 101 99 7
95 96 103 97 106 101 103 101 104 101 101 95 8
107 103 112 108 112 110 110 106 104 103 105 101 9
98 105 103 99 103 102 107 100 103 98 101 92 10
97 101 99 99 106 102 110 99 103 94 101 15000 11
