Chip#1
99 102 99 102 105 100 104 98 102 96 105 100 0
100 102 110 110 105 101 125 101 103 111 108 104 1
98 101 150 174 104 147 218 108 136 206 119 99 2
102 102 114 127 103 118 145 102 113 157 109 101 3
91 95 100 101 100 95 104 94 93 93 102 98 4
97 100 137 141 103 117 150 102 123 172 101 104 5
92 101 113 115 103 108 125 98 113 148 103 102 6
99 101 99 104 102 95 101 96 100 96 101 101 7
97 101 133 138 100 117 131 100 96 97 101 102 8
96 100 120 118 104 118 132 98 99 96 101 99 9
99 102 100 106 105 95 104 101 99 97 103 107 10
98 104 105 101 111 100 106 101 101 103 103 15000 11
