Chip#1
110 105 101 106 103 104 110 109 109 105 101 110 0 166 121 172 23
107 105 138 169 107 137 189 111 118 181 105 104 1 0 0 0 0
98 100 502 654 109 532 1014 143 382 1054 212 98 2 0 0 0 0
101 104 195 265 105 238 413 116 217 533 138 106 3 0 0 0 0
105 102 116 129 109 113 125 112 114 114 105 106 4 0 0 0 0
105 107 466 468 110 337 522 119 299 618 144 103 5 0 0 0 0
102 104 228 237 107 222 317 113 217 464 126 104 6 0 0 0 0
108 108 112 119 108 110 119 112 118 109 107 109 7 0 0 0 0
102 100 417 411 107 323 393 112 113 102 101 104 8 0 0 0 0
103 103 281 263 105 313 371 112 109 101 97 100 9 0 0 0 0
105 107 105 111 103 103 114 109 111 99 104 105 10 0 0 0 0
105 105 100 105 102 106 108 108 108 101 100 15000 11 0 0 0 0
Chip#2
115 116 109 110 112 110 110 113 111 110 109 111 0 232 128 5 23
103 105 98 101 103 100 96 103 102 99 99 101 1 0 0 0 0
106 110 108 106 107 104 104 105 102 106 106 111 2 0 0 0 0
102 102 112 201 142 104 202 176 101 157 176 101 3 0 0 0 0
106 111 124 303 202 107 236 207 102 171 183 107 4 0 0 0 0
95 100 95 114 102 96 99 101 91 96 96 94 5 0 0 0 0
98 102 100 140 121 102 301 306 101 249 405 110 6 0 0 0 0
106 106 114 222 182 116 578 593 112 399 609 135 7 0 0 0 0
110 114 110 130 122 107 147 146 112 118 141 107 8 0 0 0 0
97 102 97 99 99 96 193 253 100 190 345 114 9 0 0 0 0
109 112 110 110 108 111 466 645 136 361 663 178 10 0 0 0 0
107 109 107 106 110 104 149 193 110 126 181 15000 11 0 0 0 0
