Chip#1
105 106 100 104 112 106 134 112 111 130 133 122 0 244 124 29 23
100 105 99 103 106 117 332 270 153 502 378 116 1 0 0 0 0
101 107 103 103 110 119 311 261 162 497 372 111 2 0 0 0 0
96 105 98 104 110 99 175 150 105 153 129 107 3 0 0 0 0
103 107 97 103 107 137 551 452 129 309 269 103 4 0 0 0 0
100 109 102 106 113 123 381 320 124 269 228 110 5 0 0 0 0
108 111 105 111 113 111 199 180 111 166 154 108 6 0 0 0 0
104 106 104 113 117 149 833 768 176 719 630 122 7 0 0 0 0
103 108 97 106 113 125 581 526 135 517 443 105 8 0 0 0 0
109 109 103 104 110 107 200 188 108 136 128 108 9 0 0 0 0
103 110 99 106 114 135 670 657 150 229 205 110 10 0 0 0 0
96 102 95 99 103 114 451 405 116 168 158 15000 11 0 0 0 0
