Chip#1
97 100 104 101 109 102 106 107 106 105 96 100 0 165 121 132 23
97 103 104 104 109 103 111 104 108 101 97 98 1 0 0 0 0
99 104 106 105 110 109 117 105 113 112 100 99 2 0 0 0 0
98 98 102 102 107 103 107 103 105 103 99 98 3 0 0 0 0
99 105 106 106 111 107 110 108 110 105 99 106 4 0 0 0 0
95 100 103 105 104 103 106 102 108 101 99 94 5 0 0 0 0
91 95 99 98 102 97 105 98 104 97 95 96 6 0 0 0 0
93 98 99 98 104 101 102 102 104 95 95 98 7 0 0 0 0
89 91 98 98 96 98 99 94 98 90 90 91 8 0 0 0 0
97 102 103 105 107 108 110 105 108 98 98 97 9 0 0 0 0
97 99 102 100 104 103 105 104 105 98 99 100 10 0 0 0 0
97 94 99 96 100 98 103 101 101 91 93 15000 11 0 0 0 0
Chip#2
110 107 109 105 108 101 106 105 100 112 105 108 0 0 128 232 23
111 107 109 106 106 106 107 107 105 111 104 107 1 0 0 0 0
108 107 108 105 108 105 105 104 104 107 105 105 2 0 0 0 0
109 106 107 104 106 104 102 106 102 109 105 105 3 0 0 0 0
104 103 103 101 106 100 100 107 99 107 103 102 4 0 0 0 0
118 114 115 113 121 114 113 111 113 121 110 114 5 0 0 0 0
108 103 105 106 111 106 107 106 101 112 105 111 6 0 0 0 0
108 109 109 105 108 104 107 107 106 111 109 108 7 0 0 0 0
107 105 105 103 102 101 101 103 96 109 105 105 8 0 0 0 0
110 111 109 110 111 109 107 108 104 110 108 107 9 0 0 0 0
110 110 108 110 108 106 108 108 104 112 110 112 10 0 0 0 0
108 101 107 101 104 100 102 98 98 105 103 15000 11 0 0 0 0
