Chip#1
105 105 103 110 98 107 101 109 104 105 106 101 0
98 93 98 102 92 100 94 102 96 99 102 94 1
105 96 98 104 94 105 106 104 96 101 106 98 2
104 94 100 103 95 109 96 105 98 102 105 95 3
92 91 90 98 89 96 91 94 89 92 96 87 4
103 98 108 100 96 103 97 108 97 102 102 99 5
108 99 104 107 101 110 103 110 101 107 111 100 6
103 96 103 108 96 104 106 105 97 102 104 96 7
109 100 107 112 101 110 105 105 102 108 111 96 8
102 93 99 102 93 98 96 100 92 99 100 90 9
105 99 102 108 97 112 97 109 102 97 104 100 10
103 99 99 106 94 104 103 102 93 100 104 15000 11
Chip#2
108 113 104 101 112 109 108 108 111 105 109 106 0
113 112 103 101 110 109 104 109 108 107 104 108 1
111 107 100 97 109 104 105 107 108 104 107 101 2
100 99 95 93 102 100 101 98 105 100 99 101 3
105 105 93 93 105 104 101 102 102 99 102 97 4
108 103 99 94 104 104 102 98 103 99 104 102 5
108 106 97 93 104 101 102 101 105 100 106 96 6
105 105 96 93 102 100 98 102 101 99 100 96 7
101 99 92 93 105 98 102 101 103 99 99 98 8
110 102 97 93 105 98 105 102 105 97 103 98 9
107 109 93 97 105 101 104 105 106 99 103 100 10
105 107 100 98 105 105 104 100 104 103 102 15000 11
Chip#3
96 103 108 95 107 99 102 97 92 95 102 99 0
99 105 108 97 110 100 103 99 94 100 107 99 1
102 105 108 98 106 106 103 100 94 104 103 104 2
104 107 108 99 112 105 106 100 99 101 105 101 3
100 105 108 97 111 102 105 101 98 99 107 103 4
106 107 107 99 109 105 106 101 102 108 104 104 5
105 108 105 98 106 103 106 96 97 100 100 99 6
94 102 104 91 103 104 101 94 93 97 100 99 7
97 104 106 101 106 105 101 99 97 103 100 103 8
102 104 107 97 108 106 103 95 96 98 103 101 9
99 107 104 97 109 103 107 99 98 100 104 99 10
106 113 109 99 115 109 108 106 102 105 112 15000 11
Chip#4
98 97 97 94 97 103 101 99 101 98 96 102 0
105 95 102 101 104 113 105 102 104 103 100 108 1
104 107 101 103 107 112 104 106 101 102 106 108 2
107 98 102 104 102 109 105 107 107 98 109 107 3
113 108 108 108 112 117 113 112 115 108 114 111 4
106 106 107 106 105 109 109 106 109 107 111 106 5
105 105 101 104 102 113 103 103 107 103 108 104 6
101 97 99 99 105 105 101 101 102 101 105 101 7
102 97 102 104 101 109 103 102 103 103 105 102 8
104 104 102 102 104 112 103 106 99 98 107 102 9
106 100 97 101 101 103 103 101 104 96 101 103 10
108 107 105 104 105 108 105 108 102 98 108 15000 11
Chip#1
101 101 100 107 97 106 101 102 98 102 96 96 0
102 98 102 107 98 102 98 102 95 101 97 97 1
104 98 98 98 96 104 99 97 100 94 97 98 2
99 101 103 102 97 100 100 105 100 100 96 96 3
0 0 0 0 0 0 0 1 0 0 0 0 0
0 0 0 0 0 0 0 1 0 0 0 0 0
0 0 0 0 0 0 0 1 0 0 0 0 0
0 0 0 0 0 0 0 1 0 0 0 0 0
0 0 0 0 0 0 0 1 0 0 0 0 0
0 0 0 0 0 0 0 1 0 0 0 0 0
0 0 0 0 0 0 0 1 0 0 0 0 0
0 0 0 0 0 0 0 1 0 0 0 15000 0
Chip#2
0 2 0 0 0 0 0 0 0 0 10 0 0
0 2 0 0 0 0 0 0 0 0 10 0 0
0 2 0 0 0 0 0 0 0 0 10 0 0
0 2 0 0 0 0 0 0 0 0 10 0 0
0 2 0 0 0 0 0 0 0 0 10 0 0
98 99 95 92 101 100 97 104 96 96 100 94 6
101 103 93 97 101 97 100 101 101 94 100 97 7
102 106 103 101 104 104 104 105 103 103 107 101 8
101 106 96 96 104 105 101 105 103 97 102 98 9
100 99 95 97 101 100 100 101 99 100 102 96 10
104 105 96 93 105 102 104 104 106 100 105 93 11
0 2 0 0 0 0 0 0 0 0 10 15000 0
Chip#3
99 105 102 99 103 102 97 97 99 100 99 99 1
100 100 101 99 100 97 100 97 94 100 100 99 2
104 109 102 101 109 103 99 101 94 102 105 99 3
103 107 104 99 107 103 103 100 100 106 99 101 4
0 0 0 0 0 0 0 0 0 0 0 0 0
0 0 0 0 0 0 0 0 0 0 0 0 0
0 0 0 0 0 0 0 0 0 0 0 0 0
0 0 0 0 0 0 0 0 0 0 0 0 0
0 0 0 0 0 0 0 0 0 0 0 0 0
0 0 0 0 0 0 0 0 0 0 0 0 0
0 0 0 0 0 0 0 0 0 0 0 0 0
