Chip#1
113 109 114 100 104 112 114 108 105 108 108 104 0
102 100 102 96 100 108 104 100 100 105 103 102 1
104 101 100 93 100 107 107 102 99 102 103 99 2
109 108 116 162 119 115 115 118 120 110 108 103 3
109 101 105 133 106 107 109 112 113 110 106 100 4
102 101 103 96 99 104 106 103 99 106 99 97 5
105 104 105 98 104 108 111 104 105 110 103 100 6
107 105 103 121 112 108 108 122 125 105 102 98 7
107 109 109 144 127 108 110 168 140 108 105 107 8
102 109 107 102 106 108 106 105 103 108 103 99 9
108 104 107 101 105 107 110 110 101 107 106 106 10
100 95 100 95 98 101 105 104 99 106 97 15000 11
Chip#2
101 99 101 108 99 97 104 100 105 102 99 99 0
108 105 109 109 99 106 114 100 112 106 105 107 1
104 98 106 109 104 102 107 100 106 104 98 102 2
106 103 105 116 105 105 112 100 109 110 101 102 3
103 100 104 109 105 97 107 100 111 106 106 101 4
100 99 102 106 105 101 106 100 105 98 105 96 5
106 104 104 108 103 99 108 100 110 102 108 105 6
102 99 102 106 103 101 106 100 112 103 105 102 7
100 104 105 108 103 104 108 99 120 108 102 102 8
103 102 106 105 103 101 108 100 106 103 102 100 9
109 104 106 111 103 104 111 100 110 109 107 104 10
100 98 101 101 102 99 104 100 102 101 97 15000 11
Chip#1
111 109 111 102 105 103 108 107 106 108 105 103 0
109 106 105 101 100 103 111 107 105 107 103 107 1
100 97 102 95 94 97 100 100 95 97 101 88 2
100 92 118 571 186 97 99 158 165 101 96 92 3
111 103 111 363 112 106 111 153 163 107 104 103 4
105 105 108 101 108 103 112 103 101 108 102 100 5
105 108 111 103 104 110 112 112 107 112 106 103 6
114 109 109 264 152 108 113 226 305 108 105 103 7
107 100 119 444 262 105 108 587 358 111 99 97 8
105 104 107 106 106 105 107 121 111 108 102 100 9
109 106 112 102 103 106 110 107 104 112 105 108 10
115 108 109 103 105 106 109 109 100 108 108 15000 11
Chip#2
103 97 106 104 102 103 107 100 105 104 106 104 0
105 99 102 104 102 105 107 99 110 107 104 102 1
110 107 109 110 102 107 108 100 114 106 108 110 2
106 98 108 103 127 105 112 100 119 114 102 103 3
95 89 96 103 114 97 99 100 106 106 88 87 4
98 100 102 99 102 96 105 100 102 98 93 93 5
101 102 104 103 98 97 101 99 107 97 100 99 6
103 93 106 98 114 97 105 100 121 107 103 101 7
105 103 106 109 123 115 111 100 173 153 106 100 8
101 97 102 101 105 101 103 99 114 107 99 102 9
101 95 102 102 104 98 104 99 107 97 103 99 10
109 107 111 106 105 102 110 100 111 107 106 15000 11
Chip#1
108 106 104 95 100 99 105 98 97 102 101 97 0
108 104 104 100 101 101 112 107 101 108 102 99 1
113 108 109 109 110 107 116 110 104 112 108 103 2
109 100 132 771 230 102 108 186 195 107 103 103 3
111 105 116 454 114 108 114 161 181 110 108 102 4
109 97 100 99 100 101 104 104 101 100 97 95 5
115 105 114 106 108 109 113 112 113 113 105 104 6
113 109 113 324 169 108 115 274 387 113 105 110 7
108 100 119 580 329 102 110 774 446 110 104 99 8
114 109 112 114 106 108 115 133 122 113 103 103 9
109 104 105 101 104 104 106 103 107 106 101 105 10
115 109 107 98 98 102 107 100 98 105 99 15000 11
Chip#2
104 99 103 104 103 101 107 100 104 98 98 100 0
101 105 104 106 102 104 107 100 109 102 102 95 1
101 95 105 103 101 98 102 100 98 99 96 99 2
100 99 104 109 169 108 106 100 122 117 101 100 3
99 99 104 110 156 110 105 100 122 122 98 98 4
101 102 104 103 89 104 108 100 105 97 103 97 5
104 102 111 111 105 110 112 100 111 106 106 101 6
104 102 105 105 114 106 108 100 138 111 103 98 7
99 97 101 108 158 122 104 100 215 184 97 94 8
103 104 108 106 114 103 110 100 120 115 98 100 9
104 105 106 106 105 105 112 100 111 110 104 102 10
100 99 104 103 89 101 105 100 104 96 98 15000 11
Chip#1
111 103 105 97 95 101 108 99 99 103 104 100 0
111 104 111 95 101 102 109 100 100 103 104 99 1
110 108 114 107 104 110 116 108 108 112 106 105 2
111 109 141 895 255 108 111 208 219 106 113 109 3
110 104 117 518 110 106 107 168 190 105 102 103 4
107 109 113 104 104 105 105 104 109 110 102 103 5
117 108 113 109 111 108 113 110 110 113 108 104 6
110 103 111 364 184 107 113 299 437 110 104 102 7
109 109 130 673 372 105 113 897 519 110 109 102 8
102 101 107 111 100 101 104 126 117 100 97 97 9
117 105 111 106 106 104 112 112 111 108 109 109 10
126 109 112 106 109 106 113 111 110 107 109 15000 11
Chip#2
108 108 111 110 105 104 110 100 111 103 103 101 0
106 100 105 107 89 107 105 99 106 97 99 99 1
108 107 113 108 105 105 108 100 112 107 102 107 2
111 108 114 116 214 126 115 100 131 130 111 106 3
105 105 105 117 203 112 107 100 138 134 102 105 4
108 104 110 109 105 107 112 100 110 106 104 102 5
99 99 98 103 101 98 101 100 106 98 98 100 6
98 98 101 98 128 97 104 100 157 116 96 93 7
112 114 113 120 220 154 112 101 307 262 112 105 8
100 105 105 109 128 107 111 100 127 127 102 104 9
103 103 97 104 105 100 103 100 104 97 96 96 10
100 104 97 101 98 99 103 100 106 101 96 15000 11
Chip#1
121 109 112 104 108 107 115 111 112 112 108 115 0
111 101 107 97 96 104 107 99 101 101 102 99 1
113 106 109 107 105 106 111 110 103 110 105 103 2
102 100 139 952 254 102 105 207 220 103 98 99 3
100 100 108 542 104 101 106 167 190 102 98 95 4
113 108 116 107 110 109 112 113 107 111 109 99 5
101 96 107 101 94 99 103 97 104 101 101 94 6
111 109 113 382 189 110 112 312 449 111 104 101 7
110 108 135 716 397 111 118 949 550 108 110 106 8
118 109 123 120 110 115 116 140 131 116 109 104 9
115 109 118 109 108 110 120 110 113 115 109 108 10
124 109 111 101 106 104 112 105 107 108 110 15000 11
Chip#2
104 104 103 107 101 103 101 99 110 102 99 99 0
104 108 108 110 101 107 108 100 111 108 104 101 1
102 103 104 109 101 108 104 99 107 102 104 103 2
110 108 110 114 249 125 109 100 137 137 108 106 3
110 108 111 126 236 123 112 103 147 149 110 108 4
100 104 109 109 105 105 109 100 114 106 104 104 5
105 100 105 106 103 105 103 100 109 102 98 106 6
109 113 112 114 156 112 115 102 188 135 111 108 7
103 109 108 116 250 154 108 100 350 289 106 102 8
96 103 103 101 134 104 104 99 134 130 103 99 9
110 102 113 106 105 108 101 100 112 108 106 101 10
108 111 109 109 105 107 108 100 112 109 105 15000 11
Chip#1
109 104 108 101 102 102 103 104 99 107 103 103 0
110 108 109 109 106 107 110 107 105 107 105 105 1
108 105 114 109 106 107 112 108 105 110 106 102 2
108 101 139 950 259 106 106 213 226 108 103 102 3
106 109 116 545 111 107 108 176 190 108 108 104 4
110 108 112 110 110 108 112 109 114 106 108 108 5
102 103 108 99 102 104 102 100 106 103 104 103 6
105 99 111 378 182 104 110 311 446 108 105 98 7
111 109 135 720 396 109 116 954 554 115 112 109 8
115 109 114 121 106 108 112 140 135 108 106 105 9
109 104 105 97 98 100 105 103 103 106 103 104 10
126 108 109 104 108 108 113 114 103 106 110 15000 11
Chip#2
107 105 105 111 89 107 104 99 109 105 104 101 0
105 103 103 109 102 104 107 100 106 102 101 102 1
105 100 108 105 103 104 107 100 110 99 103 102 2
109 112 112 120 276 130 114 100 142 140 109 108 3
104 103 107 124 255 124 106 100 153 148 107 107 4
106 104 108 110 105 108 107 100 114 104 109 105 5
115 112 113 116 89 109 116 104 119 110 108 108 6
106 99 101 103 157 104 100 100 189 125 101 101 7
115 105 112 126 280 165 116 104 402 328 111 110 8
112 107 109 109 146 108 107 100 145 137 105 104 9
117 112 116 111 114 113 115 100 113 114 110 111 10
117 113 117 112 114 108 114 101 116 114 109 15000 11
