Chip#1
108 109 104 112 108 109 111 109 106 104 108 105 0 166 120 150 23
97 94 96 106 98 101 99 100 103 93 97 96 1 0 0 0 0
98 94 94 102 94 99 102 98 93 92 100 96 2 0 0 0 0
98 93 91 97 91 100 97 97 99 93 95 90 3 0 0 0 0
104 102 99 112 105 105 113 108 107 99 105 100 4 0 0 0 0
91 94 114 121 95 122 145 97 98 89 91 92 5 0 0 0 0
99 93 100 115 101 114 127 104 101 99 98 94 6 0 0 0 0
105 100 96 110 103 104 107 108 103 100 103 99 7 0 0 0 0
103 106 138 145 100 123 125 103 103 103 103 104 8 0 0 0 0
101 101 112 123 98 117 124 103 100 93 98 100 9 0 0 0 0
104 100 98 109 103 101 106 105 103 99 102 101 10 0 0 0 0
93 91 93 96 95 94 93 94 94 89 91 15000 11 0 0 0 0
Chip#1
101 97 94 102 96 97 100 97 98 95 96 94 0 164 119 34 23
98 92 93 98 98 99 101 103 99 96 100 93 1 0 0 0 0
101 94 96 108 100 104 107 104 104 100 100 101 2 0 0 0 0
104 102 97 102 101 104 106 107 104 101 103 101 3 0 0 0 0
105 100 96 104 101 101 106 105 103 92 101 99 4 0 0 0 0
98 95 118 124 93 128 147 98 102 93 100 96 5 0 0 0 0
102 102 107 116 107 120 132 107 106 103 105 99 6 0 0 0 0
98 100 94 99 103 100 100 102 100 91 102 92 7 0 0 0 0
105 100 130 139 105 120 124 104 104 96 102 104 8 0 0 0 0
104 100 122 124 102 121 124 107 103 100 100 106 9 0 0 0 0
101 97 93 102 97 97 104 96 103 92 95 93 10 0 0 0 0
102 96 92 99 95 95 94 102 100 93 96 15000 11 0 0 0 0
Chip#1
101 100 96 106 102 105 99 97 101 95 101 99 0 167 119 65 23
101 97 96 103 105 101 99 104 101 92 102 98 1 0 0 0 0
109 99 105 104 102 104 105 105 108 107 103 99 2 0 0 0 0
102 105 98 104 103 108 101 102 102 100 103 100 3 0 0 0 0
104 102 95 107 102 104 104 105 103 99 101 100 4 0 0 0 0
95 97 136 143 96 151 196 101 98 96 93 92 5 0 0 0 0
103 96 114 123 104 128 153 103 102 99 100 98 6 0 0 0 0
101 97 94 102 94 101 98 97 101 93 97 98 7 0 0 0 0
98 99 164 169 97 130 135 104 100 89 98 94 8 0 0 0 0
95 90 131 132 91 129 132 94 94 90 93 92 9 0 0 0 0
101 99 94 102 94 99 99 98 99 89 96 96 10 0 0 0 0
108 105 99 107 100 105 105 108 107 97 103 15000 11 0 0 0 0
Chip#1
102 104 96 109 100 105 102 105 100 95 101 98 0 166 119 77 23
104 99 95 103 96 98 104 104 103 99 101 100 1 0 0 0 0
99 99 107 119 98 112 123 108 113 125 102 95 2 0 0 0 0
91 90 91 101 93 100 99 95 99 100 91 93 3 0 0 0 0
105 106 115 126 102 115 128 104 108 104 105 102 4 0 0 0 0
98 100 480 490 98 550 893 116 109 112 101 96 5 0 0 0 0
99 102 247 258 101 341 522 109 109 113 100 96 6 0 0 0 0
99 97 104 114 98 101 101 100 99 89 96 93 7 0 0 0 0
101 101 672 629 100 345 395 102 102 95 100 98 8 0 0 0 0
96 101 441 382 97 336 380 97 97 92 94 92 9 0 0 0 0
108 102 102 109 102 109 106 107 106 107 102 106 10 0 0 0 0
105 105 96 104 97 105 101 97 103 97 98 15000 11 0 0 0 0
Chip#1
103 102 99 106 101 103 105 104 101 96 103 99 0 164 120 85 23
104 104 99 104 104 110 109 104 102 103 102 98 1 0 0 0 0
99 97 108 121 96 110 129 103 112 129 95 96 2 0 0 0 0
110 109 106 120 108 117 117 111 113 120 108 104 3 0 0 0 0
101 100 118 127 103 118 129 108 107 97 97 96 4 0 0 0 0
110 112 697 682 114 786 1326 136 117 132 113 104 5 0 0 0 0
103 101 336 336 104 457 750 114 109 122 103 99 6 0 0 0 0
108 106 123 132 112 112 112 109 112 103 105 101 7 0 0 0 0
106 111 1030 947 104 480 567 112 107 101 101 101 8 0 0 0 0
103 106 660 547 104 482 563 107 104 100 101 100 9 0 0 0 0
115 110 108 112 108 107 109 103 103 99 105 105 10 0 0 0 0
115 105 103 106 104 104 105 107 106 97 103 15000 11 0 0 0 0
Chip#1
104 101 102 109 108 105 107 105 101 101 108 99 0 165 119 108 23
101 95 98 108 100 108 104 103 100 101 101 96 1 0 0 0 0
104 100 115 129 101 120 135 107 118 135 103 102 2 0 0 0 0
104 97 99 110 98 106 116 107 103 117 98 96 3 0 0 0 0
104 104 120 131 107 116 138 105 106 105 102 96 4 0 0 0 0
102 104 720 701 104 814 1378 131 111 129 106 98 5 0 0 0 0
98 95 341 344 94 467 776 112 111 120 96 94 6 0 0 0 0
103 102 125 127 105 107 109 108 109 103 101 99 7 0 0 0 0
104 105 1073 986 102 498 592 108 103 99 98 98 8 0 0 0 0
98 102 688 565 102 492 581 103 107 97 98 98 9 0 0 0 0
106 102 103 109 102 111 107 104 107 99 102 102 10 0 0 0 0
111 102 94 103 97 104 101 100 101 96 100 15000 11 0 0 0 0
Chip#1
104 106 103 106 102 109 108 108 108 101 105 102 0 164 120 121 23
106 102 102 104 102 106 111 102 106 99 105 100 1 0 0 0 0
103 105 118 133 102 124 141 110 121 141 109 104 2 0 0 0 0
103 105 100 113 101 112 116 105 111 118 102 98 3 0 0 0 0
109 106 132 138 107 123 137 112 108 105 107 101 4 0 0 0 0
105 109 744 731 111 850 1430 139 127 137 106 105 5 0 0 0 0
108 107 362 367 105 498 815 116 117 132 106 102 6 0 0 0 0
115 106 122 132 104 112 114 110 113 103 103 102 7 0 0 0 0
102 109 1114 1018 103 516 614 108 104 100 101 94 8 0 0 0 0
102 105 720 589 102 518 609 110 104 101 101 99 9 0 0 0 0
112 106 102 112 101 107 111 109 107 101 101 105 10 0 0 0 0
117 112 104 112 105 111 109 109 112 107 107 15000 11 0 0 0 0
