Chip#1
104 99 107 101 100 104 103 101 101 100 105 98 0 223 127 9 23
114 108 112 107 107 109 116 106 109 106 110 102 1 0 0 0 0
103 102 104 98 102 105 105 101 97 104 103 98 2 0 0 0 0
106 99 106 166 112 101 103 121 126 96 101 93 3 0 0 0 0
112 108 111 140 112 111 112 126 133 109 111 102 4 0 0 0 0
110 108 114 106 106 105 111 105 103 100 102 102 5 0 0 0 0
107 97 103 99 100 104 101 97 99 101 103 99 6 0 0 0 0
104 93 107 117 102 104 105 112 121 106 99 96 7 0 0 0 0
108 99 109 147 122 105 107 149 138 103 103 99 8 0 0 0 0
112 108 118 109 109 110 115 112 113 107 110 102 9 0 0 0 0
112 98 104 99 103 105 114 98 101 102 102 95 10 0 0 0 0
111 107 113 106 111 109 115 107 106 108 113 15000 11 0 0 0 0
Chip#1
111 103 115 102 106 108 114 106 103 111 113 102 0 224 127 60 23
112 105 113 106 103 105 111 105 106 107 107 102 1 0 0 0 0
112 98 102 95 102 101 105 102 98 103 102 96 2 0 0 0 0
102 98 108 230 122 100 106 149 154 98 101 98 3 0 0 0 0
107 98 101 162 103 97 105 124 138 104 103 96 4 0 0 0 0
107 105 108 99 100 105 111 98 99 104 105 98 5 0 0 0 0
111 105 112 103 103 106 112 103 105 109 115 102 6 0 0 0 0
110 99 104 136 114 106 110 127 145 102 106 98 7 0 0 0 0
104 96 109 186 139 101 105 198 146 101 101 99 8 0 0 0 0
110 108 111 104 107 103 110 107 101 106 106 101 9 0 0 0 0
107 96 101 98 100 100 105 96 97 102 97 97 10 0 0 0 0
108 108 108 99 103 106 107 102 102 107 106 15000 11 0 0 0 0
Chip#1
123 108 114 106 106 104 110 106 107 107 114 114 0 224 127 141 23
121 108 111 103 101 110 112 106 105 108 111 104 1 0 0 0 0
120 108 117 114 112 116 116 110 114 113 117 106 2 0 0 0 0
110 103 154 1717 388 104 106 669 728 106 105 96 3 0 0 0 0
111 108 121 899 123 105 112 458 562 112 109 101 4 0 0 0 0
115 107 108 107 108 111 106 107 107 103 106 97 5 0 0 0 0
110 108 112 104 107 106 111 107 106 104 109 103 6 0 0 0 0
110 108 113 559 239 108 114 423 629 112 110 99 7 0 0 0 0
120 108 153 1178 614 117 122 1429 970 117 114 108 8 0 0 0 0
110 101 106 125 103 105 108 140 138 102 105 97 9 0 0 0 0
125 108 117 108 109 115 121 115 114 111 114 112 10 0 0 0 0
130 108 108 102 106 103 106 98 99 103 111 15000 11 0 0 0 0
Chip#1
120 108 111 102 105 104 107 103 105 111 111 112 0 225 127 128 23
115 108 108 103 106 100 108 105 103 106 103 106 1 0 0 0 0
115 107 116 117 114 109 115 110 113 112 110 103 2 0 0 0 0
116 108 164 1781 401 105 110 698 758 109 110 101 3 0 0 0 0
110 107 120 931 116 103 105 474 573 106 103 97 4 0 0 0 0
104 108 112 109 108 105 108 106 103 104 105 103 5 0 0 0 0
116 108 113 113 115 109 117 112 115 112 117 111 6 0 0 0 0
111 105 112 576 240 106 111 431 645 106 105 104 7 0 0 0 0
111 108 141 1202 615 105 106 1455 986 106 103 98 8 0 0 0 0
116 108 120 131 114 114 112 149 147 112 111 104 9 0 0 0 0
114 108 113 104 107 108 111 107 105 104 109 103 10 0 0 0 0
137 108 116 109 106 108 114 110 106 111 114 15000 11 0 0 0 0
Chip#1
116 108 106 98 100 103 109 97 103 106 109 102 0 221 126 79 23
114 101 107 106 102 105 108 106 107 101 101 99 1 0 0 0 0
116 103 107 110 106 105 108 106 110 107 109 103 2 0 0 0 0
119 107 164 1724 401 113 114 686 739 113 113 107 3 0 0 0 0
103 101 116 893 111 99 105 453 556 102 101 90 4 0 0 0 0
108 98 106 106 107 104 106 106 107 102 103 96 5 0 0 0 0
115 108 116 112 116 109 115 110 113 113 114 106 6 0 0 0 0
112 108 114 557 238 108 113 423 628 109 113 101 7 0 0 0 0
102 108 140 1162 596 104 103 1429 958 106 99 98 8 0 0 0 0
106 108 114 125 109 108 108 149 149 106 109 99 9 0 0 0 0
115 107 112 108 102 110 111 108 109 102 109 109 10 0 0 0 0
134 108 114 107 107 105 110 110 109 109 110 15000 11 0 0 0 0
Chip#1
124 107 109 104 108 108 111 102 103 108 115 113 0 223 126 82 23
123 108 116 109 112 111 111 113 114 112 115 111 1 0 0 0 0
107 108 108 107 109 104 112 106 103 104 107 101 2 0 0 0 0
112 107 164 1722 391 108 110 680 729 113 105 99 3 0 0 0 0
115 107 126 902 122 110 112 463 560 112 109 103 4 0 0 0 0
104 108 112 109 107 106 110 108 109 108 103 99 5 0 0 0 0
106 108 106 101 102 101 106 106 105 100 98 92 6 0 0 0 0
114 108 118 555 242 106 115 425 628 108 110 106 7 0 0 0 0
111 108 151 1173 606 111 112 1420 962 114 109 108 8 0 0 0 0
110 102 111 127 111 106 112 140 141 112 106 99 9 0 0 0 0
112 101 108 102 106 104 108 100 107 101 103 103 10 0 0 0 0
134 108 114 106 108 105 116 113 111 108 114 15000 11 0 0 0 0
