Chip#1
100 101 90 98 104 94 103 98 96 92 100 99 0
100 107 97 100 104 98 102 98 99 99 102 99 1
100 98 88 98 104 91 105 101 96 99 101 94 2
101 99 95 102 104 102 102 99 92 95 104 97 3
94 99 91 97 101 100 106 101 95 98 100 96 4
96 96 90 98 102 94 103 98 92 94 96 94 5
96 99 97 98 101 91 101 102 96 93 101 97 6
99 102 93 104 104 98 109 124 97 100 106 98 7
103 104 94 103 104 98 106 103 99 97 100 99 8
100 105 95 101 104 102 105 103 97 98 104 99 9
98 105 90 102 104 103 103 101 95 103 104 102 10
98 99 95 99 95 92 105 105 95 97 100 15000 11
Chip#1
100 104 97 103 104 96 107 104 97 95 102 99 0
99 107 92 102 104 98 106 104 92 98 106 103 1
96 105 94 98 100 96 101 101 96 95 101 96 2
95 105 95 100 104 98 102 105 92 99 101 99 3
101 106 97 100 104 98 109 99 97 100 105 103 4
92 100 93 99 104 95 109 99 95 89 98 94 5
95 100 94 97 104 94 109 99 94 91 95 98 6
92 94 89 94 92 92 109 103 90 93 100 92 7
96 100 93 99 104 92 101 101 92 95 94 97 8
100 104 94 102 104 102 108 109 100 97 102 101 9
95 92 88 97 104 98 103 104 96 94 100 94 10
101 109 100 108 104 100 112 108 102 97 104 15000 11
Chip#1
111 113 99 109 104 110 109 112 106 104 112 108 0
151 167 104 107 104 103 123 127 105 138 124 107 1
151 175 108 112 104 102 121 127 110 138 122 104 2
110 175 99 106 104 106 114 124 104 112 111 104 3
114 116 98 104 106 103 126 129 104 118 116 96 4
115 122 102 112 112 107 130 134 106 118 121 108 5
98 101 93 102 95 96 109 107 96 101 99 98 6
116 121 100 130 122 110 129 139 110 130 136 109 7
116 119 103 120 112 115 130 135 114 138 125 109 8
108 107 97 108 105 103 114 116 102 106 109 103 9
111 118 94 111 107 104 144 148 105 124 126 104 10
113 142 102 108 109 104 129 135 109 115 118 15000 11
Chip#1
113 110 100 104 104 104 112 113 108 104 109 103 0
185 207 119 126 117 118 141 142 126 150 148 119 1
184 215 118 117 114 108 135 136 118 149 136 110 2
113 118 102 106 106 106 117 114 106 111 113 103 3
125 145 108 125 123 111 149 153 126 140 130 105 4
124 140 108 121 120 114 141 142 113 134 126 107 5
106 111 104 117 109 108 121 126 114 116 111 105 6
119 135 100 139 139 112 144 153 118 151 140 105 7
130 143 114 137 138 122 148 154 126 148 147 115 8
108 116 105 109 108 107 121 115 104 117 115 110 9
121 138 108 121 119 114 161 174 116 148 142 107 10
121 129 104 118 119 111 147 149 110 132 130 15000 11
Chip#1
115 116 106 113 104 108 115 124 104 109 117 109 0
228 242 126 130 121 120 153 153 126 171 162 119 1
228 255 140 130 123 119 148 155 126 166 156 117 2
122 144 112 120 111 119 125 133 118 165 118 113 3
141 158 122 142 138 124 174 173 126 160 153 119 4
130 156 114 130 130 123 153 157 119 148 142 113 5
114 121 113 123 116 122 130 139 126 121 122 116 6
134 146 109 164 155 123 164 168 124 170 168 114 7
132 148 118 153 140 122 156 159 127 160 157 117 8
116 118 108 116 113 116 131 141 114 129 129 115 9
134 155 114 135 135 122 191 197 128 165 159 117 10
122 138 112 126 125 112 156 161 114 138 134 15000 11
Chip#1
124 137 109 117 108 116 123 129 115 138 124 120 0
228 262 131 126 123 119 153 152 124 183 163 121 1
244 279 136 125 122 118 153 155 126 176 163 116 2
132 150 116 121 119 119 135 136 124 133 130 116 3
150 173 123 142 144 131 189 189 135 170 163 124 4
137 160 122 141 139 130 167 167 117 159 146 116 5
115 123 111 127 117 119 135 139 120 134 126 119 6
144 157 119 179 171 127 183 186 129 194 182 120 7
135 150 117 155 145 123 165 167 120 170 163 117 8
121 126 112 121 120 124 138 146 124 135 129 122 9
135 160 117 137 139 123 205 211 129 181 168 119 10
140 152 117 136 134 124 170 182 128 151 150 15000 11
