Chip#1
105 105 108 106 100 102 105 103 103 108 109 98 0
102 101 107 100 100 102 105 100 101 102 104 99 1
107 109 107 104 104 106 110 104 103 111 113 102 2
106 109 109 177 115 102 107 108 110 105 108 97 3
105 99 108 138 99 103 105 109 106 106 108 92 4
108 105 111 101 100 107 107 104 103 101 103 102 5
98 96 108 100 97 99 104 97 99 101 108 97 6
104 97 104 121 103 103 105 118 128 96 104 97 7
104 99 107 151 120 98 105 166 139 105 104 97 8
104 104 107 107 104 102 102 110 100 105 106 100 9
100 97 103 97 94 98 104 100 95 100 105 94 10
114 109 111 103 104 103 107 108 101 107 108 15000 11
Chip#2
105 99 106 111 105 101 107 100 109 106 104 104 0
101 105 98 108 105 102 106 100 109 107 102 104 1
104 100 98 105 97 97 105 100 102 98 98 99 2
104 97 101 105 97 102 103 99 109 102 98 102 3
100 98 97 106 97 97 100 99 104 99 103 96 4
112 106 107 112 97 106 110 100 111 104 105 105 5
100 97 99 105 103 97 104 100 106 101 103 105 6
101 102 105 108 103 103 108 100 111 108 107 101 7
98 94 98 101 103 97 105 100 112 106 94 95 8
100 104 102 106 104 100 107 99 103 104 99 105 9
110 105 106 108 105 110 112 100 110 103 104 104 10
105 104 100 109 105 102 105 100 107 104 98 15000 11
Chip#3
98 96 96 95 106 102 91 103 96 101 96 97 0
105 103 107 102 105 108 102 111 104 106 106 106 1
101 96 100 101 103 104 93 102 97 103 98 97 2
106 100 101 100 103 105 95 105 102 106 102 100 3
104 100 102 101 107 112 95 107 101 106 106 106 4
95 94 99 96 99 100 91 103 95 100 93 98 5
104 102 97 99 105 105 101 107 100 105 102 103 6
104 102 100 99 105 110 95 102 101 105 100 102 7
108 103 107 107 107 108 101 110 105 107 103 105 8
101 94 100 99 99 101 91 100 97 103 96 99 9
97 99 102 97 101 101 93 103 98 101 100 99 10
92 94 94 93 94 99 88 97 91 98 92 15000 11
Chip#4
107 102 104 99 109 106 110 104 105 104 111 102 0
108 101 103 99 101 103 100 99 103 102 105 98 1
96 98 106 96 100 105 98 101 106 101 102 97 2
102 97 106 99 109 106 101 106 110 103 106 104 3
98 97 99 90 98 98 100 95 100 101 102 95 4
98 96 100 94 97 96 98 98 104 97 102 95 5
100 97 107 99 104 104 107 102 101 101 105 100 6
102 99 106 99 104 104 107 104 103 97 106 99 7
108 102 109 103 106 105 106 102 105 100 111 104 8
102 100 99 99 103 105 103 100 104 100 103 100 9
102 103 109 100 106 112 106 105 107 104 108 101 10
101 94 99 96 101 100 101 97 97 97 99 15000 11
Chip#1
98 99 105 96 96 102 102 98 92 96 101 98 0
110 100 107 100 100 106 105 105 105 103 105 106 1
102 103 105 106 103 103 108 100 106 106 108 99 2
111 104 132 685 213 108 108 189 192 108 106 108 3
111 109 118 378 114 112 112 155 165 111 116 106 4
96 100 103 96 100 101 99 100 99 97 98 94 5
109 106 109 103 108 107 106 107 102 103 106 105 6
111 108 116 274 155 114 110 235 322 110 109 105 7
106 106 121 463 272 104 112 610 375 107 110 105 8
106 103 111 111 99 105 106 118 111 100 104 100 9
111 103 112 103 104 108 110 105 105 103 102 102 10
124 109 119 114 112 115 120 120 109 115 117 15000 11
Chip#2
103 103 105 106 105 104 110 100 104 104 106 102 0
104 100 98 101 105 103 103 100 106 98 102 98 1
99 97 102 101 97 98 99 99 102 94 94 100 2
105 104 102 103 129 108 110 100 117 110 104 104 3
104 99 105 114 122 105 108 100 117 116 103 104 4
105 100 104 100 89 101 108 100 107 100 102 99 5
101 97 101 99 98 94 101 100 104 99 98 98 6
108 99 106 106 114 101 110 100 129 113 102 105 7
110 102 111 109 132 124 112 100 188 173 106 110 8
97 97 99 101 105 99 105 100 115 107 101 101 9
110 105 107 111 105 105 114 100 110 107 107 106 10
101 95 100 101 103 94 103 100 101 97 99 15000 11
Chip#3
101 97 96 97 103 102 97 99 96 101 100 104 0
102 98 99 100 103 110 97 105 102 102 104 106 1
102 103 96 99 106 106 95 101 95 102 102 103 2
102 97 98 104 107 106 94 106 108 103 98 103 3
108 97 100 101 103 106 95 109 106 100 102 105 4
106 101 102 106 111 109 102 105 101 108 100 107 5
99 94 94 92 96 104 89 98 91 98 95 94 6
105 101 102 105 105 106 99 108 101 106 101 104 7
104 96 100 109 109 109 98 103 100 103 100 102 8
100 96 96 95 102 102 94 100 93 101 101 100 9
108 101 103 103 103 108 101 107 100 101 102 106 10
104 94 96 98 102 105 93 103 97 103 99 15000 11
Chip#4
97 97 99 89 103 101 100 98 101 98 99 97 0
102 94 104 97 104 101 104 99 104 98 103 96 1
107 101 106 102 104 105 107 105 104 104 105 101 2
97 96 97 94 101 101 100 98 98 100 99 96 3
100 98 106 97 110 105 108 99 110 109 105 103 4
104 99 103 97 104 104 104 99 104 98 102 101 5
105 99 110 100 112 105 108 108 108 102 111 105 6
100 103 106 102 109 108 110 105 108 104 107 100 7
102 100 104 101 110 105 104 103 107 104 106 104 8
105 101 103 99 103 103 103 102 106 102 108 108 9
104 105 109 104 110 106 104 102 105 101 107 101 10
97 93 99 92 97 97 100 96 96 96 102 15000 11
Chip#1
113 108 109 104 105 104 112 102 105 107 109 104 0
107 104 108 101 100 102 106 102 98 102 104 96 1
106 109 108 111 104 110 110 107 105 107 112 102 2
106 109 127 816 228 102 102 198 206 101 105 95 3
108 103 113 471 111 108 110 168 181 106 110 103 4
105 109 107 108 103 103 106 104 102 105 105 99 5
106 105 105 102 98 102 106 105 101 105 106 103 6
106 101 112 336 167 106 105 275 403 103 108 104 7
110 106 127 603 346 109 112 810 467 111 110 102 8
105 101 109 114 102 106 105 125 117 103 102 98 9
109 105 105 102 99 107 108 103 101 108 106 100 10
114 103 105 97 96 103 102 102 99 101 108 15000 11
Chip#2
110 109 113 113 103 108 108 100 109 104 106 108 0
110 109 107 109 103 108 111 100 110 108 107 104 1
109 106 105 111 103 103 111 100 113 102 105 101 2
108 107 109 114 177 115 114 100 126 122 107 104 3
103 98 104 110 157 112 105 100 127 125 101 102 4
103 102 103 104 89 98 108 100 109 105 99 104 5
109 99 108 109 105 101 109 100 110 102 102 106 6
110 102 111 109 120 110 114 100 147 114 107 107 7
109 102 111 116 168 131 112 100 232 200 109 109 8
101 103 101 106 114 103 108 100 115 116 104 101 9
101 95 104 104 99 99 103 100 110 98 98 102 10
105 98 97 104 103 97 108 100 106 101 102 15000 11
Chip#3
104 95 98 100 102 104 91 104 95 102 98 99 0
110 104 102 103 107 116 104 106 99 111 105 105 1
105 98 102 108 105 109 97 103 99 105 102 100 2
105 98 100 110 111 109 98 110 115 107 100 105 3
105 98 96 109 111 108 98 108 111 107 103 100 4
95 96 96 100 98 107 93 101 95 100 95 100 5
104 99 98 103 105 109 94 103 101 102 100 103 6
105 96 99 106 102 109 95 103 101 102 100 102 7
108 105 104 117 120 120 102 109 106 108 105 105 8
110 111 102 106 109 109 101 109 101 111 108 108 9
108 100 96 99 103 108 97 107 98 103 100 103 10
106 103 103 99 101 104 98 103 98 106 100 15000 11
Chip#4
108 107 112 103 115 113 108 104 115 108 112 106 0
97 94 97 93 100 98 101 96 100 97 102 93 1
100 97 102 96 100 97 103 99 107 103 105 100 2
106 101 102 99 113 100 101 102 108 105 106 100 3
100 106 107 100 118 108 107 105 118 111 112 107 4
104 103 104 99 106 108 107 106 107 105 112 106 5
100 94 103 92 99 100 104 96 104 94 106 97 6
101 98 102 94 107 101 108 98 106 97 102 99 7
97 93 99 96 110 97 98 100 100 103 105 95 8
105 105 109 104 112 108 107 108 113 105 108 108 9
101 99 102 100 100 105 106 101 105 101 105 101 10
103 100 106 100 109 102 103 106 107 104 108 15000 11
Chip#1
121 109 114 112 109 112 111 110 107 112 116 108 0
121 108 109 101 104 108 107 108 103 106 108 108 1
111 109 111 111 110 108 116 109 101 107 110 104 2
114 109 144 958 267 113 111 229 239 110 110 109 3
108 109 113 543 109 103 108 182 196 110 110 107 4
105 105 103 107 104 106 103 102 99 102 108 100 5
108 109 108 108 105 111 106 107 101 108 106 101 6
110 108 116 376 188 111 110 312 448 113 110 109 7
106 104 126 688 377 109 103 925 536 108 109 104 8
110 109 107 117 104 110 105 130 125 108 108 102 9
106 106 102 101 98 103 100 100 101 103 102 103 10
118 104 100 99 98 106 105 104 102 108 106 15000 11
Chip#2
100 99 101 100 102 97 100 100 104 103 99 102 0
107 100 106 104 102 103 107 99 104 100 104 107 1
104 103 102 104 104 103 104 99 106 100 103 104 2
106 105 110 113 224 120 109 99 132 135 100 107 3
99 107 103 115 200 112 107 100 138 144 106 100 4
106 106 105 111 114 106 108 100 112 106 102 104 5
106 108 107 106 105 105 110 100 111 112 107 112 6
108 105 113 107 139 108 111 100 171 125 109 104 7
105 107 104 116 217 145 110 100 314 264 103 105 8
109 103 102 110 125 109 110 100 131 132 107 102 9
108 108 107 108 105 104 108 100 109 103 101 102 10
109 105 105 106 105 103 108 100 111 107 106 15000 11
Chip#3
109 103 103 105 109 104 102 106 104 108 103 108 0
106 103 104 103 103 112 104 109 102 107 104 105 1
104 100 103 101 109 110 98 105 101 103 102 103 2
106 101 100 111 123 109 95 119 129 105 103 104 3
108 101 99 110 115 108 101 115 126 105 104 104 4
106 104 105 103 110 120 105 106 102 107 106 108 5
102 103 103 103 106 112 102 104 104 107 104 105 6
102 98 100 107 106 104 94 106 101 103 100 100 7
107 104 104 129 132 120 102 111 114 110 109 107 8
113 104 111 107 113 117 104 110 108 114 105 111 9
108 99 104 105 105 106 98 105 100 106 105 105 10
107 104 103 103 110 120 101 105 101 108 100 15000 11
Chip#4
108 110 110 107 115 109 114 111 115 107 113 109 0
107 103 106 103 107 100 110 101 110 102 108 105 1
108 106 116 110 110 110 113 106 111 111 112 102 2
107 107 110 107 123 110 111 111 113 117 106 105 3
102 105 110 106 125 110 110 105 132 121 107 98 4
117 111 117 113 119 112 120 116 121 117 122 112 5
105 102 107 104 107 106 110 105 108 107 110 101 6
105 98 104 103 109 102 107 104 108 103 105 101 7
102 99 102 99 122 108 106 101 108 104 103 100 8
105 102 106 103 113 106 108 101 108 105 111 97 9
102 105 107 102 106 102 107 105 107 102 109 100 10
101 97 102 93 100 97 101 99 103 97 102 15000 11
Chip#1
115 109 108 103 100 100 107 98 101 106 106 103 0
110 109 109 104 103 110 107 107 102 105 112 105 1
105 106 108 107 100 107 104 103 99 99 108 98 2
106 103 133 945 257 106 103 216 228 105 106 100 3
109 103 118 539 109 109 106 175 190 107 106 103 4
110 104 111 104 108 110 105 108 106 105 106 99 5
104 100 103 99 101 101 102 99 99 103 102 99 6
110 103 108 371 183 106 108 308 446 107 105 105 7
114 109 131 694 388 116 113 932 543 121 113 110 8
107 106 113 115 108 108 113 131 128 107 108 103 9
102 97 100 100 98 98 103 99 99 101 102 99 10
121 104 103 99 96 102 102 102 92 107 105 15000 11
Chip#2
116 110 113 118 105 113 115 104 116 112 112 111 0
110 107 106 118 105 110 115 100 111 107 107 106 1
110 109 109 114 105 104 111 100 114 107 108 108 2
108 102 114 120 258 126 113 100 141 142 104 108 3
105 102 107 121 235 121 105 100 155 155 102 105 4
101 99 98 107 102 103 104 100 104 100 101 102 5
99 100 98 103 101 103 106 100 106 98 97 100 6
106 103 108 108 151 109 105 100 180 128 103 110 7
108 97 99 111 250 154 110 100 363 302 99 99 8
108 103 108 109 139 107 111 100 138 133 106 107 9
112 98 108 109 105 104 111 100 112 104 99 105 10
111 105 109 109 89 104 109 99 111 103 102 15000 11
Chip#3
100 94 96 95 101 100 94 96 93 100 95 98 0
105 101 99 101 106 113 99 104 97 105 105 105 1
111 105 103 107 114 119 102 109 109 107 106 108 2
106 104 100 120 128 120 101 125 138 109 106 107 3
102 100 100 110 123 112 97 109 134 107 100 105 4
109 105 108 109 113 120 106 111 104 111 109 108 5
115 108 108 109 113 120 102 109 106 112 108 109 6
111 105 104 115 114 115 102 109 111 111 106 108 7
108 101 100 132 136 110 94 101 114 106 104 103 8
104 100 107 103 111 109 96 104 101 106 104 105 9
105 101 103 103 105 108 97 103 102 105 101 105 10
108 106 105 105 111 109 101 107 101 105 102 15000 11
Chip#4
110 106 110 103 112 106 110 104 115 108 113 110 0
100 101 103 101 110 104 101 104 106 101 103 103 1
107 106 113 107 110 114 111 109 115 115 113 108 2
102 105 107 100 118 106 104 106 114 119 112 101 3
105 103 112 107 135 113 116 114 145 127 113 108 4
107 105 109 106 109 112 110 108 114 109 116 106 5
107 105 113 103 107 108 110 108 115 107 112 108 6
112 109 114 108 115 114 114 111 114 111 117 110 7
111 101 113 107 130 106 108 109 117 115 112 105 8
107 102 106 102 116 105 107 104 107 104 110 102 9
111 109 112 111 113 112 110 111 114 108 114 105 10
114 106 116 107 116 112 111 114 117 112 114 15000 11
Chip#1
110 109 102 103 102 106 102 99 101 101 106 103 0
104 109 99 97 102 102 103 98 99 100 104 98 1
105 105 109 108 106 107 107 109 101 111 108 98 2
106 106 139 1015 274 110 102 231 238 103 102 100 3
101 104 112 573 106 103 105 178 195 105 103 100 4
110 108 107 108 109 113 108 105 102 108 108 102 5
106 104 103 102 100 106 105 103 102 107 102 99 6
111 105 108 396 190 107 111 324 471 111 108 100 7
110 109 125 732 399 103 103 987 567 107 101 98 8
114 108 113 120 110 110 110 140 127 113 109 103 9
111 108 111 102 103 106 108 107 101 100 103 103 10
124 109 111 103 105 106 110 105 99 107 108 15000 11
Chip#2
103 104 107 103 103 101 107 100 106 104 103 101 0
109 104 106 105 105 102 107 100 105 102 102 101 1
108 109 105 106 104 110 110 100 109 106 106 106 2
110 112 111 117 294 132 116 101 149 148 114 111 3
108 104 107 120 267 128 110 100 158 173 106 106 4
106 106 104 105 105 102 111 100 111 107 104 104 5
108 102 102 106 105 103 110 100 109 102 106 104 6
109 105 104 109 162 105 108 100 202 133 106 107 7
112 106 109 121 288 165 114 100 414 340 109 111 8
112 105 105 108 146 107 105 100 141 138 106 105 9
115 108 105 111 105 113 115 100 119 109 111 110 10
118 108 112 113 105 106 112 100 112 110 109 15000 11
Chip#3
110 103 103 105 110 110 102 106 102 107 106 105 0
108 103 106 103 110 120 109 111 107 110 109 109 1
109 104 100 102 106 108 102 110 104 107 103 102 2
106 100 100 122 124 109 102 133 146 107 103 105 3
107 103 103 120 127 120 101 116 140 109 100 106 4
106 98 100 101 109 113 102 106 102 102 100 105 5
116 107 110 110 115 120 111 111 108 109 111 112 6
108 101 102 119 113 117 104 108 110 108 103 107 7
108 99 104 146 139 112 102 109 112 107 105 107 8
106 101 98 101 107 105 100 102 102 106 101 105 9
105 104 102 108 110 117 101 106 106 106 106 108 10
109 107 103 106 111 113 102 109 106 107 103 15000 11
Chip#4
112 107 110 104 110 113 110 106 113 105 110 106 0
110 109 106 108 112 106 114 111 113 111 109 105 1
105 102 109 102 107 105 106 101 113 102 108 104 2
111 112 113 107 132 110 108 106 123 132 111 106 3
108 109 110 107 136 114 108 106 146 131 113 109 4
111 111 114 111 116 115 122 112 115 113 119 112 5
107 105 110 103 106 110 110 104 110 102 108 106 6
107 105 107 103 110 106 111 104 107 109 110 106 7
107 107 110 107 141 117 114 112 118 117 111 106 8
115 120 124 114 133 119 122 118 123 120 119 117 9
115 109 114 107 118 110 116 108 114 108 114 109 10
115 107 113 105 116 108 113 106 113 108 111 15000 11
