Chip#1
102 109 107 101 100 101 104 99 104 106 105 99 0
111 109 114 102 109 116 116 111 113 112 114 109 1
109 109 108 108 107 118 112 111 116 111 112 102 2
115 109 136 735 227 119 113 334 359 112 120 109 3
100 99 105 407 105 104 108 237 271 101 105 99 4
101 105 105 99 106 106 105 105 106 105 108 103 5
109 106 108 103 106 113 113 113 112 108 110 103 6
106 104 113 156 123 108 103 211 275 106 108 99 7
106 109 113 240 172 108 110 511 395 106 105 101 8
100 105 107 106 104 107 108 114 116 105 103 99 9
104 104 103 101 100 105 105 102 102 102 105 95 10
109 109 112 102 103 106 105 104 109 108 105 15000 11
Chip#2
106 108 115 116 105 109 117 100 120 110 112 110 0
100 94 104 103 101 99 107 100 102 98 96 105 1
105 102 109 108 101 105 114 100 119 108 107 110 2
105 99 108 108 153 115 107 100 135 127 102 108 3
98 103 102 106 141 111 111 100 138 143 99 99 4
110 108 109 115 89 112 112 100 114 110 109 108 5
108 104 109 110 105 106 111 100 118 106 107 111 6
108 99 107 109 114 111 111 100 125 112 106 102 7
109 105 113 115 114 112 110 100 170 149 107 106 8
103 100 104 103 89 103 105 99 111 104 103 99 9
108 105 107 108 105 108 111 100 117 108 102 107 10
106 104 111 109 105 103 114 100 112 107 104 15000 11
Chip#3
104 97 103 103 102 108 96 105 96 102 101 107 0
104 99 102 105 102 110 99 108 101 102 105 107 1
102 92 98 109 100 110 97 104 98 100 98 105 2
100 90 95 102 99 106 96 105 106 97 96 105 3
106 104 107 114 109 115 102 115 110 108 104 110 4
97 96 101 106 102 106 96 103 95 102 98 107 5
106 104 104 110 106 116 102 108 102 107 103 108 6
101 100 99 115 105 111 97 110 106 103 98 108 7
96 87 93 109 99 103 91 99 104 95 93 100 8
102 99 96 104 100 113 99 108 102 103 103 105 9
108 105 104 109 107 113 102 109 102 107 105 111 10
104 98 98 104 104 108 102 104 96 101 95 15000 11
Chip#4
94 97 107 102 101 103 104 102 98 94 99 97 0
100 101 100 101 103 105 104 102 103 93 98 97 1
100 101 107 103 104 105 106 101 111 96 106 105 2
101 103 104 103 106 105 106 105 107 101 96 96 3
104 106 109 106 112 108 110 106 111 105 102 103 4
107 107 109 107 112 109 110 108 110 105 98 104 5
101 105 107 106 103 106 108 101 107 102 101 103 6
102 110 114 108 116 113 111 109 114 105 98 102 7
105 106 114 110 119 114 113 109 113 111 105 101 8
101 106 106 106 109 109 110 105 111 101 99 104 9
98 103 106 102 98 103 104 106 106 94 98 95 10
98 98 103 100 98 104 101 97 100 93 95 15000 11
Chip#1
114 109 111 108 103 106 108 107 103 107 112 104 0
102 100 102 96 94 95 99 99 98 99 101 94 1
100 99 102 99 96 98 100 98 103 96 101 93 2
111 109 130 737 223 107 113 332 356 108 112 105 3
111 109 117 419 110 106 115 245 276 108 112 103 4
98 101 102 101 98 98 103 103 103 100 100 94 5
101 101 105 103 99 98 106 103 105 100 103 98 6
111 105 109 175 124 108 113 215 285 103 112 103 7
98 104 109 253 169 103 106 509 396 102 106 98 8
104 109 107 107 99 102 107 114 111 101 103 98 9
106 101 105 102 98 102 107 100 104 100 103 100 10
109 104 105 102 101 104 108 108 100 105 110 15000 11
Chip#2
112 107 110 111 105 110 110 100 117 107 108 107 0
109 111 112 110 105 112 110 100 116 107 107 110 1
100 96 99 97 99 99 99 99 108 99 97 96 2
105 99 109 109 154 112 108 100 131 128 103 106 3
99 94 104 109 145 108 107 100 136 138 101 102 4
104 98 106 103 103 99 106 100 110 102 103 101 5
105 103 105 103 103 107 103 100 112 104 99 105 6
110 107 115 107 114 110 108 100 123 111 107 105 7
109 105 106 103 105 110 109 99 167 139 102 107 8
101 102 103 100 105 102 104 100 110 108 101 104 9
109 103 106 105 105 101 112 100 111 102 104 105 10
106 100 107 105 105 104 110 100 115 103 104 15000 11
Chip#3
100 98 99 107 103 109 97 102 98 101 103 103 0
102 100 100 106 104 109 100 103 104 103 105 106 1
93 91 93 95 100 102 91 98 96 98 100 98 2
97 92 94 101 99 106 89 103 101 101 99 98 3
104 100 102 106 102 109 101 108 107 103 104 107 4
91 91 92 95 95 102 94 96 91 94 90 94 5
97 96 96 101 96 102 95 99 93 95 92 99 6
99 94 99 108 98 103 98 101 105 101 95 102 7
102 100 104 115 117 108 99 104 111 105 102 104 8
104 102 103 107 106 120 99 103 101 104 104 107 9
102 96 99 106 106 108 99 104 98 103 99 103 10
102 96 102 107 102 109 99 104 100 102 97 15000 11
Chip#4
104 109 109 106 113 112 113 108 111 105 101 105 0
100 104 102 103 103 111 111 102 107 104 99 97 1
100 99 107 102 103 112 110 106 107 105 96 100 2
97 97 100 101 104 108 106 102 104 104 98 96 3
101 107 109 105 112 109 114 104 111 111 105 99 4
100 104 106 106 113 108 110 104 110 101 102 99 5
97 100 106 100 104 108 107 99 104 96 99 96 6
95 100 103 101 107 104 107 102 107 98 99 97 7
95 101 104 103 115 105 107 101 106 104 99 97 8
98 107 109 103 115 113 108 105 110 105 98 103 9
87 94 92 92 98 94 97 89 93 89 89 88 10
94 100 104 103 103 104 104 99 104 96 93 15000 11
Chip#1
105 103 109 97 99 97 100 104 105 100 105 103 0
111 103 111 102 100 106 109 109 104 101 108 103 1
102 100 104 101 99 106 107 105 109 105 104 95 2
105 109 125 741 219 101 105 332 356 97 102 97 3
108 105 114 421 106 106 112 248 281 110 108 102 4
104 103 105 100 99 104 107 103 103 103 106 102 5
106 101 107 97 99 106 107 104 107 103 103 103 6
101 103 109 173 118 106 107 215 277 101 106 97 7
100 95 109 258 172 99 105 509 395 106 97 97 8
102 104 111 110 99 103 106 118 118 106 106 97 9
110 105 108 102 103 109 112 107 108 105 108 102 10
108 100 111 100 98 103 105 104 101 105 110 15000 11
Chip#2
105 103 105 104 104 107 107 99 105 107 103 105 0
110 104 111 104 114 106 111 100 110 107 105 104 1
100 100 98 104 103 100 104 99 105 103 102 98 2
105 97 100 106 157 108 107 100 133 126 103 105 3
106 104 107 110 148 110 109 100 142 144 104 102 4
100 96 103 104 104 102 104 99 104 100 102 99 5
99 100 103 108 102 98 105 100 110 101 101 100 6
103 99 103 98 102 102 104 100 117 108 101 105 7
103 97 105 105 114 112 105 100 162 138 101 100 8
105 99 101 106 105 101 105 100 114 110 102 104 9
104 95 102 103 105 102 104 100 107 98 96 101 10
106 102 111 108 89 108 112 100 115 109 104 15000 11
Chip#3
100 95 95 102 99 106 94 100 97 102 101 99 0
98 98 95 101 101 110 95 102 97 102 101 100 1
101 94 97 103 99 108 94 102 100 101 99 99 2
90 92 90 100 96 102 89 101 100 95 94 96 3
102 104 104 106 103 110 97 105 108 105 108 106 4
93 94 93 101 97 105 91 104 97 93 97 97 5
98 99 98 104 99 113 98 103 97 101 102 101 6
101 94 98 109 100 108 99 102 102 102 103 104 7
104 98 98 120 116 110 101 105 112 104 106 107 8
100 96 98 103 101 106 95 103 97 101 98 100 9
96 95 95 105 99 109 99 99 98 101 101 102 10
95 92 96 98 99 100 93 98 93 96 95 15000 11
Chip#4
97 101 103 100 106 106 106 105 110 98 98 100 0
94 93 103 93 101 101 103 99 101 94 93 93 1
96 93 102 92 98 102 103 94 101 94 93 95 2
94 92 100 93 100 98 100 96 103 97 92 91 3
102 106 110 108 107 109 113 109 116 108 111 107 4
100 101 109 104 106 108 108 106 110 101 102 101 5
96 92 100 89 97 100 104 99 104 93 96 96 6
94 97 99 99 104 97 104 98 98 100 99 93 7
97 93 100 99 114 104 103 97 103 98 95 94 8
97 100 110 99 109 106 107 104 110 98 99 103 9
101 102 106 100 106 106 104 99 108 102 99 96 10
95 98 103 103 104 101 108 100 107 97 96 15000 11
Chip#1
117 109 111 108 104 108 113 105 111 107 112 110 0
104 96 100 97 99 102 102 94 96 100 103 99 1
101 100 99 102 97 101 99 100 96 97 102 95 2
106 106 125 756 225 106 110 334 363 106 106 100 3
102 109 111 418 108 104 106 244 278 105 106 99 4
100 103 103 97 97 97 105 103 99 102 103 98 5
109 108 111 110 106 104 114 107 103 107 110 105 6
104 109 108 180 125 107 105 215 281 106 108 99 7
109 109 113 271 179 101 110 517 400 103 109 100 8
101 100 98 100 95 98 103 110 113 95 99 93 9
104 104 100 103 103 104 108 100 100 105 104 103 10
106 106 105 101 100 102 103 104 101 103 109 15000 11
Chip#2
103 95 96 100 97 101 100 99 99 93 99 97 0
106 99 106 105 97 106 105 100 111 103 106 100 1
100 95 99 102 102 99 99 99 105 99 100 103 2
98 94 101 105 156 110 108 100 129 129 97 98 3
109 103 106 117 151 115 108 100 142 145 104 106 4
104 103 106 108 105 103 112 100 114 108 107 106 5
110 102 108 105 105 103 108 100 110 103 106 107 6
106 102 104 109 105 103 111 100 123 107 110 102 7
106 104 104 105 114 110 109 100 166 143 101 105 8
109 102 105 113 105 106 107 100 116 108 106 101 9
110 106 108 103 105 107 106 100 115 105 110 108 10
105 105 103 106 105 105 110 100 107 104 106 15000 11
Chip#3
95 95 94 103 99 105 97 100 93 98 99 100 0
104 98 102 111 101 112 99 104 100 101 100 108 1
92 89 97 100 96 110 91 99 100 100 95 101 2
94 93 95 107 98 104 90 102 102 98 98 99 3
101 94 99 106 101 109 97 104 104 103 100 106 4
98 99 100 107 102 108 92 106 95 97 103 105 5
100 96 96 103 98 112 101 100 98 100 99 99 6
102 98 103 110 103 112 99 108 106 103 101 110 7
98 92 96 117 111 109 99 105 111 103 101 105 8
97 91 98 102 99 101 94 99 96 100 97 98 9
96 91 94 99 99 106 89 99 93 96 94 94 10
95 94 96 101 97 104 91 101 98 96 99 15000 11
Chip#4
96 102 104 97 104 104 110 100 106 97 95 93 0
100 100 107 103 104 105 106 102 108 100 98 99 1
101 102 110 102 113 109 113 105 113 105 108 97 2
94 97 106 99 104 105 104 99 104 101 98 93 3
97 104 109 100 109 108 106 101 106 104 104 99 4
99 102 102 97 103 102 106 103 107 98 101 100 5
97 97 104 99 103 105 101 104 108 97 98 100 6
93 96 102 97 103 100 103 99 104 94 92 94 7
102 102 109 99 115 105 108 103 110 103 99 95 8
96 94 97 101 109 100 101 99 103 94 95 95 9
97 101 103 100 103 109 104 104 107 100 102 100 10
100 100 109 103 109 106 110 102 110 100 99 15000 11
