51.0625
101.5625
101.625
100.75
100.8125
101.375
102
101.5
100.5
100.5
101.1875
101.875
101.25
100.5625
101
101.625
101.125
100.375
100.75
101.6875
101.375
100.5
100.1875
101.125
101.625
101
100.3125
100.6875
101.6875
101.375
100.5625
100.25
101.1875
101.6875
101.0625
100.25
100.4375
101.25
101.25
100.4375
100.1875
100.875
101.4375
100.75
99.9375
100.1875
101.25
101.0625
100.25
100.0625
100.75
101.4375
100.9375
99.875
100.125
101
101.25
100.25
99.75
100.6875
101.25
100.75
99.9375
101.1875
100.5
99.6875
100
101.125
100.9375
100.1875
99.6875
100.625
101.25
100.75
99.875
100.125
100.9375
100.8125
100.0625
99.75
100.5
101.125
100.625
99.625
99.9375
100.75
100.25
99.1875
98.4375
97.6875
97.8125
98.8125
99.875
100.9375
100.5
99.625
98.75
97.75
97.4375
98.25
99.3125
100.3125
100.75
100.0625
99.5
100.125
100.6875
100
99.1875
98.375
97.625
97.9375
99
100.4375
100.5
99.8125
99.6875
100.625
100.3125
99.5
98.6875
97.9375
97.8125
98.8125
99.9375
100.9375
100.5
99.625
98.5
97.75
97.5
98.375
99.5
98.75
100
100.875
100.5625
99.5
98.625
97.875
97.8125
98.8125
99.875
100.875
100.375
99.5625
98.6875
97.6875
97.75
98.625
99.875
100.6875
100.375
99.625
98.75
97.75
97.5
98.375
99.4375
100.75
100.5625
99.75
98.625
97.875
97.5625
98.375
99.8125
100.75
100.625
99.5625
98.75
97.9375
97.8125
98.75
100.1875
101
100.5625
99.75
98.625
97.875
97.625
98.8125
99.9375
101
100.5625
99.6875
98.875
97.875
97.625
98.5
99.625
100.9375
100.75
99.6875
98.875
97.875
97.4375
98.25
100.75
100.25
99.375
98.625
97.625
97.8125
98.75
99.75
100.8125
100.3125
99.5
98.4375
97.6875
97.875
98.875
100.25
101
100.25
99.4375
98.625
97.875
97.8125
98.75
99.6875
100.8125
100.5
99.4375
98.625
97.875
97.4375
98.1875
99.625
100.6875
101.0625
100.125
99.3125
98.25
97.5625
97.5625
98.875
100.3125
101.0625
100.375
99.5625
98.75
97.75
97.375
98.1875
99.6875
100.6875
100.4375
99.4375
98.625
97.875
97.4375
98.5625
99.6875
100.75
100.8125
99.8125
99
98.25
97.5625
98
99.125
100.1875
100.9375
100.3125
99.5
98.6875
98.5625
99.6875
100.875
100.5
99.75
98.6875
97.9375
97.625
98.5
100
101
100.9375
99.875
99.0625
98.3125
97.625
97.6875
99.0625
100.125
100.6875
99.875
99.125
98.3125
97.625
97.8125
98.875
100
101.125
100.75
99.9375
99.125
98.125
97.4375
97.9375
99.3125
100.375
100.625
99.6875
98.9375
98.1875
97.6875
98.5625
100
101
100.8125
99.8125
99
98.25
97.4375
98
99.125
100.25
101
100.4375
99.625
98.8125
98.0625
97.4375
98.25
99.375
100.75
100.375
99.5625
98.75
98.0625
97.4375
98.3125
99.4375
100.75
100.5
98.6875
97.75
97.4375
98.3125
99.8125
100.8125
100.75
99.75
98.9375
98.1875
97.6875
98.5625
99.6875
100.75
100.25
99.4375
98.4375
97.75
97.6875
98.5625
99.9375
100.8125
100.6875
99.6875
98.875
97.9375
97.6875
98.5625
99.6875
100.6875
100.25
99.1875
98.4375
97.75
98
99
100.125
100.6875
100.0625
99.25
98.5
97.5625
97.625
99
100.125
100.8125
100.0625
99.25
98.4375
97.5625
97.6875
99.125
100.25
101
100.4375
99.3125
98.5625
97.625
97.9375
99.0625
100.5625
100.8125
100.125
99.0625
98.3125
97.625
98
99.125
100.625
100.8125
99.0625
98.3125
97.5
98.0625
100.375
99.3125
98.5625
97.875
97.75
98.75
100.25
100.9375
100.125
99.3125
98.3125
97.6875
98.125
99.625
100.6875
101
100.25
99.4375
98.1875
97.5625
98.4375
99.5625
100.9375
100.75
99.6875
98.9375
97.9375
97.6875
98.8125
99.875
100.875
100.125
99.25
98.3125
97.5
