Chip#1
121 109 113 109 104 113 118 113 114 117 118 108 0
107 104 105 104 99 103 113 108 105 106 108 102 1
109 109 111 108 104 110 111 108 110 113 110 103 2
114 109 116 282 133 107 111 190 230 105 112 102 3
108 104 113 199 106 108 112 190 202 112 106 102 4
109 109 112 111 103 108 112 109 114 111 113 106 5
111 109 117 114 106 111 119 107 116 113 117 105 6
110 109 114 188 126 107 117 222 305 112 113 103 7
108 105 109 281 178 107 108 598 373 106 108 99 8
115 109 117 116 106 115 120 125 124 116 114 103 9
111 108 116 109 103 110 108 109 117 115 116 106 10
117 106 111 107 103 108 112 110 113 111 112 15000 11
Chip#2
109 98 111 99 105 102 107 100 114 106 99 98 0
109 104 113 101 105 105 114 100 112 107 107 108 1
112 104 120 108 105 110 119 100 118 108 112 106 2
112 108 122 113 114 113 117 100 137 121 110 111 3
109 99 113 109 114 108 114 100 129 132 104 106 4
106 96 109 104 103 104 107 99 107 105 103 104 5
104 98 110 101 103 104 105 100 112 103 106 105 6
106 104 109 106 103 107 109 100 131 115 107 106 7
108 104 115 109 114 120 112 100 183 158 107 107 8
108 103 116 108 114 107 112 100 125 122 110 108 9
105 104 111 99 103 109 113 99 109 107 103 102 10
104 96 113 103 103 102 108 100 109 110 104 15000 11
