38.125
38.125
38.125
38.125
38.125
38.0625
38.0625
38.0625
38.0625
38.0625
38.0625
38.0625
38.0625
38
38
38
38
38
38
38
38
38
37.9375
37.9375
37.9375
37.9375
37.9375
37.9375
37.9375
37.875
38.875
44.25
51
57.6875
64
69.9375
75.625
79.1875
84.375
90.75
95.25
100.8125
103.1875
102.6875
100.1875
98.5625
96.4375
94.875
93.3125
94.1875
95.5
95.5
94.25
93.75
94.9375
95.5
95.0625
94.0625
93.0625
93.625
94.6875
94.5
93.8125
93.75
94.3125
94.5625
94.3125
94.0625
94.1875
94.1875
91.3125
87.4375
83.625
80.9375
77.5
75
71.125
68.875
66
64
61.375
59.5
56.9375
55.6875
55.375
55.25
55.125
57.1875
63
64.125
63.875
63.5
62.875
62.4375
61.8125
61.4375
60.8125
60.4375
59.875
59.375
59.5625
60.25
59.9375
60
