Chip#1
96 96 97 103 98 95 134 96 92 92 100 99 0 243 124 16 23
99 104 97 106 102 106 106 107 101 103 108 105 1 0 0 0 0
95 96 97 99 98 96 101 101 96 97 101 98 2 0 0 0 0
106 109 100 108 104 107 107 111 105 102 111 111 3 0 0 0 0
101 101 89 103 101 104 111 107 99 102 108 104 4 0 0 0 0
99 101 97 101 103 100 110 105 94 99 108 102 5 0 0 0 0
103 100 97 104 98 103 103 102 99 93 103 107 6 0 0 0 0
106 108 100 109 108 106 134 113 101 112 117 108 7 0 0 0 0
100 98 97 101 99 96 106 102 92 105 106 102 8 0 0 0 0
98 103 97 106 102 100 100 101 97 97 102 102 9 0 0 0 0
103 99 97 101 102 100 113 110 96 100 102 102 10 0 0 0 0
101 99 97 103 102 102 105 108 101 99 105 15000 11 0 0 0 0
Chip#1
98 99 98 101 101 100 102 102 100 98 102 107 0 243 124 47 23
105 102 99 108 107 110 134 112 103 112 114 104 1 0 0 0 0
103 105 100 105 106 104 115 110 105 110 112 104 2 0 0 0 0
100 103 100 104 104 98 108 99 97 98 103 100 3 0 0 0 0
100 99 97 104 106 108 134 118 103 109 114 100 4 0 0 0 0
104 105 98 103 107 106 134 112 103 110 108 105 5 0 0 0 0
95 99 97 101 104 99 134 102 95 97 102 100 6 0 0 0 0
98 99 97 104 98 98 134 114 97 118 118 102 7 0 0 0 0
94 99 97 101 99 99 110 108 96 109 112 100 8 0 0 0 0
98 98 97 103 101 99 102 99 95 98 100 103 9 0 0 0 0
96 99 97 100 102 103 134 114 99 106 110 102 10 0 0 0 0
99 104 100 104 106 108 134 110 101 105 111 15000 11 0 0 0 0
Chip#1
106 108 102 106 106 108 134 114 106 115 120 114 0 245 123 131 23
105 109 100 106 112 123 304 255 137 300 244 117 1 0 0 0 0
101 103 97 104 106 118 282 239 134 294 235 107 2 0 0 0 0
100 103 97 103 101 103 164 145 99 133 119 102 3 0 0 0 0
106 109 103 111 111 143 481 401 132 304 274 110 4 0 0 0 0
99 102 97 105 101 114 327 276 113 254 221 99 5 0 0 0 0
106 108 103 110 108 108 162 149 106 161 139 105 6 0 0 0 0
100 104 98 109 108 126 489 439 150 540 481 114 7 0 0 0 0
103 105 104 108 106 117 361 331 125 393 353 108 8 0 0 0 0
96 99 97 100 99 98 156 147 101 133 123 99 9 0 0 0 0
105 109 99 110 104 123 403 386 135 268 238 114 10 0 0 0 0
99 102 99 101 101 107 286 266 108 183 180 15000 11 0 0 0 0
Chip#1
99 100 90 103 103 103 134 110 99 115 125 115 0 245 123 228 23
108 108 103 111 111 133 408 325 151 423 331 121 1 0 0 0 0
96 98 97 104 102 116 368 302 148 394 309 105 2 0 0 0 0
98 101 90 103 99 103 188 160 104 149 130 97 3 0 0 0 0
101 104 97 106 109 155 666 543 142 422 363 109 4 0 0 0 0
95 98 97 103 106 121 437 361 118 333 288 102 5 0 0 0 0
103 107 99 109 111 108 183 167 109 168 159 104 6 0 0 0 0
104 106 98 111 113 143 683 618 166 770 683 115 7 0 0 0 0
108 106 100 114 113 123 487 439 135 552 485 110 8 0 0 0 0
110 111 104 110 114 115 187 175 113 165 148 113 9 0 0 0 0
101 103 99 104 103 133 541 511 150 342 302 110 10 0 0 0 0
105 107 100 106 110 119 374 349 114 232 217 15000 11 0 0 0 0
Chip#1
101 100 97 106 103 102 134 111 99 122 126 115 0 246 124 123 23
104 107 99 103 103 131 460 362 150 481 373 115 1 0 0 0 0
104 107 102 112 106 134 432 351 162 481 363 111 2 0 0 0 0
104 107 103 111 109 114 216 175 108 169 147 109 3 0 0 0 0
104 109 103 110 111 162 785 640 150 490 422 111 4 0 0 0 0
104 113 102 111 116 138 514 417 134 396 344 114 5 0 0 0 0
100 103 103 109 109 113 199 173 110 183 171 104 6 0 0 0 0
105 110 100 119 117 153 805 741 187 912 792 126 7 0 0 0 0
99 103 99 109 109 123 556 501 140 642 559 110 8 0 0 0 0
96 100 99 103 103 100 191 180 103 168 147 103 9 0 0 0 0
104 108 102 110 109 141 646 600 160 432 353 113 10 0 0 0 0
108 108 103 111 113 125 432 401 121 262 243 15000 11 0 0 0 0
Chip#1
101 105 100 103 106 107 140 117 104 128 135 126 0 245 124 231 23
104 109 103 113 111 142 506 401 160 529 405 126 1 0 0 0 0
100 100 97 106 106 135 465 377 166 516 384 108 2 0 0 0 0
106 104 99 105 107 107 226 184 104 173 145 104 3 0 0 0 0
104 110 102 117 114 175 868 715 155 537 460 119 4 0 0 0 0
98 104 97 105 107 133 552 443 131 433 363 108 5 0 0 0 0
91 99 89 101 102 100 201 176 104 187 166 100 6 0 0 0 0
103 105 97 110 114 158 878 804 190 989 861 121 7 0 0 0 0
100 97 97 104 102 122 604 543 150 707 607 111 8 0 0 0 0
104 108 103 110 107 112 206 191 110 181 157 113 9 0 0 0 0
103 111 105 112 112 145 690 668 164 443 377 119 10 0 0 0 0
106 105 103 112 112 125 465 417 125 276 254 15000 11 0 0 0 0
