Chipdp
65 100 200 4 4 6 9 7 3 7 4 7 5 8 3 8 4 8 5 9 3 9 4 9 5 9 7 7 7 8 7 9 8 7 8 8 8 9 9 7 9 8 9 9 9 3 3 3 4 3 5 4 3 4 4 4 5 5 3 5 4 5 5 9 3 7 3 8 3 9 4 7 4 8 4 9 5 7 5 8 5 9 9 7 3 7 4 7 5 8 3 8 4 8 5 9 3 9 4 9 5 9 7 7 7 8 7 9 8 7 8 8 8 9 9 7 9 8 9 9 9 3 3 3 4 3 5 4 3 4 4 4 5 5 3 5 4 5 5 9 3 7 3 8 3 9 4 7 4 8 4 9 5 7 5 8 5 9 9 4 2 4 3 4 4 6 2 6 3 6 4 5 2 5 3 5 4 9 4 7 4 8 4 9 5 7 5 8 5 9 6 7 6 8 6 9 9 8 2 8 3 8 4 9 2 9 3 9 4 10 2 10 3 10 4 9 8 7 8 8 8 9 9 7 9 8 9 9 10 7 10 8 10 9 9 4 3 4 4 4 5 5 3 5 4 5 5 6 3 6 4 6 5 9 4 7 4 8 4 9 5 7 5 8 5 9 6 7 6 8 6 9 9 8 3 8 4 8 5 9 3 9 4 9 5 10 3 10 4 10 5 9 8 7 8 8 8 9 9 7 9 8 9 9 10 7 10 8 10 9 
Chip#1
112 107 103 107 105 108 108 105 111 103 113 104 0
107 103 107 102 105 101 111 105 105 100 101 104 1
110 106 104 102 102 103 110 106 103 102 102 102 2
106 105 117 621 197 105 105 175 190 103 98 101 3
103 97 108 369 106 103 103 149 165 97 99 96 4
110 106 108 106 105 110 112 106 103 107 105 104 5
112 108 112 110 105 114 115 113 107 107 109 108 6
112 108 107 259 147 106 110 222 311 107 109 102 7
108 108 118 443 257 105 107 564 348 108 106 103 8
108 102 108 109 106 104 107 115 117 102 107 99 9
104 107 103 102 94 98 103 102 101 96 97 98 10
120 106 109 101 101 104 105 108 105 102 107 15000 11
Chip#2
121 113 117 116 104 118 111 103 120 110 111 111 0
111 110 110 117 104 116 111 100 113 108 112 109 1
112 108 114 119 113 116 110 103 118 109 112 112 2
115 112 114 126 335 161 116 106 158 173 112 114 3
112 110 113 132 293 131 111 100 174 173 106 109 4
109 110 114 116 104 117 110 102 115 104 106 106 5
111 107 116 116 113 112 116 103 115 106 111 111 6
116 108 113 118 173 114 113 106 210 142 109 112 7
119 117 116 134 299 176 117 108 434 356 117 117 8
110 106 109 111 143 111 106 101 142 137 102 105 9
120 111 116 116 104 111 112 104 112 109 107 111 10
117 116 111 109 113 112 104 101 110 108 106 15000 11
Chip#1
112 108 112 108 97 104 105 105 105 101 109 106 0
102 96 103 102 92 98 101 98 99 100 99 95 1
102 97 99 102 95 95 102 100 97 98 97 97 2
104 103 128 620 198 103 101 178 192 97 107 101 3
104 101 112 378 108 101 108 152 181 103 107 103 4
106 101 103 96 97 100 98 101 101 95 99 94 5
103 101 104 106 101 98 106 102 102 100 102 101 6
106 98 104 259 149 104 103 222 307 102 105 102 7
110 101 122 442 258 101 106 561 348 107 106 104 8
110 103 109 113 105 103 106 115 115 106 106 101 9
106 99 111 101 99 103 106 102 102 100 101 101 10
114 102 108 99 97 98 106 103 102 101 105 15000 11
Chip#2
105 101 106 99 98 97 101 100 102 102 94 102 0
110 106 104 112 98 107 111 101 109 101 106 108 1
104 103 108 104 98 106 102 100 105 99 102 104 2
106 105 108 114 329 130 110 100 151 155 106 111 3
105 102 110 129 293 133 111 101 179 183 106 108 4
105 103 110 107 104 106 107 101 110 104 102 108 5
105 102 109 107 104 108 106 100 108 108 107 104 6
115 108 113 112 179 111 112 102 210 145 111 112 7
112 110 114 128 291 170 116 103 421 351 105 109 8
108 100 104 104 143 106 110 100 142 140 99 107 9
109 107 108 102 104 102 104 100 104 107 99 106 10
117 111 115 111 113 104 111 103 112 107 107 15000 11
Chip#1
111 108 112 108 101 101 107 105 106 103 109 106 0
108 108 108 103 103 106 108 103 105 107 106 103 1
111 108 108 109 102 105 107 111 107 109 103 108 2
104 99 117 623 194 103 101 182 190 100 98 99 3
108 108 111 382 109 108 107 155 181 107 111 106 4
111 106 111 106 107 106 107 107 107 106 111 103 5
107 105 108 107 102 99 106 103 102 103 102 102 6
103 102 111 264 146 108 106 231 317 106 107 97 7
108 107 116 447 259 104 108 564 352 109 109 103 8
103 102 106 110 99 100 101 113 115 98 101 101 9
116 108 111 113 107 109 114 108 109 108 110 109 10
115 105 109 102 96 99 103 103 102 102 102 15000 11
Chip#2
106 99 106 98 101 106 102 100 105 101 101 103 0
111 101 106 107 113 111 110 100 108 103 104 104 1
111 106 109 108 104 109 113 101 110 108 107 112 2
108 103 109 113 330 133 110 100 148 155 99 103 3
111 103 110 126 293 135 110 102 178 188 107 112 4
109 105 117 110 104 114 112 103 114 107 107 109 5
111 100 110 106 104 107 108 100 112 107 107 106 6
115 106 114 111 174 113 108 101 210 142 107 107 7
116 106 117 123 296 173 115 107 431 357 116 113 8
114 111 120 110 149 118 112 106 146 143 110 111 9
111 106 113 110 104 109 116 100 108 107 106 107 10
122 113 115 111 104 117 113 103 117 114 112 15000 11
