Chipdp
84 2 37 2 8 3 4 8 5 9 5 8 6 9 6 4 8 3 9 3 8 2 9 2 4 6 6 5 6 6 5 5 5 4 6 2 5 2 6 3 5 3 4 6 8 5 8 6 9 5 9 4 2 8 3 8 2 9 3 9 4 2 5 3 5 2 6 3 6 4 2 2 3 2 2 3 3 3 4 9 7 10 7 9 6 10 6 4 9 10 10 10 9 9 10 9 4 7 7 6 7 7 6 6 6 4 7 10 6 10 7 9 6 9 4 7 3 7 4 6 3 6 4 4 4 4 4 3 3 4 3 3 4 3 7 4 7 3 6 4 6 4 3 10 4 10 3 9 4 9 
Chip#1
102 102 100 104 105 104 106 105 106 101 100 103 0
107 108 124 140 110 121 151 113 115 138 106 106 1
97 99 307 397 109 318 548 123 257 557 173 100 2
99 102 147 189 110 168 259 109 156 314 122 105 3
103 100 106 109 105 110 114 108 111 107 104 104 4
96 100 227 225 101 178 244 105 195 371 117 96 5
103 99 145 151 104 141 179 109 167 286 111 99 6
102 98 101 109 105 103 107 102 105 99 100 96 7
102 103 206 216 105 183 206 105 111 98 102 100 8
103 100 164 165 103 179 198 108 105 101 99 100 9
101 97 100 102 104 101 106 103 108 97 100 100 10
102 103 101 105 101 103 107 110 108 99 100 15000 11
Chip#2
104 103 104 100 102 96 99 101 101 98 103 100 0
99 98 99 99 96 96 98 96 96 99 100 98 1
104 103 103 103 106 100 100 101 101 101 103 105 2
107 105 110 158 130 109 159 146 105 132 147 108 3
108 106 118 204 159 110 177 163 110 142 148 111 4
107 109 109 120 111 106 108 109 110 110 111 107 5
101 100 103 122 112 100 169 176 102 157 220 107 6
104 105 110 173 147 109 301 287 108 217 312 116 7
101 98 103 113 101 100 113 113 99 105 114 100 8
102 103 108 105 106 104 140 163 105 137 198 112 9
95 93 97 94 94 92 229 311 100 190 324 123 10
107 112 107 104 105 105 125 143 105 111 138 15000 11
Chip#1
104 99 100 100 104 102 106 101 106 99 101 103 0
96 93 117 126 100 112 141 100 103 128 99 92 1
105 105 315 402 109 324 559 131 257 571 168 104 2
102 102 150 185 108 167 261 112 164 313 118 102 3
97 98 105 107 100 101 108 103 105 102 99 97 4
102 100 228 231 105 184 252 112 210 376 120 97 5
99 99 149 151 107 145 182 109 167 286 113 100 6
103 104 106 106 107 107 107 104 109 102 102 104 7
101 103 205 215 104 183 206 105 108 102 100 99 8
99 99 163 161 102 172 198 101 101 98 97 100 9
102 95 102 98 101 98 105 101 105 97 100 100 10
105 104 106 104 109 106 110 108 108 107 101 15000 11
Chip#2
108 110 105 106 104 104 106 102 102 103 106 105 0
101 106 103 103 102 101 104 97 98 96 101 100 1
97 101 98 99 102 97 98 97 99 92 98 100 2
106 109 113 158 129 105 154 141 105 131 146 108 3
101 106 115 204 156 107 173 158 102 138 146 103 4
102 102 103 111 107 99 104 103 104 103 100 100 5
109 109 105 125 118 102 174 177 102 163 223 112 6
101 106 107 173 146 102 301 287 102 217 311 118 7
103 105 105 114 111 97 118 114 101 107 116 105 8
104 106 104 105 105 105 142 164 104 138 198 110 9
97 101 98 99 100 100 233 317 108 196 327 127 10
106 107 104 105 106 102 122 143 105 110 135 15000 11
