Chip#1
25 156 150 1 20 92 22 85 82 114 158 161 0
9 146 143 0 20 92 70 135 82 151 152 146 1
9 153 219 127 20 380 718 101 274 655 218 153 2
77 152 169 26 36 196 262 85 159 422 179 159 3
25 152 144 0 36 92 38 85 84 121 151 159 4
25 158 153 6 36 92 54 85 272 475 188 161 5
25 152 146 0 20 76 38 85 179 414 173 154 6
25 149 142 0 20 92 38 130 77 106 148 154 7
73 149 149 0 20 92 38 134 78 105 147 152 8
25 149 154 0 20 92 38 69 80 110 148 154 9
25 152 148 0 36 92 38 85 79 114 150 156 10
25 155 144 0 36 92 38 136 76 110 152 15000 11
Chip#2
95 66 65 124 0 187 79 80 166 0 204 81 0
96 67 64 122 0 171 74 74 169 0 203 163 1
87 56 52 113 0 171 73 66 160 0 195 66 2
84 61 60 169 67 187 117 105 164 0 216 77 3
87 56 61 188 85 187 116 100 164 0 212 163 4
86 59 55 117 0 187 72 65 165 0 195 163 5
97 66 64 147 62 203 85 79 173 0 210 179 6
92 64 68 177 34 187 79 73 169 0 205 77 7
88 61 59 126 0 171 74 72 166 0 204 69 8
89 64 58 116 0 171 75 69 167 0 204 69 9
97 66 62 124 0 187 81 78 171 0 210 84 10
86 55 55 116 0 187 73 68 165 0 196 15000 11
Chip#1
25 156 141 0 20 76 22 85 81 117 156 164 0
9 153 148 3 20 92 70 69 79 154 148 146 1
9 152 219 128 20 452 718 117 275 715 223 151 2
9 157 165 34 20 196 246 85 164 432 178 158 3
9 153 138 0 20 76 22 134 74 117 149 150 4
9 147 143 0 20 76 22 69 227 459 175 146 5
9 155 140 0 36 92 38 85 182 413 174 150 6
9 153 140 0 20 76 22 69 78 110 150 153 7
9 153 149 3 20 92 22 69 80 109 149 155 8
9 151 144 0 20 76 22 69 80 113 148 153 9
25 142 138 0 20 76 22 85 77 109 148 157 10
25 153 142 0 20 76 22 69 81 112 154 15000 11
Chip#2
91 63 60 118 47 203 78 78 171 0 204 79 0
93 63 63 121 47 187 78 75 172 0 207 76 1
95 62 65 124 47 187 79 76 172 0 208 79 2
86 57 60 170 2 187 112 106 165 0 220 69 3
87 55 62 186 80 187 112 98 165 0 209 70 4
88 61 57 121 0 187 73 69 166 0 200 163 5
94 62 61 143 61 187 76 75 169 0 203 77 6
87 60 60 172 78 187 71 73 167 0 200 163 7
97 68 67 133 2 187 81 84 180 0 212 83 8
83 57 57 113 0 171 65 72 164 0 198 69 9
91 63 60 121 42 187 77 80 174 0 207 79 10
88 64 64 122 0 187 76 78 172 0 208 15000 11
