61.875
60.4375
60.0625
60.3125
64.625
70.5
76.4375
80.25
87.5625
90.9375
97.375
100.4375
103.5
103.5
102.375
100.9375
99.5
98.0625
96.625
95.6875
94.375
93.3125
93.6875
94.875
95.5625
95.1875
94.1875
93.5625
94.125
95.0625
95.5
94.75
93.375
93.375
94.5
94.8125
94.3125
93.875
94.0625
94.4375
94.625
94.3125
94.125
93.6875
91.4375
88.625
84.9375
82.3125
78.875
76.5
73.375
71.125
68.3125
66.3125
63.0625
61.25
58.25
56
55.375
55.375
55.3125
57.25
63
64.25
64.125
63.6875
63.3125
62.75
62.375
61.75
61.375
60.875
60.5625
60.4375
60.4375
60.125
59.625
59.4375
60
60.25
60.4375
0
0
0
0
0
0
0
0
0
0
0
0
0
0
0
0
0
0
0
0
0
0
0
0
0
