58.3125
58.8125
60.9375
63.6875
66.5625
69.375
72.0625
74.625
77.0625
78.625
80.75
82.75
84.6875
86.4375
88.125
89.625
90.625
92
93.3125
94.5
95.6875
96.75
97.75
98.75
99.375
100.25
101.125
101.9375
102.75
103.5
104.25
104.875
105.1875
105.3125
105.4375
105.5625
105.625
105.75
105.875
106
106.125
106.1875
105.5625
104.625
104.5625
104.8125
105.25
105.75
106.125
106.5625
105.8125
104.4375
104.0625
104.25
104.75
105.375
105.8125
106.5
105.75
104.875
104.9375
105.625
106.3125
105.8125
104.75
104.8125
105.1875
106.5
106.625
105
104.625
105.25
106
106.6875
105.8125
104.3125
104.625
105.625
106.4375
106.0625
104.75
104.5625
105.5625
106.4375
106.25
105
104.6875
105.25
106.625
105.8125
104.8125
105.1875
106.0625
106.5625
105.625
104.5625
105.25
106.25
106.875
105.9375
104.5625
104.875
106.1875
107.125
104.75
106.25
105.0625
104.625
105.625
106.6875
105.9375
105.125
105.0625
