Chip#1
106 106 107 110 102 111 106 105 107 107 110 107 0
109 103 102 111 106 105 106 109 107 107 106 102 1
110 104 107 115 123 108 106 109 105 106 107 110 2
104 99 106 107 105 104 103 106 107 103 101 102 3
104 98 107 106 101 105 102 105 102 107 99 102 4
109 103 107 107 105 109 102 108 107 107 106 110 5
104 102 102 106 102 108 105 109 107 101 102 105 6
101 99 98 106 97 100 98 108 97 98 97 101 7
104 98 103 111 98 106 101 106 104 102 104 102 8
102 104 104 108 103 101 103 109 104 102 99 101 9
102 101 106 107 102 105 103 106 104 107 104 101 10
104 98 102 107 95 101 102 106 104 101 101 15000 11
Chip#2
104 110 101 96 105 101 102 100 105 100 103 105 0
101 106 99 93 101 101 98 101 98 97 99 103 1
105 110 96 97 109 102 100 102 103 99 102 105 2
98 103 97 90 102 101 99 98 95 96 99 102 3
101 106 96 93 108 106 101 102 98 97 102 102 4
102 107 101 98 106 104 101 100 102 100 104 104 5
107 110 104 98 116 106 102 108 106 101 107 106 6
98 109 97 92 101 97 100 98 99 96 99 102 7
94 102 93 88 98 97 97 94 94 94 100 98 8
100 105 97 94 105 104 98 96 101 96 103 101 9
111 113 100 98 109 109 107 107 106 105 106 105 10
95 95 93 87 97 97 97 93 96 93 96 15000 11
Chip#3
98 98 99 95 103 100 102 99 91 103 98 100 0
100 104 101 95 102 104 101 101 98 99 102 103 1
97 99 101 93 103 103 102 97 97 99 100 99 2
97 99 101 91 98 100 96 96 96 98 100 101 3
98 103 103 98 109 104 103 104 100 102 99 101 4
90 94 96 93 96 97 92 95 93 95 90 90 5
97 100 102 95 107 99 103 100 94 99 97 103 6
95 100 106 93 101 103 101 99 100 100 100 101 7
104 104 109 101 107 110 102 101 102 104 103 107 8
93 94 99 88 96 95 95 94 92 98 98 99 9
99 104 103 96 103 104 101 100 100 102 104 104 10
100 100 107 98 107 103 101 102 103 104 105 15000 11
Chip#4
109 107 106 105 106 114 111 106 113 105 109 104 0
105 105 107 103 104 114 107 107 104 105 108 104 1
103 95 100 101 95 105 98 101 108 96 107 98 2
103 108 101 108 105 113 107 108 108 105 112 108 3
103 101 101 101 102 105 101 103 102 97 103 102 4
102 108 105 105 103 109 107 106 105 104 109 107 5
102 101 97 99 101 104 102 102 102 102 102 97 6
97 97 93 98 94 103 97 98 102 97 97 95 7
101 98 106 106 99 110 104 102 107 102 108 102 8
102 102 99 102 102 110 105 103 105 99 109 100 9
104 101 100 104 98 110 105 105 109 104 108 100 10
102 105 99 99 101 108 101 105 103 99 105 15000 11
Chip#1
104 102 107 108 97 105 105 109 102 102 104 107 0
99 95 102 98 93 96 93 101 97 96 99 99 1
104 103 98 104 95 102 99 106 101 96 102 105 2
103 105 105 106 101 103 101 110 110 101 104 104 3
96 101 102 103 101 101 94 110 102 101 101 100 4
104 100 106 106 103 106 103 109 104 101 108 102 5
104 101 102 102 95 98 102 106 106 97 99 100 6
108 103 106 107 101 105 103 109 102 106 105 106 7
92 94 99 106 98 94 93 104 100 96 100 101 8
104 100 102 107 96 104 97 105 105 99 101 105 9
103 98 102 102 96 104 101 108 97 99 101 104 10
104 100 104 104 95 105 99 106 103 99 101 15000 11
Chip#2
101 105 96 98 105 104 105 101 103 101 105 101 0
102 102 95 90 101 102 101 100 98 96 104 100 1
97 103 91 90 105 101 93 101 102 94 105 98 2
98 99 88 95 101 98 95 98 98 95 99 98 3
92 92 91 88 97 94 93 96 96 92 95 93 4
95 99 84 89 97 98 94 93 95 90 99 93 5
98 101 89 88 103 102 94 100 101 97 102 94 6
98 102 91 89 99 98 97 96 99 97 97 96 7
95 97 84 88 99 97 99 95 98 97 99 97 8
100 102 92 94 101 100 98 102 101 93 100 96 9
102 106 93 95 105 100 99 98 102 100 102 97 10
98 99 92 93 101 100 97 96 96 93 100 15000 11
Chip#3
96 100 101 95 101 99 97 97 96 98 97 94 0
95 96 95 94 99 97 95 96 94 97 94 91 1
101 100 103 97 104 104 103 102 100 100 104 101 2
101 107 107 99 111 108 103 107 99 104 102 98 3
102 104 107 99 109 105 103 106 100 104 103 99 4
99 99 99 94 106 100 101 97 96 102 97 99 5
98 103 105 98 103 102 103 100 96 103 99 100 6
99 103 103 97 104 103 105 102 100 99 99 100 7
99 98 101 91 100 100 101 95 94 97 95 94 8
97 102 98 92 106 102 97 101 96 95 99 99 9
104 103 107 97 103 103 97 100 100 103 103 101 10
100 102 104 98 103 102 107 105 99 95 103 15000 11
Chip#4
103 95 99 101 98 100 100 103 102 99 105 96 0
97 97 98 101 97 102 100 100 102 98 103 95 1
105 98 102 104 101 109 100 106 103 104 105 101 2
106 104 96 109 103 104 105 103 109 108 109 100 3
93 100 96 101 98 107 102 101 99 99 105 94 4
97 95 98 101 98 107 101 102 103 105 108 97 5
96 100 98 97 94 98 100 100 96 101 103 97 6
108 104 99 105 104 114 109 106 110 109 112 104 7
108 105 105 112 108 114 111 112 109 109 109 108 8
102 101 101 103 104 109 103 108 104 106 109 101 9
104 101 102 104 100 105 103 107 104 99 105 98 10
101 100 98 99 101 105 103 103 105 101 109 15000 11
Chip#1
103 101 103 100 96 101 101 105 104 98 99 101 0
104 101 104 110 99 108 103 108 106 105 101 102 1
104 98 102 102 102 104 103 108 105 105 106 104 2
101 100 100 103 94 100 99 102 111 98 100 97 3
108 99 102 111 103 98 99 110 106 103 102 104 4
102 103 103 102 101 101 99 106 102 98 97 102 5
108 99 104 103 102 107 106 109 106 103 102 102 6
108 100 106 103 101 106 105 110 109 102 104 105 7
106 103 108 115 110 104 103 109 109 106 109 105 8
101 98 102 111 107 102 105 105 106 103 106 100 9
99 91 98 98 98 93 101 102 98 96 95 94 10
103 104 104 104 101 104 103 108 107 101 102 15000 11
Chip#2
98 106 96 95 106 102 104 105 103 103 107 100 0
101 106 97 97 105 105 101 98 105 99 100 101 1
108 105 99 102 109 101 102 105 110 104 105 102 2
100 102 96 96 104 106 104 104 103 101 102 98 3
102 103 93 93 103 102 101 101 102 99 105 102 4
98 101 92 93 102 98 97 97 95 97 100 96 5
98 99 97 91 105 101 99 101 101 97 100 98 6
97 102 91 93 101 95 95 98 98 93 100 94 7
100 105 93 93 105 97 98 100 96 97 97 98 8
100 99 97 97 102 97 100 101 99 96 102 97 9
105 110 100 98 104 105 105 106 106 103 106 100 10
105 102 97 93 101 104 100 102 103 96 102 15000 11
Chip#3
99 103 98 95 101 102 97 98 97 101 97 101 0
105 112 105 104 109 110 108 105 104 103 105 110 1
106 109 107 102 109 108 105 105 106 107 108 107 2
106 108 105 102 109 107 107 105 104 110 105 107 3
100 105 100 97 104 104 103 100 100 98 100 100 4
102 105 108 103 107 109 106 106 101 104 105 106 5
102 108 108 99 108 109 105 99 105 105 107 105 6
101 105 102 93 103 102 102 101 96 100 100 97 7
99 103 99 96 104 100 104 96 99 99 99 96 8
104 105 106 101 109 106 107 102 102 101 109 107 9
106 108 105 101 111 110 106 106 104 105 108 108 10
99 103 102 97 99 104 102 100 97 103 100 15000 11
Chip#4
96 94 96 97 97 100 99 93 97 96 101 94 0
103 107 109 110 105 105 107 112 107 105 114 106 1
98 100 95 101 98 98 99 105 106 97 104 100 2
104 100 100 104 104 105 102 105 108 103 107 102 3
99 100 98 105 107 107 103 106 109 101 110 98 4
104 101 101 104 108 108 100 103 108 103 106 102 5
97 94 96 94 95 98 98 102 99 95 102 97 6
105 106 106 106 109 112 109 106 112 104 110 104 7
101 104 95 105 101 104 103 105 108 103 105 100 8
101 99 95 102 100 102 103 103 101 97 105 101 9
103 100 97 99 103 100 98 101 105 99 106 100 10
102 107 102 108 104 105 109 105 110 103 111 15000 11
Chip#1
98 99 96 94 94 98 96 100 97 94 99 104 0
108 105 106 104 101 102 102 108 104 105 101 106 1
107 99 104 103 99 105 99 104 106 97 105 102 2
106 104 107 111 103 109 105 105 112 103 105 104 3
108 110 112 118 107 104 103 112 113 106 104 106 4
101 95 100 102 95 97 99 102 101 101 100 102 5
97 100 100 102 97 98 99 104 98 99 97 100 6
105 104 104 107 99 104 105 109 106 103 106 109 7
105 106 109 116 105 106 105 109 114 107 106 106 8
109 114 116 120 116 111 105 118 114 113 116 116 9
101 103 107 107 102 104 102 108 104 103 108 104 10
105 105 107 104 102 102 105 104 104 102 104 15000 11
Chip#2
102 103 93 94 102 102 98 100 98 96 103 97 0
104 99 100 95 102 102 102 98 101 100 105 98 1
101 98 92 90 97 95 97 101 103 99 102 96 2
100 105 96 95 102 102 94 102 103 100 100 103 3
101 105 100 97 108 102 101 105 106 101 106 102 4
104 105 97 97 106 106 101 104 99 105 107 104 5
105 103 99 99 109 106 104 104 105 105 103 101 6
101 103 95 95 105 106 98 97 106 100 100 98 7
104 105 97 97 102 105 101 102 105 103 102 102 8
102 101 96 97 105 100 97 98 103 103 102 97 9
100 103 97 95 102 102 100 101 103 101 100 103 10
107 109 103 102 105 106 100 105 108 107 108 15000 11
Chip#3
98 105 101 96 106 105 102 104 96 105 103 105 0
105 107 101 97 106 105 105 105 103 97 103 104 1
97 105 107 96 104 99 100 97 97 100 99 101 2
102 108 103 99 107 106 108 102 99 99 102 107 3
100 102 102 98 101 103 100 99 96 100 100 103 4
107 113 109 106 113 113 112 113 111 106 109 113 5
100 105 106 99 103 104 107 100 102 104 108 103 6
106 114 110 106 112 109 115 113 107 109 109 111 7
102 105 103 103 104 107 108 100 102 103 103 108 8
101 107 103 102 107 102 107 101 104 102 105 107 9
95 102 102 97 106 105 102 99 99 99 102 96 10
102 105 105 103 106 106 106 104 97 104 100 15000 11
Chip#4
110 104 106 108 106 110 107 108 115 103 118 107 0
110 116 112 110 112 117 111 114 116 109 119 111 1
104 107 107 110 108 109 105 111 113 104 113 108 2
103 100 98 103 101 102 103 103 104 104 105 101 3
102 101 99 101 102 103 98 99 103 95 98 96 4
98 97 96 97 100 104 100 100 105 101 105 97 5
108 104 105 106 101 107 105 106 110 104 113 102 6
105 100 102 104 104 105 102 106 109 104 107 103 7
108 111 106 105 109 110 109 108 112 108 116 109 8
102 99 102 103 102 104 103 108 107 102 107 97 9
109 105 106 102 108 112 103 107 112 108 111 101 10
104 101 101 101 98 104 101 101 103 101 101 15000 11
Chip#1
106 110 112 106 107 110 105 114 106 107 110 112 0
99 101 104 100 103 105 101 105 102 101 105 104 1
113 104 112 108 107 108 101 113 109 110 110 105 2
99 99 102 107 99 100 99 104 111 103 100 99 3
96 96 95 107 102 92 99 104 111 96 97 100 4
104 99 107 103 103 100 106 109 105 98 105 105 5
98 100 100 100 101 99 105 106 106 102 102 104 6
110 105 108 112 106 109 105 112 107 103 106 112 7
107 104 108 118 110 102 105 113 107 106 105 107 8
104 99 108 114 108 101 106 111 112 103 104 107 9
106 101 107 104 103 104 106 110 102 99 102 101 10
111 108 109 107 105 106 106 111 112 103 110 15000 11
Chip#2
107 102 100 97 100 108 104 107 102 99 106 101 0
98 105 99 99 106 104 101 101 106 101 106 100 1
104 105 96 99 101 105 104 106 105 104 107 100 2
100 99 93 93 99 100 95 97 99 103 100 94 3
110 107 104 102 107 108 106 109 110 103 108 104 4
98 99 97 95 102 106 100 100 105 100 102 100 5
101 103 93 98 105 104 101 104 108 99 108 101 6
100 101 93 101 95 101 100 98 105 97 102 97 7
100 98 91 98 98 105 97 101 102 102 103 96 8
97 99 96 95 102 102 99 97 102 99 100 98 9
102 106 101 103 106 105 105 108 105 107 109 101 10
98 99 97 93 101 104 101 100 102 96 99 15000 11
Chip#3
106 109 114 103 111 108 107 101 102 111 108 111 0
102 105 109 102 106 104 108 99 102 103 105 104 1
107 109 110 108 110 106 110 108 108 109 110 113 2
101 109 105 98 104 104 108 102 104 105 107 108 3
106 105 106 103 113 106 110 105 104 108 109 106 4
104 105 108 103 108 108 108 108 104 107 107 110 5
102 102 106 103 105 100 108 106 103 105 103 108 6
95 102 100 97 102 102 103 100 102 105 97 100 7
102 108 107 101 107 104 105 104 103 108 107 107 8
105 112 106 104 109 104 107 107 109 105 108 108 9
95 99 100 95 106 98 100 95 94 98 94 95 10
100 108 106 101 107 104 106 104 103 104 107 15000 11
Chip#4
104 104 101 105 102 107 107 103 109 103 103 96 0
106 102 98 106 104 108 103 103 108 107 109 103 1
109 102 102 110 105 105 105 107 112 106 110 104 2
113 108 105 110 108 119 112 113 116 112 114 108 3
104 105 101 109 107 107 103 110 109 104 110 102 4
106 100 102 106 109 112 105 110 108 108 112 104 5
110 104 101 109 105 113 103 107 110 104 108 100 6
104 104 102 103 108 109 104 104 107 102 110 100 7
97 95 99 99 102 107 99 100 101 101 106 97 8
102 101 104 109 104 110 104 107 110 99 108 104 9
107 104 101 109 103 104 103 106 109 101 106 102 10
105 105 105 109 108 107 106 108 108 103 107 15000 11
Chip#1
107 109 111 110 104 108 106 109 110 104 105 109 0
102 105 107 107 101 104 105 108 102 106 102 105 1
104 99 100 102 98 98 98 105 102 96 99 98 2
104 101 106 118 104 101 98 109 114 104 101 104 3
112 108 116 130 116 113 98 122 114 113 104 110 4
108 106 109 106 107 104 98 110 112 106 108 110 5
104 106 109 104 110 109 98 105 109 103 109 112 6
107 104 103 103 101 102 98 110 107 98 100 104 7
110 101 107 124 123 104 98 118 107 106 104 106 8
108 103 108 118 111 108 98 108 107 106 108 106 9
114 104 112 107 110 109 98 112 107 110 107 112 10
107 108 109 107 103 108 105 109 106 103 108 15000 11
Chip#2
98 101 97 94 99 102 99 99 101 98 103 100 0
102 105 99 92 105 102 100 100 106 99 105 104 1
108 112 100 105 109 108 108 112 111 105 110 105 2
100 103 100 97 101 101 101 101 102 98 99 101 3
107 109 101 104 108 104 106 105 112 104 107 104 4
107 112 104 99 106 110 105 106 108 104 111 104 5
104 110 103 106 106 110 104 108 103 105 105 109 6
105 108 99 99 109 104 105 105 105 103 106 105 7
102 101 95 93 98 100 97 101 103 97 102 100 8
108 114 103 100 105 104 109 108 109 104 106 105 9
98 105 95 97 103 102 97 100 102 99 100 102 10
100 106 96 97 105 101 95 101 105 101 103 15000 11
Chip#3
105 112 110 102 112 108 106 101 106 109 102 107 0
107 105 107 98 108 108 106 100 100 103 105 103 1
104 105 102 102 107 107 105 104 103 102 103 106 2
102 109 107 101 106 105 107 104 104 100 103 105 3
110 109 114 104 109 110 106 105 105 107 108 110 4
104 104 106 101 103 104 106 102 104 102 100 106 5
101 104 105 99 104 103 103 101 98 98 103 103 6
105 113 109 104 108 109 108 105 108 107 105 90 7
101 102 105 101 108 99 102 100 100 103 100 104 8
108 113 111 106 111 113 116 110 106 111 113 111 9
98 104 106 98 104 100 101 99 100 104 100 103 10
102 107 107 101 104 105 105 102 103 105 107 15000 11
Chip#4
109 104 101 103 104 108 104 105 104 108 108 106 0
99 102 102 102 100 104 103 106 103 103 103 100 1
104 106 106 109 107 112 106 111 108 107 112 108 2
106 105 105 110 105 108 107 112 110 104 107 104 3
108 107 104 110 106 112 107 110 113 108 110 104 4
110 108 113 108 108 114 109 113 113 110 113 111 5
110 113 111 110 107 114 111 108 109 111 109 110 6
110 109 111 110 110 121 111 112 115 109 117 110 7
103 99 101 102 101 105 106 100 108 102 106 100 8
107 107 102 110 106 114 107 111 113 110 109 107 9
115 115 115 118 115 116 116 118 123 115 119 110 10
104 108 106 110 102 112 105 106 104 107 113 15000 11
Chip#1
103 108 103 104 105 104 106 110 106 103 104 105 0
104 109 107 108 108 104 106 114 110 107 109 106 1
104 105 102 108 101 106 106 113 109 106 105 106 2
106 109 111 118 112 110 106 115 109 112 109 107 3
105 105 108 131 114 106 106 119 109 111 105 110 4
106 99 106 108 102 102 106 110 106 102 104 109 5
99 100 106 104 99 106 103 108 101 99 105 105 6
105 108 107 108 106 104 103 113 106 110 105 110 7
104 105 110 131 115 105 103 117 106 108 105 110 8
102 104 103 123 108 102 106 112 106 106 102 102 9
97 97 103 98 97 101 99 105 102 98 100 100 10
108 103 102 100 101 108 99 110 106 104 104 15000 11
Chip#2
100 105 92 93 102 100 101 104 105 99 102 101 0
100 102 89 92 103 100 100 100 99 96 100 97 1
110 110 104 100 110 108 105 107 108 108 107 106 2
104 103 96 99 106 102 104 104 106 107 103 104 3
105 106 101 99 105 105 102 107 108 103 106 101 4
102 105 97 97 98 102 101 102 105 105 108 100 5
100 106 95 94 99 101 98 101 103 101 100 97 6
111 116 105 106 109 110 106 112 112 105 109 109 7
105 110 99 103 113 108 101 106 108 103 109 102 8
101 107 99 103 105 104 102 104 105 104 107 103 9
102 106 97 99 102 105 101 101 105 100 103 103 10
108 107 99 102 107 106 105 106 103 102 103 15000 11
Chip#3
114 112 110 107 112 111 106 108 104 109 109 110 0
112 113 113 109 112 109 108 110 111 110 114 112 1
107 108 111 107 110 109 110 107 105 106 112 108 2
106 109 107 103 111 107 106 110 104 108 105 106 3
105 109 109 101 108 106 106 103 104 108 108 107 4
108 111 111 107 108 108 110 109 105 108 105 107 5
109 110 108 107 108 109 112 106 105 107 113 110 6
107 112 113 107 117 105 110 107 108 109 109 111 7
107 108 109 108 112 111 111 106 110 111 113 110 8
108 105 108 104 109 108 111 108 105 100 107 106 9
107 109 111 102 114 110 110 103 106 108 109 109 10
107 108 114 108 111 109 111 106 103 110 107 15000 11
Chip#4
108 107 105 109 108 113 105 110 113 108 115 102 0
104 105 100 104 105 107 107 110 105 107 110 104 1
105 107 99 105 105 105 104 106 107 101 112 106 2
106 105 101 108 104 104 103 107 109 101 114 107 3
108 108 106 106 108 108 107 111 112 104 112 104 4
105 106 102 110 105 109 110 105 107 106 109 101 5
109 109 107 117 110 114 109 112 112 113 113 109 6
110 111 102 111 107 110 109 112 112 104 112 103 7
104 105 106 111 104 105 107 110 110 107 107 100 8
111 108 104 111 110 113 111 114 113 113 116 109 9
109 107 108 113 104 107 110 114 109 106 111 104 10
113 114 109 116 115 110 111 113 118 117 117 15000 11
Chip#1
109 111 109 108 106 106 99 110 109 103 105 105 0
115 113 111 111 104 114 99 115 110 108 109 112 1
107 108 108 104 103 107 100 113 111 103 108 107 2
111 113 113 123 111 114 100 119 136 111 109 112 3
102 100 106 127 111 102 101 118 125 104 99 101 4
113 109 111 110 105 108 101 118 109 111 114 112 5
109 108 107 107 102 106 101 109 109 103 104 105 6
108 113 112 116 110 111 101 113 114 108 106 111 7
107 108 109 136 116 106 106 117 114 108 104 107 8
101 101 102 123 110 100 105 106 114 103 101 100 9
99 103 106 104 102 100 105 105 104 105 102 102 10
109 110 104 110 106 108 105 109 109 106 106 15000 11
Chip#2
104 106 97 98 105 106 104 106 105 101 107 101 0
105 108 100 97 104 104 105 104 106 103 107 102 1
102 107 95 98 101 101 101 102 103 100 105 98 2
104 99 101 94 101 101 101 101 103 100 107 98 3
105 103 96 98 110 101 104 105 108 101 107 100 4
104 109 100 98 107 108 106 101 103 107 108 102 5
111 113 105 99 108 109 108 104 108 100 108 102 6
102 110 103 98 108 104 104 105 109 105 106 100 7
108 112 104 101 109 106 105 106 109 105 108 105 8
101 110 101 102 109 108 106 106 108 107 106 103 9
107 107 101 100 106 106 102 104 105 104 107 103 10
111 116 105 106 117 112 108 109 113 107 109 15000 11
Chip#3
116 113 114 108 114 114 111 112 105 110 114 110 0
113 122 113 112 117 113 119 111 115 111 115 111 1
106 107 105 106 107 105 111 105 103 108 104 106 2
111 115 111 111 113 111 112 113 110 111 113 112 3
107 109 106 108 114 110 107 110 110 109 112 111 4
114 116 111 112 116 117 114 114 112 114 116 115 5
112 111 107 107 109 110 108 106 106 106 109 108 6
100 108 101 103 107 108 105 107 100 100 104 105 7
111 111 107 106 111 115 108 113 108 113 113 115 8
109 114 113 110 116 110 112 109 112 108 112 112 9
107 112 110 107 114 113 110 111 107 105 112 108 10
106 109 111 107 111 109 112 107 108 109 108 15000 11
Chip#4
110 107 107 111 105 107 106 111 107 107 107 106 0
105 106 109 111 106 110 104 111 113 107 110 109 1
99 102 98 103 101 105 103 102 103 101 106 101 2
111 114 111 117 107 113 114 119 116 113 116 110 3
109 108 106 111 107 113 110 116 114 106 114 106 4
106 104 105 111 105 110 105 110 112 101 106 109 5
105 104 106 106 102 107 103 111 109 109 107 103 6
107 104 107 113 104 117 107 113 109 109 116 108 7
105 106 105 110 106 112 107 112 109 107 116 109 8
103 102 105 108 105 110 105 110 108 110 109 107 9
115 114 113 113 107 117 109 116 116 108 119 107 10
106 107 104 110 105 110 103 108 110 106 109 15000 11
Chip#1
109 110 111 106 108 106 105 108 109 105 109 110 0
110 106 112 108 106 110 105 105 106 108 106 111 1
106 100 107 104 95 101 97 107 101 103 100 102 2
108 101 108 122 111 105 97 109 101 105 105 104 3
106 103 104 139 114 104 101 115 101 112 104 105 4
106 105 106 107 104 106 103 109 106 104 106 105 5
109 106 109 107 110 112 105 109 109 103 110 109 6
115 110 115 114 123 107 105 115 113 111 113 113 7
113 105 108 135 116 105 105 119 113 112 105 112 8
108 105 109 130 116 108 106 110 113 110 104 106 9
114 115 117 116 123 112 106 114 111 111 113 116 10
114 106 111 111 107 108 106 110 111 107 106 15000 11
Chip#2
102 107 97 98 108 102 105 108 105 104 107 103 0
108 114 103 98 108 108 106 108 106 103 111 101 1
101 107 99 95 104 101 101 105 106 105 105 100 2
108 114 103 103 114 104 111 112 109 112 109 104 3
107 112 103 99 109 104 106 106 106 101 107 100 4
107 113 100 98 113 109 109 105 105 108 110 105 5
108 110 104 98 108 108 106 109 106 107 109 104 6
108 112 104 98 112 104 104 105 105 107 107 98 7
104 105 101 97 109 104 105 106 108 103 107 101 8
114 110 100 101 109 105 105 108 112 107 108 101 9
102 110 101 98 106 104 104 106 102 104 107 101 10
111 116 103 104 110 109 109 113 110 107 111 15000 11
Chip#3
110 114 110 106 112 108 108 106 106 108 105 111 0
111 112 115 110 121 116 116 112 110 114 112 113 1
116 113 115 112 114 116 113 113 112 111 113 108 2
116 117 115 112 116 115 117 116 112 119 114 112 3
102 103 105 99 103 102 106 100 100 104 102 103 4
107 108 108 107 111 109 110 105 105 109 105 105 5
102 112 106 106 102 108 106 104 98 105 104 105 6
111 114 113 110 116 113 111 111 116 113 110 114 7
101 104 105 102 103 109 110 106 100 104 105 104 8
116 116 116 112 117 120 118 118 116 113 117 113 9
111 116 113 107 113 109 114 109 110 111 109 111 10
109 113 112 108 113 109 110 105 110 115 110 15000 11
Chip#4
103 107 105 105 105 110 107 106 105 104 112 103 0
107 107 107 112 105 112 109 111 112 107 114 108 1
116 112 109 116 109 124 116 114 113 111 116 109 2
104 107 102 109 108 108 110 108 107 107 108 106 3
106 106 104 110 104 109 104 110 108 103 110 100 4
101 107 104 105 104 109 100 103 105 104 109 100 5
103 111 105 111 107 113 112 111 110 108 112 106 6
101 107 102 104 104 105 104 103 105 99 109 101 7
109 109 108 109 111 112 111 111 110 112 114 103 8
103 100 100 105 99 100 105 105 104 107 107 98 9
109 108 108 111 103 114 110 113 113 108 110 107 10
113 105 104 109 101 110 112 107 112 113 112 15000 11
Chip#1
109 115 113 115 112 110 106 117 111 108 111 112 0
109 108 111 111 107 113 106 114 110 108 113 111 1
112 104 108 112 108 109 106 110 112 107 108 116 2
110 105 111 119 107 107 105 110 113 105 108 106 3
109 103 117 146 126 114 105 121 148 120 106 111 4
111 104 109 108 103 104 105 109 110 105 108 111 5
114 114 115 118 110 118 105 115 110 113 114 112 6
108 109 111 108 110 114 105 115 109 106 107 107 7
101 95 100 130 112 97 102 113 109 106 96 100 8
111 113 115 140 128 111 102 121 109 117 113 110 9
109 106 112 110 110 113 102 113 110 111 111 112 10
115 118 119 118 115 122 102 115 110 110 114 15000 11
Chip#2
110 112 103 103 114 110 108 110 105 105 108 103 0
108 112 104 102 108 110 106 106 109 107 109 105 1
110 116 101 104 109 110 105 106 108 104 108 103 2
102 106 96 103 109 105 102 104 103 105 107 103 3
108 112 101 98 112 106 108 108 106 108 108 103 4
118 124 112 111 121 119 112 113 118 117 118 113 5
108 113 101 102 112 105 113 109 106 111 107 105 6
114 120 107 110 116 115 116 114 113 113 112 112 7
107 117 107 110 116 115 113 112 112 112 115 110 8
107 116 104 103 116 110 108 108 108 101 112 103 9
111 112 104 103 113 106 113 109 113 104 108 109 10
120 116 105 107 116 113 115 108 115 111 119 15000 11
Chip#3
112 107 108 106 109 109 108 105 105 107 105 111 0
104 112 109 103 114 106 110 105 105 108 107 106 1
106 110 108 107 107 110 110 107 104 105 102 101 2
107 112 107 106 109 114 108 106 104 111 109 109 3
109 113 110 106 114 111 108 108 104 113 109 110 4
111 116 111 111 113 114 114 110 109 109 110 108 5
114 119 114 112 112 111 117 111 110 115 112 112 6
113 119 116 107 119 114 112 111 113 113 114 107 7
106 113 107 107 111 109 111 106 108 108 108 106 8
113 119 115 110 116 116 117 115 112 115 112 115 9
113 117 114 110 121 115 117 112 111 113 112 114 10
105 109 108 104 111 106 106 104 102 110 104 15000 11
Chip#4
104 107 105 108 100 109 109 109 110 105 105 103 0
101 101 102 108 101 109 109 107 107 104 108 104 1
113 109 107 112 109 117 111 118 115 107 112 109 2
109 107 106 110 108 112 110 108 113 107 114 108 3
116 118 111 118 113 116 115 115 121 112 119 111 4
106 104 98 108 105 108 102 103 107 103 103 101 5
110 111 109 111 108 113 111 113 114 113 112 108 6
109 112 111 111 105 108 110 112 113 107 113 109 7
114 113 113 115 112 117 111 115 119 119 114 108 8
108 111 109 112 110 113 107 117 114 111 113 108 9
111 113 112 116 108 116 114 119 120 112 117 109 10
122 115 112 120 113 119 117 119 116 111 117 15000 11
Chip#1
113 114 115 114 110 116 102 113 114 115 113 111 0
108 109 109 111 107 112 102 110 110 111 111 107 1
116 114 115 112 106 112 102 117 110 110 114 114 2
109 105 109 126 112 112 102 112 110 110 115 109 3
104 106 106 136 115 110 102 118 148 116 105 109 4
109 108 108 111 107 110 102 112 113 108 109 106 5
114 110 115 114 108 119 102 118 112 115 111 111 6
115 111 113 115 114 115 102 112 110 110 115 112 7
116 117 117 158 133 116 102 125 144 121 115 118 8
115 110 113 143 132 116 102 122 144 115 116 115 9
102 101 104 103 103 106 101 106 104 103 104 106 10
115 118 119 118 114 120 101 118 112 113 118 15000 11
Chip#2
108 113 105 102 110 113 111 112 112 110 115 106 0
110 113 108 102 112 116 112 110 110 105 109 108 1
107 112 103 102 108 106 106 109 106 111 110 103 2
104 113 107 105 113 109 109 111 112 109 112 106 3
105 110 100 102 106 109 107 108 112 101 108 104 4
107 109 101 95 109 109 106 104 109 103 109 104 5
102 109 100 99 106 109 109 111 106 101 107 100 6
105 110 100 103 104 108 101 107 110 104 108 102 7
111 114 105 106 113 110 109 111 116 109 115 109 8
114 112 107 103 114 112 111 111 113 108 110 109 9
107 116 105 103 109 110 112 109 112 107 107 105 10
118 117 107 106 113 112 109 112 113 107 109 15000 11
Chip#3
106 109 107 104 113 111 106 108 104 107 109 107 0
110 114 113 106 112 116 111 111 104 111 112 106 1
111 118 113 108 111 116 112 114 111 109 112 110 2
109 112 111 106 111 110 111 107 105 110 112 112 3
112 123 117 117 120 121 118 116 112 114 117 112 4
118 123 119 118 121 120 119 118 114 119 119 115 5
116 121 116 113 126 120 119 119 114 120 115 115 6
102 114 109 104 111 110 110 108 107 106 105 108 7
111 113 110 109 116 114 107 107 108 109 110 108 8
113 116 113 108 117 115 111 118 108 113 109 110 9
111 116 116 110 121 117 117 113 107 114 113 111 10
116 119 113 110 114 113 110 111 108 111 112 15000 11
Chip#4
110 109 109 113 111 113 107 111 113 108 115 104 0
118 113 115 116 113 114 116 117 116 112 118 111 1
118 115 116 113 116 122 114 118 113 114 114 117 2
110 112 112 112 110 113 110 118 112 110 119 113 3
111 111 108 109 108 113 106 116 118 113 116 109 4
113 106 111 113 111 114 110 111 118 110 116 109 5
116 113 116 115 110 114 110 115 121 111 118 114 6
114 108 112 116 109 117 112 117 120 113 122 113 7
109 109 108 116 109 113 111 119 116 113 118 111 8
120 112 118 117 115 121 114 120 124 115 121 113 9
116 114 112 116 112 113 112 117 120 107 113 109 10
114 114 113 117 115 113 114 119 115 111 119 15000 11
Chip#1
112 110 108 107 103 112 101 112 109 107 113 107 0
111 113 113 114 107 116 101 117 110 110 114 112 1
108 106 107 107 107 106 101 110 106 106 110 111 2
109 108 111 130 117 114 101 117 106 113 111 109 3
111 111 112 158 128 114 101 133 153 120 111 110 4
109 109 112 114 112 112 101 114 109 110 113 112 5
111 114 112 112 112 115 101 114 110 108 113 107 6
108 109 111 110 108 113 101 118 109 112 110 114 7
110 114 113 158 129 108 101 122 144 116 111 111 8
107 105 107 139 124 108 105 118 138 108 111 105 9
119 115 121 118 123 120 105 119 111 118 118 117 10
119 116 119 116 116 120 105 122 111 112 116 15000 11
Chip#2
111 113 104 103 112 112 111 113 110 111 113 109 0
107 117 105 102 113 115 109 108 109 107 109 105 1
107 106 101 99 107 108 102 106 105 104 108 103 2
107 107 101 103 110 105 105 106 106 104 106 100 3
111 109 105 101 114 106 105 112 110 107 108 108 4
111 110 104 108 113 110 113 107 108 105 109 108 5
104 109 100 97 109 106 108 108 103 105 107 102 6
105 109 101 105 112 109 109 109 106 104 104 103 7
110 114 105 106 114 112 109 106 113 109 111 108 8
107 107 101 97 106 105 106 106 108 100 105 101 9
108 113 104 104 112 108 111 109 108 108 107 106 10
111 116 107 102 110 113 109 108 110 108 110 15000 11
Chip#3
112 121 115 110 117 119 118 117 113 114 115 119 0
113 117 111 109 112 111 113 116 110 110 110 111 1
123 119 117 112 119 117 116 116 112 116 115 119 2
116 116 109 109 117 110 108 111 106 113 115 111 3
118 119 119 117 124 115 119 120 113 119 119 119 4
107 117 109 109 116 109 110 108 110 108 105 111 5
113 118 115 109 116 113 111 111 112 113 114 115 6
112 117 113 109 117 115 113 112 112 110 114 113 7
116 111 109 108 114 115 114 109 105 110 112 109 8
114 117 117 117 120 117 118 119 116 115 113 115 9
111 113 113 104 117 114 110 112 105 110 113 113 10
116 117 116 112 121 116 116 116 112 116 118 15000 11
Chip#4
111 109 108 117 110 110 114 112 114 111 113 109 0
114 114 113 116 113 119 113 117 114 111 119 114 1
117 111 116 116 110 119 118 118 119 115 121 111 2
110 108 112 118 107 117 114 113 114 109 119 109 3
115 109 109 117 110 118 113 118 116 109 121 110 4
120 115 116 118 113 121 118 118 118 117 121 116 5
119 116 115 120 116 125 122 124 120 117 122 117 6
113 105 109 111 112 116 111 111 114 110 118 107 7
114 115 115 119 117 119 111 115 115 117 123 114 8
117 114 114 116 115 119 112 118 116 117 121 113 9
118 109 109 119 112 116 111 121 116 113 116 109 10
120 115 116 117 114 122 113 117 119 113 121 15000 11
Chip#1
114 111 113 114 108 115 105 112 111 114 114 109 0
113 110 109 112 108 111 105 115 112 113 114 109 1
115 118 112 112 108 114 105 118 113 112 118 117 2
113 104 108 127 107 109 105 115 113 113 106 107 3
119 115 119 158 135 120 105 137 161 130 118 116 4
115 114 116 119 114 120 105 118 125 118 118 114 5
104 104 106 108 102 110 105 114 105 107 111 105 6
114 110 109 115 108 114 105 118 112 112 107 111 7
109 106 107 146 122 105 105 114 113 112 105 106 8
115 111 116 148 130 114 105 122 151 120 114 116 9
115 119 116 118 112 120 105 122 111 116 114 111 10
116 114 115 114 106 115 105 112 112 112 109 15000 11
Chip#2
114 114 103 103 113 110 111 113 112 107 109 105 0
117 120 112 107 116 117 115 119 115 112 116 110 1
114 114 108 104 112 112 106 113 109 112 112 105 2
114 114 107 105 112 112 111 112 112 109 109 105 3
112 112 103 106 110 112 106 110 116 106 108 102 4
105 105 103 99 110 110 106 105 106 104 107 102 5
112 113 104 102 112 113 111 113 106 105 110 103 6
115 114 109 108 113 112 116 115 112 109 112 108 7
112 117 105 104 116 115 108 114 116 109 111 105 8
110 114 105 100 112 108 112 113 113 105 111 103 9
115 120 111 107 116 113 118 117 118 111 113 106 10
118 120 108 106 113 112 116 109 115 108 108 15000 11
Chip#3
117 118 116 114 121 117 113 118 112 119 118 118 0
116 121 121 115 119 120 117 118 116 119 119 121 1
114 117 113 110 116 111 114 110 111 114 117 111 2
114 117 115 112 117 117 113 112 112 116 117 116 3
113 116 115 112 117 117 112 112 113 111 119 113 4
117 120 116 114 119 120 114 113 110 115 114 113 5
122 123 126 120 122 121 118 117 115 120 121 121 6
113 114 114 111 118 117 113 107 115 113 112 115 7
112 116 114 112 119 114 116 111 116 116 112 115 8
111 113 113 108 120 110 110 109 108 111 110 110 9
111 117 117 113 118 114 111 110 114 116 114 116 10
112 117 117 117 112 117 117 106 108 118 117 15000 11
Chip#4
116 114 113 117 116 123 112 115 120 114 118 114 0
113 108 118 118 114 121 110 120 115 114 117 110 1
116 109 115 116 113 119 107 118 114 111 118 114 2
113 108 106 110 106 118 112 113 115 103 117 103 3
109 106 104 109 108 109 102 108 113 102 106 98 4
115 108 114 116 113 114 111 117 115 113 118 110 5
119 112 113 120 113 123 117 117 121 113 117 116 6
120 118 122 124 121 132 122 123 124 122 127 120 7
110 109 111 112 110 113 107 115 114 105 112 106 8
119 116 115 117 116 123 116 122 121 121 122 114 9
121 116 118 119 113 124 113 120 118 116 118 114 10
119 118 114 124 115 124 118 119 121 117 119 15000 11
Chip#1
106 109 111 112 108 105 103 110 107 104 108 106 0
113 110 112 114 108 109 103 112 110 110 106 109 1
108 113 111 111 105 110 103 112 110 105 113 114 2
119 115 113 132 123 118 103 118 141 115 118 111 3
111 113 112 158 133 112 103 131 161 117 113 114 4
116 111 116 120 115 112 103 121 125 113 114 114 5
113 113 108 114 112 116 103 117 114 112 118 112 6
118 115 113 112 112 116 103 118 114 117 114 116 7
108 106 112 150 130 108 103 122 148 111 108 107 8
113 118 115 158 133 111 103 126 150 115 111 112 9
124 119 121 120 123 123 132 119 125 116 119 116 10
120 122 120 119 123 124 132 122 125 119 118 15000 11
Chip#2
111 112 105 100 114 109 113 108 112 108 109 106 0
107 110 107 102 115 106 105 109 105 104 108 105 1
113 113 105 99 114 108 108 111 112 108 109 104 2
112 113 109 104 116 110 111 109 113 111 111 109 3
110 114 107 103 112 110 112 113 120 108 112 108 4
112 116 107 105 116 110 112 109 113 111 112 108 5
114 112 104 102 112 108 111 110 109 109 109 105 6
111 114 104 102 110 108 109 106 111 108 107 105 7
107 113 104 102 114 106 106 110 105 107 109 101 8
110 113 101 99 113 109 109 108 112 103 108 103 9
114 120 108 100 117 112 111 110 109 108 109 106 10
115 114 109 105 116 112 111 107 115 108 112 15000 11
Chip#3
123 126 118 119 119 119 118 119 120 116 115 122 0
114 121 117 114 117 114 116 118 114 113 118 118 1
117 117 115 110 117 115 113 115 113 114 119 114 2
116 117 115 113 121 117 113 114 111 114 114 116 3
114 116 115 114 117 116 117 117 111 119 118 119 4
111 117 116 113 116 120 114 111 113 111 113 112 5
107 117 113 108 113 111 113 113 111 111 113 113 6
114 126 121 113 122 119 116 118 118 119 113 120 7
117 126 117 115 121 119 113 115 118 116 115 119 8
114 122 115 113 120 121 119 118 117 119 115 114 9
112 115 115 107 116 113 107 110 111 115 113 112 10
120 119 119 114 120 117 114 113 114 120 119 15000 11
Chip#4
109 108 113 109 110 114 115 118 113 114 110 107 0
111 108 107 112 110 118 112 113 113 105 110 108 1
119 113 118 122 120 122 119 120 119 117 123 119 2
110 111 107 117 113 114 114 118 118 115 116 109 3
112 112 106 113 109 119 112 114 115 109 116 107 4
116 113 114 119 114 123 118 114 124 116 114 115 5
113 113 109 116 116 121 112 118 119 118 115 110 6
121 120 118 122 122 126 119 119 123 117 120 113 7
109 106 109 115 115 110 106 113 112 114 109 107 8
113 112 113 117 113 116 112 117 121 114 117 109 9
120 113 116 124 114 119 114 125 123 121 121 116 10
122 120 115 124 121 124 120 123 126 121 119 15000 11
Chip#1
113 113 106 110 108 111 103 109 111 110 114 116 0
110 110 109 111 107 108 103 114 111 111 111 114 1
113 114 111 112 105 110 103 115 110 112 118 120 2
113 115 115 132 124 115 103 118 144 118 115 111 3
111 111 117 158 134 116 103 137 166 124 113 117 4
112 115 112 112 106 113 103 114 109 111 115 114 5
116 116 116 116 114 115 103 117 109 111 118 114 6
122 116 122 120 117 120 103 126 109 117 119 115 7
124 123 124 174 142 123 103 131 158 129 120 123 8
111 105 112 146 129 108 103 117 144 113 111 109 9
110 108 104 108 107 110 103 109 107 103 109 109 10
118 119 116 118 115 118 103 118 107 115 115 15000 11
Chip#2
111 116 107 107 116 117 115 110 112 112 112 108 0
113 116 103 102 109 112 113 108 109 107 115 104 1
118 117 112 105 113 110 111 116 115 111 113 108 2
112 116 108 105 113 112 113 113 110 113 111 108 3
111 114 101 103 112 109 105 108 110 107 110 104 4
115 120 104 107 113 112 115 112 110 107 113 108 5
111 117 107 102 113 108 108 116 110 111 107 108 6
111 120 111 107 114 115 112 115 115 111 113 109 7
120 120 108 108 121 113 118 116 118 115 116 112 8
118 116 113 111 118 115 118 115 113 112 115 110 9
112 117 108 104 114 113 115 112 113 109 114 108 10
118 119 108 106 120 113 112 110 113 112 116 15000 11
Chip#3
119 123 115 114 117 116 118 113 113 119 115 118 0
120 125 120 118 125 124 121 117 118 115 120 119 1
116 125 117 113 126 117 118 118 116 121 118 121 2
118 125 116 118 119 119 121 117 114 115 113 119 3
116 122 114 113 120 117 118 117 113 119 114 120 4
112 116 114 106 122 114 118 113 112 111 112 114 5
113 118 117 110 122 114 117 113 113 116 113 115 6
123 127 119 115 121 124 119 118 117 120 118 123 7
118 122 120 119 126 125 124 119 121 122 115 121 8
117 125 115 117 125 120 119 119 119 122 119 120 9
116 121 117 114 122 117 118 118 117 118 115 118 10
121 126 119 116 126 121 123 116 118 121 119 15000 11
Chip#4
111 109 109 115 109 117 109 111 114 111 110 107 0
116 112 118 117 116 121 114 118 120 117 117 115 1
125 120 119 123 120 127 122 127 123 120 127 119 2
118 116 113 117 119 126 120 119 121 116 122 115 3
120 115 121 126 118 121 118 123 123 117 126 115 4
119 116 119 120 117 123 118 124 123 116 119 111 5
120 116 115 120 115 121 117 122 119 114 116 113 6
114 109 112 113 110 116 113 114 114 109 117 108 7
120 116 115 120 117 118 113 124 121 119 122 113 8
123 121 126 129 126 130 126 126 126 120 127 120 9
118 120 114 119 114 122 113 122 119 116 118 109 10
126 127 120 124 127 132 124 125 131 120 128 15000 11
Chip#1
125 127 125 128 126 126 103 127 107 121 124 124 0
114 108 111 111 112 111 103 113 112 111 113 111 1
113 110 111 112 123 112 103 112 111 107 109 109 2
121 117 119 142 126 122 103 129 148 122 119 119 3
120 119 126 171 139 123 103 138 173 131 120 119 4
111 108 111 116 110 115 103 117 125 113 110 112 5
114 120 120 119 119 119 103 119 125 116 119 119 6
124 120 121 122 123 120 103 125 125 116 116 120 7
118 117 120 174 137 118 103 130 152 120 114 115 8
118 123 122 158 140 124 103 133 160 124 116 121 9
107 109 116 111 111 106 103 114 107 110 111 109 10
125 122 122 122 123 124 103 122 107 115 116 15000 11
Chip#2
107 107 101 100 107 102 109 105 108 103 106 101 0
115 117 115 107 117 119 115 113 116 117 109 106 1
110 112 104 106 114 115 111 110 110 109 109 106 2
115 119 112 111 114 113 115 112 120 115 115 110 3
115 113 107 106 114 112 113 112 118 111 115 106 4
117 114 109 109 115 115 112 113 113 109 116 110 5
115 116 109 105 120 116 116 113 113 111 115 112 6
111 116 111 111 119 119 116 112 118 116 115 114 7
105 113 104 106 113 108 113 112 110 111 112 106 8
118 114 107 105 116 115 116 116 115 112 118 108 9
120 128 111 107 119 117 119 119 118 115 113 112 10
117 117 109 105 117 115 115 111 116 116 113 15000 11
Chip#3
118 123 118 115 121 122 121 117 113 120 118 119 0
117 125 121 118 124 121 119 120 118 122 120 120 1
119 119 119 114 117 116 116 122 116 118 117 116 2
113 117 108 108 112 111 118 111 110 115 113 115 3
121 127 127 125 132 125 127 125 126 126 124 126 4
116 123 120 119 123 119 121 117 113 116 115 119 5
118 122 120 114 116 115 119 119 117 119 115 118 6
113 117 114 113 117 115 114 114 113 108 112 115 7
125 128 126 124 128 126 123 127 123 126 123 127 8
124 127 121 118 124 122 124 119 123 120 123 120 9
116 126 116 115 124 119 117 119 116 116 119 118 10
120 117 121 114 121 121 121 119 117 119 120 15000 11
Chip#4
117 109 114 118 114 116 111 117 120 116 115 114 0
110 112 113 112 114 116 112 114 118 117 118 111 1
119 109 113 116 115 121 118 123 119 113 119 116 2
109 107 109 116 113 117 110 117 114 109 114 110 3
115 115 114 116 117 121 113 118 123 115 114 109 4
121 124 120 125 121 128 118 123 126 123 125 123 5
114 114 111 116 108 112 113 119 118 110 116 114 6
114 111 118 117 118 120 120 121 121 115 119 113 7
115 115 115 118 116 117 116 118 124 119 118 115 8
118 119 118 122 123 128 118 118 126 122 121 120 9
127 122 124 127 120 125 122 129 130 122 124 120 10
121 119 118 123 118 119 119 124 123 115 119 15000 11
