Chip#1
101 100 99 100 105 102 104 100 100 94 95 100 0 163 120 100 23
102 100 99 104 104 102 106 102 103 103 97 98 1 0 0 0 0
102 99 104 112 103 104 115 101 105 111 101 102 2 0 0 0 0
105 107 105 106 109 107 117 108 108 111 105 105 3 0 0 0 0
97 93 95 98 98 95 103 97 98 95 94 96 4 0 0 0 0
96 96 99 99 101 98 103 97 101 103 93 94 5 0 0 0 0
105 102 103 109 105 104 111 98 106 107 100 105 6 0 0 0 0
101 100 98 99 104 101 104 103 103 101 97 100 7 0 0 0 0
101 100 102 104 103 102 105 103 103 101 100 102 8 0 0 0 0
99 99 98 107 102 101 107 104 100 103 104 100 9 0 0 0 0
99 100 100 101 104 102 105 103 105 102 100 102 10 0 0 0 0
109 105 107 109 111 109 110 110 111 106 106 15000 11 0 0 0 0
Chip#2
103 106 104 103 107 102 104 102 104 100 101 101 0 232 128 174 23
106 110 108 109 113 105 106 107 107 109 108 108 1 0 0 0 0
99 101 100 100 103 100 99 97 98 96 99 102 2 0 0 0 0
104 106 104 104 106 102 105 103 104 103 105 103 3 0 0 0 0
97 98 94 98 100 99 94 93 94 95 99 96 4 0 0 0 0
97 102 98 101 102 97 100 101 96 95 100 102 5 0 0 0 0
99 98 100 103 105 100 99 98 99 95 101 102 6 0 0 0 0
109 110 108 110 110 106 106 109 106 107 113 108 7 0 0 0 0
110 109 109 110 108 107 107 108 108 107 110 110 8 0 0 0 0
101 106 103 104 106 104 101 103 102 105 103 101 9 0 0 0 0
102 101 98 101 101 99 99 100 98 101 101 101 10 0 0 0 0
99 101 98 101 102 100 101 101 98 98 103 15000 11 0 0 0 0
Chip#1
99 98 97 98 102 98 104 103 101 102 100 103 0 165 120 108 23
98 97 99 100 102 102 107 103 103 101 97 102 1 0 0 0 0
92 91 105 102 101 107 117 98 104 116 94 96 2 0 0 0 0
103 98 104 101 108 104 107 105 105 112 99 102 3 0 0 0 0
101 97 100 99 104 103 105 102 101 103 102 99 4 0 0 0 0
98 99 104 104 104 106 112 103 106 115 101 100 5 0 0 0 0
96 97 101 99 98 97 106 101 101 106 96 99 6 0 0 0 0
95 98 97 98 102 98 100 101 103 98 96 99 7 0 0 0 0
99 102 103 107 105 108 106 103 105 103 96 102 8 0 0 0 0
105 105 106 105 107 109 110 108 108 112 104 105 9 0 0 0 0
101 97 96 96 100 102 103 102 105 98 99 99 10 0 0 0 0
105 105 103 109 110 104 111 103 108 109 102 15000 11 0 0 0 0
Chip#2
102 106 103 103 104 101 102 100 98 103 104 101 0 232 128 163 23
93 100 94 93 97 95 92 95 90 92 90 95 1 0 0 0 0
104 109 104 106 105 105 104 105 100 105 105 106 2 0 0 0 0
103 102 104 103 105 101 102 101 96 99 100 102 3 0 0 0 0
91 95 95 94 96 90 93 88 90 94 92 90 4 0 0 0 0
108 114 114 110 108 107 107 110 105 106 110 110 5 0 0 0 0
96 100 98 98 101 96 95 97 94 95 96 98 6 0 0 0 0
107 107 109 106 107 106 105 109 102 110 110 110 7 0 0 0 0
101 102 100 99 102 104 98 102 96 101 98 103 8 0 0 0 0
104 106 105 104 105 102 102 104 104 106 110 106 9 0 0 0 0
99 105 102 103 105 100 105 105 96 105 103 106 10 0 0 0 0
98 101 102 99 103 99 94 100 99 96 100 15000 11 0 0 0 0
Chip#1
101 94 95 95 96 96 102 95 98 97 90 98 0 162 121 71 23
104 95 127 152 105 124 165 103 113 161 105 104 1 0 0 0 0
99 102 430 566 112 436 801 136 318 853 182 103 2 0 0 0 0
102 103 175 236 107 210 346 109 190 459 129 104 3 0 0 0 0
102 100 110 115 107 103 111 103 108 111 99 99 4 0 0 0 0
103 103 307 320 107 234 349 108 273 533 127 103 5 0 0 0 0
101 99 173 183 107 173 229 107 202 407 121 104 6 0 0 0 0
98 100 104 109 103 103 110 102 106 101 96 102 7 0 0 0 0
101 99 281 294 104 229 270 104 105 98 97 94 8 0 0 0 0
103 108 208 203 105 233 269 111 111 107 102 104 9 0 0 0 0
107 108 107 111 112 107 115 109 106 110 104 106 10 0 0 0 0
102 103 102 104 104 102 102 105 105 102 98 15000 11 0 0 0 0
Chip#2
101 102 98 100 100 96 102 98 99 95 100 98 0 232 128 137 23
98 101 98 101 99 97 100 98 96 96 98 101 1 0 0 0 0
99 101 100 104 105 101 101 102 100 98 103 105 2 0 0 0 0
99 101 105 146 122 97 144 132 95 126 135 101 3 0 0 0 0
101 105 110 188 146 102 165 146 99 130 137 102 4 0 0 0 0
96 98 98 105 101 99 96 97 96 99 95 95 5 0 0 0 0
99 105 105 121 117 105 155 159 102 149 194 111 6 0 0 0 0
95 101 104 162 139 99 231 241 94 188 261 107 7 0 0 0 0
99 103 103 114 107 102 116 111 100 104 113 105 8 0 0 0 0
99 101 105 105 104 104 131 148 105 131 174 112 9 0 0 0 0
99 103 103 100 105 100 206 258 106 178 282 126 10 0 0 0 0
95 101 102 100 100 97 111 124 95 103 122 15000 11 0 0 0 0
Chip#1
109 104 100 104 104 101 107 102 104 102 99 109 0 165 120 143 23
99 98 149 167 104 135 196 105 114 194 100 100 1 0 0 0 0
101 102 601 806 116 608 1198 153 435 1237 237 104 2 0 0 0 0
102 99 227 310 107 256 476 111 233 625 142 102 3 0 0 0 0
92 94 107 110 103 102 110 100 101 103 95 96 4 0 0 0 0
99 104 420 426 108 311 476 117 340 757 153 105 5 0 0 0 0
99 95 206 223 108 207 298 111 257 542 127 100 6 0 0 0 0
104 103 111 112 108 107 113 110 113 110 102 104 7 0 0 0 0
107 105 384 383 107 302 359 108 108 105 101 105 8 0 0 0 0
98 102 264 249 105 298 347 108 104 103 99 105 9 0 0 0 0
102 102 100 100 105 102 106 104 105 101 100 102 10 0 0 0 0
108 108 107 106 110 109 110 111 106 106 104 15000 11 0 0 0 0
Chip#2
104 109 104 100 100 101 98 100 101 100 104 101 0 232 128 164 23
99 107 100 100 104 102 100 101 98 104 100 101 1 0 0 0 0
95 101 95 99 99 99 95 94 94 99 96 96 2 0 0 0 0
107 111 115 193 142 109 196 168 106 159 172 110 3 0 0 0 0
106 106 126 286 191 112 223 191 105 166 176 108 4 0 0 0 0
109 110 109 125 118 109 114 111 108 110 111 112 5 0 0 0 0
101 103 104 135 125 102 199 206 102 186 278 110 6 0 0 0 0
98 98 109 208 172 101 373 377 101 276 388 118 7 0 0 0 0
103 109 108 126 118 104 128 127 105 114 122 106 8 0 0 0 0
101 103 102 100 100 101 156 182 101 151 243 111 9 0 0 0 0
104 109 109 106 106 106 325 410 119 261 428 148 10 0 0 0 0
102 106 103 103 105 104 131 156 99 117 151 15000 11 0 0 0 0
Chip#1
113 104 99 100 105 101 104 102 105 101 104 106 0 166 120 137 23
107 104 162 192 112 142 218 111 122 212 107 106 1 0 0 0 0
104 102 716 955 126 741 1427 168 529 1518 271 108 2 0 0 0 0
109 105 248 352 115 295 558 117 289 757 173 108 3 0 0 0 0
96 98 114 117 104 103 117 104 106 112 100 96 4 0 0 0 0
99 97 483 490 105 349 553 111 382 883 159 97 5 0 0 0 0
102 99 238 253 108 226 338 109 281 640 141 102 6 0 0 0 0
98 93 105 109 105 102 104 105 103 98 100 94 7 0 0 0 0
102 97 442 434 109 337 409 104 104 98 96 98 8 0 0 0 0
102 95 297 279 107 332 401 105 100 98 98 100 9 0 0 0 0
96 92 98 102 102 96 102 98 101 94 93 94 10 0 0 0 0
105 105 104 104 108 101 106 103 104 102 104 15000 11 0 0 0 0
Chip#2
109 110 107 108 106 106 106 104 104 106 106 108 0 0 128 240 23
104 103 102 103 104 104 101 98 98 104 101 101 1 0 0 0 0
104 102 104 101 105 101 100 102 98 104 101 105 2 0 0 0 0
107 106 113 224 158 110 227 192 105 173 196 111 3 0 0 0 0
104 106 129 349 220 109 272 226 101 186 200 106 4 0 0 0 0
104 111 104 130 118 104 118 109 104 106 109 107 5 0 0 0 0
103 103 107 152 131 104 243 249 102 223 344 116 6 0 0 0 0
104 107 118 283 203 109 476 485 108 348 515 133 7 0 0 0 0
104 112 107 136 128 105 136 138 107 118 135 108 8 0 0 0 0
104 110 105 110 108 105 180 219 108 178 300 119 9 0 0 0 0
102 105 102 105 104 101 398 518 122 313 552 160 10 0 0 0 0
103 105 103 104 105 99 141 172 100 121 165 15000 11 0 0 0 0
Chip#1
114 99 99 100 102 98 104 101 103 101 98 110 0 165 120 125 23
102 98 163 196 111 143 226 107 121 213 105 104 1 0 0 0 0
101 99 748 1014 121 767 1536 165 542 1611 282 100 2 0 0 0 0
103 103 257 364 109 306 592 116 276 798 173 104 3 0 0 0 0
101 102 121 126 109 113 126 110 113 127 102 103 4 0 0 0 0
108 109 515 532 116 384 602 126 410 964 173 111 5 0 0 0 0
105 107 257 272 114 246 365 117 300 699 144 109 6 0 0 0 0
98 99 106 106 104 103 108 108 108 102 100 98 7 0 0 0 0
105 105 476 471 110 366 439 112 109 106 101 104 8 0 0 0 0
103 104 322 294 108 358 424 110 108 105 102 99 9 0 0 0 0
105 100 104 105 107 104 107 109 108 103 98 102 10 0 0 0 0
102 97 100 102 102 101 102 102 101 99 95 15000 11 0 0 0 0
Chip#2
112 114 113 110 113 109 106 111 110 106 108 112 0 0 128 19 23
109 112 109 109 107 105 105 104 106 107 106 112 1 0 0 0 0
108 109 104 108 108 102 102 108 101 103 103 107 2 0 0 0 0
96 101 110 272 161 104 248 206 98 186 214 101 3 0 0 0 0
99 101 131 402 247 111 332 260 101 209 221 105 4 0 0 0 0
103 107 104 134 121 105 114 110 105 107 106 105 5 0 0 0 0
101 103 105 163 140 107 278 287 102 265 402 122 6 0 0 0 0
107 109 126 331 237 119 584 601 117 410 619 144 7 0 0 0 0
109 107 112 144 128 109 149 151 107 124 143 113 8 0 0 0 0
103 102 104 109 110 104 197 251 105 196 341 123 9 0 0 0 0
103 107 102 105 105 105 456 637 124 358 657 174 10 0 0 0 0
103 106 102 103 107 102 149 194 102 126 183 15000 11 0 0 0 0
