Chip#1
253 264 438 362 352 367 344 362 520 253 436 320 0
251 262 440 364 354 361 339 369 520 249 434 316 1
256 268 445 372 358 371 348 365 520 248 434 320 2
260 277 453 376 367 378 351 377 520 257 442 326 3
265 275 455 375 366 380 352 373 520 256 439 322 4
262 275 451 375 358 375 354 373 520 251 436 323 5
264 277 452 378 366 374 352 371 520 253 439 319 6
264 276 454 376 366 377 355 375 520 254 439 320 7
267 282 458 379 371 380 358 380 520 251 439 323 8
266 283 457 384 439 381 359 384 520 253 441 323 9
277 290 466 395 455 390 369 392 520 265 449 329 10
278 293 467 393 378 394 371 394 520 258 442 326 11
Chip#2
365 388 467 487 551 473 355 436 478 293 461 426 0
359 372 467 471 535 473 350 429 472 299 457 422 1
356 372 363 471 535 473 350 428 470 289 457 417 2
354 372 363 471 535 473 347 435 478 297 466 431 3
354 372 363 471 535 473 349 432 476 295 458 431 4
355 372 467 471 535 473 350 434 476 296 465 430 5
358 372 467 487 535 473 349 443 479 301 465 427 6
356 372 467 471 535 473 354 437 476 301 460 427 7
702 692 723 783 822 750 692 830 898 687 881 853 8
348 372 467 471 535 455 349 432 475 296 455 424 9
347 356 363 406 519 439 346 429 473 294 460 421 10
345 356 347 404 519 439 341 428 473 291 457 419 11
Chip#3
375 462 526 331 413 347 432 453 348 427 395 368 0
368 457 515 331 410 363 430 448 396 424 395 368 1
367 455 517 331 408 347 428 445 345 420 395 368 2
372 461 522 331 412 363 429 449 398 425 461 368 3
372 458 522 331 412 363 429 451 349 426 395 368 4
369 453 520 331 406 347 429 449 346 417 395 368 5
370 454 522 315 408 347 427 445 347 423 395 368 6
367 456 518 331 404 347 426 446 343 418 395 368 7
369 455 523 331 413 347 430 449 352 424 395 368 8
368 457 519 331 406 363 425 448 395 419 458 368 9
369 456 518 331 405 363 425 447 390 419 395 368 10
372 459 523 331 410 363 430 449 349 424 395 368 11
Chip#4
356 369 278 321 327 372 347 330 347 324 369 398 0
356 369 285 333 339 385 296 340 363 334 369 408 1
356 369 287 331 336 385 297 340 363 336 363 408 2
356 369 284 324 327 380 291 337 347 325 363 406 3
356 369 283 324 331 378 347 342 363 328 363 404 4
356 369 286 331 334 380 295 340 363 333 363 406 5
356 369 285 326 326 382 347 334 347 327 363 399 6
356 369 286 328 332 381 347 338 363 327 363 405 7
356 369 290 333 337 383 299 370 363 333 363 411 8
356 369 288 329 333 381 347 339 347 327 363 405 9
356 369 290 332 335 386 297 342 363 332 363 405 10
356 369 291 329 333 384 363 366 363 331 363 406 11
