Chip#1
255 266 438 360 350 364 344 358 511 258 446 321 0
255 265 442 365 358 367 340 362 527 256 444 326 1
254 268 442 371 358 366 348 362 511 254 440 320 2
254 270 446 369 359 371 345 363 527 256 443 322 3
262 272 450 373 361 375 349 366 527 258 447 320 4
257 266 446 369 354 371 349 365 527 255 443 322 5
263 277 453 377 364 380 355 372 527 264 447 323 6
265 279 455 378 368 379 356 373 527 258 444 322 7
261 274 452 376 366 382 354 374 527 253 442 321 8
274 283 466 388 439 390 368 385 520 265 453 333 9
275 294 467 397 439 392 371 389 520 266 458 333 10
283 295 467 393 439 396 375 397 520 261 451 332 11
Chip#2
369 372 467 487 551 455 356 434 482 297 464 426 0
356 356 363 471 535 455 341 422 475 297 451 417 1
362 372 467 471 535 455 352 431 483 302 463 424 2
354 356 363 471 535 439 348 430 477 299 462 421 3
351 284 363 410 519 439 349 428 481 294 462 423 4
347 281 347 409 535 455 350 431 477 300 457 420 5
359 356 363 471 535 455 359 442 485 307 467 426 6
354 356 363 471 535 455 354 432 485 308 459 425 7
344 356 363 471 535 455 348 431 482 299 464 424 8
354 356 363 471 535 455 352 437 483 302 459 422 9
350 356 363 471 535 455 351 436 483 301 467 424 10
350 356 363 471 519 455 347 430 483 302 459 421 11
Chip#3
373 462 520 331 417 347 428 452 399 424 395 366 0
375 469 527 347 419 363 434 455 406 427 411 371 1
373 462 524 347 416 363 427 451 399 424 463 366 2
376 466 527 331 419 363 433 453 404 426 411 367 3
366 457 518 331 408 347 423 445 344 418 395 367 4
373 461 525 331 414 347 427 395 351 422 395 363 5
367 453 517 331 408 347 422 445 345 418 395 363 6
371 461 520 347 413 363 427 448 399 425 462 363 7
370 459 521 331 414 363 427 450 399 425 395 363 8
368 461 521 331 408 347 425 448 347 419 395 363 9
369 461 519 331 411 347 424 445 347 421 395 363 10
378 464 526 331 417 363 434 449 405 430 411 365 11
Chip#4
364 364 287 327 333 385 363 344 379 331 367 407 0
364 364 283 327 326 384 296 336 363 328 366 405 1
364 364 283 322 327 384 347 336 379 329 366 406 2
364 363 285 325 328 386 363 338 363 333 362 406 3
364 363 283 326 328 384 296 342 363 329 361 405 4
364 363 283 328 330 382 298 341 347 326 361 406 5
364 366 287 329 329 384 298 340 363 332 365 407 6
364 367 290 330 332 389 363 345 363 333 367 409 7
364 374 294 334 338 391 300 353 363 339 373 413 8
364 365 292 332 337 387 301 344 363 330 369 410 9
364 362 289 326 329 390 347 341 363 330 366 406 10
364 369 294 333 339 390 296 344 363 334 370 410 11
Chip#1
252 265 437 360 350 363 340 360 520 253 438 319 0
254 261 441 364 354 360 340 361 520 252 440 319 1
255 264 443 366 352 367 343 361 520 253 437 318 2
255 267 443 367 356 364 339 364 511 251 439 320 3
257 268 443 368 355 373 345 361 511 253 436 319 4
255 271 450 371 356 374 355 371 527 254 442 321 5
258 273 447 375 363 374 352 372 527 258 440 322 6
270 280 457 379 369 384 359 381 527 260 445 327 7
268 279 461 387 375 389 367 381 543 260 447 330 8
274 286 465 388 378 389 364 389 520 265 450 330 9
274 289 467 399 439 393 373 393 520 266 453 331 10
274 291 466 393 376 387 372 396 520 259 444 328 11
Chip#2
367 388 467 487 551 471 352 432 479 293 465 425 0
362 372 363 471 535 471 350 430 477 302 463 426 1
359 372 363 471 535 455 351 432 472 293 459 421 2
351 372 363 471 535 455 341 435 473 299 464 429 3
347 356 363 455 535 455 341 430 472 294 456 422 4
351 356 363 471 535 455 346 427 471 286 455 419 5
354 356 363 471 535 455 348 434 477 299 464 419 6
344 356 363 471 519 455 349 425 473 299 455 418 7
349 356 363 411 519 455 351 436 479 303 466 427 8
349 372 363 471 535 455 347 426 476 294 456 420 9
350 372 363 471 519 455 351 434 483 299 468 421 10
350 356 363 471 535 455 346 432 475 297 458 421 11
Chip#3
368 455 519 331 409 347 428 395 394 419 395 365 0
365 453 513 331 404 363 424 442 390 419 395 365 1
370 461 517 331 412 363 428 452 398 423 395 365 2
374 460 522 331 410 347 427 449 401 425 395 365 3
368 456 514 331 410 347 427 447 346 424 395 365 4
371 464 522 331 413 363 429 452 400 426 462 365 5
372 458 524 265 410 347 432 395 347 424 379 365 6
365 455 517 315 405 347 423 446 343 417 395 365 7
370 455 516 315 405 347 429 446 347 418 395 365 8
369 459 519 331 406 363 430 453 399 422 460 365 9
375 462 522 331 413 347 427 451 350 425 395 365 10
369 457 514 331 407 347 426 448 350 417 395 365 11
Chip#4
364 369 285 328 331 377 347 341 363 327 370 401 0
364 369 285 328 332 381 347 339 347 332 362 404 1
364 369 279 324 327 378 347 336 347 328 362 404 2
364 369 284 332 334 385 296 340 363 330 362 403 3
364 369 277 325 330 378 347 338 347 326 362 396 4
364 369 285 325 331 381 347 341 363 328 362 403 5
364 369 283 328 328 384 347 338 363 327 362 401 6
364 369 285 328 334 384 347 341 363 326 362 403 7
364 369 286 328 332 383 347 348 363 325 362 403 8
364 361 287 332 336 387 296 342 363 327 362 402 9
364 364 291 331 338 387 298 342 363 338 362 408 10
364 364 290 330 332 382 298 340 363 330 362 406 11
Chip#1
256 268 440 363 352 369 341 366 520 257 442 323 0
249 260 436 359 350 357 335 360 511 247 431 315 1
262 270 447 372 361 369 348 370 527 257 442 323 2
258 271 449 372 362 372 350 370 527 256 444 323 3
258 272 449 372 363 375 348 369 527 257 442 322 4
261 275 455 378 363 379 357 377 520 259 443 328 5
263 277 452 378 367 377 352 375 520 256 444 323 6
266 277 453 380 368 379 356 377 520 257 439 325 7
274 282 461 389 439 388 365 387 520 258 448 332 8
273 286 462 387 376 391 363 387 520 258 447 328 9
273 292 467 395 439 391 370 390 520 265 450 329 10
281 294 467 393 439 393 373 399 520 260 450 333 11
Chip#2
362 372 363 471 535 455 353 430 476 290 461 415 0
363 372 363 471 535 455 347 429 479 300 460 425 1
350 356 347 404 519 439 348 428 474 288 456 417 2
348 372 363 404 519 455 343 431 471 298 463 420 3
348 356 347 408 519 439 345 430 475 295 463 424 4
341 279 347 455 519 439 337 425 466 295 456 416 5
356 356 363 471 535 455 352 436 483 303 466 421 6
348 356 363 471 519 455 349 428 481 305 458 420 7
353 356 467 487 535 471 351 434 483 301 467 426 8
343 356 347 455 519 439 345 424 477 298 455 419 9
349 372 363 471 551 455 346 429 476 299 459 421 10
346 356 363 406 519 455 341 431 472 298 456 413 11
Chip#3
364 455 517 315 405 347 426 445 342 417 395 365 0
371 463 524 331 413 363 433 452 399 428 462 365 1
367 455 516 331 406 347 423 447 345 422 395 365 2
365 455 520 331 408 347 425 443 345 423 395 365 3
366 458 518 331 409 347 427 449 345 423 395 365 4
364 455 516 315 408 347 421 395 344 420 379 365 5
369 460 520 331 412 347 427 447 397 423 395 365 6
373 464 524 347 414 379 432 454 398 431 460 365 7
369 456 518 331 409 347 427 448 397 420 456 365 8
368 459 519 331 412 347 431 450 349 425 395 365 9
368 457 521 331 410 347 424 451 348 422 395 365 10
364 452 514 331 404 347 424 443 344 422 395 365 11
Chip#4
364 364 286 328 333 376 290 339 347 330 362 407 0
364 364 288 332 333 380 291 337 347 328 362 406 1
364 364 284 328 326 378 347 335 347 324 362 399 2
364 364 284 327 329 379 347 338 363 327 362 400 3
364 364 283 329 332 379 347 339 347 331 362 407 4
364 364 281 324 325 376 347 333 347 323 362 401 5
364 363 284 330 332 382 347 338 347 331 362 404 6
364 363 286 328 330 378 347 335 347 325 362 402 7
364 363 287 327 334 383 295 348 363 331 362 404 8
364 368 294 333 339 387 363 367 379 333 365 409 9
364 368 289 327 330 379 347 337 363 327 365 401 10
364 367 290 328 336 382 347 341 363 331 365 405 11
Chip#1
248 264 433 354 347 362 334 359 511 249 438 311 0
251 263 440 364 351 359 339 362 511 250 439 316 1
248 264 441 368 354 364 341 361 511 253 436 317 2
255 269 447 365 358 370 344 367 527 256 438 320 3
257 269 449 366 358 372 343 364 527 254 436 313 4
255 270 448 372 353 372 352 372 527 251 439 317 5
260 275 451 376 363 375 350 372 527 253 441 324 6
264 277 453 377 366 380 355 377 543 255 440 322 7
263 274 454 377 366 379 354 376 527 252 438 317 8
273 286 463 391 380 390 361 387 520 264 448 328 9
272 284 465 389 378 386 362 389 520 259 445 324 10
281 292 466 393 439 392 373 398 520 256 447 330 11
Chip#2
357 372 467 471 535 455 350 428 471 285 455 418 0
357 372 467 471 551 455 341 426 474 296 454 426 1
357 372 467 471 551 455 351 430 475 294 463 427 2
354 356 347 410 519 439 346 438 477 297 466 433 3
343 356 347 398 519 439 338 423 466 287 458 418 4
351 356 363 471 535 455 348 426 473 294 463 422 5
346 356 363 471 535 455 343 429 478 291 459 418 6
349 356 363 471 519 455 346 426 479 299 458 424 7
342 356 363 404 535 455 344 428 476 294 460 422 8
348 372 363 409 535 455 352 435 477 304 462 424 9
352 372 363 471 535 455 349 433 479 298 464 422 10
349 372 363 471 535 455 342 427 474 291 452 418 11
Chip#3
375 459 523 331 411 347 427 451 400 427 395 365 0
366 452 514 331 406 347 425 446 343 419 395 365 1
371 462 523 331 407 347 424 450 393 425 395 365 2
366 456 518 315 406 347 424 445 346 417 395 365 3
371 456 518 331 412 363 427 449 394 427 456 365 4
375 461 520 331 412 363 430 449 402 428 460 365 5
373 457 519 331 409 347 431 451 398 428 395 365 6
367 457 516 331 408 347 422 446 395 421 395 365 7
368 458 516 331 409 347 425 449 350 425 395 365 8
373 460 521 347 411 363 430 451 399 427 463 365 9
372 460 521 331 411 363 428 451 398 427 395 365 10
369 456 519 331 408 347 428 449 347 426 395 365 11
Chip#4
364 367 285 329 334 378 295 339 363 331 365 404 0
364 367 283 330 336 383 347 338 363 329 365 407 1
364 367 279 327 329 378 347 335 363 325 365 402 2
364 367 282 328 333 382 294 338 363 329 365 404 3
364 367 281 325 330 373 347 337 363 326 365 404 4
364 367 286 331 331 381 363 364 379 331 362 403 5
364 367 288 330 332 380 347 336 363 329 362 404 6
364 367 286 328 333 382 291 338 363 326 362 398 7
364 367 293 334 337 387 299 347 363 337 366 406 8
364 361 281 326 334 376 293 336 347 324 366 401 9
364 361 290 331 338 381 297 336 363 331 366 403 10
364 367 293 332 337 383 298 340 363 331 366 406 11
Chip#1
252 262 433 356 344 364 341 365 520 254 439 317 0
249 262 438 361 350 361 334 362 511 251 433 317 1
257 268 448 373 359 373 350 366 527 255 438 322 2
252 266 444 368 359 370 346 367 527 254 439 319 3
258 269 447 369 363 375 349 368 511 252 438 317 4
260 273 450 374 357 374 357 373 543 254 438 320 5
263 275 453 378 365 378 354 374 511 254 443 323 6
267 277 452 375 369 382 358 381 527 260 442 326 7
268 281 460 385 376 388 366 388 520 261 445 330 8
271 283 462 386 377 384 363 388 520 261 446 327 9
272 289 465 395 439 391 371 392 520 262 446 328 10
282 293 467 396 439 394 376 403 520 259 449 333 11
Chip#2
359 372 467 471 535 455 350 427 475 294 461 422 0
360 372 467 419 535 455 352 432 482 303 456 428 1
351 372 467 471 535 455 352 427 479 297 461 421 2
344 372 363 471 535 455 340 425 471 294 461 424 3
350 356 363 410 535 439 346 427 484 295 462 427 4
348 356 363 410 519 439 347 430 475 299 463 421 5
352 356 347 412 519 439 351 434 475 302 465 425 6
351 372 363 471 535 455 351 424 482 298 460 421 7
348 372 363 471 535 455 350 434 483 302 466 423 8
348 372 363 471 519 455 344 429 478 297 460 422 9
350 356 363 411 519 439 350 434 482 298 465 425 10
346 356 363 409 519 439 344 427 477 300 460 420 11
Chip#3
370 457 520 331 408 347 424 449 346 422 395 365 0
367 454 516 315 410 347 424 446 343 421 395 365 1
370 460 520 331 410 347 427 449 345 426 395 365 2
374 463 525 331 415 347 433 453 353 431 395 362 3
368 456 512 315 408 347 427 447 345 420 395 362 4
368 457 518 331 411 347 428 450 348 425 395 362 5
363 456 517 331 408 363 425 451 393 422 395 362 6
368 456 521 264 410 347 425 395 347 424 379 362 7
367 455 517 331 409 347 427 449 347 422 395 362 8
367 457 518 347 410 363 427 451 395 421 458 362 9
374 460 522 331 412 347 429 453 398 427 395 362 10
366 452 516 331 405 347 422 445 343 420 395 362 11
Chip#4
364 367 284 329 332 380 347 337 363 325 366 403 0
364 367 280 322 329 380 347 335 363 326 366 404 1
364 365 287 332 334 384 363 341 363 333 362 408 2
364 360 287 327 336 385 347 342 363 333 363 404 3
364 360 287 326 335 383 347 340 363 332 363 404 4
364 360 291 332 338 386 300 343 363 335 363 407 5
364 360 284 331 331 380 297 343 363 327 363 405 6
364 360 285 331 329 381 296 345 363 330 363 402 7
364 360 290 333 333 383 363 371 363 332 363 407 8
364 366 289 332 338 386 299 344 363 331 363 405 9
364 361 290 335 336 380 293 339 347 329 363 405 10
364 373 296 337 340 390 303 345 363 335 365 411 11
Chip#1
250 263 437 358 347 360 340 358 520 254 438 316 0
250 260 436 359 349 362 336 361 520 250 438 318 1
254 262 443 364 353 366 346 362 511 249 435 319 2
255 268 449 367 359 371 347 365 527 252 438 319 3
260 271 451 367 360 374 348 366 527 254 439 319 4
254 266 449 369 355 373 351 370 527 249 438 321 5
265 275 453 379 366 379 350 371 527 255 444 324 6
268 279 456 380 371 383 361 380 543 258 443 329 7
271 279 460 384 376 389 362 386 520 258 442 329 8
273 283 463 387 374 385 364 386 520 260 445 328 9
276 292 467 396 455 392 372 393 520 268 452 331 10
280 297 467 399 439 398 377 401 520 257 448 333 11
Chip#2
359 372 363 411 519 439 350 430 478 288 456 419 0
362 372 363 471 535 455 348 432 478 302 458 429 1
357 372 363 412 535 439 349 431 477 296 458 424 2
351 372 363 406 519 439 340 434 474 294 459 425 3
349 356 347 406 519 439 346 432 476 289 458 425 4
352 356 363 410 535 439 344 430 469 297 463 424 5
352 356 363 471 535 455 351 435 485 299 463 425 6
347 356 363 471 535 455 350 428 481 298 458 422 7
344 356 363 471 519 455 341 430 473 294 460 425 8
348 372 363 471 535 455 346 432 480 297 460 422 9
355 356 363 471 535 455 351 431 479 299 464 426 10
345 283 347 403 519 439 340 428 473 293 458 416 11
Chip#3
371 464 523 331 413 363 433 452 396 426 462 362 0
365 460 516 331 408 363 429 449 394 423 458 362 1
366 456 515 331 411 347 424 447 344 419 395 362 2
367 461 525 267 410 347 428 395 351 422 395 362 3
365 455 517 331 407 347 426 448 393 421 395 362 4
368 459 522 331 410 363 429 448 399 422 459 362 5
367 457 520 331 410 347 422 449 346 421 395 362 6
369 457 519 331 406 347 428 449 345 421 395 362 7
367 457 520 331 409 363 427 450 394 420 460 362 8
371 462 523 347 415 363 431 453 397 423 395 362 9
364 454 516 331 409 363 425 446 390 419 395 362 10
373 462 524 347 412 363 431 452 401 428 459 362 11
Chip#4
364 373 283 323 331 377 347 337 363 328 365 401 0
364 373 284 324 331 377 347 337 347 324 365 400 1
364 364 288 334 340 384 299 345 379 335 365 408 2
364 364 288 330 333 385 298 342 363 328 365 407 3
364 364 287 328 337 380 363 341 363 333 365 403 4
364 364 286 328 334 381 363 363 379 329 365 405 5
364 364 282 320 324 378 347 334 347 322 365 398 6
364 362 287 328 336 383 297 344 363 325 365 403 7
364 362 283 328 332 379 294 343 347 330 365 399 8
364 362 289 329 336 383 300 344 347 329 365 405 9
364 362 286 328 333 384 298 343 347 327 365 405 10
364 362 286 327 333 382 292 338 347 327 365 405 11
Chip#1
253 262 436 362 349 364 342 362 520 254 440 318 0
252 265 437 366 349 361 338 362 511 249 440 315 1
255 266 444 370 358 368 343 364 511 248 440 320 2
254 265 445 367 352 368 343 367 527 252 440 321 3
264 271 453 371 361 377 350 369 527 254 444 320 4
256 269 451 372 355 373 351 373 527 254 440 321 5
261 273 451 380 361 376 352 371 527 254 443 319 6
265 278 455 378 367 379 352 376 543 259 443 324 7
268 280 460 379 372 385 359 382 543 251 443 325 8
276 284 466 390 377 390 368 388 520 262 449 331 9
275 287 467 394 383 388 366 391 520 264 449 327 10
282 291 467 390 439 394 369 394 520 256 444 325 11
Chip#2
362 372 467 471 535 455 351 433 476 290 460 420 0
361 372 467 471 535 455 347 431 478 299 457 425 1
357 372 467 471 535 455 352 434 474 300 461 426 2
347 356 347 404 519 439 340 426 472 294 461 420 3
349 356 363 406 519 439 342 430 477 294 455 423 4
348 356 363 404 519 439 345 432 476 295 462 428 5
345 356 363 406 519 439 343 430 480 296 460 420 6
356 388 467 487 551 471 353 437 511 308 466 456 7
345 356 363 471 535 455 344 426 478 297 460 420 8
346 356 363 471 535 455 344 426 476 296 459 420 9
344 356 347 403 535 439 340 428 469 293 451 414 10
349 356 363 471 535 455 348 436 480 302 465 425 11
Chip#3
363 453 515 331 403 363 421 445 389 413 395 362 0
362 459 517 315 406 347 425 446 343 415 395 362 1
364 451 514 315 405 347 419 442 341 417 395 362 2
363 453 513 315 407 347 423 445 344 420 395 362 3
368 459 520 331 412 363 430 449 396 424 395 362 4
364 456 517 331 403 347 422 446 343 415 395 362 5
365 458 519 331 410 363 426 449 347 424 395 362 6
362 458 516 315 406 347 424 445 349 417 395 362 7
370 458 520 331 409 347 428 452 397 422 395 361 8
370 456 517 331 407 347 425 451 347 419 395 361 9
368 461 519 331 408 347 428 450 349 421 395 361 10
367 456 520 331 409 363 428 449 396 420 457 361 11
Chip#4
364 362 286 329 332 377 347 337 347 327 365 406 0
364 362 282 327 335 381 292 340 347 331 365 404 1
364 362 285 327 332 378 347 338 347 331 365 406 2
364 362 273 317 322 373 347 331 347 321 365 396 3
364 362 284 325 328 375 347 337 363 328 365 399 4
364 362 280 324 330 381 347 337 347 325 365 400 5
364 362 291 335 335 383 298 343 347 331 365 409 6
364 364 291 330 335 383 293 343 347 331 365 404 7
364 363 290 332 336 385 296 371 363 331 365 404 8
364 361 292 331 336 387 296 342 363 328 365 406 9
364 364 292 333 336 385 295 343 363 333 365 406 10
364 370 295 334 341 384 298 343 363 335 363 411 11
