Chip#1
109 112 103 95 105 111 104 104 107 107 119 107 0
107 107 108 105 122 111 99 103 134 103 114 103 1
111 105 102 125 139 113 98 104 149 111 112 104 2
113 115 109 101 107 114 101 105 111 108 116 108 3
109 105 104 90 94 106 92 100 103 101 110 103 4
110 109 106 101 105 111 103 100 111 105 116 107 5
103 105 103 120 147 104 96 105 148 107 107 98 6
102 100 97 105 112 102 93 101 107 96 101 92 7
109 106 100 96 104 110 99 104 103 99 113 100 8
108 104 101 92 99 106 96 101 101 94 107 101 9
107 108 103 94 102 111 98 100 99 99 114 103 10
97 100 95 87 90 100 88 92 95 91 101 15000 11
Chip#2
104 101 97 98 103 109 103 102 107 97 98 105 0
111 105 100 103 109 108 103 106 113 102 100 110 1
99 99 96 105 115 106 98 105 119 97 93 106 2
110 105 103 111 116 114 109 113 122 108 102 115 3
111 107 103 103 110 109 103 110 111 103 101 110 4
108 100 95 100 112 106 101 105 108 101 101 110 5
103 100 97 98 111 103 100 100 107 100 94 108 6
110 107 109 134 135 104 104 110 128 109 98 113 7
104 102 101 101 110 107 101 105 113 101 98 110 8
103 96 90 96 102 100 95 98 99 93 94 103 9
108 106 99 104 104 110 100 100 107 100 96 109 10
99 100 95 96 103 102 96 99 106 96 90 15000 11
Chip#3
108 96 97 101 98 98 100 98 99 95 95 103 0
100 91 95 95 87 86 96 95 92 94 89 92 1
103 95 100 99 92 97 101 98 98 100 99 99 2
107 101 101 102 107 99 104 100 106 101 100 98 3
108 101 104 126 197 117 103 110 168 130 102 99 4
101 93 95 98 110 92 95 95 110 99 94 93 5
106 99 100 104 100 99 104 103 104 100 106 102 6
95 92 89 89 87 92 93 90 90 90 85 89 7
103 94 97 114 151 99 100 99 137 127 90 94 8
106 96 95 110 162 106 101 99 151 122 93 94 9
96 94 95 96 90 91 94 92 93 91 91 89 10
110 134 100 104 100 99 102 108 104 106 100 15000 11
Chip#4
106 101 105 98 111 111 109 107 111 103 105 133 0
98 97 96 91 102 107 101 101 106 94 103 133 1
105 102 106 99 108 113 110 100 113 112 105 133 2
106 103 104 101 112 108 112 102 110 112 105 133 3
100 102 101 95 111 109 108 103 106 98 106 101 4
105 103 110 102 111 109 114 104 115 102 104 133 5
102 99 101 95 105 105 107 100 106 97 103 133 6
107 102 105 99 109 107 112 107 111 99 105 133 7
101 101 101 99 109 109 112 103 110 104 108 133 8
108 110 106 101 106 114 109 104 111 112 104 133 9
102 102 106 96 111 110 108 105 111 112 109 133 10
99 101 102 102 107 107 105 101 110 98 104 15000 11
Chip#1
105 101 100 94 98 108 94 96 100 99 110 99 0
111 107 102 125 175 108 101 105 223 105 113 101 1
101 104 99 181 211 108 94 110 264 127 106 97 2
103 101 97 91 97 100 93 96 105 95 101 102 3
99 101 97 94 94 102 96 91 101 95 104 95 4
107 106 100 98 103 108 98 99 110 101 110 96 5
98 102 97 190 285 102 94 122 299 138 102 95 6
113 114 109 140 164 112 102 108 147 110 115 105 7
92 91 92 91 90 99 90 96 96 89 98 87 8
103 103 100 98 96 105 96 95 99 96 104 96 9
105 110 100 98 102 110 96 101 100 99 114 103 10
99 105 102 96 96 105 94 95 96 100 106 15000 11
Chip#2
104 99 102 103 107 106 101 94 103 100 101 105 0
95 98 92 96 96 99 99 90 101 95 92 100 1
101 101 100 134 143 108 100 113 153 106 97 106 2
103 99 96 150 135 106 103 102 145 107 98 106 3
101 92 93 98 103 106 96 99 103 91 90 99 4
103 103 95 104 105 106 106 101 106 101 96 107 5
99 100 97 105 120 107 101 101 119 103 94 112 6
98 103 99 150 168 103 101 104 148 110 93 101 7
101 100 97 108 111 107 103 101 121 103 95 110 8
99 101 92 98 107 106 96 100 102 102 95 107 9
92 99 89 95 101 96 93 92 96 96 91 99 10
108 107 103 108 110 104 104 104 111 108 98 15000 11
Chip#3
109 104 100 105 95 97 101 101 102 99 98 103 0
107 99 97 98 92 94 94 99 97 96 91 100 1
110 102 100 99 99 98 103 102 103 100 94 101 2
103 99 97 104 135 103 103 99 113 106 96 97 3
103 99 95 178 433 168 94 109 331 208 95 92 4
104 96 98 111 167 100 101 100 156 114 93 98 5
106 100 99 99 94 98 100 100 99 100 99 98 6
102 95 95 97 91 92 96 99 97 100 92 94 7
106 134 102 162 284 111 100 103 255 213 100 97 8
106 95 94 130 326 147 96 104 309 213 95 94 9
109 93 98 102 93 93 98 103 99 99 96 99 10
104 99 96 95 91 95 98 101 95 93 88 15000 11
Chip#4
93 98 98 92 99 97 103 92 107 92 101 101 0
105 102 104 101 112 110 106 106 110 101 104 133 1
96 98 97 97 106 100 106 100 106 99 102 133 2
101 101 101 99 104 108 103 100 106 112 103 133 3
112 105 111 109 114 110 117 106 119 109 113 101 4
104 103 102 99 109 108 109 104 118 99 106 133 5
105 105 105 107 112 111 113 105 116 112 111 133 6
110 106 102 108 111 112 114 108 112 112 108 133 7
106 105 100 105 107 110 107 104 116 97 106 133 8
94 98 95 95 101 98 97 93 106 92 102 101 9
100 102 104 99 106 110 107 99 108 101 105 101 10
104 102 99 99 105 106 105 95 106 98 106 15000 11
Chip#1
105 101 104 95 100 106 97 100 99 95 110 101 0
108 112 107 156 251 111 103 114 324 109 114 103 1
110 108 105 278 341 114 99 118 440 158 110 98 2
104 106 104 102 103 110 97 98 112 98 109 96 3
95 105 101 95 94 109 96 101 101 94 107 98 4
99 103 107 103 108 109 95 106 118 101 106 98 5
101 102 98 266 475 102 95 146 495 180 104 97 6
107 107 102 175 216 108 98 107 176 105 105 95 7
104 98 99 98 99 107 99 101 102 96 107 93 8
108 106 100 99 96 106 99 104 102 96 107 103 9
108 109 103 96 99 105 97 100 106 98 107 103 10
110 118 114 109 106 118 105 111 113 111 118 15000 11
Chip#2
109 105 101 99 108 108 102 99 110 97 102 107 0
105 101 93 102 107 108 100 102 106 102 97 108 1
102 104 101 153 175 107 103 118 193 109 98 105 2
106 103 101 152 155 102 101 108 185 116 104 108 3
108 103 100 105 109 107 103 100 110 101 98 106 4
106 101 97 107 111 108 101 102 111 99 100 105 5
101 106 100 120 127 107 104 107 130 103 100 105 6
102 101 103 178 229 104 104 108 191 122 102 109 7
104 107 100 134 123 110 105 102 135 102 98 109 8
113 109 102 108 112 109 105 108 111 108 103 112 9
109 106 101 104 109 106 102 99 107 103 98 107 10
104 103 102 108 110 108 104 101 108 107 104 15000 11
Chip#3
110 103 105 101 99 101 106 105 104 101 100 103 0
113 95 96 92 93 89 94 96 93 91 89 90 1
114 98 99 97 93 98 103 96 99 94 95 102 2
107 93 96 110 150 105 103 105 116 106 98 97 3
112 100 102 230 615 206 103 133 452 244 104 103 4
109 102 99 118 212 109 101 111 193 126 101 99 5
108 98 98 103 92 99 101 106 101 98 96 102 6
109 96 103 101 98 99 104 104 104 102 98 97 7
104 101 100 197 381 119 106 111 334 273 101 102 8
110 100 104 158 449 163 101 111 418 218 98 102 9
110 96 95 97 94 96 95 94 98 94 92 98 10
126 134 107 106 103 105 107 110 110 104 101 15000 11
Chip#4
101 97 98 97 103 101 105 98 94 96 101 92 0
108 110 111 107 113 111 114 112 114 108 109 101 1
107 107 102 100 113 108 111 101 112 103 105 117 2
105 103 102 99 108 107 108 104 113 112 106 117 3
105 103 105 105 118 109 107 106 115 101 109 117 4
101 98 104 98 111 105 107 103 107 99 105 101 5
108 103 104 97 111 107 109 106 113 112 104 117 6
110 103 107 101 108 109 108 103 110 105 106 101 7
102 103 99 104 109 105 101 102 116 112 100 117 8
106 99 108 98 111 107 107 106 109 112 105 117 9
115 110 111 107 112 109 108 106 117 118 113 117 10
100 103 100 97 107 106 103 99 106 99 104 15000 11
Chip#1
102 102 98 97 96 104 96 91 102 97 109 96 0
115 115 111 181 340 109 106 117 444 114 120 108 1
110 111 106 379 458 112 103 128 595 189 115 109 2
99 102 98 100 105 106 95 98 114 98 100 96 3
108 110 104 99 100 108 102 101 106 98 112 105 4
101 102 97 108 118 108 98 96 122 101 102 94 5
102 108 101 365 680 108 96 174 681 208 104 98 6
104 110 102 201 275 104 102 112 223 104 105 99 7
115 110 107 102 106 112 101 103 106 105 109 102 8
118 115 114 105 103 112 104 109 110 104 112 103 9
113 112 107 104 99 111 100 100 106 101 114 109 10
103 104 102 98 97 108 95 98 108 105 107 15000 11
Chip#2
111 109 102 101 111 112 107 102 107 105 104 110 0
109 107 100 110 117 108 108 107 112 109 104 110 1
98 98 95 174 205 102 103 126 224 108 97 104 2
101 101 100 163 179 110 106 110 215 115 97 107 3
106 100 101 101 113 106 104 105 111 99 100 109 4
101 103 97 99 105 103 103 102 107 97 97 107 5
104 106 101 134 137 112 111 100 138 105 101 111 6
105 108 105 206 272 110 110 114 224 130 103 112 7
102 103 95 114 118 108 104 99 143 101 98 106 8
108 107 101 104 111 108 107 104 113 106 100 111 9
110 101 100 100 109 106 101 101 103 97 100 109 10
108 105 97 104 108 106 101 100 105 99 94 15000 11
Chip#3
114 134 104 105 97 99 106 102 100 104 101 104 0
117 101 100 99 94 98 98 101 100 97 94 103 1
113 96 100 97 97 101 95 101 98 99 94 95 2
107 90 100 110 179 112 96 103 126 103 93 96 3
106 99 105 286 857 255 102 137 618 315 100 103 4
106 100 103 122 259 111 103 106 223 139 96 102 5
103 98 104 102 99 100 102 100 102 94 95 102 6
104 96 100 104 104 98 106 98 105 103 96 97 7
115 134 107 248 527 163 108 119 454 360 109 107 8
108 105 104 183 624 177 103 116 574 279 96 99 9
113 100 101 106 102 102 101 103 110 102 96 99 10
123 107 109 105 99 101 104 106 107 106 102 15000 11
Chip#4
105 105 104 100 108 106 109 101 111 101 100 101 0
104 103 100 100 106 105 106 96 106 112 100 117 1
107 103 105 102 112 110 109 106 112 102 109 117 2
106 105 108 104 107 106 107 107 112 105 106 101 3
112 105 107 110 120 109 109 109 114 107 110 101 4
112 107 110 107 113 112 113 110 116 104 109 101 5
105 103 106 100 105 110 112 104 107 101 108 101 6
100 98 98 91 103 106 105 98 106 93 103 101 7
107 103 107 109 113 107 112 105 123 104 110 101 8
105 106 101 101 107 108 108 101 110 101 102 101 9
113 107 109 106 112 115 113 104 112 112 110 133 10
106 103 105 101 108 114 114 102 111 96 106 15000 11
Chip#1
108 108 105 102 104 111 98 98 103 104 115 107 0
102 101 99 181 384 109 95 110 495 108 106 99 1
104 105 104 437 548 110 98 136 720 199 110 98 2
111 108 112 115 117 116 107 111 139 112 117 106 3
116 110 112 103 108 112 102 103 112 108 115 105 4
109 107 103 109 126 114 103 107 135 107 112 103 5
114 108 108 443 816 118 102 198 822 248 116 99 6
109 108 107 235 320 112 102 118 251 119 110 103 7
118 115 117 113 112 119 110 108 113 111 121 111 8
117 114 104 102 98 112 100 105 103 103 111 106 9
113 117 105 98 102 111 104 103 104 102 114 115 10
110 114 111 102 103 110 104 107 108 107 109 15000 11
Chip#2
103 109 101 100 108 104 99 105 107 99 96 104 0
104 104 97 102 109 106 101 99 106 99 96 103 1
106 109 101 199 239 109 107 154 270 116 98 109 2
108 111 107 196 209 110 104 118 248 128 105 115 3
104 102 99 98 105 104 100 104 107 100 104 109 4
106 106 100 104 108 112 107 105 103 100 103 109 5
110 107 105 150 153 108 108 107 158 108 104 115 6
112 110 109 244 333 114 109 129 264 139 107 116 7
102 102 102 134 129 109 102 100 155 101 98 107 8
110 106 97 103 110 109 105 101 107 101 100 110 9
108 105 102 99 108 109 110 106 106 105 101 109 10
103 111 103 103 108 106 104 104 108 102 100 15000 11
Chip#3
117 109 104 102 100 97 103 105 105 102 101 108 0
122 134 101 102 102 100 103 106 105 100 100 104 1
114 98 98 101 104 97 100 98 104 101 95 97 2
107 99 104 120 194 115 102 103 132 106 100 97 3
110 104 102 306 941 276 107 146 680 343 100 99 4
104 102 97 121 265 111 102 100 240 143 96 97 5
110 99 98 102 93 97 98 98 102 99 95 102 6
107 102 103 106 107 105 104 104 113 111 104 100 7
113 103 101 257 564 147 104 109 490 387 105 98 8
108 95 98 189 680 180 91 111 622 291 100 94 9
115 99 104 104 103 102 101 108 105 102 104 101 10
116 100 95 98 91 90 95 98 98 98 91 15000 11
Chip#4
105 106 102 106 108 107 110 107 108 103 108 117 0
110 113 109 106 109 111 113 109 111 108 113 117 1
111 111 109 106 111 107 115 111 113 112 114 117 2
105 105 102 104 109 106 112 107 112 112 108 117 3
108 109 102 107 120 111 110 107 117 115 111 117 4
110 113 104 108 115 112 118 107 111 112 109 117 5
106 105 101 102 108 109 113 107 108 104 111 101 6
107 103 104 107 107 107 113 107 111 104 113 101 7
107 103 104 109 120 108 109 112 123 103 102 101 8
104 106 104 106 111 103 110 104 115 112 106 117 9
110 111 113 108 114 111 113 109 115 108 113 101 10
112 107 106 101 107 107 112 101 112 112 111 15000 11
Chip#1
115 113 107 108 105 112 106 106 107 107 114 108 0
107 110 106 215 471 115 108 122 609 119 116 107 1
110 107 102 558 676 111 101 143 876 228 107 104 2
105 105 107 115 115 115 101 104 136 108 110 101 3
117 108 106 105 105 117 106 110 111 108 116 108 4
111 111 108 115 130 118 101 110 145 110 112 103 5
114 112 113 546 1025 122 106 225 1025 299 111 108 6
104 108 105 276 388 113 99 122 293 118 110 98 7
115 107 109 105 104 113 102 106 105 109 107 107 8
115 107 102 96 95 109 98 106 103 98 111 101 9
118 118 112 102 100 117 105 103 109 103 119 116 10
115 111 108 105 99 114 104 104 107 108 115 15000 11
Chip#2
116 105 102 103 107 107 107 106 111 103 100 109 0
108 107 102 108 114 115 104 108 116 110 104 112 1
110 108 106 223 265 115 107 150 307 122 105 111 2
106 106 106 214 227 110 108 118 270 132 105 112 3
105 103 97 107 110 104 105 102 113 105 100 110 4
109 103 100 103 114 107 106 100 112 102 102 106 5
109 104 107 150 158 116 107 111 164 108 108 112 6
102 99 97 263 364 103 103 113 283 140 101 104 7
105 106 100 150 136 113 108 111 173 106 102 108 8
109 110 103 105 108 109 102 105 109 105 101 110 9
110 105 99 109 110 108 104 104 110 105 102 111 10
110 108 103 110 114 113 107 106 113 109 105 15000 11
Chip#3
124 134 109 104 100 102 104 100 103 106 104 109 0
127 134 102 99 100 98 104 105 105 103 99 103 1
121 104 107 108 104 100 106 105 105 108 102 103 2
115 134 107 123 210 115 108 110 143 111 106 102 3
106 96 99 315 998 283 95 146 719 359 96 97 4
103 95 98 122 279 108 97 101 245 148 95 94 5
102 100 97 101 97 99 98 101 103 101 97 99 6
103 103 100 106 112 100 106 107 110 110 100 102 7
104 100 102 267 611 147 101 107 521 408 96 100 8
106 100 95 198 736 192 97 115 676 307 95 99 9
109 98 97 97 94 98 101 98 99 101 95 94 10
120 109 97 101 97 95 102 96 98 98 98 15000 11
Chip#4
108 109 111 106 109 112 113 111 112 108 109 117 0
110 110 105 105 114 114 116 107 112 116 109 117 1
113 111 112 108 115 118 115 111 115 117 116 133 2
110 106 108 108 114 112 114 110 113 105 110 117 3
108 106 108 113 127 109 111 106 120 108 109 117 4
106 107 105 107 112 113 110 106 112 114 105 117 5
108 111 117 108 114 117 120 113 118 108 114 117 6
105 109 106 103 107 110 115 110 107 103 108 117 7
112 113 113 134 125 117 117 116 131 120 110 133 8
105 105 108 107 114 112 114 112 113 105 114 117 9
105 103 108 104 109 107 113 106 110 114 111 117 10
117 117 111 106 113 115 120 112 119 108 116 15000 11
Chip#1
105 108 104 97 103 108 97 101 108 110 109 97 0
108 107 104 235 537 109 102 119 702 119 110 102 1
111 111 109 650 791 117 106 159 1026 264 118 109 2
115 116 112 119 120 115 108 108 148 111 118 104 3
109 106 108 99 111 111 101 104 110 103 114 107 4
107 110 105 113 140 108 99 111 153 112 109 104 5
110 109 105 654 1275 115 102 257 1268 348 109 102 6
113 107 108 331 475 115 101 128 353 132 110 107 7
115 110 106 99 103 114 103 104 106 101 113 101 8
129 123 108 102 105 114 107 105 110 111 116 113 9
120 123 107 98 102 110 101 103 106 103 117 110 10
110 112 110 99 105 110 104 104 107 110 121 15000 11
Chip#2
106 104 103 102 108 103 107 105 102 103 97 110 0
108 107 103 109 114 108 104 107 114 103 105 110 1
104 100 94 251 303 110 104 159 358 123 98 105 2
105 103 106 245 259 110 110 125 327 141 105 110 3
115 111 108 110 117 113 109 113 122 105 107 116 4
108 107 102 105 109 107 103 102 114 101 103 110 5
111 109 110 149 194 116 112 111 188 113 109 118 6
112 111 109 343 502 115 114 139 371 164 107 112 7
110 109 107 134 149 114 110 108 203 112 105 115 8
115 113 110 115 112 114 110 112 119 112 105 121 9
111 110 102 104 112 109 110 105 111 106 107 113 10
110 111 101 103 112 113 109 105 112 105 103 15000 11
Chip#3
115 134 107 99 103 98 101 99 104 103 99 109 0
122 134 101 95 101 96 100 105 102 101 105 101 1
119 99 104 102 103 102 102 106 107 104 100 99 2
107 94 102 111 203 109 102 100 133 109 99 98 3
104 94 99 322 991 289 96 152 723 366 95 98 4
114 103 109 127 289 121 107 114 258 150 107 105 5
113 102 105 105 106 108 109 107 106 108 106 105 6
106 134 96 96 103 96 102 100 107 108 100 93 7
109 106 113 274 623 163 109 116 531 417 105 108 8
113 134 102 203 736 193 106 121 684 312 104 102 9
112 96 98 101 100 95 93 98 101 97 97 95 10
129 134 106 109 106 103 104 105 107 107 101 15000 11
Chip#4
102 106 108 103 107 106 113 102 109 112 108 117 0
110 117 108 108 112 114 114 108 110 104 108 117 1
114 115 113 109 113 116 119 112 118 118 114 133 2
105 107 105 109 114 114 113 105 120 108 107 101 3
113 114 115 124 131 119 114 114 134 109 116 117 4
101 109 102 104 112 110 110 101 112 112 104 117 5
108 113 115 107 107 119 115 110 116 115 115 117 6
112 118 110 111 115 120 118 114 120 121 114 117 7
115 111 106 134 131 116 115 118 136 120 110 117 8
112 111 109 116 119 116 120 109 122 111 108 101 9
112 117 117 114 118 123 116 118 123 117 117 117 10
114 115 115 111 114 120 120 112 120 116 114 15000 11
Chip#1
120 111 109 111 105 117 108 105 113 108 118 108 0
115 112 104 270 625 113 103 124 795 119 115 107 1
109 107 106 731 907 118 102 162 1195 286 111 102 2
113 110 107 128 124 116 109 108 154 112 114 108 3
110 113 111 112 108 114 106 107 112 116 116 111 4
111 111 107 123 149 114 108 109 167 109 117 109 5
114 118 115 748 1470 123 106 295 1487 396 114 105 6
109 109 107 373 531 113 104 138 401 137 112 101 7
122 113 113 113 110 118 109 109 111 110 119 106 8
136 121 111 107 110 117 108 109 112 108 117 121 9
124 131 115 104 112 115 108 108 114 109 129 119 10
117 112 111 107 106 114 104 103 108 105 125 15000 11
Chip#2
118 111 109 115 120 117 115 114 114 114 108 121 0
108 109 102 107 111 112 102 105 113 103 102 105 1
111 113 109 277 331 119 108 176 398 134 110 116 2
111 112 109 270 281 116 114 133 358 151 108 116 3
108 107 99 109 117 112 108 110 116 106 107 111 4
111 111 105 110 116 115 109 111 116 108 104 112 5
108 105 101 153 190 114 109 106 195 109 103 111 6
105 109 107 366 547 110 108 154 400 174 103 113 7
109 109 109 150 157 119 115 117 215 112 108 116 8
112 113 109 115 116 117 116 114 122 112 110 119 9
126 127 113 134 121 123 118 117 121 114 113 119 10
116 118 112 115 119 121 114 119 121 115 115 15000 11
Chip#3
124 134 109 106 103 101 102 103 110 104 106 111 0
124 107 100 99 100 97 99 105 105 101 94 107 1
120 103 104 101 99 100 106 106 107 103 100 103 2
109 93 99 115 211 112 98 104 137 104 96 94 3
107 105 106 340 1088 309 104 154 783 391 101 102 4
112 134 109 134 309 118 112 114 267 155 109 104 5
116 134 111 110 103 107 108 114 111 106 107 107 6
112 100 102 104 109 99 103 100 111 114 98 95 7
113 134 106 288 656 163 101 120 560 448 100 101 8
107 106 106 207 791 200 103 121 717 333 99 101 9
115 104 102 103 109 102 104 107 107 103 99 98 10
134 134 108 108 106 102 106 106 107 109 105 15000 11
Chip#4
111 111 113 108 115 112 115 104 117 107 110 117 0
112 114 108 107 113 114 113 106 116 116 109 117 1
111 106 115 107 112 119 115 110 115 116 117 133 2
113 113 115 118 122 117 113 117 123 121 108 117 3
113 114 113 126 138 121 115 113 133 118 114 117 4
115 114 111 109 119 117 120 114 116 120 117 133 5
113 115 114 113 117 117 119 117 117 120 118 117 6
114 113 112 109 118 116 116 113 118 115 115 133 7
112 110 113 135 133 117 115 117 141 111 110 117 8
107 106 106 107 117 113 108 108 120 104 108 117 9
118 119 113 111 117 121 119 117 119 124 122 133 10
113 118 115 109 119 119 116 111 117 103 116 15000 11
Chip#1
116 109 108 106 109 116 103 104 112 105 115 109 0
118 118 118 295 688 120 110 137 895 131 121 116 1
120 112 115 808 1004 125 111 173 1317 315 121 115 2
108 112 111 130 124 113 104 106 158 113 112 106 3
114 114 111 112 110 120 109 110 115 113 115 109 4
109 113 109 119 150 116 106 114 173 115 113 103 5
113 115 109 812 1624 121 104 309 1605 426 111 106 6
115 116 112 404 590 120 109 147 435 141 115 111 7
114 100 101 101 99 111 98 98 106 101 109 97 8
133 120 111 107 108 116 108 111 111 106 116 115 9
122 129 115 103 106 110 105 105 105 114 121 123 10
114 120 116 109 111 118 110 107 114 115 120 15000 11
Chip#2
117 112 108 109 116 113 108 106 118 107 102 115 0
113 112 112 114 123 120 116 112 123 110 108 113 1
106 109 102 293 355 115 111 180 429 131 109 110 2
116 110 115 288 295 114 117 130 381 156 109 112 3
113 111 115 116 118 116 112 114 124 110 109 116 4
109 110 106 113 115 109 111 107 117 109 103 111 5
105 106 105 157 199 116 111 112 206 112 105 112 6
108 112 108 420 592 117 112 147 433 182 107 113 7
113 112 110 157 156 116 112 114 224 114 110 112 8
120 112 110 113 116 119 115 114 121 115 113 119 9
111 107 102 105 111 112 108 107 112 106 103 111 10
115 111 112 110 117 115 107 107 114 114 108 15000 11
Chip#3
120 150 108 107 102 106 105 106 105 108 105 113 0
121 103 98 97 95 97 97 100 100 99 96 100 1
122 104 107 109 104 105 109 106 109 104 99 106 2
108 98 104 116 214 118 103 105 144 112 97 98 3
108 134 104 340 1090 302 100 151 782 391 96 99 4
99 93 95 122 295 111 98 96 263 151 90 95 5
114 134 108 107 102 109 106 115 109 109 101 106 6
109 99 102 104 110 107 101 104 116 110 98 101 7
102 100 100 277 656 147 100 109 557 432 99 97 8
106 101 108 210 793 200 103 127 721 326 100 102 9
116 99 102 107 108 102 107 110 110 106 104 103 10
129 134 109 105 107 103 109 117 109 107 104 15000 11
Chip#4
117 115 110 110 120 119 124 114 120 109 119 117 0
111 109 104 101 107 110 115 106 110 116 110 117 1
111 110 109 107 114 114 118 111 115 114 111 117 2
112 118 117 115 127 121 119 114 125 123 116 117 3
118 118 121 138 146 123 129 124 137 121 120 117 4
117 118 120 134 126 126 130 120 129 128 121 133 5
116 113 114 109 113 119 116 110 112 116 112 117 6
116 119 113 115 114 117 124 114 122 120 117 117 7
112 114 108 127 133 115 120 118 147 111 109 117 8
116 114 118 116 128 122 120 117 130 121 118 117 9
119 114 114 117 119 123 121 116 124 117 115 117 10
121 114 120 114 124 125 127 116 125 123 123 15000 11
Chip#1
126 120 114 109 114 115 112 113 118 114 120 114 0
113 114 104 315 760 109 102 135 983 124 114 106 1
117 110 104 903 1128 112 97 178 1480 339 114 106 2
118 115 113 136 131 117 114 109 169 118 119 109 3
117 112 106 104 107 112 107 109 112 111 113 105 4
114 116 109 124 159 113 106 114 178 115 113 108 5
118 117 119 914 1822 123 113 345 1805 455 120 109 6
116 116 111 444 652 119 109 154 471 145 121 108 7
123 115 108 105 110 116 108 107 112 108 114 112 8
139 118 103 107 105 113 104 110 110 105 116 123 9
133 129 115 106 104 112 108 106 109 108 125 124 10
116 118 111 108 110 116 106 108 112 109 121 15000 11
Chip#2
112 107 106 104 109 103 102 105 110 106 100 112 0
108 107 99 103 120 109 103 108 115 108 102 111 1
113 112 107 308 376 113 111 189 451 137 105 115 2
110 112 108 297 311 115 112 136 403 159 108 116 3
113 107 103 110 117 112 110 111 118 106 102 110 4
108 105 105 105 114 108 109 112 113 103 99 111 5
110 105 107 161 205 115 111 110 215 109 106 111 6
111 105 109 417 625 114 114 147 449 186 109 117 7
110 113 107 145 165 113 114 116 226 115 106 115 8
118 113 106 109 115 114 109 107 117 109 104 118 9
117 112 102 107 108 112 110 108 114 108 104 118 10
116 112 110 104 110 112 110 110 112 113 108 15000 11
Chip#3
120 134 111 103 102 100 102 104 105 107 104 108 0
124 104 105 97 94 95 98 101 104 100 101 103 1
121 100 102 103 103 101 102 101 106 103 101 103 2
116 101 105 120 234 119 108 105 145 117 101 99 3
112 102 105 356 1174 324 103 159 840 432 100 103 4
113 103 105 129 323 120 106 110 281 158 106 102 5
114 103 108 106 106 103 108 108 106 104 102 104 6
106 101 98 101 108 99 100 103 109 107 96 98 7
104 97 102 295 699 147 100 110 588 475 95 94 8
109 94 103 215 843 205 100 117 768 340 97 99 9
114 99 100 98 100 98 104 104 107 100 100 97 10
129 111 103 101 101 101 103 109 104 104 104 15000 11
Chip#4
111 114 114 109 114 115 115 112 112 112 112 117 0
116 114 114 108 117 114 120 111 121 117 118 133 1
113 114 117 108 112 119 120 113 118 117 114 117 2
112 118 114 116 124 122 120 118 129 120 115 117 3
118 114 110 138 143 116 120 118 137 120 114 133 4
110 117 111 114 118 115 116 114 123 118 110 117 5
117 117 120 116 121 121 125 118 129 127 121 117 6
114 118 115 113 121 115 124 114 124 103 114 117 7
112 115 110 132 139 115 116 124 152 124 114 117 8
118 115 121 134 127 122 128 125 134 130 122 149 9
113 119 114 109 115 116 119 114 119 117 115 117 10
119 119 117 118 121 119 126 118 128 125 118 15000 11
Chip#1
129 123 117 117 117 121 115 112 118 123 125 113 0
122 117 113 343 816 125 114 143 1081 134 122 114 1
120 112 114 958 1217 125 115 195 1602 366 122 121 2
113 110 109 135 126 116 106 116 178 115 115 105 3
110 110 102 105 109 110 104 108 116 104 115 106 4
110 110 104 129 160 115 104 111 189 113 110 108 5
111 112 108 958 1975 120 107 356 1950 480 114 104 6
114 116 115 481 700 123 108 157 495 145 115 108 7
123 108 107 105 111 118 110 106 107 103 111 104 8
149 130 115 113 117 126 118 121 119 115 121 126 9
136 136 121 106 110 119 115 111 115 110 129 135 10
117 115 109 106 107 119 106 109 113 113 125 15000 11
Chip#2
111 110 108 106 110 115 110 105 114 106 102 112 0
109 109 106 108 120 117 110 106 119 106 104 107 1
111 111 110 333 402 117 112 197 490 139 113 116 2
116 111 108 311 328 117 112 135 429 167 104 116 3
104 108 97 109 110 108 102 106 114 103 100 100 4
115 107 108 104 110 117 116 112 122 107 104 111 5
111 106 105 167 207 112 108 108 224 106 102 109 6
108 109 105 439 665 110 112 147 484 191 104 110 7
119 109 113 156 165 122 114 119 236 118 112 116 8
109 110 110 105 108 108 114 110 111 108 102 111 9
125 111 108 108 114 112 110 106 113 103 104 115 10
127 111 119 117 122 117 120 118 124 116 117 15000 11
Chip#3
113 134 108 96 93 95 100 99 104 99 98 101 0
130 134 111 106 106 107 106 111 111 106 111 109 1
122 134 102 102 102 102 103 106 104 102 102 101 2
117 105 106 123 234 122 109 110 151 117 107 100 3
113 134 109 366 1178 328 113 165 845 432 105 107 4
107 95 99 128 316 113 100 106 281 159 99 98 5
110 107 109 104 107 106 104 107 113 102 102 105 6
104 102 99 101 103 98 102 99 113 109 98 97 7
104 98 96 290 698 163 107 110 598 484 100 98 8
108 109 104 216 842 209 108 125 779 350 104 102 9
115 104 101 107 104 100 107 104 110 103 101 102 10
128 134 102 102 101 101 104 107 112 104 106 15000 11
Chip#4
114 118 117 111 119 117 123 111 119 118 116 117 0
111 117 113 106 113 114 115 107 117 116 116 117 1
120 119 115 116 120 123 119 113 125 124 115 133 2
117 119 117 121 126 120 125 119 133 123 112 117 3
116 114 118 142 150 121 120 118 140 123 117 117 4
118 114 122 134 126 127 124 123 129 130 118 133 5
116 117 116 114 117 117 115 117 120 117 110 133 6
119 117 126 134 126 124 125 119 131 127 120 133 7
112 107 111 141 139 115 115 123 153 117 110 117 8
119 107 119 134 130 127 124 129 137 128 121 117 9
126 107 124 119 125 125 127 122 129 127 123 133 10
119 118 120 117 120 128 126 117 128 123 123 15000 11
Chip#1
122 115 112 109 113 116 109 108 118 109 118 108 0
110 108 106 354 874 113 96 139 1161 128 114 106 1
120 118 115 1025 1316 123 110 207 1734 388 125 109 2
113 111 111 136 134 116 107 112 178 117 118 109 3
116 114 114 112 115 119 109 111 117 110 116 113 4
109 113 112 125 170 118 108 114 195 112 115 108 5
110 112 107 1013 2112 119 102 383 2106 513 116 104 6
117 116 115 514 754 122 109 159 516 150 119 113 7
122 114 112 110 115 118 108 115 116 112 122 115 8
151 128 109 112 113 118 114 115 117 109 129 124 9
132 133 115 108 105 115 107 111 112 110 126 132 10
116 121 120 110 113 118 107 114 114 119 131 15000 11
Chip#2
119 107 109 110 113 114 112 111 110 110 108 116 0
106 101 101 108 111 106 108 102 117 106 102 105 1
105 104 105 342 422 112 107 198 513 137 101 112 2
113 111 113 330 347 117 110 147 471 171 109 117 3
117 127 109 134 121 116 114 118 127 114 115 113 4
116 118 109 134 117 117 115 116 119 110 107 117 5
106 107 108 173 215 113 108 108 224 108 104 115 6
106 107 105 469 718 110 112 151 516 199 105 117 7
105 111 107 149 167 114 109 117 240 115 104 112 8
116 106 103 109 116 112 109 114 113 108 105 111 9
118 111 105 110 113 114 110 113 111 108 108 119 10
153 127 119 134 122 122 123 124 123 121 118 15000 11
Chip#3
119 110 106 102 100 103 103 107 110 102 107 114 0
124 134 107 107 103 105 110 107 110 108 105 112 1
111 134 100 99 102 98 101 100 102 96 95 102 2
107 102 104 118 218 120 103 105 149 109 101 99 3
115 134 105 360 1174 327 109 168 842 417 102 105 4
102 99 99 123 310 115 97 105 274 152 97 98 5
108 102 104 108 103 101 102 105 106 107 100 102 6
102 100 104 104 108 103 101 100 113 111 101 94 7
107 134 102 301 706 163 103 111 601 487 102 104 8
115 134 108 228 852 215 111 129 777 353 107 111 9
110 101 101 102 101 99 102 105 103 101 98 99 10
126 134 101 102 101 99 108 104 104 100 105 15000 11
Chip#4
120 118 129 120 126 128 127 120 123 128 126 133 0
118 118 114 116 126 118 121 117 122 121 116 117 1
119 119 120 115 119 122 125 118 119 121 117 133 2
122 119 119 121 128 120 123 123 134 124 120 133 3
119 119 117 148 156 122 121 123 143 128 118 117 4
117 119 120 115 120 119 125 117 120 121 116 117 5
122 119 122 116 121 120 121 117 119 127 125 133 6
120 119 120 134 121 124 127 119 128 127 122 133 7
120 117 122 147 150 116 123 130 164 128 120 133 8
121 117 117 123 128 123 118 123 134 128 117 117 9
122 117 124 113 124 124 124 117 124 127 121 133 10
122 117 118 116 118 124 121 117 123 125 118 15000 11
Chip#1
124 114 112 110 115 118 108 109 114 114 121 113 0
121 116 117 387 944 122 115 152 1247 136 127 115 1
113 113 114 1093 1405 123 106 207 1846 402 116 106 2
118 125 117 146 141 127 117 120 188 124 127 114 3
116 121 114 114 114 121 113 114 119 110 121 109 4
118 115 115 138 181 123 112 129 223 126 126 109 5
114 112 113 1092 2265 125 106 402 2255 548 121 106 6
122 120 120 545 798 126 113 171 549 154 129 113 7
130 120 117 110 114 120 108 114 118 111 123 112 8
147 125 112 107 113 120 107 114 115 108 122 122 9
133 139 119 108 110 116 110 111 113 112 130 132 10
127 123 123 116 113 124 110 115 120 118 133 15000 11
Chip#2
120 118 108 109 115 114 109 110 114 110 108 119 0
112 113 112 134 120 114 110 113 128 110 109 113 1
112 113 110 368 471 114 112 210 552 143 108 111 2
119 113 113 353 371 119 117 147 493 177 112 124 3
118 113 116 115 121 121 114 120 130 116 115 113 4
120 113 116 134 125 121 117 122 128 119 118 123 5
119 113 114 183 231 119 111 118 240 115 110 121 6
110 113 116 506 768 121 117 159 552 211 115 121 7
110 108 110 156 172 116 109 116 253 113 107 112 8
115 109 107 104 111 116 109 113 118 107 103 116 9
124 108 116 117 117 117 118 116 119 112 111 122 10
123 108 115 117 122 119 114 118 121 113 115 15000 11
Chip#3
120 134 112 109 100 103 104 104 110 105 111 114 0
127 134 105 103 103 101 106 103 107 102 104 106 1
121 105 101 106 108 103 109 114 112 109 106 109 2
106 98 99 121 218 118 104 105 147 108 95 103 3
110 105 104 363 1174 321 106 158 841 432 102 100 4
104 99 103 130 309 113 100 106 281 156 95 100 5
104 99 100 104 101 102 104 104 110 101 95 107 6
106 103 106 106 107 103 107 105 114 114 105 103 7
103 95 104 298 699 163 98 108 598 478 99 97 8
109 98 107 217 839 210 104 122 770 346 99 100 9
116 104 108 108 104 106 107 110 114 108 106 107 10
128 110 109 106 107 101 109 105 110 107 102 15000 11
Chip#4
119 117 120 115 122 124 127 116 124 122 118 117 0
123 117 123 119 125 124 130 122 126 127 121 117 1
118 119 120 117 124 124 121 116 122 123 121 117 2
120 118 115 119 132 117 118 116 127 123 116 117 3
113 117 115 140 149 115 123 117 141 120 116 117 4
122 117 120 134 131 125 127 119 130 123 123 133 5
118 117 124 113 120 124 125 114 122 124 122 117 6
126 117 126 134 127 129 126 120 134 128 124 117 7
119 117 124 155 157 127 125 140 170 131 123 117 8
127 117 132 140 141 136 157 136 149 138 133 133 9
119 117 125 134 127 122 128 119 128 125 123 133 10
126 117 122 119 126 131 130 120 128 130 125 15000 11
Chip#1
135 122 116 117 116 123 120 121 124 118 125 117 0
118 119 112 401 981 121 110 154 1286 136 126 118 1
117 114 118 1142 1462 119 109 198 1931 427 128 109 2
126 124 118 152 145 128 120 122 193 126 126 114 3
114 117 116 116 116 122 118 111 120 117 123 109 4
116 115 118 139 181 122 112 127 223 123 126 109 5
116 116 117 1141 2368 134 115 424 2360 576 126 111 6
116 112 114 561 816 120 112 163 563 150 124 107 7
130 123 120 120 123 126 116 119 122 118 132 116 8
149 129 114 108 108 116 112 112 111 110 122 127 9
134 144 125 117 112 121 116 115 122 118 140 137 10
122 125 121 115 115 121 112 114 118 122 132 15000 11
Chip#2
119 109 103 109 112 110 108 105 107 103 105 112 0
115 107 106 110 118 109 111 106 118 110 104 113 1
115 112 108 390 487 119 116 216 575 147 106 117 2
110 112 109 362 384 120 113 142 502 181 104 115 3
105 105 103 108 113 110 104 104 115 107 105 105 4
117 105 115 134 117 119 117 116 124 119 109 122 5
110 109 108 184 229 115 110 111 242 114 103 115 6
119 109 114 531 801 122 122 163 569 214 115 117 7
109 109 107 156 177 113 112 110 257 112 104 115 8
119 113 108 108 115 113 112 107 116 108 105 113 9
125 113 112 134 125 123 120 113 118 118 113 124 10
127 113 117 114 121 116 116 113 121 123 115 15000 11
Chip#3
129 134 114 109 109 105 116 109 109 108 110 116 0
122 105 104 101 97 100 100 110 101 103 99 103 1
116 101 101 103 99 101 101 104 102 98 96 101 2
108 102 104 121 234 118 105 105 145 111 100 102 3
110 104 106 360 1170 322 100 162 841 408 99 100 4
108 100 105 127 317 117 100 107 283 159 101 98 5
109 134 102 106 102 101 105 109 107 101 103 106 6
108 103 106 107 108 100 104 111 114 112 101 102 7
110 134 107 300 700 163 109 117 598 482 99 103 8
104 104 103 216 839 209 102 126 773 342 101 99 9
115 107 108 108 107 105 108 110 105 104 102 103 10
117 134 101 99 93 97 94 102 99 95 93 15000 11
Chip#4
117 117 114 111 118 117 124 117 123 120 116 117 0
112 118 117 119 120 117 124 114 123 121 115 117 1
117 119 117 116 121 120 126 117 122 127 122 117 2
118 118 119 134 136 120 118 123 135 130 121 133 3
114 113 111 143 154 119 116 117 146 118 118 117 4
120 113 118 119 125 123 124 118 128 123 122 117 5
116 119 117 118 124 122 129 118 123 125 117 117 6
123 119 119 134 128 128 127 120 129 127 122 133 7
124 119 123 160 156 129 130 142 177 136 127 133 8
122 119 123 129 138 125 125 129 146 128 125 117 9
120 119 121 134 123 127 125 119 130 129 124 133 10
126 119 120 117 126 127 129 117 129 129 123 15000 11
Chip#1
124 116 115 113 116 117 108 109 118 116 126 110 0
114 109 109 416 1032 114 109 149 1372 135 120 106 1
115 120 116 1214 1556 120 114 219 2057 436 121 113 2
117 119 115 148 138 117 111 115 190 124 121 106 3
123 122 118 122 118 120 122 119 129 118 131 115 4
118 117 116 144 187 120 114 126 223 126 125 114 5
114 116 117 1221 2521 126 109 433 2507 603 118 108 6
121 124 121 598 873 128 117 177 604 167 127 113 7
127 113 113 114 111 117 112 114 115 115 118 111 8
157 128 120 112 113 120 113 115 114 112 125 129 9
138 145 124 114 113 118 114 111 113 115 134 135 10
129 127 128 123 115 124 117 118 122 125 132 15000 11
Chip#2
153 127 114 134 118 121 123 118 124 116 118 127 0
115 118 106 109 121 117 112 113 122 113 109 116 1
116 118 112 406 514 119 120 226 611 149 111 118 2
111 107 106 370 394 114 113 139 523 179 105 115 3
115 107 114 134 118 119 117 117 128 114 110 119 4
153 127 117 134 127 121 126 124 127 116 114 127 5
116 118 112 195 248 122 120 120 259 122 117 123 6
117 118 113 549 839 119 115 163 602 223 109 118 7
123 118 121 169 197 124 124 124 275 127 118 127 8
116 118 108 109 120 120 114 116 119 114 110 119 9
153 118 115 134 121 120 117 118 121 116 113 127 10
126 118 116 116 123 124 118 122 122 119 115 15000 11
Chip#3
120 134 109 107 106 102 104 110 113 103 107 113 0
127 134 105 104 104 101 104 106 106 102 101 104 1
121 103 108 101 101 105 106 109 106 104 98 106 2
109 100 102 118 234 115 104 109 144 106 99 101 3
106 96 100 359 1171 319 104 162 839 432 100 98 4
112 101 107 133 320 117 106 107 281 176 105 104 5
107 100 102 106 103 100 101 105 105 98 99 106 6
102 99 98 102 102 98 103 101 105 108 95 94 7
117 134 111 307 714 161 114 125 607 491 110 109 8
110 101 99 216 838 206 103 121 766 340 98 100 9
112 134 102 107 100 98 107 106 104 100 100 101 10
135 134 108 108 104 103 104 112 109 105 105 15000 11
Chip#4
118 118 121 119 119 121 121 117 122 122 117 133 0
120 118 120 114 117 121 124 117 119 124 117 117 1
122 118 119 123 121 124 125 120 126 129 120 117 2
122 119 119 129 136 127 127 124 137 128 125 117 3
123 119 119 150 160 125 127 126 150 127 120 133 4
126 119 126 134 128 127 128 125 131 127 125 133 5
120 119 119 117 120 127 125 119 128 128 118 133 6
118 119 118 119 125 121 124 117 129 122 118 117 7
122 119 120 160 153 123 126 134 169 130 121 117 8
129 119 126 140 140 135 136 137 148 137 136 133 9
125 119 122 119 124 125 126 120 133 128 125 133 10
130 119 124 134 126 129 132 129 129 130 129 15000 11
Chip#1
139 122 121 124 122 121 118 116 130 126 130 121 0
121 116 121 441 1116 123 113 158 1467 147 132 115 1
124 121 126 1287 1666 131 125 231 2192 459 132 119 2
118 118 119 148 144 124 116 115 196 124 119 111 3
117 121 122 119 123 126 118 117 124 119 132 116 4
120 116 118 147 191 126 118 131 239 125 125 114 5
126 122 126 1286 2701 138 122 469 2665 648 133 117 6
121 116 117 627 914 123 116 172 638 164 122 114 7
134 122 122 119 123 128 121 124 122 116 127 114 8
155 131 118 120 112 124 113 117 119 116 121 127 9
139 146 129 115 117 120 120 120 122 111 136 138 10
123 128 125 120 120 118 115 118 120 125 137 15000 11
Chip#2
125 118 114 114 117 116 117 110 122 113 110 125 0
118 127 115 134 124 123 120 116 129 120 113 123 1
124 118 116 419 536 123 119 238 634 158 120 122 2
113 112 113 418 410 119 116 147 552 190 112 121 3
119 112 114 155 125 124 120 118 127 119 113 122 4
118 112 115 155 117 120 119 120 123 120 117 123 5
112 113 108 195 248 114 117 113 261 115 112 118 6
113 113 115 576 872 120 115 165 623 227 112 119 7
119 113 112 168 192 124 119 118 279 120 114 121 8
125 113 120 120 123 123 118 120 126 118 117 128 9
129 113 113 114 118 121 117 113 122 115 111 125 10
131 128 122 134 125 124 123 119 126 120 122 15000 11
Chip#3
119 116 112 106 102 102 108 116 111 104 112 117 0
120 107 104 102 97 95 104 106 105 101 102 108 1
122 110 106 105 100 107 104 112 105 108 102 105 2
115 134 109 124 234 147 110 114 149 115 105 106 3
104 98 99 358 1170 316 98 155 831 407 99 100 4
106 95 105 127 309 112 101 107 278 156 96 98 5
107 102 103 104 98 99 104 105 104 101 98 104 6
107 106 111 108 112 102 108 112 118 117 107 105 7
101 95 100 297 700 147 97 110 592 482 94 95 8
104 100 103 212 844 209 101 120 770 339 97 100 9
112 96 102 98 99 100 103 98 103 94 98 99 10
127 134 104 108 100 103 112 111 109 102 104 15000 11
Chip#4
125 119 126 117 128 121 127 120 127 125 125 133 0
122 119 121 134 125 125 127 120 128 125 122 133 1
126 119 124 120 130 124 129 128 131 128 131 133 2
124 119 122 137 138 123 126 129 141 124 127 133 3
129 119 126 165 170 130 128 135 159 135 128 133 4
123 119 124 134 128 124 127 126 130 124 128 133 5
130 119 125 123 130 129 127 126 132 131 128 133 6
120 119 117 134 128 122 124 114 131 125 118 133 7
130 119 126 165 167 132 128 145 184 136 127 133 8
126 119 126 140 143 127 127 131 146 136 127 133 9
129 119 133 134 130 128 130 129 136 135 134 133 10
136 119 132 126 131 131 133 131 132 135 133 15000 11
