Chip#1
105 101 103 109 102 106 108 104 106 95 106 102 0
105 101 102 113 102 111 111 108 108 91 109 106 1
101 101 102 104 95 105 107 105 106 95 103 96 2
101 102 104 107 100 107 105 103 103 99 101 94 3
109 104 106 112 104 115 112 109 113 99 108 105 4
106 105 134 138 101 145 163 110 109 101 108 101 5
102 100 112 120 105 124 138 107 104 95 106 102 6
106 106 104 107 103 109 114 107 108 100 107 100 7
103 101 143 142 98 127 128 104 103 95 105 99 8
99 97 122 120 96 123 128 101 102 92 100 96 9
102 104 106 107 101 106 109 103 107 100 108 104 10
106 99 100 110 101 100 104 104 106 93 105 15000 11
Chip#1
105 101 97 104 103 106 104 103 103 97 103 98 0
98 95 99 109 98 106 105 110 102 93 102 96 1
102 102 100 108 97 104 105 105 107 99 102 101 2
99 96 95 99 96 104 101 101 102 95 100 90 3
103 105 104 109 105 109 113 104 108 95 102 101 4
104 104 150 161 102 168 216 108 107 101 103 104 5
106 102 125 132 107 140 165 108 107 101 101 105 6
108 102 103 106 103 108 108 107 101 96 101 98 7
103 101 181 184 98 145 144 105 103 96 100 101 8
101 97 147 140 96 138 142 103 101 92 93 96 9
108 97 99 106 97 101 104 104 102 91 101 101 10
104 97 97 101 97 105 104 105 101 93 97 15000 11
Chip#1
106 106 102 108 101 104 108 107 104 99 101 104 0
102 97 102 108 96 103 106 104 104 96 105 96 1
102 102 107 109 97 111 119 107 107 109 103 99 2
104 106 105 109 104 112 113 109 111 109 105 105 3
102 100 111 116 103 112 120 103 106 96 100 98 4
102 105 325 322 105 350 541 114 108 107 105 98 5
108 105 208 196 104 240 345 113 111 108 105 105 6
106 105 111 115 107 108 109 107 107 101 101 101 7
101 106 434 409 103 245 272 109 107 95 103 107 8
98 104 297 274 103 241 271 97 100 93 96 99 9
106 102 99 106 103 105 109 105 104 99 102 99 10
106 100 103 106 103 105 107 107 100 96 101 15000 11
Chip#1
102 104 104 108 98 101 102 103 101 93 101 98 0
105 106 105 110 103 109 111 109 109 103 106 100 1
110 106 114 118 105 116 122 109 114 122 107 102 2
101 99 102 106 97 104 106 104 104 104 96 100 3
98 102 108 115 102 111 120 104 106 97 103 101 4
105 102 378 376 103 408 642 118 107 109 105 99 5
98 97 200 211 101 264 392 109 106 103 101 98 6
99 105 110 112 102 104 108 107 108 96 96 98 7
106 111 503 480 110 280 313 109 107 99 105 104 8
99 100 346 305 96 277 310 98 103 97 98 96 9
104 102 104 115 103 101 111 104 106 93 100 102 10
105 101 102 104 103 105 105 104 100 97 105 15000 11
Chip#1
103 101 105 106 100 101 105 111 107 97 103 105 0
105 100 99 112 105 108 107 108 103 95 105 95 1
111 105 111 124 107 120 124 111 118 125 109 106 2
97 94 94 104 96 103 101 96 100 97 93 94 3
104 102 105 115 102 111 117 104 102 99 101 96 4
102 100 404 405 102 439 693 118 111 111 100 100 5
109 102 226 229 109 287 421 114 111 111 107 101 6
103 102 111 112 103 105 108 101 101 91 96 94 7
102 101 532 507 98 285 326 105 103 88 100 90 8
102 102 373 328 107 296 328 105 108 100 98 101 9
106 100 105 107 100 110 106 104 103 93 102 101 10
106 100 99 101 102 104 100 102 100 90 97 15000 11
Chip#1
106 100 97 102 100 105 100 100 104 95 98 96 0
97 95 98 101 94 101 104 100 96 91 96 93 1
102 99 102 108 95 106 116 97 103 107 101 92 2
99 101 96 104 101 106 107 102 102 103 100 95 3
105 107 116 123 107 121 125 109 107 103 106 104 4
101 102 429 424 101 462 748 117 107 117 97 99 5
104 104 232 240 103 298 453 111 107 111 103 101 6
101 102 111 115 105 110 109 109 106 100 97 102 7
103 106 580 542 107 314 350 110 102 100 101 104 8
106 100 396 351 104 307 347 107 102 93 100 101 9
109 102 104 112 102 109 107 107 102 99 101 99 10
111 109 107 113 107 115 112 110 108 104 105 15000 11
