Chip#1
106 109 111 101 105 111 115 107 105 113 112 101 0
113 109 114 107 105 115 116 112 109 115 116 104 1
110 108 111 106 108 111 116 110 110 116 112 103 2
109 109 122 314 147 112 115 194 221 116 113 102 3
106 105 112 209 110 110 117 189 217 117 116 103 4
101 101 104 102 102 107 111 107 103 112 108 100 5
106 109 114 106 104 111 116 108 110 112 114 98 6
110 109 116 198 133 115 116 226 309 113 110 104 7
106 109 113 301 193 103 107 578 361 111 106 97 8
110 109 117 108 105 108 113 121 116 112 108 102 9
110 109 116 102 108 108 115 107 106 108 106 104 10
117 109 114 107 108 115 116 114 111 118 114 15000 11
Chip#2
97 97 102 99 102 101 103 100 106 101 94 96 0
106 102 111 104 102 110 107 100 111 107 100 100 1
104 105 109 108 102 108 112 100 113 106 106 103 2
104 104 113 106 114 107 110 100 123 116 103 105 3
113 104 118 109 114 116 110 100 137 135 109 106 4
108 107 113 115 105 115 112 100 115 109 111 104 5
101 104 115 113 89 110 109 100 117 106 103 105 6
98 97 108 108 105 104 105 100 121 110 102 99 7
100 98 109 104 114 112 107 100 172 152 105 101 8
105 102 114 108 114 112 108 100 120 117 105 102 9
103 99 109 105 89 109 104 100 109 103 104 99 10
110 108 115 106 105 110 111 100 113 110 105 15000 11
