Chip#1
228 310 305 275 305 263 258 270 399 269 395 453 0
233 309 306 279 309 272 257 272 399 275 395 453 1
231 307 305 278 304 270 262 274 383 268 379 437 2
230 309 306 278 310 275 260 267 399 267 395 437 3
233 315 312 278 311 277 264 273 399 270 395 437 4
237 317 315 292 317 282 274 283 415 270 395 453 5
238 318 314 287 316 282 273 280 415 269 395 453 6
242 325 320 290 324 288 277 284 415 266 411 469 7
246 325 322 292 323 291 278 290 415 274 395 453 8
250 325 322 300 329 293 286 299 415 276 395 453 9
250 326 326 306 331 296 287 300 408 281 411 453 10
255 332 329 305 333 301 292 302 408 276 395 453 11
Chip#2
350 416 277 338 407 398 284 352 392 247 282 549 0
338 400 367 324 397 382 272 341 379 247 272 533 1
340 400 261 325 402 382 279 347 378 247 275 533 2
337 400 370 330 406 398 280 356 387 247 289 533 3
334 330 261 327 410 382 281 351 389 247 282 533 4
335 416 373 337 409 398 279 354 387 319 363 549 5
337 400 365 330 399 382 281 350 389 247 275 533 6
334 400 261 387 399 382 277 342 382 247 274 533 7
333 400 261 328 403 382 275 345 381 247 281 533 8
327 400 364 320 396 398 273 339 376 247 273 533 9
335 400 261 328 406 366 278 348 383 231 279 517 10
333 400 366 387 404 382 274 348 385 247 274 533 11
Chip#3
375 461 525 331 413 347 430 456 402 426 395 364 0
376 463 526 331 415 363 432 460 403 428 463 363 1
370 458 524 315 412 347 427 452 345 425 379 363 2
371 463 524 331 414 363 431 451 398 429 395 363 3
373 464 524 331 413 363 428 457 403 428 411 362 4
373 463 525 347 414 363 434 455 397 429 411 363 5
371 459 520 331 411 347 429 453 342 425 395 363 6
370 463 523 315 412 347 426 456 347 422 395 363 7
373 461 525 331 417 363 431 454 400 425 462 363 8
368 459 524 331 410 347 427 453 396 422 459 363 9
369 464 524 331 409 347 427 451 342 425 395 362 10
369 454 519 315 404 347 429 451 341 421 395 362 11
Chip#4
363 370 281 322 329 379 347 336 347 329 376 407 0
363 363 286 327 337 386 296 342 347 333 365 412 1
363 363 286 328 331 383 296 341 347 329 365 406 2
363 363 280 318 327 380 294 339 347 322 365 404 3
363 363 281 322 331 382 295 339 347 330 365 410 4
363 363 282 321 334 383 295 342 363 330 365 409 5
363 367 296 334 339 395 363 374 379 338 371 417 6
363 365 286 327 331 382 299 341 363 331 367 408 7
363 369 292 327 334 385 297 345 363 335 365 412 8
363 373 293 335 342 392 363 374 379 334 375 413 9
363 365 292 327 336 381 293 340 347 330 363 409 10
363 368 293 330 339 388 300 341 363 335 364 411 11
