Chipdp:
65 100 200 4 4 6 9 7 3 7 4 7 5 8 3 8 4 8 5 9 3 9 4 9 5 9 7 7 7 8 7 9 8 7 8 8 8 9 9 7 9 8 9 9 9 3 3 3 4 3 5 4 3 4 4 4 5 5 3 5 4 5 5 9 3 7 3 8 3 9 4 7 4 8 4 9 5 7 5 8 5 9 9 7 3 7 4 7 5 8 3 8 4 8 5 9 3 9 4 9 5 9 7 7 7 8 7 9 8 7 8 8 8 9 9 7 9 8 9 9 9 3 3 3 4 3 5 4 3 4 4 4 5 5 3 5 4 5 5 9 3 7 3 8 3 9 4 7 4 8 4 9 5 7 5 8 5 9 9 4 2 4 3 4 4 6 2 6 3 6 4 5 2 5 3 5 4 9 4 7 4 8 4 9 5 7 5 8 5 9 6 7 6 8 6 9 9 8 2 8 3 8 4 9 2 9 3 9 4 10 2 10 3 10 4 9 8 7 8 8 8 9 9 7 9 8 9 9 10 7 10 8 10 9 9 4 3 4 4 4 5 5 3 5 4 5 5 6 3 6 4 6 5 9 4 7 4 8 4 9 5 7 5 8 5 9 6 7 6 8 6 9 9 8 3 8 4 8 5 9 3 9 4 9 5 10 3 10 4 10 5 9 8 7 8 8 8 9 9 7 9 8 9 9 10 7 10 8 10 9 

Chip#1
106 108 109 104 105 104 106 101 98 104 106 102 0
103 107 103 103 96 99 103 100 103 103 103 103 1
103 106 104 103 100 101 100 101 103 104 105 104 2
103 98 108 264 130 101 97 123 134 101 99 98 3
103 97 103 189 100 98 101 118 122 102 99 97 4
108 107 107 107 108 103 102 100 101 104 102 104 5
101 94 103 99 97 98 100 97 98 97 95 96 6
108 105 113 153 117 104 106 140 165 106 109 102 7
104 108 108 211 147 99 103 240 190 106 99 99 8
110 106 112 107 109 104 110 110 109 106 107 106 9
107 103 104 101 102 101 101 101 103 106 102 99 10
103 97 103 97 96 94 95 91 90 100 93 15000 11
Chip#2
99 102 102 104 99 93 102 99 100 100 96 93 0
104 103 104 109 98 100 108 100 105 103 101 102 1
95 102 101 103 100 95 106 100 103 101 100 100 2
99 101 96 102 113 98 94 100 107 103 92 91 3
100 99 99 103 113 102 97 100 110 108 96 97 4
102 103 102 107 104 101 102 100 108 99 97 100 5
106 103 102 109 104 100 108 100 108 102 99 101 6
106 106 101 109 104 103 103 100 114 102 99 105 7
103 105 101 109 104 104 103 100 129 121 101 100 8
106 103 106 109 104 103 103 100 110 104 97 102 9
98 102 102 109 104 100 99 100 105 99 97 102 10
102 99 100 104 98 95 98 100 105 98 94 15000 11
