Chip#1
353 401 447 370 327 399 390 332 432 305 423 353 0
355 412 442 381 328 384 385 346 445 305 419 367 1
354 415 432 370 326 399 385 332 447 288 418 352 2
358 415 449 372 329 386 385 349 434 305 422 353 3
359 414 441 383 327 399 385 331 446 302 416 353 4
376 400 446 370 328 386 387 350 433 318 418 354 5
383 406 434 376 333 391 393 342 437 312 428 376 6
364 404 432 372 335 387 393 339 437 293 423 358 7
362 405 444 365 333 390 391 340 440 309 424 359 8
367 401 433 374 332 392 391 323 439 292 421 358 9
382 408 451 372 331 399 390 340 436 308 426 356 10
369 405 445 369 333 387 392 336 437 309 423 356 11
Chip#2
467 505 411 491 490 537 466 494 490 375 436 509 0
459 492 414 483 487 537 450 469 474 370 420 493 1
470 508 416 497 498 553 469 483 493 395 418 505 2
448 493 415 483 497 537 451 466 473 375 418 489 3
468 483 411 481 494 537 448 478 478 374 427 491 4
450 486 406 489 491 521 448 475 470 376 416 486 5
448 486 409 492 493 521 440 474 473 372 406 466 6
466 485 405 495 488 537 463 472 489 370 422 483 7
464 503 424 509 510 537 462 476 488 394 437 486 8
468 484 406 490 489 537 461 472 470 371 427 480 9
451 487 409 492 494 537 458 472 469 368 427 493 10
468 486 408 492 493 537 435 473 479 370 426 495 11
Chip#3
316 422 388 230 296 244 361 315 268 308 299 310 0
326 446 407 246 318 276 382 321 277 328 318 332 1
305 428 389 232 302 260 366 306 257 311 300 313 2
326 416 411 253 306 260 369 326 275 330 306 335 3
323 447 408 248 302 260 369 323 258 329 318 316 4
305 430 392 229 303 247 365 305 257 314 301 312 5
316 421 384 226 295 244 360 316 265 304 293 296 6
315 422 386 239 296 260 361 316 269 306 295 312 7
335 425 404 229 302 260 364 321 257 328 315 313 8
334 424 387 226 299 260 364 304 268 309 317 311 9
307 425 393 229 300 247 366 304 257 309 316 312 10
323 430 410 234 299 263 353 304 259 328 317 313 11
Chip#4
308 298 202 228 202 273 242 251 264 193 314 277 0
292 282 200 208 181 274 252 250 262 176 297 274 1
292 302 205 210 186 273 226 242 265 184 298 279 2
296 272 198 201 176 282 231 246 249 187 288 265 3
312 303 223 233 206 290 247 271 279 199 313 274 4
319 292 202 225 197 286 254 251 274 205 308 272 5
311 303 194 216 207 299 270 256 263 200 317 277 6
295 290 194 216 196 280 233 244 266 182 300 259 7
314 288 211 236 211 300 265 267 272 200 305 278 8
298 285 194 219 198 303 253 246 269 181 289 279 9
314 288 193 214 211 298 269 257 286 196 317 278 10
314 303 211 235 194 301 269 262 274 202 317 280 11
Chip#1
354 415 445 370 327 384 389 348 435 305 417 353 0
356 396 445 352 312 371 370 350 416 288 400 365 1
354 415 445 368 309 385 388 346 431 302 413 367 2
381 401 451 376 332 391 394 355 436 311 419 374 3
363 405 447 372 335 393 396 339 439 311 423 360 4
361 415 446 370 330 389 390 336 436 307 420 357 5
363 403 445 352 331 390 391 340 438 292 419 356 6
363 404 433 352 333 387 395 339 437 294 419 359 7
377 415 460 378 333 407 393 358 441 311 419 376 8
370 405 454 396 333 412 411 360 441 312 423 377 9
373 412 438 377 335 374 397 344 445 296 422 362 10
368 402 447 382 332 389 390 339 437 291 420 375 11
Chip#2
468 506 410 489 488 537 467 464 493 372 430 507 0
451 488 410 481 494 537 449 477 475 395 419 489 1
460 484 388 487 486 521 459 470 462 364 425 483 2
460 500 410 491 491 537 458 476 467 370 430 488 3
479 496 425 508 511 537 479 493 485 369 424 506 4
477 500 426 509 510 553 478 492 484 391 445 504 5
458 493 405 485 467 521 456 470 468 370 423 481 6
460 495 401 490 465 521 460 451 449 382 402 493 7
459 486 408 491 489 521 460 472 470 374 420 483 8
460 495 385 468 464 521 455 453 460 372 403 474 9
457 495 403 487 490 521 440 450 464 365 425 476 10
450 505 413 494 496 537 453 472 465 369 430 483 11
Chip#3
315 419 384 235 288 255 355 316 264 304 292 313 0
304 406 389 238 299 248 363 319 244 310 295 297 1
306 426 391 229 302 264 364 304 270 315 301 312 2
315 403 386 236 297 254 362 313 255 307 292 296 3
304 426 409 247 302 270 364 321 269 328 315 312 4
318 422 384 225 276 246 360 316 242 306 294 312 5
304 424 387 228 297 262 361 304 269 310 293 312 6
319 425 394 225 299 262 363 317 268 309 296 312 7
328 425 395 233 302 262 364 325 257 311 300 314 8
319 428 394 229 301 262 367 305 258 311 299 313 9
323 427 411 249 300 262 364 324 256 331 315 332 10
335 425 405 227 297 262 361 320 271 327 310 316 11
Chip#4
293 293 202 211 200 282 255 254 259 204 300 273 0
293 297 198 213 202 285 240 251 257 196 300 286 1
293 303 203 219 204 274 244 240 262 182 297 261 2
293 279 187 217 186 274 228 240 246 178 281 256 3
293 284 188 221 206 267 245 254 246 178 281 260 4
309 291 193 236 212 295 261 242 281 198 297 276 5
309 299 192 233 223 293 261 271 263 200 296 280 6
314 291 206 235 210 295 249 244 266 198 299 278 7
311 289 194 235 214 299 265 267 286 199 297 280 8
311 297 205 234 194 295 265 257 266 198 297 274 9
311 319 210 224 213 304 265 266 285 222 317 279 10
295 289 193 216 206 298 265 267 284 199 294 277 11
Chip#1
351 395 443 353 328 380 372 333 429 303 414 366 0
377 413 447 373 330 386 391 340 437 306 417 355 1
354 386 432 365 309 399 387 348 417 289 414 366 2
363 400 433 373 330 385 389 336 437 289 401 353 3
380 397 432 369 331 386 392 336 436 306 418 354 4
366 413 447 375 327 385 391 337 439 308 431 357 5
362 403 444 382 330 387 391 338 439 294 418 357 6
362 384 433 352 332 369 393 338 438 291 403 353 7
357 396 424 360 311 368 391 336 436 291 402 353 8
362 393 445 373 313 385 388 336 436 292 419 354 9
380 407 449 374 331 399 394 337 441 292 420 359 10
383 404 445 369 329 385 394 337 438 290 421 355 11
Chip#2
462 505 427 489 485 537 479 475 473 383 433 504 0
461 504 388 487 487 537 458 476 469 372 431 490 1
477 499 423 488 504 537 477 489 467 369 443 505 2
462 502 410 490 488 537 459 495 470 373 434 507 3
462 511 408 488 490 537 459 475 467 369 425 486 4
460 498 410 487 491 537 458 493 466 383 428 487 5
451 502 412 494 492 537 461 494 493 377 428 506 6
442 480 402 486 478 521 456 450 466 383 421 493 7
458 481 408 488 485 521 455 467 466 368 417 484 8
461 483 403 489 488 537 457 471 469 372 430 464 9
462 500 405 510 487 537 456 467 469 383 430 481 10
451 487 407 470 490 537 440 450 463 365 426 494 11
Chip#3
318 423 385 226 295 248 365 319 264 306 295 316 0
318 405 384 239 290 246 361 304 267 308 293 300 1
317 421 388 226 295 262 362 334 268 327 313 316 2
306 426 388 228 293 248 362 305 267 329 295 316 3
305 425 390 225 296 247 364 304 268 313 296 314 4
317 422 384 224 292 242 362 318 266 307 296 314 5
319 422 384 225 296 243 362 318 266 324 293 314 6
305 408 387 226 278 246 360 317 267 309 297 298 7
323 422 384 226 294 245 359 304 266 308 296 314 8
304 425 390 228 299 261 363 304 268 311 298 312 9
327 426 394 231 299 261 367 324 258 329 300 309 10
323 428 411 230 295 261 383 323 257 332 316 330 11
Chip#4
295 281 184 210 202 283 253 255 260 179 294 271 0
295 298 184 194 204 284 243 240 260 176 278 257 1
311 300 207 216 203 287 244 256 265 198 295 275 2
311 303 193 218 193 275 260 241 265 199 300 277 3
311 300 207 215 204 282 249 253 265 197 300 273 4
311 301 192 216 204 272 248 245 265 198 300 273 5
313 290 212 228 214 301 254 261 269 204 300 278 6
313 288 206 233 194 293 248 242 264 182 300 272 7
297 289 210 217 211 293 247 261 265 183 300 274 8
297 283 194 223 194 282 252 243 265 180 296 259 9
313 302 206 235 193 300 268 261 270 202 294 277 10
313 301 192 238 211 297 268 262 287 203 294 275 11
Chip#1
477 520 572 484 423 477 479 411 510 353 470 424 0
354 392 442 352 311 385 387 348 433 301 429 367 1
359 415 432 370 327 387 391 351 437 302 400 352 2
356 397 447 369 310 382 388 332 431 288 414 347 3
365 399 436 374 333 388 395 338 437 293 404 357 4
362 395 445 366 327 382 393 348 437 301 400 351 5
376 400 445 369 331 388 392 338 434 305 418 356 6
361 398 445 363 327 384 392 351 435 302 415 367 7
362 399 445 367 332 389 395 337 440 294 420 359 8
383 403 432 393 331 388 410 356 458 309 423 372 9
370 405 435 374 330 387 394 340 439 308 421 354 10
368 384 447 370 331 386 394 339 436 303 418 356 11
Chip#2
453 507 400 489 489 521 451 484 477 375 420 481 0
466 507 430 507 492 537 462 493 489 390 447 506 1
448 487 412 486 491 521 459 471 451 362 405 485 2
441 484 413 488 474 537 444 478 453 352 430 491 3
458 481 413 491 492 537 460 476 468 368 424 504 4
461 488 415 493 493 537 457 475 472 368 430 486 5
458 484 394 474 470 521 440 456 468 355 409 465 6
450 484 410 495 469 521 459 473 469 371 410 487 7
440 483 406 471 468 521 434 469 463 383 427 484 8
435 492 384 467 478 521 435 461 457 361 401 475 9
460 489 410 490 490 521 440 458 471 371 428 481 10
456 511 407 484 480 537 462 476 469 374 418 492 11
Chip#3
304 406 388 224 294 245 362 317 263 307 295 314 0
317 422 402 238 294 261 359 317 265 308 311 314 1
305 425 390 226 297 261 362 318 267 308 296 311 2
325 429 407 247 298 261 381 322 269 327 314 328 3
321 426 406 244 313 261 377 322 269 327 312 327 4
307 429 394 229 300 261 367 309 271 332 317 313 5
304 423 387 229 296 249 363 306 243 310 296 313 6
318 426 387 229 296 265 363 305 269 307 295 313 7
314 419 385 225 295 265 360 317 265 306 296 313 8
318 425 387 226 296 265 364 306 270 309 314 313 9
319 423 384 238 292 265 361 319 269 305 289 313 10
313 402 383 236 275 242 340 313 242 305 288 297 11
Chip#4
297 280 183 223 184 284 239 253 259 176 278 256 0
297 300 203 217 206 287 247 255 266 181 297 279 1
297 296 196 213 200 281 244 251 258 177 297 272 2
313 288 222 234 223 291 260 271 283 200 297 278 3
297 294 202 227 203 282 244 252 260 176 297 271 4
297 284 190 219 192 277 249 242 264 181 281 262 5
297 285 190 218 198 278 248 226 265 180 297 260 6
313 288 192 235 211 293 251 257 271 198 295 274 7
297 302 207 217 209 278 248 261 264 183 296 257 8
297 299 207 214 195 275 251 240 260 178 296 258 9
313 301 208 236 214 300 267 258 263 202 298 278 10
294 299 196 237 212 299 267 265 287 203 288 282 11
Chip#1
349 397 442 352 314 382 372 334 434 301 412 349 0
353 394 439 365 311 384 368 350 418 303 415 365 1
357 401 449 374 329 387 388 340 436 289 418 355 2
358 413 460 369 326 385 385 355 435 305 417 382 3
356 397 441 368 327 398 389 347 431 302 412 366 4
378 415 460 371 329 388 407 356 438 304 430 372 5
374 413 441 383 327 385 388 336 433 305 431 352 6
381 403 432 370 336 388 397 358 439 309 421 373 7
342 396 427 364 314 370 374 341 421 289 400 355 8
381 384 447 375 329 390 390 343 439 293 422 356 9
366 387 433 353 312 382 372 338 419 291 401 354 10
354 387 432 356 320 390 395 345 441 292 423 360 11
Chip#2
472 527 416 511 489 537 479 483 493 392 438 508 0
462 502 406 488 486 537 454 475 466 372 429 485 1
448 505 413 492 492 537 449 475 466 371 428 486 2
461 508 415 495 491 537 462 479 467 371 434 490 3
477 497 424 490 489 537 462 472 485 368 426 504 4
448 503 410 492 491 521 461 472 462 369 428 484 5
451 491 411 493 467 521 457 475 453 375 431 469 6
457 499 402 487 476 537 456 466 465 369 421 480 7
461 506 415 511 490 537 476 491 466 389 432 504 8
462 486 403 489 489 537 452 465 465 372 427 480 9
463 506 409 489 489 537 453 467 477 383 424 476 10
450 490 413 493 492 537 436 453 459 352 429 465 11
Chip#3
306 425 391 228 298 258 363 304 271 312 316 313 0
318 405 386 237 294 242 359 316 243 305 292 297 1
316 423 388 226 298 242 361 317 241 305 292 313 2
321 426 402 226 295 258 363 335 269 327 313 313 3
305 425 389 226 295 258 363 304 271 312 312 313 4
317 420 390 225 275 243 363 316 242 308 292 297 5
306 428 393 232 297 259 361 304 271 311 296 313 6
319 423 389 230 298 259 362 304 269 307 298 313 7
323 425 409 233 301 259 366 324 257 328 316 311 8
327 444 427 250 318 275 383 326 274 328 322 330 9
304 405 385 239 276 243 359 304 243 306 291 298 10
306 425 388 228 298 259 366 305 256 329 296 311 11
Chip#4
294 283 179 220 197 261 236 231 255 173 272 270 0
310 298 221 232 220 292 268 269 282 199 316 293 1
294 285 206 219 203 272 229 240 264 184 296 261 2
294 301 194 237 206 275 246 254 264 180 295 275 3
307 290 206 235 210 293 262 259 265 200 314 277 4
307 289 223 232 223 290 246 240 260 197 297 279 5
307 301 207 239 213 291 262 271 278 196 313 277 6
307 291 208 234 210 292 262 259 277 195 295 277 7
310 288 192 237 210 295 262 263 265 195 295 275 8
294 283 194 214 195 276 245 241 263 178 295 261 9
310 299 203 235 222 293 261 258 263 197 295 275 10
295 302 196 238 215 300 261 266 257 203 303 284 11
