27.25
27.25
27.25
27.25
27.25
27.25
27.25
27.25
27.25
27.25
27.25
27.25
27.25
27.25
27.25
27.25
27.25
27.25
27.25
27.25
27.25
27.25
27.25
27.25
27.25
27.25
27.25
27.25
27.25
27.25
27.25
27.25
27.25
27.25
27.25
27.25
27.25
27.25
27.25
27.25
27.25
27.25
27.25
27.25
27.25
27.25
27.25
27.25
27.25
27.25
27.25
27.25
27.25
27.25
27.25
27.25
27.25
27.25
27.25
27.25
27.25
27.25
27.25
27.25
27.25
27.25
27.25
27.3125
27.3125
27.3125
27.3125
27.3125
27.3125
27.3125
27.375
27.375
27.375
27.375
27.375
27.375
27.375
27.375
27.375
27.375
27.4375
27.375
27.4375
27.4375
27.4375
27.4375
27.4375
28.8125
37.1875
44.125
53
59.1875
68.8125
74.1875
80.8125
85.4375
91.25
95.375
100.5625
102.5625
100.75
98.9375
96.375
94.5
91.5625
90.9375
94.8125
97.3125
96.875
95.375
93.625
93.875
95.5
95.6875
94.25
93
93.25
94.4375
94.5
93.8125
93.5625
94
94.4375
94.3125
94
93.9375
93.1875
90.375
85.1875
82.1875
78.375
75.6875
72.1875
69.75
66.5625
64.3125
62.125
60
57.9375
55.875
55
54.75
54.5
54.5625
55.5625
60.3125
63.5
63.875
63.625
63.0625
62.4375
61.8125
61.25
60.6875
60.0625
59.5
59.25
59.625
60.0625
59.9375
59.5
59.25
59.5
59.875
60.0625
60.125
60.1875
60.25
60.25
60.3125
60.0625
59.375
68.875
61.6875
60.375
60
59.5625
59.3125
