26
26
26
26
26
26
26
26
26
25.9375
26
26
25.9375
25.9375
26
25.9375
25.9375
25.9375
25.9375
25.9375
25.9375
25.9375
25.9375
25.9375
25.9375
25.9375
25.9375
25.9375
25.9375
25.9375
25.9375
25.9375
25.9375
25.9375
25.9375
25.9375
25.9375
25.9375
25.9375
25.9375
25.9375
25.9375
25.9375
26
25.9375
25.9375
25.9375
25.9375
25.9375
25.9375
25.9375
25.9375
25.9375
25.9375
25.9375
25.9375
25.9375
26
25.9375
25.9375
25.9375
25.9375
25.9375
25.9375
25.9375
25.9375
25.9375
25.9375
25.9375
25.9375
25.9375
25.9375
25.9375
25.9375
25.9375
25.9375
25.9375
25.9375
25.9375
25.9375
25.9375
25.9375
25.9375
25.9375
25.9375
25.9375
25.9375
26
26
25.9375
26
25.9375
25.9375
25.9375
25.9375
26
26
25.9375
25.9375
26
26
25.9375
29.0625
34
41.9375
49.75
54.8125
62.125
69
75.4375
81.5625
85.375
89.0625
94.375
96.125
95.8125
94.9375
93.3125
91.625
90.4375
89
89.1875
89.75
89.0625
86.9375
85.8125
84.1875
84.1875
85.1875
86.3125
86
85.1875
84.5
84.8125
85.5
86.1875
86.25
86.25
86.1875
87
90.625
91.3125
90.4375
89.5
87.9375
86.9375
87.25
88.3125
88.75
88.5
88
87.6875
88
88.3125
88.5
88.3125
88
87.9375
87.25
85.8125
84.8125
83.8125
82.25
81.25
79.75
78.3125
77.375
76.4375
75.0625
73.75
72.875
71.625
70.375
69.625
68.4375
67.6875
66.5625
65.875
64.8125
64.125
63.125
62.5
61.875
60.9375
60.0625
59.4375
58.875
58.0625
57.5
56.75
56.1875
55.4375
54.9375
54.25
54
54.125
54.375
54.625
54.625
55.375
58.625
62.8125
63.4375
63.0625
62.625
61.875
61.3125
60.5
59.9375
59.1875
59
59.5625
59.9375
60.0625
60.125
60.125
60.125
61.9375
67.625
71.8125
77.1875
76.5
75.375
74.5625
73.3125
72.5625
71.3125
70.5
69.375
68.5625
67.4375
66.6875
66.125
66.5625
67.1875
67
66.625
66.4375
66.6875
67
67
66.8125
66.5625
66.6875
70.75
74.6875
80.6875
84.5
90.1875
93.8125
98.5
99.125
98.4375
97.0625
96
94.375
92.75
92.0625
92.375
91.6875
90.1875
89.125
87.625
87.25
88.0625
88.75
89.1875
89.1875
89.1875
89.125
89.0625
89
88.9375
88.9375
88.875
88.6875
88
86.625
85.625
84.1875
83.1875
81.6875
80.75
79.375
78.4375
77.125
76.1875
74.9375
74.0625
72.875
72.0625
71.3125
70.125
69.0625
67.9375
67.25
66.25
65.5625
64.5625
63.9375
63.0625
62.125
61.5625
60.6875
60.125
59.3125
58.5625
57.75
57.25
56.5625
56.0625
55.375
54.9375
54.3125
54.125
54.25
54.5
54.625
54.75
57.25
62.3125
63.6875
63.75
63.375
62.6875
62.1875
61.4375
60.625
60.0625
59.3125
59
59.4375
59.9375
60.125
60.0625
59.9375
61.875
65.6875
72
75.3125
74.25
73.5
72.375
71.625
71.125
70.25
69.5
68.4375
67.75
66.6875
66.375
66.8125
67.3125
67.5
66.9375
66.6875
66.875
67.1875
67.375
67
66.8125
66.875
70.375
76.1875
80.1875
84.125
89.875
93.5
97.4375
97.8125
96.875
96
94.5
93.4375
92.375
92.6875
93.8125
93.375
92.5
91
89.9375
88.3125
87.1875
87.75
88.6875
89.25
89.1875
88.875
88.625
88.25
88.25
88.4375
88.625
88.625
87.6875
86.75
85.3125
83.875
82.4375
81.5
80.125
79.1875
77.875
77
75.75
74.875
73.625
72.8125
71.6875
70.9375
69.8125
68.75
68.0625
67
66
65.375
64.4375
63.8125
62.9375
62.0625
61.5
60.625
60.125
59.3125
58.5625
58.0625
57.3125
56.875
56.1875
55.5
54.8125
54.375
54.0625
54.1875
54.5
54.6875
54.75
59
62.375
63.75
63.625
63.0625
62.375
61.8125
61.0625
60.5625
59.75
59.0625
