Chip#1
114 104 112 104 106 110 112 103 104 111 114 102 0
108 103 117 103 105 111 108 109 105 111 110 103 1
110 106 117 111 111 116 112 107 113 113 113 103 2
101 101 122 746 219 103 100 332 355 105 98 94 3
106 106 118 428 114 115 113 248 285 111 113 101 4
104 96 111 104 102 107 108 109 105 107 106 97 5
100 97 104 99 102 103 105 101 97 106 104 94 6
102 100 107 160 121 109 104 209 281 107 104 97 7
110 106 118 243 169 110 110 533 412 112 104 97 8
106 108 107 106 102 107 109 117 114 111 104 98 9
106 109 111 103 104 111 113 107 106 108 112 97 10
105 100 105 103 95 106 103 99 99 105 103 15000 11
Chip#2
109 104 115 115 105 107 114 100 115 106 106 101 0
111 100 111 110 105 110 108 100 110 110 111 101 1
107 100 107 104 105 106 106 100 109 106 101 100 2
110 98 109 110 160 113 111 100 134 128 102 101 3
103 98 107 112 146 111 108 100 142 145 103 99 4
104 97 105 110 105 107 107 100 110 106 102 98 5
108 98 108 108 89 104 110 99 110 107 107 101 6
104 94 104 108 105 105 105 100 121 106 101 96 7
110 105 113 114 114 120 112 100 176 151 108 104 8
109 98 106 107 105 108 105 100 119 113 103 102 9
110 98 105 106 104 102 105 100 112 104 98 97 10
108 104 113 109 105 107 108 100 114 109 109 15000 11
Chip#3
100 98 96 103 101 112 95 108 97 105 102 105 0
92 91 88 95 92 98 87 95 92 97 94 98 1
104 100 97 107 103 109 93 104 100 102 102 106 2
100 94 96 103 99 120 93 105 110 101 98 104 3
104 95 95 103 101 108 94 106 101 97 99 104 4
102 100 96 105 102 109 97 105 100 103 98 104 5
98 94 94 101 98 108 96 104 100 100 100 105 6
100 94 94 103 102 106 94 104 104 101 97 103 7
96 94 93 111 107 105 90 99 102 100 94 100 8
100 95 93 107 100 105 95 101 92 100 92 102 9
108 105 102 107 105 115 100 106 102 108 106 108 10
104 95 100 101 98 105 97 103 95 101 99 15000 11
Chip#4
102 107 103 108 106 109 110 106 115 107 101 105 0
108 110 106 116 116 106 116 106 117 108 101 108 1
94 102 102 107 101 108 107 105 111 100 98 100 2
97 103 103 103 103 101 101 98 108 97 92 97 3
99 105 99 105 107 102 107 99 113 101 102 100 4
94 96 96 100 97 94 106 99 103 98 95 93 5
95 99 103 97 101 102 103 103 111 93 99 99 6
97 96 103 100 101 104 101 105 110 97 96 99 7
99 102 103 104 113 104 108 109 113 105 99 101 8
102 105 106 103 106 106 104 108 110 103 101 103 9
94 101 99 101 104 100 111 104 107 98 98 96 10
100 97 99 101 104 96 104 99 103 96 99 15000 11
Chip#1
106 101 104 103 97 101 104 103 101 103 108 100 0
102 99 104 101 98 104 108 100 97 96 101 98 1
104 101 103 106 106 108 108 109 105 108 103 98 2
108 101 128 763 223 105 106 342 365 103 108 99 3
98 97 102 419 103 101 104 242 279 97 99 95 4
105 101 107 99 98 102 105 104 108 103 102 97 5
105 99 103 99 97 102 105 100 101 102 101 94 6
98 99 103 161 119 101 103 207 285 102 99 93 7
114 106 116 259 177 112 111 533 416 110 106 105 8
100 108 109 101 100 102 108 118 118 106 103 94 9
96 96 103 96 92 99 98 100 99 100 98 95 10
108 100 102 92 95 96 102 98 96 96 97 15000 11
Chip#2
105 97 102 104 102 101 100 99 109 104 106 93 0
112 104 108 111 102 105 112 100 115 108 108 105 1
95 99 102 101 103 99 98 100 105 97 94 93 2
99 103 108 110 156 112 101 100 132 130 104 99 3
103 95 101 108 146 109 101 100 137 144 104 97 4
106 105 103 111 105 109 107 100 112 108 104 102 5
100 99 105 101 105 101 99 100 107 96 101 101 6
106 97 104 100 105 102 103 100 122 107 102 97 7
109 95 99 107 114 112 103 99 166 140 97 96 8
100 98 105 101 105 102 104 100 110 106 99 98 9
101 100 99 103 101 105 107 99 110 103 103 101 10
111 108 109 108 101 103 110 100 114 110 104 15000 11
Chip#3
96 94 90 96 96 106 94 99 97 98 95 97 0
105 98 98 102 98 113 96 104 99 100 100 101 1
98 96 98 103 95 105 99 103 101 96 99 100 2
99 98 98 107 100 108 95 106 110 99 98 104 3
98 98 98 107 103 106 97 102 107 101 99 105 4
98 90 96 101 95 106 93 98 92 96 95 100 5
92 91 85 94 93 98 91 92 87 94 95 93 6
95 94 91 99 95 106 93 97 96 99 97 97 7
95 92 88 105 101 99 91 96 101 95 94 93 8
98 91 94 96 95 102 90 97 92 95 97 98 9
96 94 90 96 92 100 95 96 88 99 93 97 10
95 94 92 99 92 100 89 97 93 93 97 15000 11
Chip#4
104 106 109 107 109 112 110 108 110 107 103 102 0
102 102 109 100 106 103 104 108 108 104 98 104 1
100 106 107 105 110 109 108 106 111 104 101 99 2
100 101 106 94 103 105 107 106 108 102 105 101 3
99 102 107 104 107 105 108 104 110 103 105 96 4
100 105 102 101 106 106 111 104 108 98 105 98 5
89 93 99 97 101 98 106 100 101 96 93 89 6
93 93 99 96 98 93 98 94 101 89 95 96 7
100 102 104 99 113 109 111 105 110 102 103 99 8
96 101 103 99 110 100 106 102 108 97 98 103 9
104 106 110 107 109 110 113 109 113 103 108 103 10
94 93 100 97 104 100 98 98 103 97 99 15000 11
Chip#1
102 109 108 100 98 103 106 105 103 102 105 99 0
110 103 103 96 100 103 105 105 99 106 104 98 1
104 105 108 103 97 102 108 108 105 107 104 94 2
102 100 122 761 222 98 102 341 360 100 98 94 3
104 101 111 429 108 104 107 248 280 107 103 94 4
108 104 108 97 98 102 111 102 109 99 101 93 5
93 97 99 96 94 98 102 95 99 97 95 90 6
110 105 109 181 127 112 113 215 300 112 105 104 7
102 100 107 279 179 98 104 574 421 103 99 95 8
102 105 100 101 98 101 100 110 110 101 99 95 9
102 106 105 101 96 102 105 103 103 102 97 97 10
108 101 105 101 102 99 107 107 103 108 99 15000 11
Chip#2
101 98 103 101 101 105 104 100 106 104 98 98 0
104 100 107 103 101 104 104 100 106 99 106 104 1
109 107 103 106 101 107 105 99 111 107 103 102 2
106 105 107 105 157 113 110 100 135 132 101 101 3
101 105 107 114 147 109 103 100 142 139 102 104 4
103 98 104 104 89 108 104 100 107 101 101 97 5
98 98 101 104 105 103 103 100 106 101 99 98 6
111 99 106 106 105 105 106 100 121 106 101 100 7
104 102 111 104 114 110 110 100 167 143 102 105 8
99 98 105 104 105 102 100 100 111 106 101 98 9
106 104 107 104 105 110 107 100 109 99 101 101 10
112 110 111 110 104 110 109 100 116 108 108 15000 11
Chip#3
104 94 95 102 96 105 97 102 95 103 98 100 0
92 91 89 91 99 100 90 98 87 95 94 99 1
101 98 94 101 100 108 99 104 97 100 97 103 2
95 92 94 101 99 104 92 104 103 98 102 100 3
103 103 102 113 111 112 106 109 112 105 106 108 4
93 95 93 99 101 104 91 101 95 98 93 98 5
98 89 92 99 99 103 97 97 92 99 94 98 6
98 91 94 105 99 104 93 98 104 98 97 99 7
102 100 96 111 115 109 97 106 110 105 99 104 8
104 95 96 104 104 110 101 105 102 101 100 104 9
96 90 89 97 96 103 94 98 95 98 97 102 10
100 96 96 95 98 103 94 97 97 101 97 15000 11
Chip#4
104 103 106 103 103 106 107 106 106 100 105 103 0
97 100 100 100 104 101 103 99 107 96 98 96 1
108 111 107 111 112 109 113 114 118 107 105 106 2
98 102 103 106 106 104 107 108 107 98 101 104 3
98 104 104 108 109 100 111 106 110 103 103 104 4
96 98 99 101 97 102 104 103 104 98 96 96 5
94 97 100 99 98 101 100 102 98 93 92 92 6
95 96 97 99 98 100 103 101 104 98 98 95 7
90 97 100 99 107 102 101 97 104 103 92 92 8
100 98 103 102 106 105 101 104 104 94 98 97 9
102 99 104 104 107 103 103 106 107 98 101 102 10
95 96 97 100 103 101 101 97 103 94 93 15000 11
Chip#1
110 109 111 102 99 106 111 104 109 110 109 102 0
100 95 99 97 94 103 103 99 93 97 98 95 1
102 105 107 104 102 109 108 104 104 105 109 94 2
102 104 127 773 228 103 106 339 366 103 108 97 3
108 104 109 429 106 106 109 249 285 105 109 99 4
106 99 107 101 100 102 103 100 101 103 102 97 5
102 100 105 103 101 102 109 103 103 107 103 98 6
100 101 104 171 120 103 105 211 289 103 106 94 7
96 95 104 268 169 102 100 526 407 100 103 94 8
102 100 104 103 94 99 107 107 109 99 102 93 9
108 106 108 107 106 108 115 107 109 110 108 104 10
108 100 105 96 97 102 107 100 101 106 106 15000 11
Chip#2
109 98 105 105 105 102 105 100 111 103 101 101 0
109 105 105 109 105 107 107 100 114 107 107 105 1
106 98 106 101 105 103 105 100 112 101 98 101 2
106 104 110 109 163 116 110 100 135 137 104 107 3
100 99 104 111 143 107 104 100 136 143 103 97 4
111 104 107 108 105 112 113 100 112 108 108 111 5
109 103 111 106 105 107 107 100 112 101 104 106 6
96 86 97 101 105 98 101 100 119 99 97 95 7
104 105 106 106 114 111 105 100 170 145 103 101 8
97 96 99 106 105 104 107 99 116 108 101 100 9
98 98 102 101 98 97 103 100 102 98 94 99 10
108 102 109 107 98 112 108 100 115 107 106 15000 11
Chip#3
108 101 103 109 105 115 101 108 101 107 106 110 0
102 100 99 107 102 110 102 105 102 105 102 104 1
97 95 93 101 94 104 90 100 96 97 94 100 2
100 94 95 103 98 102 90 100 102 100 95 99 3
89 88 89 101 90 102 89 97 98 95 90 94 4
104 100 99 107 103 112 101 104 104 106 101 105 5
97 95 92 99 96 102 94 97 92 98 98 100 6
101 94 101 108 103 110 94 107 105 105 100 103 7
98 95 92 113 110 99 97 102 106 100 97 99 8
98 98 95 100 101 105 97 98 100 100 95 102 9
98 98 94 105 100 104 98 101 98 101 100 103 10
98 95 95 104 103 108 94 99 98 101 98 15000 11
Chip#4
107 110 110 111 110 110 113 109 116 104 105 108 0
98 98 103 99 104 98 106 99 101 97 99 99 1
102 106 104 108 107 108 110 102 104 100 99 100 2
97 102 100 96 101 102 101 99 104 97 93 92 3
100 102 103 101 107 105 108 105 110 103 103 101 4
98 99 100 106 106 105 103 102 107 100 99 92 5
104 105 112 111 109 110 111 108 115 104 106 104 6
98 101 99 103 107 105 104 101 106 98 98 96 7
101 102 104 104 115 111 111 106 110 107 99 101 8
101 101 104 101 107 106 106 102 108 96 102 96 9
100 101 102 103 101 102 107 99 103 98 99 96 10
94 97 99 96 98 102 101 100 101 96 90 15000 11
Chip#1
108 103 108 99 100 102 108 103 95 99 101 100 0
94 95 95 86 90 93 97 93 92 94 93 87 1
114 109 113 112 106 111 115 116 116 115 114 109 2
97 97 118 767 222 102 103 337 361 99 99 89 3
104 100 108 428 105 102 105 249 282 106 99 95 4
102 99 104 95 102 103 108 101 101 101 101 95 5
108 103 108 105 103 102 109 105 104 107 108 103 6
108 108 116 183 127 109 113 221 297 108 110 104 7
98 101 108 273 178 102 104 528 410 100 102 93 8
105 109 113 106 104 104 111 114 118 112 104 103 9
100 97 102 91 92 95 102 95 95 99 95 89 10
108 105 112 101 102 103 110 105 103 110 108 15000 11
Chip#2
110 102 107 103 98 105 111 100 110 106 104 104 0
97 94 98 99 102 101 101 98 100 93 98 98 1
112 106 109 111 102 115 107 100 111 103 110 108 2
106 93 101 100 153 107 104 99 127 124 99 97 3
101 94 102 109 145 112 103 100 139 142 99 101 4
103 97 106 100 105 106 103 100 106 101 98 104 5
106 100 108 106 105 107 108 100 111 102 107 105 6
105 96 103 108 105 105 103 99 126 107 102 107 7
110 108 105 108 114 113 107 100 170 144 107 107 8
105 99 105 105 105 104 109 100 114 108 106 104 9
104 103 108 108 105 105 109 100 109 104 96 107 10
104 98 108 103 105 103 105 100 106 99 102 15000 11
Chip#3
92 88 86 95 92 94 90 93 92 93 92 96 0
98 95 91 101 101 108 95 99 96 102 97 103 1
100 95 96 109 103 109 97 103 100 102 99 103 2
105 96 96 107 111 112 97 108 107 103 101 110 3
97 94 93 105 104 105 98 101 101 103 99 103 4
97 94 96 103 102 104 93 99 101 102 94 103 5
95 88 91 101 100 102 95 100 93 102 95 100 6
97 94 93 102 102 104 92 102 102 100 99 102 7
100 96 97 111 115 105 97 106 109 107 100 102 8
97 94 94 105 100 106 95 98 93 100 98 102 9
101 91 93 103 99 101 98 98 98 101 100 100 10
98 90 94 102 97 105 96 97 97 97 96 15000 11
Chip#4
100 102 102 101 104 106 103 101 103 104 102 101 0
96 102 104 103 107 102 104 99 107 94 99 95 1
97 97 103 100 104 102 103 99 103 98 96 96 2
101 102 107 99 107 105 111 109 107 108 102 100 3
98 103 103 103 103 109 107 102 103 100 105 100 4
98 105 104 104 109 109 106 108 110 101 102 98 5
95 97 103 101 101 104 101 99 101 93 98 100 6
107 109 109 105 112 113 110 106 110 103 105 104 7
98 98 102 101 110 106 104 106 107 105 101 97 8
102 102 106 102 106 110 107 105 107 101 105 102 9
95 98 96 100 101 103 101 98 100 92 95 95 10
91 99 97 99 100 103 104 98 104 94 98 15000 11
