Chip#1
93 96 87 97 93 89 89 96 96 92 93 90 0 245 123 208 23
95 100 87 97 96 91 101 95 92 92 98 90 1 0 0 0 0
100 104 92 104 96 102 106 107 99 95 104 99 2 0 0 0 0
96 105 94 102 101 94 102 104 97 100 102 94 3 0 0 0 0
93 99 87 93 91 92 102 97 89 89 93 92 4 0 0 0 0
104 105 94 103 91 102 105 102 101 99 105 102 5 0 0 0 0
104 105 100 104 104 106 103 124 104 103 102 103 6 0 0 0 0
106 109 99 106 95 98 107 110 106 104 104 99 7 0 0 0 0
100 110 100 108 102 104 107 107 104 104 106 101 8 0 0 0 0
96 104 97 99 104 94 107 102 97 95 99 96 9 0 0 0 0
99 105 93 99 104 99 105 104 97 99 104 93 10 0 0 0 0
98 100 88 94 93 92 105 102 95 95 95 15000 11 0 0 0 0
