Chip#1
249 271 446 365 329 331 294 312 463 187 390 282 0
247 266 442 360 325 325 294 311 447 188 385 278 1
251 270 449 365 327 329 295 311 447 188 391 281 2
258 273 448 365 332 335 295 313 447 191 394 282 3
263 273 447 366 332 331 299 316 447 191 393 281 4
259 272 449 365 334 335 300 314 447 191 393 282 5
256 274 447 363 333 333 297 316 447 191 394 282 6
257 273 451 359 335 327 300 315 447 191 389 284 7
256 270 443 355 331 334 298 318 447 195 391 285 8
264 274 451 371 334 339 302 319 447 193 395 287 9
267 279 453 368 332 329 301 318 447 194 396 286 10
267 276 445 358 334 335 300 319 447 192 394 286 11
Chip#2
968 937 955 1044 1093 1036 1022 1116 1177 987 1143 1123 0
952 940 955 1066 1106 1039 964 1123 1173 1002 1134 1129 1
964 947 987 1074 1129 1061 1032 1111 1169 994 1142 1126 2
953 944 971 1080 1125 1052 1032 1124 1166 998 1158 1136 3
964 945 987 1088 1126 1057 1040 1129 1179 998 1151 1145 4
978 970 987 1092 1124 1059 1039 1124 1162 1002 1156 1145 5
970 957 1003 1091 1114 1053 1028 1127 1184 1009 1150 1136 6
972 963 971 1099 1122 1064 1033 1116 1179 1016 1155 1138 7
974 961 1003 1098 1126 1060 1040 1132 1181 1029 1176 1146 8
982 985 1003 1111 1207 1070 1052 1141 1196 1045 1181 1156 9
981 979 1003 1116 1135 1056 1044 1135 1206 1023 1174 1139 10
990 986 1003 1112 1136 1074 1036 1134 1204 1041 1179 1149 11
Chip#3
365 451 516 315 399 347 424 444 343 419 395 356 10
365 448 512 315 394 347 416 436 340 411 444 356 11
Chip#4
295 307 271 313 322 335 278 332 331 320 356 347 4
363 363 270 312 321 364 280 331 347 321 356 391 5
379 379 276 314 324 371 347 337 347 323 356 396 6
379 379 268 309 318 371 331 329 347 316 356 387 7
379 379 276 316 324 371 331 335 347 323 356 395 8
363 363 270 315 320 362 279 330 347 317 356 390 9
379 363 272 313 324 367 280 334 347 323 356 397 10
363 310 269 312 322 336 280 330 331 321 356 347 11
