Chip#1
97 105 104 102 103 100 105 101 105 99 99 98 0
98 104 105 102 104 103 107 102 108 97 99 103 1
102 107 112 111 104 110 120 107 109 119 104 102 2
93 98 103 99 98 98 105 101 100 98 91 92 3
97 98 102 98 96 100 103 100 100 99 95 96 4
95 95 102 101 98 97 102 100 103 101 93 91 5
93 93 100 99 96 97 103 98 103 97 90 93 6
103 108 107 102 105 102 104 105 105 102 101 100 7
99 107 115 110 105 109 112 108 108 105 102 106 8
98 102 108 102 103 109 111 105 103 102 98 102 9
93 97 101 96 100 94 99 96 103 91 95 91 10
98 98 101 99 98 98 100 101 103 97 100 15000 11
