Chip#1
117 108 114 104 111 109 116 113 111 109 118 112 0
112 108 107 102 103 106 111 107 111 103 107 109 1
112 108 112 103 107 106 108 106 106 107 107 103 2
116 108 120 173 119 115 112 140 141 112 111 108 3
108 108 107 125 106 108 111 122 125 106 109 104 4
116 108 112 108 105 109 112 112 113 108 107 107 5
108 108 106 98 103 100 111 107 105 103 106 101 6
117 108 118 123 114 110 119 126 133 113 113 112 7
114 108 107 137 117 101 105 153 138 104 106 99 8
124 108 117 109 116 117 121 119 121 112 118 114 9
107 98 109 98 101 104 103 102 102 102 99 102 10
112 103 109 104 100 108 112 108 111 112 107 15000 11
Chip#1
115 108 111 112 109 111 111 113 117 111 113 107 0
104 108 104 103 99 101 105 106 106 102 106 101 1
102 92 102 96 99 97 101 103 98 101 98 93 2
111 108 112 222 123 105 110 151 155 106 109 104 3
106 108 106 157 106 100 108 140 139 104 107 104 4
103 101 109 107 103 101 107 107 110 101 102 98 5
112 102 109 113 101 108 110 110 110 104 110 101 6
101 97 106 132 108 98 105 122 143 101 103 98 7
106 94 107 177 134 99 108 187 162 104 107 101 8
104 108 106 106 100 98 106 111 105 100 106 99 9
104 101 108 102 103 103 105 105 103 100 103 103 10
106 101 104 102 102 100 108 101 105 103 109 15000 11
Chip#1
137 113 114 117 116 117 116 121 119 116 125 124 0
132 108 126 118 114 117 121 126 119 118 122 123 1
130 114 127 131 123 126 125 131 137 120 126 117 2
119 108 180 2508 538 120 119 968 1060 118 115 109 3
128 109 144 1271 142 128 125 652 805 127 122 120 4
117 107 114 117 118 116 116 121 122 116 115 108 5
114 108 109 112 112 110 114 115 117 112 115 109 6
125 109 123 778 327 119 121 590 917 119 121 111 7
125 114 173 1658 816 127 127 1995 1363 127 125 119 8
127 108 129 149 119 121 126 171 165 122 119 113 9
129 108 120 114 115 116 119 116 118 113 111 115 10
154 112 117 114 117 119 122 122 125 118 125 15000 11
Chip#1
142 117 122 115 114 114 114 118 117 117 125 126 0
137 109 120 119 120 120 122 122 121 119 122 124 1
134 114 130 132 125 126 130 122 127 124 129 119 2
130 109 189 2523 552 126 122 977 1066 124 125 117 3
121 108 132 1264 135 115 115 631 788 119 119 112 4
125 108 122 119 116 121 122 123 125 119 121 112 5
119 108 120 121 118 119 124 123 121 120 122 115 6
129 108 122 783 329 120 125 596 920 122 121 117 7
119 108 164 1640 805 114 115 1990 1351 118 114 109 8
129 117 130 149 129 128 126 177 181 125 130 120 9
124 108 112 104 108 110 110 110 115 109 113 112 10
162 119 125 121 123 127 124 128 127 123 134 15000 11
Chip#1
143 118 123 120 117 116 124 122 123 117 126 134 0
127 108 117 112 108 111 114 113 113 111 115 112 1
124 108 116 119 119 119 115 120 119 119 118 112 2
127 109 186 2521 544 115 125 969 1067 117 119 113 3
117 108 126 1259 126 109 115 626 787 117 114 104 4
128 109 127 129 128 125 129 126 125 123 122 119 5
128 108 125 125 118 117 121 121 121 122 122 115 6
121 108 120 780 319 111 119 585 909 117 117 112 7
125 108 165 1654 817 121 124 1991 1351 125 123 115 8
120 108 121 143 118 113 122 168 165 112 121 112 9
128 108 116 114 113 113 117 117 117 112 114 117 10
153 108 113 110 114 111 115 115 114 114 122 15000 11
Chip#1
134 109 116 115 112 113 120 113 118 114 122 122 0
132 107 116 113 109 111 115 117 118 111 117 114 1
125 108 122 126 119 115 117 122 125 122 121 115 2
125 108 185 2514 542 120 121 972 1059 120 122 114 3
123 107 139 1272 137 119 126 631 793 120 121 114 4
117 108 120 121 119 115 120 120 119 117 114 111 5
120 108 117 118 119 115 122 122 121 122 121 111 6
115 108 125 786 321 114 121 585 914 122 117 109 7
128 109 165 1654 815 117 126 1990 1357 128 121 119 8
127 109 121 144 122 117 125 172 181 122 121 114 9
137 108 123 121 119 120 120 123 125 120 125 118 10
153 112 113 120 114 114 121 116 118 118 125 15000 11
