73.75
75.25
76.8125
78.1875
79.875
80.9375
82
82.9375
83.8125
84.6875
85.75
86.5
87.25
88
88.6875
89.375
90.3125
90.9375
91.5625
92.4375
93.0625
93.6875
94.25
94.875
95.625
96.1875
96.9375
97.4375
98.1875
98.75
99.25
99.75
100.4375
100.9375
101.625
102.125
102.75
103.25
103.6875
104.3125
104.6875
105.0625
105.375
105.75
106.1875
106.625
106.9375
107.375
107.75
106.75
106.6875
107.375
107.8125
106.875
106.5625
107.25
107.75
107
106.1875
106.6875
107.5625
107.625
106.75
106.625
107.4375
107.625
106.4375
105.9375
107.6875
107.125
106.125
106.25
106.9375
107.6875
107.125
106
106.3125
107
107
106.125
106.375
107.0625
107.5625
106.75
106.3125
106.875
107.125
106.375
106.1875
106.875
107.1875
106.4375
105.8125
106.4375
107.1875
106.5
105.9375
106.5
107.25
106.625
105.75
106.1875
107.125
106.5
105.625
106.125
107.1875
107
