Chip#1
105 100 102 103 102 106 110 99 103 103 105 101 0
101 106 105 102 96 104 107 105 105 101 106 103 1
109 105 104 103 92 102 103 103 101 101 101 100 2
98 109 107 315 137 96 101 207 235 101 104 99 3
108 103 108 213 100 103 109 202 255 106 103 99 4
106 106 104 103 103 106 107 104 103 102 105 105 5
102 104 102 106 100 102 105 107 103 102 104 100 6
97 99 102 192 130 106 108 214 291 103 106 103 7
101 103 114 312 190 102 106 566 352 100 105 100 8
100 101 102 105 98 94 103 113 110 97 99 97 9
111 109 108 107 105 106 110 107 105 106 109 104 10
104 104 100 103 95 99 103 104 103 100 103 15000 11
Chip#2
103 99 106 106 105 105 111 100 105 107 101 107 0
102 102 101 109 104 102 109 99 105 100 103 103 1
101 98 105 106 105 101 101 100 105 99 101 100 2
97 93 97 96 114 98 104 100 116 108 97 100 3
100 96 104 105 114 108 103 100 132 129 104 102 4
103 97 106 100 102 103 106 100 105 101 106 101 5
103 98 103 101 98 96 104 100 101 98 98 98 6
105 102 108 104 98 107 110 100 116 108 107 105 7
99 98 103 101 114 110 105 100 162 144 99 104 8
99 97 104 103 105 98 103 100 106 103 101 100 9
97 96 109 103 102 96 107 99 100 96 98 101 10
102 91 103 98 104 100 107 99 102 104 98 15000 11
Chip#1
101 103 108 102 98 102 104 104 99 102 101 97 0
102 106 100 101 96 99 103 100 100 105 104 98 1
102 104 103 105 97 104 104 99 103 103 106 95 2
105 109 117 326 144 99 103 211 240 105 106 103 3
104 101 104 211 106 102 108 213 257 101 102 95 4
109 108 111 108 100 107 105 107 111 106 110 102 5
106 108 107 104 99 104 108 104 102 102 104 103 6
100 109 103 184 122 97 105 207 287 99 99 93 7
110 108 121 318 204 107 113 581 367 115 110 106 8
101 109 104 106 102 105 105 120 112 103 102 97 9
101 104 100 100 98 102 105 105 99 100 99 102 10
108 104 107 101 97 98 108 99 101 99 106 15000 11
Chip#2
99 95 105 99 103 96 101 100 101 92 99 102 0
97 100 104 101 104 103 99 100 103 94 98 98 1
108 102 108 103 103 105 110 100 112 103 108 112 2
106 104 112 105 114 105 107 100 125 117 102 102 3
99 105 104 109 114 108 103 100 134 127 102 106 4
97 95 102 99 101 99 100 99 99 95 100 102 5
101 95 101 99 102 99 100 99 104 97 101 97 6
99 95 103 98 102 97 107 100 121 103 98 100 7
106 104 110 109 114 117 110 100 173 149 107 105 8
101 105 106 98 105 103 108 100 114 108 95 106 9
106 104 106 104 104 104 105 100 105 99 103 102 10
101 99 104 99 104 98 103 99 102 100 104 15000 11
Chip#1
98 108 100 100 100 101 105 104 99 103 104 100 0
108 105 105 103 98 107 109 108 104 102 106 99 1
102 105 105 103 97 101 105 105 99 101 104 95 2
101 104 111 325 141 102 102 202 236 99 98 93 3
105 105 108 217 104 102 105 204 262 105 105 100 4
102 106 105 102 98 101 107 99 105 101 103 95 5
104 105 105 103 96 102 108 105 105 103 108 95 6
100 103 105 191 127 100 105 214 291 100 104 94 7
110 109 118 320 201 107 116 578 367 111 110 104 8
100 105 105 104 94 99 112 116 116 99 99 90 9
110 109 109 108 102 107 112 107 106 105 106 105 10
105 106 102 96 95 98 99 98 101 96 103 15000 11
Chip#2
109 108 112 112 104 109 116 99 112 103 109 111 0
109 107 113 109 105 108 117 100 114 100 113 110 1
110 113 116 113 105 112 116 102 120 109 112 111 2
104 104 109 114 311 131 112 100 246 205 113 108 3
105 104 110 129 284 137 115 100 339 356 111 114 4
106 109 111 111 105 107 113 100 111 106 114 106 5
104 101 108 104 105 104 105 100 109 103 107 105 6
109 107 109 109 175 112 116 100 245 154 112 110 7
115 112 118 124 334 183 123 106 694 571 116 111 8
105 104 107 101 159 108 110 100 171 175 108 110 9
115 111 115 115 105 112 116 103 111 108 116 114 10
117 113 114 113 105 112 117 101 116 112 112 15000 11
