Chip#1
108 105 104 105 105 106 107 104 108 103 104 111 0 162 120 163 23
107 107 148 159 117 136 186 116 120 178 114 111 1 0 0 0 0
98 107 484 632 114 495 947 146 370 1013 210 103 2 0 0 0 0
97 102 186 255 109 222 395 110 210 517 133 103 3 0 0 0 0
101 99 118 121 109 106 121 110 111 111 104 103 4 0 0 0 0
102 100 523 550 109 378 600 120 283 580 143 103 5 0 0 0 0
102 103 260 269 110 240 360 116 219 451 128 109 6 0 0 0 0
95 95 110 109 104 102 107 105 101 101 99 99 7 0 0 0 0
98 103 483 471 104 358 438 109 105 99 101 99 8 0 0 0 0
102 102 322 303 105 356 425 115 108 105 101 105 9 0 0 0 0
101 102 99 100 102 103 104 103 101 94 100 100 10 0 0 0 0
103 104 104 100 103 103 105 105 104 98 99 15000 11 0 0 0 0
Chip#2
102 103 100 99 102 94 100 98 94 95 95 102 0 231 128 129 23
112 107 107 108 107 104 105 104 101 106 108 106 1 0 0 0 0
112 110 112 110 108 106 108 109 108 109 112 108 2 0 0 0 0
113 114 119 204 147 111 206 176 108 162 183 114 3 0 0 0 0
101 100 120 287 193 104 224 191 100 159 175 103 4 0 0 0 0
107 102 107 119 110 100 111 108 101 104 105 102 5 0 0 0 0
112 107 110 145 129 111 321 318 110 279 424 129 6 0 0 0 0
108 110 118 223 181 117 609 619 114 420 641 147 7 0 0 0 0
103 105 100 122 116 99 143 148 101 114 135 108 8 0 0 0 0
106 107 107 106 106 102 205 260 105 198 355 124 9 0 0 0 0
103 103 104 103 101 102 476 659 122 372 682 177 10 0 0 0 0
103 97 103 100 102 99 150 193 100 124 181 15000 11 0 0 0 0
