Chip#1
104 101 102 104 101 103 107 103 103 103 100 101 0 165 120 98 23
106 105 98 104 101 106 107 104 104 101 105 104 1 0 0 0 0
99 101 99 104 98 104 102 101 99 103 98 99 2 0 0 0 0
98 99 96 99 94 98 101 101 101 96 97 99 3 0 0 0 0
99 100 100 103 96 99 102 102 99 93 100 102 4 0 0 0 0
104 104 128 132 102 130 158 108 106 103 103 105 5 0 0 0 0
105 105 108 114 100 116 133 105 111 99 101 102 6 0 0 0 0
102 97 102 107 104 95 105 104 103 93 98 100 7 0 0 0 0
96 102 133 141 103 116 123 98 97 88 96 100 8 0 0 0 0
108 104 126 129 105 122 128 105 108 101 106 104 9 0 0 0 0
98 97 97 98 97 93 101 97 93 92 97 95 10 0 0 0 0
102 100 97 102 97 98 105 103 102 99 101 7474 11 0 0 0 0
Chip#1
102 104 100 107 102 104 107 104 107 100 101 105 0 165 120 103 23
97 93 93 96 96 99 105 100 94 95 95 98 1 0 0 0 0
103 99 103 103 101 99 105 107 102 100 98 100 2 0 0 0 0
103 102 98 102 97 97 105 102 98 96 95 100 3 0 0 0 0
99 102 102 104 100 103 106 108 100 97 97 98 4 0 0 0 0
103 102 126 132 101 132 154 111 106 103 96 107 5 0 0 0 0
101 97 109 113 98 116 129 108 101 100 102 101 6 0 0 0 0
110 104 105 107 107 104 105 109 104 103 111 110 7 0 0 0 0
104 105 137 142 102 120 128 103 103 100 98 101 8 0 0 0 0
101 95 116 120 98 111 123 100 102 92 95 99 9 0 0 0 0
103 99 100 102 101 95 105 105 102 101 97 100 10 0 0 0 0
104 101 100 103 104 101 105 103 101 100 105 7474 11 0 0 0 0
Chip#1
99 106 97 106 103 98 101 100 106 103 100 100 0 165 120 84 23
105 99 100 104 104 106 109 103 103 103 102 108 1 0 0 0 0
101 104 106 104 102 105 112 103 106 103 100 104 2 0 0 0 0
99 102 99 102 101 103 111 105 104 105 101 101 3 0 0 0 0
106 106 103 106 105 105 112 109 103 97 103 107 4 0 0 0 0
105 109 151 153 105 160 207 108 106 107 103 105 5 0 0 0 0
101 99 119 119 98 129 157 103 103 100 101 100 6 0 0 0 0
103 100 102 101 103 100 107 101 102 100 100 96 7 0 0 0 0
95 96 159 163 90 123 136 101 98 92 91 96 8 0 0 0 0
102 102 143 139 102 135 143 104 103 97 102 102 9 0 0 0 0
101 99 105 103 102 100 105 101 107 103 97 104 10 0 0 0 0
106 102 106 102 107 101 108 107 102 101 103 7474 11 0 0 0 0
Chip#1
105 100 100 106 101 98 102 100 101 101 102 102 0 164 120 82 23
101 107 111 115 109 108 117 111 103 111 105 101 1 0 0 0 0
110 107 155 183 112 159 206 117 148 238 118 107 2 0 0 0 0
106 109 121 132 109 129 147 114 127 171 108 109 3 0 0 0 0
115 114 188 194 115 154 220 128 123 122 116 113 4 0 0 0 0
108 115 2152 2122 124 2446 220 212 154 190 112 110 5 0 0 0 0
102 112 892 888 114 1311 2332 138 136 180 108 100 6 0 0 0 0
110 111 173 170 116 117 124 112 113 108 105 101 7 0 0 0 0
109 131 3128 2884 126 1368 1684 126 111 108 98 102 8 0 0 0 0
115 128 1932 1570 123 1376 1674 130 111 113 106 110 9 0 0 0 0
123 114 111 120 114 111 116 112 113 107 107 107 10 0 0 0 0
140 125 113 112 115 110 114 114 109 115 111 7474 11 0 0 0 0
Chip#1
115 110 106 113 111 112 117 112 111 111 109 115 0 164 120 188 23
115 107 117 125 112 117 127 113 113 121 112 107 1 0 0 0 0
111 109 170 199 109 174 232 121 159 254 121 107 2 0 0 0 0
114 107 126 133 111 132 161 118 136 186 111 107 3 0 0 0 0
116 115 211 219 122 169 246 131 123 124 111 116 4 0 0 0 0
102 112 2710 2675 121 3097 246 231 150 222 111 102 5 0 0 0 0
110 111 1136 1099 124 1637 2950 159 148 190 113 107 6 0 0 0 0
114 115 190 192 119 128 134 122 118 108 109 107 7 0 0 0 0
112 150 3938 3644 127 1714 2128 126 113 108 105 110 8 0 0 0 0
109 117 2437 1970 115 1712 2098 125 108 101 100 101 9 0 0 0 0
131 117 119 123 116 117 123 115 113 109 112 112 10 0 0 0 0
150 150 117 115 117 115 120 111 113 116 113 7474 11 0 0 0 0
Chip#1
109 105 104 108 100 101 107 108 106 99 102 104 0 163 119 106 23
109 104 113 119 107 114 122 117 114 114 112 109 1 0 0 0 0
105 101 173 201 107 171 233 118 160 254 124 106 2 0 0 0 0
110 110 128 142 117 136 163 126 139 190 114 106 3 0 0 0 0
110 109 216 221 119 162 248 126 123 117 105 108 4 0 0 0 0
104 115 2877 2859 127 3289 248 247 163 238 116 104 5 0 0 0 0
116 118 1208 1167 128 1737 3152 165 153 206 122 111 6 0 0 0 0
111 115 195 195 121 121 130 123 118 105 106 100 7 0 0 0 0
114 150 195 3885 138 1820 2258 147 116 113 112 115 8 0 0 0 0
116 128 2580 2094 123 1817 2223 129 109 104 102 110 9 0 0 0 0
129 120 119 118 112 115 119 113 109 108 106 109 10 0 0 0 0
147 128 111 112 116 112 117 112 113 112 111 7474 11 0 0 0 0
Chip#1
111 110 110 115 110 110 116 109 111 112 112 113 0 166 120 192 23
108 109 110 120 110 108 124 108 108 117 107 105 1 0 0 0 0
114 110 177 205 109 175 247 121 164 263 125 111 2 0 0 0 0
115 117 129 145 117 139 167 124 142 206 117 111 3 0 0 0 0
110 115 216 224 118 164 252 128 122 126 111 111 4 0 0 0 0
120 127 2934 2915 140 3353 252 256 173 238 124 117 5 0 0 0 0
109 109 1216 1170 117 1756 3191 158 143 206 109 107 6 0 0 0 0
118 118 198 203 124 127 136 123 119 114 109 111 7 0 0 0 0
116 150 198 3947 135 1855 2296 140 117 109 106 115 8 0 0 0 0
120 133 2624 2127 128 1855 2268 133 116 113 109 111 9 0 0 0 0
128 114 118 121 111 117 122 110 111 109 109 109 10 0 0 0 0
145 127 110 113 114 114 113 111 109 104 106 7474 11 0 0 0 0
