Chip#1
122 109 117 106 111 113 122 113 119 115 120 105 0
113 109 112 99 107 108 115 117 109 111 113 103 1
115 109 114 110 109 112 119 116 117 113 113 100 2
110 109 135 890 254 112 116 405 437 116 114 102 3
113 109 119 480 113 111 117 301 336 115 116 98 4
115 109 117 108 112 112 121 116 119 119 114 104 5
115 109 117 106 117 115 123 118 114 111 120 103 6
115 109 118 185 140 113 125 230 298 116 116 106 7
115 109 123 282 196 118 119 565 437 117 117 105 8
115 109 113 107 111 113 115 131 129 115 112 99 9
126 109 123 108 115 123 124 123 124 115 121 111 10
118 109 116 107 113 113 114 114 115 117 117 15000 11
Chip#2
106 101 111 96 102 96 112 97 112 113 95 98 0
113 104 112 97 102 104 119 99 117 111 101 101 1
113 103 118 101 102 103 115 99 121 109 104 105 2
104 95 108 95 162 106 105 99 145 137 95 96 3
113 98 116 107 163 117 116 100 157 173 107 105 4
113 103 112 99 103 106 112 99 113 112 104 105 5
115 103 118 102 103 106 119 99 117 113 114 104 6
108 98 113 94 103 103 112 99 122 108 98 94 7
100 96 113 94 103 102 104 99 165 137 93 94 8
110 99 116 100 103 103 111 99 125 116 100 101 9
109 100 117 96 104 102 114 99 118 109 102 96 10
113 101 121 100 104 103 115 99 120 110 104 15000 11
Chip#3
111 96 109 99 116 120 112 111 95 103 109 103 0
107 96 105 97 109 120 110 108 97 100 106 98 1
111 93 100 94 107 110 106 106 92 100 104 98 2
105 92 103 94 109 105 108 110 103 99 99 100 3
104 94 104 97 109 112 104 105 97 101 105 102 4
112 93 109 101 113 112 108 109 93 95 101 100 5
112 96 103 99 109 120 111 110 93 100 106 103 6
111 97 109 105 114 120 111 113 108 104 109 102 7
104 97 105 107 117 109 104 106 106 101 105 100 8
111 99 106 104 112 120 109 105 100 103 106 104 9
112 100 106 104 111 115 108 108 100 104 106 101 10
109 98 108 100 112 120 110 111 102 101 108 15000 11
Chip#4
107 100 128 98 118 115 122 119 104 112 117 110 0
100 92 110 91 112 105 122 109 107 100 106 112 1
105 101 128 104 118 117 122 116 117 114 120 114 2
105 101 128 103 118 114 122 115 117 113 123 112 3
103 100 117 99 118 112 111 116 114 112 120 114 4
102 97 113 98 113 110 122 109 111 105 116 106 5
105 98 117 98 121 114 122 116 118 111 119 109 6
102 104 113 99 116 109 116 116 113 113 117 110 7
99 91 107 91 119 105 106 108 110 107 109 102 8
105 95 114 97 118 108 122 109 111 104 109 107 9
99 95 112 98 112 106 110 109 103 105 112 101 10
103 97 120 103 113 109 122 112 110 109 116 15000 11
