Chip#1
105 99 104 111 101 106 106 110 104 106 106 102 0
109 101 109 116 105 108 106 108 105 103 104 105 1
105 101 105 108 105 106 106 110 104 100 106 100 2
104 98 100 110 102 106 101 106 102 105 105 95 3
98 94 102 107 103 104 105 110 101 105 100 99 4
103 91 102 108 99 105 106 113 95 101 102 98 5
99 94 99 104 96 103 101 104 97 96 105 99 6
93 89 95 98 93 97 95 100 93 97 97 94 7
104 100 106 111 108 108 96 113 106 103 106 104 8
106 100 100 112 101 105 96 112 102 106 108 102 9
103 95 107 111 98 104 103 109 102 105 104 102 10
99 91 99 102 95 102 99 101 98 101 92 15000 11
Chip#2
101 103 95 92 100 101 104 102 101 97 104 100 0
102 102 93 93 99 105 102 101 103 96 102 100 1
107 107 97 99 106 104 109 107 106 105 108 103 2
105 106 96 98 104 108 104 108 108 104 106 106 3
111 110 99 99 106 108 109 112 106 105 107 109 4
101 101 99 95 103 101 102 97 106 100 102 103 5
94 98 88 93 98 98 97 100 98 96 102 97 6
100 102 95 93 101 102 104 104 102 101 103 97 7
104 102 93 95 101 105 105 104 108 104 102 103 8
100 102 92 92 102 98 101 102 106 97 105 97 9
97 102 92 93 99 100 97 102 102 96 97 98 10
102 103 96 94 100 102 101 105 105 97 105 15000 11
Chip#3
98 104 102 97 103 99 101 101 98 100 99 101 0
102 107 105 98 105 104 102 97 97 104 104 101 1
101 104 103 103 103 106 106 99 100 99 103 101 2
100 108 102 98 104 105 106 101 98 100 105 100 3
97 108 100 99 102 103 99 97 97 98 102 101 4
104 108 106 99 107 105 105 102 99 100 104 101 5
106 108 103 104 107 106 111 104 99 105 108 106 6
101 105 105 99 101 104 105 101 100 99 105 105 7
101 105 102 102 107 104 106 100 98 103 103 103 8
103 105 105 98 103 106 105 102 98 102 103 99 9
97 99 99 92 99 102 99 96 96 98 105 99 10
103 108 105 103 107 108 108 104 104 104 110 15000 11
Chip#4
101 104 102 102 101 108 101 102 109 101 104 103 0
103 101 101 103 96 104 105 101 108 102 106 101 1
106 102 107 103 102 112 105 105 109 103 110 107 2
109 106 104 110 102 114 110 107 110 102 109 102 3
102 99 99 102 104 109 104 106 107 98 107 100 4
96 102 101 99 96 107 100 99 107 101 105 96 5
114 109 114 106 107 117 109 114 115 107 111 109 6
107 100 104 99 101 108 104 107 110 99 105 106 7
102 98 100 102 98 108 105 107 103 102 102 100 8
108 102 108 104 104 113 104 105 108 102 107 100 9
108 104 109 104 101 113 106 107 113 103 109 107 10
103 99 98 98 94 109 100 103 102 96 105 15000 11
Chip#1
102 93 99 102 92 106 93 97 96 93 100 91 0
104 96 99 111 97 110 102 100 98 102 105 95 1
104 99 99 104 97 108 102 104 101 100 104 98 2
109 98 107 112 103 111 105 108 101 105 107 100 3
113 103 111 118 105 115 105 109 107 107 106 106 4
109 104 108 112 94 112 105 109 102 107 107 101 5
103 95 103 111 97 107 102 104 98 101 102 94 6
101 98 106 108 98 104 100 105 96 97 101 95 7
104 95 100 108 93 98 101 102 97 98 100 95 8
110 106 111 119 123 112 101 112 105 109 113 107 9
101 94 100 104 90 101 98 98 95 95 100 95 10
107 104 103 114 97 106 102 106 98 102 109 15000 11
Chip#2
105 109 96 96 105 106 109 108 106 101 109 104 0
107 110 97 98 105 106 105 105 103 99 109 104 1
110 112 97 98 104 105 106 105 106 103 109 105 2
100 101 89 89 93 100 100 97 94 92 102 102 3
102 101 96 96 102 102 104 101 102 99 103 102 4
104 105 93 94 101 105 101 98 101 95 107 102 5
110 109 101 102 108 109 108 109 109 105 108 106 6
98 105 92 93 102 104 102 101 101 93 103 98 7
102 106 93 95 101 104 105 100 99 100 108 103 8
102 106 92 98 105 104 106 101 108 97 107 103 9
102 107 91 94 101 106 104 104 102 98 100 102 10
100 102 92 94 101 100 102 94 101 94 102 15000 11
Chip#3
105 107 103 99 111 105 99 99 99 104 107 103 0
102 103 102 98 102 99 96 96 98 95 100 92 1
106 107 105 103 112 108 103 106 104 108 108 104 2
105 109 104 107 111 108 105 106 101 106 105 102 3
104 108 101 99 107 104 102 100 104 103 107 101 4
102 105 103 104 108 104 102 101 99 100 102 103 5
95 95 94 91 97 92 95 91 93 89 95 99 6
106 111 108 101 104 100 106 97 104 103 104 104 7
104 103 103 99 111 104 103 99 102 100 103 104 8
100 100 103 101 106 100 101 100 100 103 102 100 9
92 99 100 96 103 100 92 94 98 99 99 91 10
100 102 101 101 103 102 101 95 96 100 99 15000 11
Chip#4
111 105 105 102 105 112 111 110 112 103 106 106 0
99 95 99 94 100 110 97 96 103 96 102 106 1
107 101 105 102 99 113 105 102 104 101 105 108 2
107 98 104 102 98 112 105 103 105 97 107 98 3
108 104 97 101 100 110 102 96 107 103 107 98 4
103 100 98 101 100 114 103 103 107 106 106 101 5
103 97 101 101 97 109 103 101 107 99 101 100 6
106 98 100 102 100 105 102 99 107 102 103 106 7
113 105 105 106 104 114 107 106 107 104 110 108 8
111 106 109 104 101 112 110 109 112 105 108 108 9
99 99 101 102 98 105 103 103 102 98 107 98 10
101 98 100 99 97 105 102 99 104 98 100 15000 11
Chip#1
108 104 104 112 98 110 106 106 105 105 104 141 0
101 95 95 104 92 100 97 94 93 92 95 92 1
108 101 106 111 98 110 97 109 102 103 106 101 2
104 96 102 107 94 106 101 105 105 101 102 95 3
102 96 100 104 96 105 99 101 96 102 100 94 4
111 101 107 115 102 112 106 112 104 108 109 102 5
103 98 103 106 97 104 101 104 104 96 101 91 6
103 95 102 104 101 105 105 109 102 103 102 100 7
98 94 96 100 96 105 99 100 93 97 96 90 8
104 99 102 111 93 107 105 110 104 105 106 100 9
96 91 96 100 86 101 93 100 93 93 95 85 10
105 101 104 106 102 107 106 109 102 102 102 15000 11
Chip#2
100 103 95 99 101 102 105 104 101 103 105 101 0
107 109 99 97 108 108 106 105 106 108 109 103 1
97 103 92 90 97 97 95 101 98 100 102 94 2
100 98 93 94 101 98 95 98 101 97 102 98 3
95 105 95 93 101 97 100 101 98 99 102 98 4
108 110 99 99 102 104 108 107 108 100 110 103 5
98 98 89 92 99 95 97 96 96 97 99 97 6
101 103 92 94 102 100 102 104 102 100 102 98 7
98 99 95 90 95 97 94 98 96 95 102 97 8
98 105 95 92 98 97 95 101 99 96 103 100 9
105 107 96 96 102 98 100 107 99 100 102 98 10
100 101 88 92 95 100 94 97 99 99 99 15000 11
Chip#3
99 104 102 99 102 104 106 102 101 107 104 104 0
100 103 101 97 102 100 100 94 97 102 98 101 1
101 102 100 95 99 102 97 95 98 99 95 100 2
100 104 101 97 103 105 101 99 97 99 102 99 3
101 102 100 96 96 99 99 95 99 100 97 99 4
106 111 108 104 110 110 107 102 105 104 105 105 5
106 111 107 102 106 111 110 105 100 108 105 106 6
100 102 103 97 101 103 100 100 98 99 98 99 7
102 99 97 92 94 98 95 94 94 95 93 99 8
100 105 105 99 106 107 103 99 99 102 99 104 9
104 105 105 98 109 105 106 102 102 104 103 105 10
105 107 108 102 107 110 112 105 103 105 108 15000 11
Chip#4
104 97 100 101 97 112 99 99 102 98 108 103 0
101 99 100 99 100 112 102 106 105 95 109 100 1
103 99 99 98 103 113 102 105 104 99 107 101 2
109 104 104 104 103 114 103 105 107 103 107 106 3
108 105 105 104 104 116 103 106 108 106 107 107 4
102 100 99 101 102 112 102 107 104 99 105 101 5
109 101 102 104 100 112 101 105 104 105 110 103 6
108 98 102 102 101 108 103 106 104 101 110 102 7
108 100 101 98 100 107 100 100 107 102 105 104 8
116 105 104 103 101 117 106 107 110 103 110 104 9
103 100 97 101 96 109 101 99 102 101 103 100 10
109 104 106 106 103 116 103 110 112 111 111 15000 11
Chip#1
103 103 104 104 102 106 102 109 104 103 105 100 0
102 98 99 100 94 101 97 105 95 102 92 96 1
101 96 100 102 93 104 97 105 101 102 101 96 2
101 100 99 102 98 106 97 102 101 101 105 99 3
97 96 100 102 92 104 99 98 96 100 97 98 4
99 100 98 102 98 104 99 104 102 101 102 99 5
104 96 100 108 98 105 101 105 101 103 104 98 6
101 91 98 98 94 100 97 101 95 98 92 94 7
96 91 98 99 96 100 96 102 92 97 96 93 8
108 100 107 103 99 106 96 112 105 106 106 101 9
102 100 103 98 97 108 99 105 101 101 101 99 10
102 96 104 98 94 102 103 104 100 98 101 15000 11
Chip#2
100 101 92 94 98 101 100 100 98 96 106 97 0
105 105 100 101 104 102 102 100 102 101 106 101 1
100 95 91 94 97 97 95 100 98 97 97 93 2
94 99 91 92 97 97 93 97 99 96 95 92 3
101 101 96 94 103 101 98 100 103 97 103 92 4
105 106 99 100 102 104 101 101 103 103 107 101 5
97 101 92 95 99 100 98 100 96 93 103 94 6
98 99 89 94 102 102 94 100 102 101 105 97 7
101 101 92 93 101 100 98 100 101 99 104 94 8
100 98 88 90 97 95 98 100 98 97 106 92 9
92 96 91 94 95 98 90 94 98 93 102 92 10
98 101 95 88 98 97 93 98 98 92 102 15000 11
Chip#3
103 108 105 97 104 102 105 101 100 103 104 101 0
107 104 105 98 110 105 101 99 102 105 103 103 1
109 113 116 107 111 113 108 105 105 109 109 107 2
102 105 106 103 106 106 101 102 100 103 107 103 3
105 105 101 93 102 100 105 102 102 104 105 104 4
104 104 106 101 104 104 106 102 99 103 107 105 5
99 104 103 97 104 108 101 100 100 100 103 103 6
105 111 108 104 108 111 110 105 105 108 112 106 7
100 102 100 93 96 100 100 95 99 99 102 99 8
101 109 105 102 104 107 103 101 102 97 104 104 9
101 105 103 96 104 106 101 101 103 105 107 104 10
95 102 100 96 97 103 100 95 98 97 105 15000 11
Chip#4
109 101 106 101 101 107 107 110 103 98 110 103 0
107 101 101 97 100 105 98 103 97 96 103 97 1
99 94 99 97 96 102 98 102 96 98 102 100 2
102 104 101 103 101 107 105 106 102 95 107 102 3
104 92 98 98 99 103 101 100 99 99 104 97 4
107 104 104 105 108 108 101 105 105 104 107 102 5
108 101 105 103 102 108 106 103 105 101 105 103 6
110 107 102 105 104 109 104 106 104 103 114 103 7
108 107 107 104 106 107 105 111 108 110 111 104 8
103 101 102 99 102 105 98 102 102 99 102 98 9
102 97 93 97 93 96 97 100 98 93 99 96 10
104 98 104 97 98 102 101 102 99 99 100 15000 11
