Chip#1
0 59 33 0 0 43 0 0 0 0 60 145 0
0 50 36 6 0 58 10 0 0 0 60 137 1
0 52 289 296 0 318 522 3 120 474 196 141 2
0 56 152 65 0 134 226 0 37 218 149 140 3
0 52 33 65 0 35 186 0 0 218 44 134 4
0 47 33 65 0 43 186 0 66 234 142 133 5
0 50 33 65 0 41 186 0 35 242 142 134 6
0 54 33 65 0 37 186 0 0 87 44 139 7
0 53 33 65 0 48 186 0 0 98 60 137 8
0 53 33 65 0 43 186 0 0 85 125 132 9
0 54 33 65 0 37 186 0 0 92 60 139 10
0 53 33 65 0 39 186 0 0 92 44 15000 11
Chip#1
0 52 33 65 0 29 186 0 0 89 124 135 0
0 53 35 6 0 62 10 0 0 128 60 137 1
0 52 289 286 0 317 588 2 114 474 187 132 2
0 47 66 58 0 126 226 0 30 218 142 132 3
0 50 33 58 0 37 170 0 0 218 126 133 4
0 51 33 58 0 46 170 0 66 234 148 132 5
0 47 33 58 0 38 170 0 37 242 60 132 6
0 52 33 58 0 33 170 0 37 85 44 133 7
0 48 33 58 0 37 170 0 0 84 44 131 8
0 44 33 58 0 38 170 0 0 85 44 132 9
0 46 33 58 0 30 170 0 0 87 44 133 10
0 47 33 58 0 32 170 0 0 89 44 15000 11
