Chip#1
108 105 104 98 101 101 102 101 103 108 105 98 0
108 102 104 96 103 101 103 100 98 101 102 98 1
99 96 101 95 96 98 100 98 98 97 94 88 2
108 99 112 171 113 101 102 130 131 104 101 101 3
106 102 104 140 106 101 105 122 129 107 105 97 4
108 107 114 108 109 108 111 111 109 112 109 104 5
106 99 102 95 100 95 102 95 95 101 98 97 6
104 96 101 113 101 95 97 112 117 97 99 93 7
101 102 104 145 120 100 100 112 138 103 101 93 8
103 101 108 103 100 99 106 102 98 103 101 97 9
103 106 102 98 97 95 100 98 97 101 101 96 10
103 102 106 98 96 97 98 96 101 100 98 15000 11
Chip#1
98 93 95 90 97 93 97 95 91 97 94 93 0
99 97 101 96 100 100 101 97 97 103 98 94 1
102 98 102 101 101 102 98 103 97 102 102 94 2
106 98 109 247 128 103 106 140 158 104 101 96 3
108 107 113 172 103 106 111 105 153 111 107 103 4
106 107 106 104 106 105 110 102 105 106 99 96 5
106 101 107 107 107 103 105 108 103 106 103 98 6
102 92 99 132 109 98 98 125 141 97 91 92 7
111 107 112 197 149 103 106 208 181 107 103 98 8
103 105 107 104 105 100 102 105 103 102 97 96 9
108 107 113 107 106 105 111 103 105 108 109 98 10
108 97 98 96 95 92 97 92 91 100 93 15000 11
Chip#1
116 105 107 97 102 100 103 100 102 103 102 104 0
103 97 101 96 99 98 101 100 99 103 101 98 1
110 107 108 107 103 105 108 107 105 107 102 101 2
106 102 120 634 194 100 106 291 312 103 99 97 3
103 103 107 367 114 101 102 226 254 102 101 96 4
108 107 111 104 107 106 108 105 106 107 103 97 5
106 98 106 103 107 103 108 100 101 102 105 101 6
103 97 107 251 146 100 103 197 259 102 97 97 7
106 103 118 450 257 104 106 509 374 103 98 97 8
99 100 104 103 99 97 96 113 114 100 93 93 9
98 94 98 92 94 95 97 92 95 96 90 93 10
112 106 106 96 103 105 106 102 102 103 101 15000 11
Chip#1
104 101 104 98 96 97 102 97 98 100 102 97 0
99 93 97 92 89 97 97 92 97 96 95 91 1
91 94 98 96 95 95 95 96 95 96 91 90 2
106 99 130 839 229 105 103 366 395 102 101 97 3
111 99 112 461 114 109 111 277 319 104 99 103 4
102 98 103 98 97 104 102 98 103 98 99 94 5
104 98 104 99 101 99 107 101 99 102 97 96 6
111 107 113 314 168 108 112 247 330 108 109 106 7
101 102 117 577 327 98 103 674 465 101 98 95 8
108 103 104 117 101 104 105 120 121 102 103 92 9
115 107 111 110 108 109 114 110 107 109 107 108 10
111 102 106 99 101 104 105 105 99 102 102 15000 11
Chip#1
111 103 101 99 103 101 106 101 103 102 105 106 0
111 106 107 99 107 105 108 103 103 106 102 99 1
115 107 114 112 113 111 112 111 115 107 114 104 2
103 102 131 904 242 105 103 396 421 104 101 96 3
103 97 108 490 105 101 101 286 334 102 98 93 4
104 98 104 103 106 103 103 103 99 100 99 96 5
112 106 109 109 112 110 114 111 105 107 109 101 6
108 106 113 330 168 109 110 253 348 104 103 106 7
101 96 121 616 343 100 101 719 499 102 101 97 8
102 98 106 114 105 101 105 121 119 101 98 93 9
112 105 112 104 107 111 111 107 105 106 102 107 10
115 102 107 104 101 102 102 102 102 107 103 15000 11
Chip#1
111 107 108 103 106 103 107 103 102 106 105 104 0
108 97 106 101 101 100 103 101 103 100 101 98 1
107 99 106 103 103 104 106 106 102 102 106 97 2
110 103 131 971 250 99 106 396 437 103 101 93 3
99 94 103 524 101 93 96 291 350 92 91 88 4
104 98 108 98 103 100 106 95 102 103 97 96 5
103 102 102 99 97 100 102 95 98 102 101 88 6
108 105 106 347 173 101 109 266 367 103 98 98 7
107 106 129 670 372 104 106 778 532 106 102 101 8
112 107 111 119 108 105 110 127 126 104 103 99 9
106 105 107 104 101 103 105 106 99 102 102 97 10
123 107 109 106 109 108 110 106 106 107 111 15000 11
