Chip#1
147 178 169 153 301 162 222 238 158 203 104 264 0
147 227 175 158 309 168 233 245 166 211 111 275 1
147 227 177 158 307 167 228 242 160 211 107 266 2
147 227 174 167 305 161 223 250 168 201 102 267 3
147 227 173 162 306 165 231 255 170 205 109 266 4
147 227 171 158 305 164 228 244 157 210 107 271 5
147 177 168 152 305 164 226 242 158 204 106 265 6
147 227 171 161 306 165 228 253 177 206 109 267 7
85 178 169 167 305 160 222 253 180 205 103 264 8
147 227 176 157 306 164 228 246 164 205 110 267 9
147 236 177 159 310 172 233 250 166 209 109 271 10
147 227 179 158 308 168 233 242 159 204 107 15000 11
Chip#2
55 0 17 0 125 2 113 121 42 37 59 0 0
56 0 17 0 119 0 110 105 42 35 51 0 1
56 0 17 0 120 0 39 121 42 35 55 0 2
52 0 17 0 116 0 106 121 42 35 49 0 3
58 0 17 0 124 0 109 121 42 35 56 0 4
63 0 17 0 120 0 110 121 58 35 55 0 5
56 0 17 0 117 0 106 121 42 35 51 0 6
50 0 17 0 120 0 106 121 58 35 50 0 7
55 0 17 0 119 0 106 121 58 35 51 0 8
54 0 17 0 116 0 110 121 42 35 51 0 9
51 0 17 0 120 0 110 121 42 35 49 0 10
52 0 17 0 112 0 39 121 42 35 49 15000 11
Chip#3
198 223 223 5 143 51 183 123 299 212 166 149 0
198 223 223 16 143 61 199 132 299 212 175 169 1
198 223 223 12 143 56 183 129 299 212 199 161 2
198 223 223 12 143 61 183 131 299 212 173 158 3
198 223 223 14 143 56 183 124 299 212 199 161 4
198 223 223 11 143 65 199 128 299 212 172 161 5
198 223 223 14 143 63 199 130 299 212 199 166 6
198 223 223 7 143 56 199 125 299 212 199 157 7
198 223 207 10 143 55 183 122 299 212 173 159 8
198 223 223 6 143 60 199 124 299 212 199 166 9
198 223 223 9 143 56 183 122 299 212 199 165 10
198 223 223 9 143 61 183 124 299 212 173 15000 11
Chip#4
27 147 162 128 64 181 309 99 244 108 29 47 0
29 155 170 136 69 189 319 99 251 115 34 51 1
29 152 167 136 74 192 316 99 255 116 33 55 2
28 152 165 129 68 191 313 179 251 190 32 53 3
33 155 169 134 70 190 319 99 253 190 34 54 4
30 152 169 139 73 189 313 99 256 190 34 57 5
29 155 170 131 69 190 311 99 252 190 33 53 6
30 152 166 137 73 191 313 99 253 190 34 53 7
26 146 161 129 68 184 310 83 246 113 28 48 8
28 147 162 133 64 184 311 83 245 112 28 54 9
35 156 167 137 69 191 315 99 255 190 32 55 10
29 152 161 132 67 182 308 99 245 108 28 15000 11
