Chip#1
123 109 105 109 109 116 113 110 114 103 109 113 0
103 103 141 166 107 142 188 107 119 182 104 100 1
102 100 520 675 114 556 1064 146 402 1092 218 99 2
108 110 204 278 115 251 433 118 226 544 149 108 3
103 103 122 127 111 115 123 109 116 112 105 100 4
107 107 469 475 112 343 538 122 307 638 149 109 5
98 98 227 235 104 222 313 102 226 472 123 96 6
93 93 102 107 100 98 105 98 103 95 93 90 7
102 97 414 413 105 330 385 105 105 98 99 94 8
104 107 284 266 108 323 373 109 110 99 104 106 9
108 105 106 110 114 109 111 110 113 99 106 103 10
110 105 104 105 110 104 110 107 106 102 105 15000 11
Chip#2
107 107 107 105 112 102 105 105 104 104 105 108 0
107 103 104 101 108 101 101 106 104 104 101 107 1
102 103 102 100 101 99 101 102 99 100 99 105 2
107 103 115 209 146 107 211 180 104 162 177 107 3
109 106 129 313 213 110 248 211 106 173 185 111 4
110 110 110 127 119 106 110 111 110 109 108 111 5
109 102 107 145 128 106 316 314 105 269 416 124 6
102 100 112 229 178 107 581 597 107 400 615 135 7
104 112 112 131 121 105 143 149 107 122 138 110 8
101 101 103 103 106 100 201 255 101 194 349 121 9
98 98 97 97 100 100 459 643 123 354 655 174 10
109 111 108 109 111 111 151 199 106 129 184 15000 11
