47.75
54.1875
55.625
56.5
57.75
58.875
59.625
60.6875
61.375
62.4375
63.0625
64
64.6875
65.5625
66.5
67.375
67.9375
68.8125
69.375
70.25
71.0625
71.875
72.4375
73.1875
74
74.5
75.25
76
76.75
77.25
78.1875
78.6875
79.375
79.8125
80.5
81
81.625
82.3125
82.9375
83.625
84
84.625
85.0625
85.6875
86.3125
86.75
87.125
87.6875
88.125
88.6875
89.0625
89.625
90
90.5625
90.9375
91.3125
91.875
92.25
92.75
93.3125
93.625
94.1875
94.5
94.9375
95.125
95.375
95.875
96.125
96.5
96.75
97.125
97.375
97.4375
96.8125
96.4375
96.875
97.3125
97.75
97.3125
96.6875
96.3125
96.75
97.1875
97.875
97.6875
96.8125
96.25
96.375
96.8125
97.3125
97.875
97.5625
96.9375
96.1875
96.375
97.125
97.625
97.375
96.8125
96.1875
96.3125
97
97.5
97.1875
96.3125
96.0625
96.625
97.1875
97.625
97.25
96.375
96.3125
96.75
97.5
97.4375
96.6875
96.1875
96.4375
97
97.5625
97.3125
96.75
96
96.125
96.9375
97.5
97.1875
96.375
95.8125
96
96.5625
97.5
97.5
97.0625
96.25
96
96.6875
97.3125
97.125
96.625
95.8125
95.9375
96.8125
97
96.6875
95.9375
96.0625
96.875
97.0625
96.5
96
96.0625
96.875
97.25
96.75
96.25
95.75
96.1875
96.75
97.0625
96.75
96.1875
95.6875
96
96.875
97
96.375
95.6875
95.75
96.25
96.8125
96.3125
95.8125
95.6875
96.375
96.9375
96.875
96.375
95.6875
95.75
96.4375
96.625
96.625
96.75
96.3125
95.5625
95
94.5
93.8125
93.5625
94.125
95.25
95.9375
97
97.0625
96.625
95.8125
95.25
94.4375
93.9375
93.6875
94.25
94.9375
96.0625
96.75
96.6875
95.9375
95.375
94.5625
94.0625
93.5625
93.6875
94.375
95.4375
96.5625
96.9375
96.5
95.6875
95.125
94.3125
93.8125
93.625
94.5
95.25
96.375
97.0625
96.75
96
95.4375
94.625
94.125
93.4375
93.625
94.5625
95.3125
96.4375
96.75
96.25
95.6875
95.125
94.375
93.875
93.625
94.1875
95.3125
96.0625
96.875
96.4375
95.625
95.125
94.3125
93.8125
93.5
94.125
95.25
95.9375
97
96.8125
96.3125
95.5
94.9375
94.1875
93.75
94
94.6875
95.8125
96.5625
96.9375
96.5625
95.8125
95.25
94.4375
94
93.375
93.5625
94.5625
95.3125
96.4375
96.75
96.25
95.6875
94.875
94.125
93.6875
93.625
94.25
95.375
96.125
96.875
96.625
95.8125
95
94.5
93.8125
93.375
93.875
94.5625
95.625
96.25
96.875
94.3125
93.625
93.6875
94.5625
95.375
96.4375
96.9375
96.5625
96.0625
95.25
94.4375
94
93.375
93.5625
94.5625
95.6875
96.4375
96.6875
96.3125
95.5
95
94.25
93.75
93.375
94.125
94.8125
95.8125
96.4375
96.75
96.375
95.5625
94.75
94.3125
93.625
93.625
94.5625
95.3125
96.4375
96.9375
96.5
96
95.1875
94.4375
94
93.375
93.5625
94.625
95.375
96.5
96.75
96.3125
95.75
94.9375
94.25
93.75
93.5
94
95.125
95.875
96.625
96.75
96.125
95.3125
94.75
94.0625
93.625
93.8125
94.5
95.625
96.375
97.1875
96.8125
96.25
95.4375
94.9375
94.1875
93.75
93.5625
94.125
95.25
96.4375
96.75
96.25
95.5
94.9375
94.25
93.8125
93.5
94.0625
95.1875
96.3125
97
97
96.5
95.75
94.9375
94.4375
93.75
93.5
94.0625
95.25
96.375
97.0625
97
96.5625
95.75
95.1875
94.5
94.0625
93.5
94.125
95.25
96.375
97
96.875
96.125
