Chip#1
113 108 114 111 103 111 115 108 105 115 109 102 0
110 109 112 108 99 108 112 107 106 107 108 99 1
109 109 113 208 139 111 115 151 181 106 109 101 2
121 109 121 353 133 117 118 247 258 118 118 108 3
105 103 100 107 100 104 112 107 121 103 106 95 4
115 109 118 113 109 113 117 112 111 115 113 104 5
115 109 116 115 111 115 118 113 116 110 112 107 6
104 96 107 333 211 103 104 256 268 100 101 93 7
118 109 117 205 149 116 120 189 156 116 112 104 8
98 100 104 102 96 103 108 104 99 101 102 93 9
117 109 117 111 104 113 112 108 113 110 105 104 10
109 106 105 106 103 110 108 105 105 107 104 15000 11
Chip#2
100 99 111 101 114 108 107 100 111 108 105 105 0
94 97 102 99 99 101 105 100 106 102 97 94 1
100 100 112 101 114 108 104 100 107 106 104 101 2
101 99 112 109 138 133 104 100 142 173 107 105 3
100 103 114 104 114 115 110 100 127 134 110 101 4
100 99 113 106 105 108 110 100 106 107 109 102 5
98 94 104 102 101 99 104 100 105 97 99 94 6
97 94 104 99 139 121 99 100 145 135 101 94 7
98 97 108 101 123 124 103 100 120 145 102 100 8
103 99 108 101 105 105 101 100 107 104 104 100 9
103 99 105 99 98 105 105 100 102 98 104 99 10
94 90 102 101 97 101 99 100 101 98 94 15000 11
Chip#3
106 98 102 101 105 105 97 103 95 100 104 102 0
108 100 109 105 110 110 104 104 104 103 109 112 1
101 95 103 101 106 105 99 104 97 93 101 103 2
98 90 96 162 190 104 93 134 184 98 95 99 3
104 95 102 160 179 106 101 121 184 103 98 99 4
105 100 103 101 105 109 107 106 101 102 106 106 5
106 98 103 101 107 110 101 104 98 100 99 105 6
110 103 109 133 117 113 102 109 172 110 106 108 7
101 94 100 188 194 104 98 115 239 103 98 102 8
106 95 103 101 115 105 103 105 103 98 98 105 9
111 105 109 103 107 115 105 105 98 106 105 110 10
107 102 103 103 107 108 102 100 99 98 104 15000 11
Chip#4
101 103 103 104 106 109 111 102 107 97 106 104 0
98 98 96 97 100 102 100 101 101 96 96 101 1
104 105 103 108 106 108 110 106 107 100 108 109 2
100 98 94 93 103 103 103 98 101 96 96 100 3
98 105 100 102 104 109 107 105 104 100 108 101 4
108 106 107 107 112 112 113 106 108 98 114 105 5
101 107 107 104 109 110 108 104 103 102 109 105 6
102 106 104 110 110 109 110 109 108 100 109 107 7
98 99 102 97 109 105 103 102 106 97 98 100 8
91 92 96 93 99 97 101 95 98 94 98 101 9
102 101 100 100 107 104 103 102 101 98 101 101 10
101 99 102 104 107 106 104 104 106 96 102 15000 11
Chip#1
107 104 107 103 98 108 105 102 101 107 103 103 0
109 109 108 109 103 111 106 109 107 107 108 105 1
108 105 109 571 273 108 109 310 446 107 103 98 2
104 109 114 1213 209 103 108 723 810 108 103 101 3
106 106 107 144 104 110 113 140 194 110 104 103 4
105 100 108 111 105 109 105 109 109 110 105 100 5
104 105 107 138 118 103 107 128 131 106 102 98 6
101 99 113 1188 648 106 107 868 949 113 101 104 7
109 109 107 543 316 107 103 476 297 107 103 101 8
108 106 112 117 106 106 108 109 113 108 109 101 9
122 105 113 112 103 108 110 105 109 115 106 108 10
117 109 104 98 99 98 103 103 102 107 110 15000 11
Chip#2
103 100 99 103 102 102 100 100 101 100 98 98 0
106 107 104 108 101 105 105 100 109 99 104 104 1
101 99 108 106 248 125 103 100 116 127 106 107 2
99 100 104 132 531 300 109 100 336 571 107 104 3
103 102 101 106 160 110 106 100 211 294 102 101 4
105 102 105 110 105 103 108 100 110 106 107 105 5
99 95 101 106 105 105 99 100 114 104 101 99 6
104 97 101 105 565 247 103 100 419 359 97 100 7
110 104 109 116 427 230 111 102 231 436 107 108 8
105 105 107 113 114 104 112 100 106 107 103 102 9
101 98 99 101 89 99 100 100 103 100 98 99 10
104 104 105 104 105 104 103 100 104 104 103 15000 11
Chip#3
124 114 109 107 109 110 105 108 103 111 104 110 0
109 100 96 100 96 100 98 102 102 100 95 94 1
106 101 99 109 101 108 99 103 106 98 97 99 2
102 99 102 572 711 120 98 409 717 121 97 103 3
101 92 96 523 629 108 94 225 718 129 97 97 4
105 104 103 105 107 110 103 104 103 102 100 105 5
101 95 98 97 98 105 95 101 98 97 98 98 6
102 104 99 268 154 112 99 132 577 131 101 104 7
98 99 99 750 733 109 99 220 1106 136 97 99 8
108 105 105 129 176 112 100 109 172 110 105 103 9
105 100 99 101 102 104 101 100 98 103 98 103 10
110 108 102 103 100 106 98 103 102 101 103 15000 11
Chip#4
102 103 99 108 103 108 103 106 100 97 101 105 0
102 103 100 106 106 102 110 102 104 104 105 106 1
101 102 102 108 104 106 104 101 103 100 103 105 2
101 107 103 104 112 109 108 102 107 108 102 105 3
100 101 96 104 121 102 107 99 113 107 103 104 4
98 102 102 106 104 108 104 105 103 104 108 104 5
105 102 97 104 109 106 107 102 103 101 102 104 6
101 103 104 103 110 106 107 108 108 101 102 101 7
105 106 104 113 122 113 106 108 108 116 106 110 8
108 101 100 106 109 106 106 104 107 107 101 105 9
104 109 100 103 103 105 108 104 104 104 105 103 10
104 106 103 104 106 104 110 103 107 103 103 15000 11
Chip#1
111 109 112 108 106 105 111 104 107 106 109 109 0
104 104 109 106 96 106 103 104 110 103 102 100 1
114 109 114 574 289 111 115 314 446 113 106 107 2
105 108 117 1212 205 103 109 726 806 106 104 104 3
96 99 104 138 101 102 108 125 190 103 105 99 4
100 96 104 102 97 101 102 103 101 99 93 97 5
98 97 105 131 111 99 104 123 129 103 97 98 6
113 108 116 1188 654 111 117 867 949 115 109 108 7
100 104 107 537 315 99 104 470 295 107 101 99 8
106 109 111 110 105 108 110 107 113 108 104 101 9
115 108 112 112 104 108 112 104 108 108 105 110 10
113 109 108 101 94 98 103 102 96 108 109 15000 11
Chip#2
110 107 105 110 89 103 107 100 112 104 106 110 0
109 103 104 108 105 105 107 100 109 103 104 107 1
104 103 104 108 306 120 100 100 120 127 105 104 2
108 100 107 144 670 370 101 100 416 731 107 104 3
105 104 108 111 188 118 107 100 240 364 104 111 4
99 94 97 101 102 98 99 100 101 102 99 99 5
104 102 102 106 114 112 107 100 120 108 103 106 6
106 104 104 111 718 300 110 102 533 461 111 107 7
101 102 105 109 532 249 103 100 259 530 103 101 8
111 108 105 106 105 102 108 100 110 119 104 106 9
106 100 102 102 103 98 101 99 102 98 99 97 10
106 108 105 103 103 99 98 100 104 103 99 15000 11
Chip#3
104 99 98 95 103 104 97 98 98 102 94 104 0
102 92 96 92 100 102 98 97 97 98 97 102 1
100 96 96 99 101 104 96 100 102 101 96 99 2
95 98 102 276 322 108 98 208 328 112 94 100 3
102 96 103 258 298 110 99 151 337 116 105 105 4
100 98 102 101 105 112 99 100 101 101 99 103 5
101 101 100 103 103 112 99 107 101 103 105 104 6
98 94 96 160 115 104 95 108 276 107 96 100 7
101 100 107 350 338 113 104 145 487 121 100 105 8
98 100 99 107 132 104 99 101 124 101 99 100 9
101 99 107 101 102 110 104 103 103 105 100 106 10
102 96 100 97 97 102 94 97 96 100 97 15000 11
Chip#4
104 101 100 102 106 103 104 102 104 102 99 105 0
105 102 104 106 106 105 110 100 106 101 103 107 1
100 101 103 100 104 100 103 102 99 105 99 105 2
102 104 109 101 123 106 108 104 108 109 104 107 3
104 106 106 104 138 115 113 104 123 123 111 107 4
110 107 110 107 107 105 110 104 108 105 109 109 5
101 101 100 99 98 102 106 98 100 100 99 102 6
102 103 103 106 109 106 107 102 107 102 105 102 7
113 115 112 115 135 117 118 114 124 131 115 114 8
101 102 102 100 123 106 110 102 104 105 103 101 9
107 110 110 113 112 112 113 105 104 108 105 108 10
113 110 109 107 112 105 111 106 106 109 108 15000 11
Chip#1
106 99 104 98 97 101 100 102 101 105 104 105 0
114 106 109 103 104 108 110 110 109 107 108 100 1
102 104 108 557 263 102 104 303 446 105 108 100 2
107 101 114 1211 206 106 106 720 809 102 106 102 3
104 104 108 137 100 101 104 127 190 105 104 99 4
110 103 109 106 104 111 108 108 107 106 103 105 5
102 97 105 131 118 105 108 129 135 105 103 101 6
105 109 118 1197 651 111 111 862 949 108 105 105 7
100 106 111 539 316 108 108 478 298 110 104 109 8
104 109 112 111 106 107 111 111 109 103 108 103 9
115 104 111 102 98 103 103 104 105 106 102 109 10
117 109 108 100 97 102 103 105 103 105 110 15000 11
Chip#2
104 99 102 105 105 98 103 100 106 101 101 100 0
107 102 105 104 105 100 105 100 106 102 105 104 1
106 101 104 108 310 120 101 100 122 135 102 104 2
101 101 103 145 660 359 106 99 405 728 107 103 3
103 98 105 110 184 108 107 100 237 357 104 105 4
101 99 105 105 103 97 106 100 105 102 106 101 5
106 105 107 106 114 107 112 100 126 112 111 106 6
104 103 105 114 710 293 109 100 529 459 109 106 7
105 106 112 114 531 256 110 102 263 532 109 110 8
103 100 109 106 114 99 105 100 113 113 102 104 9
106 102 101 98 103 94 101 100 101 100 101 99 10
112 116 111 111 114 107 111 105 113 113 110 15000 11
Chip#3
104 96 94 92 100 103 98 94 95 94 95 99 0
102 95 99 95 97 98 93 98 98 97 97 97 1
95 96 89 92 96 98 94 94 98 96 92 93 2
93 91 94 273 316 101 93 199 326 103 92 94 3
104 101 103 264 298 108 99 150 338 111 103 104 4
96 98 98 99 101 105 97 98 98 98 98 98 5
98 99 98 95 101 105 97 94 100 100 97 100 6
103 100 102 162 120 105 102 115 283 111 100 103 7
104 106 108 353 340 120 104 149 495 114 100 107 8
97 96 103 106 123 104 97 97 119 100 93 99 9
99 95 102 103 100 102 97 96 98 99 100 100 10
99 92 98 93 96 95 88 96 92 95 93 15000 11
Chip#4
107 107 104 104 110 105 111 109 106 103 109 108 0
110 112 112 107 110 111 114 108 110 105 109 112 1
111 110 114 115 110 114 117 111 113 109 114 113 2
114 112 116 111 141 122 118 115 120 134 116 114 3
105 106 104 103 154 121 111 105 135 127 106 102 4
110 110 107 110 107 112 118 109 110 111 108 112 5
108 105 106 102 107 112 111 111 110 101 108 106 6
114 105 114 111 115 117 116 114 116 117 112 109 7
112 114 116 115 154 122 116 111 131 162 107 113 8
117 115 116 115 139 117 116 112 117 112 114 113 9
108 107 119 108 110 110 116 111 111 105 108 106 10
118 112 117 114 119 110 121 116 117 111 116 15000 11
