Chipdp
84 2 37 2 8 3 4 8 5 9 5 8 6 9 6 4 8 3 9 3 8 2 9 2 4 6 6 5 6 6 5 5 5 4 6 2 5 2 6 3 5 3 4 6 8 5 8 6 9 5 9 4 2 8 3 8 2 9 3 9 4 2 5 3 5 2 6 3 6 4 2 2 3 2 2 3 3 3 4 9 7 10 7 9 6 10 6 4 9 10 10 10 9 9 10 9 4 7 7 6 7 7 6 6 6 4 7 10 6 10 7 9 6 9 4 7 3 7 4 6 3 6 4 4 4 4 4 3 3 4 3 3 4 3 7 4 7 3 6 4 6 4 3 10 4 10 3 9 4 9 
Chip#1
104 100 102 101 98 100 104 97 105 101 95 97 0
98 97 115 123 100 109 136 101 104 132 96 97 1
93 91 275 358 100 277 493 112 229 533 152 93 2
97 98 142 174 98 161 244 101 154 300 111 100 3
99 102 108 110 102 107 114 98 106 103 96 98 4
98 100 317 331 103 239 360 104 190 337 120 100 5
109 109 193 197 116 181 251 111 171 277 117 110 6
108 102 113 109 111 109 108 105 106 106 107 103 7
103 103 294 301 107 233 282 104 104 101 96 102 8
98 99 216 207 101 232 273 104 101 99 99 100 9
108 104 110 106 104 104 112 105 110 103 101 102 10
104 102 107 101 101 101 107 102 104 103 99 15000 11
