Chipdp
84 2 37 2 8 3 4 8 5 9 5 8 6 9 6 4 8 3 9 3 8 2 9 2 4 6 6 5 6 6 5 5 5 4 6 2 5 2 6 3 5 3 4 6 8 5 8 6 9 5 9 4 2 8 3 8 2 9 3 9 4 2 5 3 5 2 6 3 6 4 2 2 3 2 2 3 3 3 4 9 7 10 7 9 6 10 6 4 9 10 10 10 9 9 10 9 4 7 7 6 7 7 6 6 6 4 7 10 6 10 7 9 6 9 4 7 3 7 4 6 3 6 4 4 4 4 4 3 3 4 3 3 4 3 7 4 7 3 6 4 6 4 3 10 4 10 3 9 4 9 
Chip#1
112 107 104 110 109 111 116 108 111 101 105 106 0
104 105 100 107 103 106 114 100 103 101 101 100 1
111 104 129 145 103 133 153 107 128 157 111 102 2
110 112 114 123 108 117 132 112 122 137 105 102 3
103 100 132 139 103 117 149 107 111 101 100 104 4
105 104 991 977 111 1143 1941 147 127 145 101 99 5
112 110 454 446 110 637 1094 121 123 142 105 104 6
103 104 123 129 102 104 113 101 100 95 97 95 7
97 109 1325 1212 103 606 741 98 98 89 96 94 8
101 101 831 693 102 606 730 105 100 92 90 98 9
106 101 104 104 98 101 108 103 99 99 98 96 10
121 107 103 101 104 105 107 103 106 104 106 15000 11
