Chip#1
98 100 94 102 104 96 108 124 94 103 96 98 0
99 99 90 99 104 93 108 99 91 101 96 93 1
98 96 93 95 104 92 103 107 91 99 100 88 2
101 104 99 108 104 102 111 108 99 109 102 98 3
98 98 94 99 104 96 111 104 94 107 99 97 4
104 100 94 99 104 96 108 102 95 105 101 98 5
99 94 94 101 96 99 103 104 94 103 98 94 6
105 104 99 104 104 103 117 124 99 107 104 98 7
105 103 98 104 104 104 111 103 97 105 100 97 8
103 105 97 101 104 98 111 104 97 104 98 99 9
104 105 97 104 104 104 119 124 100 107 100 100 10
103 101 99 106 104 99 112 109 95 101 96 15000 11
