Chip#1
771 790 720 770 759 713 764 755 756 766 784 799 0 60
771 790 720 802 759 713 812 755 756 798 784 799 1 0
746 685 976 1058 750 969 1292 755 923 1246 816 783 2 0
762 790 839 891 766 864 956 755 755 1006 800 799 3 0
762 685 720 770 766 713 764 755 756 750 784 783 4 0
762 790 720 786 766 713 780 755 875 1022 800 783 5 0
762 790 720 770 766 713 764 755 755 942 784 799 6 0
746 685 720 770 750 713 748 755 756 750 768 783 7 0
762 685 720 770 750 713 764 755 756 750 768 783 8 0
762 790 720 770 750 713 764 755 756 750 768 783 9 0
762 790 720 770 766 713 764 755 756 766 784 783 10 0
762 790 720 754 766 713 748 755 756 750 784 15000 11 0
Chip#2
622 617 634 619 578 639 583 540 625 614 613 610 0 61
622 617 634 619 578 639 583 540 625 614 613 610 1 0
606 517 618 619 578 623 583 540 609 598 597 507 2 0
622 617 634 731 578 655 715 675 625 662 677 610 3 0
622 617 650 796 681 655 747 707 625 678 677 626 4 0
606 517 618 635 578 623 581 540 609 506 597 610 5 0
622 617 634 667 578 639 583 540 625 614 613 610 6 0
606 617 634 747 578 639 583 540 625 614 613 610 7 0
622 617 634 567 578 655 583 540 641 614 613 626 8 0
606 517 618 567 578 639 581 540 609 506 597 507 9 0
622 617 634 567 578 639 583 540 625 614 613 610 10 0
606 517 618 567 578 623 581 540 609 506 597 15000 11 0
Chip#3
100 100 100 100 100 100 100 100 100 100 100 100 241 0
100 100 100 100 100 100 100 100 100 100 100 100 241 0
100 100 100 100 100 100 100 100 100 100 100 100 241 0
100 100 100 100 100 100 100 100 100 100 100 100 241 0
100 100 100 100 100 100 100 100 100 100 100 100 241 0
100 100 100 100 100 100 100 100 100 100 100 100 241 0
100 100 100 100 100 100 100 100 100 100 100 100 241 0
100 100 100 100 100 100 100 100 100 100 100 100 241 0
100 100 100 100 100 100 100 100 100 100 100 100 241 0
100 100 100 100 100 100 100 100 100 100 100 100 241 0
100 100 100 100 100 100 100 100 100 100 100 100 241 0
100 100 100 100 100 100 100 100 100 100 100 15000 241 0
Chip#4
100 100 100 100 100 100 100 100 100 100 100 100 241 0
100 100 100 100 100 100 100 100 100 100 100 100 241 0
100 100 100 100 100 100 100 100 100 100 100 100 241 0
100 100 100 100 100 100 100 100 100 100 100 100 241 0
100 100 100 100 100 100 100 100 100 100 100 100 241 0
100 100 100 100 100 100 100 100 100 100 100 100 241 0
100 100 100 100 100 100 100 100 100 100 100 100 241 0
100 100 100 100 100 100 100 100 100 100 100 100 241 0
100 100 100 100 100 100 100 100 100 100 100 100 241 0
100 100 100 100 100 100 100 100 100 100 100 100 241 0
100 100 100 100 100 100 100 100 100 100 100 100 241 0
100 100 100 100 100 100 100 100 100 100 100 15000 241 0
Chip#1
746 790 720 754 750 713 748 755 756 750 768 783 0 62
762 685 720 786 766 713 796 755 756 782 768 783 1 0
762 685 976 1058 766 969 1292 756 923 1246 832 783 2 0
746 685 823 886 750 848 924 755 755 974 784 767 3 0
746 685 720 754 750 713 748 755 756 750 665 767 4 0
746 685 720 770 750 713 748 755 859 1006 784 767 5 0
746 685 720 770 750 713 764 755 755 926 784 783 6 0
762 685 720 754 750 713 748 755 756 750 768 783 7 0
746 685 720 770 750 713 748 755 756 750 768 783 8 0
762 790 720 786 766 713 764 755 756 766 784 783 9 0
762 685 720 754 750 713 748 755 756 750 768 783 10 0
746 685 720 754 750 713 748 744 756 750 665 15000 11 0
Chip#2
622 617 618 544 578 639 586 540 625 614 613 610 0 62
622 617 618 544 578 639 586 540 625 614 613 610 1 0
622 617 618 544 578 639 586 540 625 614 597 610 2 0
606 617 634 715 578 639 715 675 625 662 677 610 3 0
622 617 650 794 681 655 747 707 625 678 677 610 4 0
606 517 618 635 578 623 586 540 609 504 597 507 5 0
622 617 634 667 578 639 586 540 625 614 613 610 6 0
622 617 634 747 578 639 587 540 625 614 613 610 7 0
622 517 618 562 578 639 586 540 625 614 613 610 8 0
606 617 634 562 578 639 586 540 625 504 613 610 9 0
638 617 634 562 578 655 587 540 625 630 629 626 10 0
622 517 618 562 578 639 586 540 625 504 613 15000 11 0
Chip#3
100 100 100 100 100 100 100 100 100 100 100 100 241 0
100 100 100 100 100 100 100 100 100 100 100 100 241 0
100 100 100 100 100 100 100 100 100 100 100 100 241 0
100 100 100 100 100 100 100 100 100 100 100 100 241 0
100 100 100 100 100 100 100 100 100 100 100 100 241 0
100 100 100 100 100 100 100 100 100 100 100 100 241 0
100 100 100 100 100 100 100 100 100 100 100 100 241 0
100 100 100 100 100 100 100 100 100 100 100 100 241 0
100 100 100 100 100 100 100 100 100 100 100 100 241 0
100 100 100 100 100 100 100 100 100 100 100 100 241 0
100 100 100 100 100 100 100 100 100 100 100 100 241 0
100 100 100 100 100 100 100 100 100 100 100 15000 241 0
Chip#4
100 100 100 100 100 100 100 100 100 100 100 100 241 0
100 100 100 100 100 100 100 100 100 100 100 100 241 0
100 100 100 100 100 100 100 100 100 100 100 100 241 0
100 100 100 100 100 100 100 100 100 100 100 100 241 0
100 100 100 100 100 100 100 100 100 100 100 100 241 0
100 100 100 100 100 100 100 100 100 100 100 100 241 0
100 100 100 100 100 100 100 100 100 100 100 100 241 0
100 100 100 100 100 100 100 100 100 100 100 100 241 0
100 100 100 100 100 100 100 100 100 100 100 100 241 0
100 100 100 100 100 100 100 100 100 100 100 100 241 0
100 100 100 100 100 100 100 100 100 100 100 100 241 0
100 100 100 100 100 100 100 100 100 100 100 15000 241 0
Chip#1
762 790 720 770 750 713 764 760 756 766 784 799 0 63
762 790 720 802 766 713 796 760 756 798 784 783 1 0
762 685 976 1042 750 969 1276 776 907 1230 832 767 2 0
762 790 823 891 766 864 940 776 755 990 800 799 3 0
746 685 720 754 750 713 764 760 756 750 768 783 4 0
746 685 720 770 750 713 764 744 859 990 784 783 5 0
762 790 720 786 766 713 780 776 755 942 800 799 6 0
762 790 720 770 766 713 764 760 756 766 784 783 7 0
762 790 720 786 766 713 764 760 756 766 784 799 8 0
746 685 720 770 750 713 764 760 756 750 768 783 9 0
746 685 720 754 750 713 748 744 756 734 768 767 10 0
762 685 720 770 750 713 748 760 756 750 768 15000 11 0
Chip#2
606 517 618 553 585 639 578 540 625 598 613 610 0 63
622 617 634 553 601 639 579 540 625 614 613 626 1 0
606 517 602 553 585 623 578 540 609 598 597 507 2 0
606 517 618 715 617 639 699 659 609 646 661 610 3 0
622 517 634 795 715 639 731 691 625 662 677 610 4 0
622 617 618 635 585 639 584 540 625 598 613 610 5 0
606 517 618 651 601 639 583 540 609 598 613 610 6 0
638 633 650 795 715 655 584 540 641 630 629 626 7 0
606 517 618 635 601 623 583 540 609 598 597 610 8 0
622 617 618 537 601 639 583 540 625 614 613 610 9 0
606 517 618 537 585 639 583 540 609 598 613 610 10 0
606 617 618 537 585 639 583 540 625 598 597 15000 11 0
Chip#3
100 100 100 100 100 100 100 100 100 100 100 100 241 0
100 100 100 100 100 100 100 100 100 100 100 100 241 0
100 100 100 100 100 100 100 100 100 100 100 100 241 0
100 100 100 100 100 100 100 100 100 100 100 100 241 0
100 100 100 100 100 100 100 100 100 100 100 100 241 0
100 100 100 100 100 100 100 100 100 100 100 100 241 0
100 100 100 100 100 100 100 100 100 100 100 100 241 0
100 100 100 100 100 100 100 100 100 100 100 100 241 0
100 100 100 100 100 100 100 100 100 100 100 100 241 0
100 100 100 100 100 100 100 100 100 100 100 100 241 0
100 100 100 100 100 100 100 100 100 100 100 100 241 0
100 100 100 100 100 100 100 100 100 100 100 15000 241 0
Chip#4
100 100 100 100 100 100 100 100 100 100 100 100 241 0
100 100 100 100 100 100 100 100 100 100 100 100 241 0
100 100 100 100 100 100 100 100 100 100 100 100 241 0
100 100 100 100 100 100 100 100 100 100 100 100 241 0
100 100 100 100 100 100 100 100 100 100 100 100 241 0
100 100 100 100 100 100 100 100 100 100 100 100 241 0
100 100 100 100 100 100 100 100 100 100 100 100 241 0
100 100 100 100 100 100 100 100 100 100 100 100 241 0
100 100 100 100 100 100 100 100 100 100 100 100 241 0
100 100 100 100 100 100 100 100 100 100 100 100 241 0
100 100 100 100 100 100 100 100 100 100 100 100 241 0
100 100 100 100 100 100 100 100 100 100 100 15000 241 0
Chip#1
762 685 720 754 750 713 748 760 756 750 768 783 0 64
746 685 720 786 750 713 780 760 756 782 768 783 1 0
762 790 976 1058 766 969 1276 792 923 1246 832 783 2 0
746 685 720 834 734 832 924 760 756 974 784 767 3 0
762 685 720 770 750 713 764 760 756 766 784 783 4 0
746 685 720 770 750 713 764 760 859 990 784 783 5 0
762 790 720 770 766 713 764 776 755 926 784 783 6 0
746 685 720 754 750 713 748 760 756 750 768 783 7 0
746 685 720 754 734 713 748 760 756 734 665 783 8 0
762 685 720 770 766 713 764 760 756 766 768 783 9 0
762 685 720 754 750 713 748 760 756 750 768 783 10 0
762 685 720 754 750 713 748 760 756 750 768 15000 11 0
Chip#2
622 517 618 556 601 639 576 540 625 614 597 610 0 64
622 617 634 556 601 639 577 540 625 614 613 610 1 0
638 617 634 556 601 655 577 540 625 614 613 626 2 0
622 617 634 731 722 639 715 675 625 662 677 610 3 0
622 617 650 790 722 639 747 691 625 678 677 610 4 0
606 517 618 635 601 639 579 540 625 614 597 610 5 0
622 617 634 667 617 639 579 540 625 614 613 610 6 0
622 617 634 747 722 639 579 540 625 614 613 610 7 0
606 517 602 556 585 623 578 540 609 598 597 507 8 0
622 517 618 556 585 639 578 540 625 598 613 610 9 0
622 617 634 556 601 639 579 540 625 614 613 626 10 0
606 517 618 556 569 623 578 540 609 598 597 15000 11 0
Chip#3
100 100 100 100 100 100 100 100 100 100 100 100 241 0
100 100 100 100 100 100 100 100 100 100 100 100 241 0
100 100 100 100 100 100 100 100 100 100 100 100 241 0
100 100 100 100 100 100 100 100 100 100 100 100 241 0
100 100 100 100 100 100 100 100 100 100 100 100 241 0
100 100 100 100 100 100 100 100 100 100 100 100 241 0
100 100 100 100 100 100 100 100 100 100 100 100 241 0
100 100 100 100 100 100 100 100 100 100 100 100 241 0
100 100 100 100 100 100 100 100 100 100 100 100 241 0
100 100 100 100 100 100 100 100 100 100 100 100 241 0
100 100 100 100 100 100 100 100 100 100 100 100 241 0
100 100 100 100 100 100 100 100 100 100 100 15000 241 0
Chip#4
100 100 100 100 100 100 100 100 100 100 100 100 241 0
100 100 100 100 100 100 100 100 100 100 100 100 241 0
100 100 100 100 100 100 100 100 100 100 100 100 241 0
100 100 100 100 100 100 100 100 100 100 100 100 241 0
100 100 100 100 100 100 100 100 100 100 100 100 241 0
100 100 100 100 100 100 100 100 100 100 100 100 241 0
100 100 100 100 100 100 100 100 100 100 100 100 241 0
100 100 100 100 100 100 100 100 100 100 100 100 241 0
100 100 100 100 100 100 100 100 100 100 100 100 241 0
100 100 100 100 100 100 100 100 100 100 100 100 241 0
100 100 100 100 100 100 100 100 100 100 100 100 241 0
100 100 100 100 100 100 100 100 100 100 100 15000 241 0
Chip#1
762 685 790 754 750 713 748 760 756 750 768 783 0 65
746 685 790 786 750 713 796 760 756 782 768 783 1 0
746 685 983 1042 750 969 1260 776 907 1230 816 783 2 0
762 790 791 892 766 848 940 760 755 974 800 783 3 0
762 685 790 754 750 713 748 760 756 750 768 767 4 0
746 685 790 770 750 713 764 760 859 990 784 767 5 0
762 790 790 770 766 713 764 776 755 942 784 783 6 0
762 790 790 770 766 713 764 776 756 766 784 783 7 0
762 790 790 786 750 713 764 760 756 750 784 783 8 0
746 790 790 770 750 713 764 760 756 750 784 783 9 0
746 685 790 770 750 713 748 760 756 750 768 783 10 0
762 685 790 770 750 713 748 760 756 750 768 15000 11 0
Chip#2
622 617 618 550 585 639 572 540 625 598 597 610 0 65
622 617 634 550 601 639 573 540 625 614 613 626 1 0
606 517 618 550 585 623 572 540 609 598 597 610 2 0
622 517 634 715 714 639 715 675 625 662 677 610 3 0
606 517 634 792 714 639 731 691 625 662 661 610 4 0
622 617 618 635 601 639 571 540 625 614 597 610 5 0
606 617 634 667 617 639 570 540 625 598 613 610 6 0
622 617 634 747 714 639 571 540 625 614 613 610 7 0
606 517 618 549 585 639 570 540 609 598 581 610 8 0
622 617 618 549 585 639 570 540 625 614 613 610 9 0
622 617 634 549 601 639 571 540 641 630 629 626 10 0
606 617 618 549 585 623 570 540 625 598 597 15000 11 0
Chip#3
100 100 100 100 100 100 100 100 100 100 100 100 241 0
100 100 100 100 100 100 100 100 100 100 100 100 241 0
100 100 100 100 100 100 100 100 100 100 100 100 241 0
100 100 100 100 100 100 100 100 100 100 100 100 241 0
100 100 100 100 100 100 100 100 100 100 100 100 241 0
100 100 100 100 100 100 100 100 100 100 100 100 241 0
100 100 100 100 100 100 100 100 100 100 100 100 241 0
100 100 100 100 100 100 100 100 100 100 100 100 241 0
100 100 100 100 100 100 100 100 100 100 100 100 241 0
100 100 100 100 100 100 100 100 100 100 100 100 241 0
100 100 100 100 100 100 100 100 100 100 100 100 241 0
100 100 100 100 100 100 100 100 100 100 100 15000 241 0
Chip#4
100 100 100 100 100 100 100 100 100 100 100 100 241 0
100 100 100 100 100 100 100 100 100 100 100 100 241 0
100 100 100 100 100 100 100 100 100 100 100 100 241 0
100 100 100 100 100 100 100 100 100 100 100 100 241 0
100 100 100 100 100 100 100 100 100 100 100 100 241 0
100 100 100 100 100 100 100 100 100 100 100 100 241 0
100 100 100 100 100 100 100 100 100 100 100 100 241 0
100 100 100 100 100 100 100 100 100 100 100 100 241 0
100 100 100 100 100 100 100 100 100 100 100 100 241 0
100 100 100 100 100 100 100 100 100 100 100 100 241 0
100 100 100 100 100 100 100 100 100 100 100 100 241 0
100 100 100 100 100 100 100 100 100 100 100 15000 241 0
