Chip#1
111 109 114 106 109 117 116 104 103 110 109 103 0
115 109 117 111 108 119 120 107 111 117 116 107 1
109 109 109 108 104 111 116 105 110 110 106 102 2
110 109 114 173 117 110 112 108 115 110 104 102 3
110 109 113 142 105 117 116 116 118 112 108 107 4
109 101 107 101 98 108 110 102 103 105 104 97 5
111 105 113 106 104 111 116 102 103 110 108 105 6
117 105 112 132 114 113 113 125 131 108 105 103 7
108 101 114 151 127 109 112 162 143 108 106 100 8
107 109 111 106 98 106 111 99 98 102 106 95 9
110 97 107 102 100 106 108 99 99 105 103 95 10
114 109 114 108 105 108 116 106 107 110 110 15000 11
Chip#2
101 97 109 103 104 107 107 100 114 104 104 99 0
103 102 111 101 105 105 109 100 111 99 106 99 1
114 106 121 106 105 116 117 101 121 108 111 109 2
99 97 109 99 105 103 109 100 115 109 103 98 3
97 99 106 98 104 102 105 99 110 108 101 98 4
102 99 112 102 104 105 109 99 114 103 104 101 5
101 98 112 98 105 106 107 100 112 103 106 101 6
105 99 109 103 105 102 116 100 114 104 106 102 7
103 102 112 99 105 108 112 100 120 110 106 100 8
103 99 109 101 105 107 113 100 114 107 104 99 9
105 105 112 105 105 111 114 100 117 108 107 105 10
103 93 104 96 98 96 101 100 112 102 100 15000 11
Chip#3
107 98 105 107 103 120 100 106 98 103 100 104 0
104 96 98 101 103 115 99 103 95 104 99 100 1
108 100 103 106 103 115 100 102 97 101 98 100 2
96 98 99 101 103 110 97 103 102 100 98 99 3
106 103 105 111 113 119 101 106 111 106 106 109 4
98 93 96 104 96 107 95 98 90 95 95 93 5
103 100 102 103 99 109 104 99 98 102 98 103 6
105 101 108 110 107 119 99 109 104 108 104 106 7
101 98 104 111 110 113 94 103 100 101 99 102 8
105 103 103 106 105 113 102 105 101 102 104 104 9
101 99 102 109 101 112 97 103 98 97 101 102 10
108 98 102 107 100 110 94 103 98 103 98 15000 11
Chip#4
102 105 102 99 110 106 111 104 111 96 109 105 0
104 105 102 104 112 105 117 109 110 96 103 105 1
102 107 112 107 112 113 114 111 117 108 112 113 2
97 97 100 97 107 105 106 102 104 100 105 99 3
100 101 99 102 110 111 113 101 118 103 103 101 4
94 96 93 86 100 98 98 96 103 88 98 93 5
102 104 106 99 109 108 108 106 108 100 109 101 6
100 98 102 101 106 104 107 104 107 97 111 99 7
105 107 103 101 113 103 116 105 108 101 106 104 8
102 101 106 96 109 105 111 104 108 94 106 103 9
105 105 106 103 109 105 110 109 110 98 106 104 10
105 101 107 101 110 105 113 106 111 97 109 15000 11
Chip#1
105 99 103 102 96 102 103 96 103 106 104 94 0
108 100 104 95 97 101 105 99 100 102 97 100 1
109 108 118 113 109 109 113 107 109 113 106 104 2
98 99 108 161 104 99 104 103 109 99 103 95 3
98 100 105 136 97 101 105 105 109 102 101 95 4
97 100 100 94 87 97 103 95 97 96 94 93 5
106 104 103 102 98 103 108 102 101 105 104 98 6
102 100 104 123 105 107 105 119 132 102 102 95 7
113 105 117 158 129 111 113 169 146 111 109 103 8
114 108 114 111 106 111 115 109 113 110 110 107 9
104 103 104 100 95 99 107 99 99 101 99 97 10
110 105 104 108 102 106 107 108 107 106 105 15000 11
Chip#2
104 99 99 100 102 99 105 100 106 99 104 95 0
104 105 108 100 102 109 108 100 109 98 106 100 1
99 90 95 96 98 94 98 100 101 94 93 92 2
108 102 109 105 114 111 111 100 111 110 105 101 3
101 94 103 105 89 103 105 99 109 104 99 96 4
96 96 104 100 98 95 100 99 104 102 96 95 5
103 99 105 98 98 103 107 100 106 99 101 101 6
97 89 98 97 101 98 95 99 102 98 98 92 7
105 99 112 104 101 105 109 100 117 117 107 104 8
104 106 109 108 101 111 114 100 111 112 109 102 9
101 97 99 102 101 97 105 99 103 103 99 98 10
108 107 115 108 101 108 119 100 111 113 108 15000 11
Chip#1
106 100 108 102 97 104 107 103 101 101 104 93 0
102 105 103 97 98 97 103 99 100 102 101 92 1
111 109 105 106 100 102 110 103 103 106 108 97 2
106 100 105 167 109 105 103 112 116 101 103 93 3
98 92 103 133 94 94 100 102 104 102 99 92 4
102 100 108 101 96 102 103 98 101 101 99 94 5
106 103 107 101 99 103 108 104 104 105 108 94 6
106 99 107 121 105 101 108 118 131 101 103 98 7
114 106 113 153 126 108 110 176 146 108 108 102 8
102 105 108 102 98 106 109 103 103 102 101 98 9
109 99 107 103 96 106 109 107 105 105 105 98 10
111 105 108 101 100 99 107 100 102 102 104 15000 11
Chip#2
106 103 107 103 104 99 109 100 107 104 107 108 0
104 99 105 102 104 98 110 99 110 103 101 101 1
100 99 99 98 105 96 105 100 102 98 101 101 2
99 98 103 99 104 98 107 100 107 98 97 97 3
101 99 104 101 105 97 105 100 110 102 99 104 4
97 99 100 98 99 97 99 100 102 103 98 98 5
111 103 108 109 99 103 114 100 114 107 106 112 6
97 91 101 98 103 92 100 99 109 99 98 96 7
101 100 114 106 103 104 110 100 119 113 103 104 8
104 100 108 105 103 103 101 100 111 103 101 102 9
99 98 102 98 103 98 108 99 105 99 103 100 10
97 97 97 98 101 94 101 100 101 101 101 15000 11
Chip#1
115 109 114 104 104 110 112 109 109 108 109 107 0
97 105 104 100 98 102 105 99 99 95 99 98 1
104 103 104 104 100 106 111 105 103 103 106 97 2
105 104 133 769 222 103 104 185 192 102 104 95 3
108 105 113 461 109 107 104 160 181 108 105 100 4
113 106 108 106 108 112 108 107 106 108 106 99 5
115 108 119 111 111 114 116 110 109 113 118 106 6
106 105 109 321 168 109 108 266 378 105 108 102 7
102 103 125 588 327 104 107 797 457 103 104 98 8
98 99 104 108 94 102 102 121 116 101 102 90 9
111 106 109 101 101 106 110 103 104 108 108 99 10
124 109 114 106 104 113 115 110 110 113 110 15000 11
Chip#2
101 102 107 104 103 104 106 100 111 103 104 99 0
103 100 103 98 103 103 107 100 106 99 99 100 1
105 103 111 103 103 105 110 100 114 102 103 106 2
100 97 103 98 142 105 105 100 117 112 99 100 3
96 100 106 104 141 108 107 99 122 118 98 102 4
99 99 105 102 103 101 105 100 107 104 101 102 5
94 93 98 99 97 95 100 99 102 99 94 98 6
104 99 102 101 114 102 112 100 136 109 106 104 7
96 94 101 103 138 118 104 99 202 164 96 97 8
108 106 107 108 114 104 111 100 121 117 106 105 9
103 100 106 103 89 104 107 100 111 104 99 102 10
100 103 104 103 102 99 107 100 109 103 103 15000 11
Chip#1
117 108 109 105 106 108 113 105 108 106 110 106 0
105 96 100 96 95 97 103 94 101 101 98 95 1
105 109 108 106 104 106 112 100 106 107 103 98 2
104 103 135 962 257 101 105 208 217 102 97 93 3
102 109 114 554 100 103 111 169 190 106 103 97 4
109 108 108 103 105 110 112 105 107 105 104 94 5
110 108 108 105 97 104 110 103 103 107 105 95 6
100 101 104 381 178 98 105 308 446 97 104 92 7
114 108 132 726 400 111 116 979 565 113 105 107 8
105 104 111 114 105 106 110 140 124 103 105 100 9
110 108 107 108 105 110 111 107 117 108 112 108 10
113 104 108 101 99 104 103 107 103 102 106 15000 11
Chip#2
104 104 105 103 103 107 105 100 106 103 102 103 0
101 100 104 106 103 103 107 100 111 99 102 105 1
109 103 109 108 103 104 108 100 112 105 106 110 2
103 96 102 108 206 114 105 99 129 119 103 102 3
104 98 105 112 199 118 109 100 136 134 107 105 4
105 104 106 108 103 107 110 100 109 98 106 111 5
104 99 109 106 103 107 110 100 107 109 106 108 6
105 100 107 103 133 104 108 100 165 123 106 100 7
105 104 111 114 218 154 114 100 309 261 107 111 8
109 104 108 104 124 108 114 100 136 135 102 105 9
105 105 109 107 89 105 109 100 112 109 109 105 10
109 110 109 109 105 107 112 100 117 109 109 15000 11
Chip#1
110 106 109 102 104 106 108 104 107 102 106 102 0
118 109 107 104 109 110 110 108 110 104 109 104 1
105 105 108 106 100 109 110 102 110 103 104 100 2
102 100 140 954 254 103 103 210 217 101 103 94 3
108 99 111 552 110 101 107 167 190 99 101 99 4
110 104 109 100 109 107 111 107 110 111 102 99 5
104 103 105 101 103 103 109 99 103 101 103 97 6
108 108 112 384 183 109 110 311 446 103 105 102 7
108 104 131 722 391 107 112 969 561 108 103 103 8
106 108 112 122 103 108 110 132 130 107 109 99 9
105 103 105 102 98 103 105 99 99 99 99 97 10
123 109 109 106 105 107 113 108 109 106 113 15000 11
Chip#2
104 103 108 104 105 103 110 100 111 103 103 108 0
106 108 109 109 105 105 112 100 112 109 105 110 1
105 108 112 110 105 107 109 100 114 108 104 112 2
100 95 104 104 256 117 105 100 131 123 99 98 3
106 103 108 123 246 123 113 100 153 149 101 106 4
112 111 111 110 105 116 117 102 121 107 114 111 5
104 103 102 105 105 101 107 100 109 101 102 105 6
104 100 105 106 148 108 111 100 185 127 105 107 7
111 99 106 114 266 160 108 100 382 317 104 105 8
108 107 109 109 140 107 115 100 147 140 108 106 9
110 99 105 106 104 105 108 100 112 101 104 106 10
114 105 105 103 104 105 108 100 114 108 99 15000 11
Chip#1
110 105 104 100 97 103 105 98 100 101 102 95 0
109 105 105 105 103 108 113 108 104 103 103 105 1
97 96 98 98 94 94 103 97 99 97 97 89 2
105 105 141 1029 268 107 107 216 227 100 101 99 3
105 96 109 585 105 102 104 172 190 100 101 95 4
101 101 107 103 102 102 107 104 109 102 96 97 5
111 106 105 107 103 107 113 102 111 102 108 100 6
104 103 112 404 185 104 110 323 470 102 104 98 7
113 109 131 767 421 113 115 1034 598 110 110 104 8
109 109 109 117 103 106 111 140 124 102 102 99 9
100 92 97 92 89 93 98 91 95 89 88 88 10
118 106 108 102 100 104 108 105 101 106 109 15000 11
Chip#2
112 109 112 109 105 108 117 101 115 114 108 111 0
114 107 113 106 105 109 112 100 116 108 111 106 1
106 102 105 103 105 104 108 100 111 106 104 105 2
105 100 109 113 318 128 113 100 145 139 104 107 3
99 100 106 122 295 131 109 100 162 159 101 101 4
109 108 108 109 105 111 118 101 111 106 106 113 5
114 111 112 109 105 107 114 102 117 117 112 112 6
104 99 109 102 164 102 107 100 202 132 109 99 7
108 108 113 119 316 176 119 100 458 373 107 110 8
109 108 107 110 158 107 117 100 152 155 111 113 9
111 106 114 104 105 110 119 100 116 109 106 112 10
112 108 107 103 105 103 114 100 116 109 103 15000 11
Chip#1
111 109 104 103 102 106 112 107 101 105 106 103 0
106 104 107 99 97 101 107 99 101 99 103 98 1
101 97 100 100 95 102 107 100 104 102 101 95 2
110 108 144 966 265 109 113 216 227 106 108 100 3
101 100 111 557 108 103 112 171 190 99 103 96 4
100 100 104 101 96 106 103 98 101 102 98 95 5
101 96 99 99 95 97 100 98 101 99 99 93 6
104 104 108 388 181 108 112 311 446 105 102 98 7
100 96 122 716 385 99 104 964 552 100 103 94 8
109 108 116 124 108 108 112 124 129 103 108 102 9
109 101 107 100 98 100 107 103 105 103 105 103 10
122 109 111 106 103 108 113 109 110 110 109 15000 11
Chip#2
109 105 111 105 105 109 112 100 117 108 111 106 0
111 112 113 111 89 110 114 100 111 109 111 104 1
105 105 107 108 105 103 110 100 116 106 107 106 2
112 109 114 119 375 140 120 101 153 156 106 113 3
105 104 105 127 334 126 107 100 166 173 108 103 4
109 109 114 109 86 115 120 104 117 109 116 111 5
106 104 104 106 86 103 110 100 114 106 108 106 6
110 107 106 108 186 105 115 100 211 139 110 106 7
115 113 114 126 373 189 120 105 532 441 114 112 8
111 108 109 108 175 110 117 100 161 160 108 108 9
114 112 111 105 105 110 119 100 118 108 109 108 10
116 105 104 106 105 107 112 100 111 108 106 15000 11
