Chip#1
103 101 106 106 106 100 94 96 101 99 100 98 0 226 124 75 23
105 104 105 109 107 103 103 95 106 113 110 100 1 0 0 0 0
106 102 110 106 112 107 106 99 106 113 131 101 2 0 0 0 0
104 101 101 110 101 107 100 97 100 96 99 96 3 0 0 0 0
106 109 107 110 113 109 100 101 103 121 131 103 4 0 0 0 0
103 101 105 105 107 106 99 95 99 114 111 100 5 0 0 0 0
102 102 108 105 105 104 102 94 102 103 104 93 6 0 0 0 0
103 107 111 112 113 109 102 95 108 118 116 98 7 0 0 0 0
98 99 105 105 103 108 97 97 100 118 112 94 8 0 0 0 0
104 105 107 109 107 108 102 96 100 105 104 99 9 0 0 0 0
104 106 107 110 111 107 104 97 103 118 117 99 10 0 0 0 0
105 106 107 106 100 103 104 94 101 117 131 15000 11 0 0 0 0
Chip#1
99 93 100 100 101 99 97 90 97 94 99 92 0 221 125 32 23
105 100 110 112 109 106 101 99 101 124 131 99 1 0 0 0 0
98 97 102 109 105 100 97 92 101 113 131 94 2 0 0 0 0
102 100 106 106 106 105 104 95 103 103 105 95 3 0 0 0 0
106 108 111 115 113 109 105 102 106 131 147 102 4 0 0 0 0
100 101 108 105 111 105 97 99 103 127 131 98 5 0 0 0 0
98 95 98 106 102 101 100 89 99 100 102 92 6 0 0 0 0
99 100 111 109 111 106 102 94 102 131 147 98 7 0 0 0 0
102 101 107 108 109 103 102 96 100 129 131 98 8 0 0 0 0
95 93 101 100 101 101 103 91 101 104 99 86 9 0 0 0 0
103 104 106 107 109 104 100 96 104 134 131 99 10 0 0 0 0
102 105 105 107 102 100 100 96 99 128 131 15000 11 0 0 0 0
Chip#1
100 104 106 112 114 105 100 99 102 123 131 98 0 225 125 125 23
121 127 117 197 212 124 131 130 131 437 458 144 1 0 0 0 0
115 119 115 186 208 122 132 131 135 476 471 140 2 0 0 0 0
109 115 107 123 128 108 106 104 106 173 176 101 3 0 0 0 0
174 179 125 200 202 117 124 125 133 511 529 143 4 0 0 0 0
157 154 124 178 183 116 124 123 139 542 538 145 5 0 0 0 0
117 119 114 129 128 122 119 112 116 188 182 103 6 0 0 0 0
147 140 121 194 195 124 128 126 164 638 599 139 7 0 0 0 0
141 131 120 185 176 119 127 120 164 630 617 138 8 0 0 0 0
109 114 112 124 126 114 111 106 112 228 197 99 9 0 0 0 0
159 154 129 186 179 120 131 118 196 710 578 127 10 0 0 0 0
140 136 112 164 164 109 121 119 180 644 573 15000 11 0 0 0 0
Chip#1
102 105 105 115 120 101 105 97 100 131 147 102 0 226 125 115 23
123 129 124 228 248 132 141 159 136 541 579 162 1 0 0 0 0
116 121 115 208 239 125 140 137 146 587 584 154 2 0 0 0 0
112 115 105 125 131 106 106 108 107 192 199 100 3 0 0 0 0
188 182 129 228 227 120 133 131 141 639 659 157 4 0 0 0 0
169 170 126 202 211 127 137 134 164 672 679 164 5 0 0 0 0
113 119 114 125 132 114 115 117 113 203 202 102 6 0 0 0 0
153 149 126 228 213 122 137 131 180 795 739 148 7 0 0 0 0
138 138 117 202 198 115 131 129 180 775 763 148 8 0 0 0 0
113 125 115 135 132 109 111 110 116 269 219 108 9 0 0 0 0
170 171 139 214 200 123 142 130 228 890 715 140 10 0 0 0 0
153 150 121 187 170 112 133 124 196 805 708 15000 11 0 0 0 0
Chip#1
112 112 115 123 130 112 109 111 113 143 163 108 0 224 124 108 23
132 128 117 237 259 130 141 159 135 573 618 159 1 0 0 0 0
118 125 120 212 253 136 145 141 164 627 631 159 2 0 0 0 0
133 124 108 134 146 116 110 114 112 208 212 105 3 0 0 0 0
211 200 140 249 248 137 151 139 164 695 723 164 4 0 0 0 0
180 174 128 211 224 128 145 138 164 716 726 169 5 0 0 0 0
119 117 114 127 134 117 116 114 110 213 208 100 6 0 0 0 0
162 154 129 237 233 125 142 131 196 856 794 150 7 0 0 0 0
146 137 121 213 206 120 130 130 180 837 816 154 8 0 0 0 0
132 121 114 133 134 108 110 111 118 279 229 103 9 0 0 0 0
181 179 139 228 215 127 146 159 244 965 772 139 10 0 0 0 0
165 153 128 199 188 120 141 131 228 875 774 15000 11 0 0 0 0
Chip#1
110 114 112 122 132 107 110 108 106 146 163 103 0 225 125 158 23
133 129 119 240 268 133 143 159 138 595 643 161 1 0 0 0 0
119 125 117 228 262 133 152 159 164 661 643 161 2 0 0 0 0
132 123 109 129 138 109 110 103 108 209 213 100 3 0 0 0 0
208 204 139 251 256 128 148 159 164 717 744 170 4 0 0 0 0
183 184 130 228 233 128 149 159 164 758 761 176 5 0 0 0 0
111 116 107 128 128 113 109 109 109 214 211 96 6 0 0 0 0
162 154 128 237 233 130 143 133 180 891 825 160 7 0 0 0 0
160 147 129 228 219 129 148 159 196 881 854 164 8 0 0 0 0
122 123 112 134 138 113 112 111 114 286 232 108 9 0 0 0 0
178 179 145 228 218 129 153 159 249 995 797 146 10 0 0 0 0
163 158 129 203 185 114 143 132 212 902 798 15000 11 0 0 0 0
