Chip#1
250 265 435 361 348 365 339 357 520 246 437 315 0
254 267 444 365 355 362 342 363 520 250 440 320 1
258 273 446 376 359 372 348 365 520 250 441 319 2
259 275 449 374 361 375 348 371 520 256 441 323 3
253 273 447 370 360 376 346 365 520 247 437 318 4
260 277 456 371 359 379 356 374 520 255 443 324 5
262 275 455 381 366 380 353 370 511 254 443 320 6
270 284 458 381 439 389 359 379 520 260 449 329 7
271 283 465 389 439 387 363 384 520 257 449 329 8
272 286 465 389 439 390 364 387 520 261 449 330 9
275 294 467 398 455 395 371 391 520 267 452 330 10
282 298 467 399 439 398 375 399 520 261 449 335 11
Chip#2
365 372 467 487 535 455 354 437 477 297 458 421 0
360 356 467 471 535 455 347 434 478 303 453 424 1
367 297 363 471 519 455 354 437 481 302 459 431 2
355 356 467 471 535 455 342 436 476 298 460 425 3
357 356 363 471 535 455 346 438 482 302 462 426 4
358 356 467 487 535 471 350 438 478 302 458 424 5
356 356 467 471 535 455 352 438 485 305 460 422 6
348 356 363 471 535 455 351 433 479 303 454 420 7
349 356 467 471 535 455 347 438 477 301 461 423 8
354 356 467 471 535 455 352 438 482 305 461 424 9
351 356 363 471 535 455 348 430 480 296 456 415 10
352 356 363 471 535 455 345 433 479 300 457 421 11
Chip#3
371 458 522 331 410 363 427 449 397 422 460 361 0
365 457 519 347 407 363 427 448 394 421 460 360 1
373 463 525 347 413 363 431 448 398 426 463 360 2
369 457 519 331 410 363 428 447 342 420 395 362 3
369 457 524 331 409 347 426 446 345 419 395 362 4
376 457 524 347 414 363 431 450 399 422 459 363 5
376 461 523 331 415 363 430 452 401 424 395 366 6
367 458 518 331 407 363 423 444 341 419 395 366 7
373 460 527 347 416 363 431 452 398 426 463 363 8
372 456 517 331 408 363 428 448 393 419 460 362 9
368 458 520 331 412 347 427 447 346 421 395 362 10
376 459 525 331 413 363 431 451 397 427 460 363 11
Chip#4
356 365 287 330 332 389 363 343 363 337 369 412 0
356 365 286 330 332 386 296 340 363 332 371 413 1
356 365 281 327 329 378 347 338 363 328 364 403 2
356 365 282 324 332 384 347 335 363 327 364 403 3
356 365 277 321 329 379 347 337 363 326 362 405 4
356 365 283 327 332 384 347 335 363 329 367 409 5
356 365 285 322 331 384 297 339 363 329 363 408 6
356 365 280 323 331 383 347 336 363 326 363 404 7
356 365 284 323 328 383 347 343 347 325 364 406 8
356 365 286 323 332 381 347 340 363 327 365 408 9
356 365 288 329 333 385 347 338 363 331 366 407 10
356 365 289 327 335 385 296 338 363 329 368 410 11
Chip#1
252 266 438 359 350 364 344 363 511 246 434 316 0
249 266 438 367 353 361 340 364 511 245 432 313 1
258 272 447 375 363 370 350 369 527 250 436 318 2
256 269 445 367 357 368 345 368 527 246 432 317 3
263 278 453 374 361 377 353 372 543 253 442 320 4
260 274 450 371 357 373 353 376 527 249 438 321 5
265 279 452 381 365 377 353 376 527 253 442 322 6
267 280 453 378 370 382 356 377 527 252 441 322 7
272 285 464 388 439 387 363 389 520 253 446 330 8
272 285 463 388 376 387 363 386 520 255 442 325 9
272 289 463 395 439 394 366 394 520 258 448 326 10
276 292 466 395 439 388 370 394 520 249 440 326 11
Chip#2
365 372 467 420 535 455 353 432 477 291 461 425 0
355 372 363 471 535 455 346 431 477 297 457 425 1
354 356 363 471 535 455 351 435 476 294 462 421 2
354 372 363 471 535 455 348 438 477 293 461 432 3
351 356 363 471 535 455 351 435 484 295 462 430 4
355 356 363 471 535 455 353 441 480 303 470 427 5
359 356 363 471 519 455 355 439 485 303 464 426 6
356 356 347 471 535 439 352 430 478 300 455 422 7
344 356 363 471 535 455 341 430 475 294 458 419 8
349 372 363 471 535 455 345 432 479 294 455 424 9
344 356 347 455 519 439 343 430 468 284 451 412 10
349 372 363 471 535 455 343 431 473 290 453 419 11
Chip#3
372 457 525 331 412 347 429 452 345 422 395 362 0
364 454 518 331 405 363 426 446 343 417 395 362 1
374 457 523 331 410 347 427 450 343 425 395 362 2
367 453 520 331 406 347 422 448 342 422 395 362 3
364 453 517 331 407 363 424 447 341 419 395 362 4
367 453 517 331 407 347 426 447 342 421 395 362 5
368 454 519 331 407 363 425 446 341 420 395 362 6
377 460 525 331 415 363 433 453 348 424 395 364 7
367 450 514 331 408 363 423 447 388 419 395 364 8
369 453 517 331 407 363 426 450 342 419 395 364 9
366 453 516 331 409 363 424 445 343 421 395 364 10
369 455 517 331 408 363 427 446 343 420 395 364 11
Chip#4
356 365 283 327 331 381 347 337 363 328 368 408 0
356 365 282 325 331 379 297 338 347 331 368 404 1
356 365 280 323 331 381 294 333 347 330 368 404 2
356 365 281 326 329 382 347 338 347 328 368 405 3
356 365 278 322 327 380 347 334 347 327 368 402 4
356 365 286 324 334 383 363 342 363 328 362 406 5
356 365 280 323 325 380 347 334 347 324 362 401 6
356 365 286 327 332 380 298 340 363 331 362 405 7
356 365 285 330 332 381 296 345 363 332 362 408 8
356 365 286 330 334 385 297 338 347 330 362 405 9
356 364 287 330 336 386 363 343 363 333 362 407 10
356 366 293 331 340 388 302 346 363 333 366 408 11
Chip#1
251 265 437 358 347 363 341 362 520 248 434 314 0
255 265 442 370 354 363 345 373 520 248 438 318 1
254 270 446 374 357 371 353 369 520 249 435 321 2
256 269 447 368 358 369 345 369 511 246 434 315 3
267 278 457 377 366 382 359 376 543 252 443 326 4
260 275 455 376 355 375 356 376 527 250 435 320 5
264 278 452 377 365 377 350 377 527 253 438 320 6
267 283 457 380 369 382 360 384 543 255 441 325 7
269 280 458 385 374 383 361 385 543 255 442 325 8
273 283 462 386 439 382 361 385 520 255 443 329 9
280 290 467 399 455 393 373 395 520 263 453 333 10
283 299 467 398 439 395 373 396 520 256 446 333 11
Chip#2
366 388 467 471 535 455 351 435 476 284 456 421 0
558 505 555 604 727 564 549 631 695 517 665 641 1
359 372 467 471 535 455 352 435 475 295 461 426 2
346 356 347 406 519 439 343 432 471 295 462 426 3
348 356 363 471 535 455 341 428 472 296 454 422 4
347 356 347 471 519 439 348 434 474 297 463 424 5
354 356 363 471 519 439 350 435 480 296 459 422 6
353 356 363 471 535 455 353 438 478 305 463 436 7
347 356 363 406 519 439 343 432 477 296 461 422 8
350 356 363 455 519 439 345 433 476 298 456 421 9
353 356 363 471 535 439 350 436 483 298 467 426 10
349 356 363 408 519 439 342 433 474 292 453 423 11
Chip#3
367 453 517 331 408 347 426 446 345 425 395 364 0
366 453 522 331 408 363 427 447 345 420 395 364 1
371 455 521 331 409 363 429 449 392 428 395 364 2
366 452 519 315 405 347 420 443 342 422 395 364 3
367 455 518 331 406 363 428 446 344 426 395 364 4
365 454 520 331 406 363 429 444 343 426 395 364 5
367 453 520 331 408 363 427 448 344 425 395 364 6
368 457 523 331 408 347 431 450 344 423 395 364 7
369 450 519 331 408 363 424 447 341 424 395 364 8
369 456 521 331 407 347 426 447 346 425 395 364 9
368 452 518 331 406 363 429 447 342 422 395 364 10
363 447 517 331 403 347 423 442 340 420 395 364 11
Chip#4
356 366 282 323 331 377 347 339 363 325 366 403 0
356 366 288 330 336 382 347 365 363 330 366 407 1
356 366 278 325 327 378 347 334 347 324 366 402 2
356 366 285 327 330 382 347 336 363 328 366 395 3
356 366 286 330 336 379 298 340 347 330 366 402 4
356 366 286 326 329 382 299 343 363 328 366 408 5
356 366 286 329 336 382 298 346 347 328 362 406 6
356 363 287 329 334 384 301 343 363 332 362 404 7
356 363 284 330 339 383 363 366 379 327 362 405 8
356 363 288 332 335 384 295 341 347 332 362 406 9
356 363 290 333 338 388 296 342 363 333 362 408 10
356 363 288 330 336 382 363 340 363 328 363 404 11
Chip#1
248 264 430 357 348 361 340 361 511 249 432 312 0
252 268 439 368 357 362 342 369 527 247 437 316 1
252 268 442 373 357 367 349 366 527 251 434 318 2
253 272 449 371 363 371 349 371 543 251 437 319 3
255 275 449 371 360 374 353 366 527 251 436 315 4
260 275 454 378 359 378 359 376 543 254 438 326 5
263 280 453 385 368 382 359 381 527 258 442 323 6
269 279 456 380 371 379 358 381 527 256 442 322 7
272 284 460 386 375 386 366 388 520 256 442 329 8
273 284 462 389 379 389 366 389 520 254 443 326 9
274 289 467 393 439 388 366 388 520 259 444 327 10
279 298 467 400 439 394 374 401 520 254 447 333 11
Chip#2
359 372 467 471 535 455 350 427 473 286 454 419 0
361 372 467 487 551 455 346 434 482 298 461 429 1
352 372 363 403 535 455 350 432 474 291 458 422 2
355 356 363 408 519 439 346 435 472 293 464 429 3
350 356 363 471 535 439 345 434 481 296 463 430 4
353 356 363 471 535 455 352 435 477 295 464 430 5
353 356 363 471 535 455 353 439 484 304 466 425 6
354 356 363 419 535 455 349 431 482 302 461 423 7
353 356 363 471 535 455 349 438 484 301 468 430 8
349 372 363 471 535 455 348 430 480 301 461 425 9
346 356 363 455 519 439 347 430 474 288 456 419 10
348 372 363 471 535 455 345 433 475 295 461 421 11
Chip#3
365 452 515 331 408 363 424 446 341 419 395 364 0
367 454 520 331 406 363 427 448 343 424 395 364 1
373 460 524 331 415 363 432 455 397 425 462 364 2
370 458 521 347 408 363 430 451 396 427 455 364 3
370 461 524 331 411 363 429 449 349 426 395 364 4
374 459 523 331 411 363 430 452 346 428 395 364 5
368 455 520 331 411 363 430 451 348 425 395 364 6
373 455 518 331 409 363 426 450 398 422 456 364 7
374 459 522 331 413 363 431 455 349 430 395 365 8
372 460 525 331 413 347 432 455 349 428 395 365 9
369 454 516 331 407 347 425 449 347 421 395 365 10
368 452 517 331 407 363 429 452 342 425 395 365 11
Chip#4
356 363 288 326 335 381 295 341 363 331 363 409 0
356 363 286 329 335 385 295 339 363 333 363 406 1
356 364 288 327 339 386 296 344 363 334 365 410 2
356 364 276 321 327 373 284 331 347 325 365 397 3
356 364 285 328 331 380 294 343 347 327 365 406 4
356 364 286 327 332 380 347 341 363 328 365 407 5
356 364 290 332 334 386 300 344 363 332 365 410 6
356 364 288 331 334 385 347 343 363 329 365 410 7
356 364 288 326 332 381 296 345 363 330 360 408 8
356 366 295 335 339 389 363 373 379 338 370 415 9
356 366 291 334 339 384 298 344 347 334 363 408 10
356 366 288 333 336 383 363 365 363 330 363 409 11
