Chip#1
106 104 102 103 105 103 104 108 104 100 103 104 0 167 121 112 23
103 96 98 103 103 103 109 105 99 101 101 99 1 0 0 0 0
99 99 113 119 100 106 129 104 111 135 98 95 2 0 0 0 0
106 105 105 112 108 111 117 107 116 120 105 105 3 0 0 0 0
99 102 111 123 107 109 128 102 103 101 101 95 4 0 0 0 0
97 97 548 541 103 592 1000 118 108 125 98 95 5 0 0 0 0
101 101 281 288 103 372 599 115 112 122 101 99 6 0 0 0 0
102 101 114 116 105 104 109 108 108 101 98 104 7 0 0 0 0
106 109 757 707 108 384 453 108 104 99 97 102 8 0 0 0 0
98 99 504 437 101 383 455 100 100 97 95 98 9 0 0 0 0
106 105 106 106 101 104 105 105 106 104 101 104 10 0 0 0 0
108 100 100 104 103 100 105 102 97 93 97 15000 11 0 0 0 0
Chip#1
99 101 106 108 98 103 109 101 104 97 106 104 0 166 120 103 23
99 104 106 102 101 107 108 104 104 99 109 102 1 0 0 0 0
103 104 106 106 100 101 109 105 104 97 105 101 2 0 0 0 0
99 105 99 104 102 101 111 102 103 101 101 98 3 0 0 0 0
102 106 106 104 102 110 109 105 103 99 103 106 4 0 0 0 0
103 104 134 137 97 138 166 107 106 97 105 104 5 0 0 0 0
92 95 104 110 89 112 133 94 93 90 91 95 6 0 0 0 0
104 106 103 103 108 105 114 107 104 101 108 105 7 0 0 0 0
92 99 141 140 96 116 125 96 94 92 98 98 8 0 0 0 0
101 104 133 130 100 122 133 103 104 96 102 102 9 0 0 0 0
95 101 100 106 96 99 107 101 100 92 100 100 10 0 0 0 0
99 105 99 103 98 99 101 102 101 97 102 15000 11 0 0 0 0
Chip#1
97 95 95 102 97 97 101 95 99 93 96 95 0 164 120 36 23
104 104 105 110 107 104 109 105 106 99 106 107 1 0 0 0 0
104 107 105 119 103 107 113 114 111 112 103 112 2 0 0 0 0
104 105 102 108 101 105 109 104 108 104 105 101 3 0 0 0 0
104 101 106 104 102 108 113 105 106 103 101 102 4 0 0 0 0
93 99 154 161 96 162 218 104 102 95 98 94 5 0 0 0 0
105 102 126 129 104 140 173 108 108 103 102 101 6 0 0 0 0
109 115 111 116 107 111 114 111 117 108 107 106 7 0 0 0 0
99 101 182 188 102 139 146 103 103 96 100 100 8 0 0 0 0
103 105 156 147 103 140 149 103 106 104 103 104 9 0 0 0 0
96 95 98 99 94 97 101 95 98 92 100 93 10 0 0 0 0
105 105 102 106 105 101 109 107 102 103 105 15000 11 0 0 0 0
Chip#1
104 105 104 108 104 104 111 104 101 103 102 101 0 163 120 109 23
103 104 106 113 108 110 120 105 107 111 107 105 1 0 0 0 0
105 107 165 189 107 163 222 115 155 238 122 105 2 0 0 0 0
114 112 122 136 111 134 162 119 134 182 111 111 3 0 0 0 0
103 104 208 198 114 146 220 114 114 107 105 101 4 0 0 0 0
109 120 2519 2497 127 2777 220 215 153 206 116 106 5 0 0 0 0
112 115 1074 1042 119 1490 2711 151 139 190 116 104 6 0 0 0 0
111 112 181 183 114 124 130 116 117 109 107 101 7 0 0 0 0
111 150 3689 3419 130 1598 1975 130 113 101 109 108 8 0 0 0 0
110 122 2286 1866 115 1620 1976 121 114 103 106 105 9 0 0 0 0
131 121 120 125 119 120 125 116 114 113 112 115 10 0 0 0 0
139 121 110 110 107 105 115 108 113 96 105 15000 11 0 0 0 0
Chip#1
109 109 105 103 104 104 111 109 104 103 108 107 0 162 119 126 23
111 112 114 123 109 116 129 113 112 125 112 107 1 0 0 0 0
114 114 177 204 109 174 241 121 164 254 130 113 2 0 0 0 0
110 115 127 140 112 141 164 121 140 189 113 107 3 0 0 0 0
111 112 211 216 115 162 237 125 122 115 105 101 4 0 0 0 0
110 125 2862 2834 127 3173 237 241 163 222 117 110 5 0 0 0 0
115 125 1220 1177 127 1697 3092 166 154 206 119 116 6 0 0 0 0
116 120 208 196 120 130 136 122 121 111 109 111 7 0 0 0 0
114 150 208 3896 134 1813 2245 137 122 112 111 108 8 0 0 0 0
115 136 2603 2115 122 1836 2243 134 116 108 107 107 9 0 0 0 0
132 121 122 126 115 121 125 116 116 111 107 111 10 0 0 0 0
148 126 110 115 114 112 117 112 109 109 108 15000 11 0 0 0 0
Chip#1
108 106 104 104 108 105 112 109 106 105 102 106 0 166 120 133 23
110 104 113 119 108 110 116 111 103 114 106 102 1 0 0 0 0
106 107 172 199 110 172 240 118 164 263 122 106 2 0 0 0 0
106 107 120 136 110 135 165 116 134 189 112 107 3 0 0 0 0
105 115 213 222 120 164 244 125 123 120 112 110 4 0 0 0 0
111 121 2921 2902 131 3239 244 243 170 238 119 106 5 0 0 0 0
104 114 1231 1185 124 1724 3144 159 148 190 107 104 6 0 0 0 0
109 116 208 199 119 124 135 117 117 109 107 104 7 0 0 0 0
109 150 208 3950 131 1841 2288 132 112 101 102 100 8 0 0 0 0
115 132 2645 2152 123 1869 2291 131 112 108 106 107 9 0 0 0 0
126 114 116 116 112 114 120 108 107 96 101 104 10 0 0 0 0
147 130 116 114 117 115 120 108 117 108 107 15000 11 0 0 0 0
Chip#1
112 110 111 113 110 110 117 111 113 113 111 110 0 165 120 191 23
108 107 108 120 105 111 128 105 106 115 105 102 1 0 0 0 0
111 110 176 204 111 177 244 116 165 254 129 110 2 0 0 0 0
109 116 130 138 114 136 167 123 140 190 111 111 3 0 0 0 0
108 112 211 222 120 162 245 123 121 115 106 107 4 0 0 0 0
112 127 2935 2925 136 3281 245 252 170 238 121 113 5 0 0 0 0
109 113 1232 1203 118 1737 3185 161 148 206 111 102 6 0 0 0 0
114 112 196 195 119 127 131 119 117 103 101 105 7 0 0 0 0
117 150 196 3987 136 1860 2309 137 118 114 111 115 8 0 0 0 0
112 126 2678 2171 124 1885 2309 130 111 115 103 106 9 0 0 0 0
133 126 121 127 122 123 128 115 114 116 111 106 10 0 0 0 0
147 126 111 112 111 114 117 107 108 109 107 15000 11 0 0 0 0
