Chipdp
84 2 37 2 8 3 4 8 5 9 5 8 6 9 6 4 8 3 9 3 8 2 9 2 4 6 6 5 6 6 5 5 5 4 6 2 5 2 6 3 5 3 4 6 8 5 8 6 9 5 9 4 2 8 3 8 2 9 3 9 4 2 5 3 5 2 6 3 6 4 2 2 3 2 2 3 3 3 4 9 7 10 7 9 6 10 6 4 9 10 10 10 9 9 10 9 4 7 7 6 7 7 6 6 6 4 7 10 6 10 7 9 6 9 4 7 3 7 4 6 3 6 4 4 4 4 4 3 3 4 3 3 4 3 7 4 7 3 6 4 6 4 3 10 4 10 3 9 4 9 
Chip#1
109 107 107 107 107 103 113 107 108 109 102 109 0
96 98 126 139 102 114 153 101 108 149 99 99 1
98 103 373 487 110 377 689 131 293 757 177 106 2
102 100 164 214 107 191 313 111 181 415 126 103 3
105 105 117 119 108 112 120 108 109 115 102 105 4
102 104 456 470 110 326 511 120 257 469 133 103 5
99 98 230 242 102 222 314 107 186 350 111 105 6
102 100 107 107 105 102 110 103 106 105 101 102 7
105 105 410 405 110 309 380 109 109 98 99 102 8
97 98 278 262 102 306 370 102 100 94 93 96 9
105 103 107 105 108 108 109 105 109 105 105 108 10
99 100 101 100 103 100 104 102 103 99 97 15000 11
Chip#2
103 100 100 99 100 99 99 96 96 100 99 97 0
107 103 99 103 102 100 99 101 98 101 100 100 1
115 114 110 111 113 111 110 108 111 113 114 107 2
103 103 105 162 125 104 156 135 104 132 140 103 3
103 103 112 188 146 105 162 144 102 132 136 103 4
101 103 99 106 102 96 104 102 102 101 101 103 5
107 107 103 129 116 102 220 210 105 206 291 113 6
106 105 109 163 136 107 348 333 105 269 359 118 7
112 111 110 117 116 107 122 121 108 116 123 111 8
101 102 100 100 104 99 162 187 102 159 249 111 9
103 106 100 100 102 101 279 363 112 232 377 133 10
107 109 104 106 106 105 126 138 101 116 138 15000 11
Chip#1
102 99 100 102 102 102 106 101 100 102 102 106 0
101 99 127 146 107 121 154 102 111 151 106 102 1
97 99 370 479 105 372 681 127 285 757 173 98 2
102 103 163 210 104 190 307 109 177 413 126 102 3
110 113 124 127 115 124 130 115 116 122 112 110 4
103 102 451 460 107 323 505 116 229 463 132 103 5
107 109 234 247 111 222 319 111 187 351 123 108 6
107 107 111 109 108 107 113 103 106 109 107 105 7
99 102 394 398 108 308 375 103 99 101 96 104 8
102 105 279 263 107 308 367 103 106 99 105 103 9
98 102 100 102 107 108 110 107 104 99 105 106 10
102 103 99 100 103 103 105 101 101 99 100 15000 11
Chip#2
104 102 99 100 101 99 99 98 99 99 100 101 0
102 101 100 101 101 99 101 97 101 101 103 101 1
107 106 103 104 102 100 101 102 101 104 106 105 2
109 110 110 164 127 107 159 139 106 134 146 108 3
107 106 117 189 147 106 163 143 104 136 137 103 4
102 100 98 108 101 100 99 98 96 101 103 103 5
102 105 104 122 116 101 211 203 99 198 283 111 6
111 109 115 164 144 111 352 333 111 273 360 127 7
107 107 109 114 113 101 119 115 104 110 114 108 8
102 98 99 99 102 96 157 183 96 157 230 110 9
101 103 103 100 102 100 301 361 111 224 367 133 10
113 110 113 111 111 109 130 145 105 116 133 15000 11
Chip#1
114 105 108 106 112 109 113 110 114 106 107 111 0
102 107 127 146 104 121 155 109 113 155 102 102 1
96 98 376 484 108 378 688 127 292 773 177 102 2
101 103 164 212 103 183 310 110 176 409 126 100 3
101 107 115 115 104 107 115 103 108 109 98 98 4
102 105 451 459 110 320 500 117 257 469 131 104 5
101 108 228 239 108 222 313 109 187 349 120 102 6
107 109 115 117 110 112 119 113 111 115 106 110 7
98 104 388 391 105 307 371 104 105 99 97 102 8
107 107 277 261 110 307 372 113 111 107 106 108 9
103 105 106 109 107 104 111 105 113 105 106 104 10
108 108 107 109 111 104 108 108 108 107 106 15000 11
Chip#2
107 105 104 108 106 101 107 103 105 106 106 106 0
109 106 105 108 108 104 106 106 105 110 106 107 1
101 102 99 101 97 97 100 97 96 100 100 101 2
103 102 107 158 123 100 155 138 102 133 141 105 3
106 103 112 190 148 104 165 145 102 136 136 102 4
108 109 108 114 113 104 113 108 105 110 109 106 5
95 97 97 120 106 94 206 198 94 192 276 105 6
102 103 108 161 139 99 337 324 104 260 342 113 7
107 105 102 113 110 104 120 116 102 109 117 102 8
103 103 100 101 103 97 166 185 100 156 229 110 9
102 98 99 99 100 96 301 352 108 219 354 130 10
104 103 105 104 105 100 125 136 104 114 128 15000 11
