Chip#1
104 100 103 105 100 105 101 95 100 103 96 94 0 226 124 58 23
105 100 102 105 103 98 96 99 101 110 106 95 1 0 0 0 0
109 106 108 112 113 109 109 102 109 117 131 106 2 0 0 0 0
104 98 105 106 101 103 100 100 100 101 101 92 3 0 0 0 0
104 108 105 107 109 107 100 100 100 114 114 106 4 0 0 0 0
109 102 105 107 108 106 101 103 103 117 116 99 5 0 0 0 0
103 106 108 111 108 105 102 96 102 104 98 99 6 0 0 0 0
93 90 97 97 97 94 89 89 95 107 104 95 7 0 0 0 0
105 98 105 106 108 100 102 97 103 113 115 96 8 0 0 0 0
100 99 105 105 105 103 102 97 103 103 101 100 9 0 0 0 0
108 105 110 109 111 106 101 97 102 121 116 100 10 0 0 0 0
97 97 100 102 99 97 92 96 100 114 110 15000 11 0 0 0 0
