Chip#1
107 104 107 101 103 111 107 97 103 111 104 100 0
101 96 104 97 98 102 108 104 100 101 103 103 1
101 104 107 102 97 104 106 104 103 103 106 98 2
108 100 123 771 224 106 107 342 365 106 102 99 3
107 109 112 429 106 110 112 256 289 108 114 104 4
105 109 108 106 104 108 107 107 110 107 109 100 5
102 97 103 100 94 107 103 103 104 103 101 94 6
98 99 99 161 115 104 103 209 284 100 99 98 7
115 109 113 257 173 111 110 542 421 112 113 104 8
100 95 96 100 89 101 100 112 109 99 99 90 9
97 101 99 96 94 99 104 99 97 99 99 94 10
110 108 114 106 105 109 113 110 109 112 112 15000 11
Chip#2
97 91 99 101 101 98 101 99 104 99 98 97 0
98 101 107 103 101 107 110 100 110 103 102 107 1
113 108 114 109 101 113 115 100 112 109 107 112 2
105 100 105 108 158 112 104 100 130 130 99 104 3
100 95 103 106 147 108 107 100 137 144 99 96 4
101 99 103 109 105 107 108 100 105 106 99 103 5
95 94 103 100 99 98 105 98 103 97 99 97 6
103 104 108 106 99 105 110 100 123 107 105 104 7
104 102 105 109 114 111 111 100 169 145 103 105 8
99 104 103 100 105 99 105 99 112 110 103 105 9
100 98 99 103 102 103 104 99 99 99 95 96 10
103 99 108 105 102 104 110 100 107 104 102 15000 11
Chip#3
97 99 100 103 102 109 102 106 99 105 99 103 0
97 92 95 99 98 102 97 103 97 102 103 103 1
102 98 95 98 94 105 98 104 96 100 98 97 2
98 101 100 107 109 109 99 108 110 107 101 104 3
98 100 97 105 106 120 101 106 106 103 99 101 4
102 103 102 105 105 108 100 105 96 102 101 104 5
98 95 94 103 94 106 98 102 92 101 95 99 6
101 101 98 109 103 115 99 106 102 105 101 103 7
102 98 99 114 111 106 95 105 107 103 98 100 8
100 99 100 107 103 109 99 108 97 108 103 102 9
89 89 85 95 86 96 89 91 86 91 87 86 10
92 99 96 97 98 100 93 97 91 100 94 15000 11
Chip#4
104 103 107 110 106 109 108 104 111 101 102 102 0
98 103 106 103 109 102 107 106 106 105 101 101 1
105 103 109 107 106 109 106 111 106 103 105 100 2
104 102 109 110 107 109 108 108 113 105 103 101 3
90 98 100 100 98 98 100 97 100 97 98 94 4
98 106 104 106 109 105 108 104 111 105 108 104 5
101 110 110 110 106 109 110 109 108 104 103 101 6
108 106 109 110 113 114 110 108 113 105 112 103 7
102 101 107 103 115 109 110 105 110 108 106 103 8
97 105 106 103 106 105 106 102 107 100 105 97 9
101 100 102 105 104 100 111 102 97 98 105 103 10
100 107 107 107 106 109 111 105 111 107 102 15000 11
Chip#1
118 108 107 105 106 106 110 109 102 103 112 107 0
105 103 100 102 99 99 105 105 105 101 109 99 1
100 96 100 100 94 97 99 99 95 99 104 93 2
97 100 117 770 220 98 103 341 367 100 99 92 3
109 109 108 429 106 111 111 255 287 107 109 100 4
108 104 98 100 102 105 103 103 103 106 104 95 5
110 103 102 100 100 103 112 110 106 106 108 100 6
102 104 104 176 121 102 107 219 289 105 106 93 7
89 92 100 260 167 93 99 535 409 96 98 91 8
98 92 100 100 94 97 102 110 109 97 103 89 9
105 95 99 96 95 97 95 102 99 97 99 94 10
105 96 98 96 90 93 97 95 100 96 101 15000 11
Chip#2
111 108 112 108 102 107 112 100 114 107 107 110 0
104 98 99 109 102 103 104 100 106 101 103 98 1
108 103 106 106 102 109 107 100 112 106 107 101 2
99 95 99 103 154 111 104 100 129 128 102 101 3
99 95 98 105 144 104 102 100 136 139 94 96 4
98 99 104 101 105 101 101 100 106 101 98 100 5
100 98 99 105 102 99 103 100 105 101 99 96 6
100 95 101 104 102 99 108 100 120 104 102 98 7
104 103 101 105 114 108 105 100 167 144 103 97 8
103 99 104 100 114 102 106 100 112 107 102 98 9
104 100 104 105 99 102 108 100 111 101 103 100 10
106 101 102 104 103 106 107 100 115 107 99 15000 11
Chip#3
98 100 98 103 102 108 100 102 98 101 100 101 0
100 101 98 104 106 106 100 106 100 103 105 102 1
102 98 94 105 101 110 98 101 101 101 103 100 2
93 94 97 104 103 105 98 103 105 105 100 102 3
97 96 98 100 103 105 97 102 105 97 102 98 4
100 96 94 104 98 104 97 103 93 99 100 100 5
105 102 104 103 102 110 102 104 100 106 104 105 6
94 91 98 103 100 107 94 98 98 100 99 94 7
96 95 96 113 106 104 99 103 110 98 94 102 8
91 91 91 95 97 98 86 95 93 95 94 95 9
96 94 93 97 99 105 97 97 91 98 94 100 10
96 102 99 102 99 106 101 100 100 101 101 15000 11
Chip#4
102 103 103 100 107 105 106 108 106 102 102 99 0
100 102 97 97 100 98 101 102 100 94 96 97 1
104 107 109 104 110 108 113 109 111 107 103 106 2
105 106 113 103 109 113 108 112 114 108 111 101 3
92 93 93 99 100 100 101 96 103 94 96 96 4
87 93 96 92 95 96 94 96 96 94 93 90 5
108 106 113 110 109 110 108 112 111 107 109 106 6
97 101 103 97 101 105 106 105 104 105 101 98 7
98 100 103 96 113 101 100 105 114 100 102 96 8
101 97 104 107 109 105 108 106 110 101 101 99 9
95 97 100 97 101 99 101 102 100 96 96 97 10
91 97 103 103 103 101 106 102 104 98 103 15000 11
Chip#1
110 109 108 106 100 103 107 107 109 103 109 108 0
105 101 109 102 96 103 99 103 101 105 99 94 1
113 109 108 111 108 108 112 114 109 106 109 106 2
104 101 122 781 228 104 103 345 376 106 104 100 3
105 101 104 429 100 102 106 251 286 103 102 99 4
102 100 103 100 95 103 104 103 101 105 101 98 5
98 103 103 100 94 99 103 107 99 102 99 93 6
106 101 107 175 121 99 106 215 291 105 102 99 7
105 101 109 275 179 99 106 545 413 105 104 98 8
102 103 107 107 102 104 107 117 111 103 102 99 9
105 96 100 100 94 103 102 104 101 103 102 95 10
104 97 100 100 95 97 99 103 93 101 103 15000 11
Chip#2
104 100 103 101 104 107 104 100 111 107 104 99 0
103 103 104 105 102 102 103 100 112 104 101 102 1
98 99 99 98 98 102 98 99 106 96 98 100 2
99 100 106 108 158 110 101 100 133 127 97 101 3
97 99 103 108 146 110 103 100 143 146 99 98 4
98 103 101 99 105 104 100 100 105 97 98 102 5
110 107 112 108 104 109 112 100 112 108 108 108 6
99 96 100 101 104 103 97 99 121 110 98 97 7
105 108 108 106 114 117 107 100 175 149 102 105 8
112 111 115 114 114 119 113 101 123 121 111 113 9
106 109 110 110 89 112 108 100 117 107 102 104 10
101 97 106 103 103 98 108 100 109 104 101 15000 11
Chip#3
96 95 96 97 96 101 98 98 97 98 95 99 0
98 100 96 101 99 104 98 102 101 100 102 99 1
98 100 98 102 101 104 97 102 100 98 103 99 2
94 94 95 99 101 103 97 103 106 95 99 100 3
100 98 99 103 103 106 95 105 108 99 98 99 4
90 91 89 95 91 98 89 93 86 90 92 93 5
101 103 98 106 99 108 101 106 97 103 106 100 6
98 98 98 108 103 102 99 103 100 97 100 99 7
98 99 98 115 111 104 100 104 102 100 103 102 8
95 101 99 99 99 103 95 104 95 100 98 97 9
101 94 103 105 105 115 99 104 101 102 105 100 10
97 103 99 105 103 107 98 102 93 102 99 15000 11
Chip#4
98 96 97 97 97 100 100 102 98 96 98 92 0
0 0 0 0 0 0 0 0 0 0 0 0 0
0 0 0 0 0 0 0 0 0 0 0 0 0
0 0 0 0 0 0 0 0 0 0 0 0 0
0 0 0 0 0 0 0 0 0 0 0 0 0
0 0 0 0 0 0 0 0 0 0 0 0 0
0 0 0 0 0 0 0 0 0 0 0 0 0
0 0 0 0 0 0 0 0 0 0 0 0 0
0 0 0 0 0 0 0 0 0 0 0 0 0
0 0 0 0 0 0 0 0 0 0 0 0 0
0 0 0 0 0 0 0 0 0 0 0 0 0
0 0 0 0 0 0 0 0 0 0 0 15000 0
