Chip#1
103 102 100 101 107 103 105 102 101 98 102 100 0 243 124 61 23
104 105 100 101 108 99 134 110 106 108 107 103 1 0 0 0 0
99 103 97 100 104 100 106 106 101 100 103 103 2 0 0 0 0
105 102 102 101 104 106 106 104 103 100 103 102 3 0 0 0 0
106 109 103 108 108 108 134 117 111 115 108 109 4 0 0 0 0
108 113 111 106 116 110 134 116 113 111 112 110 5 0 0 0 0
104 100 102 103 106 98 105 106 101 99 103 102 6 0 0 0 0
109 109 102 103 113 102 134 122 106 115 113 108 7 0 0 0 0
109 108 105 109 111 106 134 114 106 114 116 109 8 0 0 0 0
99 100 99 101 102 98 100 102 100 102 100 102 9 0 0 0 0
103 102 102 104 108 102 111 111 106 104 108 104 10 0 0 0 0
104 104 100 104 107 102 109 112 108 99 106 15000 11 0 0 0 0
Chip#1
104 103 98 100 103 102 107 102 100 99 102 98 0 244 124 51 23
95 97 93 96 101 95 110 105 100 109 106 99 1 0 0 0 0
101 97 99 99 101 99 108 110 100 109 108 96 2 0 0 0 0
100 102 96 99 102 102 107 104 104 99 103 99 3 0 0 0 0
101 99 102 99 103 106 118 116 104 111 105 103 4 0 0 0 0
105 100 100 97 103 100 110 111 103 103 107 103 5 0 0 0 0
98 102 97 103 102 100 106 107 100 102 103 102 6 0 0 0 0
101 102 103 104 106 103 134 122 103 121 119 104 7 0 0 0 0
103 104 102 104 104 104 134 114 104 118 113 102 8 0 0 0 0
109 102 103 105 109 103 134 110 103 104 108 107 9 0 0 0 0
100 100 97 100 101 102 115 116 100 103 106 98 10 0 0 0 0
105 102 100 104 104 103 134 117 103 102 107 15000 11 0 0 0 0
Chip#1
103 104 104 105 112 104 134 116 108 129 133 122 0 243 124 173 23
109 108 104 110 114 134 427 345 160 523 399 122 1 0 0 0 0
108 109 105 109 112 129 397 330 171 517 385 114 2 0 0 0 0
100 100 98 104 104 98 198 167 103 164 134 99 3 0 0 0 0
110 110 103 112 114 165 742 607 149 425 362 111 4 0 0 0 0
104 107 100 108 121 129 488 401 133 343 293 107 5 0 0 0 0
103 103 100 109 112 110 199 178 114 182 164 105 6 0 0 0 0
117 110 113 124 129 162 878 809 199 973 811 126 7 0 0 0 0
104 104 100 109 109 125 600 545 150 673 572 107 8 0 0 0 0
110 110 109 111 109 111 206 193 118 158 137 114 9 0 0 0 0
108 111 104 106 117 147 690 662 153 295 266 116 10 0 0 0 0
110 114 108 112 112 126 466 420 123 213 197 15000 11 0 0 0 0
Chip#1
103 104 104 101 107 103 134 118 106 133 135 122 0 244 124 31 23
104 108 107 110 109 130 478 381 166 588 447 119 1 0 0 0 0
108 111 108 111 116 133 444 367 183 584 432 114 2 0 0 0 0
105 104 103 104 108 108 215 179 111 173 140 104 3 0 0 0 0
110 106 103 106 121 171 849 701 151 480 403 113 4 0 0 0 0
109 111 108 111 129 137 551 447 144 390 331 109 5 0 0 0 0
100 102 98 100 112 114 214 192 113 199 176 99 6 0 0 0 0
99 102 99 104 116 159 993 913 196 1056 917 114 7 0 0 0 0
108 110 107 112 120 134 686 623 154 761 653 110 8 0 0 0 0
106 107 104 106 112 110 212 203 109 160 135 102 9 0 0 0 0
105 108 105 109 111 146 779 756 110 322 281 108 10 0 0 0 0
111 113 109 110 120 129 527 473 131 229 206 15000 11 0 0 0 0
Chip#1
99 103 100 103 103 106 134 113 108 133 135 124 0 244 124 73 23
111 111 108 108 114 141 501 401 176 619 468 126 1 0 0 0 0
103 110 102 109 110 135 460 376 183 601 445 114 2 0 0 0 0
101 103 98 103 103 103 221 179 106 174 139 102 3 0 0 0 0
109 113 108 109 117 175 902 732 153 498 414 115 4 0 0 0 0
109 111 107 110 118 139 576 466 139 416 343 111 5 0 0 0 0
106 108 107 106 117 113 223 199 114 206 180 108 6 0 0 0 0
105 109 102 112 120 166 1043 957 206 1108 972 124 7 0 0 0 0
98 100 98 105 111 129 710 657 154 784 674 105 8 0 0 0 0
105 109 105 109 114 114 224 213 118 167 145 107 9 0 0 0 0
106 108 103 105 112 151 816 783 158 335 296 108 10 0 0 0 0
114 116 109 116 118 131 547 494 131 236 211 15000 11 0 0 0 0
Chip#1
103 103 103 104 104 108 134 116 109 135 135 124 0 244 124 101 23
105 107 98 105 111 137 504 369 171 623 474 125 1 0 0 0 0
100 104 102 106 108 130 462 381 187 611 453 109 2 0 0 0 0
103 105 103 106 107 108 224 184 108 177 147 105 3 0 0 0 0
106 111 104 110 114 175 902 737 154 505 430 111 4 0 0 0 0
100 108 100 109 116 134 577 466 138 419 343 105 5 0 0 0 0
105 109 109 110 117 114 227 198 119 211 189 109 6 0 0 0 0
104 107 105 116 120 159 1059 974 209 1124 978 117 7 0 0 0 0
105 110 105 112 123 135 730 670 159 804 691 115 8 0 0 0 0
99 103 100 103 107 103 217 207 109 158 137 100 9 0 0 0 0
100 104 104 108 111 151 824 796 162 337 297 109 10 0 0 0 0
106 109 107 110 113 125 547 494 129 232 215 15000 11 0 0 0 0
