Chip#1
83 174 165 151 299 160 226 234 153 198 100 261 0
147 227 164 154 296 160 223 240 155 198 101 265 1
147 227 169 154 299 161 225 237 159 201 108 266 2
147 182 175 175 305 165 227 247 169 204 107 266 3
85 181 170 170 300 160 225 248 168 201 105 265 4
147 227 176 161 302 165 233 247 164 208 109 270 5
79 164 163 146 289 149 216 232 152 194 93 255 6
147 227 167 160 301 159 225 252 172 197 103 266 7
82 181 165 165 304 157 225 252 177 197 102 263 8
83 176 164 155 299 159 227 240 155 197 102 261 9
147 171 162 151 298 151 221 235 153 192 97 259 10
147 227 171 160 304 160 228 243 157 201 108 5000 11
Chip#2
49 0 17 0 116 0 39 105 10 35 54 0 0
59 0 17 0 119 0 39 105 10 35 55 0 1
56 0 17 0 115 2 106 121 10 35 59 0 2
52 0 17 0 124 0 39 105 10 35 55 0 3
51 0 17 0 112 0 39 105 10 35 51 0 4
55 0 17 0 121 2 103 121 58 35 58 0 5
51 0 17 0 116 0 39 105 58 35 48 0 6
61 0 17 0 122 1 106 121 42 35 60 0 7
56 0 17 0 119 0 39 121 42 35 55 0 8
50 0 17 0 116 0 39 121 42 35 54 0 9
51 0 17 0 116 0 39 121 42 35 55 0 10
52 0 17 0 115 0 39 105 42 35 54 5000 11
Chip#3
268 367 314 222 289 229 343 290 458 290 347 265 0
267 383 315 222 286 225 343 290 457 372 347 315 1
261 383 307 222 283 221 245 285 452 284 342 316 2
267 383 317 222 290 234 359 293 462 372 346 320 3
268 383 311 222 288 231 343 288 461 290 348 320 4
261 383 311 222 284 226 343 286 453 285 341 314 5
264 383 314 222 284 226 343 292 459 290 347 316 6
261 383 309 222 282 224 343 290 454 372 341 315 7
256 367 307 222 280 223 343 280 454 285 339 309 8
260 367 307 222 278 220 237 283 448 281 338 313 9
268 383 315 222 283 228 343 289 461 372 347 326 10
265 367 311 222 283 226 245 285 455 286 346 5000 11
Chip#4
159 325 254 274 184 308 383 267 321 296 164 214 0
160 328 270 277 184 364 399 267 337 296 166 213 1
160 326 270 277 184 361 399 267 337 297 164 216 2
159 325 270 277 184 365 399 267 321 297 168 218 3
159 330 270 277 184 369 399 267 337 301 169 218 4
161 330 270 297 184 367 399 267 337 301 168 218 5
163 333 270 280 184 371 399 267 337 304 169 222 6
163 331 270 277 184 369 399 267 321 299 170 221 7
160 325 254 276 184 366 399 267 321 296 162 214 8
160 328 270 279 184 366 399 267 337 294 165 218 9
159 330 254 280 184 366 399 267 321 301 165 218 10
160 331 254 276 184 365 399 267 337 296 165 5000 11
Chip#1
147 227 173 158 305 165 235 242 163 208 114 271 0
88 178 170 158 249 162 231 243 160 200 105 267 1
147 177 165 150 296 157 223 236 154 199 100 261 2
83 177 165 169 300 157 223 243 165 200 100 259 3
147 227 169 166 306 161 231 251 168 205 108 267 4
147 177 171 153 298 164 221 238 160 200 106 263 5
82 172 164 151 295 156 223 236 153 194 100 258 6
147 227 169 158 300 164 227 252 172 198 103 265 7
79 172 163 163 300 153 217 277 176 194 100 260 8
83 178 167 152 296 159 222 238 155 195 102 258 9
147 227 171 159 300 162 228 242 158 200 104 266 10
147 178 171 154 298 162 223 242 160 199 106 15000 11
Chip#2
52 0 17 0 120 0 39 105 42 35 58 0 0
61 0 17 0 122 0 109 121 42 35 56 0 1
52 0 17 0 119 0 103 121 42 35 54 0 2
52 0 17 0 121 0 39 121 42 35 56 0 3
51 0 17 0 120 0 39 121 42 35 51 0 4
57 0 17 0 120 0 106 121 42 35 59 0 5
55 0 17 0 120 0 39 105 42 35 54 0 6
59 0 17 0 121 0 39 121 42 35 51 0 7
64 0 17 0 129 1 39 105 42 36 58 0 8
52 0 17 0 119 0 39 121 42 35 53 0 9
59 0 18 0 120 2 39 105 42 35 58 0 10
58 0 17 0 119 0 109 121 42 35 53 15000 11
Chip#3
265 367 316 222 283 227 343 286 453 372 346 311 0
267 383 315 222 283 232 343 290 456 289 344 322 1
262 367 310 222 282 223 343 288 454 285 346 316 2
266 383 311 222 286 225 343 294 459 372 348 318 3
267 383 316 222 288 231 343 294 466 372 351 324 4
259 367 311 222 280 219 246 284 453 280 336 311 5
264 367 308 222 281 223 343 289 454 287 341 314 6
261 367 312 222 280 226 343 283 454 284 343 313 7
262 367 311 222 283 223 343 288 453 285 343 315 8
259 367 308 222 279 224 244 285 453 289 346 311 9
262 383 312 222 283 228 343 288 458 372 348 315 10
265 367 313 222 282 227 343 290 458 285 342 15000 11
Chip#4
26 154 163 129 65 187 305 83 246 109 27 48 0
27 151 167 131 65 189 305 99 240 108 26 50 1
32 155 170 137 67 190 311 99 248 190 31 54 2
34 156 169 136 70 190 311 99 252 114 33 54 3
26 155 161 129 65 185 311 99 252 190 28 48 4
36 159 171 141 72 197 317 99 260 115 38 55 5
26 148 157 127 58 184 306 99 241 104 25 48 6
30 156 164 133 69 190 312 99 245 110 32 54 7
26 150 163 131 68 186 309 99 248 109 32 48 8
22 151 159 127 65 187 308 83 161 108 25 47 9
30 158 166 134 68 190 316 99 246 190 31 56 10
30 158 170 136 67 189 313 99 250 190 33 15000 11
Chip#1
147 227 171 155 299 160 225 236 155 201 109 264 0
147 182 168 157 300 162 228 244 159 201 108 265 1
147 227 173 159 301 166 230 245 158 203 103 265 2
82 172 165 167 299 154 221 243 161 194 101 261 3
147 227 169 165 300 162 231 251 167 201 103 266 4
85 181 173 154 301 160 227 242 156 201 103 264 5
147 227 164 152 298 155 227 235 153 198 103 261 6
147 227 164 158 299 157 223 245 172 193 105 258 7
147 227 165 167 302 157 225 318 178 198 103 265 8
147 227 170 152 295 157 227 237 157 199 101 263 9
147 227 167 155 299 160 226 238 156 201 104 266 10
147 172 165 152 298 155 227 240 155 197 106 15000 11
Chip#2
56 0 17 0 121 0 106 121 42 35 55 0 0
56 0 17 0 122 3 39 121 42 35 60 0 1
57 0 19 0 126 1 112 121 42 35 59 0 2
46 0 17 0 116 0 39 121 42 35 45 0 3
50 0 17 0 113 0 39 105 42 35 53 0 4
55 0 17 0 119 0 104 121 42 35 61 0 5
48 0 17 0 114 0 39 121 42 35 53 0 6
45 0 17 0 112 0 39 105 42 35 49 0 7
58 0 17 0 121 0 39 121 58 35 55 0 8
54 0 17 0 114 0 39 105 58 35 54 0 9
58 0 17 0 120 0 39 121 58 35 59 0 10
46 0 17 0 107 0 39 105 58 35 48 15000 11
Chip#3
265 367 314 222 283 230 343 288 461 289 344 316 0
256 367 301 222 276 224 343 284 453 283 339 309 1
265 383 311 222 282 232 343 291 462 372 343 318 2
260 367 307 222 279 224 245 284 452 281 336 313 3
271 367 317 222 288 232 343 297 465 296 352 265 4
262 367 313 222 283 227 343 289 456 289 346 310 5
255 367 304 222 281 220 240 279 447 283 338 305 6
267 367 311 222 283 234 343 294 461 291 346 315 7
261 367 310 222 282 225 343 287 461 286 343 265 8
265 383 312 222 278 225 343 286 456 372 343 315 9
261 367 310 222 284 223 343 285 453 286 344 310 10
260 367 312 222 282 229 343 288 459 285 339 15000 11
Chip#4
28 151 165 126 63 184 306 99 248 105 28 47 0
28 151 164 128 65 187 308 99 248 108 27 53 1
25 151 162 128 58 184 310 83 244 108 26 48 2
29 154 167 133 68 191 312 99 250 114 31 51 3
29 154 170 132 63 189 312 99 246 109 32 53 4
26 150 161 129 64 186 307 99 248 105 26 48 5
29 151 165 133 64 187 311 99 246 110 28 52 6
33 154 175 138 72 192 315 177 251 190 34 59 7
32 157 166 127 67 191 313 99 250 112 29 53 8
32 157 169 139 69 195 315 99 255 113 32 57 9
35 157 170 132 70 192 312 99 252 190 33 53 10
26 150 161 128 64 184 310 83 161 108 24 15000 11
