Chip#1
104 96 104 96 97 104 103 100 100 105 102 98 0
114 109 107 103 105 106 108 109 106 110 108 105 1
110 104 107 103 105 108 110 107 110 108 105 99 2
106 105 111 173 115 106 105 117 113 110 106 102 3
100 101 100 129 99 99 98 105 107 101 101 95 4
106 105 111 101 101 106 108 104 102 106 106 102 5
105 105 107 106 103 104 111 108 100 108 109 102 6
110 103 113 130 111 109 110 126 136 108 108 102 7
106 101 109 145 124 102 105 171 139 107 103 103 8
109 104 113 109 108 108 110 114 105 111 110 102 9
98 88 93 91 96 93 88 98 91 96 91 94 10
100 97 102 96 94 96 95 97 92 101 101 15000 11
Chip#2
104 108 104 100 102 99 106 100 105 102 99 104 0
100 99 100 99 92 103 106 100 104 98 94 98 1
101 97 96 100 96 97 104 100 106 99 99 99 2
104 104 104 103 96 100 104 99 107 105 93 99 3
101 98 105 103 96 101 106 100 109 101 98 101 4
104 103 102 103 99 106 108 100 114 103 103 105 5
108 104 102 108 105 103 109 100 114 104 108 104 6
98 100 100 99 105 97 99 100 109 103 96 98 7
101 99 102 103 102 99 104 100 115 108 93 99 8
105 103 98 106 102 101 108 100 107 103 103 105 9
103 104 102 99 103 103 110 100 105 106 99 98 10
98 99 101 98 98 97 100 100 105 98 92 15000 11
Chip#3
101 100 98 100 101 110 97 96 91 98 98 98 0
101 98 101 104 101 105 91 97 97 100 102 100 1
101 103 100 103 101 106 97 98 98 103 102 98 2
96 99 99 103 103 102 91 96 96 105 95 100 3
101 99 98 99 102 105 91 98 97 101 103 100 4
98 101 96 96 96 104 90 94 92 98 98 99 5
95 96 95 95 95 102 90 94 91 98 98 98 6
98 96 98 101 96 103 94 94 92 100 95 98 7
99 96 95 95 101 98 90 98 98 101 100 97 8
100 98 96 98 98 106 94 99 93 98 97 98 9
98 97 99 96 98 102 91 97 92 96 98 99 10
102 104 100 102 99 106 91 100 102 101 101 15000 11
Chip#4
104 102 99 96 104 102 107 98 103 100 101 99 0
104 98 104 102 104 103 111 102 104 104 105 104 1
102 97 102 101 104 103 110 94 101 105 106 103 2
101 102 103 100 104 103 106 99 104 104 103 100 3
100 102 100 100 104 101 108 97 101 104 102 97 4
101 100 97 96 101 100 101 101 98 100 101 97 5
101 98 104 97 104 104 106 100 104 96 101 101 6
102 99 103 97 109 101 101 99 106 96 103 97 7
101 101 103 96 106 97 103 101 103 98 101 96 8
96 97 96 92 100 98 101 93 100 92 92 91 9
100 96 99 99 104 98 101 98 101 98 102 93 10
104 99 99 99 103 94 104 98 100 96 105 15000 11
Chip#1
108 109 111 102 103 107 110 108 105 106 110 105 0
106 105 105 102 102 107 107 105 105 107 110 105 1
96 100 99 97 94 97 98 99 95 99 96 90 2
108 105 128 552 191 108 110 173 181 112 113 104 3
104 103 113 339 109 104 111 140 157 111 110 100 4
105 99 108 101 102 107 107 103 103 105 103 96 5
109 105 108 106 105 106 111 109 104 110 108 106 6
98 99 103 240 138 102 102 207 286 100 104 98 7
102 99 114 416 238 101 108 537 331 108 105 100 8
101 109 103 108 102 103 106 114 113 101 102 98 9
101 95 105 102 98 101 107 104 100 103 103 100 10
109 97 103 96 97 97 102 98 97 100 105 15000 11
Chip#2
109 109 106 110 103 107 107 100 116 107 103 106 0
106 112 105 106 103 110 108 100 109 103 104 104 1
105 108 109 108 103 110 108 100 112 104 104 101 2
109 104 107 111 226 121 110 100 137 132 106 105 3
103 103 108 114 203 121 108 100 145 145 102 101 4
100 103 99 104 99 102 104 100 107 99 97 98 5
115 111 114 113 99 110 119 100 121 113 112 108 6
108 107 106 108 137 104 109 100 168 126 104 102 7
114 117 111 119 225 154 115 103 324 271 109 106 8
105 108 108 107 125 105 107 100 137 129 107 107 9
106 108 106 106 105 103 108 100 112 106 106 104 10
104 109 107 103 104 102 104 100 115 106 101 15000 11
Chip#3
111 105 109 110 107 120 102 108 103 108 109 109 0
110 104 108 106 106 120 102 109 104 113 108 106 1
108 105 104 109 105 109 98 104 101 106 100 104 2
109 101 107 117 119 112 99 116 126 108 103 106 3
98 96 98 106 107 104 94 98 124 99 92 99 4
100 99 102 101 99 108 94 99 101 102 99 104 5
104 107 108 107 107 120 99 105 104 108 108 108 6
95 93 97 104 95 102 89 94 95 101 93 95 7
106 105 108 125 123 110 101 102 108 106 98 106 8
105 100 105 106 109 106 95 102 100 107 105 105 9
109 107 113 109 111 116 101 106 105 111 108 107 10
101 99 102 101 103 106 91 98 100 101 97 15000 11
Chip#4
108 102 109 104 112 101 106 106 108 104 109 108 0
104 105 107 104 109 102 106 101 106 100 108 107 1
104 101 106 104 109 105 107 101 104 104 105 103 2
107 105 102 104 121 106 107 109 113 116 109 106 3
102 98 103 97 119 105 107 98 130 116 106 97 4
107 109 106 104 107 109 113 105 111 105 111 105 5
102 102 104 101 109 105 107 101 103 101 106 103 6
104 99 102 102 103 103 106 104 101 102 105 101 7
108 110 109 108 133 114 117 111 111 115 108 108 8
104 105 102 103 113 106 107 97 104 101 103 100 9
102 101 104 103 109 103 110 99 107 100 102 105 10
108 105 106 106 107 103 114 106 104 100 106 15000 11
Chip#1
115 109 113 109 105 107 113 110 109 110 108 107 0
110 109 113 107 104 107 110 105 106 111 105 105 1
110 108 109 112 108 110 110 107 105 110 105 100 2
114 108 139 744 226 110 113 198 207 116 110 105 3
105 100 113 433 110 106 112 163 181 107 106 100 4
104 97 105 102 101 108 109 105 103 106 105 100 5
115 106 116 115 112 112 115 109 109 115 116 108 6
105 109 109 305 164 106 108 262 370 110 108 99 7
110 109 126 557 319 110 113 741 437 115 118 108 8
117 108 116 120 110 113 110 133 121 113 109 105 9
108 101 107 103 103 104 102 103 99 107 105 100 10
111 99 103 100 91 98 97 96 93 102 102 15000 11
Chip#2
104 110 105 103 102 107 112 100 115 103 107 99 0
110 113 107 113 103 110 110 100 114 108 111 106 1
112 113 111 110 103 113 115 102 116 112 111 108 2
105 103 106 113 324 125 104 100 147 148 103 105 3
112 110 111 134 301 136 114 101 177 179 108 110 4
104 106 109 106 101 105 107 100 109 108 107 104 5
106 107 107 108 101 102 112 100 112 110 107 107 6
112 113 111 110 177 110 110 100 211 140 111 107 7
113 113 112 122 323 178 112 101 474 389 112 111 8
117 118 121 115 158 116 117 106 165 173 115 115 9
110 109 114 109 104 105 112 100 116 109 108 104 10
113 113 109 109 105 112 111 101 115 113 106 15000 11
Chip#3
101 101 99 97 104 106 95 99 101 98 100 103 0
108 103 109 104 105 113 102 105 104 110 106 105 1
109 110 112 113 110 120 108 110 108 109 111 109 2
105 101 105 124 127 112 101 128 153 111 103 104 3
106 110 108 146 133 120 102 120 154 118 108 110 4
104 103 108 109 103 113 99 105 104 102 103 107 5
107 104 105 112 107 120 100 104 106 110 104 105 6
113 111 114 146 117 120 105 110 117 117 111 110 7
108 104 108 146 145 116 101 104 121 107 104 107 8
113 109 111 109 113 116 105 111 106 111 108 109 9
108 109 107 109 106 113 101 108 98 110 106 107 10
108 104 99 105 106 115 97 101 101 107 103 15000 11
Chip#4
108 111 110 110 109 110 114 108 110 102 111 106 0
108 108 112 110 113 110 122 109 115 109 112 106 1
110 106 113 108 107 106 114 109 113 108 114 105 2
105 107 109 107 133 112 110 105 120 125 111 103 3
115 112 110 111 150 117 120 114 146 135 114 109 4
117 115 116 118 119 116 121 114 117 113 121 118 5
108 102 107 104 109 105 108 106 110 105 115 104 6
107 109 112 106 113 108 113 109 117 107 109 108 7
115 116 119 120 150 120 121 114 124 123 116 110 8
111 107 112 111 129 109 117 108 115 108 112 106 9
110 111 116 114 116 109 111 108 111 105 112 103 10
118 109 109 111 118 109 114 108 111 111 112 15000 11
Chip#1
119 109 113 109 109 111 112 111 110 117 113 108 0
106 101 103 96 96 98 103 100 97 102 99 98 1
111 108 114 115 110 112 109 112 108 115 109 104 2
106 101 127 797 234 104 105 201 207 106 105 98 3
104 97 105 461 102 99 99 157 181 101 101 99 4
108 103 108 104 104 106 111 110 101 106 105 102 5
110 108 112 114 109 107 111 110 107 116 112 108 6
102 95 104 324 166 102 105 272 391 101 103 99 7
109 106 126 595 334 108 110 801 457 113 104 105 8
109 109 109 111 103 107 110 125 120 107 106 98 9
109 108 108 108 103 110 112 105 101 111 102 105 10
111 109 104 101 99 102 107 107 102 105 105 15000 11
Chip#2
124 121 118 119 105 118 121 106 121 115 113 117 0
109 110 107 111 105 107 112 100 115 108 103 107 1
111 109 112 110 105 108 114 100 115 108 104 105 2
120 118 115 124 430 142 119 105 168 173 108 111 3
110 110 111 134 388 141 116 102 202 200 108 107 4
112 109 108 113 89 110 110 101 116 104 109 102 5
112 109 106 115 105 108 115 101 115 109 109 106 6
119 115 114 118 215 114 119 105 250 154 113 108 7
112 105 108 127 406 198 112 100 601 491 103 106 8
119 114 120 119 182 116 121 108 172 173 118 114 9
122 113 115 109 105 115 116 104 119 113 114 112 10
128 117 114 118 105 115 115 105 122 118 111 15000 11
Chip#3
112 107 105 113 109 120 109 108 108 112 110 110 0
111 109 105 111 107 119 108 111 108 116 110 109 1
113 111 108 113 115 119 104 109 109 116 113 108 2
112 110 114 146 147 120 106 149 185 116 115 109 3
113 113 111 133 142 119 103 121 175 115 110 111 4
113 110 117 114 115 123 108 109 107 113 110 117 5
113 114 110 105 111 119 105 108 107 113 111 112 6
113 121 115 138 126 119 112 118 125 121 114 113 7
112 109 109 163 170 120 106 111 131 113 111 114 8
118 117 115 118 122 120 109 116 114 122 116 115 9
116 113 114 119 118 120 108 109 110 117 110 109 10
111 111 108 110 113 117 105 106 113 112 109 15000 11
Chip#4
114 111 117 110 118 114 113 111 117 109 116 113 0
117 111 116 110 113 109 120 112 113 112 119 110 1
112 112 128 111 112 110 116 109 113 109 112 106 2
115 112 117 113 147 118 114 111 134 146 119 114 3
112 107 112 115 155 122 116 106 157 162 113 110 4
110 112 116 113 118 114 117 112 118 113 117 113 5
118 115 122 115 118 113 120 114 118 113 116 114 6
125 119 127 122 132 124 122 118 123 117 125 116 7
121 109 119 117 154 122 118 114 125 122 115 113 8
112 109 112 114 129 106 113 104 110 107 111 110 9
121 112 124 121 119 117 118 114 118 112 120 116 10
124 119 123 118 126 117 121 114 120 119 123 15000 11
Chip#1
106 104 105 101 99 102 102 98 99 101 101 102 0
110 109 113 107 104 108 105 107 107 107 108 102 1
108 104 109 107 102 108 115 103 105 113 109 99 2
104 106 135 870 245 108 110 214 225 111 108 104 3
113 106 119 504 116 112 117 175 190 115 108 105 4
105 100 105 104 100 106 105 104 107 105 103 98 5
100 97 102 100 97 98 102 102 95 102 99 93 6
102 100 105 342 168 104 104 287 421 105 102 95 7
108 103 122 639 357 108 111 860 488 110 103 103 8
102 101 107 114 102 99 107 126 116 105 98 95 9
110 106 109 102 103 106 109 108 107 108 105 102 10
123 109 117 112 105 113 115 113 111 112 114 15000 11
Chip#2
119 118 116 117 105 121 117 104 120 112 112 116 0
125 122 112 119 105 113 124 109 121 115 112 116 1
117 113 113 114 105 108 115 100 119 107 109 108 2
117 118 119 129 509 154 119 108 183 184 111 117 3
115 113 113 148 459 154 116 104 184 224 111 110 4
123 125 124 126 114 122 126 112 134 119 120 121 5
115 111 111 115 105 110 117 100 121 106 106 104 6
117 117 113 118 241 112 114 104 269 165 113 108 7
117 117 114 133 481 225 114 106 728 578 114 116 8
119 116 113 116 205 116 119 106 187 182 116 113 9
126 122 122 123 105 120 128 106 127 118 116 121 10
133 127 121 115 114 120 127 106 125 121 118 15000 11
Chip#3
117 117 114 115 118 120 109 111 111 116 115 119 0
111 113 110 109 110 120 105 111 110 117 109 112 1
120 118 121 120 121 128 113 122 121 123 119 121 2
108 110 108 146 158 119 104 160 210 114 108 110 3
106 109 104 146 146 120 101 122 194 108 106 106 4
113 117 113 116 117 120 110 110 108 113 114 117 5
121 119 121 118 119 125 110 119 115 121 115 120 6
111 111 110 146 123 120 108 112 122 114 111 117 7
116 117 121 186 193 124 111 121 139 119 110 121 8
120 126 122 125 126 125 118 122 123 123 123 119 9
117 119 115 118 121 122 110 116 114 118 111 117 10
122 123 119 117 121 120 113 122 119 121 116 15000 11
Chip#4
120 112 117 110 118 120 118 112 113 113 120 116 0
120 112 119 117 123 114 118 111 117 113 117 112 1
124 119 126 118 125 122 121 118 121 119 122 116 2
118 119 120 114 154 128 121 119 141 152 119 118 3
117 115 120 113 159 128 122 119 180 158 120 113 4
122 120 123 114 130 122 121 121 125 119 125 117 5
118 116 122 114 123 121 121 116 117 113 120 112 6
125 114 120 117 125 125 121 119 127 124 123 113 7
118 115 122 120 157 128 120 118 127 146 120 110 8
121 115 120 115 142 122 121 116 117 119 116 114 9
124 124 128 122 125 125 122 121 131 127 124 118 10
125 116 128 115 124 121 122 116 121 116 124 15000 11
