Chip#1
0 0 0 0 0 0 0 0 0 0 0 0 0
104 102 102 98 100 111 101 97 103 106 115 100 0
0 0 0 0 0 0 0 0 0 0 0 0 0
0 0 0 0 0 0 0 0 0 0 0 0 0
0 0 0 0 0 0 0 0 0 0 0 0 0
0 0 0 0 0 0 0 0 0 0 0 0 0
0 0 0 0 0 0 0 0 0 0 0 0 0
0 0 0 0 0 0 0 0 0 0 0 0 0
0 0 0 0 0 0 0 0 0 0 0 0 0
0 0 0 0 0 0 0 0 0 0 0 0 0
0 0 0 0 0 0 0 0 0 0 0 0 0
0 0 0 0 0 0 0 0 0 0 0 0 0
0 0 0 0 0 0 0 0 0 0 0 0 0
0 0 0 0 0 0 0 0 0 0 0 0 0
0 0 0 0 0 0 0 0 0 0 0 0 0
0 0 0 0 0 0 0 0 0 0 0 0 0
0 0 0 0 0 0 0 0 0 0 0 0 0
0 0 0 0 0 0 0 0 0 0 0 0 0
0 0 0 0 0 0 0 0 0 0 0 0 0
0 0 0 0 0 0 0 0 0 0 0 0 0
0 0 0 0 0 0 0 0 0 0 0 0 0
0 0 0 0 0 0 0 0 0 0 0 0 0
0 0 0 0 0 0 0 0 0 0 0 15000 0
Chip#2
0 0 0 0 0 0 0 0 0 0 0 15000 0
Chip#2
0 0 0 0 0 27 30 0 0 0 0 1 0
115 108 108 111 116 116 107 110 118 101 103 115 0
0 0 0 0 0 27 30 0 0 0 0 1 0
0 0 0 0 0 27 30 0 0 0 0 1 0
0 0 0 0 0 27 30 0 0 0 0 1 0
0 0 0 0 0 27 30 0 0 0 0 1 0
0 0 0 0 0 27 30 0 0 0 0 1 0
0 0 0 0 0 27 30 0 0 0 0 1 0
0 0 0 0 0 27 30 0 0 0 0 1 0
0 0 0 0 0 27 30 0 0 0 0 1 0
0 0 0 0 0 27 30 0 0 0 0 1 0
0 0 0 0 0 27 30 0 0 0 0 1 0
0 0 0 0 0 27 30 0 0 0 0 1 0
0 0 0 0 0 27 30 0 0 0 0 1 0
0 0 0 0 0 27 30 0 0 0 0 1 0
0 0 0 0 0 27 30 0 0 0 0 1 0
0 0 0 0 0 27 30 0 0 0 0 1 0
0 0 0 0 0 27 30 0 0 0 0 1 0
0 0 0 0 0 27 30 0 0 0 0 1 0
0 0 0 0 0 27 30 0 0 0 0 1 0
0 0 0 0 0 27 30 0 0 0 0 1 0
0 0 0 0 0 27 30 0 0 0 0 1 0
0 0 0 0 0 27 30 0 0 0 0 15000 0
Chip#3
0 0 0 0 0 27 30 0 0 0 0 15000 0
Chip#3
0 0 0 0 3 0 16 9 0 0 9 0 0
 105 106 100 105 0
0 0 0 0 3 0 16 9 0 0 9 0 0
0 0 0 0 3 0 16 9 0 0 9 0 0
0 0 0 0 3 0 16 9 0 0 9 0 0
0 0 0 0 3 0 16 9 0 0 9 0 0
0 0 0 0 3 0 16 9 0 0 9 0 0
0 0 0 0 3 0 16 9 0 0 9 0 0
0 0 0 0 3 0 16 9 0 0 9 0 0
0 0 0 0 3 0 16 9 0 0 9 0 0
0 0 0 0 3 0 16 9 0 0 9 0 0
0 0 0 0 3 0 16 9 0 0 9 0 0
0 0 0 0 3 0 16 9 0 0 9 0 0
0 0 0 0 3 0 16 9 0 0 9 0 0
0 0 0 0 3 0 16 9 0 0 9 0 0
0 0 0 0 3 0 16 9 0 0 9 0 0
0 0 0 0 3 0 16 9 0 0 9 0 0
0 0 0 0 3 0 16 9 0 0 9 0 0
0 0 0 0 3 0 16 9 0 0 9 0 0
0 0 0 0 3 0 16 9 0 0 9 0 0
0 0 0 0 3 0 16 9 0 0 9 0 0
0 0 0 0 3 0 16 9 0 0 9 0 0
0 0 0 0 3 0 16 9 0 0 9 15000 0
Chip#4
0 0 0 0 3 0 16 9 0 0 9 15000 0
Chip#4
106 109 106 101 108 106 106 99 111 104 104 133 0
0 0 0 0 0 0 0 0 0 0 0 0 0
0 0 0 0 0 0 0 0 0 0 0 0 0
0 0 0 0 0 0 0 0 0 0 0 0 0
0 0 0 0 0 0 0 0 0 0 0 0 0
0 0 0 0 0 0 0 0 0 0 0 0 0
0 0 0 0 0 0 0 0 0 0 0 0 0
0 0 0 0 0 0 0 0 0 0 0 0 0
0 0 0 0 0 0 0 0 0 0 0 0 0
0 0 0 0 0 0 0 0 0 0 0 0 0
0 0 0 0 0 0 0 0 0 0 0 0 0
0 0 0 0 0 0 0 0 0 0 0 0 0
0 0 0 0 0 0 0 0 0 0 0 0 0
0 0 0 0 0 0 0 0 0 0 0 0 0
0 0 0 0 0 0 0 0 0 0 0 0 0
0 0 0 0 0 0 0 0 0 0 0 0 0
0 0 0 0 0 0 0 0 0 0 0 0 0
0 0 0 0 0 0 0 0 0 0 0 0 0
0 0 0 0 0 0 0 0 0 0 0 0 0
0 0 0 0 0 0 0 0 0 0 0 0 0
0 0 0 0 0 0 0 0 0 0 0 0 0
0 0 0 0 0 0 0 0 0 0 0 15000 0
