Chip#1
107 104 105 110 107 107 112 102 111 103 101 104 0
102 107 125 130 110 119 146 108 111 143 109 105 1
98 102 271 341 107 279 480 120 218 501 154 102 2
99 102 142 172 104 156 235 108 145 277 116 100 3
96 98 106 102 100 102 107 98 100 103 98 96 4
101 103 235 241 105 186 257 111 187 322 117 102 5
98 97 148 155 103 143 183 102 150 261 109 102 6
99 100 104 105 103 103 108 104 106 103 100 100 7
109 112 228 226 118 196 222 115 116 115 109 111 8
97 94 163 159 100 181 204 102 99 97 101 99 9
103 103 104 109 108 107 113 104 110 103 102 104 10
105 104 102 104 105 107 105 104 110 103 101 15000 11
Chip#2
109 107 105 110 111 106 106 102 106 107 106 106 0
108 103 104 105 107 105 104 98 107 101 103 100 1
104 102 103 103 106 102 102 98 101 100 104 98 2
108 106 114 148 127 109 147 135 106 126 137 103 3
104 109 115 184 151 109 161 145 102 128 137 105 4
106 109 107 119 114 106 111 107 104 105 106 105 5
106 106 104 122 117 109 175 178 105 162 221 110 6
102 105 110 158 140 109 301 285 105 217 312 116 7
103 98 103 109 108 100 114 114 99 101 112 95 8
103 103 103 101 105 101 138 163 100 132 198 107 9
101 100 100 100 101 100 233 312 107 195 322 124 10
114 111 109 110 110 110 128 145 108 115 138 15000 11
