Chipdp
65 100 200 4 4 6 9 7 3 7 4 7 5 8 3 8 4 8 5 9 3 9 4 9 5 9 7 7 7 8 7 9 8 7 8 8 8 9 9 7 9 8 9 9 9 3 3 3 4 3 5 4 3 4 4 4 5 5 3 5 4 5 5 9 3 7 3 8 3 9 4 7 4 8 4 9 5 7 5 8 5 9 9 7 3 7 4 7 5 8 3 8 4 8 5 9 3 9 4 9 5 9 7 7 7 8 7 9 8 7 8 8 8 9 9 7 9 8 9 9 9 3 3 3 4 3 5 4 3 4 4 4 5 5 3 5 4 5 5 9 3 7 3 8 3 9 4 7 4 8 4 9 5 7 5 8 5 9 9 4 2 4 3 4 4 6 2 6 3 6 4 5 2 5 3 5 4 9 4 7 4 8 4 9 5 7 5 8 5 9 6 7 6 8 6 9 9 8 2 8 3 8 4 9 2 9 3 9 4 10 2 10 3 10 4 9 8 7 8 8 8 9 9 7 9 8 9 9 10 7 10 8 10 9 9 4 3 4 4 4 5 5 3 5 4 5 5 6 3 6 4 6 5 9 4 7 4 8 4 9 5 7 5 8 5 9 6 7 6 8 6 9 9 8 3 8 4 8 5 9 3 9 4 9 5 10 3 10 4 10 5 9 8 7 8 8 8 9 9 7 9 8 9 9 10 7 10 8 10 9 
Chip#1
114 108 113 104 102 103 106 110 103 108 111 107 0
116 108 112 103 112 106 110 115 106 112 111 108 1
106 99 111 110 102 105 103 106 99 107 102 98 2
102 99 123 710 205 101 100 326 352 104 101 96 3
104 108 107 403 109 95 105 244 280 103 105 99 4
115 108 111 110 101 108 110 108 107 111 107 106 5
107 108 104 102 100 103 102 107 103 107 105 99 6
106 101 107 278 151 100 110 225 305 104 106 102 7
106 97 116 494 289 98 96 589 421 104 103 92 8
110 108 112 113 105 104 108 128 119 107 111 103 9
104 101 101 101 100 100 102 100 94 104 98 98 10
116 108 111 108 106 105 107 106 106 111 110 15000 11
Chip#1
110 97 99 102 99 100 103 97 95 106 105 99 0
110 105 103 106 101 101 110 105 102 107 105 102 1
106 108 107 106 105 103 111 108 109 106 111 98 2
111 108 123 730 211 105 108 329 364 104 105 102 3
106 103 111 414 108 99 107 247 289 108 107 97 4
95 94 101 93 92 94 96 92 95 97 91 88 5
103 96 101 96 95 100 103 101 101 102 103 91 6
106 108 109 283 152 104 108 231 314 106 110 102 7
110 106 118 501 296 105 106 601 437 104 110 101 8
101 98 98 106 95 94 102 115 115 97 101 91 9
112 108 113 108 107 109 115 106 113 109 111 104 10
111 96 101 98 102 98 101 98 99 101 102 15000 11
Chip#1
112 101 108 102 101 97 106 103 102 103 109 102 0
114 108 108 104 105 103 110 108 106 108 109 106 1
112 108 107 107 107 104 106 110 106 107 109 98 2
112 108 127 749 218 108 106 341 373 113 114 106 3
108 108 109 418 111 101 110 249 294 106 109 103 4
112 107 104 109 101 111 111 111 110 108 113 96 5
104 108 108 104 102 104 108 110 103 108 109 99 6
112 108 111 290 157 105 111 238 320 108 109 103 7
102 99 109 509 291 100 96 607 437 98 98 95 8
107 108 103 107 102 99 101 116 121 100 102 98 9
111 108 107 107 102 104 105 107 107 104 105 104 10
115 99 104 101 100 100 103 102 103 101 105 15000 11
Chip#1
110 108 99 97 100 97 97 101 98 97 101 99 0
117 108 117 113 111 114 115 113 113 111 111 109 1
110 107 111 108 105 109 114 111 109 106 105 101 2
106 107 125 748 215 99 105 338 374 102 101 99 3
102 94 101 417 101 94 105 239 286 101 97 91 4
103 97 106 102 99 98 105 101 101 97 98 95 5
106 107 112 108 107 105 111 108 107 106 106 102 6
103 96 104 288 154 97 101 233 316 101 102 97 7
99 99 112 513 295 97 106 610 437 98 97 97 8
107 108 109 114 108 104 111 121 121 107 105 99 9
120 107 113 114 112 111 117 111 111 112 110 112 10
114 108 106 102 103 99 105 106 99 104 105 15000 11
