Chip#1
103 109 106 105 107 109 105 110 104 103 102 104 0 164 120 163 23
99 103 106 101 104 106 107 109 105 99 105 103 1 0 0 0 0
102 105 116 113 109 115 120 110 114 114 110 105 2 0 0 0 0
101 109 106 103 108 104 110 109 104 105 100 102 3 0 0 0 0
98 98 103 100 102 102 103 103 103 93 102 103 4 0 0 0 0
99 108 113 107 107 106 110 108 105 107 102 104 5 0 0 0 0
101 103 107 105 104 106 106 105 103 103 102 105 6 0 0 0 0
102 107 104 105 107 106 110 105 106 98 105 103 7 0 0 0 0
102 108 110 110 105 107 110 107 105 105 109 105 8 0 0 0 0
91 97 102 99 100 101 98 100 101 89 94 97 9 0 0 0 0
97 95 105 101 102 101 105 102 105 98 99 98 10 0 0 0 0
92 103 102 100 104 103 106 102 105 95 102 15000 11 0 0 0 0
Chip#2
112 112 108 111 108 105 105 105 105 107 105 108 0 0 128 244 23
107 105 104 108 105 101 101 102 101 104 101 102 1 0 0 0 0
109 106 110 110 108 106 102 105 106 109 105 108 2 0 0 0 0
109 103 103 104 104 100 100 105 95 106 103 103 3 0 0 0 0
104 97 102 105 102 100 100 100 96 103 101 99 4 0 0 0 0
106 106 104 105 106 101 102 104 100 99 105 103 5 0 0 0 0
104 103 103 105 104 102 106 103 101 105 105 103 6 0 0 0 0
107 101 108 110 105 105 102 107 102 109 108 102 7 0 0 0 0
102 96 99 100 100 95 95 97 94 100 96 100 8 0 0 0 0
106 107 109 110 106 106 106 105 101 105 103 105 9 0 0 0 0
104 101 98 104 105 100 99 102 94 101 100 101 10 0 0 0 0
104 105 100 106 104 101 102 100 104 103 100 15000 11 0 0 0 0
Chip#1
101 100 105 101 104 100 108 105 104 98 101 103 0 164 121 134 23
104 104 104 106 105 104 110 104 110 101 100 106 1 0 0 0 0
97 102 111 112 104 109 125 108 105 119 100 99 2 0 0 0 0
98 103 105 103 105 103 114 104 106 109 97 100 3 0 0 0 0
105 104 107 111 110 106 111 109 108 105 100 108 4 0 0 0 0
97 103 111 107 103 102 112 100 109 109 101 99 5 0 0 0 0
96 97 103 104 102 100 108 103 103 105 95 99 6 0 0 0 0
104 108 107 110 116 109 113 110 111 106 109 111 7 0 0 0 0
101 98 107 104 103 104 111 104 104 98 96 97 8 0 0 0 0
103 102 108 110 104 109 112 107 103 102 99 104 9 0 0 0 0
98 102 103 105 103 102 106 103 101 97 101 102 10 0 0 0 0
96 95 100 95 100 96 103 98 98 91 94 15000 11 0 0 0 0
Chip#2
101 100 95 98 99 97 96 93 95 93 94 95 0 0 128 129 23
107 103 100 103 102 100 100 101 98 96 101 100 1 0 0 0 0
104 103 97 99 102 101 100 96 99 96 101 100 2 0 0 0 0
106 106 100 104 103 102 102 104 102 101 103 106 3 0 0 0 0
102 102 102 105 102 97 99 100 98 100 100 98 4 0 0 0 0
109 109 103 106 106 101 104 103 104 106 104 103 5 0 0 0 0
108 109 104 106 107 101 104 103 106 104 106 108 6 0 0 0 0
107 105 102 106 106 99 105 103 100 101 106 102 7 0 0 0 0
107 105 102 105 104 104 101 103 100 104 105 105 8 0 0 0 0
106 107 103 105 106 97 105 103 102 105 105 103 9 0 0 0 0
102 101 98 98 101 95 100 101 98 99 105 100 10 0 0 0 0
104 110 103 104 107 100 102 101 100 98 105 15000 11 0 0 0 0
Chip#1
101 104 102 104 109 104 104 105 105 103 104 104 0 164 120 146 23
103 103 136 149 109 125 165 107 118 157 102 102 1 0 0 0 0
102 102 418 550 114 428 794 136 313 809 187 100 2 0 0 0 0
97 97 172 226 103 195 338 109 184 439 122 98 3 0 0 0 0
104 107 117 118 111 109 118 109 106 114 104 102 4 0 0 0 0
103 102 402 410 108 291 446 113 257 501 134 105 5 0 0 0 0
98 99 208 216 104 198 282 105 195 383 118 100 6 0 0 0 0
93 100 106 107 104 101 105 103 104 95 100 99 7 0 0 0 0
98 103 360 361 111 277 330 105 109 101 105 103 8 0 0 0 0
101 108 258 242 107 274 321 105 104 105 99 103 9 0 0 0 0
95 102 101 101 101 98 100 105 101 94 96 97 10 0 0 0 0
102 103 105 102 108 103 106 103 104 102 99 15000 11 0 0 0 0
Chip#2
108 107 105 105 107 100 104 103 102 104 101 103 0 0 128 212 23
106 102 99 101 100 97 96 94 98 98 100 97 1 0 0 0 0
107 105 107 104 104 101 102 103 101 105 104 102 2 0 0 0 0
106 106 109 153 125 105 149 132 102 131 140 105 3 0 0 0 0
107 106 114 188 147 101 168 149 99 134 138 102 4 0 0 0 0
110 110 112 121 111 109 113 109 104 111 108 108 5 0 0 0 0
109 102 103 121 112 101 165 165 101 156 200 107 6 0 0 0 0
107 109 109 163 142 104 258 260 102 204 286 116 7 0 0 0 0
101 98 98 106 105 96 108 109 91 103 106 95 8 0 0 0 0
98 100 95 98 102 92 125 143 94 126 176 100 9 0 0 0 0
106 103 100 101 101 97 216 274 106 189 297 122 10 0 0 0 0
106 107 105 104 105 96 116 134 104 109 131 15000 11 0 0 0 0
Chip#1
109 103 101 101 103 100 103 103 106 95 100 108 0 164 120 130 23
97 95 144 168 98 121 183 100 109 182 100 94 1 0 0 0 0
102 100 582 766 116 595 1176 152 430 1225 237 102 2 0 0 0 0
98 97 213 294 108 250 467 110 233 610 142 103 3 0 0 0 0
103 100 122 123 102 107 119 109 111 115 102 105 4 0 0 0 0
96 97 548 566 104 387 629 111 321 731 145 96 5 0 0 0 0
97 97 269 277 103 245 375 105 257 533 126 99 6 0 0 0 0
108 107 115 115 109 109 111 111 108 106 105 106 7 0 0 0 0
101 102 492 495 109 372 451 109 104 97 99 100 8 0 0 0 0
102 104 340 313 105 369 441 110 104 99 101 103 9 0 0 0 0
96 95 99 99 97 97 103 98 101 95 98 97 10 0 0 0 0
109 112 108 110 111 108 112 110 113 101 114 15000 11 0 0 0 0
Chip#2
110 107 105 108 107 105 106 104 108 107 105 106 0 0 128 239 23
109 105 104 105 104 102 100 103 102 105 103 105 1 0 0 0 0
114 107 110 110 111 110 107 107 108 114 106 108 2 0 0 0 0
110 102 109 194 140 104 192 164 102 155 166 107 3 0 0 0 0
104 102 120 281 184 104 218 184 100 160 169 107 4 0 0 0 0
106 105 103 122 112 101 111 104 104 105 104 102 5 0 0 0 0
96 96 97 131 113 97 209 212 92 194 291 105 6 0 0 0 0
113 110 117 222 179 115 418 415 112 311 438 132 7 0 0 0 0
108 109 110 127 119 106 132 130 104 118 127 106 8 0 0 0 0
108 103 103 105 106 104 167 198 102 165 260 117 9 0 0 0 0
108 106 104 109 106 104 340 431 116 276 459 149 10 0 0 0 0
107 103 103 101 104 100 134 162 101 120 154 15000 11 0 0 0 0
Chip#1
109 102 100 98 101 100 100 102 100 101 100 108 0 164 120 122 23
98 95 153 183 102 131 206 105 116 201 101 96 1 0 0 0 0
102 102 694 917 122 710 1411 166 499 1476 266 104 2 0 0 0 0
103 100 239 334 111 288 549 113 273 691 153 104 3 0 0 0 0
105 108 130 133 111 114 133 116 113 123 112 110 4 0 0 0 0
103 105 659 666 112 459 752 127 376 863 161 106 5 0 0 0 0
102 107 313 322 110 282 440 111 275 629 141 106 6 0 0 0 0
96 95 113 111 105 102 106 100 99 97 99 99 7 0 0 0 0
99 102 583 570 109 435 529 108 101 102 100 97 8 0 0 0 0
108 109 396 365 112 430 524 113 108 110 106 106 9 0 0 0 0
107 104 104 105 108 104 108 109 105 101 104 100 10 0 0 0 0
99 100 102 101 100 97 108 103 103 98 97 15000 11 0 0 0 0
Chip#2
119 114 114 114 113 111 108 108 108 112 108 114 0 0 128 39 23
115 111 112 109 110 105 107 103 105 111 105 106 1 0 0 0 0
104 100 103 104 100 100 100 98 98 103 100 99 2 0 0 0 0
104 102 115 222 150 102 222 186 101 165 190 102 3 0 0 0 0
110 103 131 342 220 111 267 225 104 186 201 107 4 0 0 0 0
104 101 104 127 113 101 108 104 100 103 104 102 5 0 0 0 0
106 103 112 150 132 105 263 269 106 245 374 118 6 0 0 0 0
104 101 118 277 196 110 521 521 107 374 560 128 7 0 0 0 0
108 111 109 136 123 106 141 141 106 117 140 106 8 0 0 0 0
108 107 110 109 107 104 185 232 106 186 317 123 9 0 0 0 0
111 107 109 111 108 109 428 575 128 338 601 169 10 0 0 0 0
106 101 105 104 102 100 144 177 105 126 174 15000 11 0 0 0 0
Chip#1
115 109 102 105 104 102 110 104 110 103 104 111 0 164 120 174 23
104 103 166 194 107 144 227 112 122 213 106 105 1 0 0 0 0
96 99 739 1001 123 763 1541 174 544 1594 283 105 2 0 0 0 0
102 105 256 366 112 309 602 119 277 798 173 105 3 0 0 0 0
101 104 126 135 109 113 129 111 113 116 104 103 4 0 0 0 0
102 104 715 723 111 479 818 125 408 945 173 102 5 0 0 0 0
104 113 338 350 114 303 482 116 298 689 150 109 6 0 0 0 0
107 107 121 119 112 109 117 113 116 111 106 109 7 0 0 0 0
108 109 635 624 114 476 579 115 111 111 107 109 8 0 0 0 0
108 107 428 391 112 470 564 117 110 103 105 110 9 0 0 0 0
98 100 102 104 104 106 107 104 104 99 100 100 10 0 0 0 0
113 112 110 109 114 107 113 113 110 109 107 15000 11 0 0 0 0
Chip#2
110 109 105 110 105 102 102 102 105 103 105 106 0 0 128 221 23
109 109 105 110 107 102 104 108 104 105 105 108 1 0 0 0 0
107 105 104 109 105 101 104 105 106 106 108 106 2 0 0 0 0
104 101 114 249 161 100 247 203 98 185 208 101 3 0 0 0 0
109 106 136 391 244 116 332 251 110 206 221 108 4 0 0 0 0
99 96 97 126 105 94 106 103 94 100 99 91 5 0 0 0 0
108 105 104 163 135 102 322 319 101 283 434 117 6 0 0 0 0
108 103 123 315 219 112 631 642 112 439 671 141 7 0 0 0 0
106 103 104 139 123 101 146 149 102 117 140 106 8 0 0 0 0
107 103 104 106 106 101 205 261 101 203 362 122 9 0 0 0 0
104 98 99 103 103 104 491 676 128 383 711 178 10 0 0 0 0
109 103 105 106 104 100 154 200 101 128 190 15000 11 0 0 0 0
