Chip#1
101 96 92 104 98 95 99 97 98 92 100 102 0
101 95 121 140 97 116 149 98 103 134 97 96 1
93 97 352 445 101 391 697 123 253 617 155 90 2
106 101 155 205 104 201 317 109 170 352 127 106 3
97 102 100 106 100 105 106 98 100 100 98 99 4
105 97 106 115 101 106 109 104 196 345 120 100 5
98 101 97 106 100 101 107 101 158 269 107 98 6
101 97 96 100 97 100 106 100 99 90 92 94 7
100 96 104 112 98 105 104 102 100 93 94 96 8
103 101 110 104 107 104 114 103 103 96 100 105 9
104 102 97 107 100 98 109 98 106 96 100 99 10
106 101 102 106 107 100 108 100 100 95 101 15000 11
Chip#2
105 98 101 98 101 98 99 99 95 98 97 99 0
111 108 106 103 108 104 105 107 107 107 106 103 1
104 103 103 99 105 103 102 100 101 104 100 98 2
109 104 114 198 144 107 236 190 105 172 191 106 3
105 106 124 293 186 111 301 217 100 182 188 104 4
106 103 100 115 111 99 108 105 100 102 97 99 5
109 103 103 138 125 102 106 104 105 104 102 103 6
105 106 117 213 174 109 111 110 104 107 112 104 7
116 109 110 128 123 111 110 111 110 109 110 110 8
105 101 100 104 107 104 105 103 102 105 102 105 9
112 104 102 105 110 107 108 111 106 107 111 108 10
109 101 103 102 106 102 106 99 101 104 101 15000 11
Chip#1
111 109 104 107 101 99 107 105 102 99 105 106 0
102 96 122 139 98 118 151 103 107 138 101 101 1
97 96 354 447 102 395 699 128 253 627 158 98 2
98 100 155 195 97 201 311 103 165 346 117 96 3
95 97 94 101 98 94 100 101 103 99 96 96 4
114 107 118 126 110 112 123 110 204 360 128 112 5
108 99 103 110 95 101 108 103 163 269 107 94 6
95 97 96 101 96 99 102 100 101 92 100 93 7
99 101 106 112 101 104 111 102 102 96 97 100 8
106 109 110 118 104 109 116 112 106 101 105 108 9
103 101 104 110 97 101 108 105 101 99 100 107 10
98 94 97 101 94 95 101 102 99 91 98 15000 11
Chip#2
106 109 106 104 106 104 105 103 101 103 104 108 0
103 104 99 96 104 97 102 98 100 95 97 99 1
113 109 112 109 111 108 108 107 104 110 106 110 2
113 106 119 199 145 113 238 190 105 171 191 109 3
107 103 121 288 186 111 301 218 99 178 187 104 4
113 111 111 129 119 109 118 110 111 111 114 109 5
110 104 109 140 128 109 112 104 101 111 110 106 6
104 99 110 210 170 101 111 106 100 108 107 98 7
111 110 109 125 124 109 111 110 101 108 109 109 8
106 106 104 104 108 104 107 106 106 103 106 105 9
107 101 101 102 107 102 111 109 101 103 109 106 10
110 110 106 108 110 107 108 107 102 107 105 15000 11
Chip#1
111 109 107 108 108 104 107 105 107 104 107 107 0
103 102 126 140 104 120 154 103 108 135 103 101 1
101 97 356 446 104 403 697 126 254 625 157 99 2
102 110 160 206 107 201 314 109 169 352 128 101 3
104 100 105 101 100 106 107 105 106 103 100 102 4
99 102 110 113 98 104 116 103 197 347 114 98 5
105 101 105 109 100 105 108 103 162 271 109 101 6
103 102 103 107 109 103 107 104 106 100 98 100 7
95 93 102 107 93 100 104 95 98 88 93 89 8
99 93 99 106 96 101 109 94 99 95 92 96 9
106 106 106 112 107 106 112 108 111 108 105 110 10
105 100 103 104 102 101 102 103 101 97 103 15000 11
Chip#2
109 100 105 103 106 102 104 102 100 103 101 106 0
102 99 101 98 100 94 99 98 98 98 95 98 1
109 105 100 100 102 99 101 100 100 104 104 103 2
106 100 112 198 141 103 231 188 100 166 187 105 3
107 104 128 296 190 113 304 223 101 181 192 111 4
109 105 107 120 112 109 111 106 105 102 107 105 5
106 99 110 138 123 104 107 103 102 104 104 101 6
104 103 112 209 167 96 106 103 96 101 104 101 7
106 100 105 122 112 99 105 100 101 99 102 100 8
103 100 98 102 104 99 104 100 99 101 101 103 9
105 100 103 107 107 102 105 105 102 108 109 103 10
111 105 104 105 108 108 107 107 105 104 106 15000 11
Chip#1
102 96 95 101 96 94 100 94 98 95 96 101 0
106 100 129 141 107 120 155 108 112 140 102 107 1
102 99 349 444 101 396 702 124 254 626 157 101 2
102 106 159 207 103 201 319 109 169 355 123 106 3
104 100 99 104 102 104 108 104 106 107 101 102 4
102 102 109 115 97 104 114 104 197 351 117 99 5
103 99 103 109 96 100 104 101 162 269 107 99 6
106 99 99 101 100 104 109 102 106 97 97 100 7
103 96 108 108 100 106 114 103 102 95 97 101 8
108 99 105 107 98 110 112 103 103 99 98 95 9
105 109 104 116 104 105 106 102 102 97 101 105 10
110 100 97 101 97 101 108 102 103 104 101 15000 11
Chip#2
112 110 106 105 108 108 107 105 106 108 107 106 0
113 111 107 108 112 108 108 106 106 104 110 108 1
106 100 101 101 104 99 101 99 100 99 101 104 2
103 100 105 189 140 106 225 179 96 164 182 100 3
104 108 126 294 186 112 300 220 101 182 192 104 4
103 100 103 120 110 102 106 105 96 99 102 104 5
102 100 103 130 121 102 105 98 98 101 106 101 6
103 99 111 207 170 103 105 102 101 104 109 99 7
104 103 106 118 115 101 101 98 98 104 101 98 8
103 101 105 105 105 104 104 103 104 103 104 105 9
109 106 106 110 111 108 111 110 105 108 111 106 10
101 99 95 97 100 97 94 95 95 96 97 15000 11
Chip#1
111 107 107 106 102 104 105 105 107 104 102 111 0
102 104 127 141 100 118 152 102 106 140 103 100 1
103 104 362 448 104 402 714 132 265 632 163 104 2
103 105 159 201 95 193 311 108 160 350 123 100 3
97 97 99 103 100 98 108 100 100 100 100 100 4
101 93 103 110 97 105 112 103 196 345 114 98 5
99 101 102 109 98 106 109 104 165 269 113 98 6
103 96 100 108 103 104 106 103 106 96 95 99 7
105 104 115 119 102 111 113 105 106 97 102 104 8
103 97 103 108 97 101 108 100 102 92 100 99 9
103 105 103 107 103 100 109 107 109 97 98 104 10
102 99 98 106 98 104 102 100 104 96 96 15000 11
Chip#2
109 109 106 105 104 108 107 103 105 101 101 106 0
105 99 101 102 101 102 104 96 100 102 100 101 1
110 104 104 104 111 106 104 100 104 104 106 103 2
106 100 110 196 142 108 231 188 100 169 184 104 3
101 99 124 294 186 109 306 216 104 181 188 104 4
110 109 109 123 117 103 114 110 106 107 106 106 5
107 106 106 143 124 104 105 102 105 103 105 106 6
109 105 112 215 170 104 111 106 105 109 114 103 7
107 106 105 120 117 101 105 103 101 104 105 105 8
106 103 105 105 108 103 105 100 102 102 101 104 9
112 109 107 110 113 107 112 110 106 108 111 108 10
111 104 107 105 106 101 104 99 105 99 106 15000 11
