Chip#1
103 100 99 102 100 101 105 101 109 98 97 99 0
99 98 100 101 97 101 103 104 104 98 95 98 1
108 103 105 112 103 107 117 104 111 109 106 102 2
105 102 101 106 107 103 112 104 108 106 99 98 3
101 100 96 106 103 102 105 102 108 97 97 100 4
103 100 102 111 105 104 108 104 109 106 100 102 5
103 102 100 109 102 103 105 104 108 99 99 102 6
107 105 104 111 110 104 113 108 113 111 105 105 7
101 99 101 105 102 104 104 97 104 99 97 97 8
97 98 93 100 95 103 102 103 103 95 96 94 9
103 98 99 106 103 107 103 104 106 97 102 100 10
98 97 94 104 98 100 102 101 101 94 95 15000 11
Chip#2
106 106 98 103 107 102 100 101 105 101 103 102 0
99 103 94 99 101 99 98 94 96 96 100 95 1
110 110 103 108 110 106 106 105 105 103 106 108 2
114 117 113 114 116 110 110 111 111 109 112 112 3
103 105 98 100 102 99 98 100 99 99 99 98 4
95 97 93 93 99 92 90 89 92 92 95 94 5
104 105 98 104 106 101 96 100 101 100 101 106 6
108 114 103 111 110 107 108 105 106 103 111 108 7
109 107 104 105 106 105 102 103 105 103 105 105 8
107 110 105 105 110 106 106 105 102 103 105 107 9
104 109 102 106 108 104 106 104 107 104 111 105 10
103 106 99 101 104 99 101 98 102 99 99 15000 11
Chip#1
108 107 102 110 110 107 111 110 109 106 110 106 0
97 94 96 98 95 98 102 97 101 91 96 96 1
101 97 104 109 96 107 114 100 105 109 101 99 2
107 103 103 105 100 102 111 103 108 103 102 100 3
103 103 99 100 102 108 106 107 105 101 102 102 4
101 99 102 107 102 106 112 103 108 103 99 102 5
96 92 94 99 96 96 97 90 100 98 93 92 6
95 92 93 98 96 97 96 96 98 89 95 94 7
102 102 101 110 101 107 111 105 104 101 97 99 8
99 98 101 107 100 102 108 102 103 94 96 97 9
104 102 97 104 102 101 104 103 104 98 98 100 10
103 100 101 105 107 104 105 104 105 99 100 15000 11
Chip#2
103 105 99 105 106 101 98 102 101 98 103 101 0
93 100 95 97 101 96 93 95 95 92 96 98 1
101 102 97 100 104 100 98 100 99 96 100 103 2
108 110 103 106 106 104 101 102 101 99 106 105 3
99 101 95 99 99 95 98 96 93 95 94 98 4
107 106 98 100 101 99 98 96 95 94 103 97 5
103 105 102 101 105 101 101 103 99 101 103 103 6
101 102 97 99 103 97 98 103 98 100 101 100 7
103 102 99 103 102 101 98 101 100 98 103 100 8
98 100 95 98 97 97 95 95 93 95 99 97 9
107 107 107 106 107 104 104 108 104 99 110 105 10
102 106 102 103 104 101 100 102 101 100 103 15000 11
Chip#1
108 104 100 107 103 102 105 104 109 105 102 103 0
99 97 105 116 100 110 121 98 101 116 99 97 1
103 100 198 247 101 222 333 113 171 332 133 103 2
102 98 122 146 103 137 186 102 128 213 114 103 3
99 99 100 106 101 103 105 102 103 103 101 99 4
101 98 192 207 102 168 223 103 150 229 109 98 5
108 103 137 151 104 138 170 107 140 212 111 104 6
103 99 102 104 102 103 106 104 105 101 97 100 7
108 108 189 201 109 171 189 111 113 106 111 106 8
103 100 147 150 100 162 176 100 105 101 97 105 9
101 97 95 100 97 97 98 98 101 94 94 93 10
107 102 97 104 105 107 106 108 106 101 101 15000 11
Chip#2
103 105 100 100 105 99 98 101 98 98 98 102 0
104 107 100 100 106 100 100 101 98 104 100 106 1
103 102 102 103 104 97 102 100 95 98 99 101 2
103 106 104 119 112 99 118 107 100 106 108 102 3
104 110 107 131 121 104 123 118 99 114 114 105 4
108 106 104 106 107 102 101 101 99 99 104 107 5
106 107 103 106 106 102 125 127 102 118 142 103 6
106 109 104 124 119 106 173 178 100 148 176 110 7
101 103 102 108 104 101 107 108 96 99 104 101 8
104 103 103 103 102 100 116 118 100 114 126 107 9
104 103 99 103 104 100 153 176 104 139 181 116 10
99 103 98 99 100 92 105 113 94 99 109 15000 11
Chip#1
105 99 97 105 96 106 104 102 101 98 97 100 0
108 104 119 134 101 119 144 111 113 139 107 104 1
102 105 270 349 102 290 490 124 219 485 149 100 2
102 105 141 172 104 162 236 110 151 286 115 103 3
108 110 114 119 109 115 114 116 111 114 109 110 4
104 103 263 294 103 222 303 115 190 328 120 103 5
105 107 161 169 102 163 209 111 158 261 115 102 6
101 98 100 102 102 103 100 107 98 95 95 98 7
101 99 234 237 97 196 222 101 98 94 96 96 8
109 108 182 188 109 201 231 110 111 103 106 102 9
104 103 100 102 97 102 104 103 103 98 98 102 10
107 105 103 105 103 108 107 109 106 107 104 15000 11
Chip#2
108 106 100 105 106 102 99 101 99 101 103 107 0
107 109 100 101 106 101 95 98 95 101 99 102 1
117 116 112 116 113 110 111 110 110 114 113 114 2
106 112 105 133 118 105 129 120 105 120 122 108 3
104 109 105 153 129 99 137 127 98 124 122 103 4
109 115 103 115 113 109 108 108 105 110 106 111 5
107 106 99 114 114 102 150 149 104 142 176 110 6
104 105 104 141 123 101 234 231 98 188 248 110 7
106 107 99 113 107 102 116 113 102 106 113 106 8
107 109 103 103 106 102 125 136 101 127 156 107 9
101 105 95 97 101 95 192 233 101 167 254 119 10
107 109 104 105 106 104 120 132 102 112 127 15000 11
Chip#1
104 100 96 100 96 101 100 98 104 98 99 99 0
101 102 122 140 104 115 153 108 113 145 102 105 1
101 102 327 418 107 338 603 127 257 599 166 98 2
93 99 145 189 96 168 268 102 159 327 112 97 3
99 104 113 113 103 110 113 107 110 111 100 102 4
104 102 308 329 109 240 355 117 214 402 126 102 5
103 102 171 184 103 169 231 104 171 296 111 99 6
98 99 102 107 100 104 105 103 106 97 98 99 7
101 102 276 294 104 228 262 109 108 101 100 100 8
102 99 195 194 98 222 252 101 104 102 98 97 9
98 104 101 102 102 102 107 102 108 102 101 99 10
104 109 101 105 105 104 108 107 109 106 106 15000 11
Chip#2
106 107 108 105 107 100 101 100 100 104 104 102 0
104 106 100 103 100 99 99 100 93 96 99 102 1
115 115 119 115 117 112 112 109 108 111 113 116 2
106 105 107 136 118 105 140 127 100 120 128 105 3
104 102 110 171 139 105 155 139 96 127 130 100 4
102 101 97 109 102 96 99 97 93 94 99 96 5
102 97 97 115 106 102 166 164 98 153 201 103 6
104 106 108 156 136 105 301 283 102 214 305 114 7
112 111 110 121 117 109 128 125 107 114 124 111 8
108 109 108 109 110 105 138 153 102 132 185 113 9
97 97 95 94 100 94 227 282 99 188 307 123 10
102 103 99 100 102 100 122 141 96 107 135 15000 11
Chip#1
105 103 101 101 105 104 104 103 105 95 101 104 0
107 105 127 146 109 127 162 110 116 153 104 106 1
104 100 365 472 109 383 691 131 277 694 173 102 2
107 104 158 210 108 189 308 113 176 375 127 104 3
108 108 112 121 108 113 122 110 116 116 105 106 4
102 105 340 357 107 258 393 117 229 454 132 99 5
107 105 191 201 105 190 255 109 186 340 120 105 6
102 98 99 105 101 103 105 101 106 98 99 99 7
110 113 313 318 111 252 295 116 118 106 106 104 8
102 104 227 212 103 238 282 107 108 98 99 102 9
108 107 104 111 108 108 107 105 110 106 104 104 10
105 105 103 104 104 109 111 107 110 106 104 15000 11
Chip#2
102 106 104 105 104 101 93 101 102 100 104 102 0
104 111 104 98 106 99 99 100 98 101 101 102 1
97 101 94 97 101 97 95 95 94 95 94 98 2
104 110 108 147 124 105 148 132 101 128 135 105 3
109 109 114 193 152 106 172 153 104 138 145 107 4
101 103 98 110 111 100 100 99 99 103 103 100 5
108 109 105 129 123 107 189 186 104 174 234 113 6
107 109 114 173 153 112 364 349 108 266 356 123 7
107 110 109 119 118 110 131 129 107 111 126 111 8
103 102 99 100 107 99 142 160 98 136 193 108 9
108 109 107 105 110 107 268 355 114 231 373 135 10
108 107 108 103 104 104 130 150 102 112 150 15000 11
