20.6875
23.5625
25.5
27.875
29.375
30.8125
32.5625
33.8125
35.375
36.8125
37.875
39.25
40.25
41.1875
42.4375
43.375
44.625
45.5
46.625
47.5
48.375
49.4375
50.25
51.3125
52.125
53.125
53.875
54.875
55.625
56.625
57.3125
58.25
58.9375
59.875
60.5625
61.4375
62.0625
62.6875
63.375
64.1875
65
65.625
66.1875
67
67.5625
68.3125
68.875
69.6875
70.25
70.9375
71.625
72.375
72.875
73.5625
74.0625
74.75
75.25
75.875
76.375
77
77.5
78.125
78.5625
79.0625
79.5
80.125
80.6875
81.125
81.75
82.1875
82.75
83.1875
83.5625
84.125
84.5625
85.0625
85.5
85.875
86.5625
86.9375
87.4375
87.8125
88.375
88.75
89.0625
89.5625
89.9375
90.4375
90.75
91.25
91.625
91.9375
92.4375
92.75
93.125
93.4375
93.875
94.25
94.5
94.625
94.8125
95
95.1875
95.4375
95.6875
96
96.25
96.4375
96.75
97.0625
97.5625
97.875
98.25
98.6875
98.4375
97.5625
97.8125
98.375
98.6875
97.625
97.4375
98.0625
98.5
98.4375
97.25
97.375
97.875
98.5
97.5625
97.4375
98.0625
98.5
97.625
97.3125
97.8125
98.5
97.875
97.3125
97.875
98.375
97.5
96.625
97.125
98
98.3125
97.125
96.625
97.125
98
98.0625
96.875
97
97.8125
97.9375
96.75
96.875
97.75
98.0625
97.3125
96.75
97.8125
97.3125
96.25
96.875
97.625
97.5
96.25
96.25
97.1875
97.5625
96.5625
96.8125
97.625
97.125
96.1875
96.375
97
97.625
97.125
96.0625
96.4375
97.1875
97.25
96.3125
96
96.5625
97.5625
97.375
96.4375
96.25
96.875
97.25
96.25
95.9375
96.5625
97.25
96.875
96
96.0625
97.0625
97.1875
96.0625
95.75
96.4375
97.1875
96.5625
95.875
96.5625
97.0625
96.3125
95.625
96.25
97.0625
96.5625
95.6875
96.0625
96.875
96.75
95.875
95.875
96.625
97.125
95.75
95.6875
96.0625
96.625
96.625
95.875
95.5625
96.5
96.8125
96.125
95.625
96.4375
96.9375
96.25
95.375
94.5
93.6875
93.875
94.6875
95.625
96.625
96.75
95.9375
95
93.8125
93.3125
93.9375
94.9375
96.1875
96.6875
96.0625
95.375
95.8125
96.75
96.4375
95.5625
94.375
93.5
93.4375
94.3125
95.3125
96.625
96.625
95.875
94.875
93.75
93.3125
94
95.375
96.3125
96.75
96.0625
95.5625
96.1875
96.75
95.9375
95
94.125
93.375
94.0625
95.0625
96.0625
96.875
96.5625
95.375
96.875
96.5
95.5625
94.625
93.8125
93.5625
94.4375
95.5
96.6875
96.375
95.5
94.5625
93.4375
93.4375
94.25
95.1875
96
96.75
96.1875
95.25
94.0625
93.3125
93.625
94.625
95.625
96.8125
96.5
95.625
94.375
93.5625
93.5
94.6875
95.6875
96.8125
96.4375
95.5625
94.375
93.5625
93.5625
94.8125
95.8125
96.6875
96.1875
95.3125
94.375
93.375
93.8125
95.125
96.125
96.8125
95.9375
95.0625
94.1875
93.4375
94.125
95.125
96.5
96.75
96.0625
94.8125
94
93.3125
94.0625
95.125
93.375
94.125
95.0625
96.25
96.8125
95.9375
95.0625
94.1875
93.5
94.25
95.25
96.5625
96.75
96
95.125
94
93.3125
93.75
94.625
95.875
96.6875
96.5
95.4375
94.5
93.75
93.3125
94.3125
95.375
96.375
96.6875
95.6875
94.75
93.9375
93.5625
94.4375
95.8125
96.75
96.625
95.5
94.625
93.8125
93.4375
94.5
95.625
96.625
96.625
95.8125
94.9375
93.875
93.5
94.3125
95.375
96.375
96.75
95.75
94.875
94.0625
93.375
94.1875
95.25
96.3125
96.875
96.125
94.9375
94.125
95.8125
94.9375
94.125
93.4375
94.1875
95.3125
96.6875
96.875
96.1875
95
94.1875
93.5625
94.0625
95.125
96.4375
96.75
96.0625
95.1875
94.0625
93.4375
93.8125
95.1875
96.25
96.9375
96.1875
95.3125
94.4375
93.5625
94.125
95.5
96.5
96.8125
96.1875
95
94.1875
93.5625
94
95
96.375
96.75
96.125
95.25
94.1875
93.5
93.9375
95
96.4375
96.5625
95.8125
95
94.1875
93.5625
94.4375
95.5
96.5625
96.875
95.9375
95.0625
94.25
93.5
93.75
95.125
96.1875
96.875
96.125
95.25
96.875
96.1875
95.3125
94.5
93.5
93.4375
94.375
95.5
96.5625
96.6875
95.625
94.8125
94
93.375
94.125
95.0625
96.3125
96.8125
96.3125
95.125
94.3125
93.625
93.75
94.8125
96.25
96.9375
96.4375
95.3125
94.5
93.75
93.5
94.375
95.5
96.8125
96.75
95.9375
95.125
94.3125
93.625
94
95.0625
96.1875
96.875
96.1875
95.375
94.3125
93.5625
94.125
95.1875
96.3125
97
96.25
95.375
94.5625
93.625
93.5625
94.9375
96
97
96.6875
95.875
94.75
94
93.375
94.1875
94.5
93.75
93.375
94.5
95.625
96.6875
97
96.3125
95.5
94.4375
93.6875
93.875
94.9375
96.375
97
96.5625
95.75
94.9375
94.125
93.5
94.1875
95.1875
96.25
97.0625
96.625
95.5625
94.75
94
93.375
93.875
94.9375
96.0625
96.6875
95.9375
95.125
94.375
93.625
93.875
95.25
96.3125
96.9375
96.1875
95.3125
94.5625
93.625
93.625
94.625
96.125
96.75
96
95.1875
94.375
93.6875
93.625
94.9375
96.0625
96.75
96
95.25
94.4375
93.6875
93.9375
94.9375
96.375
96.875
96.25
95.1875
94.375
96.375
95.5625
94.75
93.8125
93.4375
94.25
95.375
96.5
96.5
95.75
94.9375
94.125
93.5
94.25
95.375
96.375
96.5
95.875
94.8125
94.0625
93.5
94.125
95.25
96.6875
97
96.3125
95.5
94.4375
93.75
93.75
95.125
96.1875
96.875
96.125
95.25
94.25
93.5625
93.625
95
96.125
96.75
95.9375
95.125
94.375
93.5
94
95.0625
96.1875
96.75
96.125
95.25
94.25
93.5625
93.6875
95.0625
96.1875
96.8125
96.25
95.1875
94.4375
93.75
94
95.125
96.25
96.8125
96.125
95.8125
97
96.625
95.875
95
94.0625
93.4375
93.875
95
96.5
96.75
96.125
95.3125
94.5
93.625
93.625
94.4375
95.5
96.4375
96.6875
96.0625
95
94.25
93.625
93.875
94.9375
96.4375
96.875
96
95.1875
94.4375
93.75
93.9375
95.25
96.375
97.125
96.6875
95.9375
95.125
94.3125
93.5
94.0625
95.1875
96.3125
96.875
96.1875
95.375
94.625
93.875
93.875
94.875
96.0625
96.6875
96
95.25
94.4375
93.5625
93.6875
94.75
96.25
97.125
96.5
95.625
94.875
93.9375
93.5
94.3125
94.1875
93.5625
94.3125
95.375
96.5
96.6875
96
95
94.25
93.625
94
95.125
96.25
97
96.4375
95.625
94.5625
93.875
93.5
94.5
95.5625
96.625
97
96.4375
95.3125
94.5625
93.875
93.5625
94.75
95.9375
96.875
96.6875
95.6875
94.875
94.1875
93.625
94.125
95.5625
96.6875
97.125
96.25
95.4375
94.6875
93.75
93.5
94.4375
95.9375
97
96.8125
96
95.25
94.4375
93.625
93.8125
94.8125
96
97.0625
96.8125
96
95.25
94.5
93.625
93.8125
94.875
96.0625
96.6875
96.0625
96.3125
96.875
96.125
95.3125
94.3125
93.6875
93.875
94.9375
96.4375
96.6875
96.0625
95
94.3125
93.625
94
95
96.3125
96.9375
96.5
95.75
94.6875
94
93.4375
94.375
95.5625
96.6875
96.9375
96.25
95.4375
94.625
93.75
93.75
94.75
95.875
96.9375
96.5
95.75
94.6875
94
93.5
94.1875
95.75
96.75
96.3125
95.5
94.5
93.8125
93.625
94.5
96
97.125
96.8125
96.0625
95.25
94.25
93.625
93.8125
95.3125
96.4375
96.75
95.8125
95.0625
94.3125
93.5625
94.125
95.25
93.6875
93.75
95.125
96.125
96.8125
96.3125
95.3125
94.5625
93.875
93.8125
94.875
96
97.1875
96.8125
96.0625
95.25
94.25
93.625
93.75
95.0625
96.125
96.875
96.3125
95.5
94.5
93.8125
93.5
94.75
95.875
97
96.5
95.75
94.6875
94.0625
93.5625
94.1875
95.6875
96.75
96.8125
95.875
95.0625
94.3125
93.5625
94.0625
95.125
96.6875
97
96.375
95.3125
94.5625
93.875
93.9375
95
96.1875
96.8125
96.1875
95.125
94.4375
93.625
94.25
95.375
96.8125
96.625
95.9375
94.9375
94.1875
96.0625
95.3125
94.3125
93.6875
94.1875
95.3125
96.4375
96.625
95.875
95.125
94.375
93.5625
94.125
95.25
96.75
96.875
96.1875
95.4375
94.4375
93.8125
93.625
95
96.1875
97.0625
96.6875
95.9375
94.875
94.1875
93.5625
93.8125
95.3125
96.6875
96.5
95.8125
94.8125
94.125
93.5625
94.5
95.625
96.75
96.875
95.9375
95.1875
94.4375
93.625
93.6875
94.6875
95.875
97
96.5625
95.5
94.75
94.125
93.6875
94.625
95.8125
96.875
96.4375
95.625
94.6875
94
93.6875
94.625
95.8125
96.875
96.6875
95.9375
96.4375
96.5625
95.875
95.0625
94.125
93.625
94.1875
95.6875
96.75
96.6875
95.6875
94.9375
94.25
93.625
94.0625
95.0625
96.125
96.8125
96.1875
95.4375
94.4375
93.8125
93.5
94.75
95.9375
96.9375
96.4375
95.75
94.9375
94.0625
93.6875
94.625
95.75
97
96.625
95.875
94.875
94.1875
93.5
94.125
95.25
96.6875
96.625
95.875
94.875
94.1875
93.625
94.1875
95.375
96.75
96.5625
95.875
94.875
94.1875
93.625
94.625
95.8125
96.8125
96.4375
95.6875
94.9375
94.0625
93.5625
94.25
95.4375
93.8125
93.625
94.5625
95.6875
96.6875
96.375
95.625
94.875
94.1875
93.4375
94.125
95.25
96.75
97.1875
96.3125
95.5
94.75
93.875
93.6875
94.6875
96.25
96.9375
96.25
95.4375
94.75
93.875
93.75
95.125
96.3125
97.1875
96.5625
95.8125
94.8125
94.125
93.625
94.625
95.8125
96.875
96.5
95.75
95
94.125
93.625
94.3125
95.4375
96.875
96.6875
95.6875
94.9375
94.25
93.5
93.9375
95.125
96.625
96.625
95.9375
94.9375
94.25
93.4375
92.875
92.375
91.8125
91.375
90.9375
90.5625
90.0625
89.6875
89.25
88.875
88.5625
88.125
87.8125
87.375
87.0625
86.75
86.4375
86
85.75
85.4375
85
84.75
84.5
84.1875
83.9375
83.5625
83.25
83
82.6875
82.375
82.125
81.8125
81.5625
81.3125
81.0625
80.6875
80.5
80.25
79.9375
79.6875
79.4375
79.125
78.9375
78.6875
78.375
78.1875
77.9375
77.75
77.5
77.3125
77
76.8125
76.5625
76.3125
76.125
75.9375
75.6875
75.5
75.1875
75
74.75
74.5625
74.375
74.125
73.9375
73.75
73.5
73.3125
73.125
72.9375
72.6875
72.5
72.3125
72.125
71.9375
71.75
71.5625
71.375
71.1875
71
70.75
70.625
70.375
70.25
70.0625
69.875
69.75
69.5
69.375
69.1875
68.9375
68.8125
68.625
68.4375
68.3125
68.125
67.9375
67.8125
67.625
67.5
67.3125
67.1875
67
66.8125
66.625
66.5625
66.375
66.25
66.0625
65.9375
65.8125
65.6875
65.5
65.375
65.25
65.125
64.9375
64.8125
64.6875
64.5
64.375
64.25
64.125
63.9375
63.8125
63.6875
63.5625
63.4375
63.25
63.125
63
62.9375
62.75
62.6875
62.5625
62.4375
62.3125
62.1875
62.0625
61.9375
61.8125
61.6875
61.5625
61.4375
61.3125
61.25
61.125
61
60.875
60.8125
60.6875
60.5625
60.4375
60.3125
60.1875
60.0625
60
59.875
59.75
59.6875
59.5
59.4375
59.3125
59.1875
59.125
59
58.875
58.75
58.6875
58.625
58.5
58.375
58.25
58.1875
58.0625
58
57.875
57.75
57.6875
57.5625
57.5
57.375
57.3125
57.1875
57.125
57
56.9375
56.875
56.75
56.625
56.5625
56.4375
56.3125
56.25
56.1875
56.0625
56
55.875
55.8125
55.75
55.625
55.5625
55.4375
55.375
55.25
55.1875
55.0625
55
54.9375
54.875
54.75
54.6875
54.5625
54.5
54.4375
54.375
54.25
54.1875
54.125
54.0625
53.9375
53.875
53.8125
53.6875
53.625
53.5625
53.5
53.4375
53.3125
53.25
53.1875
53.125
53
52.9375
52.875
52.8125
52.6875
52.625
52.5625
52.5
52.4375
52.375
52.3125
52.1875
52.125
52.0625
52
51.9375
51.8125
51.8125
51.6875
51.625
51.5625
51.5
51.4375
51.375
51.3125
51.25
51.1875
51.125
51
50.9375
50.875
50.8125
50.75
50.6875
50.625
50.5625
50.5
50.4375
50.375
50.3125
50.25
50.1875
50.125
50.0625
50
49.9375
49.875
49.8125
49.75
49.6875
49.625
49.5625
49.5
49.4375
49.375
49.3125
49.25
49.1875
49.125
49.0625
49
48.9375
48.875
48.8125
48.8125
48.75
48.6875
48.625
48.5625
48.5
48.4375
48.375
48.375
48.25
48.25
48.125
48.125
48.0625
48
47.9375
47.875
47.8125
47.75
47.6875
47.6875
47.5625
47.5625
47.5
47.4375
47.375
47.3125
47.3125
47.25
47.1875
47.125
47.0625
47
47
46.9375
46.875
46.8125
46.75
46.6875
46.6875
46.625
46.5625
46.5
46.4375
46.4375
46.375
46.3125
46.25
46.25
46.1875
46.125
46.0625
46
46
45.9375
45.875
45.875
45.8125
45.75
45.6875
45.625
45.625
45.5625
45.5
45.4375
45.4375
45.375
45.3125
45.3125
45.25
45.1875
45.125
45.125
45.0625
45
45
44.9375
44.9375
44.875
44.8125
44.75
44.75
44.6875
