Chip#1
25 156 136 0 20 92 38 136 78 110 150 156 0
9 140 136 0 20 76 38 69 72 109 147 146 1
25 141 164 32 20 108 86 69 95 167 149 149 2
9 149 147 8 20 92 38 69 85 139 146 154 3
25 148 138 0 20 76 22 69 74 109 152 155 4
9 146 138 0 20 76 22 69 89 135 149 148 5
9 151 140 0 20 76 22 85 91 135 152 157 6
9 149 138 0 20 76 22 69 81 108 148 154 7
9 151 136 0 20 76 22 69 80 105 147 150 8
25 148 139 0 20 76 22 69 74 106 150 146 9
9 146 135 0 20 76 22 69 76 104 145 154 10
9 151 136 0 20 76 22 69 80 108 148 15000 11
Chip#1
25 150 134 0 20 76 22 69 77 108 150 154 0
25 149 142 8 36 92 54 85 77 118 151 150 1
9 153 219 132 4 196 262 85 143 322 174 149 2
25 149 164 31 20 108 102 69 104 220 155 148 3
9 147 135 0 20 76 22 69 78 109 145 150 4
25 150 138 0 20 76 22 69 115 218 155 148 5
9 149 138 0 20 76 22 69 105 194 154 155 6
25 148 136 0 20 76 22 85 76 104 147 151 7
25 147 143 0 20 76 22 69 81 106 149 155 8
25 147 134 0 20 76 38 136 72 110 145 150 9
25 146 129 0 20 76 22 69 72 108 147 150 10
25 149 136 0 20 76 22 69 77 112 152 15000 11
Chip#1
9 153 138 0 20 76 22 69 76 105 147 153 0
25 148 150 13 36 92 54 85 82 126 152 150 1
9 146 219 164 20 220 326 85 157 374 185 151 2
9 145 168 40 4 108 118 69 105 238 158 146 3
25 151 138 0 20 76 38 85 77 112 150 153 4
9 145 137 0 4 76 22 69 122 203 149 146 5
9 147 135 0 4 60 6 69 104 209 152 144 6
25 159 143 0 36 76 38 85 85 110 152 154 7
9 143 140 0 4 76 22 69 76 104 147 149 8
25 145 136 0 20 76 38 132 78 104 141 147 9
9 150 137 0 20 60 22 69 78 104 148 149 10
9 149 135 0 4 76 22 69 81 108 147 15000 11
Chip#1
9 149 131 0 20 76 22 69 77 106 147 149 0
9 136 138 0 4 76 38 69 70 114 138 139 1
9 147 262 197 20 236 374 85 173 424 184 146 2
9 145 170 47 20 124 150 69 115 177 160 149 3
9 147 134 0 20 76 22 69 80 112 149 150 4
9 146 140 0 20 76 38 69 135 235 159 145 5
9 153 141 0 20 76 22 69 124 232 159 150 6
9 149 131 0 20 76 22 69 75 108 142 145 7
9 153 151 4 20 76 22 69 87 113 154 159 8
9 147 131 0 4 76 22 69 71 97 143 148 9
9 147 131 0 20 76 22 69 78 108 147 148 10
25 145 131 0 20 76 22 69 77 100 145 15000 11
Chip#1
25 145 131 0 20 76 22 69 77 102 143 151 0
25 154 163 27 20 92 70 85 86 140 150 155 1
9 150 313 271 20 300 502 101 206 475 204 150 2
9 157 188 74 20 140 206 85 133 312 166 155 3
9 151 134 0 20 76 22 69 77 114 150 151 4
9 143 139 0 4 76 22 69 153 309 159 146 5
25 147 139 0 20 76 22 69 128 219 155 148 6
25 150 132 0 20 76 22 69 76 106 145 151 7
25 153 147 1 20 76 22 69 82 108 154 154 8
9 143 133 0 4 76 22 69 72 102 143 148 9
25 150 140 0 20 76 22 136 74 108 150 158 10
9 145 137 0 4 60 22 69 77 109 148 15000 11
