Chip#1
103 96 95 98 97 101 102 98 98 93 100 95 0
105 99 103 106 102 104 107 100 101 95 97 99 1
104 101 113 124 101 116 129 102 113 128 101 95 2
102 100 103 106 103 108 117 102 106 108 96 98 3
99 100 109 120 102 106 121 98 104 88 93 94 4
108 105 478 486 108 541 881 122 116 124 103 101 5
104 99 247 253 98 330 518 105 103 111 96 94 6
108 102 113 123 105 109 113 102 107 99 97 101 7
101 99 638 590 104 330 389 102 99 92 92 90 8
103 100 436 373 102 330 385 102 102 93 96 96 9
112 102 105 114 105 110 113 109 106 99 98 105 10
114 104 100 104 101 104 104 102 109 97 101 15000 11
Chip#1
102 101 93 102 101 104 102 101 103 92 97 93 0
106 97 96 103 102 99 105 100 103 99 100 96 1
101 93 98 101 100 100 102 98 100 96 96 95 2
92 85 88 89 88 88 98 93 92 79 87 83 3
104 97 102 107 98 101 105 100 103 95 100 96 4
106 95 147 151 101 157 200 102 101 95 94 95 5
99 95 114 119 97 124 146 97 100 93 91 92 6
104 99 98 98 97 97 101 97 102 91 97 96 7
99 93 166 168 100 129 136 101 102 93 94 92 8
109 102 144 138 103 132 142 98 104 101 98 99 9
104 102 99 101 100 101 108 98 103 93 96 96 10
103 94 96 99 100 98 104 97 100 93 93 15000 11
Chip#1
106 106 106 109 109 109 109 108 107 104 105 104 0
105 100 105 109 102 105 108 103 106 105 100 95 1
105 99 130 143 107 132 154 111 131 167 111 101 2
104 104 111 119 110 115 128 108 116 133 105 100 3
109 105 143 146 111 126 160 113 108 108 105 99 4
106 106 1167 1134 110 1314 2250 153 126 149 102 95 5
109 100 510 508 108 717 1245 122 122 135 102 100 6
97 94 130 127 102 104 105 101 98 91 98 90 7
105 115 1645 1516 116 736 902 115 108 100 100 104 8
102 107 1041 852 111 737 881 107 106 103 98 96 9
106 97 103 107 100 104 105 102 100 95 92 93 10
115 106 97 99 104 101 105 100 100 95 97 15000 11
Chip#1
106 102 97 101 97 103 105 103 106 93 98 100 0
104 102 103 109 104 111 114 108 107 107 106 102 1
101 95 126 139 103 128 153 103 124 159 102 98 2
99 96 99 109 98 109 119 101 113 130 98 94 3
106 101 137 145 101 123 152 109 107 99 101 101 4
93 97 1170 1131 100 1319 2251 148 122 146 97 94 5
108 109 512 511 109 719 1254 123 127 145 108 105 6
110 106 137 136 110 112 113 112 112 101 97 100 7
104 120 1654 1526 112 745 902 112 107 103 101 104 8
112 111 1051 866 110 745 889 112 109 103 105 104 9
112 105 107 106 105 107 107 102 109 96 100 101 10
120 109 106 107 112 105 106 105 109 103 101 15000 11
Chip#1
105 99 98 106 103 101 105 100 102 100 102 102 0
106 101 98 107 104 103 113 103 104 104 102 99 1
108 101 126 139 105 127 150 108 126 166 105 100 2
101 96 102 113 100 111 122 105 112 125 100 95 3
105 100 138 149 105 124 155 107 106 97 96 95 4
101 99 1173 1143 108 1315 2270 145 123 149 102 93 5
110 106 511 512 110 729 1264 124 124 142 105 98 6
114 106 138 148 109 110 116 111 113 100 105 102 7
111 117 1662 1542 112 754 912 114 109 100 102 102 8
115 107 1056 871 114 745 898 112 108 101 103 101 9
115 107 102 113 109 103 113 105 104 100 106 105 10
124 109 105 114 109 110 111 103 107 100 105 15000 11
Chip#1
98 95 92 101 97 98 94 96 97 87 93 94 0
101 99 100 107 100 101 111 103 102 101 100 95 1
103 99 125 141 103 128 154 104 128 165 107 99 2
106 107 106 124 107 116 131 109 121 141 102 104 3
105 109 145 148 112 126 161 110 113 97 98 104 4
106 110 1184 1161 114 1324 2280 159 132 155 101 99 5
105 106 514 530 109 727 1264 121 122 140 100 100 6
104 105 130 140 109 104 112 109 108 95 96 99 7
102 112 1665 1537 109 750 916 111 103 96 100 98 8
108 110 1059 876 109 756 897 110 104 101 98 100 9
110 106 103 113 108 103 113 107 103 104 95 101 10
123 106 100 106 105 106 109 107 103 99 105 15000 11
