Chipdp
84 2 37 2 8 3 4 8 5 9 5 8 6 9 6 4 8 3 9 3 8 2 9 2 4 6 6 5 6 6 5 5 5 4 6 2 5 2 6 3 5 3 4 6 8 5 8 6 9 5 9 4 2 8 3 8 2 9 3 9 4 2 5 3 5 2 6 3 6 4 2 2 3 2 2 3 3 3 4 9 7 10 7 9 6 10 6 4 9 10 10 10 9 9 10 9 4 7 7 6 7 7 6 6 6 4 7 10 6 10 7 9 6 9 4 7 3 7 4 6 3 6 4 4 4 4 4 3 3 4 3 3 4 3 7 4 7 3 6 4 6 4 3 10 4 10 3 9 4 9 
Chip#1
121 116 112 118 112 118 125 112 121 111 119 119 0
106 106 126 139 107 128 155 110 118 137 112 104 1
110 107 347 430 111 403 679 136 268 602 168 111 2
108 100 155 194 105 201 311 108 170 338 125 104 3
104 105 102 103 101 108 107 102 111 100 107 98 4
110 104 117 118 102 116 121 108 205 342 127 105 5
106 105 104 112 102 109 114 104 165 267 116 102 6
108 105 104 103 105 111 114 101 113 93 106 105 7
103 104 109 114 104 111 113 105 108 96 106 101 8
108 105 104 113 100 112 120 100 103 96 105 104 9
106 106 106 110 104 109 116 108 112 101 106 107 10
101 97 96 101 103 104 105 98 101 91 102 15000 11
