Chip#1
113 114 112 117 114 112 145 124 113 138 142 132 0 245 123 50 23
100 108 99 105 106 129 431 342 159 525 402 122 1 0 0 0 0
101 103 102 104 107 123 398 322 165 518 387 108 2 0 0 0 0
101 104 100 105 106 104 203 169 104 165 140 109 3 0 0 0 0
113 113 104 113 122 166 727 583 141 446 378 116 4 0 0 0 0
101 105 99 108 111 126 471 401 130 353 302 104 5 0 0 0 0
98 99 97 101 108 107 194 173 100 169 153 98 6 0 0 0 0
105 107 102 111 114 154 859 786 181 820 723 115 7 0 0 0 0
100 102 98 108 103 126 597 536 135 583 506 107 8 0 0 0 0
103 107 103 108 107 108 199 189 106 164 142 104 9 0 0 0 0
104 104 102 108 106 141 685 657 141 343 304 113 10 0 0 0 0
99 100 97 103 106 119 463 410 115 231 206 15000 11 0 0 0 0
