Chip#1
101 102 102 104 102 99 106 100 104 100 105 105 0 243 123 52 23
103 101 107 105 102 104 113 105 106 108 110 103 1 0 0 0 0
99 96 98 97 97 102 107 101 101 104 103 96 2 0 0 0 0
100 96 95 103 97 96 103 99 100 96 100 99 3 0 0 0 0
106 102 99 103 106 106 118 108 103 106 107 102 4 0 0 0 0
105 96 98 103 103 100 108 107 100 104 111 102 5 0 0 0 0
100 101 98 103 103 107 105 105 103 99 105 99 6 0 0 0 0
99 96 87 96 97 99 109 108 100 104 108 98 7 0 0 0 0
104 104 102 100 107 108 114 111 105 112 114 103 8 0 0 0 0
95 93 91 92 97 94 100 96 94 93 96 93 9 0 0 0 0
108 102 103 105 106 100 114 110 106 104 108 104 10 0 0 0 0
99 99 95 99 102 96 108 101 98 99 102 15000 11 0 0 0 0
