Chip#1
110 102 100 100 105 100 105 101 105 94 104 108 0 163 120 132 23
97 97 136 160 104 126 186 100 115 176 100 104 1 0 0 0 0
98 100 529 699 119 548 1077 153 399 1112 223 102 2 0 0 0 0
103 105 200 278 114 239 434 112 223 555 144 103 3 0 0 0 0
93 95 110 121 101 101 117 100 103 105 101 96 4 0 0 0 0
105 109 570 582 117 407 653 127 307 653 153 109 5 0 0 0 0
102 105 275 322 111 256 387 112 228 485 131 105 6 0 0 0 0
99 107 110 121 114 106 112 108 106 106 104 104 7 0 0 0 0
101 102 499 503 108 386 470 108 106 98 100 102 8 0 0 0 0
96 100 337 316 108 372 451 103 106 97 101 99 9 0 0 0 0
105 100 103 109 110 103 108 103 108 101 102 103 10 0 0 0 0
104 102 99 105 104 101 104 103 106 99 101 15000 11 0 0 0 0
Chip#2
112 110 110 108 108 105 104 105 105 104 104 106 0 233 128 214 23
106 106 105 108 105 100 105 103 98 101 101 103 1 0 0 0 0
110 105 105 106 106 102 104 103 99 105 100 103 2 0 0 0 0
106 105 113 207 142 104 208 176 100 156 180 102 3 0 0 0 0
112 109 134 317 209 115 249 207 105 178 188 112 4 0 0 0 0
107 110 110 127 119 107 114 109 102 112 109 108 5 0 0 0 0
102 102 102 139 127 102 301 314 100 274 428 118 6 0 0 0 0
104 102 113 228 184 109 618 627 106 426 655 140 7 0 0 0 0
109 103 109 127 119 107 150 151 104 120 138 107 8 0 0 0 0
109 110 108 106 107 107 209 265 104 203 364 127 9 0 0 0 0
106 106 107 104 107 106 493 676 125 378 700 181 10 0 0 0 0
114 106 110 109 110 107 159 203 102 129 188 15000 11 0 0 0 0
