Chip#1
106 104 106 106 109 109 115 107 112 105 111 108 0
106 104 108 109 103 112 113 102 109 104 111 107 1
103 100 102 106 104 105 113 102 112 103 98 104 2
102 99 104 101 102 104 111 100 106 105 102 101 3
108 111 111 114 111 112 120 112 122 107 109 113 4
101 99 129 131 100 140 160 102 112 99 105 101 5
101 99 115 116 102 118 135 103 108 100 103 99 6
102 97 103 107 97 106 109 100 109 96 103 99 7
102 105 134 146 103 124 133 97 108 96 105 98 8
106 107 130 130 105 127 136 105 111 103 108 106 9
108 106 106 112 108 114 116 105 114 108 107 112 10
103 97 99 101 104 104 109 102 106 101 102 15000 11
Chip#1
103 99 98 104 101 100 106 101 108 99 101 98 0
104 100 102 110 110 109 114 105 107 105 102 104 1
108 104 104 116 105 112 121 108 114 115 101 110 2
103 97 99 107 102 109 111 105 111 107 97 105 3
111 106 111 119 107 114 123 108 117 108 106 105 4
106 101 289 299 103 305 453 110 112 114 103 101 5
102 95 168 170 101 203 293 98 104 101 92 92 6
111 105 115 120 111 110 116 107 117 105 105 110 7
97 96 366 352 100 213 241 98 103 93 97 94 8
105 99 262 241 108 224 249 98 108 101 97 101 9
103 101 103 104 103 105 111 101 111 97 98 100 10
114 106 106 109 109 112 115 102 111 109 103 15000 11
Chip#1
106 105 103 107 104 109 111 105 109 100 108 106 0
104 97 106 106 105 110 115 104 109 111 103 104 1
106 102 106 115 104 114 128 100 113 122 105 98 2
109 109 107 116 110 114 119 109 113 117 108 108 3
102 99 111 115 102 112 125 102 108 101 103 100 4
98 100 364 363 102 379 591 111 108 113 100 99 5
103 95 208 206 100 251 371 105 111 105 102 99 6
108 102 106 115 103 112 112 102 108 101 103 104 7
99 100 470 449 100 263 302 104 103 95 96 96 8
104 101 332 295 103 265 298 103 108 103 105 102 9
106 105 107 112 109 110 111 103 111 103 105 107 10
103 99 98 98 95 100 104 101 100 97 98 15000 11
Chip#1
104 99 99 104 105 105 109 102 106 97 103 99 0
104 96 102 101 102 105 112 100 103 104 105 102 1
104 104 111 121 101 115 125 103 114 120 106 104 2
106 102 106 109 102 110 115 104 113 113 105 106 3
104 101 114 120 101 111 122 108 109 101 102 95 4
105 104 415 412 108 437 692 116 108 113 101 100 5
105 104 223 228 103 285 421 109 109 113 100 98 6
106 101 111 118 105 106 115 100 109 103 101 102 7
101 99 544 530 104 291 331 102 100 97 101 100 8
99 94 369 324 95 290 327 96 98 93 95 90 9
104 97 100 101 100 103 111 100 104 97 100 101 10
109 97 99 103 103 103 106 98 100 100 101 15000 11
Chip#1
110 107 105 112 105 112 115 104 109 100 103 105 0
105 97 103 109 102 108 109 101 104 103 103 98 1
102 96 106 115 102 111 124 100 114 126 100 99 2
104 97 100 108 103 110 116 103 113 116 101 102 3
102 102 115 119 105 114 127 104 107 109 105 100 4
106 109 422 415 110 440 697 118 116 125 105 106 5
105 105 225 228 103 281 424 104 111 107 101 100 6
104 104 108 118 105 108 111 100 108 97 100 99 7
106 107 547 517 107 296 337 103 108 99 103 102 8
103 102 379 331 105 300 333 105 107 105 101 102 9
101 100 104 102 101 105 107 97 102 103 100 99 10
106 102 97 97 96 103 106 101 101 97 98 15000 11
