Chip#1
971 1051 1019 987 1124 1003 971 1019 880 971 971 1124 0
971 1051 1019 971 1124 987 971 1019 877 868 971 1124 1
868 1051 1003 987 1124 987 868 923 881 971 971 1124 2
868 1035 1019 1995 1339 971 868 1371 1355 868 868 1115 3
868 1035 1003 1385 1124 971 868 1196 1185 868 868 1115 4
868 1051 1003 987 1124 987 971 1019 881 971 971 1194 5
971 1051 1003 987 1124 987 971 1019 883 971 971 1131 6
971 1051 1003 1067 1124 987 971 1177 1139 971 971 1131 7
971 1051 1019 1209 1275 987 971 1611 1395 971 971 1131 8
868 1051 1003 987 1124 987 971 1035 888 971 868 1131 9
868 1035 1003 971 1124 987 971 1019 888 868 868 1131 10
868 1035 1003 971 1124 971 868 913 888 868 868 15000 11
Chip#2
868 701 754 795 868 868 868 971 868 868 868 785 0
868 705 811 827 971 868 868 987 868 868 868 788 1
868 706 811 811 868 868 868 971 868 868 868 784 2
868 703 752 811 1067 868 868 971 868 868 868 783 3
868 710 759 827 1067 868 868 971 868 971 868 788 4
868 704 811 827 941 868 868 987 868 868 868 781 5
868 702 747 811 941 868 868 971 859 868 868 776 6
868 697 811 811 941 868 868 971 891 868 868 782 7
868 701 752 795 941 868 868 971 923 868 868 773 8
868 701 811 811 941 868 868 971 875 868 868 778 9
868 707 811 811 941 868 868 971 875 868 868 785 10
868 706 811 811 941 868 868 971 875 868 868 15000 11
Chip#1
119 108 118 106 112 112 115 112 111 114 114 108 0
108 101 111 101 101 105 108 106 107 104 101 103 1
111 107 108 104 111 105 111 111 109 111 105 104 2
107 101 113 197 124 108 105 140 141 108 106 104 3
112 108 117 153 112 110 117 140 139 117 111 114 4
115 108 112 107 113 108 107 110 110 113 106 107 5
103 98 106 92 99 99 101 105 98 103 99 98 6
104 97 107 102 106 100 106 118 125 104 105 102 7
106 99 109 119 117 100 110 156 142 108 105 102 8
102 99 103 95 99 105 102 106 102 106 101 101 9
115 108 116 107 108 108 115 117 110 116 114 113 10
106 108 109 103 105 103 107 106 102 109 103 15000 11
Chip#2
99 101 102 98 97 100 99 99 104 99 92 96 0
105 97 104 103 101 98 108 99 104 106 94 97 1
100 95 100 99 91 101 103 100 103 99 94 95 2
100 99 106 102 91 103 99 100 114 108 96 101 3
100 96 99 103 91 101 98 99 109 104 94 96 4
111 101 109 107 91 107 108 100 113 107 101 102 5
100 96 103 99 97 96 103 99 103 102 92 99 6
106 99 108 102 97 107 104 100 109 108 97 102 7
114 105 113 106 97 107 108 100 120 118 104 106 8
110 101 109 106 102 104 106 100 109 109 100 101 9
100 96 106 99 96 97 103 98 102 103 96 96 10
106 99 107 99 96 98 101 100 109 102 97 15000 11
