Chip#3
97 94 97 101 92 103 95 97 95 100 102 92 0
99 103 101 100 102 108 93 105 103 100 102 100 1
93 100 97 96 100 101 92 94 95 100 93 96 2
97 94 96 97 95 101 95 99 99 98 98 98 3
98 102 98 96 100 107 100 101 109 106 104 100 4
105 111 108 102 106 109 102 103 105 104 104 106 5
101 99 72 103 99 105 93 99 97 104 103 101 6
97 99 103 100 99 101 92 98 102 104 101 100 7
97 94 98 101 96 99 93 94 99 100 93 94 8
96 96 96 95 99 97 92 93 97 99 97 96 9
92 93 97 95 96 101 93 92 93 98 94 96 10
94 95 93 93 98 95 89 92 93 98 93 15000 11
Chip#3
105 98 101 105 99 105 93 101 103 100 104 107 0
105 106 103 112 104 112 104 109 110 108 109 107 1
111 109 107 110 107 115 105 109 114 104 109 110 2
103 109 108 146 179 116 105 183 267 114 108 111 3
109 108 106 146 166 112 101 135 267 110 108 107 4
102 108 108 113 109 115 102 109 113 108 109 107 5
107 104 107 109 107 117 108 109 114 110 112 108 6
101 106 105 146 123 113 102 113 187 108 107 104 7
103 106 102 265 252 115 102 124 231 110 109 106 8
111 112 112 118 129 113 109 113 116 114 112 111 9
111 107 110 109 108 115 105 108 106 110 109 108 10
123 119 118 117 119 119 112 117 119 115 118 15000 11
Chip#3
114 121 116 122 119 119 115 117 115 119 121 121 0
121 119 120 122 121 121 118 123 120 122 121 119 1
124 124 121 126 124 124 117 123 131 127 123 123 2
127 124 128 208 236 119 124 259 412 133 127 124 3
115 117 120 185 212 119 114 168 355 127 121 121 4
114 117 119 121 117 121 113 118 118 113 117 117 5
115 117 116 124 119 119 115 120 118 118 118 118 6
116 122 120 208 147 119 121 129 239 127 119 119 7
123 125 125 394 384 119 119 156 341 130 118 128 8
120 122 127 133 146 124 122 120 137 122 121 119 9
125 124 120 120 124 125 123 126 122 123 119 123 10
139 134 130 132 133 129 121 124 132 129 123 15000 11
Chip#3
132 125 125 126 124 126 124 125 127 122 124 129 0
130 126 130 125 128 131 121 129 129 128 128 129 1
124 125 121 122 125 119 117 120 131 123 126 123 2
125 124 127 235 268 119 127 295 487 132 128 122 3
123 125 127 215 236 125 119 186 431 137 121 128 4
128 130 128 129 133 127 128 130 132 130 128 132 5
124 128 127 124 125 129 122 126 127 127 126 123 6
121 128 124 242 155 130 121 138 287 132 126 123 7
128 124 129 480 476 129 121 169 412 134 128 128 8
132 132 136 138 162 119 128 135 150 134 137 129 9
142 138 136 138 137 133 127 135 129 134 137 134 10
161 156 143 138 150 144 140 141 145 146 143 15000 11
Chip#3
133 132 130 132 132 119 127 128 127 125 132 139 0
134 130 128 133 129 129 127 130 132 134 132 129 1
133 130 129 134 136 126 130 138 140 132 126 128 2
132 133 129 259 292 136 131 349 548 140 133 132 3
128 128 128 237 252 130 126 194 479 142 123 129 4
129 133 129 134 133 130 130 130 128 129 129 134 5
129 128 129 132 133 129 121 125 129 128 128 128 6
129 133 130 265 167 134 130 142 314 139 131 132 7
133 132 137 544 540 138 128 183 461 146 132 137 8
138 137 134 138 167 134 126 135 150 134 132 137 9
146 138 137 138 141 119 136 141 138 139 138 136 10
166 160 152 146 158 147 144 141 155 147 144 15000 11
