Chip#1
106 106 105 104 102 111 106 105 104 96 105 110 0
108 99 100 109 103 104 107 103 102 97 105 104 1
108 106 107 110 104 109 111 105 108 105 101 104 2
101 101 103 106 102 104 106 103 104 95 105 100 3
104 101 100 102 98 107 107 103 98 92 103 101 4
104 100 129 131 98 135 161 108 102 99 97 101 5
114 107 115 121 103 124 136 104 109 103 103 104 6
104 102 100 108 98 104 105 96 102 97 97 99 7
101 99 144 148 97 117 125 100 102 95 98 101 8
99 100 129 127 100 122 125 101 100 96 93 98 9
106 104 103 104 104 104 108 105 103 97 102 104 10
103 99 96 103 101 100 105 102 97 91 103 15000 11
Chip#1
105 102 99 102 103 106 109 102 103 95 105 102 0
105 97 98 106 97 103 107 101 106 97 98 99 1
104 102 104 114 96 106 116 104 109 109 98 99 2
109 104 104 108 103 107 112 105 102 104 102 98 3
96 99 104 107 96 106 114 101 104 93 103 100 4
99 100 297 300 101 311 477 110 104 108 100 101 5
105 101 199 180 101 219 305 109 104 104 98 101 6
111 109 111 114 102 106 114 107 107 97 101 101 7
104 107 395 368 105 229 262 110 108 104 105 105 8
102 106 272 245 104 228 261 105 104 99 101 104 9
103 102 102 102 102 104 108 101 104 96 101 96 10
106 102 98 98 101 103 101 101 106 92 101 15000 11
Chip#1
111 104 102 112 109 111 112 102 106 103 108 107 0
104 105 98 99 105 110 105 105 101 100 106 105 1
105 101 107 114 102 111 119 104 114 115 105 101 2
99 97 99 108 97 101 106 101 103 104 103 101 3
104 105 116 116 105 109 120 103 108 101 106 104 4
101 104 383 377 104 406 634 114 109 109 106 98 5
103 96 208 207 98 260 388 104 108 100 98 92 6
103 100 107 110 102 103 107 104 103 96 100 99 7
103 106 496 470 103 279 314 102 101 97 103 102 8
103 101 346 305 104 280 316 103 104 96 102 102 9
97 96 98 98 96 100 107 95 102 96 98 98 10
109 100 97 104 102 108 108 103 100 92 101 15000 11
Chip#1
102 104 99 104 101 109 106 102 101 95 103 98 0
102 102 98 108 103 103 108 101 103 97 103 101 1
99 96 107 112 97 106 119 100 108 114 96 98 2
105 104 105 113 102 112 119 105 112 112 108 106 3
104 102 110 119 104 107 123 104 109 96 106 98 4
103 105 412 406 107 440 688 119 111 117 108 105 5
110 104 225 225 111 284 417 110 112 116 107 104 6
106 104 109 109 101 106 113 97 108 96 103 101 7
101 101 532 501 102 294 331 102 101 96 98 100 8
105 107 369 321 98 293 333 98 100 100 106 98 9
104 100 102 107 100 107 109 101 104 103 100 96 10
110 105 100 107 105 106 111 107 109 104 105 15000 11
Chip#1
106 107 104 109 103 108 106 105 106 100 107 106 0
101 95 97 102 97 98 107 100 94 95 100 95 1
105 100 109 116 100 114 127 103 111 117 103 100 2
96 100 104 109 104 106 109 107 103 105 101 101 3
102 102 112 119 102 114 121 105 107 97 103 102 4
98 100 431 424 103 457 735 118 106 116 98 101 5
104 104 228 231 102 293 438 108 107 111 101 96 6
104 102 113 115 104 103 111 97 104 97 101 96 7
103 107 578 541 104 316 360 108 104 100 101 102 8
101 97 390 337 104 305 344 100 99 91 95 99 9
108 104 103 109 104 106 107 102 103 101 102 102 10
108 99 97 101 102 98 101 98 100 92 102 15000 11
