30.3125
30.3125
30.3125
30.3125
30.3125
30.3125
30.3125
30.3125
30.3125
30.3125
30.25
30.3125
30.3125
30.3125
30.25
30.3125
30.3125
30.3125
30.25
30.25
30.25
30.25
30.3125
30.3125
30.3125
30.25
30.25
30.3125
30.3125
30.25
30.25
30.3125
30.25
30.25
30.3125
30.25
30.25
30.25
30.3125
30.3125
30.3125
30.25
30.25
30.25
30.25
30.25
30.25
30.25
30.25
30.25
30.3125
30.3125
30.25
30.25
30.3125
30.25
30.3125
30.25
30.25
30.25
30.25
30.25
30.25
30.25
30.25
30.25
30.25
30.3125
30.25
30.25
30.25
30.25
30.25
30.25
30.25
30.25
30.25
30.3125
30.25
30.25
30.25
30.25
30.25
30.25
30.25
30.25
30.25
30.25
30.25
30.25
30.25
30.25
30.25
30.25
30.25
30.25
30.25
30.25
30.25
30.25
30.25
30.3125
30.25
30.25
30.25
30.25
30.25
30.25
30.25
30.25
30.25
30.25
30.25
30.25
30.25
30.25
30.25
30.25
30.25
30.25
30.25
30.25
30.25
30.25
30.3125
30.25
30.25
30.25
30.25
30.25
30.25
30.25
30.25
30.25
30.25
30.25
30.25
30.25
30.25
30.25
30.25
30.25
30.25
30.25
30.25
30.25
30.25
30.25
30.25
30.25
30.25
30.25
30.25
30.25
30.25
30.25
30.3125
30.25
30.25
30.3125
30.25
30.25
30.25
30.25
30.25
30.25
30.25
30.4375
30.625
31.0625
31.375
31.875
32.125
32.5625
33.0625
33.5
33.75
34.1875
34.625
34.8125
35.25
35.6875
36.0625
36.4375
36.625
37
37.1875
37.5625
37.875
38.25
38.4375
38.75
38.875
39.1875
39.5
39.6875
39.9375
40.25
42
42.6875
43.25
44
44.875
45.5
46.0625
46.5625
47.4375
48.0625
48.625
49.3125
50.0625
50.75
51.25
51.9375
52.6875
53.25
53.8125
54.25
54.875
55.5625
56.125
56.8125
57.5625
58.1875
58.875
59.625
60.375
60.875
61.375
62
62.6875
63.3125
63.6875
64.3125
65.0625
65.5625
66.1875
66.9375
67.6875
68.25
68.4375
68.625
68.8125
68.9375
69.0625
69.125
69.25
69.3125
69.4375
69.5
69.5625
69.5625
69.625
69.6875
69.75
69.8125
69.875
69.875
69.9375
70.0625
70.8125
71.5
72
72.8125
73.5
74
74.5
75.1875
75.875
76.375
76.8125
77.5625
78.125
78.625
79.1875
79.875
80.4375
80.9375
81.6875
82.375
82.875
83.375
84.125
84.6875
85.3125
86.0625
86.625
87.1875
87.6875
88.375
88.9375
89.4375
90
90.6875
91.5
92.25
92.875
93.375
93.875
94.5625
94.3125
93.25
92.75
91.625
91
89.9375
89.375
88.3125
87.25
86.75
85.6875
85.25
84.25
83.75
82.8125
81.875
81.4375
80.5625
79.6875
78.8125
78.375
77.5625
77.125
76.3125
75.9375
75.125
74.75
74
73.625
72.875
72.5
71.8125
71.4375
70.75
70.0625
69.375
69.0625
68.75
68.125
67.8125
67.1875
66.875
66.25
65.9375
65.375
65.0625
64.5
64.25
63.6875
63.375
63.125
62.625
62.3125
61.8125
61.5625
61.0625
60.8125
60.3125
60.0625
59.5625
59.375
58.875
58.6875
58.1875
58
57.5625
57.125
56.6875
56.5
56.0625
55.875
55.5
55.0625
54.875
54.6875
54.3125
53.9375
53.75
53.375
53.0625
52.6875
52.5
52.1875
52
51.6875
51.375
51.1875
50.875
50.5625
50.375
50.0625
49.9375
49.625
49.5
49.1875
49.0625
48.75
48.5
48.375
48.125
47.9375
47.6875
47.4375
47.1875
46.9375
46.8125
46.5625
46.4375
46.1875
46
45.875
45.625
45.5
45.3125
45.1875
45
44.75
44.625
44.5
44.25
44.0625
43.9375
43.75
43.5625
43.5
43.3125
43.125
43
42.8125
42.625
42.5625
42.5
42.3125
42.125
42.0625
41.875
41.6875
41.5625
41.5
41.3125
41.1875
41.0625
40.9375
40.8125
40.75
40.5625
40.4375
40.375
40.25
40.125
40
39.875
39.8125
39.6875
39.625
39.5
39.375
39.3125
39.1875
39.0625
39
38.875
38.75
38.625
38.625
38.5
38.4375
38.3125
38.1875
38.125
38.0625
38
37.875
37.8125
37.75
37.625
37.5625
37.5
37.375
37.3125
37.25
37.125
37.0625
37
36.9375
36.875
36.8125
36.75
36.625
36.625
36.5
36.5
36.4375
36.375
36.25
36.1875
36.125
36.0625
36
35.9375
35.875
35.8125
35.75
35.6875
35.625
35.5625
35.5625
35.5
35.4375
35.375
35.25
35.25
35.1875
35.125
35.0625
35.0625
35
34.9375
34.875
34.875
34.8125
34.75
34.6875
34.625
34.5625
34.5625
34.5
34.4375
34.375
34.375
34.3125
34.25
34.1875
34.1875
34.125
34.125
34.0625
34.0625
34
33.9375
33.9375
33.875
33.8125
33.8125
33.75
33.75
33.6875
33.6875
33.625
33.625
33.5625
33.5
33.5
33.4375
33.4375
33.375
33.375
33.375
33.3125
33.25
33.25
33.25
33.1875
33.1875
33.125
33.125
33.0625
33.0625
33.0625
33
33
32.9375
32.9375
32.875
32.9375
32.875
32.875
32.8125
32.8125
32.8125
32.75
32.75
32.75
32.6875
32.6875
32.6875
32.625
32.625
32.625
32.5625
32.5625
32.5625
32.5
32.5
32.5
32.5
32.4375
32.4375
32.4375
32.4375
32.375
32.375
32.3125
32.3125
32.3125
32.3125
32.3125
32.25
32.25
32.25
32.25
32.1875
32.1875
32.1875
32.1875
32.125
32.125
32.125
32.125
32.125
32.0625
32.0625
32.0625
32.0625
32
32
32
32
31.9375
31.9375
31.9375
31.9375
31.9375
31.875
31.875
31.875
31.875
31.875
31.8125
31.8125
31.8125
31.8125
31.8125
31.75
31.75
31.75
31.75
31.75
31.6875
31.6875
31.6875
31.6875
31.6875
31.6875
31.6875
31.625
31.625
31.625
31.625
31.625
31.625
31.5625
31.5625
31.5625
31.5625
31.5625
31.5625
31.5625
31.5
31.5
31.5
31.5
31.5
31.5
31.5
31.5
31.4375
31.4375
31.4375
31.4375
31.4375
31.4375
31.4375
31.4375
31.375
31.375
31.375
31.375
31.375
31.375
31.375
31.3125
31.3125
31.3125
31.3125
31.3125
31.3125
31.3125
31.25
31.3125
31.25
31.25
31.25
31.25
31.25
31.25
31.25
31.25
31.1875
31.25
31.1875
31.1875
31.1875
31.1875
31.1875
31.1875
31.1875
31.1875
31.125
31.125
31.125
31.125
31.125
31.125
31.125
31.125
31.125
31.125
31.125
31.125
31.0625
31.0625
31.125
31.0625
31.0625
31.0625
31.0625
31.0625
31.0625
31.0625
31.0625
31.0625
31.0625
31.0625
31
31
31
31
31
31
31
31
31
31
30.9375
31
31
31
30.9375
30.9375
30.9375
30.9375
30.9375
30.9375
30.9375
30.9375
30.9375
30.9375
30.9375
30.9375
30.9375
30.9375
30.875
30.875
30.875
30.875
30.875
30.875
30.875
30.875
30.875
30.875
30.875
30.875
30.875
30.875
30.8125
30.875
30.8125
30.8125
30.8125
30.8125
30.8125
30.8125
30.8125
30.8125
30.8125
30.8125
30.8125
30.8125
30.8125
30.8125
30.8125
30.75
30.75
30.75
30.75
30.75
30.75
30.75
30.75
30.75
30.75
30.75
30.75
30.75
30.75
30.75
30.75
30.75
30.75
30.75
30.75
30.6875
30.6875
30.75
30.6875
30.6875
30.6875
30.6875
30.6875
30.6875
30.6875
30.6875
30.6875
30.6875
30.6875
30.6875
30.6875
30.6875
30.6875
30.6875
30.6875
30.625
30.6875
30.625
30.625
30.625
30.625
30.625
30.625
30.625
30.625
30.625
30.625
30.625
30.625
30.625
30.625
30.625
30.625
30.625
30.625
30.625
30.625
30.5625
30.625
30.5625
30.5625
30.5625
30.5625
30.5625
30.5625
30.5625
30.5625
30.5625
30.5625
30.5625
30.5625
30.5625
30.5625
30.5625
30.5625
30.5625
30.5625
30.5625
30.5625
30.5625
30.5625
30.5625
30.5625
30.5625
30.5625
30.5625
30.5625
30.5
30.5
30.5
30.5
30.5
30.5
30.5
30.5
30.5
30.5
30.5
30.5
30.5
30.5
30.5
30.5
30.5
30.5
30.5
30.5
30.5
30.4375
30.5
30.5
30.5
30.4375
30.5
30.5
30.5
30.5
30.4375
30.4375
30.4375
30.4375
30.4375
30.4375
30.4375
30.4375
30.4375
30.4375
30.4375
30.4375
30.4375
30.4375
30.4375
30.4375
30.4375
30.4375
30.4375
30.4375
30.4375
30.4375
30.4375
30.4375
30.4375
30.4375
30.4375
30.4375
30.375
30.375
30.375
30.375
30.375
30.375
30.375
30.375
30.375
30.375
30.4375
30.375
30.375
30.375
30.375
30.375
30.375
30.375
30.375
30.375
30.375
30.375
30.375
30.375
30.375
30.375
30.375
30.375
30.375
30.375
30.375
30.375
30.375
30.375
30.375
30.375
30.375
30.375
30.375
30.3125
30.3125
30.3125
30.375
30.375
30.375
30.3125
30.3125
30.3125
30.3125
30.3125
30.3125
30.3125
30.3125
30.3125
30.3125
30.3125
30.3125
30.3125
30.3125
30.3125
30.3125
30.3125
30.3125
30.3125
30.3125
30.3125
30.3125
30.3125
30.3125
30.3125
30.3125
30.3125
30.3125
30.3125
30.3125
30.3125
30.25
30.3125
30.3125
30.25
30.25
30.3125
30.25
30.25
30.25
30.25
30.25
30.25
30.25
30.25
30.25
30.25
30.25
30.25
30.25
30.25
30.25
30.25
30.25
30.25
30.25
30.25
30.25
30.25
30.25
30.25
30.25
30.25
30.25
30.25
30.25
30.25
30.25
30.25
30.25
30.25
30.25
30.25
30.25
30.25
30.25
30.25
30.25
30.25
30.25
30.1875
30.25
30.1875
30.1875
30.1875
30.1875
30.1875
30.1875
30.1875
30.1875
30.1875
30.1875
30.1875
30.1875
30.1875
30.1875
30.1875
30.1875
30.1875
30.1875
30.1875
30.1875
30.1875
30.1875
30.1875
30.1875
30.1875
30.1875
30.1875
30.1875
30.1875
30.1875
30.1875
30.1875
30.1875
30.1875
30.1875
30.1875
30.1875
30.1875
30.1875
30.1875
30.1875
30.1875
30.1875
30.1875
30.1875
30.1875
30.1875
30.1875
30.1875
30.1875
30.1875
30.1875
