Chip#1
98 104 102 97 102 98 102 101 99 97 105 101 0
106 109 109 113 108 109 114 110 108 107 109 112 1
99 100 125 136 100 124 153 108 116 154 112 107 2
101 102 114 115 105 112 124 104 109 132 108 106 3
103 111 109 110 105 111 115 107 107 100 108 110 4
103 109 134 135 104 118 141 109 113 133 112 104 5
101 105 115 115 104 111 121 107 112 118 105 107 6
96 96 97 98 97 97 100 98 98 88 97 101 7
93 97 117 119 98 114 119 100 94 92 102 98 8
96 99 119 116 101 115 120 104 99 95 103 104 9
99 100 104 109 107 107 106 107 104 99 105 101 10
102 101 99 104 104 103 101 103 97 96 105 15000 11
