Chip#1
25 161 146 0 20 92 38 136 78 110 154 159 0
25 153 149 6 36 92 70 85 82 135 160 156 1
25 159 219 98 20 284 470 101 201 475 209 152 2
25 159 168 27 20 196 206 85 126 307 177 161 3
25 155 144 0 20 92 38 85 76 117 152 154 4
25 156 161 10 36 92 38 85 224 347 177 155 5
9 153 147 0 20 76 38 85 140 251 164 151 6
9 153 142 0 20 76 22 69 82 105 150 148 7
25 153 158 1 20 92 38 85 82 110 154 150 8
25 155 154 0 20 92 38 85 80 117 154 156 9
25 159 153 0 20 92 38 85 84 118 158 159 10
25 155 150 0 20 76 22 69 78 114 155 15000 11
Chip#2
87 59 54 117 36 187 74 70 167 0 195 163 0
91 60 59 117 41 187 75 72 171 0 200 79 1
91 61 59 118 0 187 73 67 164 0 198 77 2
88 61 60 153 51 203 103 86 165 0 212 179 3
87 62 68 164 2 187 107 91 170 0 207 77 4
92 64 59 119 0 187 82 69 171 0 200 77 5
89 58 59 128 43 187 73 65 165 0 196 163 6
89 60 60 154 2 187 74 69 171 0 204 73 7
88 58 55 118 0 187 74 67 161 0 196 163 8
93 59 60 117 43 203 77 74 167 0 205 163 9
97 69 65 126 48 187 85 78 174 0 210 179 10
92 62 60 121 0 187 74 72 169 0 204 15000 11
