Chip#1
109 115 104 110 104 105 105 104 107 103 106 107 0
105 99 104 107 96 104 108 104 99 103 101 100 1
109 104 131 149 102 139 177 108 131 189 106 102 2
98 101 102 115 93 115 130 100 109 137 96 94 3
103 100 100 107 101 101 101 101 109 100 96 99 4
104 97 96 97 100 99 98 96 114 144 101 95 5
102 104 99 106 100 101 98 102 117 133 97 98 6
104 102 96 109 102 100 100 104 104 100 92 96 7
98 96 96 106 94 95 97 98 100 97 96 100 8
96 95 91 96 94 92 94 96 94 92 89 94 9
102 99 97 108 95 100 98 101 104 96 97 96 10
110 100 100 110 105 104 101 108 108 107 103 15000 11
Chip#2
105 100 103 105 104 101 104 97 98 97 104 101 0
102 100 99 98 104 98 98 100 96 96 101 101 1
103 99 99 102 105 98 100 102 95 95 96 100 2
100 98 101 105 102 94 102 102 95 101 100 95 3
102 103 101 109 106 99 107 105 98 102 100 97 4
103 104 103 103 100 99 101 98 99 97 100 100 5
96 97 93 97 96 93 98 95 93 95 92 92 6
104 108 106 112 107 103 101 102 100 97 101 101 7
104 103 99 103 100 98 99 99 98 97 99 95 8
104 104 103 102 104 98 98 103 101 97 99 101 9
101 101 100 100 100 93 98 99 95 97 100 99 10
107 114 110 113 110 103 106 104 105 104 104 15000 11
Chip#1
105 99 98 106 97 101 100 101 106 101 98 106 0
92 95 102 113 94 103 111 95 100 115 96 92 1
105 97 188 231 97 212 320 107 168 313 119 96 2
108 109 123 142 104 142 186 107 138 206 108 104 3
97 99 95 99 94 100 97 98 101 100 96 95 4
101 100 104 103 97 100 106 103 145 222 102 101 5
98 100 104 112 100 104 105 102 137 206 103 100 6
98 97 98 101 98 95 99 97 101 93 92 99 7
95 99 102 102 93 99 99 101 99 95 96 101 8
99 105 106 107 97 104 104 100 102 97 97 99 9
99 104 99 102 95 97 99 95 104 96 93 100 10
98 95 95 97 93 93 99 98 97 96 93 15000 11
Chip#2
109 106 104 103 101 102 100 103 100 101 101 103 0
105 108 100 100 100 99 101 100 99 96 101 100 1
109 109 101 103 107 103 102 103 101 105 105 103 2
104 109 114 188 139 107 184 154 106 149 158 109 3
110 111 127 273 180 109 205 173 106 150 162 109 4
101 101 103 114 107 97 108 100 99 98 101 100 5
100 101 99 130 118 97 101 100 98 97 100 100 6
109 106 116 210 170 106 112 111 107 108 109 108 7
105 105 103 120 112 99 100 104 104 101 104 100 8
102 104 104 105 105 99 101 102 102 103 101 105 9
99 98 98 98 97 94 101 103 96 96 105 100 10
107 105 103 103 105 98 102 102 101 101 107 15000 11
Chip#1
104 106 99 102 97 103 101 103 102 99 96 99 0
101 101 106 121 107 109 125 108 104 121 102 99 1
103 101 192 234 101 208 318 112 170 318 122 94 2
98 100 121 140 96 133 177 100 126 206 102 96 3
103 97 103 109 102 106 104 104 103 105 93 96 4
102 102 104 107 97 105 105 104 147 222 103 96 5
95 95 96 104 94 99 98 96 128 190 100 95 6
102 94 99 103 97 101 102 100 103 95 96 98 7
99 96 102 108 94 97 100 97 104 93 97 93 8
99 99 99 103 93 101 99 101 99 91 90 99 9
98 99 98 106 97 99 102 101 101 99 92 96 10
104 96 99 101 96 98 100 103 101 100 93 15000 11
Chip#2
104 104 104 100 102 96 99 103 95 95 97 101 0
101 101 101 100 102 97 95 97 94 95 99 100 1
107 108 104 103 111 101 102 103 98 101 101 105 2
104 105 112 213 149 104 204 168 99 157 172 106 3
105 104 126 314 195 109 231 192 100 163 172 101 4
99 100 98 117 111 96 102 97 94 95 97 95 5
104 104 104 149 127 101 101 100 93 98 105 99 6
103 104 119 264 178 101 102 109 98 103 106 99 7
109 110 109 135 119 104 106 107 105 105 104 106 8
100 97 100 102 100 99 95 98 95 96 101 100 9
97 98 99 100 100 93 101 105 96 97 100 99 10
105 108 106 104 106 102 107 103 100 101 105 15000 11
Chip#1
104 96 99 102 103 101 101 104 102 97 96 101 0
104 104 108 120 104 117 119 108 106 118 103 102 1
102 101 190 237 103 212 326 119 173 313 123 96 2
103 101 121 139 95 132 176 102 124 206 101 95 3
99 99 99 104 102 99 100 104 100 103 93 96 4
101 100 103 104 97 105 101 102 145 222 103 99 5
102 101 99 103 95 97 97 102 137 190 101 95 6
96 94 92 98 95 94 92 94 97 89 87 92 7
105 106 104 114 105 105 105 111 107 103 101 106 8
98 104 105 104 96 100 101 104 99 97 98 100 9
106 106 100 107 102 103 102 101 107 100 97 101 10
100 93 97 101 96 98 99 96 97 96 94 15000 11
Chip#2
104 104 103 102 101 98 96 100 98 94 96 99 0
106 105 105 107 105 101 104 102 101 98 104 105 1
106 105 103 108 102 101 104 104 101 103 101 105 2
103 103 114 217 144 106 206 167 99 154 173 101 3
110 109 132 330 203 112 245 203 104 170 176 106 4
103 101 99 122 108 97 101 102 94 99 99 99 5
110 109 112 157 135 103 110 109 102 103 109 109 6
109 109 124 285 194 107 114 116 104 109 110 108 7
106 106 105 131 121 106 105 106 100 101 105 103 8
105 101 103 102 105 98 104 104 102 98 107 103 9
103 103 101 99 101 99 102 103 100 99 107 103 10
106 99 103 104 102 98 102 105 98 99 104 15000 11
Chip#1
106 100 97 101 97 101 98 103 102 97 101 104 0
104 97 107 118 100 105 117 103 101 112 98 99 1
95 96 181 228 101 205 317 112 168 310 122 95 2
96 97 115 136 97 124 172 100 123 206 101 88 3
103 97 94 99 98 101 100 104 98 101 96 95 4
106 100 108 109 103 107 105 108 149 238 109 102 5
103 97 102 101 98 99 106 103 131 206 105 96 6
101 95 92 98 95 98 96 100 100 88 91 94 7
105 102 103 110 105 105 106 105 104 104 100 101 8
101 96 103 101 96 98 100 101 97 96 90 99 9
106 97 103 107 98 99 102 103 100 103 103 96 10
98 89 89 92 93 92 92 96 92 93 95 15000 11
Chip#2
106 103 99 98 102 94 96 99 96 96 94 100 0
115 113 111 115 113 109 110 113 108 109 109 112 1
110 105 103 105 104 102 105 102 99 102 104 103 2
110 109 119 226 151 111 218 178 104 165 184 110 3
102 110 131 332 202 111 244 197 101 171 178 108 4
110 111 112 128 116 106 112 109 107 108 107 108 5
106 106 110 156 132 108 106 107 101 103 106 103 6
107 110 125 285 194 106 108 110 101 109 111 105 7
109 105 106 131 117 104 104 105 104 99 102 100 8
106 106 106 108 104 103 105 106 101 104 105 108 9
112 109 109 107 110 107 110 114 104 105 110 111 10
105 108 105 103 104 99 102 102 98 99 100 15000 11
