Chip#1
108 106 104 104 102 103 101 102 100 93 101 108 0
108 105 128 143 105 124 150 108 107 133 106 107 1
96 99 346 440 102 397 699 125 259 612 160 101 2
98 102 154 199 100 201 310 102 165 340 123 100 3
104 102 106 107 97 109 109 102 108 100 103 102 4
103 101 113 114 101 109 115 104 196 348 123 102 5
109 110 110 118 105 114 113 111 176 274 122 107 6
96 95 100 106 98 103 102 97 102 86 98 102 7
96 99 107 107 93 104 104 96 96 89 95 99 8
104 106 109 115 109 111 114 102 104 99 106 108 9
103 99 104 106 103 100 105 102 101 95 101 99 10
106 104 102 107 103 104 104 105 104 96 108 15000 11
Chip#2
107 103 100 104 105 102 104 98 98 97 97 99 0
115 110 111 115 113 113 111 104 108 104 107 109 1
111 103 109 112 108 111 106 104 104 105 102 105 2
105 103 112 202 140 107 232 186 100 166 187 104 3
105 101 124 292 185 112 301 215 98 172 183 105 4
110 104 106 127 112 109 117 103 104 105 102 105 5
112 104 112 150 129 109 113 107 106 105 111 110 6
107 103 111 212 168 104 110 106 99 102 106 101 7
109 103 106 127 117 106 110 100 101 102 104 99 8
110 100 106 109 110 106 107 99 100 101 107 105 9
106 99 96 107 102 98 106 104 100 103 107 100 10
110 101 109 109 106 106 110 105 102 102 106 15000 11
Chip#3
100 100 100 100 100 100 100 100 100 100 100 100 241
100 100 100 100 100 100 100 100 100 100 100 100 241
100 100 100 100 100 100 100 100 100 100 100 100 241
100 100 100 100 100 100 100 100 100 100 100 100 241
100 100 100 100 100 100 100 100 100 100 100 100 241
100 100 100 100 100 100 100 100 100 100 100 100 241
100 100 100 100 100 100 100 100 100 100 100 100 241
100 100 100 100 100 100 100 100 100 100 100 100 241
100 100 100 100 100 100 100 100 100 100 100 100 241
100 100 100 100 100 100 100 100 100 100 100 100 241
100 100 100 100 100 100 100 100 100 100 100 100 241
100 100 100 100 100 100 100 100 100 100 100 15000 241
Chip#4
100 100 100 100 100 100 100 100 100 100 100 100 241
100 100 100 100 100 100 100 100 100 100 100 100 241
100 100 100 100 100 100 100 100 100 100 100 100 241
100 100 100 100 100 100 100 100 100 100 100 100 241
100 100 100 100 100 100 100 100 100 100 100 100 241
100 100 100 100 100 100 100 100 100 100 100 100 241
100 100 100 100 100 100 100 100 100 100 100 100 241
100 100 100 100 100 100 100 100 100 100 100 100 241
100 100 100 100 100 100 100 100 100 100 100 100 241
100 100 100 100 100 100 100 100 100 100 100 100 241
100 100 100 100 100 100 100 100 100 100 100 100 241
100 100 100 100 100 100 100 100 100 100 100 15000 241
Chip#1
115 101 100 103 97 106 106 104 104 97 103 108 0
106 99 126 138 97 126 151 107 108 137 105 101 1
96 95 350 435 98 394 694 124 254 614 159 96 2
102 97 159 201 98 201 312 104 163 346 123 101 3
108 104 103 106 101 109 109 103 109 100 105 105 4
98 91 106 112 94 101 111 104 196 340 116 100 5
104 93 102 106 91 101 105 102 164 265 109 99 6
109 105 105 112 109 107 114 109 107 103 107 111 7
102 104 117 115 105 116 113 103 108 99 103 107 8
108 102 114 116 104 114 117 104 103 99 106 106 9
104 101 105 110 101 103 108 103 106 99 105 104 10
105 100 103 104 108 111 112 103 104 101 103 15000 11
