Chip#1
96 95 96 94 97 100 103 98 104 99 94 94 0
97 98 98 96 102 100 107 98 104 101 96 98 1
101 103 106 113 107 110 122 110 114 118 97 102 2
99 98 100 101 101 100 104 104 108 110 97 102 3
107 105 104 101 109 108 108 105 111 107 104 103 4
93 92 100 96 96 98 105 95 105 103 91 94 5
101 100 100 104 102 103 110 107 111 110 100 100 6
103 102 103 102 103 107 105 105 111 110 101 102 7
96 98 100 105 103 102 111 100 108 106 96 99 8
104 102 102 109 105 107 114 109 113 109 104 103 9
102 105 103 101 104 107 108 107 114 105 102 104 10
102 103 101 101 107 107 108 107 110 102 102 15000 11
Chip#1
93 92 100 98 100 98 105 98 105 97 99 100 0
102 99 103 104 107 103 113 105 109 106 100 100 1
91 93 101 100 98 100 119 100 103 102 98 96 2
99 98 100 105 105 102 112 108 113 106 98 100 3
99 99 101 100 103 103 107 103 106 105 95 100 4
98 100 107 107 104 104 111 103 111 107 95 100 5
98 98 105 100 102 102 111 103 109 105 96 97 6
103 102 105 105 110 106 112 107 111 105 100 104 7
99 100 105 107 102 107 113 103 110 107 99 104 8
101 99 103 104 104 102 111 103 110 95 101 99 9
96 95 99 101 100 98 108 101 105 102 95 99 10
97 98 101 102 102 98 106 102 109 98 104 15000 11
Chip#2
102 107 104 104 103 104 104 102 101 104 104 101 0
93 92 94 93 97 90 95 95 95 94 95 92 1
95 98 94 94 80 91 94 91 93 95 98 96 2
101 102 103 105 105 101 101 102 101 101 106 102 3
98 100 97 100 105 99 101 100 98 99 100 101 4
97 98 97 97 99 95 94 95 93 99 96 92 5
102 106 105 104 107 101 107 102 102 105 106 101 6
107 106 105 105 107 100 105 109 104 105 109 103 7
103 103 99 104 105 102 102 104 100 103 101 105 8
104 109 103 103 106 102 106 105 104 107 105 106 9
99 102 95 101 82 96 100 101 95 100 101 101 10
99 105 100 104 110 99 102 100 100 105 101 15000 11
