Chip#1
101 101 93 97 89 94 93 93 92 94 97 97 0
104 100 103 105 98 106 104 100 103 102 104 98 1
109 108 108 111 104 110 111 110 114 106 106 105 2
101 103 127 882 231 109 105 361 408 99 103 94 3
100 101 111 475 104 104 105 286 323 100 99 99 4
102 104 105 109 99 106 104 104 108 103 101 99 5
111 103 108 108 100 109 105 107 105 102 109 103 6
100 99 96 151 110 100 98 191 238 95 101 94 7
102 105 113 234 165 106 104 467 360 105 105 100 8
98 108 104 106 103 107 105 117 110 105 102 95 9
101 101 103 101 97 104 99 100 97 96 105 99 10
96 95 103 100 91 96 98 95 93 94 98 15000 11
Chip#2
105 94 99 96 103 102 103 100 102 102 99 100 0
103 105 110 101 103 103 108 100 105 104 104 106 1
104 97 102 98 103 107 105 100 107 100 104 105 2
104 98 104 99 164 111 103 100 137 129 102 107 3
104 97 102 106 160 113 103 99 147 151 104 103 4
101 95 102 96 89 104 101 99 104 99 102 107 5
104 99 106 103 104 103 107 100 112 108 107 106 6
97 89 98 95 105 94 101 100 109 103 97 99 7
103 93 97 98 105 104 103 100 150 130 97 98 8
95 96 101 91 104 96 102 99 105 103 97 99 9
101 98 102 95 103 98 101 99 102 97 101 101 10
100 90 99 95 103 94 103 100 98 99 94 15000 11
Chip#3
92 92 95 99 94 96 93 96 92 93 95 94 0
94 92 90 93 95 99 91 92 91 98 97 98 1
98 99 102 100 98 104 95 98 100 101 100 100 2
95 92 95 99 96 96 93 101 101 95 97 97 3
98 100 100 103 106 105 97 104 107 105 100 103 4
100 98 105 106 107 108 99 103 104 102 104 106 5
93 88 93 99 91 98 89 91 91 95 92 94 6
96 91 96 100 99 100 93 97 104 101 99 99 7
91 88 92 106 103 95 91 97 104 96 89 91 8
95 92 94 101 95 98 93 96 95 101 97 93 9
96 92 95 96 95 100 91 94 95 100 97 95 10
98 100 103 99 105 106 99 102 97 107 100 15000 11
Chip#4
94 92 95 84 97 95 94 89 96 96 90 92 0
100 96 104 94 98 98 103 97 106 96 101 95 1
104 100 107 97 106 102 104 102 107 103 103 101 2
105 99 112 100 110 106 107 106 107 112 108 105 3
106 104 104 96 104 102 104 102 108 107 106 98 4
98 98 103 96 98 100 101 102 103 104 99 99 5
94 97 103 87 95 97 100 99 97 98 96 97 6
108 104 107 100 107 109 114 109 113 112 108 103 7
102 97 106 100 121 106 107 99 111 111 98 99 8
105 105 110 106 115 103 106 102 111 102 102 104 9
98 98 104 93 103 98 103 102 103 97 98 96 10
105 101 109 99 106 105 111 104 106 102 105 15000 11
