Chip#1
110 101 112 102 106 104 107 112 106 107 105 104 0
109 103 109 103 104 108 112 108 107 107 104 102 1
92 95 98 95 91 93 102 95 92 94 95 89 2
106 100 108 162 114 106 107 114 111 105 103 102 3
93 95 95 126 95 98 100 105 101 97 98 93 4
107 105 111 102 104 107 111 107 105 105 105 100 5
106 100 105 106 104 101 107 109 106 108 103 97 6
104 99 104 120 102 103 100 117 129 97 98 98 7
106 101 111 144 121 104 105 168 140 102 101 97 8
109 105 105 102 104 103 105 109 104 103 105 100 9
101 97 104 99 96 101 103 103 93 101 97 97 10
117 105 109 107 103 106 110 109 104 107 108 15000 11
Chip#2
108 103 108 105 105 107 109 100 107 103 103 102 0
112 104 105 104 105 105 106 100 111 103 106 99 1
101 97 97 102 101 94 96 100 105 94 94 92 2
104 100 102 104 101 99 101 100 107 103 97 100 3
105 99 102 102 101 101 103 100 111 104 103 101 4
108 99 101 101 103 104 103 100 105 103 103 101 5
103 102 102 104 103 99 101 100 110 97 103 101 6
99 90 93 91 99 92 98 100 101 97 98 92 7
106 104 108 110 99 105 105 100 120 112 103 101 8
100 103 97 104 103 94 101 100 104 101 97 92 9
108 99 102 101 99 103 104 100 104 101 102 100 10
101 95 97 99 101 91 99 100 104 97 96 15000 11
Chip#1
106 101 102 97 99 102 105 99 105 105 106 100 0
111 109 112 104 109 116 113 104 107 112 110 110 1
105 101 105 99 97 101 103 102 99 101 101 97 2
95 89 114 574 179 95 94 158 165 97 91 91 3
104 104 107 358 109 104 111 140 165 105 108 102 4
102 97 94 96 96 101 102 98 97 101 97 95 5
104 96 99 97 98 102 99 98 99 102 102 97 6
109 106 109 268 149 106 110 227 305 105 105 104 7
108 100 114 441 261 104 104 579 358 102 99 95 8
119 109 112 111 109 109 111 122 120 113 105 102 9
102 97 102 98 97 105 105 103 102 101 99 99 10
319 0 0 0 0 0 0 0 0 0 0 15000 40
