Chip#1
105 102 104 103 102 103 107 109 102 109 105 104 0
103 99 106 108 104 103 109 107 107 101 102 102 1
101 102 137 157 102 134 178 107 123 166 108 102 2
104 100 108 114 102 108 129 101 111 129 103 100 3
106 105 107 106 107 108 109 110 112 111 106 106 4
105 104 104 104 105 104 104 104 116 142 111 104 5
110 101 107 106 104 106 108 107 118 135 106 111 6
104 104 100 101 101 103 102 102 104 104 100 104 7
98 96 100 102 101 100 100 101 100 96 98 98 8
102 97 98 98 101 98 102 97 103 99 97 99 9
103 100 104 99 100 101 102 100 102 97 100 101 10
101 97 98 95 100 98 98 102 101 95 102 15000 11
Chip#2
102 97 99 102 99 91 94 92 94 96 94 96 0
107 106 104 108 106 103 101 104 102 97 104 101 1
101 100 96 102 101 98 96 99 99 96 95 101 2
109 106 109 115 111 103 112 105 104 105 109 105 3
105 106 104 112 104 101 108 104 102 101 99 98 4
106 105 99 107 104 98 100 95 98 98 102 100 5
102 104 100 105 106 99 104 96 99 99 99 101 6
102 101 104 113 108 98 102 99 98 99 100 99 7
104 100 103 107 105 102 104 96 99 98 102 104 8
101 98 96 102 99 94 98 97 93 95 95 98 9
106 103 107 104 100 99 102 99 100 104 101 103 10
106 100 104 105 106 102 101 103 102 101 100 15000 11
