    
Chip#1
106 101 101 95 100 95 101 100 99 98 95 95 0
99 96 98 98 92 94 96 96 92 96 93 93 1
106 102 104 108 101 99 101 107 103 103 102 101 2
106 108 125 695 216 103 102 193 207 106 101 97 3
108 101 109 407 107 105 105 158 181 104 103 103 4
106 108 104 106 103 101 106 102 105 102 101 99 5
107 102 103 102 99 101 105 101 105 100 102 103 6
103 96 101 278 151 101 103 236 337 102 97 99 7
104 96 109 479 271 98 98 610 373 100 93 98 8
102 105 107 104 100 100 106 117 111 100 99 99 9
104 96 99 98 92 94 98 98 102 100 94 98 10
108 108 102 101 97 95 100 96 101 102 98 15000 11
Chip#2
115 103 111 110 113 109 113 100 112 106 105 106 0
113 108 111 113 104 109 108 101 109 106 105 105 1
110 107 113 110 104 108 107 100 108 109 106 107 2
116 105 115 123 428 154 110 102 176 176 110 111 3
117 113 114 142 388 154 115 108 210 220 114 113 4
115 111 115 111 88 114 112 104 114 109 110 112 5
116 110 111 119 104 109 115 106 114 108 114 114 6
114 108 116 109 205 114 111 103 227 173 109 112 7
113 107 113 123 377 185 112 103 538 448 106 105 8
108 106 109 114 160 112 110 102 153 149 106 107 9
123 121 122 121 104 118 119 108 119 119 120 115 10
137 127 129 124 113 120 120 114 129 124 121 15000 11
