Chip#1
102 97 99 102 98 101 100 101 103 100 96 100 0 165 119 66 23
105 99 104 103 100 108 106 104 99 101 100 98 1 0 0 0 0
108 97 102 103 100 101 105 101 104 100 98 98 2 0 0 0 0
99 99 99 101 96 101 106 102 99 100 97 95 3 0 0 0 0
103 99 107 104 104 104 109 105 100 103 102 100 4 0 0 0 0
103 106 132 131 107 138 163 105 102 101 100 100 5 0 0 0 0
98 99 106 118 101 121 134 103 106 97 96 98 6 0 0 0 0
99 94 103 102 97 103 101 101 97 91 98 94 7 0 0 0 0
102 105 143 147 105 122 131 105 104 99 102 102 8 0 0 0 0
101 100 123 129 100 117 127 103 100 99 97 98 9 0 0 0 0
101 96 100 104 96 99 105 100 99 97 91 94 10 0 0 0 0
111 104 104 107 101 103 106 105 103 103 101 15000 11 0 0 0 0
Chip#1
98 99 96 104 101 100 100 98 102 101 96 99 0 165 120 63 23
105 104 100 102 101 101 105 102 101 101 98 101 1 0 0 0 0
111 107 110 113 103 107 113 112 114 108 102 104 2 0 0 0 0
96 96 96 96 94 101 100 101 100 95 92 93 3 0 0 0 0
99 101 99 103 98 99 109 101 100 97 94 94 4 0 0 0 0
103 99 153 160 97 165 214 105 104 101 93 96 5 0 0 0 0
97 95 115 116 93 126 154 96 93 95 91 94 6 0 0 0 0
101 96 97 98 98 101 97 97 97 92 90 94 7 0 0 0 0
105 100 181 180 102 135 149 110 108 104 101 104 8 0 0 0 0
104 104 147 145 101 138 149 105 102 100 95 98 9 0 0 0 0
95 96 92 99 94 95 97 91 94 91 92 93 10 0 0 0 0
101 95 91 99 96 97 96 98 97 93 91 15000 11 0 0 0 0
Chip#1
103 102 100 107 102 104 106 103 106 97 101 100 0 165 120 98 23
99 94 97 98 97 103 98 100 98 99 97 95 1 0 0 0 0
104 101 111 123 104 111 130 107 112 128 100 100 2 0 0 0 0
99 99 106 103 97 108 111 101 103 109 93 94 3 0 0 0 0
101 105 119 121 104 109 124 104 107 100 96 99 4 0 0 0 0
104 106 558 546 104 607 1001 125 113 124 98 102 5 0 0 0 0
104 104 279 285 109 373 581 112 108 116 97 98 6 0 0 0 0
97 93 108 110 98 93 97 96 100 91 92 89 7 0 0 0 0
95 97 747 696 96 374 438 97 96 90 87 88 8 0 0 0 0
105 106 497 435 108 378 437 109 101 97 97 102 9 0 0 0 0
98 97 99 103 97 97 102 102 100 90 90 93 10 0 0 0 0
110 104 102 101 97 103 101 102 103 97 98 15000 11 0 0 0 0
Chip#1
105 105 100 104 102 103 106 105 104 101 100 100 0 164 119 95 23
104 101 100 110 104 104 111 102 103 104 96 98 1 0 0 0 0
97 96 110 123 100 114 128 103 109 133 97 94 2 0 0 0 0
105 102 110 113 104 111 124 109 116 130 106 104 3 0 0 0 0
97 96 122 130 100 116 133 103 101 104 98 95 4 0 0 0 0
106 102 743 741 109 826 1421 131 114 133 101 100 5 0 0 0 0
109 109 371 371 108 484 807 116 116 134 105 100 6 0 0 0 0
106 105 128 129 105 106 107 105 107 100 97 98 7 0 0 0 0
104 112 1116 1033 104 516 626 111 106 104 98 102 8 0 0 0 0
104 109 720 607 114 523 632 110 102 105 101 104 9 0 0 0 0
106 105 104 104 102 103 105 101 106 99 97 100 10 0 0 0 0
114 106 100 106 103 104 104 103 103 103 98 15000 11 0 0 0 0
Chip#1
106 105 105 109 110 110 106 109 107 105 108 107 0 162 120 142 23
106 104 109 115 111 109 111 108 107 104 103 106 1 0 0 0 0
102 102 120 127 108 118 135 108 117 140 105 102 2 0 0 0 0
98 105 106 112 104 109 117 107 106 120 101 100 3 0 0 0 0
97 97 123 127 101 109 133 101 103 101 97 98 4 0 0 0 0
101 97 748 744 103 825 1413 132 114 129 96 99 5 0 0 0 0
102 105 370 368 112 482 806 119 116 125 101 104 6 0 0 0 0
97 99 126 125 105 104 107 102 101 96 98 96 7 0 0 0 0
99 109 1125 1029 109 522 629 108 107 99 98 104 8 0 0 0 0
105 109 720 602 108 527 624 108 102 100 100 106 9 0 0 0 0
114 109 109 109 109 107 112 107 111 107 107 107 10 0 0 0 0
116 111 102 106 108 107 106 108 106 97 107 15000 11 0 0 0 0
Chip#1
108 102 100 103 102 98 102 107 106 99 95 96 0 165 120 85 23
109 101 105 115 104 104 111 107 111 111 102 99 1 0 0 0 0
103 102 119 125 108 122 135 108 119 138 106 100 2 0 0 0 0
112 107 113 118 110 116 125 112 118 130 105 108 3 0 0 0 0
101 99 123 130 103 106 137 104 103 99 92 99 4 0 0 0 0
106 107 746 746 112 825 1416 136 122 132 102 99 5 0 0 0 0
98 101 360 366 104 472 806 113 111 122 89 94 6 0 0 0 0
103 104 123 129 107 107 113 103 108 103 97 101 7 0 0 0 0
99 111 1119 1026 107 517 627 110 102 104 92 95 8 0 0 0 0
102 110 720 605 107 524 627 108 103 101 96 98 9 0 0 0 0
104 100 102 102 101 100 111 102 102 101 95 99 10 0 0 0 0
118 110 107 107 105 106 109 108 106 105 100 15000 11 0 0 0 0
