Chipdp
65 100 200 4 4 6 9 7 3 7 4 7 5 8 3 8 4 8 5 9 3 9 4 9 5 9 7 7 7 8 7 9 8 7 8 8 8 9 9 7 9 8 9 9 9 3 3 3 4 3 5 4 3 4 4 4 5 5 3 5 4 5 5 9 3 7 3 8 3 9 4 7 4 8 4 9 5 7 5 8 5 9 9 7 3 7 4 7 5 8 3 8 4 8 5 9 3 9 4 9 5 9 7 7 7 8 7 9 8 7 8 8 8 9 9 7 9 8 9 9 9 3 3 3 4 3 5 4 3 4 4 4 5 5 3 5 4 5 5 9 3 7 3 8 3 9 4 7 4 8 4 9 5 7 5 8 5 9 9 4 2 4 3 4 4 6 2 6 3 6 4 5 2 5 3 5 4 9 4 7 4 8 4 9 5 7 5 8 5 9 6 7 6 8 6 9 9 8 2 8 3 8 4 9 2 9 3 9 4 10 2 10 3 10 4 9 8 7 8 8 8 9 9 7 9 8 9 9 10 7 10 8 10 9 9 4 3 4 4 4 5 5 3 5 4 5 5 6 3 6 4 6 5 9 4 7 4 8 4 9 5 7 5 8 5 9 6 7 6 8 6 9 9 8 3 8 4 8 5 9 3 9 4 9 5 10 3 10 4 10 5 9 8 7 8 8 8 9 9 7 9 8 9 9 10 7 10 8 10 9 
Chip#1
115 108 116 99 99 105 117 105 98 104 107 99 0
120 108 118 102 108 113 119 113 103 112 110 103 1
111 108 113 107 105 106 114 107 102 109 105 98 2
121 108 128 600 198 115 119 287 306 117 114 102 3
111 103 101 345 107 101 107 212 231 104 106 97 4
114 108 111 104 109 106 111 108 102 108 111 101 5
114 108 103 104 108 109 120 111 107 113 109 101 6
116 108 112 235 143 108 112 202 258 109 110 102 7
115 108 120 388 235 106 108 458 337 108 111 101 8
99 102 101 102 96 103 103 110 105 98 99 91 9
112 108 112 106 106 105 114 103 105 106 99 106 10
120 108 111 106 107 109 115 110 99 108 109 15000 11
Chip#1
116 108 103 102 107 100 108 105 101 102 106 101 0
110 102 111 104 102 108 105 106 103 101 106 99 1
110 108 106 106 105 104 107 101 99 102 105 96 2
110 108 118 599 192 104 103 279 305 102 103 99 3
115 106 116 353 113 110 112 218 247 111 110 108 4
107 103 111 108 108 104 105 105 103 107 109 99 5
107 99 107 106 103 105 105 103 103 101 102 98 6
111 103 106 232 142 101 102 200 259 97 109 97 7
111 99 112 398 239 103 107 470 337 108 106 101 8
108 105 102 110 106 100 101 112 111 103 102 96 9
106 97 102 97 102 98 100 103 97 96 99 96 10
116 101 108 106 106 101 108 108 102 108 106 15000 11
Chip#1
106 97 101 97 99 97 101 100 92 98 103 96 0
104 94 97 95 92 95 103 95 94 96 98 93 1
107 108 104 103 107 101 107 107 101 107 110 98 2
106 108 116 606 193 106 102 282 305 100 102 101 3
112 108 111 356 107 105 111 220 246 108 110 104 4
104 99 99 99 99 99 101 101 102 101 101 93 5
114 108 109 107 111 105 112 111 106 106 111 102 6
103 108 108 238 143 105 108 201 268 103 103 96 7
108 103 113 399 238 99 106 468 346 104 105 97 8
106 108 104 107 108 104 110 115 111 107 105 96 9
111 102 108 101 106 101 106 105 105 106 107 96 10
103 97 99 93 97 94 101 95 92 97 98 15000 11
