Chip#1
96 96 96 97 95 99 99 93 97 95 95 92 0
96 99 96 99 103 98 98 98 96 97 95 99 1
102 99 98 98 95 99 101 95 98 97 94 98 2
99 100 97 99 100 99 98 97 100 100 98 98 3
106 104 108 106 102 105 106 102 101 101 97 101 4
103 102 133 133 102 133 162 101 100 103 98 102 5
102 102 110 112 104 118 135 102 101 96 98 102 6
101 99 100 108 97 95 107 100 101 93 95 98 7
97 99 138 142 95 118 122 95 99 92 100 96 8
103 95 121 123 98 114 123 100 98 93 95 99 9
103 102 99 106 101 97 101 97 97 95 97 100 10
101 102 99 99 102 101 101 96 100 100 100 15000 11
Chip#1
105 115 107 108 108 108 113 112 111 112 111 104 0
99 105 100 101 98 100 100 102 101 95 96 98 1
102 102 102 108 102 103 109 105 108 104 100 105 2
92 99 96 101 98 99 99 100 101 99 93 96 3
96 101 104 103 102 103 107 100 101 99 98 99 4
98 99 154 163 102 159 212 103 102 99 93 99 5
97 101 125 127 100 132 162 103 102 105 96 98 6
97 99 100 104 101 92 99 101 101 93 97 90 7
103 105 183 181 104 140 146 102 103 104 101 99 8
98 99 147 141 101 134 145 105 102 96 97 96 9
99 104 98 103 100 97 101 101 102 97 97 98 10
102 100 98 104 101 99 104 101 98 100 91 15000 11
Chip#1
108 106 103 109 105 104 107 107 103 105 103 104 0
95 99 98 103 94 97 107 100 100 100 97 98 1
98 100 126 140 94 122 151 107 119 162 103 100 2
101 100 105 112 101 110 124 103 109 136 106 98 3
110 109 148 154 111 127 162 112 113 108 111 112 4
93 105 1239 1222 101 1377 2394 152 118 145 98 90 5
101 101 554 550 105 760 1352 123 119 140 102 99 6
102 102 136 137 107 109 112 103 103 99 97 96 7
98 115 1821 1684 109 810 997 110 100 95 95 96 8
104 115 1173 961 108 826 1002 115 103 103 98 100 9
110 109 105 112 98 106 112 105 107 104 97 101 10
117 107 99 101 104 99 100 108 103 95 100 15000 11
Chip#1
112 112 111 115 111 114 114 112 111 111 107 108 0
106 105 108 110 108 110 113 109 107 111 105 104 1
97 97 128 143 98 129 162 104 128 174 101 94 2
108 100 111 115 102 116 129 112 113 140 105 98 3
108 107 152 159 111 129 172 114 112 104 102 107 4
108 109 1443 1433 114 1601 2800 171 133 170 102 106 5
108 104 626 617 108 876 1556 126 122 149 103 100 6
108 111 152 152 117 114 120 116 111 113 105 104 7
95 115 2118 1954 109 930 1160 111 98 89 95 94 8
109 112 1334 1089 108 950 1162 114 103 104 98 101 9
111 109 110 109 104 105 112 107 107 100 96 99 10
123 116 106 108 105 106 108 107 107 105 98 15000 11
Chip#1
98 101 98 101 100 98 102 100 103 96 96 94 0
109 106 106 115 101 106 113 103 114 104 105 100 1
101 101 131 149 100 129 166 108 127 179 108 95 2
105 109 113 129 107 120 136 110 122 148 107 104 3
104 101 155 166 112 133 169 111 109 103 102 100 4
109 111 1503 1491 122 1662 2914 178 138 172 113 104 5
106 109 661 642 111 914 1611 131 119 158 109 104 6
106 111 148 158 115 114 122 113 113 104 103 106 7
105 125 2213 2039 119 985 1208 116 109 103 100 104 8
105 112 1381 1124 110 988 1202 113 109 104 96 101 9
116 106 111 110 108 104 113 104 104 104 98 105 10
118 105 102 102 103 97 99 101 103 96 92 15000 11
Chip#1
99 101 98 102 101 99 104 101 101 97 102 98 0
106 96 105 107 105 100 111 102 102 105 100 98 1
99 104 139 153 104 133 169 108 131 184 107 107 2
109 101 114 121 102 115 133 109 121 146 107 105 3
103 102 155 158 110 133 173 109 108 104 101 98 4
105 111 1522 1510 119 1686 2961 176 133 167 109 104 5
106 111 671 658 115 930 1643 131 131 153 106 104 6
108 107 149 155 116 115 120 110 112 105 103 107 7
104 123 2250 2066 120 1008 1226 112 106 100 101 102 8
106 114 1410 1149 114 1010 1215 110 102 97 102 100 9
111 100 106 106 105 105 111 103 102 99 102 99 10
126 112 108 108 108 110 111 112 107 109 108 15000 11
