Chip#1
114 109 109 103 104 108 108 105 102 111 112 102 0
113 108 112 106 106 111 113 105 103 113 109 105 1
109 108 109 107 102 109 112 108 104 113 108 105 2
119 108 125 292 146 116 112 197 238 116 114 110 3
114 109 114 205 110 116 118 195 225 116 118 105 4
105 109 107 104 104 112 108 104 111 105 105 102 5
111 109 109 106 107 108 110 100 106 108 109 105 6
110 108 108 186 126 107 110 224 310 107 105 102 7
108 104 109 284 182 107 109 592 373 112 106 97 8
117 109 117 114 112 116 115 127 123 112 113 108 9
121 109 113 107 109 117 116 112 116 113 113 110 10
109 109 111 102 103 109 105 109 107 111 108 15000 11
Chip#4
104 101 102 104 103 108 107 102 103 100 101 101 0
101 101 104 100 103 109 110 106 108 98 104 100 1
97 94 94 94 100 98 103 96 97 94 95 91 2
98 94 97 99 99 98 106 98 104 100 98 94 3
102 98 100 100 101 101 106 102 107 101 105 93 4
100 96 97 95 96 102 103 95 103 91 95 97 5
108 103 110 106 112 110 114 109 111 107 112 108 6
105 107 104 107 113 109 113 106 108 102 108 104 7
104 101 103 104 109 108 110 101 108 98 102 102 8
100 96 104 94 100 100 101 99 101 97 96 96 9
98 94 96 94 101 100 100 96 101 96 98 99 10
105 98 106 102 110 103 108 102 108 104 106 15000 11
