Chip#1
Chip#1
126 133 120 122 113 129 118 122 125 128 140 120 0
128 131 123 125 137 132 116 123 148 123 139 126 1
127 128 123 147 150 128 119 121 161 127 129 116 2
125 126 121 118 116 127 117 116 119 120 132 120 4
120 127 119 116 116 123 115 120 116 116 134 117 3
126 128 124 120 117 129 117 115 122 120 130 118 5
123 120 119 139 161 124 109 122 163 125 127 110 6
119 118 114 108 109 120 110 112 109 117 127 110 8
0 0 0 0 0 0 0 0 0 0 0 0 0
126 122 119 116 112 122 113 111 114 118 130 118 9
0 0 0 0 0 0 0 0 0 0 0 0 0
 112 114 113 126 114 11
0 0 0 0 0 0 0 0 0 0 0 0 0
0 0 0 0 0 0 0 0 0 0 0 0 0
0 0 0 0 0 0 0 0 0 0 0 0 0
0 0 0 0 0 0 0 0 0 0 0 0 0
0 0 0 0 0 0 0 0 0 0 0 0 0
0 0 0 0 0 0 0 0 0 0 0 0 0
0 0 0 0 0 0 0 0 0 0 0 0 0
0 0 0 0 0 0 0 0 0 0 0 0 0
0 0 0 0 0 0 0 0 0 0 0 0 0
0 0 0 0 0 0 0 0 0 0 0 15000 0
119 123 120 116 111 121 111 116 122 116 128 15000 11
