Chipdp
84 2 37 2 8 3 4 8 5 9 5 8 6 9 6 4 8 3 9 3 8 2 9 2 4 6 6 5 6 6 5 5 5 4 6 2 5 2 6 3 5 3 4 6 8 5 8 6 9 5 9 4 2 8 3 8 2 9 3 9 4 2 5 3 5 2 6 3 6 4 2 2 3 2 2 3 3 3 4 9 7 10 7 9 6 10 6 4 9 10 10 10 9 9 10 9 4 7 7 6 7 7 6 6 6 4 7 10 6 10 7 9 6 9 4 7 3 7 4 6 3 6 4 4 4 4 4 3 3 4 3 3 4 3 7 4 7 3 6 4 6 4 3 10 4 10 3 9 4 9 
Chip#1
99 100 97 99 98 98 101 103 98 96 101 101 0
96 104 115 130 104 110 137 105 102 130 103 104 1
97 101 279 364 103 281 504 122 235 510 153 105 2
90 91 137 168 91 146 231 97 139 272 108 93 3
95 97 102 107 97 97 106 100 99 100 95 94 4
101 102 253 266 102 198 290 109 183 328 121 96 5
98 99 154 170 103 151 198 107 154 254 109 100 6
96 99 104 103 101 97 106 100 103 93 94 96 7
96 100 231 236 101 186 214 101 101 99 102 99 8
93 96 174 171 97 178 218 98 96 92 94 99 9
102 100 104 108 103 101 109 104 106 100 106 100 10
97 91 93 95 94 88 99 95 97 91 94 15000 11
Chip#1
100 100 96 104 101 97 98 107 97 92 97 101 0
95 94 116 126 102 108 131 101 99 128 98 101 1
99 100 275 361 110 274 488 124 235 494 153 99 2
96 96 137 170 100 150 233 100 138 271 118 96 3
99 97 107 109 108 104 109 109 103 103 103 102 4
99 99 258 274 102 202 293 109 179 315 122 104 5
98 97 158 165 100 151 204 107 145 254 111 101 6
99 99 100 101 104 99 102 95 107 93 101 94 7
99 100 228 245 104 186 217 103 101 95 98 100 8
96 97 173 174 101 181 214 98 96 95 97 94 9
101 102 106 110 109 108 107 107 103 101 101 105 10
104 105 102 103 108 103 109 105 108 99 102 15000 11
Chip#1
102 99 100 99 102 98 104 102 106 100 103 100 0
97 101 113 124 101 110 136 101 101 133 98 100 1
95 95 273 359 100 273 493 115 215 494 144 94 2
102 101 141 177 104 152 241 103 145 281 118 104 3
102 102 109 115 108 109 113 108 104 105 106 107 4
101 101 256 274 105 201 295 108 183 328 123 101 5
104 109 163 171 110 156 209 110 155 254 121 101 6
93 95 94 99 95 94 97 94 100 95 96 92 7
98 96 226 236 98 182 219 100 101 96 98 93 8
105 107 178 180 109 186 220 108 108 100 106 104 9
103 104 104 104 104 97 106 103 101 107 106 99 10
109 101 103 107 104 98 108 107 103 100 103 15000 11
