Chip#1
234 315 307 279 310 270 266 276 399 272 395 453 0
229 307 308 279 308 272 260 274 399 271 395 437 1
238 320 314 287 315 282 272 283 399 276 395 437 2
233 314 312 279 312 275 266 267 399 268 395 437 3
236 317 313 280 312 281 267 277 399 268 395 437 4
237 317 315 282 314 279 271 279 399 265 395 453 5
243 325 321 288 322 288 274 284 399 271 395 437 6
249 326 320 291 324 290 275 288 415 267 411 453 7
247 324 325 294 327 296 280 351 415 269 411 453 8
248 328 322 297 329 295 286 295 415 274 395 453 9
251 329 328 299 336 298 289 299 408 276 411 453 10
252 333 329 305 335 305 297 304 408 274 395 453 11
Chip#2
353 349 277 334 407 382 285 356 395 247 291 533 0
343 416 373 336 408 398 280 353 395 326 286 549 1
346 416 277 387 409 398 284 353 393 319 285 549 2
339 400 261 336 405 382 282 359 394 247 284 517 3
346 416 373 337 466 398 286 399 394 325 363 549 4
342 416 371 387 466 414 285 399 394 322 363 549 5
341 416 277 337 408 398 285 353 395 323 363 549 6
339 400 261 333 403 366 277 343 391 247 273 533 7
345 416 277 336 408 398 288 354 396 319 288 549 8
337 416 367 332 406 398 283 352 389 247 280 549 9
339 400 369 329 406 398 282 351 389 247 277 533 10
335 416 370 331 406 382 275 350 389 247 277 533 11
Chip#3
374 464 522 331 412 363 429 452 396 429 459 367 0
374 466 526 331 416 363 433 456 403 433 411 364 1
371 457 514 331 408 347 425 448 394 425 395 364 2
371 463 523 331 411 347 430 455 397 426 460 363 3
367 456 518 331 407 347 423 450 344 425 395 363 4
375 464 525 331 412 347 431 453 402 431 462 363 5
372 459 524 315 408 347 429 395 343 423 395 363 6
375 462 524 331 412 347 433 452 402 428 460 364 7
369 460 524 331 410 347 429 452 399 425 395 364 8
373 467 524 331 409 347 432 454 400 425 395 363 9
372 460 523 331 412 347 429 451 397 427 395 361 10
373 463 527 347 408 363 430 457 399 429 459 365 11
Chip#4
363 372 287 325 335 381 298 345 379 329 367 415 0
384 396 318 325 335 411 366 397 395 329 391 437 1
384 396 283 322 330 381 296 341 363 323 365 407 2
384 366 286 329 335 387 296 344 363 331 366 411 3
384 365 287 331 338 381 295 342 363 332 366 409 4
384 366 288 328 330 385 301 341 363 330 368 412 5
384 363 291 327 336 387 298 374 363 333 365 403 6
384 365 289 327 334 387 298 342 363 331 366 405 7
384 365 288 325 335 384 296 348 363 329 364 407 8
384 369 292 335 337 387 296 344 363 329 369 410 9
384 364 287 327 333 383 347 337 363 327 369 402 10
384 365 294 333 340 387 301 347 363 332 367 410 11
