Chip#1
99 105 98 99 101 102 102 98 101 99 104 103 0 162 120 111 23
107 109 105 109 108 110 112 107 108 106 105 109 1 0 0 0 0
98 104 99 106 105 107 112 102 105 109 100 100 2 0 0 0 0
98 98 99 100 102 101 107 97 98 94 97 99 3 0 0 0 0
105 110 106 106 108 112 111 104 109 102 106 106 4 0 0 0 0
103 107 104 107 104 108 112 104 105 106 104 103 5 0 0 0 0
91 100 98 99 97 100 103 96 100 98 96 99 6 0 0 0 0
103 109 104 105 108 108 111 105 106 103 104 106 7 0 0 0 0
107 108 108 112 110 114 112 109 105 106 105 106 8 0 0 0 0
104 107 106 109 109 110 111 104 106 105 102 104 9 0 0 0 0
104 109 104 106 108 109 108 109 106 101 101 105 10 0 0 0 0
102 102 100 102 103 101 103 103 103 99 101 15000 11 0 0 0 0
Chip#1
104 107 105 107 104 107 108 108 114 102 104 106 0 164 120 168 23
93 95 98 98 97 101 98 97 99 95 98 98 1 0 0 0 0
99 99 105 107 100 107 121 101 105 118 98 99 2 0 0 0 0
98 97 100 104 102 102 107 101 103 111 101 103 3 0 0 0 0
96 97 97 99 95 97 100 98 100 94 94 99 4 0 0 0 0
96 98 108 109 102 104 112 104 106 114 101 103 5 0 0 0 0
103 109 107 110 109 113 113 105 110 116 104 108 6 0 0 0 0
98 104 100 101 105 103 108 101 99 101 101 104 7 0 0 0 0
95 97 104 104 100 102 106 98 95 93 96 99 8 0 0 0 0
93 97 102 102 101 104 110 101 100 93 95 96 9 0 0 0 0
110 110 110 105 110 112 112 108 111 110 106 111 10 0 0 0 0
101 103 100 102 103 106 104 102 105 103 102 15000 11 0 0 0 0
Chip#1
105 104 101 104 104 101 107 102 104 103 105 108 0 161 120 135 23
105 105 130 151 103 120 166 107 110 160 107 107 1 0 0 0 0
103 108 426 550 117 440 794 140 318 833 191 106 2 0 0 0 0
103 105 174 230 103 207 342 111 189 450 131 105 3 0 0 0 0
103 104 118 122 105 110 121 108 109 112 107 105 4 0 0 0 0
107 108 411 420 110 299 464 118 273 517 141 108 5 0 0 0 0
102 104 207 220 102 198 289 105 191 382 118 103 6 0 0 0 0
98 102 106 107 104 104 110 107 108 103 99 99 7 0 0 0 0
97 100 366 366 101 279 334 104 100 95 101 103 8 0 0 0 0
98 105 254 244 103 279 330 104 106 95 104 104 9 0 0 0 0
101 105 102 106 103 103 110 105 103 99 105 104 10 0 0 0 0
101 102 100 102 103 102 104 102 104 97 101 15000 11 0 0 0 0
Chip#1
111 110 100 107 101 108 106 102 109 103 105 113 0 163 121 171 23
102 103 147 169 104 138 195 108 114 192 109 108 1 0 0 0 0
103 105 588 774 118 605 1188 151 430 1240 239 108 2 0 0 0 0
102 104 212 294 104 257 471 111 228 612 144 103 3 0 0 0 0
98 102 118 122 107 109 120 105 109 111 105 99 4 0 0 0 0
101 105 564 577 112 407 655 120 325 723 152 103 5 0 0 0 0
102 102 271 318 103 250 388 104 257 533 128 100 6 0 0 0 0
104 105 114 118 109 110 113 107 109 109 104 106 7 0 0 0 0
104 103 499 501 103 381 461 104 106 101 101 99 8 0 0 0 0
93 97 340 313 101 372 446 100 101 94 96 96 9 0 0 0 0
111 109 105 109 111 103 112 107 108 99 106 106 10 0 0 0 0
105 107 101 101 107 106 106 102 106 102 101 15000 11 0 0 0 0
Chip#1
115 109 99 102 108 106 108 105 101 102 106 115 0 164 120 169 23
105 107 159 188 108 148 221 108 120 212 111 108 1 0 0 0 0
98 104 691 921 118 711 1414 160 495 1481 270 105 2 0 0 0 0
99 102 234 335 104 290 551 115 273 733 155 103 3 0 0 0 0
103 107 125 130 107 114 127 110 113 118 111 105 4 0 0 0 0
104 108 666 675 109 473 772 122 369 841 161 105 5 0 0 0 0
107 116 320 333 117 296 456 117 276 619 152 114 6 0 0 0 0
108 113 123 122 115 120 119 111 115 109 110 111 7 0 0 0 0
103 113 595 587 110 452 545 116 109 103 105 106 8 0 0 0 0
104 102 395 363 104 434 525 108 104 103 105 104 9 0 0 0 0
101 102 102 105 104 104 107 102 105 99 100 102 10 0 0 0 0
107 102 106 107 105 108 107 105 106 102 105 15000 11 0 0 0 0
Chip#1
119 113 103 102 107 108 110 105 109 105 107 115 0 162 120 190 23
110 109 162 197 110 148 228 111 124 229 112 109 1 0 0 0 0
103 105 739 999 121 766 1540 167 540 1591 283 105 2 0 0 0 0
98 105 250 360 108 306 599 113 284 789 158 104 3 0 0 0 0
101 102 124 128 107 113 127 107 113 119 107 105 4 0 0 0 0
103 110 725 732 116 497 834 126 398 924 173 106 5 0 0 0 0
105 107 334 344 111 306 487 112 287 668 144 109 6 0 0 0 0
98 107 115 119 109 112 113 108 113 107 102 104 7 0 0 0 0
98 105 640 626 107 477 583 111 108 103 96 100 8 0 0 0 0
103 110 428 390 109 468 566 113 109 106 104 109 9 0 0 0 0
102 105 101 102 105 103 108 104 104 102 101 103 10 0 0 0 0
108 107 104 104 107 107 110 105 109 103 102 15000 11 0 0 0 0
