Chip#1
163 227 182 161 311 176 235 250 165 210 117 277 0
95 227 177 160 305 177 231 243 163 212 112 269 1
147 227 173 154 306 171 230 245 160 206 108 266 2
163 227 197 735 421 174 235 526 517 211 112 267 3
163 236 180 453 320 174 232 500 469 207 112 266 4
163 236 183 166 320 179 240 251 171 216 116 276 5
147 227 175 155 306 172 231 243 163 208 108 269 6
147 227 182 364 369 181 245 636 741 217 118 275 7
163 236 193 605 457 179 242 1756 978 221 118 275 8
147 227 183 169 310 176 237 271 195 214 111 270 9
147 179 176 160 308 173 237 246 165 210 112 277 10
163 227 176 160 311 171 236 247 166 208 119 15000 11
Chip#2
64 0 19 0 125 7 119 121 58 36 61 0 0
59 0 17 0 125 5 113 121 58 35 58 0 1
64 0 20 0 125 9 115 137 74 36 57 0 2
67 0 24 0 197 18 124 137 106 138 68 0 3
65 0 24 0 189 15 121 137 122 202 69 0 4
61 0 20 0 128 9 115 137 58 37 65 0 5
62 0 19 0 125 6 121 121 42 39 65 0 6
63 0 22 0 146 5 119 121 106 138 63 0 7
63 0 24 0 182 23 122 121 258 234 65 0 8
63 0 27 0 149 6 121 121 74 138 68 0 9
64 0 25 0 127 9 117 137 58 39 65 0 10
64 0 23 0 131 6 117 121 58 41 66 15000 11
Chip#3
214 223 239 117 143 68 192 135 299 221 194 171 0
214 223 223 117 143 73 192 136 299 221 194 170 1
214 239 239 23 143 73 192 138 311 221 194 172 2
214 223 223 27 143 69 192 148 328 212 194 172 3
214 239 239 29 143 72 192 141 329 228 194 172 4
214 239 239 23 143 70 192 137 311 228 199 169 5
198 223 223 18 143 72 192 135 311 228 199 167 6
214 239 239 21 143 68 192 134 315 228 199 167 7
214 239 239 37 143 75 192 142 324 228 199 175 8
214 239 239 25 143 72 192 134 308 228 199 172 9
198 223 223 20 143 63 192 131 308 212 173 166 10
214 239 239 27 143 77 192 140 315 228 215 15000 11
Chip#4
35 158 171 141 75 193 317 181 259 190 33 60 0
34 156 170 137 72 193 318 181 262 190 35 55 1
38 161 173 141 74 197 322 185 263 206 35 61 2
33 161 171 138 76 192 316 183 260 190 35 57 3
38 162 173 143 79 201 320 183 272 206 38 63 4
39 158 173 145 74 196 319 181 263 190 40 57 5
29 156 169 134 67 191 311 99 251 190 35 55 6
36 157 168 141 72 195 315 99 262 190 37 59 7
38 157 172 141 76 198 316 185 265 190 41 61 8
38 159 172 142 74 197 317 99 262 190 37 59 9
38 159 173 141 72 196 319 99 258 116 33 55 10
34 157 171 141 73 193 316 99 256 190 35 15000 11
