Chip#1
104 109 109 112 104 110 113 107 109 100 114 112 0
101 101 106 106 101 111 112 102 103 99 109 105 1
104 101 131 143 101 132 159 113 127 157 119 108 2
99 107 114 118 102 118 125 109 111 124 114 107 3
97 99 102 103 97 105 101 100 102 91 106 98 4
105 106 130 137 107 127 137 109 118 135 109 107 5
103 104 117 119 104 120 122 107 113 124 106 106 6
91 99 97 104 97 101 101 96 99 88 95 98 7
101 105 126 133 104 124 128 108 106 101 111 110 8
101 102 118 119 103 122 120 104 102 96 107 108 9
109 107 111 114 103 107 112 108 106 99 112 110 10
109 105 106 104 107 106 106 105 106 99 112 15000 11
Chip#2
99 96 101 98 99 94 96 98 89 98 96 95 0
104 100 105 102 105 98 104 99 100 102 104 98 1
113 115 114 113 113 111 113 107 105 109 111 110 2
99 103 103 98 107 98 98 102 99 104 100 101 3
106 104 105 109 108 102 106 103 96 105 104 100 4
103 103 106 102 105 103 104 99 100 108 101 100 5
104 101 109 104 105 102 111 107 100 108 106 101 6
101 103 104 105 107 99 113 114 100 109 111 99 7
113 112 112 113 112 111 114 110 111 113 113 110 8
104 99 104 102 106 99 105 106 99 104 105 104 9
102 99 100 99 108 101 114 116 99 111 115 99 10
110 105 107 104 108 104 111 107 104 109 105 15000 11
