Chipdp
84 2 37 2 8 3 4 8 5 9 5 8 6 9 6 4 8 3 9 3 8 2 9 2 4 6 6 5 6 6 5 5 5 4 6 2 5 2 6 3 5 3 4 6 8 5 8 6 9 5 9 4 2 8 3 8 2 9 3 9 4 2 5 3 5 2 6 3 6 4 2 2 3 2 2 3 3 3 4 9 7 10 7 9 6 10 6 4 9 10 10 10 9 9 10 9 4 7 7 6 7 7 6 6 6 4 7 10 6 10 7 9 6 9 4 7 3 7 4 6 3 6 4 4 4 4 4 3 3 4 3 3 4 3 7 4 7 3 6 4 6 4 3 10 4 10 3 9 4 9 
Chip#1
102 96 95 99 97 98 101 97 101 99 97 101 0
104 97 127 141 102 118 151 100 106 137 97 100 1
98 101 382 483 115 377 686 129 251 519 153 101 2
102 104 161 213 105 201 305 109 160 300 117 105 3
99 101 102 107 103 103 105 104 104 103 101 96 4
99 104 114 120 100 110 122 104 204 362 124 102 5
97 97 99 110 98 103 112 97 160 277 107 100 6
101 100 103 109 102 103 107 103 104 101 97 99 7
98 100 107 115 101 106 112 97 101 100 98 94 8
102 101 113 110 103 110 112 107 107 108 98 104 9
99 104 103 106 103 100 102 98 104 103 98 101 10
97 93 94 99 97 93 94 95 94 95 97 15000 11
Chip#2
105 101 101 98 101 97 99 95 100 99 96 95 0
106 103 103 100 100 94 99 96 99 98 101 101 1
107 104 106 103 106 103 104 103 102 102 109 105 2
102 105 116 307 178 111 403 301 105 269 310 108 3
111 113 148 466 281 123 523 399 108 311 333 117 4
106 110 110 143 123 104 125 116 106 111 115 109 5
105 101 106 185 153 103 107 106 104 109 111 104 6
105 108 132 408 279 104 122 114 107 115 123 108 7
110 109 107 163 139 106 107 105 110 105 110 109 8
104 104 99 101 104 102 105 104 104 105 109 101 9
106 106 105 108 110 106 114 121 102 111 123 111 10
96 101 96 93 101 92 101 96 95 96 97 15000 11
Chip#1
109 106 97 102 103 104 101 97 103 103 100 105 0
96 95 126 142 102 115 151 103 108 133 102 96 1
106 102 390 496 116 386 699 133 251 528 153 104 2
98 91 161 211 97 186 306 102 154 296 113 95 3
98 100 99 103 107 104 104 100 104 107 97 99 4
98 94 106 119 95 103 115 97 194 365 107 95 5
98 94 103 104 96 103 109 102 164 278 105 96 6
102 100 98 104 104 101 106 100 104 100 101 99 7
108 104 115 120 105 111 117 107 109 104 102 102 8
97 97 105 108 101 104 115 100 102 97 98 100 9
102 104 104 104 108 103 109 103 106 108 103 104 10
103 97 100 101 98 99 101 100 102 96 94 15000 11
Chip#2
110 108 103 104 105 99 101 102 104 99 100 101 0
110 111 109 107 110 104 107 104 102 105 106 109 1
110 108 106 107 106 106 105 104 110 108 107 104 2
107 109 122 308 181 113 411 310 107 275 322 112 3
109 106 146 470 286 124 539 401 108 316 340 116 4
104 105 104 138 117 101 122 111 105 108 112 101 5
113 111 110 195 157 108 116 109 111 115 118 110 6
103 105 131 413 283 101 117 117 105 117 126 106 7
110 117 115 168 141 112 113 112 110 109 115 110 8
107 109 106 104 105 103 107 109 105 107 118 103 9
115 109 106 109 111 107 119 123 110 114 130 116 10
106 99 100 97 105 98 104 100 100 102 104 15000 11
Chip#1
109 101 100 104 100 98 102 100 102 100 98 100 0
99 96 128 147 100 120 152 102 106 135 102 102 1
95 101 381 494 105 384 692 124 235 523 148 100 2
103 104 170 219 103 198 316 110 164 306 124 104 3
102 100 102 108 103 101 107 102 102 107 101 101 4
99 101 118 123 105 110 121 105 201 367 121 101 5
106 100 108 115 108 110 114 103 170 286 117 100 6
102 95 97 97 98 99 98 100 100 97 97 92 7
109 105 117 120 109 117 117 108 109 107 105 110 8
96 94 107 108 102 104 108 97 101 96 98 94 9
95 96 95 102 96 94 99 98 98 93 97 96 10
104 101 100 107 103 100 102 107 107 104 103 15000 11
Chip#2
104 105 103 103 102 99 101 99 101 105 102 108 0
103 103 99 103 99 98 96 96 98 101 101 101 1
113 113 112 113 112 111 113 110 112 111 115 117 2
109 109 121 314 180 116 411 308 106 279 320 116 3
103 100 142 466 283 119 539 399 106 312 335 111 4
102 105 105 144 119 103 124 110 105 105 112 108 5
101 101 104 187 146 102 105 103 101 108 112 101 6
109 110 133 423 281 108 122 121 110 120 125 111 7
101 104 103 156 127 101 99 99 102 102 101 103 8
100 99 101 103 104 102 101 104 99 103 110 101 9
102 108 101 107 106 103 116 120 107 114 123 111 10
105 106 104 105 107 103 107 104 105 104 106 15000 11
Chip#1
106 101 102 102 102 100 99 104 106 97 100 104 0
98 89 126 140 101 116 150 107 104 134 101 100 1
98 97 376 486 108 382 693 124 235 519 153 95 2
96 93 159 210 96 188 304 101 158 296 107 96 3
103 100 104 106 105 103 112 109 109 111 101 106 4
105 100 116 124 104 114 125 109 204 369 127 105 5
101 96 104 107 100 103 109 102 170 273 109 98 6
103 100 100 102 102 99 104 100 107 101 97 100 7
97 96 110 113 97 106 114 98 103 96 97 95 8
101 99 107 110 103 103 113 104 101 97 100 99 9
96 95 95 97 95 95 102 100 99 93 94 99 10
104 99 102 101 101 98 104 101 103 99 101 15000 11
Chip#2
111 111 105 109 108 103 104 99 102 104 106 110 0
115 118 110 113 111 111 111 111 110 113 114 115 1
113 109 106 108 110 109 108 104 107 109 110 108 2
101 101 115 304 178 111 406 300 102 267 310 105 3
105 104 147 468 287 119 539 401 110 315 334 109 4
99 99 99 136 116 97 117 103 99 103 104 100 5
99 96 99 183 144 98 106 100 98 103 109 99 6
106 108 127 414 285 106 117 117 101 111 123 109 7
103 108 105 158 134 106 106 109 105 104 107 106 8
109 110 109 108 110 108 111 116 111 112 120 106 9
104 105 103 102 107 107 114 118 106 111 121 106 10
104 103 103 103 106 103 107 104 102 103 101 15000 11
Chip#1
110 107 102 102 107 101 104 103 103 103 98 102 0
104 105 131 145 108 123 154 107 111 138 102 101 1
92 95 378 493 105 384 695 123 235 522 148 94 2
101 100 164 209 103 187 309 108 158 303 116 98 3
102 101 105 104 109 101 109 104 106 108 102 100 4
97 99 113 116 98 109 123 103 202 369 121 99 5
102 102 108 112 103 105 116 104 167 282 116 96 6
96 96 96 96 98 98 96 97 98 93 94 87 7
98 102 113 116 105 108 114 104 103 99 100 98 8
99 100 104 108 103 109 112 104 103 100 100 96 9
101 99 103 101 100 100 106 98 100 97 101 98 10
101 96 100 99 98 95 101 102 102 93 102 15000 11
Chip#2
109 106 105 105 108 108 105 102 102 105 104 109 0
109 108 104 103 106 101 101 102 104 102 102 104 1
109 103 105 107 107 106 105 102 104 107 111 111 2
103 98 114 309 176 111 410 306 101 273 317 110 3
99 95 132 460 277 111 539 395 99 310 332 104 4
105 103 107 146 122 103 124 112 101 111 111 105 5
110 106 109 190 156 104 108 112 107 112 118 108 6
109 104 130 418 284 103 118 118 105 115 123 108 7
102 108 103 162 130 101 107 104 106 107 104 103 8
106 105 104 104 108 102 107 111 104 107 112 110 9
103 104 101 102 105 98 113 117 100 110 121 106 10
109 106 107 104 108 106 106 105 105 109 111 15000 11
Chip#1
105 100 102 104 100 94 101 98 102 100 98 104 0
99 99 130 142 107 117 152 105 102 138 101 99 1
99 99 391 508 109 396 711 129 235 542 153 102 2
99 100 167 218 105 201 313 105 159 309 118 101 3
96 91 94 93 94 98 101 96 99 100 94 94 4
102 96 117 119 104 109 121 105 202 381 121 98 5
102 102 102 108 98 110 115 105 165 287 112 99 6
96 97 102 98 104 95 104 100 97 92 92 100 7
98 99 114 116 101 109 114 102 101 101 96 95 8
103 104 109 110 103 109 115 103 100 100 102 102 9
98 99 102 101 98 99 102 103 98 93 100 98 10
105 96 96 97 98 98 101 101 97 92 92 15000 11
Chip#2
112 115 106 108 107 103 105 99 104 101 102 110 0
118 118 112 110 112 107 108 110 110 108 109 116 1
109 113 105 107 110 104 105 103 105 103 107 109 2
107 109 121 318 181 118 417 316 107 277 327 112 3
109 115 152 488 298 127 559 411 111 322 348 116 4
105 110 105 145 119 106 125 111 101 105 111 106 5
109 109 107 193 153 107 111 105 106 109 119 106 6
106 110 135 426 287 104 118 121 106 113 129 108 7
110 115 109 168 140 107 107 110 110 107 112 109 8
105 113 107 104 107 102 107 106 106 110 111 110 9
106 111 104 107 106 104 116 117 107 113 126 108 10
115 114 107 108 108 109 107 109 108 108 114 15000 11
