Chip#1
95 95 101 98 101 100 104 103 105 99 94 96 0 168 120 91 23
101 100 104 102 104 103 108 105 101 105 100 102 1 0 0 0 0
96 103 107 110 105 108 121 104 109 114 100 99 2 0 0 0 0
97 104 105 104 104 106 112 105 110 107 102 103 3 0 0 0 0
99 103 104 100 102 103 106 107 105 102 102 100 4 0 0 0 0
107 107 110 110 105 108 114 104 113 109 101 103 5 0 0 0 0
102 103 106 109 108 106 112 107 108 109 100 100 6 0 0 0 0
105 109 107 110 112 106 112 109 110 105 105 104 7 0 0 0 0
95 103 105 106 103 104 111 103 105 98 97 94 8 0 0 0 0
97 98 101 99 98 102 108 102 99 95 99 99 9 0 0 0 0
103 108 110 107 110 102 114 108 111 107 102 104 10 0 0 0 0
95 98 100 95 96 96 106 102 99 95 98 15000 11 0 0 0 0
