Chipdp
65 100 200 4 4 6 9 7 3 7 4 7 5 8 3 8 4 8 5 9 3 9 4 9 5 9 7 7 7 8 7 9 8 7 8 8 8 9 9 7 9 8 9 9 9 3 3 3 4 3 5 4 3 4 4 4 5 5 3 5 4 5 5 9 3 7 3 8 3 9 4 7 4 8 4 9 5 7 5 8 5 9 9 7 3 7 4 7 5 8 3 8 4 8 5 9 3 9 4 9 5 9 7 7 7 8 7 9 8 7 8 8 8 9 9 7 9 8 9 9 9 3 3 3 4 3 5 4 3 4 4 4 5 5 3 5 4 5 5 9 3 7 3 8 3 9 4 7 4 8 4 9 5 7 5 8 5 9 9 4 2 4 3 4 4 6 2 6 3 6 4 5 2 5 3 5 4 9 4 7 4 8 4 9 5 7 5 8 5 9 6 7 6 8 6 9 9 8 2 8 3 8 4 9 2 9 3 9 4 10 2 10 3 10 4 9 8 7 8 8 8 9 9 7 9 8 9 9 10 7 10 8 10 9 9 4 3 4 4 4 5 5 3 5 4 5 5 6 3 6 4 6 5 9 4 7 4 8 4 9 5 7 5 8 5 9 6 7 6 8 6 9 9 8 3 8 4 8 5 9 3 9 4 9 5 10 3 10 4 10 5 9 8 7 8 8 8 9 9 7 9 8 9 9 10 7 10 8 10 9 
Chip#1
103 105 109 107 105 104 107 102 101 101 111 103 0
99 93 101 97 100 98 102 101 95 100 99 98 1
93 89 98 96 91 97 98 100 92 98 94 95 2
108 103 112 282 134 101 107 176 181 104 105 101 3
110 108 106 199 112 103 112 151 168 108 107 106 4
101 98 103 98 102 99 106 101 99 100 102 99 5
108 108 111 112 108 105 112 108 110 111 107 106 6
98 97 103 120 105 98 106 140 154 96 98 101 7
103 108 107 144 122 97 102 236 191 102 101 102 8
99 99 101 104 99 101 107 106 101 100 101 97 9
95 98 102 101 90 95 100 101 99 97 101 96 10
107 103 109 103 103 103 107 103 98 101 102 15000 11
Chip#2
105 111 110 114 104 103 108 100 104 108 106 108 0
108 111 111 113 104 106 108 101 109 106 102 112 1
108 111 110 109 104 108 111 100 109 108 109 107 2
103 103 99 107 191 111 99 99 141 137 95 99 3
108 107 108 114 188 118 105 100 161 173 104 107 4
103 102 101 101 104 100 102 100 105 99 102 100 5
103 105 101 104 102 97 99 100 105 99 102 101 6
104 100 103 102 113 100 102 100 128 112 97 101 7
103 105 104 111 127 114 103 100 210 175 101 104 8
106 107 109 108 104 107 107 100 123 115 106 108 9
102 103 104 101 101 96 101 100 105 97 94 99 10
102 101 99 104 100 97 102 100 104 100 97 15000 11
Chip#1
101 97 102 99 97 97 102 97 98 96 99 97 0
106 103 106 104 99 103 106 101 98 107 107 104 1
104 98 104 103 101 99 103 101 102 102 102 101 2
112 108 117 295 140 106 115 178 190 104 107 108 3
106 105 111 203 105 101 108 154 165 108 107 106 4
103 102 107 104 101 103 108 100 99 102 101 104 5
110 106 118 110 106 108 115 110 105 107 110 106 6
106 103 112 129 108 105 111 140 166 107 109 107 7
103 98 104 155 125 103 105 236 192 102 102 102 8
99 98 99 99 96 97 98 102 101 101 101 97 9
103 108 106 102 101 105 107 101 102 103 101 97 10
106 105 106 102 101 99 107 103 98 106 109 15000 11
Chip#2
108 107 108 107 100 108 107 101 107 102 105 108 0
104 100 106 103 101 101 102 100 109 102 100 104 1
105 105 113 103 101 101 112 100 108 103 107 103 2
102 101 103 106 191 112 103 100 139 138 100 100 3
110 106 110 117 194 117 111 100 168 173 107 106 4
108 100 106 108 104 102 107 100 107 99 110 103 5
104 102 104 103 88 101 105 100 107 103 102 105 6
102 89 103 98 104 100 102 100 126 106 100 100 7
109 108 110 108 129 119 114 101 210 174 111 107 8
114 107 108 109 113 104 110 100 119 118 106 104 9
105 101 106 108 104 104 106 100 107 99 104 108 10
109 103 108 103 104 97 102 100 109 96 101 15000 11
Chip#1
103 103 106 97 96 104 107 105 102 102 102 102 0
101 97 107 101 95 101 101 100 99 101 101 97 1
97 102 103 102 95 97 106 102 103 96 101 95 2
107 99 117 292 137 104 109 173 181 106 105 103 3
102 99 107 196 105 103 105 149 168 103 103 101 4
106 108 113 106 103 104 108 105 107 102 106 103 5
104 108 111 108 106 104 111 106 106 108 110 104 6
104 98 109 130 108 103 108 140 161 103 107 103 7
97 93 98 146 118 90 98 229 190 102 95 95 8
102 103 104 104 102 99 105 108 103 102 105 97 9
107 105 108 104 103 104 107 100 105 106 103 102 10
99 98 101 99 99 97 100 100 98 101 102 15000 11
Chip#2
100 98 101 103 97 96 98 99 100 101 91 99 0
102 103 107 106 97 101 102 100 105 98 92 105 1
111 105 108 102 97 102 108 101 109 99 101 108 2
104 102 106 104 197 108 108 99 142 137 100 99 3
105 102 106 109 188 112 106 99 157 137 102 101 4
103 105 106 103 104 101 108 100 109 103 104 106 5
111 112 111 111 104 112 110 100 110 109 105 107 6
102 95 102 103 104 93 102 99 126 106 95 99 7
100 101 102 103 126 116 103 100 201 173 97 102 8
104 101 102 101 104 95 105 100 113 112 92 102 9
108 107 109 104 104 111 107 100 105 103 104 109 10
116 108 116 110 104 107 114 106 113 110 111 15000 11
