Chip#1
163 227 177 158 310 165 236 240 156 201 115 265 0
163 227 176 161 310 174 236 250 164 215 119 272 1
147 227 176 159 308 168 238 245 159 211 118 270 2
163 236 182 182 318 176 240 258 175 214 123 272 3
163 227 175 171 312 168 236 254 169 210 112 271 4
147 227 173 158 306 166 232 244 157 208 110 265 5
163 236 180 165 312 173 241 246 165 214 120 272 6
147 227 177 170 313 172 236 256 181 215 117 273 7
163 227 176 168 316 166 232 322 179 206 110 267 8
95 227 183 168 310 170 240 250 161 212 116 267 9
163 227 175 162 311 170 237 244 157 210 115 269 10
147 227 175 162 310 166 233 247 164 212 112 15000 11
Chip#2
51 0 17 0 121 0 105 121 58 35 58 0 0
55 0 17 0 119 0 108 121 42 35 59 0 1
53 0 17 0 125 3 110 121 58 35 61 0 2
63 0 19 0 127 5 112 121 58 39 60 0 3
55 0 18 0 122 1 109 121 58 35 58 0 4
55 0 17 0 121 0 108 121 42 35 60 0 5
54 0 17 0 122 2 109 121 58 35 58 0 6
56 0 17 0 124 1 39 121 42 35 55 0 7
57 0 19 0 128 5 114 121 58 41 61 0 8
59 0 17 0 120 0 109 121 58 35 61 0 9
57 0 18 0 124 1 114 137 58 35 59 0 10
52 0 17 0 116 0 39 105 58 35 55 15000 11
Chip#3
198 223 223 10 143 58 183 128 299 212 168 161 0
214 223 239 16 143 69 199 136 299 228 199 167 1
198 223 223 7 143 67 199 128 299 212 199 161 2
198 223 223 15 143 71 199 135 299 228 199 170 3
198 223 223 11 143 61 199 134 299 212 199 165 4
198 223 223 10 143 61 183 125 299 212 173 159 5
198 223 223 11 143 65 199 134 299 212 199 167 6
198 223 223 11 143 66 199 126 299 212 175 162 7
198 223 223 11 143 69 199 125 299 212 174 162 8
198 223 223 16 143 69 199 134 299 212 199 166 9
198 223 223 14 143 65 183 135 299 212 199 165 10
198 223 223 10 143 62 199 131 299 212 199 15000 11
Chip#4
35 157 168 134 73 196 317 180 258 190 40 57 0
26 149 162 127 69 189 309 172 251 190 34 51 1
35 157 171 137 76 198 320 180 259 190 38 61 2
27 149 164 127 68 187 311 99 248 112 31 51 3
32 158 168 136 75 196 317 99 259 190 40 60 4
29 157 166 132 70 191 316 99 252 190 35 57 5
30 150 163 134 70 191 316 99 252 190 38 55 6
33 155 167 134 75 190 313 180 256 190 38 56 7
30 152 167 133 69 190 313 99 256 113 34 54 8
25 147 154 124 62 184 311 99 242 190 30 50 9
28 149 165 132 70 189 314 176 251 190 35 53 10
36 159 171 138 78 195 321 99 262 190 40 15000 11
