Chip#1
814 803 811 788 801 813 705 812 702 713 811 834 0
814 803 811 788 801 813 705 812 702 713 708 833 1
711 803 811 788 801 813 705 796 702 713 708 833 2
711 803 843 1812 1016 813 705 1164 1173 713 708 833 3
711 803 827 1300 801 813 705 1036 1077 816 811 833 4
711 803 827 804 801 829 808 812 805 816 811 833 5
711 787 811 788 801 813 705 796 702 713 708 806 6
711 803 811 884 801 813 705 917 958 713 708 822 7
711 803 827 975 936 813 808 1388 1205 816 708 822 8
711 787 811 722 801 797 705 828 805 713 708 822 9
711 803 811 722 801 813 705 812 702 713 708 822 10
711 803 811 722 801 813 705 812 702 713 708 15000 11
Chip#2
665 701 716 693 728 666 659 731 722 685 662 703 0
665 578 700 677 625 666 659 715 713 685 662 687 1
665 685 700 677 625 666 659 715 729 685 662 687 2
665 574 700 677 808 666 659 612 745 685 662 687 3
665 701 716 709 824 666 659 731 777 788 662 703 4
665 701 716 709 640 666 659 731 745 685 662 703 5
665 685 700 677 640 666 659 715 713 685 662 687 6
665 578 700 693 640 666 659 715 729 685 662 671 7
665 685 716 693 744 666 659 715 866 685 662 703 8
665 685 700 693 640 666 659 715 729 685 662 687 9
665 685 716 693 640 666 659 715 729 685 662 703 10
665 685 700 693 640 666 659 715 729 685 662 15000 11
Chip#3
717 711 712 651 732 632 725 731 703 697 723 716 0
717 711 728 651 767 632 741 747 719 713 739 716 1
717 711 712 651 732 632 725 715 703 713 723 700 2
717 711 712 651 732 632 725 715 719 713 723 700 3
701 711 712 651 732 632 725 715 703 697 723 700 4
717 711 728 651 767 632 741 731 719 713 739 716 5
717 727 728 651 767 632 741 731 719 713 723 716 6
717 711 712 651 732 632 725 715 719 697 723 700 7
717 711 712 651 767 632 725 731 719 697 723 716 8
717 711 712 651 767 632 725 731 719 713 723 700 9
717 711 712 651 732 632 725 731 719 713 723 700 10
717 711 712 651 732 632 725 715 703 697 723 15000 11
Chip#4
705 769 775 718 769 773 768 734 776 770 758 702 0
705 769 775 718 769 773 768 734 776 770 758 702 1
705 769 759 718 666 670 768 734 760 770 742 702 2
705 785 791 718 785 789 784 734 792 802 774 702 3
705 769 775 718 769 773 768 734 776 770 742 702 4
705 785 791 718 769 789 768 734 776 786 758 702 5
705 769 775 718 769 773 768 734 776 786 758 702 6
705 666 759 718 666 670 752 734 760 770 742 701 7
705 666 759 718 666 670 752 734 760 770 742 701 8
705 769 775 718 785 773 784 734 776 786 758 702 9
705 769 775 718 666 773 768 734 776 770 758 702 10
705 769 775 718 769 670 768 734 760 770 758 15000 11
Chip#1
814 819 811 722 801 813 705 812 805 816 811 838 0
711 803 811 722 801 813 705 812 702 713 708 822 1
711 803 795 722 801 797 705 812 702 713 708 822 2
711 803 827 1733 1016 813 705 1164 1173 713 708 822 3
711 787 795 1227 801 797 705 939 959 713 708 806 4
711 803 811 722 801 813 705 812 702 713 708 822 5
814 819 811 722 801 813 808 812 805 816 811 838 6
711 787 811 884 801 797 705 917 958 713 708 838 7
711 787 811 977 920 797 705 1372 1189 713 708 806 8
814 819 827 804 801 813 808 844 821 816 811 838 9
711 787 795 685 801 694 705 796 702 713 708 806 10
711 787 795 788 801 797 705 812 702 713 708 15000 11
Chip#2
665 685 716 693 640 666 659 715 729 685 662 703 0
665 685 700 693 640 666 659 715 713 685 662 687 1
665 685 716 693 640 666 659 731 729 685 662 703 2
665 685 700 693 824 666 659 715 761 685 662 687 3
665 669 700 693 808 666 659 715 761 685 662 687 4
665 685 700 677 634 666 659 715 729 685 662 687 5
665 574 684 677 634 666 659 612 713 685 662 671 6
665 573 700 677 634 666 659 715 729 685 662 687 7
665 669 700 677 634 666 659 715 867 685 662 687 8
665 669 700 677 634 666 659 612 713 685 662 687 9
665 669 700 677 634 666 659 612 713 685 662 687 10
665 669 684 677 634 666 659 612 713 685 662 15000 11
Chip#3
717 695 712 651 732 632 725 715 703 713 723 700 0
717 695 712 651 732 632 725 715 719 713 723 700 1
733 711 728 651 767 632 741 731 719 713 739 716 2
717 727 728 651 767 632 741 747 735 713 739 716 3
717 711 712 651 767 632 741 731 719 713 723 716 4
717 711 712 651 767 632 741 731 719 713 723 700 5
717 711 728 651 767 632 725 731 719 713 723 716 6
717 711 712 651 767 632 725 731 719 713 723 700 7
717 711 712 651 767 632 725 731 719 713 723 700 8
701 695 712 651 732 632 725 715 703 713 707 700 9
701 695 696 651 732 632 725 715 687 697 707 684 10
717 711 712 651 732 632 725 715 703 713 723 15000 11
Chip#4
705 666 775 718 666 670 752 734 760 770 742 702 0
705 666 775 718 666 670 768 734 760 770 742 701 1
705 666 775 718 666 670 752 734 760 770 742 702 2
705 666 775 718 769 670 752 734 760 770 742 701 3
705 666 775 718 769 773 768 734 776 770 758 702 4
705 769 775 718 769 670 768 734 760 770 758 702 5
705 666 759 718 666 670 752 734 760 770 742 701 6
705 666 775 718 666 773 768 734 776 770 742 702 7
705 666 775 718 785 773 768 734 776 786 758 702 8
705 769 775 718 769 670 768 734 760 770 758 702 9
705 666 759 718 666 670 768 734 760 770 742 701 10
705 666 759 718 666 670 752 734 760 770 742 15000 11
Chip#1
120 106 109 101 107 100 106 113 107 104 110 109 0
110 108 108 103 106 104 112 107 103 107 103 104 1
117 108 117 118 120 116 115 120 118 113 117 109 2
110 108 134 927 256 109 108 405 421 107 109 103 3
107 102 113 505 112 101 111 282 325 104 109 98 4
102 102 101 98 102 99 103 105 98 100 101 98 5
111 108 109 103 111 103 112 113 107 107 113 103 6
114 107 111 181 130 104 111 231 296 112 113 104 7
93 93 104 258 173 99 100 566 421 102 99 93 8
99 99 107 99 108 95 102 120 114 103 101 93 9
116 107 113 110 111 105 111 118 114 112 113 111 10
114 108 107 106 108 100 107 113 106 104 106 15000 11
Chip#2
100 97 109 102 95 101 101 99 108 104 101 100 0
108 105 108 106 95 103 110 100 112 109 105 106 1
102 103 107 104 95 101 105 99 108 104 97 100 2
103 102 107 107 172 107 99 100 134 132 99 99 3
97 94 103 106 154 104 99 97 138 146 96 96 4
99 97 106 102 101 95 103 99 105 101 96 94 5
97 96 103 98 100 100 102 100 110 99 99 99 6
105 99 108 103 100 102 102 100 118 109 101 100 7
98 96 99 101 100 103 101 96 156 141 90 94 8
104 102 110 106 100 102 108 99 117 112 101 104 9
103 100 107 104 102 103 110 100 105 102 100 104 10
108 100 107 107 100 102 107 99 109 109 101 15000 11
Chip#3
101 94 97 95 99 103 95 99 89 100 98 100 0
103 100 102 100 103 110 101 109 98 105 111 105 1
105 100 99 97 103 109 104 103 99 101 104 100 2
107 106 107 105 112 112 106 113 109 106 109 106 3
106 99 105 102 108 120 101 108 104 106 104 105 4
103 95 101 90 102 104 100 106 94 101 102 98 5
106 95 99 96 98 105 101 108 102 104 107 106 6
103 93 101 104 102 106 102 103 99 101 102 107 7
109 98 103 114 120 115 104 110 111 105 109 105 8
102 99 97 96 103 104 97 104 94 103 97 100 9
102 96 99 97 100 104 101 103 93 105 102 101 10
96 96 93 93 98 101 97 98 94 98 97 15000 11
Chip#4
98 101 105 91 103 104 109 106 103 102 103 96 0
100 100 103 97 102 105 107 108 105 103 103 99 1
102 100 108 105 107 107 121 111 108 107 115 104 2
106 105 112 101 111 112 110 111 113 113 107 101 3
99 93 99 93 100 101 105 105 102 102 103 101 4
100 103 109 101 108 104 109 112 108 107 113 104 5
92 95 93 87 97 96 97 99 98 94 96 91 6
93 89 99 95 102 105 102 103 103 101 103 97 7
100 100 99 97 117 104 106 102 108 111 107 100 8
96 101 105 94 113 106 106 111 108 106 104 107 9
99 96 101 95 102 103 105 102 103 101 106 96 10
98 93 103 94 102 101 103 103 105 102 106 15000 11
