Chip#1
2338 2387 2464 2360 2197 2364 2361 2424 2460 2237 2486 2394 0
2335 2386 2448 2358 2197 2360 2358 2421 2458 2237 2486 2392 1
2337 2386 2448 2357 2181 2360 2358 2422 2458 2221 2470 2392 2
2334 2385 2448 2354 2181 2359 2358 2420 2454 2221 2486 2390 3
2334 2385 2448 2354 2181 2357 2355 2419 2454 2221 2470 2389 4
2333 2384 2448 2353 2181 2357 2354 2418 2453 2221 2470 2388 5
2332 2384 2448 2353 2181 2358 2354 2418 2453 2205 2470 2388 6
2332 2384 2432 2352 2165 2357 2354 2417 2452 2205 2454 2388 7
2332 2384 2448 2354 2181 2358 2355 2418 2454 2205 2470 2388 8
2331 2383 2432 2353 2165 2359 2355 2417 2453 2205 2470 2388 9
2331 2383 2448 2352 2165 2357 2353 2417 2453 2205 2470 2387 10
2334 2385 2464 2354 2181 2358 2355 2419 2454 2221 2486 2390 11
Chip#2
2966 3021 3009 2984 2966 3016 3041 2993 2987 2915 2974 3068 0
2966 3005 2993 2976 2966 3009 3025 3001 2987 2915 2974 3068 1
2950 3021 2977 2976 2883 3005 3025 3001 2971 2915 2870 3052 2
2950 3005 2977 2976 2883 2945 3025 3001 2971 2899 2870 3052 3
2950 3005 2977 2976 2883 2945 3025 3001 2987 2915 2974 3068 4
2966 3021 2993 2976 2883 2945 3025 3001 2987 2915 2870 3068 5
2950 3005 2993 2976 2883 2945 3025 3001 2971 2899 2870 3052 6
2950 2989 2977 2976 2958 2945 3009 3001 3043 2883 2870 3052 7
2950 3005 2977 2976 2958 2945 3025 3001 3043 2899 2870 3052 8
2950 3005 2993 2976 2958 2945 3025 3001 3043 2915 2974 3068 9
2950 3005 2977 2976 2958 2945 3009 3001 3043 2899 2870 3052 10
2950 2989 2977 2976 2958 2945 3009 3001 3043 2899 2870 3052 11
Chip#3
0 1341 1973 0 1589 0 339 1548 1342 1148 1542 0 0
0 1357 1972 0 1605 0 307 1631 1258 1148 1558 0 1
0 1357 1973 0 1621 0 323 1547 1358 1164 1590 0 2
0 1373 1973 0 1637 0 339 1553 1258 1180 1574 0 3
0 1309 1972 0 1589 0 323 1548 1253 1050 1542 0 4
53 1341 1969 0 1557 0 339 1550 1254 1050 1526 0 5
53 1341 1970 0 1605 0 339 1549 1256 1055 1526 0 6
53 1325 1972 0 1605 0 323 1548 1342 1046 1558 0 7
53 1293 1969 0 1589 0 323 1549 1257 1148 1510 0 8
69 1309 1973 0 1589 0 355 1549 1256 1148 1542 0 9
53 1341 1972 0 1589 0 323 1547 1255 1132 1542 0 10
69 1325 1969 0 1573 0 371 1547 1254 1132 1526 0 11
Chip#4
816 334 302 434 557 380 387 271 1097 491 321 819 0
816 271 300 434 589 379 333 271 1099 492 320 819 1
816 335 301 450 589 379 387 273 1098 491 321 817 2
818 271 301 434 589 379 333 273 1098 491 321 822 3
818 271 301 434 573 379 333 271 1098 492 321 819 4
817 271 300 434 589 378 333 269 1099 492 321 819 5
816 271 301 450 589 378 333 271 1098 491 321 819 6
818 335 300 434 589 378 386 273 1099 491 321 819 7
819 271 300 434 573 381 333 271 1098 491 321 821 8
819 271 300 434 605 377 333 271 1102 491 320 824 9
819 271 300 434 589 379 385 270 1101 492 320 820 10
820 271 298 450 605 378 333 272 1099 492 320 822 11
