Chip#1
110 103 103 104 101 112 106 105 101 105 107 98 0
107 99 104 110 98 108 96 106 98 101 107 96 1
108 100 99 107 95 104 102 104 104 99 108 99 2
115 104 107 114 103 116 102 113 106 107 111 102 3
103 95 96 104 93 106 96 105 98 99 101 94 4
107 96 103 104 102 109 101 105 102 102 109 99 5
101 93 99 106 95 106 97 105 96 102 105 96 6
104 106 107 107 103 110 97 108 104 107 110 101 7
106 96 103 110 98 104 105 106 100 106 102 99 8
101 101 103 106 97 106 101 105 101 101 108 96 9
109 104 104 112 102 107 106 114 102 107 110 104 10
107 98 103 106 93 108 96 106 97 103 102 15000 11
Chip#2
108 107 91 98 108 100 102 105 108 97 105 100 0
110 110 99 97 110 102 108 105 101 99 108 104 1
111 107 97 97 106 100 101 107 105 103 104 102 2
104 102 95 90 99 98 100 98 99 93 105 101 3
102 106 95 94 103 101 99 101 99 96 105 101 4
107 103 92 94 106 101 97 105 106 97 106 100 5
101 101 89 93 100 101 102 104 101 92 100 96 6
105 107 99 95 105 102 100 102 105 101 108 100 7
101 101 89 88 102 100 98 100 102 93 102 98 8
110 112 99 101 110 106 105 107 109 103 110 105 9
107 109 93 98 106 101 98 106 103 96 100 101 10
108 107 97 97 106 105 105 105 108 100 107 15000 11
Chip#3
104 108 107 102 108 105 101 101 99 103 110 105 0
109 107 107 101 109 110 106 98 100 101 109 103 1
105 103 107 98 107 103 103 97 102 99 105 100 2
104 105 107 98 107 105 102 101 98 103 107 101 3
103 105 108 99 108 105 103 100 97 103 107 103 4
100 105 103 98 103 104 106 99 103 100 102 105 5
102 108 106 102 105 108 108 100 102 101 105 100 6
103 107 109 102 114 105 103 102 99 103 105 105 7
101 107 107 101 108 105 101 102 103 104 107 103 8
99 99 103 97 104 99 99 98 94 99 104 99 9
98 102 100 96 99 104 97 96 98 95 102 100 10
104 107 105 101 104 105 101 97 97 104 109 15000 11
Chip#4
102 95 101 97 100 108 105 96 107 102 100 102 0
105 101 107 99 105 108 104 103 110 102 109 104 1
101 97 92 94 99 105 100 97 101 95 97 101 2
96 95 93 95 95 99 101 96 98 95 98 95 3
107 106 100 104 102 107 108 105 108 102 105 102 4
108 111 108 106 107 116 113 108 108 106 107 108 5
108 108 99 101 102 108 105 97 108 101 102 102 6
105 100 104 106 106 109 106 101 108 102 105 104 7
107 105 104 106 107 112 106 106 114 104 105 108 8
108 105 109 106 105 110 107 108 110 103 110 107 9
106 104 102 102 102 109 109 101 112 98 107 103 10
104 100 97 101 101 103 103 95 105 99 100 15000 11
