Chip#1
163 227 183 166 310 171 238 253 170 216 117 281 0
163 227 181 161 308 170 235 246 168 210 118 275 1
163 227 178 166 312 172 236 255 166 215 114 271 2
163 227 191 681 417 171 235 529 517 211 114 269 3
99 227 183 471 324 177 235 512 469 216 117 273 4
147 227 177 160 308 168 231 250 166 209 109 269 5
163 227 171 155 306 164 227 242 164 200 110 264 6
163 236 178 371 365 171 236 635 741 214 115 273 7
147 227 193 615 457 170 237 1763 981 214 117 277 8
163 227 175 166 310 166 230 271 191 209 111 266 9
147 227 174 159 307 168 228 250 164 210 112 276 10
163 227 175 159 307 168 232 250 163 210 115 5000 11
Chip#2
65 0 17 0 125 0 116 137 58 35 63 0 0
64 0 18 0 124 10 122 121 42 36 66 0 1
64 0 18 0 121 1 112 137 58 35 63 0 2
59 0 17 0 194 11 117 137 106 138 58 0 3
67 0 19 0 188 14 119 121 106 186 65 0 4
68 0 23 0 129 10 121 137 58 41 66 0 5
64 0 17 0 125 2 109 121 58 37 60 0 6
65 0 17 0 139 0 114 121 90 48 56 0 7
68 0 19 0 183 23 118 137 258 234 60 0 8
69 0 23 0 144 5 118 137 74 138 64 0 9
71 0 23 0 126 6 114 121 42 36 63 0 10
77 0 25 0 133 11 126 137 74 43 69 5000 11
Chip#3
198 223 223 9 143 60 192 126 299 212 194 161 0
198 223 223 15 143 66 192 136 299 212 194 171 1
214 223 239 21 143 69 192 135 310 228 194 166 2
198 207 223 21 143 69 192 142 327 212 194 169 3
198 223 223 18 143 69 192 134 322 212 194 165 4
198 207 223 18 143 72 183 134 307 212 185 170 5
198 223 223 15 143 71 199 135 304 212 204 171 6
198 223 223 23 143 67 199 136 317 228 204 167 7
214 239 239 35 154 75 199 146 323 228 206 174 8
214 239 239 24 154 70 199 137 313 228 203 172 9
198 223 223 9 154 60 199 132 313 212 180 163 10
214 239 239 21 154 72 199 140 315 228 204 5000 11
Chip#4
28 151 166 132 68 189 312 99 249 190 31 52 0
28 150 166 128 65 191 311 99 247 190 28 51 1
34 157 175 138 69 193 316 177 250 190 33 57 2
30 155 164 132 67 191 313 99 248 190 31 52 3
29 152 167 133 65 192 315 99 255 118 34 53 4
28 150 166 133 65 190 312 99 249 114 33 52 5
33 155 172 133 67 195 313 99 248 190 32 54 6
30 149 165 127 64 190 310 83 161 110 31 52 7
35 149 166 133 69 191 309 99 248 190 32 56 8
34 151 166 131 68 189 313 99 250 112 28 54 9
33 155 170 136 67 192 317 181 249 190 34 57 10
34 155 171 133 69 191 316 177 247 190 38 5000 11
Chip#1
163 227 179 160 308 168 232 250 166 212 115 281 0
147 227 175 158 304 170 231 249 164 205 109 272 1
163 227 177 168 313 174 235 249 166 210 115 271 2
147 227 190 683 414 167 227 526 501 206 110 269 3
147 227 181 462 318 171 236 507 469 211 111 273 4
147 227 176 165 312 170 230 251 168 209 110 273 5
147 227 171 161 306 170 233 251 165 206 114 269 6
163 227 177 373 362 173 240 637 741 211 114 275 7
147 227 189 611 457 173 238 1743 975 209 110 271 8
147 227 171 168 310 173 231 271 194 208 110 271 9
147 227 171 159 304 164 232 247 165 204 106 276 10
98 227 174 160 302 167 231 246 163 201 108 15000 11
Chip#2
60 0 17 0 122 0 114 121 42 35 60 0 0
63 0 19 0 127 2 113 121 42 36 63 0 1
65 0 23 0 127 6 118 121 42 41 64 0 2
65 0 17 0 189 9 112 121 90 138 60 0 3
59 0 17 0 183 9 39 121 106 186 63 0 4
61 0 17 0 124 1 112 121 42 35 60 0 5
69 0 25 0 127 6 119 121 58 42 69 0 6
65 0 20 0 149 9 119 137 106 138 69 0 7
63 0 18 0 187 24 113 121 258 234 56 0 8
61 0 17 0 141 0 115 137 74 138 60 0 9
64 0 24 0 119 6 113 121 58 41 65 0 10
68 0 23 0 126 9 122 137 58 42 65 15000 11
Chip#3
198 223 239 24 154 72 199 137 310 228 203 174 0
214 223 239 21 154 68 199 135 309 228 204 166 1
198 223 223 20 154 63 199 131 313 228 204 169 2
214 223 239 117 154 67 199 148 331 228 204 165 3
214 223 239 24 154 74 215 141 331 228 204 172 4
198 223 223 21 154 70 199 132 308 212 204 167 5
214 223 239 23 154 67 199 134 311 228 204 174 6
214 223 239 19 154 64 199 135 309 228 204 165 7
214 239 239 133 156 74 215 140 324 228 204 175 8
214 223 239 117 156 68 199 132 311 228 204 163 9
214 223 239 117 155 68 199 131 311 228 204 170 10
198 223 223 25 155 69 199 140 315 228 203 15000 11
Chip#4
35 157 171 136 70 196 316 99 253 190 37 60 0
35 149 167 134 70 190 316 99 252 190 35 57 1
38 158 170 141 69 193 313 99 252 190 38 56 2
38 161 179 141 78 198 319 185 260 206 38 62 3
38 162 178 142 76 199 321 185 271 206 45 62 4
33 159 168 133 70 195 319 181 256 190 35 60 5
32 156 171 131 70 193 312 99 255 190 33 57 6
36 157 172 134 75 190 316 99 257 190 35 59 7
36 155 171 132 80 193 319 180 258 206 38 54 8
36 158 172 132 72 192 316 99 250 190 33 59 9
36 158 171 136 70 187 315 99 252 190 34 53 10
39 158 176 139 76 196 319 99 252 190 37 15000 11
