Chip#1
102 103 106 103 106 99 107 101 99 103 100 97 0
99 95 99 98 99 98 99 101 96 96 98 92 1
101 96 98 98 97 98 99 96 96 97 94 91 2
98 93 93 105 99 95 96 97 97 95 93 92 3
109 107 106 114 108 106 106 111 108 108 104 99 4
99 100 98 104 100 98 107 105 103 99 99 97 5
111 102 101 107 102 102 104 106 103 102 103 99 6
107 96 101 102 101 96 101 99 99 98 98 97 7
105 106 106 113 107 104 107 111 108 110 103 98 8
112 103 107 105 106 106 109 101 105 107 104 101 9
98 102 99 96 99 96 102 96 101 98 98 92 10
97 96 97 99 94 93 102 97 95 98 96 15000 11
Chip#1
98 94 93 96 97 96 97 96 96 94 93 93 0
106 103 99 103 105 103 106 103 107 104 103 99 1
99 99 96 97 101 98 99 98 96 98 96 89 2
101 100 103 114 104 99 101 107 108 103 100 97 3
107 103 102 114 105 102 104 107 105 103 104 99 4
110 106 106 105 103 103 102 102 104 105 104 98 5
110 104 104 107 107 104 109 102 103 104 103 98 6
107 99 106 105 101 99 102 105 108 100 102 96 7
101 96 96 110 102 97 100 110 107 102 99 93 8
106 103 104 104 103 102 106 102 103 105 103 99 9
105 98 102 101 97 96 97 95 97 98 100 94 10
106 99 98 101 100 97 101 100 104 98 99 15000 11
Chip#1
103 103 102 103 105 101 106 102 104 103 98 103 0
102 99 99 101 95 98 100 100 101 102 95 96 1
102 95 94 96 96 95 99 95 97 97 94 94 2
95 90 102 453 151 88 91 223 233 90 87 82 3
98 102 106 280 104 104 104 186 215 104 96 96 4
106 100 101 101 102 104 105 102 108 105 99 98 5
111 109 107 110 108 109 114 107 109 109 102 107 6
107 98 104 202 127 104 101 165 206 105 100 96 7
105 102 108 331 202 99 100 374 279 104 99 99 8
98 94 96 102 93 93 95 105 105 99 93 91 9
102 103 96 99 101 97 99 102 100 100 100 98 10
99 95 101 98 94 102 100 96 99 100 95 15000 11
Chip#1
107 104 101 100 97 98 97 99 101 97 96 98 0
103 96 96 98 95 93 101 97 99 98 94 89 1
106 103 104 104 101 97 105 106 104 104 96 98 2
102 103 118 659 193 103 101 305 325 104 95 94 3
107 104 107 386 110 103 102 237 268 102 103 97 4
109 105 104 107 102 106 107 106 104 107 100 98 5
111 107 106 107 105 108 107 106 108 107 104 99 6
110 105 111 263 148 107 112 213 278 105 104 104 7
106 100 115 452 256 104 101 526 378 104 96 99 8
105 102 103 110 102 102 104 121 116 104 96 97 9
99 100 102 101 96 98 99 97 97 98 96 96 10
110 100 103 105 99 102 104 102 104 102 100 15000 11
Chip#1
109 102 99 99 100 98 97 97 100 103 99 102 0
106 103 99 102 100 97 102 101 99 103 99 99 1
103 96 99 103 101 99 99 99 103 100 99 101 2
114 107 130 792 230 108 112 354 388 113 110 107 3
101 99 103 440 103 98 101 261 304 99 99 98 4
109 104 106 107 105 109 109 106 107 109 106 103 5
106 98 103 105 102 102 105 102 103 105 100 101 6
107 98 103 289 154 98 104 229 305 103 99 102 7
103 102 112 518 290 101 106 610 437 100 98 97 8
110 112 106 120 108 104 109 125 124 108 110 104 9
109 103 106 104 107 104 106 106 107 102 107 101 10
122 109 115 114 110 109 111 112 108 114 114 15000 11
Chip#1
114 105 106 104 102 103 105 102 103 104 104 102 0
115 108 107 107 106 107 107 107 109 105 103 107 1
109 105 107 105 107 101 106 106 105 108 106 101 2
109 99 126 863 234 102 105 381 410 103 98 99 3
106 100 110 471 110 107 106 281 327 103 100 97 4
105 102 104 104 108 99 105 106 100 103 96 98 5
107 104 104 108 105 102 111 110 107 107 106 103 6
103 99 106 305 162 99 104 241 327 103 98 99 7
103 102 117 565 325 101 104 677 471 105 100 97 8
112 107 107 121 110 108 114 127 124 108 104 102 9
111 104 104 107 106 103 105 110 100 104 100 102 10
115 104 101 102 105 106 106 102 101 102 102 15000 11
