Chip#1
104 110 107 107 107 106 106 108 111 102 100 100 0 167 120 167 23
96 98 100 99 101 98 105 102 100 98 93 98 1 0 0 0 0
103 100 104 110 104 104 115 104 109 111 101 99 2 0 0 0 0
103 102 102 106 102 101 106 104 105 106 97 99 3 0 0 0 0
107 107 106 109 109 106 110 107 114 105 104 110 4 0 0 0 0
107 107 107 112 107 108 112 107 113 107 104 100 5 0 0 0 0
99 99 100 101 103 97 106 100 104 101 96 100 6 0 0 0 0
95 98 98 99 100 100 100 101 101 93 93 93 7 0 0 0 0
102 98 104 109 103 102 106 102 105 97 96 100 8 0 0 0 0
104 100 103 106 102 107 106 105 106 95 99 98 9 0 0 0 0
99 103 101 106 102 101 105 103 101 98 95 97 10 0 0 0 0
101 99 103 100 103 102 103 104 106 95 99 15000 11 0 0 0 0
Chip#2
103 106 100 104 99 100 100 102 96 100 99 100 0 233 128 150 23
109 111 105 111 111 106 108 109 101 109 105 107 1 0 0 0 0
103 100 98 99 102 99 98 98 92 98 96 100 2 0 0 0 0
108 109 104 103 110 102 105 104 98 103 103 105 3 0 0 0 0
103 106 102 105 104 99 104 103 98 105 99 103 4 0 0 0 0
101 102 98 101 105 96 99 101 93 98 95 98 5 0 0 0 0
106 107 104 108 107 101 101 102 101 107 105 106 6 0 0 0 0
103 107 105 106 107 104 106 105 98 105 104 106 7 0 0 0 0
96 98 94 97 100 96 98 98 90 95 95 96 8 0 0 0 0
103 103 100 100 105 99 100 103 96 103 99 101 9 0 0 0 0
101 103 93 98 104 97 99 101 94 103 100 102 10 0 0 0 0
101 96 93 95 96 97 95 96 93 100 94 15000 11 0 0 0 0
Chip#1
101 102 103 99 104 102 103 104 106 99 96 99 0 166 120 124 23
99 98 105 106 104 101 110 109 109 103 100 102 1 0 0 0 0
103 103 107 111 103 109 123 107 110 122 97 96 2 0 0 0 0
98 104 105 109 105 109 114 110 109 112 101 97 3 0 0 0 0
97 99 98 100 95 101 104 103 100 98 95 97 4 0 0 0 0
96 94 105 104 96 101 107 103 104 105 90 93 5 0 0 0 0
104 104 104 109 104 109 111 110 110 110 102 103 6 0 0 0 0
96 95 99 99 98 98 100 100 103 97 90 93 7 0 0 0 0
99 99 105 109 102 107 107 102 105 95 94 96 8 0 0 0 0
96 97 100 99 105 101 102 100 104 91 94 96 9 0 0 0 0
102 109 103 109 105 103 108 105 109 107 102 98 10 0 0 0 0
101 104 103 104 103 106 105 103 106 98 97 15000 11 0 0 0 0
Chip#2
103 103 102 103 104 100 102 103 98 104 100 103 0 233 128 165 23
112 106 100 106 104 102 105 102 102 103 103 103 1 0 0 0 0
93 92 89 90 95 89 89 91 90 93 90 94 2 0 0 0 0
109 110 105 108 112 110 107 107 105 109 106 110 3 0 0 0 0
102 102 98 105 106 99 98 98 93 100 98 98 4 0 0 0 0
101 101 95 100 101 96 95 98 94 99 95 98 5 0 0 0 0
102 102 98 103 101 97 99 102 96 101 98 101 6 0 0 0 0
97 101 99 99 100 97 100 101 92 101 100 97 7 0 0 0 0
107 103 105 104 110 104 104 107 99 105 101 106 8 0 0 0 0
113 112 109 111 110 107 110 108 107 110 109 110 9 0 0 0 0
103 103 102 103 103 101 104 104 100 103 104 101 10 0 0 0 0
107 105 105 105 103 102 102 105 102 104 105 15000 11 0 0 0 0
Chip#1
102 104 98 100 98 98 103 103 104 94 96 100 0 167 120 102 23
104 104 128 140 108 124 153 107 119 149 106 103 1 0 0 0 0
104 102 345 441 110 357 631 131 275 657 173 103 2 0 0 0 0
98 99 156 194 104 177 283 107 166 356 116 97 3 0 0 0 0
102 102 114 115 111 109 115 103 111 110 100 99 4 0 0 0 0
96 93 301 311 104 229 335 108 213 409 115 92 5 0 0 0 0
104 102 175 183 105 168 229 110 175 313 114 100 6 0 0 0 0
97 97 105 105 102 103 106 102 100 101 95 98 7 0 0 0 0
95 100 278 294 102 223 266 108 106 102 95 98 8 0 0 0 0
101 99 205 197 105 223 264 108 106 95 100 96 9 0 0 0 0
98 98 99 98 101 101 103 100 106 95 94 94 10 0 0 0 0
105 105 107 106 109 106 111 109 108 107 105 15000 11 0 0 0 0
Chip#2
106 107 100 101 107 97 98 100 96 100 99 101 0 233 128 151 23
108 110 105 108 112 109 105 106 104 111 109 107 1 0 0 0 0
99 100 94 95 96 95 93 94 91 99 94 96 2 0 0 0 0
112 111 113 150 129 110 153 137 107 132 143 110 3 0 0 0 0
98 100 103 174 140 97 156 137 92 126 128 100 4 0 0 0 0
103 105 99 113 108 97 106 104 99 104 101 105 5 0 0 0 0
101 102 95 114 112 99 153 157 96 146 191 101 6 0 0 0 0
102 106 104 156 140 105 239 248 101 192 266 113 7 0 0 0 0
106 109 105 115 114 101 117 117 100 111 116 105 8 0 0 0 0
99 97 95 97 100 96 125 143 92 128 170 101 9 0 0 0 0
104 103 105 101 105 102 208 260 106 182 285 126 10 0 0 0 0
104 105 105 103 111 105 120 135 100 112 127 15000 11 0 0 0 0
Chip#1
107 104 99 105 104 104 102 108 108 102 100 111 0 168 120 145 23
98 102 137 158 102 127 174 105 119 173 104 102 1 0 0 0 0
103 103 498 653 117 513 983 148 375 1029 211 105 2 0 0 0 0
107 105 200 270 114 234 411 120 217 517 138 106 3 0 0 0 0
108 104 117 121 105 110 119 109 113 114 101 104 4 0 0 0 0
101 98 437 440 101 314 493 116 287 596 138 97 5 0 0 0 0
102 99 227 227 102 208 308 104 219 460 120 99 6 0 0 0 0
102 99 104 107 109 104 107 103 104 102 96 94 7 0 0 0 0
104 109 403 401 110 314 375 111 114 107 107 105 8 0 0 0 0
103 107 275 262 103 302 362 109 108 103 101 105 9 0 0 0 0
93 98 97 94 100 95 103 100 100 99 93 97 10 0 0 0 0
103 103 97 100 100 98 102 100 101 95 95 15000 11 0 0 0 0
Chip#2
113 115 110 109 111 107 111 109 105 111 105 111 0 230 128 238 23
107 110 108 103 108 104 102 103 101 106 103 106 1 0 0 0 0
108 105 105 103 107 101 105 103 98 104 104 103 2 0 0 0 0
104 107 110 180 135 105 179 162 101 145 159 106 3 0 0 0 0
107 110 120 243 181 107 210 184 102 157 165 110 4 0 0 0 0
99 101 99 114 105 94 105 100 95 100 95 98 5 0 0 0 0
97 102 100 130 117 102 206 204 95 186 277 110 6 0 0 0 0
104 105 113 202 167 107 382 386 106 282 399 122 7 0 0 0 0
107 102 103 119 111 101 128 123 96 109 118 101 8 0 0 0 0
106 109 105 104 106 102 157 186 99 156 247 113 9 0 0 0 0
106 100 103 103 102 99 320 405 112 243 424 143 10 0 0 0 0
99 97 100 100 99 100 125 151 98 111 143 15000 11 0 0 0 0
Chip#1
115 105 100 104 102 101 106 105 108 105 100 109 0 165 120 155 23
99 98 146 167 97 132 194 105 114 190 101 99 1 0 0 0 0
107 105 610 822 122 629 1227 159 448 1285 240 105 2 0 0 0 0
103 104 216 305 108 266 488 116 243 630 143 103 3 0 0 0 0
104 105 118 123 104 112 121 108 113 116 102 104 4 0 0 0 0
99 103 518 537 105 377 600 120 336 741 149 102 5 0 0 0 0
102 98 253 260 104 235 356 105 257 542 125 98 6 0 0 0 0
101 103 107 112 104 104 107 104 106 99 100 93 7 0 0 0 0
111 109 483 478 112 369 442 116 114 109 106 110 8 0 0 0 0
105 103 325 305 105 358 428 112 110 101 99 108 9 0 0 0 0
103 102 105 105 103 104 106 104 105 95 96 97 10 0 0 0 0
105 99 100 104 102 101 106 105 104 101 99 15000 11 0 0 0 0
Chip#2
109 107 105 106 106 102 100 107 101 100 101 105 0 232 128 182 23
111 110 109 105 107 107 106 109 102 105 104 106 1 0 0 0 0
106 107 102 103 103 104 99 104 98 107 101 105 2 0 0 0 0
109 109 114 216 151 107 212 184 105 165 189 110 3 0 0 0 0
107 112 131 327 212 114 256 222 106 185 193 112 4 0 0 0 0
106 106 107 127 115 104 113 110 102 107 104 106 5 0 0 0 0
102 103 104 144 125 104 247 253 100 225 347 114 6 0 0 0 0
102 105 117 263 196 111 486 492 107 349 522 133 7 0 0 0 0
104 109 103 130 116 106 134 135 99 111 131 101 8 0 0 0 0
103 105 104 103 107 102 180 227 104 183 303 116 9 0 0 0 0
103 102 100 103 105 101 395 523 118 314 560 161 10 0 0 0 0
106 102 104 103 101 104 141 175 101 120 162 15000 11 0 0 0 0
Chip#1
115 108 100 105 109 104 110 105 108 105 104 109 0 167 120 177 23
105 102 158 189 109 142 218 109 122 212 106 103 1 0 0 0 0
104 107 689 911 123 707 1396 165 497 1446 262 108 2 0 0 0 0
101 100 234 333 107 284 540 113 257 717 147 97 3 0 0 0 0
103 100 125 129 110 113 126 109 111 120 101 104 4 0 0 0 0
104 104 586 597 117 419 677 129 374 831 160 104 5 0 0 0 0
97 98 271 294 103 255 391 107 273 590 122 93 6 0 0 0 0
111 115 118 122 117 115 123 115 118 114 107 110 7 0 0 0 0
102 109 527 528 108 405 491 115 113 103 102 105 8 0 0 0 0
102 102 353 329 105 393 471 110 106 97 95 102 9 0 0 0 0
110 110 104 106 110 107 113 110 106 109 100 104 10 0 0 0 0
102 99 101 102 104 101 107 103 105 97 95 15000 11 0 0 0 0
Chip#2
107 109 100 101 106 100 100 100 95 100 98 105 0 232 128 157 23
102 105 98 99 100 99 100 94 95 98 95 97 1 0 0 0 0
109 110 103 106 107 104 108 105 105 107 104 108 2 0 0 0 0
103 105 114 238 157 107 240 200 102 179 203 107 3 0 0 0 0
101 107 124 368 233 107 301 238 100 197 206 107 4 0 0 0 0
107 111 107 133 116 105 117 109 102 109 106 103 5 0 0 0 0
108 105 105 157 136 106 301 307 105 266 409 118 6 0 0 0 0
109 111 124 304 214 121 595 606 113 411 622 147 7 0 0 0 0
104 105 103 132 118 105 141 144 101 117 133 103 8 0 0 0 0
101 107 103 100 103 102 195 246 102 194 345 118 9 0 0 0 0
109 107 102 105 108 101 467 639 128 360 668 177 10 0 0 0 0
110 112 109 108 110 109 153 196 106 129 183 15000 11 0 0 0 0
