Chipdp
65 100 200 4 4 6 9 7 3 7 4 7 5 8 3 8 4 8 5 9 3 9 4 9 5 9 7 7 7 8 7 9 8 7 8 8 8 9 9 7 9 8 9 9 9 3 3 3 4 3 5 4 3 4 4 4 5 5 3 5 4 5 5 9 3 7 3 8 3 9 4 7 4 8 4 9 5 7 5 8 5 9 9 7 3 7 4 7 5 8 3 8 4 8 5 9 3 9 4 9 5 9 7 7 7 8 7 9 8 7 8 8 8 9 9 7 9 8 9 9 9 3 3 3 4 3 5 4 3 4 4 4 5 5 3 5 4 5 5 9 3 7 3 8 3 9 4 7 4 8 4 9 5 7 5 8 5 9 9 4 2 4 3 4 4 6 2 6 3 6 4 5 2 5 3 5 4 9 4 7 4 8 4 9 5 7 5 8 5 9 6 7 6 8 6 9 9 8 2 8 3 8 4 9 2 9 3 9 4 10 2 10 3 10 4 9 8 7 8 8 8 9 9 7 9 8 9 9 10 7 10 8 10 9 9 4 3 4 4 4 5 5 3 5 4 5 5 6 3 6 4 6 5 9 4 7 4 8 4 9 5 7 5 8 5 9 6 7 6 8 6 9 9 8 3 8 4 8 5 9 3 9 4 9 5 10 3 10 4 10 5 9 8 7 8 8 8 9 9 7 9 8 9 9 10 7 10 8 10 9 
Chip#1
106 108 99 102 100 95 102 101 98 101 105 106 0
110 103 103 101 103 103 102 102 107 108 103 103 1
108 101 104 107 103 100 106 103 105 104 103 102 2
110 105 118 685 205 98 101 307 337 100 103 98 3
103 101 108 378 109 99 103 228 262 103 98 102 4
110 108 111 104 103 108 108 107 102 103 103 106 5
104 107 111 107 103 105 112 107 111 107 110 102 6
106 106 111 249 149 106 108 221 301 109 107 104 7
112 108 122 423 256 106 112 535 383 112 109 106 8
107 108 107 110 105 100 108 117 114 102 102 99 9
108 101 104 102 105 101 107 105 99 106 103 102 10
112 105 106 99 108 101 103 107 107 103 107 15000 11
Chip#1
114 108 111 108 107 103 110 108 106 107 107 111 0
116 107 111 109 108 105 107 110 111 107 110 107 1
108 108 107 108 107 100 107 110 107 107 109 106 2
102 98 117 684 203 98 95 314 338 100 98 96 3
110 108 108 385 112 105 110 232 263 108 106 102 4
112 108 112 107 111 105 112 112 114 108 111 108 5
101 99 104 106 107 98 108 103 105 103 103 99 6
103 98 102 251 146 98 103 225 301 100 99 98 7
112 106 118 429 252 105 111 544 389 111 106 104 8
101 101 101 102 101 98 101 110 111 101 99 95 9
115 108 111 107 107 104 103 113 110 108 110 103 10
115 108 107 107 106 105 110 111 106 107 106 15000 11
