Chip#1
0 57 33 0 0 35 0 0 0 0 28 135 0
0 43 33 0 0 43 0 0 0 0 44 127 1
0 54 289 297 0 321 538 7 123 474 92 133 2
0 48 64 55 0 129 226 0 31 202 44 130 3
0 48 33 55 0 157 154 0 31 202 28 129 4
0 51 33 55 0 39 154 0 68 234 44 131 5
0 47 33 55 0 35 154 0 37 89 44 131 6
0 53 33 55 0 33 154 0 37 87 28 133 7
0 50 33 55 0 41 154 0 0 89 28 128 8
0 50 33 55 0 35 154 0 0 84 28 127 9
0 48 33 55 0 29 154 0 0 83 28 136 10
0 50 33 55 0 31 154 0 0 91 44 15000 11
Chip#2
176 0 74 96 6 237 68 143 138 251 104 0 0
178 0 74 95 4 237 72 140 138 257 105 0 1
179 0 78 101 9 237 73 145 139 259 108 0 2
181 0 81 199 46 237 138 216 144 283 149 0 3
179 3 92 264 84 237 170 216 142 283 149 0 4
177 0 79 117 14 237 82 145 142 258 110 0 5
171 0 74 132 28 237 73 143 137 253 107 0 6
177 1 89 226 81 237 78 152 139 260 114 0 7
177 1 77 124 18 237 74 144 142 259 108 0 8
182 3 80 103 13 237 78 147 146 260 113 0 9
184 4 77 103 12 237 82 152 144 263 120 0 10
176 3 79 98 8 237 74 143 139 254 104 15000 11
Chip#1
0 54 33 55 0 38 154 0 0 95 44 139 0
0 53 33 5 0 57 89 0 0 130 44 134 1
0 54 289 296 0 323 538 2 123 474 92 135 2
0 47 69 52 0 129 226 0 31 202 60 129 3
0 49 136 52 0 35 154 0 31 202 44 131 4
0 52 33 52 0 43 154 0 75 234 60 134 5
0 50 33 52 0 40 154 0 39 95 60 134 6
0 52 33 52 0 34 154 0 0 90 28 132 7
0 46 33 52 0 37 154 0 0 90 44 129 8
0 47 33 52 0 37 154 0 0 89 28 131 9
0 55 33 52 0 39 154 0 0 96 44 140 10
0 42 33 52 0 29 154 0 0 86 28 15000 11
Chip#2
178 0 75 94 9 237 76 135 138 254 104 0 0
177 0 73 92 1 237 71 138 133 252 102 0 1
181 4 77 101 9 237 78 142 141 258 110 0 2
178 0 89 199 44 237 138 216 141 283 201 0 3
175 2 95 269 92 237 186 216 141 291 206 0 4
184 6 86 119 18 237 88 153 145 262 112 0 5
179 3 84 136 28 237 78 148 141 260 114 0 6
171 0 85 220 75 237 73 144 134 257 111 0 7
177 5 141 119 18 237 74 146 136 259 106 0 8
178 3 141 98 9 237 78 147 141 259 108 0 9
181 1 141 100 11 237 74 146 139 259 115 0 10
180 0 77 98 9 237 78 148 140 256 109 15000 11
