Chip#1
97 105 99 102 102 104 102 96 104 100 98 99 0
105 102 104 103 104 101 111 102 106 105 101 101 1
99 100 126 132 100 129 163 109 126 159 107 95 2
96 97 102 101 94 101 119 98 103 126 95 92 3
93 88 94 92 89 94 97 97 96 96 92 90 4
103 100 106 103 98 104 100 103 114 136 98 95 5
93 96 100 96 91 99 98 100 102 120 96 95 6
95 97 98 96 101 93 100 98 99 99 94 89 7
98 100 102 102 100 97 106 97 98 101 97 98 8
97 100 103 99 101 100 104 98 99 95 95 98 9
93 94 97 99 95 95 99 95 97 96 92 93 10
97 97 100 96 100 93 98 96 98 93 96 15000 11
Chip#2
105 98 104 104 104 97 100 97 104 102 102 103 0
105 103 105 104 102 99 102 102 104 102 100 101 1
102 99 98 102 100 93 96 99 96 99 96 96 2
102 101 100 101 101 93 104 100 100 102 101 101 3
105 99 100 108 102 97 111 105 100 105 104 98 4
104 106 100 100 101 101 98 100 102 101 100 104 5
106 103 104 105 104 99 104 103 102 107 102 104 6
105 101 105 107 102 98 101 98 99 105 104 104 7
103 97 100 102 99 94 96 98 99 102 101 99 8
105 103 104 103 105 97 101 100 100 103 99 104 9
99 95 95 97 96 93 94 93 96 96 94 95 10
107 108 106 108 105 99 106 102 104 107 104 15000 11
Chip#1
98 96 98 93 96 97 97 97 97 92 93 95 0
93 96 107 110 96 101 122 98 99 117 93 98 1
93 94 215 263 97 236 389 112 174 351 125 92 2
108 100 132 149 103 148 206 103 136 222 109 100 3
104 101 102 98 100 99 107 108 101 103 98 100 4
90 91 96 92 89 89 98 90 147 238 100 85 5
102 100 100 99 101 97 104 100 133 206 100 96 6
104 102 100 97 103 99 101 104 102 100 100 96 7
98 96 108 104 96 98 108 103 101 99 97 94 8
98 104 102 99 101 101 105 101 100 96 101 99 9
98 96 102 99 98 98 99 97 99 97 94 98 10
108 102 106 104 107 98 108 104 103 104 102 15000 11
Chip#2
115 113 114 110 107 106 110 102 108 105 112 111 0
100 97 99 96 95 91 98 92 96 93 97 96 1
109 101 100 107 101 96 102 103 99 103 105 105 2
109 106 114 200 140 106 235 188 105 170 193 112 3
101 103 124 297 182 104 283 220 96 182 191 103 4
101 98 100 117 101 94 106 95 99 97 102 96 5
106 105 109 141 123 103 106 106 104 109 110 106 6
97 97 106 217 170 91 100 97 94 102 106 95 7
103 104 106 124 116 103 104 104 102 103 105 101 8
105 101 103 104 102 98 104 102 98 101 104 103 9
102 103 100 103 102 98 105 109 98 101 109 100 10
106 100 104 102 101 94 101 100 100 103 106 15000 11
Chip#1
105 99 102 97 96 98 98 102 104 95 101 102 0
95 94 108 118 95 106 129 101 100 121 95 93 1
101 100 244 298 104 264 447 116 194 413 137 95 2
95 92 127 148 96 148 217 96 138 254 103 95 3
102 105 99 104 105 97 104 98 102 103 97 96 4
100 96 107 106 101 100 111 101 164 254 107 95 5
108 102 108 102 104 104 111 107 145 222 107 100 6
103 99 104 96 103 99 108 102 103 99 94 95 7
101 99 105 106 100 98 105 103 102 97 94 93 8
98 102 107 101 102 97 106 103 103 95 96 96 9
96 95 99 98 98 95 100 96 98 95 96 94 10
92 94 95 92 94 91 94 90 94 95 92 15000 11
Chip#2
104 104 99 102 99 93 100 95 99 99 100 100 0
101 100 98 92 95 96 96 92 98 96 95 101 1
106 101 100 104 101 101 104 100 101 101 104 106 2
104 101 115 229 150 109 283 213 100 190 216 106 3
101 106 131 351 212 113 361 266 104 204 233 109 4
106 103 103 125 106 103 114 102 100 104 105 104 5
105 101 106 151 127 101 106 103 102 103 105 104 6
102 100 119 288 200 99 110 109 99 103 110 103 7
107 108 110 135 123 107 110 105 104 105 107 110 8
104 101 100 105 101 102 100 104 101 101 105 103 9
110 105 107 109 106 104 110 114 106 111 120 110 10
104 95 99 103 97 94 101 102 101 101 101 15000 11
Chip#1
108 105 98 101 98 100 104 101 101 103 102 102 0
103 96 115 126 102 115 134 102 107 128 103 96 1
95 94 264 328 98 291 504 116 204 462 139 95 2
95 96 133 163 95 159 242 98 138 263 107 94 3
96 94 95 98 98 91 98 97 98 97 94 94 4
98 94 105 106 96 98 109 98 173 280 112 93 5
97 95 99 101 101 99 107 102 149 238 102 93 6
101 104 102 101 105 103 101 105 107 100 101 96 7
98 100 109 107 97 99 101 100 102 100 96 99 8
105 106 114 109 103 108 113 104 107 109 101 102 9
98 97 102 99 100 99 102 102 101 99 93 99 10
105 104 105 103 103 98 105 105 101 104 101 15000 11
Chip#2
103 100 101 98 100 94 99 97 98 98 100 103 0
113 109 107 105 105 101 102 103 105 107 110 106 1
102 95 99 100 91 93 93 95 94 99 97 98 2
104 98 111 258 146 103 305 216 96 189 227 100 3
104 109 138 368 224 114 378 292 104 212 238 109 4
103 96 103 124 105 96 108 102 99 96 102 104 5
107 103 106 157 128 101 107 105 98 104 109 104 6
105 99 116 298 208 99 110 109 102 104 116 98 7
103 100 105 135 114 101 101 98 105 98 105 103 8
105 104 106 102 105 103 106 105 104 101 107 106 9
106 103 105 107 102 99 108 109 106 104 116 109 10
110 105 106 108 105 101 105 100 102 101 106 15000 11
Chip#1
98 99 96 96 97 98 101 94 100 93 95 100 0
98 99 118 120 105 108 132 104 102 128 97 93 1
102 101 277 332 108 299 517 124 235 478 153 99 2
106 109 149 175 104 169 252 107 152 273 122 107 3
97 101 104 101 102 101 106 101 104 100 97 92 4
98 102 107 104 101 101 112 103 175 282 112 99 5
98 94 103 101 98 93 100 98 147 238 103 93 6
102 100 104 98 103 99 101 102 100 93 102 95 7
101 97 111 106 98 104 102 100 103 99 100 98 8
97 99 108 101 100 100 107 101 103 97 92 95 9
109 105 111 103 103 106 111 108 109 103 96 102 10
97 96 100 93 95 94 100 96 100 92 95 15000 11
Chip#2
111 103 111 110 105 102 105 98 102 105 109 105 0
105 101 98 102 100 94 102 102 100 101 99 99 1
101 93 99 98 100 99 94 96 95 99 102 101 2
106 103 120 260 153 107 314 225 104 196 240 111 3
105 104 138 370 224 114 380 293 105 213 246 109 4
105 100 105 128 111 102 116 104 101 105 106 108 5
111 108 115 165 139 107 113 109 110 110 115 111 6
100 99 119 304 206 101 105 106 100 103 116 100 7
104 98 101 131 116 101 98 97 99 96 102 100 8
101 99 101 100 101 98 100 99 93 103 102 99 9
109 104 104 107 106 102 107 111 104 110 115 109 10
104 98 104 102 99 97 101 97 96 99 101 15000 11
