Chip#1
357 420 458 370 329 399 404 351 436 313 425 377 0
374 413 461 384 345 405 408 337 436 332 421 375 1
379 421 468 391 348 407 407 355 452 335 441 378 2
381 419 449 390 350 407 408 340 439 318 445 377 3
382 421 462 387 350 387 409 338 439 317 428 377 4
381 400 458 369 349 387 411 336 437 316 424 377 5
370 403 461 371 348 409 413 341 439 305 428 381 6
369 423 451 371 337 390 415 343 457 305 446 381 7
380 419 448 383 336 410 413 358 459 321 447 384 8
383 420 448 390 349 408 411 359 457 319 446 379 9
604 640 685 586 514 551 564 489 582 433 558 510 10
385 420 463 386 350 405 428 355 458 317 444 381 11
Chip#2
468 502 428 507 505 537 478 485 468 370 431 507 0
463 484 411 492 488 537 461 474 468 381 428 489 1
465 505 427 488 491 537 463 472 468 370 426 502 2
456 507 425 505 491 553 465 490 465 373 416 502 3
479 500 426 508 505 553 465 490 482 388 445 501 4
462 483 425 508 490 553 476 469 478 371 428 486 5
459 484 426 486 487 537 458 475 466 373 426 487 6
459 485 404 492 469 537 441 468 462 353 408 482 7
457 480 409 483 483 537 460 469 477 369 428 486 8
478 505 424 508 484 537 477 485 475 390 426 501 9
459 484 406 485 487 537 437 467 461 353 410 493 10
462 487 408 491 489 537 452 448 460 352 406 480 11
Chip#3
335 417 410 226 295 263 367 327 263 317 306 306 0
333 434 412 242 312 281 368 327 262 334 324 324 1
348 442 425 240 324 276 382 344 277 347 334 335 2
332 426 409 224 308 276 365 324 262 330 313 318 3
332 425 411 242 307 278 382 342 275 332 318 304 4
336 433 431 258 309 280 370 345 283 337 323 321 5
332 428 411 242 306 280 368 327 279 334 318 317 6
335 416 412 244 292 280 382 327 280 332 318 319 7
337 416 412 245 316 280 371 347 282 335 306 307 8
321 419 412 246 312 282 370 344 267 334 307 308 9
349 447 408 241 308 282 383 325 278 331 318 316 10
341 437 416 248 314 284 374 347 283 337 325 326 11
Chip#4
304 294 194 236 206 300 246 241 257 200 311 282 0
319 276 194 235 205 285 250 240 256 198 293 272 1
302 276 206 214 189 279 246 238 270 179 303 285 2
302 272 206 233 202 302 248 251 269 192 303 281 3
316 292 223 231 219 296 264 255 266 196 306 281 4
317 292 192 231 204 300 264 255 267 197 293 280 5
303 281 197 235 197 286 253 246 270 198 292 284 6
318 296 213 237 210 290 269 244 257 196 288 282 7
320 316 229 255 209 310 285 279 274 216 312 289 8
311 293 209 231 210 302 269 243 269 195 304 281 9
317 291 211 236 208 289 269 265 256 220 307 301 10
304 297 210 237 212 288 269 271 283 219 312 302 11
Chip#1
355 415 460 369 328 386 392 351 451 312 403 356 0
359 414 461 369 328 388 389 337 436 313 418 357 1
382 408 453 392 332 389 392 340 442 316 425 377 2
378 420 468 390 348 405 409 355 453 314 425 374 3
383 418 462 386 347 390 408 355 454 315 423 376 4
369 400 449 372 332 392 394 357 456 316 424 376 5
382 420 462 388 349 407 408 358 475 334 440 393 6
368 402 450 370 350 389 413 340 458 315 425 378 7
380 400 463 380 347 388 410 358 457 318 425 378 8
369 418 448 387 347 405 408 338 453 315 422 376 9
369 423 449 373 345 388 410 355 455 314 424 375 10
368 403 462 369 346 390 412 359 455 313 426 377 11
Chip#2
459 507 430 505 488 537 465 489 468 383 433 504 0
462 508 429 492 489 537 464 492 466 375 436 504 1
457 486 410 486 484 537 467 474 459 364 430 487 2
439 484 406 484 469 537 461 469 456 368 427 482 3
456 482 421 488 482 537 456 488 477 378 422 504 4
460 483 408 487 488 537 463 474 457 366 428 486 5
459 481 408 490 485 537 458 473 478 382 429 494 6
435 483 411 491 484 537 461 468 459 368 425 483 7
462 504 426 493 486 537 463 473 477 373 416 488 8
450 483 401 481 477 521 452 459 450 377 403 492 9
438 482 404 469 464 521 438 448 450 359 409 473 10
462 505 422 485 487 537 451 476 453 360 424 493 11
Chip#3
332 428 409 243 307 280 371 327 260 335 304 319 0
332 427 408 254 306 280 370 327 260 333 304 317 1
335 416 412 245 309 280 371 348 263 321 306 306 2
334 426 408 224 307 264 368 325 259 334 315 313 3
320 429 409 243 309 281 371 346 263 335 305 319 4
335 426 406 243 307 281 369 327 261 333 319 315 5
330 424 406 241 319 281 383 326 257 331 315 317 6
330 407 406 240 303 262 352 325 257 333 314 314 7
336 432 413 246 312 283 374 349 283 339 323 324 8
313 407 387 236 301 267 364 324 257 329 297 297 9
313 407 388 237 289 267 365 307 247 314 296 294 10
333 429 410 225 289 264 371 325 264 333 319 319 11
Chip#4
288 299 207 239 198 272 242 250 257 203 295 280 0
288 274 187 212 199 276 242 253 241 187 283 281 1
313 306 223 229 217 292 258 260 278 195 314 296 2
297 288 206 233 201 280 245 251 246 189 298 278 3
288 295 198 225 193 300 251 244 267 199 303 285 4
318 292 210 233 221 297 267 264 264 194 301 301 5
315 294 213 236 223 319 267 263 264 195 302 299 6
297 293 203 232 202 298 267 263 266 192 301 282 7
317 314 216 239 211 291 267 260 271 201 288 288 8
317 312 214 241 210 319 283 283 285 211 308 302 9
305 299 217 243 216 311 283 276 276 219 308 291 10
319 314 211 255 209 306 283 284 274 214 309 303 11
Chip#1
355 400 458 385 345 399 404 353 451 312 420 373 0
357 413 442 383 327 386 390 338 436 300 406 356 1
359 402 463 369 343 388 406 354 455 304 422 378 2
377 418 462 388 347 406 407 355 454 316 422 377 3
364 404 445 373 333 390 411 342 438 319 424 378 4
381 401 462 389 334 389 412 358 458 319 425 383 5
361 401 458 380 347 388 408 356 436 317 425 379 6
362 403 463 368 334 389 409 342 437 317 424 378 7
361 415 460 368 348 388 408 359 456 317 424 379 8
368 431 464 388 350 410 409 359 458 320 442 376 9
368 420 449 372 332 389 408 343 456 319 425 378 10
372 420 450 373 336 409 413 361 458 318 445 382 11
Chip#2
461 507 429 487 484 521 463 471 462 353 418 488 0
444 489 405 465 465 521 438 449 460 353 414 488 1
460 502 428 483 485 537 475 470 474 380 423 498 2
459 507 428 487 490 537 460 492 476 371 417 506 3
452 509 419 481 481 537 456 466 473 378 420 497 4
456 503 430 486 487 537 461 470 461 383 430 486 5
457 499 426 485 483 537 456 478 476 380 424 484 6
475 515 417 506 482 553 475 494 477 382 441 498 7
455 502 413 486 488 537 457 472 475 368 434 485 8
455 500 404 482 483 537 454 479 451 380 423 492 9
459 503 404 488 485 537 450 479 476 382 425 489 10
458 505 423 485 480 537 451 477 453 376 423 494 11
Chip#3
327 423 406 235 303 264 367 324 260 330 314 296 0
336 445 427 255 330 283 370 346 284 340 335 305 1
335 431 411 226 311 265 373 328 266 323 306 305 2
321 417 430 243 312 287 373 348 285 320 317 306 3
338 428 429 253 312 282 372 348 283 336 319 304 4
333 430 412 242 308 279 372 328 280 320 306 316 5
333 427 412 244 307 281 371 331 266 321 318 307 6
329 426 423 253 305 281 369 339 262 331 315 316 7
334 430 412 227 297 267 374 331 266 320 303 319 8
312 411 408 236 289 261 352 327 258 330 299 300 9
349 429 430 246 309 279 371 344 264 334 317 317 10
336 445 429 241 312 283 372 346 284 336 322 321 11
Chip#4
303 303 204 209 196 272 242 251 259 190 298 281 0
303 286 200 209 197 287 241 250 243 206 280 276 1
313 293 209 233 218 293 257 260 281 193 298 300 2
319 314 211 236 223 302 257 266 267 195 288 302 3
298 291 207 215 203 276 247 241 262 179 298 279 4
318 311 212 251 237 319 263 266 280 209 319 317 5
312 307 220 229 221 299 263 264 279 208 317 295 6
296 289 193 229 205 282 246 241 247 177 297 278 7
315 313 208 234 222 302 262 258 266 196 301 300 8
300 296 209 237 209 289 262 256 269 196 289 274 9
299 297 216 235 209 302 262 257 270 197 291 283 10
295 292 192 232 208 300 262 256 270 199 302 283 11
