Chip#1
452    469    676    611    581    546    487    504    512    275    521    332    0
452    461    675    609    577    546    487    507    512    353    537    333    1
460    472    686    606    583    556    436    504    514    353    537    395    2
463    471    689    615    591    556    436    511    525    353    537    395    3
475    471    685    619    599    564    436    519    528    353    537    344    4
472    471    684    617    596    565    488    516    523    353    537    395    5
481    475    681    622    596    575    497    522    530    369    572    411    6
483    482    680    620    599    563    501    522    531    369    572    344    7
477    480    678    605    599    580    500    525    536    369    572    411    8
493    492    702    630    593    576    436    528    541    369    572    360    9
500    501    697    631    597    572    502    527    539    369    572    411    10
497    496    697    625    599    577    507    528    540    369    572    427    11
Chip#2
883    885    923    1007    1053    985    900    1059    1114    957    1065    1069    0
877    885    923    1009    1053    989    900    1051    1111    929    1049    1075    1
877    885    923    1008    1053    983    900    1054    1104    917    1049    1062    2
878    885    923    1014    1053    998    966    1062    1112    922    1065    1075    3
870    885    923    1012    1053    983    900    1065    1105    917    1087    1065    4
867    885    923    1015    1053    988    900    1057    1100    917    1049    1065    5
872    885    939    1012    1053    981    953    1054    1115    924    1049    1059    6
860    885    923    1004    1053    972    884    1045    1103    914    1049    1053    7
860    885    923    1006    1053    985    900    1044    1106    957    1065    1059    8
867    885    907    1005    1053    980    900    1039    1094    918    1049    1051    9
872    885    923    1010    1053    979    900    1033    1092    914    1049    1040    10
865    885    923    1012    1053    974    868    1019    1071    898    1033    1038    11
Chip#3
1124    1259    1124    1035    1115    1051    1124    1124    1067    1124    1115    1124    0
1115    1259    1124    1019    1099    1051    1124    1115    1067    1124    1115    1124    1
1115    1259    1124    1035    1099    1051    1124    1115    1067    1124    1115    1124    2
1115    1259    1124    1035    1099    1051    1124    1115    1051    1124    1115    1124    3
1115    1259    1124    1035    1099    1051    1124    1115    1051    1124    1115    1124    4
1115    1243    1124    1019    1083    1035    1124    1115    1051    1124    1099    1124    5
1124    1259    1124    1035    1099    1051    1124    1131    1067    1124    1115    1124    6
1115    1259    1124    1019    1099    1051    1124    1115    1051    1124    1099    1124    7
1124    1259    1124    1035    1115    1051    1124    1131    1067    1124    1115    1124    8
1124    1275    1227    1035    1115    1067    1124    1131    1067    1124    1131    1124    9
1115    1259    1124    1019    1099    1051    1124    1115    1051    1124    1115    1124    10
1124    1259    1227    1035    1115    1067    1124    1181    1067    1124    1115    1124    11
Chip#4
1115    1115    987    987    971    1083    1019    1019    1051    868    1099    1067    0
1124    1140    1003    1003    987    1099    1035    1035    1067    971    1115    1067    1
1124    1140    1019    1035    1019    1129    1067    1067    1083    987    1124    1099    2
1124    1140    1003    1019    987    1099    1035    1035    958    971    1115    1067    3
1124    1140    1019    1019    1019    1099    1051    1035    1067    868    1099    1067    4
1124    1140    1035    1051    1035    1115    1051    1051    1083    987    1115    1083    5
1124    1140    1067    1067    1035    1147    1067    1067    1099    987    1124    1083    6
1124    1140    1051    1051    1035    1147    1083    1067    1083    987    1124    1083    7
1124    1140    1051    1067    1067    1147    1083    1083    1099    1003    1124    1099    8
1124    1140    1051    1083    1067    1147    1124    1067    1115    987    1124    1099    9
1124    1140    1051    1067    1083    1147    1083    1067    1083    987    1124    1083    10
1124    1140    1067    1083    1083    1147    1124    1099    1115    1003    1124    1115    11
