Chip#1
105 101 105 100 101 107 110 101 103 105 102 104 0
106 103 107 100 99 104 109 104 100 103 95 97 1
98 99 98 97 94 103 104 99 95 96 95 93 2
102 97 105 161 111 100 100 112 111 99 101 98 3
105 96 102 135 102 101 109 108 104 101 101 95 4
101 99 98 99 98 101 104 100 97 100 95 92 5
101 103 103 100 100 105 107 104 101 104 101 99 6
91 93 94 109 95 93 95 110 117 94 87 90 7
106 101 108 148 120 107 109 168 140 106 101 102 8
106 101 107 100 99 103 110 103 100 101 99 97 9
101 101 102 95 99 101 102 102 97 99 97 94 10
105 100 108 96 92 103 104 102 99 99 97 15000 11
Chip#2
99 95 97 96 96 95 98 99 100 97 91 91 0
99 93 104 98 99 94 103 99 104 97 99 95 1
103 99 104 98 99 98 105 100 102 97 97 100 2
100 99 101 103 99 94 110 100 109 103 103 99 3
103 99 103 105 99 98 103 100 106 102 92 92 4
104 99 109 104 104 105 104 99 105 102 106 99 5
103 100 98 103 98 97 105 100 102 103 101 96 6
106 97 100 98 98 98 100 100 105 103 99 100 7
106 103 105 110 98 99 105 100 118 112 106 106 8
105 109 109 105 98 107 114 100 116 108 102 108 9
101 98 105 102 102 99 105 99 103 98 98 102 10
105 105 106 106 102 101 110 100 109 102 104 15000 11
Chip#3
100 98 99 104 96 106 95 102 97 106 99 101 0
109 109 106 115 109 120 105 114 110 115 113 110 1
101 105 103 111 105 115 102 111 106 110 105 103 2
94 98 97 125 127 104 97 134 160 104 102 100 3
101 96 98 131 123 109 99 115 157 112 100 100 4
98 99 99 105 102 110 101 108 98 103 105 98 5
94 90 93 100 96 106 91 97 93 100 95 97 6
98 95 100 117 105 109 99 103 104 101 102 98 7
93 94 94 146 141 105 93 105 105 101 98 95 8
105 104 109 110 114 115 102 110 102 110 105 103 9
105 103 104 110 107 115 104 109 100 108 106 105 10
109 103 107 111 106 115 104 108 106 112 105 15000 11
Chip#4
100 99 103 97 103 101 108 97 104 101 95 100 0
102 100 107 97 106 104 106 102 104 97 105 99 1
104 105 112 99 110 104 114 109 113 104 106 104 2
107 106 112 103 139 116 110 105 124 134 109 107 3
108 114 110 110 155 125 113 112 152 146 111 116 4
106 107 106 100 113 102 110 107 111 104 105 107 5
105 105 113 100 106 109 110 108 107 103 105 104 6
107 110 113 102 113 113 116 106 117 111 108 101 7
105 106 107 100 148 120 113 105 118 113 108 105 8
106 107 109 104 126 105 111 107 107 98 105 104 9
107 109 109 104 109 112 110 104 107 103 105 100 10
118 114 113 110 116 112 116 112 117 104 111 15000 11
Chip#1
109 104 107 108 103 108 113 112 107 106 105 102 0
108 108 105 102 105 107 108 104 107 103 104 102 1
93 97 99 94 95 99 97 98 97 100 97 95 2
101 103 109 167 111 106 107 112 111 97 101 97 3
98 97 102 133 94 101 101 105 109 97 99 97 4
100 100 102 96 97 99 104 98 102 97 100 99 5
102 99 104 100 98 101 105 99 104 99 100 97 6
105 108 112 128 110 109 112 127 142 106 106 103 7
102 101 108 149 126 108 108 169 140 101 105 100 8
106 106 109 97 104 102 108 104 101 102 95 95 9
95 96 90 90 92 94 97 91 93 90 91 91 10
105 109 104 100 99 104 107 99 101 100 101 15000 11
Chip#2
104 100 105 99 103 99 105 99 105 100 97 102 0
100 99 97 98 101 102 104 99 105 102 98 101 1
107 103 109 103 101 101 108 100 110 104 106 105 2
93 95 97 99 101 94 99 99 105 94 92 97 3
103 109 103 103 101 101 104 100 107 103 98 105 4
101 95 101 97 96 99 99 99 100 96 101 100 5
100 98 98 98 99 97 100 99 103 98 93 97 6
109 98 104 103 99 104 104 99 109 102 103 105 7
105 103 107 105 99 107 103 100 116 108 101 102 8
106 105 106 106 99 101 108 100 111 104 97 105 9
103 100 102 98 103 99 98 99 103 96 97 99 10
110 102 107 105 103 102 107 100 111 104 103 15000 11
Chip#1
102 101 108 100 97 102 104 103 101 101 97 102 0
105 101 111 99 94 104 107 104 104 105 99 99 1
104 96 102 100 97 101 100 103 101 102 97 93 2
97 95 102 156 104 103 94 109 104 96 96 92 3
105 95 102 128 95 98 99 104 107 97 97 93 4
98 100 103 95 97 99 103 99 99 96 98 98 5
108 105 107 101 100 110 105 105 103 103 102 97 6
105 95 99 119 108 104 102 121 132 95 98 97 7
100 100 103 147 118 102 103 168 140 99 98 95 8
101 96 105 103 98 100 104 104 100 101 94 102 9
106 109 104 103 103 107 108 106 103 105 102 103 10
100 97 100 95 98 97 102 100 99 97 98 15000 11
Chip#2
102 102 101 95 103 99 103 100 102 99 99 98 0
104 104 105 102 103 102 105 99 103 100 100 101 1
100 98 101 94 98 96 96 99 102 94 97 98 2
106 99 108 101 98 104 107 99 107 103 104 108 3
102 103 103 101 103 102 103 100 100 100 99 100 4
97 102 102 102 104 104 104 100 101 97 103 98 5
100 102 106 100 105 103 105 100 105 104 98 105 6
109 104 105 106 104 104 109 100 111 102 107 105 7
97 93 95 95 101 99 96 99 109 102 92 96 8
100 99 98 96 104 97 101 99 102 100 98 96 9
99 95 104 99 104 99 104 99 103 99 99 97 10
101 100 102 99 98 101 103 100 106 103 98 15000 11
Chip#1
108 108 111 102 97 104 109 108 103 105 104 103 0
111 105 111 103 102 110 109 109 105 103 102 102 1
106 108 109 110 104 110 110 110 108 108 104 104 2
111 106 118 355 152 115 111 140 146 105 106 104 3
106 105 105 240 103 102 107 128 136 106 105 103 4
110 109 108 103 104 108 112 109 106 106 106 102 5
100 96 102 95 92 99 102 95 97 99 94 93 6
101 104 107 181 124 102 105 164 198 101 103 102 7
93 97 104 279 180 96 101 347 225 97 96 91 8
104 109 113 109 103 106 107 116 110 103 103 98 9
108 103 109 101 101 102 107 105 103 103 97 98 10
114 108 116 105 106 110 112 105 109 106 108 15000 11
Chip#2
108 105 105 104 98 105 104 100 110 108 106 105 0
100 98 101 101 98 97 101 99 104 100 97 96 1
104 98 102 98 99 97 98 100 104 98 99 98 2
96 96 95 98 99 95 98 98 100 104 89 92 3
99 96 102 97 99 98 103 99 103 98 95 98 4
104 100 106 99 102 103 110 100 112 99 102 105 5
101 100 102 98 102 99 104 99 103 100 103 102 6
101 103 105 106 102 101 104 100 111 106 106 104 7
103 100 105 104 102 109 108 100 139 130 103 102 8
101 98 108 99 102 103 105 100 106 106 101 100 9
106 102 104 97 102 102 105 100 104 100 94 102 10
105 99 103 102 104 102 107 99 104 105 100 15000 11
Chip#1
111 106 111 97 95 99 100 101 101 103 99 98 0
101 97 107 95 97 94 102 99 96 99 98 94 1
100 97 102 101 96 103 104 100 101 99 97 95 2
105 103 123 521 175 106 105 140 170 100 98 100 3
104 100 107 332 96 103 102 140 149 97 99 95 4
108 103 105 99 98 100 104 103 101 100 101 98 5
108 101 107 102 102 102 108 102 101 106 98 99 6
94 95 100 235 134 92 98 197 265 94 91 92 7
101 100 118 414 244 102 108 536 334 103 103 98 8
101 104 108 107 97 102 108 115 107 101 102 93 9
110 105 109 105 101 106 108 102 107 107 101 103 10
109 99 105 100 96 100 104 100 104 105 99 15000 11
Chip#2
97 95 98 97 98 99 100 99 100 98 96 98 0
101 100 101 104 101 95 103 100 107 104 97 99 1
109 103 104 106 101 103 108 99 108 100 100 104 2
107 101 109 107 124 105 108 99 116 110 102 107 3
108 102 105 111 123 109 109 100 120 115 101 108 4
106 102 109 107 89 104 108 100 115 102 108 106 5
104 100 104 104 89 102 104 100 114 108 102 104 6
100 95 99 101 105 98 96 99 117 103 99 93 7
102 98 105 107 122 112 101 99 168 150 98 102 8
100 98 102 101 89 99 99 99 115 110 95 98 9
109 100 107 104 105 105 108 100 107 103 103 106 10
109 105 106 104 89 102 107 99 109 108 105 15000 11
Chip#1
106 106 109 101 97 102 103 104 103 103 104 98 0
105 104 105 96 97 103 103 103 101 102 99 99 1
100 99 103 96 96 100 104 99 97 100 97 90 2
105 101 126 647 201 104 107 166 181 101 94 97 3
98 97 107 398 98 97 100 140 162 99 91 94 4
105 108 111 106 105 106 109 108 107 106 99 103 5
108 102 109 101 103 104 109 103 102 110 103 103 6
100 104 102 275 145 101 105 231 323 99 99 97 7
105 105 121 499 293 103 107 670 403 105 98 99 8
105 105 113 113 101 107 108 122 118 101 104 99 9
115 108 113 106 106 113 115 114 112 111 106 108 10
111 101 104 102 98 105 105 100 103 100 101 15000 11
Chip#2
98 94 103 103 101 101 107 100 109 103 98 101 0
90 94 93 92 90 89 97 99 96 92 92 93 1
106 103 103 104 101 102 107 99 110 103 100 102 2
99 98 103 97 143 103 104 100 111 107 97 99 3
99 99 98 103 135 103 104 99 112 117 99 101 4
101 102 104 107 104 99 104 100 107 103 102 102 5
108 103 107 98 105 99 110 100 111 104 101 108 6
97 102 98 98 105 98 104 99 127 113 93 99 7
99 97 103 104 139 118 104 100 202 173 98 99 8
101 93 101 98 105 95 103 99 115 112 101 99 9
104 104 104 104 89 102 108 100 110 108 102 110 10
104 104 102 103 105 102 104 100 109 106 99 15000 11
Chip#1
117 108 114 107 105 112 110 109 108 107 108 105 0
114 108 119 111 115 112 117 109 111 116 109 110 1
105 105 105 103 97 103 105 106 105 103 101 98 2
101 101 127 767 220 101 103 186 181 99 95 95 3
101 104 108 454 102 107 112 156 165 102 97 99 4
108 106 112 108 103 103 108 104 105 103 99 103 5
108 100 107 103 98 101 107 102 105 105 104 99 6
104 101 108 325 165 104 108 264 382 101 102 102 7
106 105 127 592 334 106 110 804 458 102 99 99 8
100 102 103 111 102 101 104 123 119 100 97 94 9
110 106 112 105 102 106 108 105 104 107 104 99 10
110 105 104 97 97 104 102 102 104 100 99 15000 11
Chip#2
100 104 99 97 104 102 105 100 109 104 102 108 0
99 104 102 98 104 101 110 100 110 107 104 101 1
99 98 101 97 97 97 103 100 106 99 96 100 2
100 107 106 106 165 110 108 99 116 117 101 106 3
101 100 104 108 155 109 104 99 126 123 102 101 4
105 100 103 104 103 104 107 100 106 100 104 101 5
99 102 100 99 103 96 101 100 111 96 103 101 6
101 98 100 101 103 102 105 99 134 110 99 102 7
95 96 98 102 155 127 101 99 217 190 100 97 8
104 102 104 104 105 103 105 100 125 119 102 102 9
105 104 105 108 105 107 107 100 112 99 110 104 10
99 105 101 98 102 96 105 100 107 99 103 15000 11
Chip#1
106 99 102 95 94 98 100 98 96 91 96 94 0
113 106 107 99 103 107 110 108 104 105 103 100 1
109 105 104 106 98 103 109 108 103 110 99 97 2
105 106 137 834 238 112 107 198 203 100 105 99 3
98 97 107 491 105 98 99 157 165 97 96 93 4
105 103 104 102 100 103 104 99 101 101 103 95 5
110 109 108 107 108 107 107 109 103 101 103 98 6
105 105 105 346 169 107 108 283 399 101 102 97 7
96 95 113 623 347 93 99 856 479 95 93 89 8
105 101 107 115 102 107 104 131 125 103 102 99 9
110 108 108 107 104 104 107 110 107 103 100 98 10
118 101 104 97 97 99 102 102 101 97 102 15000 11
Chip#2
105 102 104 101 102 99 108 99 104 99 103 103 0
105 103 102 102 102 108 108 100 107 100 106 103 1
105 103 102 106 102 104 103 100 112 101 102 104 2
101 98 101 103 183 108 104 100 119 114 99 105 3
106 104 103 111 169 115 110 100 127 129 107 108 4
103 103 101 95 105 104 104 100 107 99 104 100 5
101 98 102 98 101 101 103 100 107 96 99 97 6
104 98 99 97 116 101 103 99 145 117 101 99 7
100 95 99 101 167 127 107 100 234 205 99 98 8
106 100 102 101 114 105 103 100 122 118 106 105 9
99 100 101 99 99 98 100 99 105 98 97 95 10
108 105 104 99 102 102 107 99 115 104 107 15000 11
Chip#1
118 108 109 102 98 108 107 104 101 101 106 103 0
105 99 103 100 100 107 99 104 101 101 98 98 1
114 108 107 108 102 112 109 104 108 108 109 104 2
104 101 130 842 231 104 105 196 200 103 101 94 3
105 101 112 492 106 105 105 165 165 105 104 98 4
105 104 108 101 95 106 107 105 101 103 98 98 5
104 101 103 103 97 108 107 102 103 105 101 97 6
102 101 104 339 163 104 107 277 400 100 98 95 7
101 95 122 634 349 101 103 860 490 103 98 94 8
104 100 105 115 99 106 105 128 120 101 101 92 9
105 103 105 100 98 103 105 100 101 100 104 100 10
114 105 107 100 103 107 103 104 104 105 104 15000 11
Chip#2
99 95 95 93 97 97 99 99 98 96 100 98 0
106 97 104 104 103 103 108 100 109 97 102 101 1
100 98 98 96 98 101 103 100 102 93 97 102 2
105 100 105 104 209 116 108 100 125 124 104 102 3
105 103 104 113 200 117 109 100 136 134 104 102 4
100 97 97 101 104 101 103 100 102 101 104 106 5
100 94 101 101 104 100 104 99 107 98 103 99 6
110 104 108 106 136 110 112 100 172 128 111 111 7
103 102 106 109 215 146 105 100 301 254 106 106 8
104 99 108 105 127 104 109 100 133 133 107 105 9
106 97 104 101 104 105 108 100 111 103 106 101 10
106 98 101 101 104 97 102 99 104 97 99 15000 11
Chip#1
119 108 113 107 104 108 113 105 107 106 108 109 0
106 101 104 102 96 102 105 100 105 100 99 94 1
104 106 107 104 102 102 103 103 105 100 102 98 2
109 106 139 898 246 109 104 202 214 103 99 100 3
93 97 107 516 102 96 97 161 181 94 94 90 4
110 108 108 102 101 110 112 103 109 103 103 100 5
109 108 112 107 104 113 114 112 109 107 108 103 6
110 109 111 367 184 113 113 305 437 110 110 105 7
104 105 127 680 375 110 109 920 527 111 104 103 8
102 104 107 118 102 104 107 127 126 105 98 95 9
105 99 103 97 100 99 103 100 100 97 98 95 10
121 109 111 104 106 110 112 109 110 105 104 15000 11
Chip#2
106 107 101 102 103 99 108 99 105 100 107 103 0
104 102 104 105 103 103 107 100 100 100 101 102 1
110 103 106 101 103 108 108 100 104 106 109 105 2
100 97 99 98 217 108 101 100 118 118 96 95 3
104 107 108 116 214 123 110 100 132 138 104 104 4
105 105 110 102 104 108 113 100 109 105 107 105 5
106 99 101 104 102 104 110 100 106 99 104 101 6
102 99 94 99 131 98 108 99 159 118 101 98 7
117 110 115 118 237 154 121 104 330 281 112 112 8
97 98 97 95 120 98 103 99 125 129 99 96 9
112 105 108 110 89 105 114 100 111 106 109 108 10
114 104 105 101 89 102 108 100 109 107 103 15000 11
Chip#1
111 106 111 102 101 104 104 101 108 105 104 99 0
105 101 103 100 96 103 103 98 103 97 101 94 1
102 102 104 102 97 105 104 104 101 101 105 96 2
108 97 135 903 253 109 108 203 216 107 103 102 3
101 100 113 523 108 106 107 168 181 100 102 99 4
104 103 104 107 105 104 107 105 104 102 103 98 5
104 100 105 101 97 104 104 105 100 103 101 94 6
108 99 107 361 177 105 105 294 421 102 104 98 7
119 108 137 690 386 112 116 921 539 113 114 108 8
100 103 104 115 102 104 105 131 126 103 99 99 9
115 109 114 107 106 113 117 108 116 111 106 109 10
117 103 105 100 98 103 103 99 99 100 101 15000 11
Chip#2
102 104 102 103 101 103 109 99 105 104 102 102 0
105 94 101 96 101 101 99 100 101 99 101 98 1
105 100 101 104 104 100 105 100 107 103 101 103 2
104 95 102 104 242 115 104 99 127 118 98 99 3
106 103 101 120 229 121 108 100 142 142 103 105 4
105 100 98 101 105 101 108 100 111 104 102 101 5
101 94 100 100 98 93 104 100 101 97 97 100 6
104 95 101 101 140 97 104 100 173 125 97 97 7
112 102 101 115 251 154 110 100 362 306 103 105 8
108 99 102 104 135 103 108 100 140 135 102 101 9
108 103 106 106 89 103 113 100 108 102 104 104 10
110 104 101 104 103 105 108 100 109 104 102 15000 11
Chip#1
113 108 103 95 101 103 102 103 100 101 103 98 0
113 108 109 104 103 107 111 107 107 107 103 99 1
104 100 102 103 96 104 103 102 99 103 101 95 2
104 105 144 966 259 112 105 211 224 102 105 98 3
110 104 114 561 112 106 109 179 190 105 104 98 4
104 104 104 101 97 107 104 103 103 100 97 97 5
97 95 99 96 96 96 103 97 99 99 95 94 6
97 100 103 377 177 104 103 307 446 99 98 95 7
98 103 128 720 390 103 103 974 554 103 101 97 8
104 96 105 117 103 104 104 131 122 102 99 99 9
104 95 103 99 98 101 105 95 100 100 98 94 10
111 102 104 99 96 100 103 105 96 102 104 15000 11
Chip#2
104 100 102 104 103 103 104 100 102 103 101 104 0
106 102 106 103 105 105 111 100 105 104 105 105 1
103 103 97 98 102 100 100 99 105 96 99 99 2
109 103 106 110 260 126 108 100 134 132 102 106 3
105 109 105 121 248 125 111 99 144 146 107 108 4
103 104 105 108 89 110 109 100 108 105 106 105 5
101 99 109 101 89 102 110 100 104 103 99 101 6
98 92 97 101 144 101 104 100 179 123 98 101 7
99 100 104 108 262 154 104 99 380 314 97 103 8
104 99 102 103 139 102 104 99 140 141 104 104 9
111 109 108 106 89 108 113 100 110 108 106 108 10
108 108 107 104 105 103 109 100 110 106 103 15000 11
Chip#1
109 109 104 101 100 107 107 104 103 102 105 100 0
104 99 103 97 96 102 99 103 97 100 99 98 1
105 103 105 102 102 109 108 104 103 101 101 97 2
100 101 135 960 251 102 100 207 213 99 99 95 3
102 97 112 559 103 99 107 174 190 102 97 95 4
108 108 113 100 104 108 111 107 105 107 101 99 5
101 103 100 101 98 99 103 98 100 99 99 94 6
101 100 104 382 174 102 102 307 437 102 101 98 7
101 103 126 718 388 101 104 978 561 102 102 97 8
101 99 100 108 100 102 102 131 121 101 97 89 9
110 104 104 105 103 104 115 108 107 103 101 104 10
119 108 114 102 102 109 107 109 107 108 105 15000 11
Chip#2
104 103 101 102 104 104 109 99 109 102 100 105 0
109 104 111 112 104 105 113 100 110 104 104 105 1
104 98 98 99 103 102 105 100 105 101 98 101 2
110 107 114 111 282 130 116 101 140 139 107 108 3
100 99 98 115 260 123 105 100 144 143 102 98 4
100 100 95 106 89 101 108 100 106 97 102 102 5
109 104 110 110 105 112 113 100 116 113 107 112 6
103 100 102 104 155 104 112 100 185 129 101 106 7
104 102 99 114 279 154 105 100 405 327 102 104 8
106 103 108 108 147 110 110 100 143 139 106 104 9
101 100 99 102 101 102 112 99 103 97 98 96 10
107 107 102 101 103 99 108 100 107 106 105 15000 11
Chip#1
106 101 103 92 95 98 103 98 99 99 96 94 0
110 101 102 102 97 103 107 102 101 100 101 95 1
100 99 103 102 100 107 104 100 99 102 98 95 2
104 103 136 966 252 106 99 207 215 102 101 94 3
106 99 114 555 108 101 104 172 190 99 102 98 4
106 105 113 102 105 109 107 104 107 106 104 99 5
111 106 109 101 100 112 112 105 108 108 108 102 6
110 106 116 389 181 110 110 316 446 105 104 102 7
109 108 130 727 394 108 113 984 561 111 105 105 8
106 109 114 120 104 110 112 140 128 102 101 102 9
108 103 108 101 98 106 104 101 101 97 98 95 10
118 104 109 102 101 108 103 100 97 102 102 15000 11
Chip#2
104 103 108 104 103 103 112 100 104 102 103 104 0
112 107 111 113 103 110 112 100 115 109 111 112 1
114 112 112 110 103 114 114 104 120 109 109 110 2
103 98 103 106 291 121 108 100 132 129 104 102 3
106 99 103 119 277 127 110 100 151 153 104 104 4
104 100 102 104 103 105 109 100 109 107 107 107 5
103 104 102 106 102 101 103 100 106 103 101 101 6
104 97 101 101 157 104 107 100 186 123 106 102 7
104 99 110 109 296 164 110 100 427 351 103 102 8
105 101 104 102 147 105 109 100 147 148 107 107 9
110 103 108 108 105 107 105 100 107 106 104 102 10
112 105 108 103 105 104 112 100 112 107 108 15000 11
Chip#1
113 109 108 106 103 112 113 105 107 105 108 103 0
100 97 104 97 95 99 102 98 100 96 101 96 1
104 103 107 105 101 107 105 105 104 105 100 97 2
109 106 145 966 261 113 111 216 226 108 106 105 3
106 105 114 567 108 103 109 174 195 108 105 100 4
105 100 105 100 96 101 103 96 103 97 99 98 5
109 108 116 112 108 109 117 105 113 111 105 104 6
104 103 108 383 179 104 107 310 446 103 103 95 7
110 106 132 726 398 109 109 985 568 112 108 102 8
106 105 108 118 103 107 108 140 130 106 102 100 9
98 97 102 99 91 100 101 96 94 100 99 95 10
114 100 104 102 96 103 104 103 97 101 101 15000 11
Chip#2
112 109 108 103 105 105 109 100 109 106 104 108 0
103 104 99 104 104 105 112 99 103 107 102 99 1
108 104 108 109 104 105 110 100 112 110 104 107 2
106 107 106 115 317 128 108 100 141 141 107 108 3
111 107 112 131 301 136 118 104 162 142 113 112 4
111 104 113 109 52 112 117 101 111 108 108 113 5
108 105 108 107 52 108 109 101 114 112 109 111 6
110 107 114 108 175 110 119 100 202 139 110 107 7
106 101 108 118 315 171 113 100 458 369 103 105 8
108 103 104 99 152 103 110 100 150 149 107 108 9
106 97 102 97 102 97 101 100 105 102 99 101 10
110 108 105 107 102 101 113 100 112 108 106 15000 11
Chip#1
109 108 109 103 98 107 108 102 103 106 105 99 0
109 105 108 102 101 108 112 105 108 105 105 99 1
105 101 105 100 96 107 105 107 105 101 97 95 2
106 104 142 970 260 106 104 215 225 107 103 104 3
111 106 117 563 112 112 112 178 194 106 108 102 4
106 105 111 105 99 104 107 104 100 101 99 94 5
113 109 114 106 100 108 112 110 113 108 105 104 6
98 97 109 384 177 106 107 308 446 100 105 102 7
109 104 132 722 396 104 112 980 565 108 105 102 8
109 108 108 122 104 109 110 140 133 107 106 102 9
110 109 108 106 108 107 111 108 109 105 105 105 10
113 101 107 97 102 102 103 110 99 101 105 15000 11
Chip#2
105 104 101 103 102 105 108 99 111 104 99 105 0
110 108 107 108 102 109 108 100 117 108 108 112 1
108 102 106 105 102 107 112 100 110 103 102 105 2
112 103 106 116 322 133 112 100 147 144 107 107 3
104 103 102 126 302 125 110 100 153 173 107 106 4
109 107 109 113 53 108 117 101 112 104 111 110 5
101 103 99 103 103 99 101 100 105 98 98 105 6
106 104 105 106 172 104 114 100 202 134 107 107 7
104 98 104 119 328 170 110 100 470 379 97 104 8
108 98 107 108 153 105 109 100 152 152 104 108 9
109 107 110 105 89 108 116 100 109 108 104 108 10
112 107 107 108 89 101 110 100 111 106 104 15000 11
Chip#1
106 105 103 95 100 101 103 101 101 101 103 96 0
102 101 103 96 98 108 107 100 101 99 102 95 1
106 106 109 106 103 107 104 108 108 105 105 98 2
106 101 142 962 259 110 105 213 225 105 105 102 3
110 106 114 562 111 108 110 175 181 107 106 102 4
101 96 108 100 96 108 105 101 104 101 97 97 5
105 100 103 99 100 101 105 103 107 105 101 100 6
105 104 108 375 177 104 105 307 446 102 98 97 7
113 106 133 722 399 109 109 979 563 108 103 104 8
106 101 103 112 105 109 108 140 128 108 99 99 9
107 100 102 104 102 109 109 104 107 103 103 100 10
119 103 105 99 96 103 103 101 105 101 99 15000 11
Chip#2
114 108 109 110 89 113 116 101 122 109 108 107 0
108 100 106 101 104 102 104 99 108 102 101 99 1
106 95 98 97 103 99 100 99 102 99 97 98 2
112 101 109 117 342 127 117 99 149 148 104 108 3
101 102 101 123 313 123 104 100 161 161 101 101 4
104 105 106 105 103 105 109 100 107 102 104 102 5
106 102 106 104 103 99 110 100 112 107 103 103 6
114 102 107 105 175 104 112 100 211 143 111 106 7
111 98 104 117 339 176 109 100 493 405 104 104 8
104 99 103 104 153 105 108 100 152 155 104 104 9
115 108 111 106 105 104 110 100 112 109 104 111 10
117 104 110 109 89 104 117 100 115 112 108 15000 11
Chip#1
111 106 111 101 98 107 107 100 104 102 104 99 0
106 103 109 97 96 103 107 103 105 106 101 98 1
106 104 105 103 99 109 102 105 108 101 101 98 2
101 99 135 957 251 104 100 205 216 101 93 95 3
102 97 113 551 108 103 107 175 190 101 99 102 4
97 97 102 96 95 99 103 103 97 99 98 93 5
94 96 100 95 97 102 100 100 100 96 101 94 6
101 105 109 382 181 107 113 314 446 106 108 97 7
114 109 141 730 405 119 120 982 572 117 109 108 8
105 105 108 115 105 106 112 140 127 103 104 99 9
104 102 104 99 95 104 105 99 98 102 99 98 10
117 104 109 96 102 104 103 104 97 103 102 15000 11
Chip#2
104 104 102 102 102 102 107 100 107 101 102 102 0
104 103 105 102 102 101 101 100 106 98 102 99 1
108 103 101 102 102 104 105 99 108 103 102 102 2
104 98 103 107 349 131 105 100 141 140 102 105 3
98 103 104 125 330 130 111 100 163 173 102 104 4
104 104 97 103 104 102 103 100 106 104 103 104 5
109 104 109 104 104 104 109 100 112 108 101 107 6
105 104 103 104 184 109 107 100 211 138 107 108 7
105 105 108 116 361 183 110 100 521 420 103 108 8
105 104 104 102 164 105 103 100 155 159 106 106 9
105 102 108 105 105 99 108 100 111 108 103 108 10
124 119 116 116 105 113 119 105 126 114 111 15000 11
