Chip#1
101 110 99 102 109 103 112 103 106 103 97 101 0
100 104 106 106 103 105 111 108 104 101 102 104 1
97 102 137 157 101 136 180 107 118 158 101 95 2
98 107 110 119 105 114 134 108 114 135 105 101 3
98 104 102 101 103 100 106 100 104 99 101 96 4
98 101 100 99 98 98 105 102 113 136 98 98 5
97 107 104 104 104 101 107 103 111 135 101 96 6
97 100 100 101 107 97 105 102 106 96 97 96 7
100 106 106 108 109 108 109 103 109 100 100 104 8
103 104 104 102 107 100 107 103 107 100 100 99 9
93 101 100 96 98 97 104 96 101 91 94 96 10
99 102 97 97 103 97 101 101 103 99 101 15000 11
