Chip#1
107 108 104 102 103 103 108 103 102 107 107 102 0
114 106 109 107 107 108 111 108 105 108 110 103 1
115 108 114 114 118 114 116 116 114 117 118 112 2
104 106 117 176 123 106 107 131 133 107 110 102 3
104 108 103 132 108 100 106 112 123 108 102 101 4
111 108 112 104 106 110 115 110 106 108 111 101 5
103 106 108 104 107 104 106 106 101 107 110 101 6
107 101 109 125 114 103 110 125 127 103 109 101 7
107 108 108 140 123 105 110 152 135 108 109 101 8
102 108 104 98 102 103 105 107 103 101 102 99 9
104 99 98 99 101 101 105 105 99 106 101 97 10
110 108 109 102 106 109 108 108 107 109 111 15000 11
Chip#1
111 108 112 106 109 106 108 111 107 109 113 111 0
112 106 115 110 109 108 111 108 109 108 111 107 1
116 108 116 113 111 113 111 117 114 112 113 109 2
103 101 117 543 182 101 106 256 272 108 107 102 3
114 102 111 319 109 108 115 200 217 104 111 104 4
115 108 116 110 105 109 112 113 111 109 109 104 5
102 99 103 102 96 97 101 105 101 103 105 97 6
107 103 111 216 137 105 106 189 233 109 107 104 7
114 108 116 345 215 109 108 409 298 108 114 107 8
106 108 107 108 102 104 108 117 111 106 103 101 9
103 108 103 102 102 100 106 101 103 103 103 101 10
114 108 111 104 106 110 107 113 109 111 113 15000 11
Chip#1
117 108 109 104 103 104 112 115 106 106 110 108 0
108 108 107 99 103 103 103 103 101 103 105 101 1
104 108 109 109 107 106 106 113 107 112 106 99 2
111 101 120 727 210 103 100 321 343 101 107 102 3
114 108 117 407 116 109 110 247 275 109 111 108 4
101 97 99 95 96 97 98 102 92 102 98 95 5
111 107 108 106 107 105 111 112 111 109 111 108 6
123 109 123 268 164 113 120 236 307 116 122 117 7
107 108 117 441 260 108 112 538 385 113 111 106 8
107 98 106 102 100 100 101 113 114 97 98 98 9
116 108 107 109 107 106 108 111 106 109 110 108 10
119 108 117 108 106 105 108 111 106 109 111 15000 11
Chip#1
108 99 101 99 101 94 102 100 101 101 99 102 0
115 108 107 108 108 104 110 108 110 108 113 107 1
99 96 100 98 101 93 102 100 101 101 98 97 2
104 98 128 794 224 103 105 343 373 107 106 101 3
110 101 111 430 111 100 110 252 291 106 107 101 4
108 105 109 109 106 99 109 107 107 107 106 103 5
110 108 108 110 103 103 110 105 107 104 107 102 6
108 101 108 273 154 98 105 233 310 102 106 101 7
108 103 116 473 275 101 110 583 411 108 105 102 8
110 103 107 112 105 100 107 116 114 103 101 98 9
102 108 97 98 99 95 100 101 101 100 103 102 10
119 108 108 107 106 101 108 108 103 109 111 15000 11
Chip#1
112 108 113 107 106 104 106 105 110 107 105 107 0
115 108 111 104 106 105 108 103 103 104 103 107 1
114 108 111 114 109 109 111 117 110 109 113 107 2
112 108 132 941 252 108 107 405 437 114 109 99 3
112 108 111 489 112 106 112 280 321 111 106 104 4
110 108 111 109 107 105 108 111 106 109 105 98 5
104 102 106 107 103 104 110 105 107 107 106 101 6
111 107 113 309 163 106 111 255 358 113 103 106 7
116 108 125 543 319 105 115 679 465 113 113 111 8
108 108 106 109 107 108 107 120 118 106 102 97 9
110 102 109 106 103 101 111 106 110 106 105 102 10
114 98 107 103 99 99 107 102 101 107 101 15000 11
