Chip#1
294 277 285 289 284 279 283 283 280 285 286 284 0
294 269 283 292 282 284 279 287 284 289 281 284 1
284 268 283 291 281 286 283 284 280 286 277 282 2
291 271 309 986 414 285 284 541 559 288 286 285 3
297 280 302 633 311 289 295 457 493 291 292 293 4
294 273 286 289 285 285 283 284 282 283 282 281 5
288 269 281 286 285 280 283 283 282 286 282 278 6
293 271 289 463 348 289 284 405 474 290 285 287 7
293 277 301 707 490 285 284 815 609 294 285 288 8
293 274 287 300 288 285 283 304 293 286 287 283 9
288 269 281 284 280 280 278 285 280 282 277 282 10
294 269 279 284 279 277 276 284 274 285 281 15000 11
Chip#1
265 249 257 263 256 255 257 256 255 261 252 267 0
266 248 262 266 262 261 257 262 257 268 258 265 1
263 247 256 262 262 256 261 258 255 260 254 254 2
266 248 284 960 384 262 263 515 533 266 258 261 3
264 249 263 602 266 257 263 429 457 270 254 262 4
263 245 258 264 260 257 259 260 257 262 252 256 5
268 249 266 271 260 257 259 263 263 263 260 261 6
268 247 266 441 320 259 263 380 447 265 263 263 7
264 244 273 677 456 254 260 781 578 263 255 262 8
264 245 261 273 260 256 265 277 268 262 254 257 9
268 248 267 268 259 261 263 267 260 265 256 265 10
269 245 262 261 254 255 254 256 249 261 257 15000 11
Chip#1
268 251 260 261 257 255 255 256 253 260 255 266 0
260 243 256 267 252 252 261 260 252 256 252 265 1
260 247 260 268 262 257 260 261 259 262 252 261 2
270 251 285 968 392 265 266 518 535 268 260 268 3
263 244 262 598 262 254 255 418 452 259 254 259 4
263 248 261 266 262 259 260 260 256 259 255 262 5
269 254 271 274 264 264 268 263 263 272 263 270 6
265 247 266 441 318 259 259 380 449 267 254 261 7
264 254 279 685 464 261 259 787 588 268 257 266 8
271 249 267 280 264 260 261 279 275 266 258 263 9
272 253 264 267 259 260 266 262 258 271 262 267 10
277 250 266 267 264 260 263 265 262 270 260 15000 11
