Chip#1
96 100 96 95 97 94 98 98 96 91 101 95 0
91 92 93 92 91 97 100 96 94 93 95 88 1
101 99 102 102 96 100 106 95 99 103 100 98 2
101 104 104 108 105 105 102 105 101 103 105 104 3
104 107 100 104 103 103 108 103 100 100 103 99 4
108 102 128 135 103 132 161 101 102 101 101 99 5
102 101 114 115 103 114 133 104 100 101 96 99 6
108 102 109 108 109 101 109 103 106 101 106 104 7
97 97 136 140 97 109 121 98 97 88 92 95 8
104 100 128 124 98 116 124 100 102 99 95 100 9
96 97 97 93 97 93 97 95 96 91 96 93 10
102 102 99 107 103 103 104 105 102 99 100 15000 11
Chip#1
103 97 99 102 104 101 104 100 102 101 98 101 0
99 97 102 99 96 98 102 100 101 99 96 95 1
102 99 102 104 100 97 108 100 103 104 98 102 2
96 96 98 102 98 94 100 96 97 100 92 95 3
101 100 99 102 102 97 106 97 102 100 101 96 4
103 104 151 154 98 160 209 101 97 97 97 95 5
106 110 127 130 104 134 162 105 102 103 100 104 6
104 104 100 103 102 99 102 101 101 96 98 96 7
103 104 181 182 104 139 149 105 104 103 103 104 8
97 99 149 142 100 132 142 96 94 103 94 98 9
101 101 102 107 96 95 105 97 94 97 97 98 10
105 102 102 102 102 98 107 103 107 100 102 15000 11
Chip#1
96 95 98 101 96 94 100 97 96 95 95 95 0
102 100 97 101 98 100 104 101 99 100 100 102 1
99 100 105 109 97 105 109 101 104 107 98 99 2
99 100 98 104 95 98 105 100 100 103 95 95 3
105 112 114 123 109 112 124 111 108 105 107 106 4
99 99 314 318 103 333 526 111 99 105 96 93 5
101 109 186 190 103 225 329 107 103 108 100 99 6
106 99 109 107 107 101 107 104 104 100 97 101 7
97 102 410 393 100 230 252 101 100 93 96 94 8
104 111 297 263 103 236 266 108 104 99 105 105 9
104 105 99 107 102 100 106 102 100 96 98 101 10
103 102 98 99 97 98 104 97 96 96 100 15000 11
Chip#1
96 105 93 98 97 99 100 102 98 93 93 95 0
97 101 100 106 103 101 102 105 98 99 100 98 1
105 105 110 113 104 109 119 104 108 121 102 102 2
97 102 98 101 98 100 104 98 99 101 97 101 3
105 109 114 123 105 110 123 107 108 99 102 104 4
104 104 372 374 107 403 636 123 107 117 103 106 5
103 102 208 209 102 256 384 107 100 105 97 101 6
102 106 109 113 101 104 112 108 104 99 100 101 7
105 105 489 463 105 268 308 107 106 99 102 105 8
103 106 339 305 108 264 304 107 103 104 101 102 9
108 102 103 107 102 100 105 103 107 99 97 100 10
103 102 103 101 103 100 105 103 99 90 92 15000 11
Chip#1
101 100 95 102 102 99 105 103 100 95 96 100 0
101 96 98 106 103 100 106 105 100 95 98 96 1
103 104 105 115 104 107 121 103 108 118 96 105 2
102 101 103 107 102 103 113 104 103 111 100 104 3
98 96 110 115 102 103 119 103 101 99 98 101 4
108 111 409 400 109 434 686 121 112 121 106 109 5
98 101 209 213 94 264 404 103 97 101 94 89 6
103 105 114 118 105 104 112 104 103 100 96 100 7
102 106 524 498 100 280 326 105 103 97 100 104 8
101 104 362 321 100 281 322 103 100 100 102 100 9
103 102 99 106 101 100 107 104 101 95 97 98 10
99 94 93 99 94 91 92 97 88 92 90 15000 11
Chip#1
101 97 97 102 98 95 99 98 98 93 98 95 0
102 99 103 103 103 97 106 101 100 99 101 99 1
95 96 105 108 97 106 114 103 102 118 98 95 2
99 101 102 106 100 103 109 102 103 107 100 99 3
105 101 113 119 108 111 123 110 103 101 105 104 4
101 101 421 421 101 457 730 116 106 109 97 99 5
95 102 227 233 108 287 430 107 108 107 103 96 6
95 93 102 108 91 94 99 97 98 93 92 92 7
98 104 557 546 101 294 341 103 100 95 100 99 8
106 104 388 338 107 300 343 105 104 107 102 101 9
105 104 100 108 100 99 105 104 102 99 100 100 10
108 106 98 108 105 99 106 104 106 97 97 15000 11
Chip#1
105 111 104 108 104 103 106 104 106 103 108 109 0
101 100 98 106 98 99 107 105 100 96 97 102 1
103 104 106 114 98 108 120 105 111 120 105 102 2
96 96 100 106 95 98 106 98 101 107 92 98 3
95 95 109 114 95 100 116 97 98 92 96 100 4
104 102 432 424 104 457 742 119 109 117 106 102 5
98 97 225 230 105 290 442 105 103 113 98 100 6
103 97 113 110 102 98 107 100 102 96 100 100 7
93 97 561 530 97 292 343 97 97 92 92 93 8
101 100 391 338 103 300 342 101 103 100 97 96 9
101 99 99 99 98 97 102 94 99 95 93 93 10
105 102 100 98 100 99 101 105 101 99 101 15000 11
