Chipdp
84 2 68 4 16 11 4 1 6 2 6 1 7 2 7 4 4 6 5 6 4 7 5 7 4 7 6 8 6 7 7 8 7 4 10 6 11 6 10 7 11 7 4 1 9 2 9 1 10 2 10 4 4 9 5 9 4 10 5 10 4 7 9 8 9 7 10 8 10 4 10 9 11 9 10 10 11 10 4 1 3 2 3 1 4 2 4 4 4 3 5 3 4 4 5 4 4 7 3 8 3 7 4 8 4 4 10 3 11 3 10 4 11 4 4 1 0 2 0 1 1 2 1 4 4 0 5 0 4 1 5 1 4 7 0 8 0 7 1 8 1 4 10 0 11 0 10 1 11 1 4 1 6 2 6 1 7 2 7 4 4 6 5 6 4 7 5 7 4 7 6 8 6 7 7 8 7 4 10 6 11 6 10 7 11 7 4 1 9 2 9 1 10 2 10 4 4 9 5 9 4 10 5 10 4 7 9 8 9 7 10 8 10 4 10 9 11 9 10 10 11 10 4 1 3 2 3 1 4 2 4 4 4 3 5 3 4 4 5 4 4 7 3 8 3 7 4 8 4 4 10 3 11 3 10 4 11 4 4 1 0 2 0 1 1 2 1 4 4 0 5 0 4 1 5 1 4 7 0 8 0 7 1 8 1 4 10 0 11 0 10 1 11 1 4 6 0 7 0 6 1 7 1 4 6 3 7 3 6 4 7 4 4 6 6 7 6 6 7 7 7 4 6 9 7 9 6 10 7 10 4 9 0 10 0 9 1 10 1 4 9 3 10 3 9 4 10 4 4 9 6 10 6 9 7 10 7 4 9 9 10 9 9 10 10 10 4 3 0 4 0 3 1 4 1 4 3 3 4 3 3 4 4 4 4 3 6 4 6 3 7 4 7 4 3 9 4 9 3 10 4 10 4 0 0 1 0 0 1 1 1 4 0 3 1 3 0 4 1 4 4 0 6 1 6 0 7 1 7 4 0 9 1 9 0 10 1 10 4 7 0 8 0 7 1 8 1 4 7 3 8 3 7 4 8 4 4 7 6 8 6 7 7 8 7 4 7 9 8 9 7 10 8 10 4 10 0 11 0 10 1 11 1 4 10 3 11 3 10 4 11 4 4 10 6 11 6 10 7 11 7 4 10 9 11 9 10 10 11 10 4 4 0 5 0 4 1 5 1 4 4 3 5 3 4 4 5 4 4 4 6 5 6 4 7 5 7 4 4 9 5 9 4 10 5 10 4 1 0 2 0 1 1 2 1 4 1 3 2 3 1 4 2 4 4 1 6 2 6 1 7 2 0 0 
Chip#1
121 152 107 116 104 111 118 124 110 117 117 115 0
264 300 136 140 129 120 165 160 126 192 180 121 1
274 331 150 135 127 114 161 160 127 190 180 117 2
129 154 118 121 111 116 134 135 126 132 127 116 3
156 171 122 147 139 131 196 185 131 176 164 115 4
146 168 126 149 147 134 177 174 126 162 156 120 5
115 118 112 123 112 118 130 132 114 127 123 111 6
150 165 122 192 184 128 190 193 133 204 190 117 7
144 151 121 160 151 127 167 172 126 172 190 120 8
123 127 111 122 117 122 140 144 118 137 134 116 9
151 169 127 150 147 130 227 231 137 196 179 122 10
151 160 127 144 146 132 185 190 133 164 158 15000 11
Chip#1
129 129 112 112 106 115 119 119 116 117 123 120 0
258 303 137 131 125 122 164 155 126 186 187 116 1
275 336 154 136 127 122 166 170 133 192 187 121 2
129 151 114 121 114 112 134 135 126 132 121 110 3
155 175 125 141 144 127 193 184 131 174 187 117 4
146 168 118 144 145 130 174 173 129 162 148 115 5
125 138 119 134 129 128 142 149 129 136 127 122 6
149 163 119 190 185 130 193 198 134 203 186 120 7
141 158 122 163 156 127 171 178 126 174 168 120 8
118 124 112 114 113 114 132 139 114 133 126 110 9
149 172 127 155 153 135 226 236 138 193 180 122 10
145 159 118 140 142 126 182 193 128 158 154 15000 11
Chip#1
129 138 114 117 116 119 124 130 121 123 127 121 0
259 297 135 134 128 118 165 163 127 191 175 119 1
266 328 141 134 122 118 158 159 119 183 165 109 2
130 156 118 120 117 116 131 134 126 134 125 115 3
152 172 119 141 142 132 191 190 130 175 158 116 4
146 165 118 140 140 126 172 174 126 161 146 108 5
111 115 107 121 117 115 124 135 119 161 118 110 6
144 160 117 187 172 124 186 187 119 200 181 116 7
139 151 114 159 152 122 165 171 126 172 181 113 8
124 129 117 123 118 119 142 151 123 143 132 115 9
151 166 122 150 145 126 220 230 130 192 187 119 10
141 154 118 136 138 122 179 185 120 152 148 15000 11
