Chip#1
108 110 105 109 103 108 108 110 107 104 105 107 0 0 192 113 66
103 101 118 129 103 117 135 102 112 126 105 101 1 0 0 0 0
102 109 264 322 105 286 470 124 212 388 153 105 2 0 0 0 0
110 114 143 172 110 169 236 111 150 254 124 107 3 0 0 0 0
104 102 105 107 107 104 109 107 109 104 103 101 4 0 0 0 0
97 102 105 108 97 106 108 102 167 254 108 96 5 0 0 0 0
96 96 94 98 93 98 102 95 138 206 103 92 6 0 0 0 0
97 99 97 99 98 98 98 97 99 99 102 93 7 0 0 0 0
96 97 102 106 90 100 105 96 100 91 100 92 8 0 0 0 0
106 106 109 112 102 109 111 109 107 104 102 105 9 0 0 0 0
99 106 100 106 101 104 106 100 107 104 105 100 10 0 0 0 0
96 96 94 97 96 95 101 97 99 93 96 15000 11 0 0 0 0
Chip#1
99 99 94 97 95 97 98 98 102 89 98 95 0 0 64 116 66
93 93 107 119 95 109 127 98 100 114 98 94 1 0 0 0 0
98 99 245 309 100 281 459 113 201 444 140 96 2 0 0 0 0
98 104 133 159 100 154 228 101 141 254 107 96 3 0 0 0 0
103 104 102 107 104 105 104 100 104 105 100 101 4 0 0 0 0
108 107 108 110 108 112 116 109 173 267 119 100 5 0 0 0 0
102 100 102 104 100 104 111 98 139 222 103 93 6 0 0 0 0
102 106 103 112 108 112 115 105 109 104 106 101 7 0 0 0 0
104 101 107 107 101 105 114 103 107 99 102 99 8 0 0 0 0
101 101 100 106 102 105 107 103 107 95 101 100 9 0 0 0 0
98 97 97 98 94 99 100 97 97 93 94 98 10 0 0 0 0
108 105 103 106 108 105 115 107 108 107 103 15000 11 0 0 0 0
Chip#1
101 101 95 98 100 97 101 102 98 91 98 96 0 0 192 117 66
95 90 104 112 93 101 122 94 97 111 91 88 1 0 0 0 0
98 99 250 309 103 273 453 113 197 435 141 93 2 0 0 0 0
99 102 132 158 104 158 226 103 139 254 111 100 3 0 0 0 0
105 104 98 103 101 104 108 100 104 100 100 99 4 0 0 0 0
99 105 107 110 100 105 109 104 171 254 111 101 5 0 0 0 0
101 101 102 107 105 105 111 105 143 222 109 99 6 0 0 0 0
99 99 94 99 95 98 102 97 101 92 95 93 7 0 0 0 0
98 102 105 115 104 110 113 105 107 96 101 101 8 0 0 0 0
97 102 103 106 97 103 109 98 100 97 98 98 9 0 0 0 0
104 105 106 109 105 106 111 105 107 104 106 101 10 0 0 0 0
101 100 95 102 95 101 100 98 102 93 98 15000 11 0 0 0 0
Chip#1
102 102 97 101 98 100 97 98 98 95 98 96 0 0 128 118 66
103 100 110 124 103 115 134 107 107 122 102 95 1 0 0 0 0
104 99 250 311 105 275 458 118 204 436 141 99 2 0 0 0 0
98 99 127 154 97 153 223 100 138 254 107 95 3 0 0 0 0
101 100 97 99 104 104 105 102 102 100 96 95 4 0 0 0 0
102 101 107 107 104 109 107 100 168 263 111 98 5 0 0 0 0
108 105 106 109 110 116 114 111 149 206 111 104 6 0 0 0 0
101 100 98 98 98 100 97 100 101 97 92 95 7 0 0 0 0
102 99 108 109 105 109 112 103 103 91 100 95 8 0 0 0 0
97 100 99 101 96 101 102 100 99 96 92 94 9 0 0 0 0
96 99 99 103 101 103 106 103 103 99 98 105 10 0 0 0 0
104 100 99 102 102 104 102 102 100 97 100 15000 11 0 0 0 0
Chip#1
104 101 98 101 96 101 100 101 100 93 106 99 0 0 128 119 66
97 93 104 116 93 104 125 98 98 116 96 92 1 0 0 0 0
104 105 254 315 103 285 458 121 207 442 145 99 2 0 0 0 0
103 99 129 163 102 159 227 110 142 254 112 96 3 0 0 0 0
110 105 103 101 110 109 106 111 109 107 102 104 4 0 0 0 0
90 85 95 98 90 95 96 94 158 254 101 89 5 0 0 0 0
99 100 98 107 103 100 106 103 143 206 101 99 6 0 0 0 0
100 97 100 99 97 103 99 102 102 99 95 89 7 0 0 0 0
99 99 104 109 98 104 104 101 97 92 96 98 8 0 0 0 0
99 97 96 108 100 101 102 97 98 95 94 96 9 0 0 0 0
96 95 93 96 97 98 94 100 99 91 94 93 10 0 0 0 0
108 106 105 104 109 105 109 110 104 101 103 15000 11 0 0 0 0
Chip#1
99 96 89 97 90 95 99 94 98 95 95 94 0 0 64 120 66
103 96 110 120 102 118 132 104 106 124 101 96 1 0 0 0 0
104 100 247 311 103 282 454 122 204 442 141 101 2 0 0 0 0
103 106 136 166 115 162 227 112 148 254 116 102 3 0 0 0 0
105 102 98 106 103 103 105 109 108 99 103 101 4 0 0 0 0
98 94 99 106 97 101 102 102 165 254 109 93 5 0 0 0 0
103 104 104 107 102 106 108 104 142 206 106 98 6 0 0 0 0
101 95 93 101 96 100 99 97 102 96 92 94 7 0 0 0 0
98 100 105 116 104 108 112 110 106 99 101 100 8 0 0 0 0
101 101 100 109 103 106 111 98 104 95 98 100 9 0 0 0 0
104 104 104 109 102 104 109 105 107 100 97 102 10 0 0 0 0
98 90 93 96 91 92 96 100 93 91 91 15000 11 0 0 0 0
Chip#1
105 102 98 103 102 103 100 105 102 97 103 101 0 0 64 121 66
99 96 111 123 100 114 132 104 104 117 108 99 1 0 0 0 0
102 105 248 310 102 279 457 118 206 442 148 96 2 0 0 0 0
99 101 132 158 100 150 220 103 139 238 109 98 3 0 0 0 0
99 102 100 104 107 101 102 102 104 96 100 98 4 0 0 0 0
103 105 105 110 104 112 109 107 168 263 114 101 5 0 0 0 0
96 96 89 101 98 103 98 98 139 206 102 95 6 0 0 0 0
102 99 98 99 103 101 98 102 103 95 100 99 7 0 0 0 0
96 99 103 107 101 103 101 102 100 93 98 98 8 0 0 0 0
99 97 103 106 100 103 102 101 102 92 95 99 9 0 0 0 0
101 101 98 104 102 105 104 105 102 95 98 99 10 0 0 0 0
99 94 89 93 97 93 97 97 97 93 91 15000 11 0 0 0 0
Chip#1
108 105 99 109 104 107 111 107 107 103 105 106 0 0 192 121 66
105 97 110 127 98 111 132 103 107 125 101 100 1 0 0 0 0
101 101 248 307 102 276 449 114 200 440 143 95 2 0 0 0 0
103 104 136 159 104 160 222 110 144 254 117 102 3 0 0 0 0
103 100 98 103 102 99 106 105 103 101 102 101 4 0 0 0 0
102 101 103 108 96 103 107 101 162 263 111 94 5 0 0 0 0
103 101 96 98 102 101 101 100 134 206 101 94 6 0 0 0 0
102 104 100 101 102 106 104 101 106 100 98 98 7 0 0 0 0
93 96 103 106 97 104 98 97 98 95 94 93 8 0 0 0 0
100 106 104 107 108 108 108 101 106 97 101 102 9 0 0 0 0
102 104 99 102 102 101 99 101 103 97 96 98 10 0 0 0 0
102 100 96 98 100 97 97 100 101 91 95 15000 11 0 0 0 0
Chip#1
104 100 93 99 96 99 97 100 99 91 96 100 0 0 128 122 66
106 100 109 130 104 117 136 107 111 125 101 98 1 0 0 0 0
97 100 246 306 101 273 447 116 197 436 141 93 2 0 0 0 0
103 105 132 164 104 162 222 108 142 254 116 100 3 0 0 0 0
103 95 95 102 98 104 98 98 99 96 97 96 4 0 0 0 0
106 106 108 115 107 110 112 107 171 263 116 104 5 0 0 0 0
99 97 98 101 98 99 106 101 142 206 100 96 6 0 0 0 0
99 101 99 99 107 104 102 101 103 99 96 92 7 0 0 0 0
99 105 107 113 100 109 108 103 101 97 100 101 8 0 0 0 0
101 96 96 106 97 103 104 96 101 92 95 94 9 0 0 0 0
96 99 97 98 97 100 105 103 97 91 91 99 10 0 0 0 0
105 100 99 104 102 103 107 105 103 99 103 15000 11 0 0 0 0
Chip#1
110 110 102 109 108 112 108 109 109 99 106 105 0 0 64 123 66
98 96 106 121 97 109 127 97 100 120 95 92 1 0 0 0 0
103 98 248 315 103 276 451 114 204 436 138 101 2 0 0 0 0
103 99 130 158 101 156 222 107 140 254 113 98 3 0 0 0 0
103 99 96 101 102 103 98 100 104 101 96 96 4 0 0 0 0
99 97 102 110 98 101 106 101 157 254 107 95 5 0 0 0 0
98 99 99 107 103 104 101 98 139 206 103 98 6 0 0 0 0
105 95 94 103 103 103 99 100 103 97 96 98 7 0 0 0 0
103 99 105 109 98 106 105 104 99 99 102 98 8 0 0 0 0
101 96 102 104 98 101 105 102 102 97 100 100 9 0 0 0 0
100 99 95 102 97 98 99 103 99 96 95 96 10 0 0 0 0
101 101 93 101 98 101 101 103 101 100 101 15000 11 0 0 0 0
Chip#1
104 101 97 101 95 101 97 100 98 91 98 99 0 0 0 124 66
102 96 109 123 101 111 131 105 101 117 98 94 1 0 0 0 0
108 102 248 313 109 276 451 122 206 441 153 102 2 0 0 0 0
99 102 131 153 100 151 223 101 138 254 108 92 3 0 0 0 0
103 99 99 102 98 103 102 107 102 97 101 104 4 0 0 0 0
101 102 105 113 103 100 108 101 168 263 112 98 5 0 0 0 0
99 97 96 103 100 101 102 104 141 206 101 100 6 0 0 0 0
103 101 96 101 101 101 101 100 100 92 96 98 7 0 0 0 0
104 106 104 108 98 105 107 107 101 92 96 98 8 0 0 0 0
96 96 103 103 96 101 99 102 101 95 95 98 9 0 0 0 0
104 110 99 103 104 104 105 101 104 101 100 104 10 0 0 0 0
104 95 93 99 96 94 98 98 99 93 96 15000 11 0 0 0 0
Chip#1
108 107 102 104 102 100 99 104 104 95 102 102 0 0 192 124 66
108 105 116 126 104 115 135 111 111 128 103 107 1 0 0 0 0
101 99 248 305 98 275 449 118 200 433 144 101 2 0 0 0 0
100 100 131 153 97 154 221 105 144 238 111 96 3 0 0 0 0
102 100 92 102 98 100 104 100 102 97 100 99 4 0 0 0 0
95 94 96 98 96 97 104 97 158 254 105 85 5 0 0 0 0
96 90 91 98 97 95 93 97 132 206 98 85 6 0 0 0 0
103 100 97 106 102 100 104 103 102 92 98 96 7 0 0 0 0
97 97 102 107 101 105 102 101 100 96 100 99 8 0 0 0 0
91 94 97 98 93 97 101 97 98 89 91 90 9 0 0 0 0
101 101 98 103 103 98 101 102 101 97 98 98 10 0 0 0 0
101 96 104 103 104 97 104 103 99 100 101 15000 11 0 0 0 0
Chip#1
106 105 97 106 100 100 99 98 100 95 101 99 0 0 64 125 66
104 97 114 121 103 111 128 101 104 120 100 94 1 0 0 0 0
95 96 241 301 91 269 440 111 189 425 134 92 2 0 0 0 0
108 96 130 164 104 152 225 109 144 254 113 100 3 0 0 0 0
96 93 87 96 93 93 93 95 94 91 95 92 4 0 0 0 0
102 99 104 109 98 103 108 105 160 263 107 95 5 0 0 0 0
99 99 99 104 103 100 104 98 138 206 101 92 6 0 0 0 0
103 96 96 101 102 101 99 98 104 95 95 96 7 0 0 0 0
101 99 106 109 101 103 104 103 100 96 97 96 8 0 0 0 0
101 101 98 104 101 99 106 98 103 95 95 94 9 0 0 0 0
99 96 96 98 96 94 98 96 96 92 97 98 10 0 0 0 0
104 97 98 102 102 97 97 103 101 95 101 15000 11 0 0 0 0
Chip#1
101 97 95 98 94 94 100 97 100 89 98 96 0 0 0 126 66
108 101 114 124 102 114 138 103 108 125 103 101 1 0 0 0 0
106 102 251 310 108 275 453 121 201 441 146 104 2 0 0 0 0
99 100 133 154 102 153 220 101 138 254 114 99 3 0 0 0 0
104 102 102 101 101 101 102 102 106 104 103 102 4 0 0 0 0
99 106 103 108 101 108 111 100 164 254 112 96 5 0 0 0 0
105 99 102 114 107 101 108 105 144 222 108 101 6 0 0 0 0
102 97 97 101 102 97 101 101 104 93 97 96 7 0 0 0 0
98 102 104 113 104 104 106 103 106 99 96 96 8 0 0 0 0
101 106 105 109 105 105 111 102 102 104 101 100 9 0 0 0 0
96 93 94 98 95 95 93 95 97 95 91 94 10 0 0 0 0
103 94 95 98 98 101 101 100 100 96 93 15000 11 0 0 0 0
Chip#1
102 101 97 104 100 100 100 97 104 93 100 95 0 0 128 126 66
98 101 104 119 97 111 130 101 104 121 98 95 1 0 0 0 0
97 101 244 306 102 264 444 115 195 432 135 95 2 0 0 0 0
100 100 128 157 100 153 221 101 138 238 108 99 3 0 0 0 0
103 96 94 98 97 95 105 100 100 97 96 93 4 0 0 0 0
102 100 102 104 100 101 106 98 165 263 107 100 5 0 0 0 0
112 105 106 113 107 109 115 112 147 222 109 106 6 0 0 0 0
99 100 94 99 98 100 100 98 99 95 100 95 7 0 0 0 0
98 100 106 112 97 103 102 100 102 96 95 101 8 0 0 0 0
111 105 106 113 109 114 112 108 112 109 105 104 9 0 0 0 0
103 100 97 102 101 95 100 103 102 95 96 96 10 0 0 0 0
101 96 95 101 101 103 98 102 100 99 101 15000 11 0 0 0 0
Chip#1
105 101 100 102 101 99 100 103 100 100 100 102 0 0 64 127 66
102 96 107 126 97 109 130 102 102 120 98 95 1 0 0 0 0
98 99 242 302 100 268 442 112 196 427 134 94 2 0 0 0 0
91 95 123 153 100 148 216 98 136 254 107 98 3 0 0 0 0
98 99 93 104 96 100 101 100 98 95 102 94 4 0 0 0 0
108 107 110 118 103 110 113 109 170 263 117 106 5 0 0 0 0
102 101 95 104 100 105 101 104 140 222 107 96 6 0 0 0 0
110 105 102 110 104 106 108 112 108 96 105 106 7 0 0 0 0
99 101 102 104 101 101 104 102 101 88 101 100 8 0 0 0 0
106 100 100 109 104 109 108 102 106 101 100 107 9 0 0 0 0
104 102 99 104 102 101 104 102 108 100 96 100 10 0 0 0 0
99 97 99 98 96 99 101 100 98 92 98 15000 11 0 0 0 0
Chip#1
105 102 94 102 104 103 97 102 106 99 100 100 0 0 192 127 66
108 110 118 131 109 117 137 111 111 128 107 105 1 0 0 0 0
96 99 241 301 98 265 444 113 196 428 140 94 2 0 0 0 0
100 99 127 158 103 153 216 103 136 238 112 102 3 0 0 0 0
104 101 103 103 108 100 105 108 106 101 105 99 4 0 0 0 0
104 106 107 112 109 108 114 110 167 254 114 105 5 0 0 0 0
103 105 103 104 102 101 104 107 144 206 107 100 6 0 0 0 0
101 99 94 102 102 100 97 102 102 95 98 99 7 0 0 0 0
103 102 105 113 97 104 107 104 101 95 101 96 8 0 0 0 0
99 97 100 103 98 100 106 102 104 97 101 100 9 0 0 0 0
106 102 100 109 102 107 106 108 104 99 101 104 10 0 0 0 0
98 101 94 101 97 98 93 96 99 96 94 15000 11 0 0 0 0
Chip#1
101 102 94 101 98 100 97 100 101 96 97 100 0 0 32 128 66
99 91 106 121 98 110 127 100 101 113 94 94 1 0 0 0 0
100 101 248 307 105 273 443 115 201 430 141 99 2 0 0 0 0
100 106 134 160 104 153 220 104 143 238 114 99 3 0 0 0 0
100 99 98 106 103 101 104 105 102 99 101 100 4 0 0 0 0
97 100 103 106 95 103 106 100 160 254 111 101 5 0 0 0 0
96 100 99 103 97 103 106 104 142 206 103 96 6 0 0 0 0
102 100 102 101 104 101 104 104 104 97 101 96 7 0 0 0 0
95 99 97 107 94 101 105 100 98 87 93 95 8 0 0 0 0
104 107 103 106 103 106 108 101 102 100 102 104 9 0 0 0 0
101 100 95 99 100 99 105 101 103 99 98 101 10 0 0 0 0
101 96 94 98 95 98 94 97 96 92 101 15000 11 0 0 0 0
Chip#1
105 105 99 110 100 108 102 107 103 96 103 101 0 0 192 128 66
93 96 107 118 98 110 128 100 102 117 101 94 1 0 0 0 0
101 96 247 309 104 276 445 122 204 435 144 101 2 0 0 0 0
96 97 129 153 96 151 213 101 138 254 108 98 3 0 0 0 0
104 100 96 108 100 101 106 103 104 107 103 101 4 0 0 0 0
93 95 102 106 95 101 105 102 163 254 105 93 5 0 0 0 0
102 102 103 110 105 106 111 109 152 206 108 100 6 0 0 0 0
92 95 95 97 100 97 100 97 101 93 96 96 7 0 0 0 0
92 94 102 103 95 103 102 103 102 88 95 93 8 0 0 0 0
96 97 100 99 95 101 102 102 101 88 96 96 9 0 0 0 0
98 94 95 101 100 97 101 98 99 93 98 95 10 0 0 0 0
99 95 95 97 98 98 102 100 101 93 101 15000 11 0 0 0 0
Chip#1
102 104 94 102 100 101 99 101 100 99 100 105 0 0 96 129 66
102 99 108 120 100 112 127 103 107 124 100 99 1 0 0 0 0
95 98 238 298 95 264 434 110 194 431 138 93 2 0 0 0 0
99 96 131 151 101 151 218 101 136 254 108 96 3 0 0 0 0
98 98 97 102 96 98 101 101 102 92 97 96 4 0 0 0 0
98 99 102 112 98 105 107 103 162 254 107 96 5 0 0 0 0
105 105 102 110 108 109 109 109 145 206 112 104 6 0 0 0 0
102 102 98 98 103 100 105 101 107 99 102 99 7 0 0 0 0
97 101 107 109 100 108 109 104 104 95 96 104 8 0 0 0 0
97 97 96 98 94 97 102 93 94 89 95 96 9 0 0 0 0
98 95 95 102 100 97 98 101 100 89 96 92 10 0 0 0 0
99 100 95 101 96 98 99 97 100 95 96 15000 11 0 0 0 0
Chip#1
99 100 93 99 94 100 97 96 100 93 96 98 0 0 32 130 66
95 89 104 115 94 105 128 96 100 117 94 93 1 0 0 0 0
106 96 241 300 107 276 441 110 199 427 140 98 2 0 0 0 0
98 100 126 152 97 148 216 102 134 254 106 94 3 0 0 0 0
105 105 98 106 107 106 104 107 106 107 103 104 4 0 0 0 0
97 93 99 104 96 100 102 96 159 263 111 96 5 0 0 0 0
108 102 102 107 103 105 109 105 147 222 109 102 6 0 0 0 0
96 94 93 93 91 94 97 91 96 91 95 93 7 0 0 0 0
100 102 105 109 101 104 111 104 102 97 98 104 8 0 0 0 0
98 102 103 106 104 103 107 102 102 93 97 98 9 0 0 0 0
97 99 99 97 98 98 100 100 100 100 95 93 10 0 0 0 0
106 99 97 102 102 103 101 103 104 99 101 15000 11 0 0 0 0
Chip#1
103 100 96 103 101 99 102 107 101 96 100 107 0 0 128 130 66
98 97 110 125 101 115 130 108 111 128 101 101 1 0 0 0 0
105 102 245 308 107 270 441 119 201 433 153 101 2 0 0 0 0
105 109 132 158 102 156 222 107 139 254 114 100 3 0 0 0 0
97 96 92 96 100 97 98 101 98 91 95 95 4 0 0 0 0
98 99 105 107 97 103 107 108 160 254 112 96 5 0 0 0 0
111 107 105 112 107 111 112 112 147 222 109 101 6 0 0 0 0
102 100 96 102 103 101 100 100 104 96 100 96 7 0 0 0 0
104 96 106 109 103 106 102 102 103 96 98 102 8 0 0 0 0
105 102 98 104 101 103 106 103 102 100 100 101 9 0 0 0 0
97 97 96 104 97 99 99 103 101 97 98 102 10 0 0 0 0
104 104 99 108 108 106 100 104 108 99 100 15000 11 0 0 0 0
Chip#1
111 112 102 109 107 110 112 114 112 109 108 111 0 0 32 131 66
101 102 114 126 100 112 132 108 106 121 98 100 1 0 0 0 0
101 99 242 299 96 271 436 113 195 423 138 93 2 0 0 0 0
97 97 125 152 94 145 213 98 138 238 106 90 3 0 0 0 0
106 105 97 102 103 104 108 104 107 105 106 102 4 0 0 0 0
98 95 99 102 95 99 105 98 162 238 106 95 5 0 0 0 0
102 101 95 103 100 104 100 98 139 206 101 94 6 0 0 0 0
103 102 93 101 101 103 100 103 102 96 103 94 7 0 0 0 0
106 105 105 110 103 105 106 104 99 104 100 100 8 0 0 0 0
96 96 100 99 94 99 99 97 98 91 94 95 9 0 0 0 0
98 100 97 104 96 97 102 101 101 93 94 94 10 0 0 0 0
101 99 93 101 96 99 97 100 99 97 95 15000 11 0 0 0 0
Chip#1
110 106 97 108 105 103 104 104 106 101 102 104 0 0 128 131 66
104 93 108 124 97 106 128 100 104 114 96 90 1 0 0 0 0
99 95 242 300 100 267 433 117 199 428 138 95 2 0 0 0 0
102 97 127 155 100 147 214 98 137 254 108 93 3 0 0 0 0
111 107 106 108 102 108 109 110 112 104 103 102 4 0 0 0 0
98 99 104 104 101 100 109 102 158 254 109 90 5 0 0 0 0
99 97 96 107 96 98 105 96 139 206 101 98 6 0 0 0 0
104 100 92 101 102 97 101 98 102 92 95 94 7 0 0 0 0
105 102 105 110 109 106 108 104 108 95 103 100 8 0 0 0 0
105 96 104 104 100 101 108 104 102 100 100 98 9 0 0 0 0
106 102 103 106 105 103 106 103 103 96 100 100 10 0 0 0 0
99 96 96 104 100 99 102 98 102 103 100 15000 11 0 0 0 0
Chip#1
99 96 86 96 93 94 92 95 94 95 89 93 0 0 224 131 66
93 94 104 115 100 108 122 100 102 117 100 94 1 0 0 0 0
99 99 244 301 101 268 435 117 197 427 143 94 2 0 0 0 0
99 100 127 155 100 154 215 105 138 254 106 99 3 0 0 0 0
104 100 98 106 102 103 108 102 101 104 102 96 4 0 0 0 0
100 97 96 102 94 98 104 97 159 254 101 92 5 0 0 0 0
100 105 102 106 102 103 112 103 143 206 108 96 6 0 0 0 0
97 99 93 96 96 93 99 95 96 91 91 93 7 0 0 0 0
108 102 102 116 105 110 113 108 104 101 100 101 8 0 0 0 0
102 99 104 107 104 100 111 103 100 97 100 96 9 0 0 0 0
104 100 99 107 103 98 105 105 106 100 102 99 10 0 0 0 0
101 99 96 107 102 100 104 109 102 99 102 15000 11 0 0 0 0
Chip#1
101 101 96 99 102 100 100 101 104 96 98 96 0 0 96 132 66
97 96 106 120 101 109 128 97 106 116 98 93 1 0 0 0 0
99 101 239 305 107 269 434 117 196 430 138 99 2 0 0 0 0
98 95 123 155 100 146 213 102 134 238 109 92 3 0 0 0 0
102 100 98 103 102 103 98 103 101 101 100 95 4 0 0 0 0
97 99 105 109 101 103 106 104 159 254 112 93 5 0 0 0 0
99 102 96 104 98 99 107 102 138 206 105 100 6 0 0 0 0
95 93 92 95 95 97 94 96 97 91 92 85 7 0 0 0 0
103 104 107 112 101 103 105 102 106 97 100 96 8 0 0 0 0
97 93 97 102 91 94 104 97 100 89 91 92 9 0 0 0 0
99 102 94 102 97 101 97 100 100 96 100 96 10 0 0 0 0
101 99 98 107 101 101 98 103 106 97 101 15000 11 0 0 0 0
Chip#1
103 106 100 107 104 104 102 108 107 103 106 101 0 0 192 132 66
105 99 110 125 100 112 131 108 106 118 100 104 1 0 0 0 0
104 104 241 300 105 271 434 117 201 433 144 102 2 0 0 0 0
99 97 130 149 102 151 217 107 139 238 111 98 3 0 0 0 0
103 91 96 97 98 99 97 96 102 99 97 96 4 0 0 0 0
101 97 105 106 98 101 107 105 162 254 108 95 5 0 0 0 0
101 97 99 102 100 98 102 97 137 206 101 95 6 0 0 0 0
110 109 99 107 108 105 106 105 104 107 101 104 7 0 0 0 0
103 105 108 109 105 109 107 107 107 104 102 102 8 0 0 0 0
102 99 97 103 100 103 104 101 98 96 97 95 9 0 0 0 0
105 109 99 103 104 103 106 108 103 99 100 105 10 0 0 0 0
95 94 94 95 96 98 98 96 98 95 92 15000 11 0 0 0 0
Chip#1
99 100 95 102 98 97 99 100 102 101 97 98 0 0 32 133 66
96 91 103 114 94 100 121 97 97 124 92 92 1 0 0 0 0
106 104 244 305 101 270 434 117 200 426 140 101 2 0 0 0 0
104 94 126 155 95 148 213 100 139 238 109 94 3 0 0 0 0
97 95 92 96 96 95 96 98 102 93 91 90 4 0 0 0 0
104 102 105 113 101 106 107 105 167 254 112 96 5 0 0 0 0
96 97 94 101 100 99 104 102 139 206 101 98 6 0 0 0 0
98 99 93 102 101 99 102 103 103 97 96 96 7 0 0 0 0
102 95 105 109 101 101 104 101 102 95 96 95 8 0 0 0 0
102 97 100 106 97 103 106 103 103 97 98 99 9 0 0 0 0
99 100 97 106 103 100 104 104 104 95 97 100 10 0 0 0 0
104 99 99 101 100 99 100 102 106 101 103 15000 11 0 0 0 0
Chip#1
104 101 96 98 103 97 101 98 99 95 98 98 0 0 128 133 66
99 96 113 120 96 111 132 101 104 126 100 99 1 0 0 0 0
96 99 236 296 102 260 435 115 196 421 138 99 2 0 0 0 0
98 97 126 151 100 147 216 105 134 238 106 94 3 0 0 0 0
103 102 100 104 103 103 104 107 107 107 103 98 4 0 0 0 0
103 105 105 104 101 106 112 104 165 238 110 99 5 0 0 0 0
105 105 102 108 103 103 109 107 139 206 109 100 6 0 0 0 0
97 97 92 101 100 93 99 96 101 91 96 94 7 0 0 0 0
99 104 100 108 101 101 101 101 100 95 100 94 8 0 0 0 0
98 100 100 107 101 103 105 104 102 92 98 94 9 0 0 0 0
102 102 97 98 104 95 102 103 101 101 102 96 10 0 0 0 0
96 95 91 97 95 89 92 94 96 89 95 15000 11 0 0 0 0
Chip#1
102 96 94 96 98 98 98 97 98 93 96 98 0 0 224 133 66
99 100 111 120 102 108 124 98 101 121 102 93 1 0 0 0 0
98 102 238 296 103 265 430 116 197 423 143 96 2 0 0 0 0
103 102 129 153 101 150 209 105 137 254 112 98 3 0 0 0 0
96 97 95 101 97 99 97 98 100 95 100 93 4 0 0 0 0
91 93 97 101 97 94 106 98 157 238 103 90 5 0 0 0 0
100 96 99 98 102 99 106 101 137 206 102 94 6 0 0 0 0
100 98 95 97 100 99 98 98 101 92 97 94 7 0 0 0 0
97 99 102 110 101 101 106 102 103 99 98 96 8 0 0 0 0
99 97 100 98 95 101 105 96 99 95 97 94 9 0 0 0 0
98 101 99 102 104 98 101 104 100 99 96 96 10 0 0 0 0
99 102 95 103 98 99 98 104 103 95 98 15000 11 0 0 0 0
Chip#1
104 105 97 99 103 99 99 101 101 100 95 99 0 0 32 134 66
102 97 110 123 105 111 129 110 104 128 102 98 1 0 0 0 0
97 97 234 296 97 263 429 116 197 422 138 96 2 0 0 0 0
98 98 120 149 100 142 212 100 132 238 106 96 3 0 0 0 0
103 99 97 99 98 100 102 101 99 100 95 96 4 0 0 0 0
100 102 102 109 103 104 111 103 160 254 111 95 5 0 0 0 0
103 105 100 103 101 106 106 103 140 206 106 100 6 0 0 0 0
105 100 97 101 102 101 101 102 104 99 100 100 7 0 0 0 0
95 101 103 107 102 100 109 104 102 95 97 98 8 0 0 0 0
102 99 99 102 102 104 108 101 104 101 100 95 9 0 0 0 0
97 96 95 101 95 98 99 97 100 89 91 93 10 0 0 0 0
103 99 96 101 100 99 100 103 101 97 100 15000 11 0 0 0 0
Chip#1
99 102 98 101 100 99 96 101 98 97 98 99 0 0 128 134 66
103 99 111 120 104 111 132 105 104 124 101 98 1 0 0 0 0
99 100 241 301 103 265 432 117 200 425 141 100 2 0 0 0 0
99 100 128 157 101 150 220 105 139 254 114 96 3 0 0 0 0
103 100 96 103 97 105 106 103 100 103 100 100 4 0 0 0 0
98 99 100 104 100 103 104 105 158 254 108 95 5 0 0 0 0
102 105 99 108 105 109 108 108 143 222 111 101 6 0 0 0 0
103 101 99 99 101 104 108 104 102 100 101 101 7 0 0 0 0
104 100 105 112 102 104 107 107 100 97 101 98 8 0 0 0 0
108 104 103 106 101 108 108 100 103 103 103 101 9 0 0 0 0
106 105 103 104 102 98 104 107 103 101 101 101 10 0 0 0 0
93 95 93 96 91 97 99 102 97 95 97 15000 11 0 0 0 0
Chip#1
109 105 98 104 101 101 100 103 100 101 105 104 0 0 192 134 66
102 99 109 124 100 112 130 100 106 118 102 102 1 0 0 0 0
103 97 235 296 100 262 429 118 194 421 136 98 2 0 0 0 0
102 97 130 149 96 152 212 102 138 238 109 96 3 0 0 0 0
105 99 103 104 105 105 104 98 104 108 101 101 4 0 0 0 0
103 101 108 108 101 100 111 105 162 254 109 96 5 0 0 0 0
103 102 100 109 103 105 109 105 145 206 111 99 6 0 0 0 0
102 97 100 102 102 103 106 105 106 95 102 99 7 0 0 0 0
98 99 102 106 104 103 105 104 101 97 101 99 8 0 0 0 0
99 101 99 101 97 104 106 102 102 99 100 96 9 0 0 0 0
104 106 102 108 107 106 112 107 107 103 103 101 10 0 0 0 0
104 102 97 101 98 100 102 102 100 105 98 15000 11 0 0 0 0
Chip#1
102 97 97 101 100 101 102 100 97 99 97 102 0 0 32 135 66
104 96 109 123 103 106 130 102 103 122 100 100 1 0 0 0 0
93 90 233 292 96 254 419 113 193 416 135 89 2 0 0 0 0
98 97 121 149 96 146 206 101 133 238 103 95 3 0 0 0 0
102 99 95 101 100 98 99 101 102 96 100 98 4 0 0 0 0
102 94 100 107 100 100 106 98 160 254 109 96 5 0 0 0 0
100 96 93 98 96 99 102 100 137 206 102 90 6 0 0 0 0
101 95 96 98 101 98 102 98 98 95 98 95 7 0 0 0 0
99 104 103 106 97 98 105 100 101 93 100 98 8 0 0 0 0
97 96 98 99 101 101 104 98 99 97 97 96 9 0 0 0 0
109 107 103 109 110 107 109 109 112 107 108 108 10 0 0 0 0
104 104 98 108 105 103 106 103 102 96 100 15000 11 0 0 0 0
Chip#1
105 105 98 103 104 97 104 102 103 101 100 101 0 0 96 135 66
102 97 106 121 98 111 124 98 103 124 98 96 1 0 0 0 0
103 99 242 299 102 273 434 114 196 423 143 99 2 0 0 0 0
96 96 129 154 98 145 212 103 136 238 113 98 3 0 0 0 0
96 96 94 98 97 98 99 97 100 96 95 94 4 0 0 0 0
96 98 100 103 98 98 105 97 152 238 100 94 5 0 0 0 0
96 104 104 99 102 104 105 102 139 206 102 98 6 0 0 0 0
101 101 97 103 102 95 101 101 103 93 96 95 7 0 0 0 0
104 100 106 114 102 110 112 111 108 99 103 102 8 0 0 0 0
102 105 104 107 109 110 111 110 103 107 102 102 9 0 0 0 0
97 99 95 97 100 100 101 102 99 91 94 96 10 0 0 0 0
101 99 95 99 98 99 100 102 100 95 101 15000 11 0 0 0 0
Chip#1
98 97 93 97 100 94 94 98 100 92 95 98 0 0 224 135 66
104 100 113 124 101 115 133 105 107 130 105 100 1 0 0 0 0
103 106 244 302 104 269 435 121 197 423 144 100 2 0 0 0 0
101 99 129 155 101 151 216 105 144 254 117 100 3 0 0 0 0
96 100 96 96 100 101 102 103 101 95 96 95 4 0 0 0 0
97 95 100 107 98 101 108 96 160 238 105 96 5 0 0 0 0
103 97 104 104 102 100 104 105 141 190 105 100 6 0 0 0 0
99 100 98 101 100 103 104 100 99 92 96 93 7 0 0 0 0
92 93 97 103 94 97 101 96 96 88 95 93 8 0 0 0 0
99 99 97 107 94 99 104 96 103 93 98 96 9 0 0 0 0
98 99 95 98 98 95 100 100 100 99 95 94 10 0 0 0 0
101 100 95 101 97 100 101 101 101 92 98 15000 11 0 0 0 0
Chip#1
101 99 92 96 93 95 94 100 97 89 95 98 0 0 128 136 66
102 101 110 126 103 111 131 103 107 117 101 102 1 0 0 0 0
101 100 238 296 102 268 430 119 199 421 141 100 2 0 0 0 0
104 101 130 154 103 152 214 104 143 254 108 99 3 0 0 0 0
100 101 98 101 98 100 101 103 103 99 98 99 4 0 0 0 0
101 101 104 107 104 105 114 104 160 254 108 96 5 0 0 0 0
106 102 103 108 100 105 108 109 140 222 106 100 6 0 0 0 0
97 96 98 99 102 104 104 102 102 96 97 94 7 0 0 0 0
98 96 102 106 102 104 102 101 101 96 96 95 8 0 0 0 0
92 97 102 101 97 100 102 98 99 93 96 96 9 0 0 0 0
99 101 98 106 103 100 104 103 103 99 98 100 10 0 0 0 0
106 104 99 103 107 104 107 104 104 101 100 15000 11 0 0 0 0
Chip#1
99 96 92 98 97 103 99 98 98 92 100 95 0 0 0 137 66
96 95 106 120 98 108 128 100 101 120 97 95 1 0 0 0 0
97 97 232 294 98 262 425 113 195 418 141 96 2 0 0 0 0
106 104 130 155 108 154 218 107 147 254 117 104 3 0 0 0 0
96 99 97 96 97 98 98 102 100 99 95 92 4 0 0 0 0
105 102 106 108 98 108 111 104 162 254 112 95 5 0 0 0 0
101 104 100 104 101 104 107 105 137 206 106 100 6 0 0 0 0
105 102 98 104 108 104 108 107 106 97 105 100 7 0 0 0 0
103 102 106 114 100 105 108 101 106 99 105 99 8 0 0 0 0
96 100 98 103 96 105 106 101 99 92 98 96 9 0 0 0 0
97 97 92 98 97 97 100 98 104 93 98 94 10 0 0 0 0
106 102 100 101 103 109 100 103 106 104 106 15000 11 0 0 0 0
Chip#1
106 102 94 103 103 99 101 103 103 93 101 99 0 0 96 137 66
101 104 108 123 103 112 132 104 107 125 103 98 1 0 0 0 0
103 101 235 296 108 268 429 118 196 416 143 100 2 0 0 0 0
99 106 131 160 105 151 217 109 139 238 116 105 3 0 0 0 0
101 100 93 99 98 99 98 102 99 96 96 94 4 0 0 0 0
102 97 100 108 102 100 112 100 157 238 108 99 5 0 0 0 0
102 102 99 109 104 101 111 107 142 206 105 98 6 0 0 0 0
98 100 94 99 102 98 99 101 101 96 98 93 7 0 0 0 0
105 105 110 109 105 106 108 107 103 103 101 98 8 0 0 0 0
102 97 99 106 102 103 104 101 101 99 100 95 9 0 0 0 0
98 100 94 101 103 99 101 107 102 97 93 98 10 0 0 0 0
97 96 94 99 100 98 98 96 96 92 95 15000 11 0 0 0 0
Chip#1
103 96 93 98 102 95 100 97 97 92 96 99 0 0 0 138 66
101 99 113 124 101 115 128 105 103 118 103 99 1 0 0 0 0
102 97 238 295 103 261 423 115 191 417 141 94 2 0 0 0 0
99 97 125 148 97 151 202 102 136 238 106 94 3 0 0 0 0
99 100 94 103 98 103 101 101 100 100 100 101 4 0 0 0 0
99 96 98 101 98 105 108 102 158 254 107 96 5 0 0 0 0
104 99 104 107 102 108 107 108 143 206 105 98 6 0 0 0 0
99 104 100 103 103 104 105 104 104 99 102 99 7 0 0 0 0
99 101 104 108 98 105 102 102 99 91 96 96 8 0 0 0 0
104 107 106 108 103 109 109 103 102 103 100 101 9 0 0 0 0
105 104 103 109 105 107 104 108 102 103 103 102 10 0 0 0 0
103 101 98 95 102 101 100 105 98 96 93 15000 11 0 0 0 0
Chip#1
110 109 98 109 107 104 104 109 107 101 105 105 0 0 128 138 66
99 96 109 112 97 109 124 100 102 118 94 95 1 0 0 0 0
108 106 242 299 110 267 427 125 205 425 153 110 2 0 0 0 0
102 105 134 152 102 153 217 110 140 254 116 105 3 0 0 0 0
99 96 91 96 100 100 101 103 99 97 98 95 4 0 0 0 0
101 102 107 110 103 108 113 107 164 254 116 98 5 0 0 0 0
97 99 98 103 101 97 105 101 134 206 103 93 6 0 0 0 0
104 100 97 99 104 99 100 105 103 96 103 100 7 0 0 0 0
104 101 104 108 103 108 109 101 103 101 102 100 8 0 0 0 0
102 104 105 109 103 101 108 104 103 99 102 100 9 0 0 0 0
99 101 99 103 101 100 102 105 101 99 101 98 10 0 0 0 0
103 101 98 101 101 101 99 103 100 99 100 15000 11 0 0 0 0
Chip#1
110 106 103 107 108 106 107 112 103 107 106 111 0 0 192 138 66
99 96 108 118 98 109 127 100 101 121 97 94 1 0 0 0 0
101 97 238 292 102 262 424 115 193 416 139 100 2 0 0 0 0
101 97 128 147 97 146 208 104 137 238 109 98 3 0 0 0 0
96 94 95 93 96 92 99 98 97 103 95 92 4 0 0 0 0
96 95 98 101 98 99 107 96 154 254 106 92 5 0 0 0 0
105 105 104 112 104 109 108 108 139 206 106 104 6 0 0 0 0
103 101 97 102 105 103 101 101 101 97 100 96 7 0 0 0 0
95 99 103 101 96 103 100 97 94 93 98 92 8 0 0 0 0
102 100 98 103 105 106 113 104 102 100 101 101 9 0 0 0 0
96 94 93 98 98 95 98 101 97 96 95 94 10 0 0 0 0
102 100 94 102 101 99 102 100 99 97 97 15000 11 0 0 0 0
Chip#1
105 104 95 107 97 100 100 103 100 99 96 101 0 0 32 139 66
103 96 114 124 98 110 129 101 102 122 101 99 1 0 0 0 0
99 97 235 291 102 259 418 115 191 415 141 96 2 0 0 0 0
98 99 126 151 98 148 205 100 134 238 113 96 3 0 0 0 0
100 95 97 98 101 101 100 102 102 97 96 95 4 0 0 0 0
103 104 107 109 103 109 109 109 159 254 113 100 5 0 0 0 0
98 100 102 108 101 101 106 104 136 206 106 99 6 0 0 0 0
103 101 98 104 105 103 106 107 104 97 100 98 7 0 0 0 0
103 99 104 116 101 106 106 105 106 93 98 100 8 0 0 0 0
91 96 95 98 95 100 102 98 98 92 95 93 9 0 0 0 0
102 94 95 99 101 95 98 98 100 91 95 96 10 0 0 0 0
110 105 97 106 103 106 108 104 102 104 106 15000 11 0 0 0 0
Chip#1
103 101 93 101 100 100 98 102 100 97 98 101 0 0 128 139 66
101 99 107 125 103 110 129 104 107 124 100 98 1 0 0 0 0
104 101 235 291 104 262 417 115 196 416 141 95 2 0 0 0 0
109 109 131 160 109 156 217 111 143 238 112 105 3 0 0 0 0
106 105 103 109 104 104 112 110 108 109 108 101 4 0 0 0 0
102 102 106 110 102 104 111 102 164 238 112 96 5 0 0 0 0
109 106 106 107 104 103 106 107 143 206 109 111 6 0 0 0 0
96 93 95 101 95 100 94 97 100 91 95 90 7 0 0 0 0
100 99 105 108 97 103 104 98 103 91 96 96 8 0 0 0 0
97 97 102 103 102 106 104 105 99 91 96 100 9 0 0 0 0
98 95 95 104 100 99 98 98 102 97 96 96 10 0 0 0 0
99 96 93 98 96 94 94 96 96 87 96 15000 11 0 0 0 0
Chip#1
108 107 100 107 105 103 106 107 101 101 102 101 0 0 224 139 66
100 102 108 120 102 111 130 104 103 122 101 96 1 0 0 0 0
103 104 239 298 109 265 427 122 202 421 144 104 2 0 0 0 0
97 104 122 151 98 145 205 100 133 238 109 93 3 0 0 0 0
98 97 94 102 98 95 101 98 100 95 95 96 4 0 0 0 0
104 101 107 109 105 98 113 105 164 263 118 101 5 0 0 0 0
102 104 104 107 97 103 106 102 142 222 108 96 6 0 0 0 0
110 100 103 106 107 103 104 101 106 100 98 100 7 0 0 0 0
97 96 99 106 98 101 108 102 102 93 95 94 8 0 0 0 0
102 97 103 104 100 105 105 102 103 100 98 100 9 0 0 0 0
102 99 96 106 100 99 101 102 100 91 97 98 10 0 0 0 0
104 97 96 102 100 98 105 104 102 99 101 15000 11 0 0 0 0
Chip#1
105 99 93 101 97 99 99 100 101 95 97 96 0 0 32 140 66
110 100 117 127 104 120 132 113 111 132 109 102 1 0 0 0 0
104 100 239 298 107 262 424 118 201 415 141 101 2 0 0 0 0
104 102 127 154 101 153 212 108 138 238 114 101 3 0 0 0 0
100 102 97 103 103 106 102 105 102 101 101 101 4 0 0 0 0
99 100 98 106 98 100 101 101 154 238 110 93 5 0 0 0 0
110 106 105 115 109 106 109 109 145 206 112 100 6 0 0 0 0
101 97 98 99 102 99 102 100 100 91 100 99 7 0 0 0 0
103 101 105 113 107 111 111 105 108 103 101 100 8 0 0 0 0
108 102 103 109 103 108 107 102 101 101 102 99 9 0 0 0 0
99 105 98 104 103 103 102 101 102 95 95 99 10 0 0 0 0
100 95 94 99 97 98 97 100 98 91 98 15000 11 0 0 0 0
Chip#1
104 102 100 101 102 98 100 102 100 96 103 104 0 0 128 140 66
101 95 110 121 103 110 128 102 103 121 102 98 1 0 0 0 0
106 104 234 295 109 259 420 121 199 412 146 104 2 0 0 0 0
98 94 127 148 101 148 207 100 133 238 111 93 3 0 0 0 0
98 99 93 95 97 97 94 96 94 96 93 95 4 0 0 0 0
104 101 108 108 104 106 111 105 165 254 119 105 5 0 0 0 0
109 104 105 109 104 110 112 107 145 206 113 105 6 0 0 0 0
98 104 95 101 102 104 104 98 102 91 97 94 7 0 0 0 0
97 100 104 104 94 105 107 100 100 95 100 98 8 0 0 0 0
103 102 99 101 104 106 108 103 104 100 101 101 9 0 0 0 0
101 100 92 97 100 95 96 98 100 95 98 100 10 0 0 0 0
99 96 91 96 97 100 91 101 102 99 106 15000 11 0 0 0 0
Chip#1
104 102 99 107 97 99 100 102 103 99 103 102 0 0 224 140 66
103 97 111 121 102 114 125 103 102 122 102 102 1 0 0 0 0
104 95 240 296 102 262 415 119 195 413 140 98 2 0 0 0 0
99 101 127 155 97 152 208 101 138 222 111 100 3 0 0 0 0
102 105 100 106 100 103 102 107 103 101 102 104 4 0 0 0 0
89 93 95 102 93 93 98 97 149 254 101 89 5 0 0 0 0
97 95 95 102 97 99 99 101 134 190 106 90 6 0 0 0 0
95 96 94 101 98 99 99 98 98 93 95 92 7 0 0 0 0
101 101 104 112 100 104 106 104 101 93 100 98 8 0 0 0 0
99 96 95 106 101 99 104 95 98 93 94 94 9 0 0 0 0
106 106 102 109 104 101 104 110 108 104 105 100 10 0 0 0 0
104 99 96 103 102 99 107 100 103 100 100 15000 11 0 0 0 0
Chip#1
109 106 102 107 107 108 105 110 106 99 103 104 0 0 64 141 66
99 97 106 120 100 108 127 105 99 116 96 95 1 0 0 0 0
99 101 233 293 102 261 416 116 192 415 139 96 2 0 0 0 0
95 94 118 145 96 144 204 96 132 238 103 92 3 0 0 0 0
103 101 96 103 105 104 107 102 106 100 103 99 4 0 0 0 0
98 101 102 109 96 104 109 103 154 238 113 93 5 0 0 0 0
102 104 102 107 105 109 112 109 140 206 108 100 6 0 0 0 0
105 102 99 103 105 105 104 104 104 101 106 99 7 0 0 0 0
101 97 105 103 98 103 105 101 98 92 95 96 8 0 0 0 0
91 95 94 97 95 101 100 97 98 92 93 92 9 0 0 0 0
93 94 89 96 93 95 96 96 98 89 90 88 10 0 0 0 0
102 96 94 101 100 98 99 103 98 96 98 15000 11 0 0 0 0
Chip#1
106 101 97 103 101 101 99 104 101 100 101 104 0 0 160 141 66
98 95 104 115 102 108 128 98 100 114 101 98 1 0 0 0 0
95 94 226 288 97 253 416 111 193 412 134 93 2 0 0 0 0
98 94 122 152 95 145 205 100 133 238 108 93 3 0 0 0 0
101 97 92 99 94 99 97 95 99 100 97 89 4 0 0 0 0
96 95 100 104 100 99 105 103 153 238 108 90 5 0 0 0 0
101 96 100 106 104 100 105 103 137 206 108 96 6 0 0 0 0
105 109 99 107 105 109 108 104 111 104 107 101 7 0 0 0 0
95 100 102 110 98 100 108 102 99 99 97 99 8 0 0 0 0
102 97 100 104 97 104 106 103 100 99 100 98 9 0 0 0 0
106 106 99 109 102 108 106 109 106 109 101 101 10 0 0 0 0
98 93 93 102 95 91 94 101 94 96 98 15000 11 0 0 0 0
Chip#1
106 109 103 109 103 106 111 105 108 100 108 105 0 0 224 141 66
96 93 103 118 100 105 127 95 99 113 97 94 1 0 0 0 0
98 95 232 287 100 253 412 115 193 406 135 93 2 0 0 0 0
106 107 133 159 107 153 215 110 141 238 117 104 3 0 0 0 0
103 104 102 107 108 105 106 105 106 105 101 99 4 0 0 0 0
102 104 104 114 104 109 112 105 163 254 113 104 5 0 0 0 0
102 101 103 107 103 101 108 102 142 206 107 98 6 0 0 0 0
96 96 95 99 98 95 100 100 99 92 100 92 7 0 0 0 0
101 104 105 113 103 106 113 104 102 97 100 100 8 0 0 0 0
97 90 97 98 97 100 100 100 101 95 95 96 9 0 0 0 0
95 98 92 101 95 97 93 101 100 86 91 92 10 0 0 0 0
96 95 86 97 94 93 96 91 96 91 95 15000 11 0 0 0 0
Chip#1
99 99 96 103 104 103 104 96 100 97 100 101 0 0 32 142 66
98 91 106 120 102 106 125 98 104 116 101 96 1 0 0 0 0
99 97 233 292 100 258 412 114 191 411 141 100 2 0 0 0 0
98 104 128 151 101 147 210 102 137 238 107 95 3 0 0 0 0
99 104 97 104 102 104 104 101 103 104 105 99 4 0 0 0 0
103 100 104 110 102 101 108 103 154 254 111 100 5 0 0 0 0
108 106 105 114 108 106 111 108 144 206 114 104 6 0 0 0 0
106 99 100 106 105 105 107 102 106 96 103 101 7 0 0 0 0
95 96 100 101 94 98 101 100 98 93 98 90 8 0 0 0 0
98 93 98 103 96 103 105 100 96 100 100 95 9 0 0 0 0
99 100 98 104 101 95 101 95 101 97 100 96 10 0 0 0 0
108 102 96 103 101 100 101 104 100 99 100 15000 11 0 0 0 0
Chip#1
109 104 99 108 104 99 101 103 101 99 103 105 0 0 160 142 66
96 94 105 118 98 103 121 98 101 121 98 94 1 0 0 0 0
106 104 237 294 103 261 417 115 195 417 144 99 2 0 0 0 0
96 94 123 146 100 145 208 101 136 238 108 94 3 0 0 0 0
98 99 94 99 97 97 100 98 101 100 94 93 4 0 0 0 0
102 100 98 108 100 98 109 101 160 238 112 94 5 0 0 0 0
97 98 96 104 95 101 105 105 136 190 103 100 6 0 0 0 0
105 102 94 104 103 99 100 103 99 97 97 98 7 0 0 0 0
108 104 107 121 107 109 111 111 109 105 103 108 8 0 0 0 0
95 93 92 104 97 97 100 94 97 89 92 92 9 0 0 0 0
97 99 100 104 101 100 101 105 101 101 101 98 10 0 0 0 0
101 100 96 103 98 101 98 105 101 101 103 15000 11 0 0 0 0
Chip#1
106 101 96 104 100 100 101 104 104 103 101 102 0 0 32 143 66
106 99 110 124 103 110 130 102 111 125 102 101 1 0 0 0 0
100 95 229 286 98 252 410 110 191 404 135 94 2 0 0 0 0
105 100 131 158 103 150 213 108 142 238 114 102 3 0 0 0 0
111 102 106 112 107 103 108 104 108 109 109 107 4 0 0 0 0
103 94 107 109 103 104 114 104 167 254 116 99 5 0 0 0 0
104 105 105 104 102 104 111 105 140 206 109 99 6 0 0 0 0
103 101 99 103 104 105 107 104 106 97 103 99 7 0 0 0 0
99 97 107 113 105 104 108 105 106 96 101 104 8 0 0 0 0
100 97 102 106 98 103 102 96 107 97 97 99 9 0 0 0 0
104 102 104 110 104 98 108 104 108 97 103 104 10 0 0 0 0
108 102 99 106 104 103 104 108 103 99 103 15000 11 0 0 0 0
Chip#1
104 106 98 106 102 103 106 107 103 101 105 103 0 0 128 143 66
101 99 111 123 98 108 127 102 103 124 100 98 1 0 0 0 0
102 100 236 293 104 258 416 118 192 413 148 100 2 0 0 0 0
100 100 122 148 104 147 205 98 132 222 111 99 3 0 0 0 0
105 106 102 108 107 108 109 111 111 108 106 106 4 0 0 0 0
98 99 102 107 98 99 106 101 157 238 108 95 5 0 0 0 0
106 106 108 110 102 109 113 108 141 206 113 104 6 0 0 0 0
102 97 98 106 102 99 100 103 101 96 97 96 7 0 0 0 0
96 95 99 108 94 100 105 101 97 92 96 96 8 0 0 0 0
101 105 105 108 101 105 113 103 106 101 102 96 9 0 0 0 0
101 100 100 104 100 99 101 98 100 93 98 94 10 0 0 0 0
98 97 94 102 98 101 97 103 100 97 98 15000 11 0 0 0 0
Chip#1
106 106 104 108 105 105 106 104 103 104 106 102 0 0 0 144 66
102 100 110 125 98 109 131 105 107 124 103 98 1 0 0 0 0
101 97 233 292 102 257 415 116 196 416 138 104 2 0 0 0 0
96 99 128 148 98 147 207 101 134 238 112 95 3 0 0 0 0
102 102 98 108 103 100 104 103 103 105 103 96 4 0 0 0 0
100 94 99 104 97 103 104 98 153 238 106 95 5 0 0 0 0
92 91 94 97 94 93 98 97 129 190 98 88 6 0 0 0 0
103 97 99 108 102 101 104 104 108 100 101 101 7 0 0 0 0
99 99 108 114 100 104 109 98 103 96 98 98 8 0 0 0 0
104 99 105 112 103 103 109 102 107 103 103 101 9 0 0 0 0
104 107 104 104 104 103 105 110 104 101 100 101 10 0 0 0 0
104 101 99 98 101 97 100 101 100 96 97 15000 11 0 0 0 0
Chip#1
102 100 97 102 100 99 99 103 101 97 102 99 0 0 128 144 66
98 99 107 120 97 108 125 98 103 113 97 98 1 0 0 0 0
104 101 234 292 103 259 418 116 195 407 141 98 2 0 0 0 0
97 95 120 148 95 141 202 98 133 238 103 93 3 0 0 0 0
102 102 99 104 105 104 104 108 102 111 107 101 4 0 0 0 0
3 0 0 13 0 0 5 0 0 7 0 0 0 0 0 0 0
3 0 0 13 0 0 5 0 0 7 0 0 0 0 0 0 0
3 0 0 13 0 0 5 0 0 7 0 0 0 0 0 0 0
3 0 0 13 0 0 5 0 0 7 0 0 0 0 0 0 0
3 0 0 13 0 0 5 0 0 7 0 0 0 0 0 0 0
3 0 0 13 0 0 5 0 0 7 0 0 0 0 0 0 0
3 0 0 13 0 0 5 0 0 7 0 15000 0 0 0 0 0
Chip#1
104 104 99 104 100 98 105 110 104 99 102 101 0 165 120 92 23
105 104 111 124 104 110 131 109 103 124 103 102 1 0 0 0 0
101 102 235 287 103 256 415 119 191 411 141 100 2 0 0 0 0
99 105 128 151 100 148 210 105 136 238 114 104 3 0 0 0 0
100 104 98 101 104 98 101 102 101 101 102 96 4 0 0 0 0
97 96 103 108 101 104 105 102 155 254 107 94 5 0 0 0 0
98 99 97 101 96 103 105 101 132 206 101 92 6 0 0 0 0
101 101 102 102 101 101 105 107 107 97 101 102 7 0 0 0 0
98 100 105 108 101 99 104 97 99 93 95 95 8 0 0 0 0
98 96 100 106 98 104 102 102 98 95 97 94 9 0 0 0 0
98 101 100 106 102 100 100 102 101 96 101 96 10 0 0 0 0
99 95 97 103 97 98 99 103 102 95 100 15000 11 0 0 0 0
