Chipdp
84 2 68 4 16 11 4 1 6 2 6 1 7 2 7 4 4 6 5 6 4 7 5 7 4 7 6 8 6 7 7 8 7 4 10 6 11 6 10 7 11 7 4 1 9 2 9 1 10 2 10 4 4 9 5 9 4 10 5 10 4 7 9 8 9 7 10 8 10 4 10 9 11 9 10 10 11 10 4 1 3 2 3 1 4 2 4 4 4 3 5 3 4 4 5 4 4 7 3 8 3 7 4 8 4 4 10 3 11 3 10 4 11 4 4 1 0 2 0 1 1 2 1 4 4 0 5 0 4 1 5 1 4 7 0 8 0 7 1 8 1 4 10 0 11 0 10 1 11 1 4 1 6 2 6 1 7 2 7 4 4 6 5 6 4 7 5 7 4 7 6 8 6 7 7 8 7 4 10 6 11 6 10 7 11 7 4 1 9 2 9 1 10 2 10 4 4 9 5 9 4 10 5 10 4 7 9 8 9 7 10 8 10 4 10 9 11 9 10 10 11 10 4 1 3 2 3 1 4 2 4 4 4 3 5 3 4 4 5 4 4 7 3 8 3 7 4 8 4 4 10 3 11 3 10 4 11 4 4 1 0 2 0 1 1 2 1 4 4 0 5 0 4 1 5 1 4 7 0 8 0 7 1 8 1 4 10 0 11 0 10 1 11 1 4 6 0 7 0 6 1 7 1 4 6 3 7 3 6 4 7 4 4 6 6 7 6 6 7 7 7 4 6 9 7 9 6 10 7 10 4 9 0 10 0 9 1 10 1 4 9 3 10 3 9 4 10 4 4 9 6 10 6 9 7 10 7 4 9 9 10 9 9 10 10 10 4 3 0 4 0 3 1 4 1 4 3 3 4 3 3 4 4 4 4 3 6 4 6 3 7 4 7 4 3 9 4 9 3 10 4 10 4 0 0 1 0 0 1 1 1 4 0 3 1 3 0 4 1 4 4 0 6 1 6 0 7 1 7 4 0 9 1 9 0 10 1 10 4 7 0 8 0 7 1 8 1 4 7 3 8 3 7 4 8 4 4 7 6 8 6 7 7 8 7 4 7 9 8 9 7 10 8 10 4 10 0 11 0 10 1 11 1 4 10 3 11 3 10 4 11 4 4 10 6 11 6 10 7 11 7 4 10 9 11 9 10 10 11 10 4 4 0 5 0 4 1 5 1 4 4 3 5 3 4 4 5 4 4 4 6 5 6 4 7 5 7 4 4 9 5 9 4 10 5 10 4 1 0 2 0 1 1 2 1 4 1 3 2 3 1 4 2 4 4 1 6 2 6 1 7 2 0 0 
Chip#1
98 102 96 100 101 102 116 111 101 129 131 120 0 0 128 74 66
108 113 109 113 114 137 431 350 173 621 471 130 1 0 0 0 0
113 116 107 113 114 134 399 334 189 607 452 115 2 0 0 0 0
106 111 107 110 111 110 212 176 113 174 142 108 3 0 0 0 0
111 119 109 114 116 162 746 614 151 423 357 115 4 0 0 0 0
103 111 103 110 113 129 484 401 128 336 290 105 5 0 0 0 0
98 101 96 103 106 104 216 191 106 185 164 98 6 0 0 0 0
105 107 96 111 112 163 1033 952 190 929 811 116 7 0 0 0 0
106 108 105 114 116 131 713 647 141 665 581 113 8 0 0 0 0
103 107 102 105 107 104 221 208 110 161 134 107 9 0 0 0 0
101 105 105 109 112 154 818 794 152 282 250 105 10 0 0 0 0
110 110 105 109 110 123 545 492 124 205 186 15000 11 0 0 0 0
Chip#1
106 105 107 109 108 108 134 120 106 138 141 128 0 0 192 76 66
103 109 103 112 112 127 419 337 170 613 465 124 1 0 0 0 0
104 109 102 109 114 123 418 324 181 604 447 113 2 0 0 0 0
108 108 103 108 111 110 203 170 109 175 142 105 3 0 0 0 0
109 111 107 110 117 167 737 600 149 439 353 111 4 0 0 0 0
101 114 104 110 121 130 484 401 138 336 287 108 5 0 0 0 0
103 109 105 110 116 112 218 195 116 191 170 109 6 0 0 0 0
100 102 97 110 114 157 1025 945 184 929 797 115 7 0 0 0 0
101 102 99 110 112 126 703 638 149 656 565 108 8 0 0 0 0
104 110 102 103 112 110 220 208 109 154 131 107 9 0 0 0 0
110 111 102 116 116 161 819 789 153 284 252 113 10 0 0 0 0
106 109 100 111 115 126 541 487 125 198 189 15000 11 0 0 0 0
Chip#1
105 105 102 105 104 103 134 113 106 135 136 125 0 0 0 78 66
104 104 100 108 108 127 416 337 169 606 462 119 1 0 0 0 0
106 113 104 112 112 133 391 329 183 602 448 111 2 0 0 0 0
101 107 103 110 107 106 203 172 113 169 137 105 3 0 0 0 0
111 111 105 116 118 166 732 604 149 402 355 111 4 0 0 0 0
101 108 98 105 111 127 477 401 124 330 283 108 5 0 0 0 0
103 108 100 110 112 110 222 198 113 185 171 108 6 0 0 0 0
108 109 105 116 118 170 1028 952 191 929 800 121 7 0 0 0 0
101 107 100 108 112 126 700 639 149 652 562 107 8 0 0 0 0
106 110 103 108 107 108 223 210 113 150 133 110 9 0 0 0 0
96 99 98 103 107 149 811 783 145 276 245 103 10 0 0 0 0
104 107 102 110 104 125 541 484 121 200 181 15000 11 0 0 0 0
Chip#1
105 104 102 104 106 107 134 119 104 133 135 126 0 0 128 78 66
114 113 105 110 113 135 421 340 173 612 462 125 1 0 0 0 0
113 113 109 112 117 133 391 328 185 596 448 115 2 0 0 0 0
104 109 100 108 108 110 198 172 108 168 137 105 3 0 0 0 0
106 113 102 106 110 157 720 588 142 397 344 105 4 0 0 0 0
111 117 108 116 122 135 482 401 138 335 288 108 5 0 0 0 0
105 107 105 110 110 111 218 195 115 185 169 104 6 0 0 0 0
108 108 102 112 117 163 1020 939 194 911 785 119 7 0 0 0 0
109 114 111 114 118 142 704 639 152 654 567 114 8 0 0 0 0
108 110 107 112 113 111 221 213 110 149 133 111 9 0 0 0 0
110 110 107 110 116 161 816 787 155 282 250 113 10 0 0 0 0
106 107 100 104 110 123 537 483 119 195 177 15000 11 0 0 0 0
Chip#1
106 109 108 109 114 107 134 122 109 138 139 127 0 0 0 79 66
113 111 109 112 114 137 420 343 177 611 462 130 1 0 0 0 0
103 109 104 105 111 123 382 321 180 593 442 109 2 0 0 0 0
108 109 104 111 109 103 201 173 110 175 140 105 3 0 0 0 0
111 115 110 114 120 166 726 596 149 396 348 113 4 0 0 0 0
109 107 103 109 115 133 472 392 129 334 282 107 5 0 0 0 0
109 109 107 109 116 116 217 198 114 189 170 105 6 0 0 0 0
111 111 107 117 121 167 1015 938 195 913 793 124 7 0 0 0 0
108 109 107 113 114 129 697 633 141 650 565 111 8 0 0 0 0
108 104 105 108 110 108 216 206 108 150 131 105 9 0 0 0 0
109 109 105 112 111 151 806 780 154 280 245 110 10 0 0 0 0
104 108 105 109 112 123 533 483 125 199 184 15000 11 0 0 0 0
Chip#1
95 97 102 103 106 103 115 114 99 130 131 117 0 0 128 79 66
105 109 107 108 113 134 419 337 171 607 459 122 1 0 0 0 0
99 105 100 104 107 126 382 321 180 594 440 111 2 0 0 0 0
105 110 108 109 112 108 200 173 111 173 142 109 3 0 0 0 0
111 108 104 108 118 162 724 593 147 436 345 110 4 0 0 0 0
99 105 99 106 110 130 469 394 128 329 277 102 5 0 0 0 0
105 100 102 110 116 114 215 194 113 187 169 105 6 0 0 0 0
104 109 103 114 120 167 1010 934 189 911 788 120 7 0 0 0 0
99 102 99 108 104 122 684 626 142 646 557 105 8 0 0 0 0
103 104 102 109 102 104 213 204 108 146 128 103 9 0 0 0 0
104 103 99 109 110 150 797 773 109 278 244 109 10 0 0 0 0
104 108 103 109 110 125 534 480 120 197 182 15000 11 0 0 0 0
Chip#1
101 103 100 108 104 98 134 113 104 132 133 121 0 0 0 80 66
99 103 100 105 104 123 409 329 164 598 450 120 1 0 0 0 0
106 110 105 112 111 133 382 326 183 595 443 113 2 0 0 0 0
94 99 95 101 99 102 192 164 103 161 133 97 3 0 0 0 0
104 114 104 110 109 158 720 589 144 395 344 109 4 0 0 0 0
104 108 103 113 116 129 475 395 129 330 283 110 5 0 0 0 0
103 104 102 108 108 111 211 195 110 182 168 103 6 0 0 0 0
110 116 111 117 125 169 1011 933 194 914 792 124 7 0 0 0 0
104 109 107 113 114 135 690 626 149 643 564 108 8 0 0 0 0
100 107 103 108 108 106 216 208 110 161 129 103 9 0 0 0 0
115 120 113 121 129 162 806 781 160 288 254 117 10 0 0 0 0
105 113 105 109 115 130 534 484 121 199 186 15000 11 0 0 0 0
Chip#1
100 102 100 103 104 102 134 113 99 134 130 122 0 0 0 81 66
109 110 104 112 111 133 417 336 171 600 459 128 1 0 0 0 0
105 104 100 105 106 125 382 322 178 586 438 109 2 0 0 0 0
96 97 97 99 98 102 193 166 98 163 131 99 3 0 0 0 0
106 110 103 106 113 162 718 590 140 394 347 110 4 0 0 0 0
110 111 104 111 117 135 476 401 132 333 286 111 5 0 0 0 0
104 105 104 112 117 116 217 197 114 185 170 109 6 0 0 0 0
105 107 104 111 117 163 999 924 187 905 784 119 7 0 0 0 0
106 107 104 113 113 131 689 626 150 647 559 110 8 0 0 0 0
104 108 105 110 111 114 219 208 110 155 135 108 9 0 0 0 0
106 107 107 112 112 154 796 773 157 279 250 113 10 0 0 0 0
103 105 99 109 104 125 528 483 121 198 182 15000 11 0 0 0 0
Chip#1
105 108 104 109 111 114 134 122 114 140 136 128 0 0 192 81 66
114 114 110 117 118 135 421 343 178 603 459 128 1 0 0 0 0
101 101 96 104 104 125 382 317 179 584 432 107 2 0 0 0 0
105 104 100 105 110 112 199 172 109 168 137 102 3 0 0 0 0
114 114 109 114 123 170 722 593 110 398 349 117 4 0 0 0 0
113 113 111 113 117 137 481 401 138 337 285 113 5 0 0 0 0
106 107 107 105 114 114 218 195 114 189 166 108 6 0 0 0 0
105 107 105 116 118 162 999 920 192 906 782 117 7 0 0 0 0
104 104 100 109 108 125 680 621 148 638 555 109 8 0 0 0 0
101 104 100 105 109 106 216 203 110 161 130 103 9 0 0 0 0
109 107 102 106 114 151 791 762 151 276 242 109 10 0 0 0 0
110 110 105 110 118 126 528 480 124 199 187 15000 11 0 0 0 0
Chip#1
109 108 103 110 107 111 134 120 109 138 140 126 0 0 192 82 66
103 102 100 109 104 130 409 330 167 595 449 122 1 0 0 0 0
109 114 103 112 111 129 382 322 182 589 435 113 2 0 0 0 0
99 103 99 104 106 104 197 169 106 167 133 104 3 0 0 0 0
108 109 103 111 116 158 717 588 144 395 344 111 4 0 0 0 0
108 110 104 113 114 134 471 401 134 330 278 110 5 0 0 0 0
106 107 104 109 112 113 215 193 114 184 165 105 6 0 0 0 0
113 115 105 122 125 170 1003 927 197 906 787 126 7 0 0 0 0
101 105 102 108 112 127 679 619 145 640 554 108 8 0 0 0 0
100 100 97 97 106 102 211 200 105 141 128 98 9 0 0 0 0
106 110 103 111 113 155 794 767 141 278 244 110 10 0 0 0 0
108 108 102 110 111 129 526 473 120 198 185 15000 11 0 0 0 0
Chip#1
101 99 97 104 108 100 134 114 105 132 134 120 0 0 128 83 66
106 107 104 111 110 125 409 331 171 594 454 122 1 0 0 0 0
106 103 104 103 103 125 377 313 176 579 427 105 2 0 0 0 0
101 103 99 104 107 106 198 166 113 167 136 100 3 0 0 0 0
114 115 112 113 129 163 718 587 150 431 345 113 4 0 0 0 0
106 107 102 109 112 130 468 395 132 329 276 103 5 0 0 0 0
100 99 103 109 112 108 213 188 109 185 160 104 6 0 0 0 0
98 103 100 106 113 154 985 913 183 890 768 113 7 0 0 0 0
109 110 107 113 114 135 680 617 141 638 557 110 8 0 0 0 0
101 107 100 109 108 108 211 207 110 150 130 107 9 0 0 0 0
100 105 100 105 108 146 781 755 151 277 240 105 10 0 0 0 0
96 102 100 103 111 122 525 467 120 195 181 15000 11 0 0 0 0
Chip#1
99 98 96 100 105 104 122 112 103 130 133 120 0 0 64 84 66
111 110 107 109 114 137 414 335 169 600 457 125 1 0 0 0 0
104 104 100 105 104 129 414 318 176 582 434 113 2 0 0 0 0
104 105 103 104 109 107 204 169 109 171 140 103 3 0 0 0 0
108 109 104 106 111 158 712 581 145 389 338 107 4 0 0 0 0
108 111 105 111 116 134 473 401 133 330 285 108 5 0 0 0 0
108 115 109 113 121 118 222 199 119 190 174 109 6 0 0 0 0
100 105 100 112 117 161 989 913 189 894 776 116 7 0 0 0 0
108 109 105 114 114 134 684 623 141 639 559 115 8 0 0 0 0
101 105 103 106 108 107 216 206 106 149 134 102 9 0 0 0 0
109 108 104 113 113 150 790 762 141 277 247 110 10 0 0 0 0
108 109 109 108 114 126 527 476 126 203 183 15000 11 0 0 0 0
Chip#1
96 94 97 101 98 102 134 112 95 133 130 114 0 0 0 85 66
110 113 109 114 113 137 413 340 171 600 459 130 1 0 0 0 0
106 105 102 109 106 126 380 315 175 579 430 107 2 0 0 0 0
103 108 104 110 104 110 199 170 109 172 139 103 3 0 0 0 0
106 109 103 111 112 166 709 580 140 392 337 109 4 0 0 0 0
104 109 102 111 112 129 468 395 125 325 280 107 5 0 0 0 0
105 104 104 106 111 115 216 194 111 187 166 99 6 0 0 0 0
105 109 104 118 122 167 991 915 190 898 779 122 7 0 0 0 0
105 105 103 110 114 135 677 618 149 638 556 108 8 0 0 0 0
111 108 107 113 117 112 221 211 115 150 135 109 9 0 0 0 0
111 113 108 113 120 159 790 768 116 277 245 115 10 0 0 0 0
106 107 105 111 114 129 526 472 126 197 186 15000 11 0 0 0 0
Chip#1
101 105 103 109 104 108 134 118 105 135 134 122 0 0 128 85 66
116 113 109 116 121 138 415 340 176 596 458 127 1 0 0 0 0
108 108 105 109 112 129 379 321 178 582 432 107 2 0 0 0 0
104 105 99 104 108 102 199 167 108 167 133 100 3 0 0 0 0
108 109 104 108 112 155 709 579 139 388 335 104 4 0 0 0 0
104 108 100 108 112 129 465 394 129 324 281 103 5 0 0 0 0
108 103 98 106 114 113 211 193 110 182 166 104 6 0 0 0 0
98 99 95 105 110 155 983 900 180 886 762 109 7 0 0 0 0
105 110 100 111 113 130 678 618 150 637 552 109 8 0 0 0 0
104 105 103 109 109 108 217 206 109 161 133 104 9 0 0 0 0
104 109 103 104 112 147 783 756 151 276 239 107 10 0 0 0 0
109 108 100 108 113 123 524 472 124 195 183 15000 11 0 0 0 0
Chip#1
100 101 93 100 99 98 113 112 100 128 128 113 0 0 64 86 66
106 109 100 106 107 129 407 329 167 592 444 120 1 0 0 0 0
101 108 99 105 106 127 374 314 175 579 427 108 2 0 0 0 0
108 109 103 109 109 110 199 173 110 168 142 108 3 0 0 0 0
100 105 95 106 106 150 703 578 138 386 334 104 4 0 0 0 0
104 115 104 106 112 125 469 394 127 325 281 102 5 0 0 0 0
101 103 97 105 107 103 211 188 106 176 162 100 6 0 0 0 0
115 115 107 118 121 166 986 913 190 898 779 125 7 0 0 0 0
105 111 96 108 111 130 675 616 141 636 549 109 8 0 0 0 0
106 109 100 109 109 108 217 206 113 161 133 104 9 0 0 0 0
106 113 108 109 112 153 783 758 150 272 244 109 10 0 0 0 0
109 110 105 111 112 127 521 473 122 193 185 15000 11 0 0 0 0
Chip#1
100 102 97 101 104 100 134 111 104 134 133 124 0 0 192 86 66
106 105 104 105 110 130 409 334 168 596 452 122 1 0 0 0 0
109 111 107 112 114 133 409 324 185 586 438 119 2 0 0 0 0
104 102 98 108 104 103 194 166 106 166 134 100 3 0 0 0 0
105 109 100 109 113 159 707 580 142 390 335 108 4 0 0 0 0
105 108 100 106 114 127 466 392 128 325 278 107 5 0 0 0 0
105 104 107 109 111 112 211 192 114 184 165 102 6 0 0 0 0
104 105 102 114 118 158 985 909 188 893 768 119 7 0 0 0 0
113 115 109 117 123 135 681 624 141 640 559 117 8 0 0 0 0
109 111 108 108 111 111 217 207 110 152 134 110 9 0 0 0 0
113 114 108 111 114 158 788 765 155 280 245 117 10 0 0 0 0
105 107 100 106 114 125 524 470 126 196 186 15000 11 0 0 0 0
Chip#1
104 107 96 106 106 104 121 121 109 137 135 124 0 0 128 87 66
104 105 96 106 107 127 403 329 162 588 448 122 1 0 0 0 0
111 111 105 111 114 127 403 321 181 585 430 114 2 0 0 0 0
101 104 98 101 106 102 197 169 104 168 135 102 3 0 0 0 0
109 108 102 104 111 155 702 575 139 386 334 108 4 0 0 0 0
108 115 110 113 118 134 470 395 138 333 283 116 5 0 0 0 0
100 105 99 103 109 108 207 189 110 182 162 100 6 0 0 0 0
103 105 97 111 108 154 977 899 184 883 766 114 7 0 0 0 0
108 110 103 110 113 127 672 614 145 632 551 107 8 0 0 0 0
106 110 104 108 112 107 215 204 111 151 130 109 9 0 0 0 0
106 108 102 111 112 153 778 756 150 273 243 108 10 0 0 0 0
105 108 100 104 109 121 520 466 116 191 175 15000 11 0 0 0 0
Chip#1
105 103 100 103 102 102 134 117 104 133 134 124 0 0 64 88 66
108 110 103 110 107 130 407 333 170 593 452 124 1 0 0 0 0
106 104 100 106 107 126 374 313 176 579 432 110 2 0 0 0 0
109 107 105 104 108 111 198 166 111 168 139 108 3 0 0 0 0
109 111 105 111 113 161 704 574 144 389 339 110 4 0 0 0 0
110 110 107 111 116 129 465 389 133 324 281 107 5 0 0 0 0
108 107 104 111 118 115 216 195 115 184 170 113 6 0 0 0 0
113 113 108 121 122 170 989 913 192 890 772 126 7 0 0 0 0
109 109 105 112 114 134 675 614 149 631 554 110 8 0 0 0 0
105 100 98 104 103 104 211 201 103 142 125 99 9 0 0 0 0
110 111 109 110 111 151 784 755 154 271 245 114 10 0 0 0 0
111 110 105 109 112 121 520 472 124 195 180 15000 11 0 0 0 0
Chip#1
104 104 108 103 106 106 134 117 106 134 136 125 0 0 64 89 66
103 105 100 109 103 125 401 325 170 588 445 119 1 0 0 0 0
105 106 108 110 111 126 401 320 182 582 437 110 2 0 0 0 0
109 111 107 111 111 111 198 169 115 171 141 105 3 0 0 0 0
105 111 105 108 111 154 700 573 147 384 333 108 4 0 0 0 0
109 117 108 109 117 134 469 391 138 328 280 113 5 0 0 0 0
105 109 112 111 117 118 215 195 116 189 169 108 6 0 0 0 0
113 114 108 118 123 167 989 913 197 892 772 120 7 0 0 0 0
100 109 102 108 111 133 670 612 125 631 547 107 8 0 0 0 0
105 108 107 109 111 111 216 207 111 161 131 109 9 0 0 0 0
101 107 104 105 107 147 775 748 113 269 237 104 10 0 0 0 0
105 103 103 106 108 122 514 464 120 194 178 15000 11 0 0 0 0
Chip#1
105 107 103 108 109 104 135 118 109 139 135 124 0 0 0 90 66
106 109 108 112 113 131 409 333 171 592 447 126 1 0 0 0 0
100 102 103 108 104 125 374 313 176 576 430 108 2 0 0 0 0
103 100 103 104 107 108 195 168 106 167 136 104 3 0 0 0 0
109 111 96 110 111 159 699 573 144 385 338 111 4 0 0 0 0
109 111 108 112 116 134 466 392 134 327 281 109 5 0 0 0 0
104 108 108 110 116 118 216 194 114 185 170 109 6 0 0 0 0
104 105 103 110 116 158 980 905 186 885 762 115 7 0 0 0 0
108 109 104 114 114 131 677 614 150 631 550 115 8 0 0 0 0
108 108 107 108 111 110 213 208 110 161 129 102 9 0 0 0 0
103 105 104 108 108 149 774 748 150 271 242 105 10 0 0 0 0
108 109 105 108 107 129 516 469 118 192 181 15000 11 0 0 0 0
Chip#1
103 110 105 108 113 111 134 114 110 139 139 125 0 0 192 90 66
95 105 102 104 107 125 397 318 161 584 443 116 1 0 0 0 0
98 109 99 105 104 126 372 307 177 575 427 109 2 0 0 0 0
109 111 108 110 114 115 205 174 115 174 143 110 3 0 0 0 0
104 110 100 109 109 159 697 569 139 383 332 105 4 0 0 0 0
110 110 105 109 116 134 462 389 129 324 278 107 5 0 0 0 0
104 108 107 111 113 114 215 192 111 183 163 105 6 0 0 0 0
109 117 108 118 127 170 980 907 196 888 768 125 7 0 0 0 0
109 114 109 116 118 135 679 611 141 631 554 117 8 0 0 0 0
103 106 105 104 109 107 216 204 109 161 131 104 9 0 0 0 0
99 108 100 106 114 153 775 750 150 267 238 109 10 0 0 0 0
105 111 107 109 112 125 521 466 121 198 185 15000 11 0 0 0 0
Chip#1
95 100 103 101 103 99 134 111 103 133 133 124 0 0 128 91 66
109 111 105 111 107 131 404 329 169 591 445 123 1 0 0 0 0
106 113 105 110 110 131 379 317 182 582 433 114 2 0 0 0 0
106 115 108 112 112 115 200 169 113 173 142 110 3 0 0 0 0
105 110 103 108 116 159 698 566 142 384 335 111 4 0 0 0 0
108 115 105 114 116 133 467 390 133 326 280 109 5 0 0 0 0
108 111 105 112 117 116 213 193 115 187 168 108 6 0 0 0 0
101 105 102 112 116 159 978 900 184 882 763 115 7 0 0 0 0
110 117 117 122 129 141 678 619 152 636 555 120 8 0 0 0 0
106 109 104 111 116 110 216 207 110 147 131 109 9 0 0 0 0
99 113 103 106 115 154 778 751 111 269 239 109 10 0 0 0 0
103 108 103 106 108 122 520 466 121 194 175 15000 11 0 0 0 0
Chip#1
105 104 107 109 110 106 134 117 110 136 139 125 0 0 64 92 66
108 109 102 106 107 130 402 324 165 588 447 124 1 0 0 0 0
108 104 102 105 108 123 373 313 173 576 428 111 2 0 0 0 0
104 104 104 105 109 104 198 168 109 168 139 108 3 0 0 0 0
105 108 105 109 107 161 699 565 137 381 334 110 4 0 0 0 0
105 107 104 108 118 127 458 386 128 318 273 107 5 0 0 0 0
108 105 111 110 118 111 215 197 115 184 164 107 6 0 0 0 0
103 103 99 110 118 154 973 893 182 879 759 119 7 0 0 0 0
105 105 100 112 112 126 672 610 145 629 544 110 8 0 0 0 0
110 108 107 105 112 108 218 206 113 147 135 107 9 0 0 0 0
103 102 103 108 113 147 778 746 150 267 238 110 10 0 0 0 0
108 107 105 105 108 123 514 464 119 197 180 15000 11 0 0 0 0
Chip#1
103 105 104 105 103 106 134 114 108 133 136 121 0 0 0 93 66
99 103 99 104 106 122 393 318 161 582 435 117 1 0 0 0 0
105 108 109 110 112 127 393 313 183 579 432 115 2 0 0 0 0
104 108 102 108 106 107 195 168 108 166 139 105 3 0 0 0 0
106 110 104 110 112 154 691 567 144 380 332 111 4 0 0 0 0
108 109 104 116 116 127 460 389 129 321 274 110 5 0 0 0 0
104 107 104 106 111 110 211 189 113 179 168 104 6 0 0 0 0
103 103 99 110 116 154 970 890 183 874 756 113 7 0 0 0 0
114 117 112 119 121 141 677 618 153 631 554 117 8 0 0 0 0
106 108 107 110 112 110 217 204 113 150 133 110 9 0 0 0 0
105 107 104 108 108 147 774 746 150 267 238 107 10 0 0 0 0
113 117 111 114 118 133 526 470 126 197 187 15000 11 0 0 0 0
Chip#1
110 109 104 109 111 110 135 123 113 141 139 127 0 0 0 94 66
101 107 100 106 106 122 401 320 162 588 442 119 1 0 0 0 0
106 108 104 111 106 126 371 309 178 582 432 111 2 0 0 0 0
105 105 103 108 106 110 198 170 111 171 135 104 3 0 0 0 0
113 119 108 116 121 166 699 574 113 388 332 115 4 0 0 0 0
113 113 107 117 120 130 463 390 134 328 273 108 5 0 0 0 0
110 108 107 114 121 114 213 195 118 185 166 107 6 0 0 0 0
103 108 96 111 117 155 966 892 185 878 753 116 7 0 0 0 0
110 109 107 114 121 134 673 612 149 632 546 115 8 0 0 0 0
115 116 113 113 117 117 222 211 116 156 137 111 9 0 0 0 0
110 113 108 118 117 153 778 752 157 276 242 115 10 0 0 0 0
108 105 104 109 111 126 520 464 121 192 177 15000 11 0 0 0 0
Chip#1
109 111 109 108 111 110 133 120 111 140 137 127 0 0 192 94 66
105 111 104 111 109 129 399 327 167 588 445 124 1 0 0 0 0
108 105 100 101 107 122 367 306 176 576 423 108 2 0 0 0 0
106 109 108 109 112 112 199 170 114 174 142 107 3 0 0 0 0
108 109 107 109 116 158 692 564 144 383 331 104 4 0 0 0 0
111 113 109 113 120 133 459 389 134 322 273 107 5 0 0 0 0
110 110 109 112 117 117 220 194 115 187 169 110 6 0 0 0 0
106 109 103 114 118 163 973 895 183 876 752 116 7 0 0 0 0
105 110 104 108 116 130 668 605 147 625 539 109 8 0 0 0 0
103 108 102 109 108 106 216 200 111 161 129 104 9 0 0 0 0
110 114 111 113 117 157 779 748 151 273 242 111 10 0 0 0 0
100 107 99 101 111 123 513 459 120 189 174 15000 11 0 0 0 0
Chip#1
104 107 103 105 106 104 134 114 106 133 134 124 0 0 192 95 66
105 105 99 106 108 123 396 318 169 582 439 119 1 0 0 0 0
104 109 103 108 112 127 374 309 181 578 427 111 2 0 0 0 0
98 103 99 100 107 103 195 162 105 165 131 102 3 0 0 0 0
110 114 109 112 117 166 694 568 141 385 335 114 4 0 0 0 0
105 108 103 104 113 126 454 383 126 316 268 105 5 0 0 0 0
100 105 100 105 110 108 212 187 111 182 160 103 6 0 0 0 0
101 105 102 109 114 161 968 890 182 871 748 115 7 0 0 0 0
99 104 100 108 108 131 664 603 143 619 536 105 8 0 0 0 0
104 110 105 109 109 111 216 204 111 149 133 105 9 0 0 0 0
103 113 104 109 110 151 774 746 113 269 234 110 10 0 0 0 0
101 108 104 105 107 118 514 462 120 191 180 15000 11 0 0 0 0
Chip#1
103 102 98 103 106 106 134 114 108 133 135 121 0 0 128 96 66
104 108 104 110 113 126 393 320 171 586 440 124 1 0 0 0 0
106 109 104 109 109 130 369 309 175 576 424 109 2 0 0 0 0
108 111 108 112 116 110 203 172 114 171 141 113 3 0 0 0 0
106 110 103 105 112 153 683 559 140 373 327 105 4 0 0 0 0
103 105 97 103 110 123 451 379 124 313 272 104 5 0 0 0 0
109 107 107 112 114 115 218 192 114 185 169 109 6 0 0 0 0
108 108 102 113 117 159 971 892 188 870 748 119 7 0 0 0 0
111 110 107 113 114 135 667 608 150 625 544 111 8 0 0 0 0
103 111 107 108 108 104 213 204 111 142 135 103 9 0 0 0 0
110 115 107 114 115 154 776 750 113 270 235 113 10 0 0 0 0
109 114 107 110 114 130 524 469 126 195 182 15000 11 0 0 0 0
Chip#1
99 100 95 100 104 102 117 112 105 130 133 120 0 0 64 97 66
110 107 105 112 110 131 396 324 170 587 444 122 1 0 0 0 0
106 107 103 109 112 126 370 309 179 578 429 111 2 0 0 0 0
98 100 97 97 104 99 188 163 105 166 131 100 3 0 0 0 0
105 110 103 111 114 155 683 558 140 373 331 108 4 0 0 0 0
105 105 100 106 116 126 454 376 129 314 269 105 5 0 0 0 0
101 104 104 106 111 111 210 188 113 181 163 103 6 0 0 0 0
108 114 103 114 123 165 971 894 190 871 750 124 7 0 0 0 0
111 113 109 113 121 133 667 609 150 622 541 113 8 0 0 0 0
104 103 103 109 107 111 212 203 111 144 133 108 9 0 0 0 0
109 114 104 113 118 157 774 747 155 269 240 113 10 0 0 0 0
100 103 99 103 106 119 510 460 119 187 177 15000 11 0 0 0 0
Chip#1
101 105 102 106 106 108 120 113 108 134 134 122 0 0 64 98 66
105 106 104 110 111 133 398 324 167 586 442 122 1 0 0 0 0
106 114 107 111 115 127 375 313 185 576 428 115 2 0 0 0 0
105 105 107 108 107 108 201 170 116 171 139 104 3 0 0 0 0
103 114 109 109 114 158 683 560 147 379 330 109 4 0 0 0 0
103 108 102 106 110 127 453 379 126 317 272 108 5 0 0 0 0
93 103 97 97 103 99 205 180 105 173 158 100 6 0 0 0 0
106 108 104 113 118 163 970 891 184 870 751 119 7 0 0 0 0
103 107 103 110 113 130 661 607 148 618 535 109 8 0 0 0 0
108 108 108 106 108 112 215 204 113 151 131 107 9 0 0 0 0
100 109 104 110 112 154 769 744 149 263 233 109 10 0 0 0 0
105 111 102 108 109 125 514 463 123 191 176 15000 11 0 0 0 0
Chip#1
101 105 102 104 103 108 134 116 108 136 140 127 0 0 128 98 66
106 108 105 109 109 126 395 321 171 584 447 122 1 0 0 0 0
108 108 102 110 104 129 371 310 181 575 425 110 2 0 0 0 0
100 103 100 101 103 100 189 161 105 166 135 98 3 0 0 0 0
109 113 104 111 113 157 680 554 145 375 329 109 4 0 0 0 0
106 110 109 111 113 131 454 382 135 319 273 110 5 0 0 0 0
104 105 104 109 110 110 209 188 111 177 158 102 6 0 0 0 0
109 111 105 119 118 162 972 893 191 867 753 122 7 0 0 0 0
104 113 102 109 114 130 660 607 150 616 532 109 8 0 0 0 0
101 105 100 103 104 106 212 200 106 138 125 98 9 0 0 0 0
108 109 107 111 111 147 770 745 153 268 237 110 10 0 0 0 0
104 108 103 106 109 122 513 460 120 188 177 15000 11 0 0 0 0
Chip#1
100 103 104 106 103 102 134 113 109 135 134 125 0 0 128 99 66
103 104 100 105 103 123 395 314 167 578 439 124 1 0 0 0 0
105 104 99 103 103 119 364 304 177 570 423 111 2 0 0 0 0
100 107 98 106 104 106 191 163 108 163 136 105 3 0 0 0 0
110 114 104 109 117 154 684 557 145 377 329 110 4 0 0 0 0
105 107 100 106 109 125 450 378 126 310 264 103 5 0 0 0 0
109 109 104 109 114 114 217 193 113 185 166 109 6 0 0 0 0
109 107 105 116 117 161 969 888 189 865 746 121 7 0 0 0 0
103 99 98 110 107 129 660 602 143 612 532 110 8 0 0 0 0
100 106 103 106 107 107 210 201 111 161 126 107 9 0 0 0 0
106 113 107 111 113 150 775 740 152 268 237 111 10 0 0 0 0
101 103 103 105 104 119 512 456 118 188 171 15000 11 0 0 0 0
Chip#1
106 109 107 111 113 112 134 120 111 138 134 128 0 0 192 99 66
105 108 100 114 112 127 393 320 166 586 442 122 1 0 0 0 0
104 113 105 111 107 126 368 307 177 571 424 113 2 0 0 0 0
103 110 103 109 110 103 195 168 110 168 131 108 3 0 0 0 0
113 119 108 116 117 162 684 555 150 378 330 114 4 0 0 0 0
111 117 111 117 118 135 458 383 137 319 272 113 5 0 0 0 0
101 103 99 109 107 106 207 185 109 180 157 102 6 0 0 0 0
101 104 96 114 116 159 964 883 182 859 738 115 7 0 0 0 0
110 110 108 117 112 134 662 605 141 619 536 111 8 0 0 0 0
99 102 100 104 104 104 210 197 110 140 126 100 9 0 0 0 0
104 107 104 110 107 147 767 739 111 263 230 109 10 0 0 0 0
109 119 107 114 118 130 520 466 124 193 181 15000 11 0 0 0 0
Chip#1
100 103 102 105 101 99 134 111 101 132 133 121 0 0 128 100 66
108 109 103 108 113 127 393 316 167 583 442 124 1 0 0 0 0
106 108 104 109 107 125 368 308 178 576 425 113 2 0 0 0 0
105 105 105 108 111 108 195 166 113 169 139 109 3 0 0 0 0
105 115 105 110 111 155 674 552 139 372 325 113 4 0 0 0 0
111 114 107 114 122 133 452 382 133 318 274 113 5 0 0 0 0
100 105 100 109 113 110 211 185 110 179 160 104 6 0 0 0 0
101 108 99 111 115 159 960 882 182 857 737 120 7 0 0 0 0
105 109 105 112 118 130 664 603 150 618 535 114 8 0 0 0 0
105 108 102 106 110 107 210 199 109 142 130 103 9 0 0 0 0
101 108 105 109 107 151 771 740 110 264 233 107 10 0 0 0 0
110 117 114 113 120 129 519 465 130 196 181 15000 11 0 0 0 0
Chip#1
98 104 102 105 107 107 120 114 105 134 135 121 0 0 64 101 66
99 104 98 106 104 122 393 314 164 577 437 120 1 0 0 0 0
111 114 109 112 116 134 371 309 183 579 429 116 2 0 0 0 0
100 103 103 103 103 106 194 165 106 164 134 102 3 0 0 0 0
111 116 111 114 117 162 684 559 145 377 334 114 4 0 0 0 0
103 107 100 104 110 122 444 372 124 310 258 99 5 0 0 0 0
96 107 102 106 110 110 207 187 110 176 158 103 6 0 0 0 0
106 108 105 110 116 159 962 882 184 861 738 117 7 0 0 0 0
103 107 103 109 113 131 660 597 147 615 530 110 8 0 0 0 0
100 104 102 105 106 103 209 200 108 141 126 104 9 0 0 0 0
111 113 111 119 117 161 771 744 109 267 238 114 10 0 0 0 0
108 114 109 116 114 130 520 467 123 193 178 15000 11 0 0 0 0
Chip#1
94 103 96 108 103 103 118 114 104 134 135 120 0 0 0 102 66
106 107 105 112 111 129 393 317 162 578 443 122 1 0 0 0 0
106 110 108 109 113 125 366 304 178 574 425 110 2 0 0 0 0
100 105 100 108 104 102 192 166 105 165 134 102 3 0 0 0 0
109 111 109 109 112 155 670 554 137 370 321 104 4 0 0 0 0
104 111 107 111 115 130 448 379 128 317 266 105 5 0 0 0 0
101 104 100 106 111 111 209 189 104 176 158 105 6 0 0 0 0
105 109 104 113 117 162 962 884 183 857 742 120 7 0 0 0 0
99 105 104 105 112 125 657 600 144 610 529 105 8 0 0 0 0
98 102 105 106 108 106 213 204 104 138 129 103 9 0 0 0 0
100 105 103 105 108 143 764 737 143 256 228 107 10 0 0 0 0
98 103 102 104 104 112 508 457 114 182 166 15000 11 0 0 0 0
Chip#1
100 100 103 103 102 104 134 110 103 129 134 117 0 0 192 102 66
104 108 108 112 112 126 390 317 164 582 442 122 1 0 0 0 0
100 104 96 105 104 119 358 302 172 568 423 107 2 0 0 0 0
101 107 100 105 107 107 192 162 106 166 136 100 3 0 0 0 0
99 109 104 111 114 154 667 548 138 367 321 103 4 0 0 0 0
100 104 104 105 110 127 440 374 123 308 263 102 5 0 0 0 0
104 105 103 109 114 114 210 188 113 179 165 103 6 0 0 0 0
106 111 108 114 117 161 963 885 188 861 738 120 7 0 0 0 0
106 110 105 111 117 133 664 604 141 618 535 111 8 0 0 0 0
103 108 109 109 110 107 215 204 110 147 128 102 9 0 0 0 0
106 111 109 110 117 149 767 740 150 264 231 113 10 0 0 0 0
104 107 107 109 114 122 508 463 119 189 174 15000 11 0 0 0 0
Chip#1
101 104 105 104 103 104 134 118 106 132 133 122 0 0 128 103 66
103 108 103 109 111 130 390 316 166 580 442 124 1 0 0 0 0
98 102 99 103 107 125 357 298 175 569 419 105 2 0 0 0 0
95 102 98 100 103 100 191 159 106 160 129 100 3 0 0 0 0
105 110 100 111 112 155 667 550 139 367 325 108 4 0 0 0 0
113 117 111 114 129 137 452 383 138 320 273 115 5 0 0 0 0
101 102 104 105 106 110 209 186 109 177 160 103 6 0 0 0 0
105 109 104 116 121 162 963 888 187 860 741 117 7 0 0 0 0
109 110 108 113 120 134 662 604 149 615 536 111 8 0 0 0 0
101 103 99 104 108 107 207 203 110 138 128 103 9 0 0 0 0
106 113 110 112 116 151 771 743 111 264 235 115 10 0 0 0 0
110 116 114 112 118 130 520 469 130 195 182 15000 11 0 0 0 0
Chip#1
109 108 107 109 111 114 134 119 113 134 137 130 0 0 128 104 66
103 108 100 106 104 126 390 314 164 578 440 120 1 0 0 0 0
110 111 112 113 114 133 369 311 185 575 429 117 2 0 0 0 0
105 108 105 108 111 111 193 166 113 167 142 108 3 0 0 0 0
113 111 105 109 113 159 668 545 143 367 322 111 4 0 0 0 0
100 104 97 104 108 123 439 370 123 307 259 103 5 0 0 0 0
99 100 97 103 104 107 201 184 106 169 157 98 6 0 0 0 0
108 109 102 118 121 161 962 883 187 850 732 122 7 0 0 0 0
101 102 104 110 107 126 653 598 143 604 527 107 8 0 0 0 0
99 105 103 108 103 107 210 200 110 145 131 104 9 0 0 0 0
106 102 102 108 107 151 765 734 111 257 226 107 10 0 0 0 0
101 105 99 103 106 116 509 457 119 183 176 15000 11 0 0 0 0
Chip#1
104 105 104 103 104 103 122 116 110 132 134 124 0 0 128 105 66
109 108 105 112 108 129 390 315 170 582 439 126 1 0 0 0 0
106 109 103 105 104 125 356 300 173 566 422 111 2 0 0 0 0
109 111 107 113 112 114 195 172 114 169 143 113 3 0 0 0 0
108 111 103 109 112 158 667 546 138 368 321 108 4 0 0 0 0
109 111 107 112 116 130 445 374 134 312 264 107 5 0 0 0 0
106 108 104 109 112 115 210 193 111 180 165 107 6 0 0 0 0
104 100 99 112 114 155 953 878 180 845 727 113 7 0 0 0 0
108 107 108 111 113 129 660 603 141 606 531 110 8 0 0 0 0
104 113 107 106 106 108 212 205 111 145 129 108 9 0 0 0 0
99 100 99 103 104 141 758 730 143 251 223 100 10 0 0 0 0
100 108 103 110 108 120 507 456 119 184 171 15000 11 0 0 0 0
Chip#1
103 105 100 101 104 103 134 117 108 134 134 121 0 0 192 106 66
105 109 103 110 108 130 390 318 167 575 439 120 1 0 0 0 0
96 104 97 99 102 120 351 294 175 561 414 102 2 0 0 0 0
94 107 97 99 102 95 179 161 103 159 130 100 3 0 0 0 0
104 111 104 109 108 154 662 541 140 366 317 111 4 0 0 0 0
104 113 108 112 117 135 445 374 133 310 268 109 5 0 0 0 0
101 107 102 109 111 110 209 190 111 180 163 104 6 0 0 0 0
99 110 99 109 111 159 955 877 179 846 725 117 7 0 0 0 0
103 107 105 111 111 133 659 600 144 607 525 109 8 0 0 0 0
95 105 97 101 101 106 207 197 104 136 126 99 9 0 0 0 0
105 111 105 111 113 153 766 738 141 262 231 114 10 0 0 0 0
98 102 97 99 104 114 498 457 114 180 168 15000 11 0 0 0 0
Chip#1
105 107 107 109 112 108 134 119 110 139 139 127 0 0 128 107 66
99 105 102 103 110 123 382 313 159 575 437 120 1 0 0 0 0
98 103 99 101 108 120 352 295 176 561 417 109 2 0 0 0 0
96 105 104 101 106 104 189 163 110 165 136 105 3 0 0 0 0
104 107 100 109 106 153 657 537 134 363 316 105 4 0 0 0 0
109 110 108 112 116 131 444 377 133 309 266 111 5 0 0 0 0
108 110 108 110 115 112 211 193 116 182 164 109 6 0 0 0 0
106 108 103 117 120 163 956 877 185 846 726 122 7 0 0 0 0
106 108 107 113 116 133 659 597 148 604 524 110 8 0 0 0 0
104 108 108 110 112 108 216 204 111 145 130 107 9 0 0 0 0
101 107 103 105 110 147 760 737 113 255 228 107 10 0 0 0 0
106 111 103 108 111 123 510 459 121 188 176 15000 11 0 0 0 0
Chip#1
104 109 103 108 108 108 134 117 108 139 140 127 0 0 64 108 66
104 110 104 109 109 127 390 313 169 578 439 124 1 0 0 0 0
100 111 104 104 108 123 354 300 179 563 420 113 2 0 0 0 0
101 105 102 109 106 107 189 167 109 167 139 107 3 0 0 0 0
103 113 107 111 113 157 660 544 150 370 320 110 4 0 0 0 0
109 110 105 108 116 131 439 371 128 309 264 105 5 0 0 0 0
103 104 107 110 112 111 212 188 113 179 164 103 6 0 0 0 0
108 110 110 116 118 165 962 879 189 845 732 120 7 0 0 0 0
108 115 109 110 121 138 660 603 141 610 527 115 8 0 0 0 0
99 103 103 103 108 106 211 199 109 142 128 105 9 0 0 0 0
103 109 107 106 115 146 764 736 149 257 225 108 10 0 0 0 0
106 111 105 110 113 127 511 459 121 188 178 15000 11 0 0 0 0
Chip#1
95 99 102 99 99 99 115 112 103 128 130 119 0 0 0 109 66
101 105 97 104 106 123 382 308 164 574 434 119 1 0 0 0 0
106 110 102 106 109 125 354 295 177 563 415 108 2 0 0 0 0
104 107 107 106 107 104 192 167 109 166 136 103 3 0 0 0 0
106 107 103 109 111 153 651 537 140 361 319 107 4 0 0 0 0
109 113 105 106 114 125 439 371 131 309 262 109 5 0 0 0 0
104 105 104 108 112 110 209 189 111 179 163 104 6 0 0 0 0
100 102 99 108 116 157 948 871 179 836 719 110 7 0 0 0 0
105 113 107 113 113 129 655 602 148 607 525 110 8 0 0 0 0
104 101 104 103 106 108 209 199 108 139 128 103 9 0 0 0 0
111 111 109 111 117 154 764 744 151 261 233 114 10 0 0 0 0
108 104 107 106 107 123 509 458 120 183 175 15000 11 0 0 0 0
Chip#1
100 103 102 104 102 107 134 111 103 132 130 122 0 0 0 110 66
104 110 107 109 114 130 390 316 169 577 434 124 1 0 0 0 0
104 107 104 109 108 125 356 302 173 562 417 111 2 0 0 0 0
104 110 104 106 110 108 194 167 108 164 135 109 3 0 0 0 0
106 109 104 113 117 154 661 539 140 364 320 111 4 0 0 0 0
104 109 99 103 111 129 437 367 126 303 259 104 5 0 0 0 0
95 104 102 103 111 106 203 182 108 173 157 107 6 0 0 0 0
100 107 103 112 116 157 951 876 182 837 722 116 7 0 0 0 0
104 108 105 110 116 134 659 601 147 600 520 110 8 0 0 0 0
101 104 100 105 106 108 212 204 106 138 128 109 9 0 0 0 0
104 108 108 110 113 157 763 736 141 253 226 113 10 0 0 0 0
99 108 102 109 113 125 513 458 120 185 175 15000 11 0 0 0 0
Chip#1
101 107 104 108 104 107 134 117 109 135 136 121 0 0 192 110 66
108 108 103 111 111 125 390 310 161 573 437 121 1 0 0 0 0
105 108 104 109 110 123 355 295 179 565 419 109 2 0 0 0 0
104 108 104 109 111 111 194 167 113 166 140 108 3 0 0 0 0
113 119 112 118 129 165 665 544 114 368 326 119 4 0 0 0 0
106 111 104 111 116 134 441 371 129 303 264 109 5 0 0 0 0
101 109 105 109 116 116 211 194 119 180 165 109 6 0 0 0 0
94 103 100 110 111 151 943 865 177 832 716 114 7 0 0 0 0
96 104 97 105 110 126 648 587 142 592 511 102 8 0 0 0 0
101 107 103 111 111 107 211 201 110 138 128 104 9 0 0 0 0
101 111 103 110 112 146 762 736 150 252 225 111 10 0 0 0 0
104 107 102 111 111 123 512 460 118 183 172 15000 11 0 0 0 0
Chip#1
100 104 96 104 107 102 117 113 106 132 131 124 0 0 128 111 66
100 105 103 103 104 121 376 304 161 569 430 122 1 0 0 0 0
100 105 99 105 104 122 348 293 173 560 414 109 2 0 0 0 0
91 105 102 104 104 106 186 160 104 159 134 105 3 0 0 0 0
109 113 107 109 111 154 651 536 137 361 314 111 4 0 0 0 0
100 108 102 105 117 127 433 367 128 301 257 104 5 0 0 0 0
105 111 107 109 117 114 210 188 115 180 162 108 6 0 0 0 0
104 104 96 110 116 158 946 871 182 833 716 115 7 0 0 0 0
105 108 107 114 117 130 654 597 143 596 519 109 8 0 0 0 0
108 109 107 108 117 114 212 200 113 145 133 105 9 0 0 0 0
106 108 100 105 108 146 757 733 149 253 225 110 10 0 0 0 0
103 107 102 106 113 122 508 457 118 181 176 15000 11 0 0 0 0
Chip#1
105 103 100 103 104 106 134 112 104 132 133 122 0 0 128 112 66
103 108 104 108 111 127 380 307 167 570 432 122 1 0 0 0 0
106 109 102 106 113 123 351 296 178 561 418 109 2 0 0 0 0
91 99 97 95 98 103 183 157 101 157 128 99 3 0 0 0 0
105 107 102 108 113 159 648 531 138 355 311 105 4 0 0 0 0
104 107 99 106 114 123 433 361 125 297 257 104 5 0 0 0 0
108 105 105 110 111 112 209 192 114 177 160 108 6 0 0 0 0
99 107 98 112 116 158 944 868 181 832 716 115 7 0 0 0 0
105 105 103 111 111 130 651 593 143 597 514 109 8 0 0 0 0
105 108 103 103 113 111 213 198 110 142 131 107 9 0 0 0 0
106 114 105 109 118 155 763 733 150 256 229 113 10 0 0 0 0
104 113 104 109 113 127 508 457 124 185 174 15000 11 0 0 0 0
Chip#1
95 96 97 96 99 99 115 107 99 132 128 119 0 0 128 113 66
105 107 98 103 112 127 379 305 161 574 429 124 1 0 0 0 0
101 107 99 103 106 126 351 291 171 559 412 111 2 0 0 0 0
100 103 99 101 109 106 192 162 109 165 134 107 3 0 0 0 0
91 101 93 96 105 145 638 525 129 345 301 100 4 0 0 0 0
106 109 103 108 118 129 435 365 126 302 258 111 5 0 0 0 0
103 105 103 110 113 111 213 191 115 179 158 109 6 0 0 0 0
106 107 105 118 122 166 949 872 181 835 719 115 7 0 0 0 0
111 115 108 116 120 135 661 601 141 604 524 119 8 0 0 0 0
101 103 102 105 114 108 212 199 109 142 128 108 9 0 0 0 0
99 104 97 103 107 139 751 723 143 246 216 103 10 0 0 0 0
110 107 105 108 120 126 511 460 124 187 176 15000 11 0 0 0 0
Chip#1
95 102 97 99 106 98 134 113 104 130 131 120 0 0 0 114 66
108 109 104 111 110 130 382 309 164 568 437 126 1 0 0 0 0
105 110 104 111 112 126 351 296 177 559 421 111 2 0 0 0 0
98 99 98 104 97 102 182 159 104 161 133 102 3 0 0 0 0
105 108 102 111 110 153 638 527 140 353 311 109 4 0 0 0 0
104 110 102 105 110 123 431 368 129 300 257 107 5 0 0 0 0
105 108 103 108 109 111 207 186 113 174 163 104 6 0 0 0 0
115 115 108 117 122 167 952 875 190 837 720 126 7 0 0 0 0
100 98 97 104 104 121 646 581 139 587 511 104 8 0 0 0 0
104 107 99 108 109 104 211 200 111 142 128 109 9 0 0 0 0
96 104 95 103 104 142 749 729 145 245 217 103 10 0 0 0 0
106 110 96 109 113 126 513 458 125 185 176 15000 11 0 0 0 0
Chip#1
108 111 102 106 108 107 134 119 106 133 139 127 0 0 192 114 66
101 108 97 103 106 121 375 304 164 566 428 119 1 0 0 0 0
100 108 98 104 106 123 352 293 173 556 416 109 2 0 0 0 0
104 111 102 106 111 112 187 168 114 166 135 110 3 0 0 0 0
105 110 103 104 113 153 699 531 138 358 312 110 4 0 0 0 0
104 105 100 105 111 123 429 361 128 296 256 107 5 0 0 0 0
101 104 100 108 117 110 207 191 108 179 162 109 6 0 0 0 0
104 108 98 111 120 158 942 870 178 827 716 120 7 0 0 0 0
98 107 99 104 112 123 648 590 144 592 512 108 8 0 0 0 0
98 107 100 105 111 103 209 195 113 143 127 104 9 0 0 0 0
100 105 99 106 108 145 751 725 150 248 217 107 10 0 0 0 0
96 102 97 101 106 115 500 446 115 179 166 15000 11 0 0 0 0
Chip#1
106 108 103 110 111 107 134 120 110 141 135 126 0 0 128 115 66
101 102 99 104 104 120 371 302 164 566 429 117 1 0 0 0 0
103 108 99 108 111 123 348 294 177 559 415 111 2 0 0 0 0
101 105 99 110 110 110 189 164 113 166 139 107 3 0 0 0 0
100 108 98 106 110 149 638 526 137 352 307 105 4 0 0 0 0
106 116 104 112 121 131 433 364 132 301 259 109 5 0 0 0 0
103 106 102 105 114 112 213 188 114 179 164 113 6 0 0 0 0
111 115 107 118 123 163 949 871 187 833 716 122 7 0 0 0 0
110 115 107 113 118 133 656 593 141 597 519 115 8 0 0 0 0
100 109 100 105 111 112 212 200 113 145 125 107 9 0 0 0 0
114 116 111 117 123 155 763 737 151 256 231 116 10 0 0 0 0
103 102 97 104 106 117 502 450 118 182 166 15000 11 0 0 0 0
Chip#1
101 104 102 104 107 107 118 114 109 137 131 125 0 0 128 116 66
103 109 103 108 111 130 390 307 165 571 433 124 1 0 0 0 0
101 109 102 106 108 125 346 295 175 558 415 110 2 0 0 0 0
99 102 98 103 102 102 186 157 106 158 129 102 3 0 0 0 0
115 120 113 116 121 165 649 532 141 361 316 116 4 0 0 0 0
111 110 103 112 118 127 432 367 129 302 256 105 5 0 0 0 0
98 103 102 104 106 106 201 182 109 172 158 100 6 0 0 0 0
109 108 103 114 117 162 945 865 183 828 716 120 7 0 0 0 0
110 111 109 118 129 139 659 598 150 601 519 114 8 0 0 0 0
99 104 103 105 104 103 206 197 104 140 125 105 9 0 0 0 0
105 108 103 110 111 147 750 727 148 252 220 111 10 0 0 0 0
103 111 103 106 112 126 507 458 123 184 174 15000 11 0 0 0 0
Chip#1
103 108 99 105 108 106 134 116 108 133 136 128 0 0 128 117 66
104 110 102 110 113 130 375 308 163 567 432 126 1 0 0 0 0
105 109 100 108 108 120 342 289 175 558 413 113 2 0 0 0 0
106 105 99 105 112 108 193 164 111 165 137 109 3 0 0 0 0
109 113 105 111 114 154 646 525 142 352 309 111 4 0 0 0 0
104 110 100 109 109 129 429 361 128 296 254 108 5 0 0 0 0
101 104 99 108 112 108 205 181 114 175 159 104 6 0 0 0 0
103 104 98 110 116 155 937 862 178 816 723 113 7 0 0 0 0
105 110 104 111 118 133 653 593 148 592 512 111 8 0 0 0 0
104 107 97 103 107 110 205 194 106 140 128 107 9 0 0 0 0
101 105 96 105 104 146 752 725 143 244 217 105 10 0 0 0 0
100 108 99 108 111 123 504 452 123 182 170 15000 11 0 0 0 0
Chip#1
94 100 97 96 102 96 115 108 101 128 128 121 0 0 64 118 66
95 101 97 101 98 119 364 296 159 559 420 117 1 0 0 0 0
105 104 103 108 112 127 348 294 176 556 414 116 2 0 0 0 0
105 108 99 106 108 108 188 163 110 163 135 108 3 0 0 0 0
103 108 98 106 111 151 638 521 137 346 301 109 4 0 0 0 0
108 105 104 108 116 127 432 362 129 300 254 108 5 0 0 0 0
99 105 100 106 110 108 206 182 109 172 154 104 6 0 0 0 0
103 106 97 110 116 155 939 860 181 818 716 119 7 0 0 0 0
100 104 98 108 115 129 648 587 143 588 509 107 8 0 0 0 0
98 102 99 103 103 110 203 195 108 140 123 107 9 0 0 0 0
106 108 103 109 111 151 757 726 109 248 219 111 10 0 0 0 0
100 103 99 104 108 123 502 451 118 177 170 15000 11 0 0 0 0
Chip#1
100 104 102 106 106 107 120 113 103 129 133 122 0 0 0 119 66
99 107 98 106 102 125 370 302 162 563 429 120 1 0 0 0 0
99 104 96 106 106 123 345 288 173 554 414 111 2 0 0 0 0
100 107 102 101 107 108 187 162 109 164 131 104 3 0 0 0 0
100 103 97 105 109 149 633 515 134 345 297 103 4 0 0 0 0
104 107 104 109 113 134 431 362 129 297 254 111 5 0 0 0 0
101 108 105 109 113 114 215 187 118 176 163 108 6 0 0 0 0
111 111 108 117 126 169 945 867 190 825 716 122 7 0 0 0 0
109 113 104 116 116 137 654 590 141 592 514 115 8 0 0 0 0
104 107 105 110 110 112 216 204 111 145 133 107 9 0 0 0 0
109 111 105 110 113 157 756 730 113 249 220 109 10 0 0 0 0
101 108 104 109 108 126 507 452 121 182 172 15000 11 0 0 0 0
Chip#1
108 109 105 106 116 108 134 119 111 136 136 128 0 0 0 120 66
100 102 102 103 111 119 369 298 160 560 425 120 1 0 0 0 0
105 103 99 104 110 119 344 288 172 553 408 109 2 0 0 0 0
96 102 102 100 112 103 185 156 106 156 129 103 3 0 0 0 0
117 114 112 116 122 162 646 526 145 355 311 119 4 0 0 0 0
104 108 105 108 117 129 423 360 124 296 253 105 5 0 0 0 0
99 103 102 104 112 108 205 188 109 172 160 105 6 0 0 0 0
103 109 99 110 120 155 930 858 178 811 715 115 7 0 0 0 0
105 104 104 108 114 130 673 590 147 582 506 110 8 0 0 0 0
104 104 99 101 106 106 209 201 109 138 129 104 9 0 0 0 0
106 111 104 109 113 151 749 725 110 248 221 109 10 0 0 0 0
94 102 97 99 106 118 497 445 113 175 166 15000 11 0 0 0 0
Chip#1
99 103 102 104 106 102 134 114 105 132 133 124 0 0 192 120 66
104 105 103 105 112 126 368 302 161 559 427 119 1 0 0 0 0
101 105 97 106 106 121 337 287 171 548 409 109 2 0 0 0 0
100 107 104 104 103 103 187 162 111 163 133 109 3 0 0 0 0
104 109 99 109 116 151 646 519 140 347 305 110 4 0 0 0 0
105 111 104 110 118 130 426 363 129 295 253 105 5 0 0 0 0
106 108 103 111 112 115 206 188 113 174 160 109 6 0 0 0 0
105 109 105 111 121 159 938 861 183 817 715 121 7 0 0 0 0
103 105 104 110 116 130 646 586 144 582 506 110 8 0 0 0 0
105 103 99 105 111 112 207 198 110 139 126 105 9 0 0 0 0
117 122 116 119 125 161 760 732 155 259 233 120 10 0 0 0 0
100 103 100 108 110 119 497 450 119 179 165 15000 11 0 0 0 0
Chip#1
98 103 99 100 106 104 134 114 108 133 129 127 0 0 64 121 66
104 105 100 105 107 125 370 300 164 560 423 122 1 0 0 0 0
105 103 100 105 108 126 342 287 172 553 412 109 2 0 0 0 0
103 105 103 104 111 114 186 162 113 161 135 107 3 0 0 0 0
103 111 103 109 116 157 646 517 140 349 305 110 4 0 0 0 0
105 110 108 112 118 131 426 360 129 299 256 113 5 0 0 0 0
103 105 103 109 109 110 207 184 108 174 160 105 6 0 0 0 0
104 109 96 113 122 159 937 859 180 814 715 121 7 0 0 0 0
101 104 99 108 107 126 646 579 142 579 497 109 8 0 0 0 0
108 108 108 108 113 111 210 200 114 144 130 109 9 0 0 0 0
108 110 105 108 120 151 751 725 152 254 223 111 10 0 0 0 0
103 109 104 110 112 123 502 451 121 182 172 15000 11 0 0 0 0
