Chipdp
84 2 37 2 8 3 4 8 5 9 5 8 6 9 6 4 8 3 9 3 8 2 9 2 4 6 6 5 6 6 5 5 5 4 6 2 5 2 6 3 5 3 4 6 8 5 8 6 9 5 9 4 2 8 3 8 2 9 3 9 4 2 5 3 5 2 6 3 6 4 2 2 3 2 2 3 3 3 4 9 7 10 7 9 6 10 6 4 9 10 10 10 9 9 10 9 4 7 7 6 7 7 6 6 6 4 7 10 6 10 7 9 6 9 4 7 3 7 4 6 3 6 4 4 4 4 4 3 3 4 3 3 4 3 7 4 7 3 6 4 6 4 3 10 4 10 3 9 4 9 
Chip#1
110 100 100 104 105 101 105 103 108 101 102 108 0 0 128 115 66
107 103 149 167 111 135 189 109 118 182 107 111 1 0 0 0 0
102 102 490 641 114 517 981 147 378 1029 210 105 2 0 0 0 0
103 103 194 261 111 237 409 117 213 533 139 106 3 0 0 0 0
102 104 115 119 105 110 121 101 105 118 100 103 4 0 0 0 0
95 93 447 453 103 325 507 109 279 581 131 97 5 0 0 0 0
109 105 233 245 108 223 322 116 223 465 126 109 6 0 0 0 0
104 104 110 112 107 106 111 107 110 105 100 103 7 0 0 0 0
101 102 410 405 114 319 382 108 106 107 97 103 8 0 0 0 0
103 104 278 262 109 315 368 109 103 102 101 103 9 0 0 0 0
103 102 104 107 107 106 108 104 105 105 99 102 10 0 0 0 0
107 100 103 105 110 107 104 102 106 107 99 15000 11 0 0 0 0
Chip#2
108 110 104 103 106 100 104 98 100 99 101 105 0 0 128 117 66
119 119 114 113 117 114 111 111 110 113 114 116 1 0 0 0 0
108 103 100 99 105 102 101 102 98 104 104 103 2 0 0 0 0
104 106 112 227 155 106 227 191 98 169 196 107 3 0 0 0 0
107 109 129 343 223 110 301 227 104 185 198 110 4 0 0 0 0
107 110 108 127 115 104 112 108 100 109 108 105 5 0 0 0 0
104 112 105 148 134 105 329 329 104 286 444 123 6 0 0 0 0
107 110 119 279 203 114 638 651 111 433 674 147 7 0 0 0 0
106 106 103 127 118 100 146 146 101 114 137 105 8 0 0 0 0
102 105 103 100 101 99 205 264 101 200 364 121 9 0 0 0 0
103 107 105 101 103 101 494 692 127 382 712 182 10 0 0 0 0
112 111 112 111 114 111 165 208 108 133 196 15000 11 0 0 0 0
Chip#1
116 109 104 104 107 107 111 105 108 106 109 114 0 0 64 119 66
105 104 141 161 110 133 183 111 120 184 106 108 1 0 0 0 0
108 107 485 630 122 511 965 150 374 1013 209 106 2 0 0 0 0
105 104 187 262 108 230 404 115 210 517 133 108 3 0 0 0 0
97 100 110 117 103 107 117 104 105 107 97 99 4 0 0 0 0
104 105 450 457 111 326 509 117 284 583 143 105 5 0 0 0 0
103 108 230 241 114 222 318 113 222 448 127 110 6 0 0 0 0
107 108 114 118 111 118 117 113 116 111 105 111 7 0 0 0 0
103 104 398 401 112 315 380 110 110 109 99 103 8 0 0 0 0
107 103 277 267 111 312 365 111 110 106 102 109 9 0 0 0 0
101 99 100 106 101 103 108 104 104 102 100 103 10 0 0 0 0
105 105 101 107 108 108 117 109 110 105 102 15000 11 0 0 0 0
Chip#2
109 110 103 104 104 100 102 103 101 101 104 107 0 0 64 119 66
109 111 105 103 106 100 105 103 99 104 104 106 1 0 0 0 0
108 105 99 98 102 104 98 98 96 105 103 100 2 0 0 0 0
98 101 104 212 147 97 215 180 94 161 186 101 3 0 0 0 0
101 101 122 332 212 102 260 221 95 176 194 100 4 0 0 0 0
98 103 98 120 113 99 104 100 94 98 100 96 5 0 0 0 0
98 103 103 144 125 100 322 321 94 273 429 116 6 0 0 0 0
104 110 115 249 195 114 625 641 112 426 658 140 7 0 0 0 0
117 118 115 137 130 114 155 155 114 129 152 113 8 0 0 0 0
106 112 104 105 108 105 206 265 106 203 369 128 9 0 0 0 0
109 112 112 109 114 110 495 691 132 384 711 186 10 0 0 0 0
104 109 104 101 107 100 153 200 102 124 184 15000 11 0 0 0 0
Chip#1
108 107 103 106 104 101 108 109 109 105 107 109 0 0 64 121 66
98 100 138 156 107 129 180 104 114 175 99 100 1 0 0 0 0
105 107 483 630 117 506 962 146 374 1013 207 105 2 0 0 0 0
101 100 183 251 104 227 398 110 211 501 134 102 3 0 0 0 0
98 103 116 116 105 108 125 108 111 115 102 100 4 0 0 0 0
98 103 443 447 108 321 500 110 279 570 136 99 5 0 0 0 0
98 109 227 241 109 222 313 109 214 449 126 105 6 0 0 0 0
104 108 110 113 112 112 117 109 114 110 106 108 7 0 0 0 0
105 107 402 399 112 319 378 115 110 106 101 106 8 0 0 0 0
105 108 276 261 111 308 364 110 114 109 107 110 9 0 0 0 0
103 103 103 102 103 104 110 104 105 102 100 102 10 0 0 0 0
110 109 110 112 111 113 113 108 109 106 107 15000 11 0 0 0 0
Chip#2
115 110 109 105 111 104 104 106 104 104 108 108 0 0 64 121 66
108 106 107 108 106 101 101 101 99 103 103 105 1 0 0 0 0
101 102 98 100 105 96 98 100 94 98 98 101 2 0 0 0 0
106 107 115 222 159 105 223 192 101 172 191 107 3 0 0 0 0
106 103 129 335 215 105 261 220 100 178 194 107 4 0 0 0 0
106 105 105 126 113 105 112 107 105 103 105 106 5 0 0 0 0
109 114 109 148 136 111 328 327 108 282 439 127 6 0 0 0 0
101 101 113 271 193 107 616 634 106 421 652 139 7 0 0 0 0
112 110 110 134 124 109 148 155 108 121 142 110 8 0 0 0 0
108 107 108 106 110 104 206 264 108 202 365 129 9 0 0 0 0
106 106 105 105 104 102 491 684 125 376 700 183 10 0 0 0 0
109 111 109 110 104 106 157 203 107 129 189 15000 11 0 0 0 0
Chip#1
105 100 98 105 102 102 106 100 103 102 97 108 0 0 128 123 66
103 99 135 162 109 130 176 103 111 175 101 104 1 0 0 0 0
101 107 483 626 116 505 956 144 374 1013 206 104 2 0 0 0 0
95 92 180 250 102 222 391 103 205 517 127 98 3 0 0 0 0
98 100 114 121 104 107 117 104 109 114 101 104 4 0 0 0 0
105 100 440 447 111 324 497 112 283 574 137 106 5 0 0 0 0
110 108 230 242 117 224 315 118 221 453 132 108 6 0 0 0 0
97 95 105 106 104 101 104 100 104 103 97 99 7 0 0 0 0
102 102 397 397 108 313 372 109 110 102 99 100 8 0 0 0 0
93 97 264 249 103 298 352 101 99 95 91 97 9 0 0 0 0
99 102 104 105 105 104 105 101 105 95 95 99 10 0 0 0 0
109 103 105 106 107 106 110 108 110 105 104 15000 11 0 0 0 0
Chip#2
103 107 103 100 101 99 100 100 98 104 100 102 0 0 0 125 66
106 112 104 105 108 101 101 102 98 105 101 106 1 0 0 0 0
101 103 99 100 105 95 99 100 98 101 103 103 2 0 0 0 0
102 102 108 213 150 101 211 180 95 165 181 103 3 0 0 0 0
99 102 120 331 211 102 259 214 96 177 188 100 4 0 0 0 0
107 111 108 131 122 105 112 111 105 110 110 107 5 0 0 0 0
110 110 109 150 133 104 325 320 105 279 429 119 6 0 0 0 0
101 102 109 239 193 104 610 622 101 417 641 132 7 0 0 0 0
102 100 99 121 113 100 140 141 95 112 132 103 8 0 0 0 0
106 109 107 105 110 106 205 261 104 205 359 124 9 0 0 0 0
112 114 110 109 113 106 492 678 130 380 698 186 10 0 0 0 0
114 114 109 111 111 109 156 199 110 132 188 15000 11 0 0 0 0
Chip#1
115 110 106 109 108 107 111 108 111 109 102 111 0 0 64 126 66
103 102 136 160 107 129 181 111 116 175 102 104 1 0 0 0 0
98 103 483 617 111 497 947 144 365 997 201 100 2 0 0 0 0
103 104 187 254 108 223 399 112 208 517 131 102 3 0 0 0 0
102 100 113 118 104 104 119 105 114 111 101 105 4 0 0 0 0
103 102 431 441 104 318 491 113 278 568 136 100 5 0 0 0 0
98 100 216 227 105 210 305 108 216 436 121 99 6 0 0 0 0
105 104 108 117 109 107 112 111 110 103 105 106 7 0 0 0 0
104 105 394 389 108 309 371 112 111 107 101 104 8 0 0 0 0
97 97 264 248 101 292 351 100 101 97 93 97 9 0 0 0 0
99 97 95 100 101 98 105 100 108 97 93 94 10 0 0 0 0
103 100 101 105 102 101 108 103 109 98 99 15000 11 0 0 0 0
Chip#2
112 106 107 105 105 101 104 101 104 105 105 108 0 0 64 126 66
106 107 104 104 104 101 102 95 99 103 101 102 1 0 0 0 0
118 117 114 116 116 114 112 111 106 113 113 116 2 0 0 0 0
102 97 114 221 149 101 218 183 98 165 185 102 3 0 0 0 0
108 107 126 335 219 106 263 224 102 180 193 103 4 0 0 0 0
103 105 102 125 111 99 107 104 98 101 103 100 5 0 0 0 0
114 114 115 156 140 114 332 329 114 286 441 129 6 0 0 0 0
113 112 123 276 205 117 625 636 116 430 658 148 7 0 0 0 0
117 116 114 140 130 114 154 155 113 126 151 118 8 0 0 0 0
107 110 107 103 110 104 208 262 107 201 364 128 9 0 0 0 0
115 114 109 111 113 110 495 683 134 382 704 189 10 0 0 0 0
110 109 110 106 112 106 157 200 106 129 190 15000 11 0 0 0 0
Chip#1
113 114 106 111 115 109 115 110 113 112 109 113 0 0 32 128 66
104 104 140 160 109 132 181 112 119 180 106 111 1 0 0 0 0
107 107 483 616 114 495 941 150 374 993 201 109 2 0 0 0 0
102 104 182 251 103 224 393 109 207 517 137 104 3 0 0 0 0
99 103 115 119 103 107 122 105 113 115 102 104 4 0 0 0 0
102 104 435 445 110 317 493 117 277 566 136 105 5 0 0 0 0
107 107 227 235 111 213 307 113 217 440 127 110 6 0 0 0 0
101 103 107 112 105 107 113 108 105 103 96 103 7 0 0 0 0
93 94 378 378 101 297 357 98 99 94 90 93 8 0 0 0 0
105 99 267 256 104 300 352 111 108 102 100 104 9 0 0 0 0
99 102 105 104 102 98 107 104 106 103 101 104 10 0 0 0 0
96 92 92 98 98 95 100 98 99 95 88 15000 11 0 0 0 0
Chip#2
115 114 110 110 112 107 105 110 107 106 109 108 0 0 32 128 66
106 107 103 100 107 100 101 103 100 103 101 103 1 0 0 0 0
103 103 103 101 104 100 101 102 102 103 101 110 2 0 0 0 0
108 112 118 222 156 111 224 191 106 171 195 113 3 0 0 0 0
103 106 128 331 213 112 259 220 104 182 193 107 4 0 0 0 0
108 111 109 130 117 107 112 108 106 107 108 111 5 0 0 0 0
112 111 114 151 135 114 326 327 108 283 433 128 6 0 0 0 0
104 103 112 244 195 110 610 627 108 420 646 141 7 0 0 0 0
109 106 105 132 118 105 146 148 105 115 136 106 8 0 0 0 0
108 106 103 103 105 102 199 264 104 197 357 126 9 0 0 0 0
108 109 107 103 104 101 482 677 126 371 692 180 10 0 0 0 0
113 114 113 104 107 106 154 200 105 129 189 15000 11 0 0 0 0
Chip#1
110 105 102 105 108 104 110 107 105 105 104 111 0 0 32 129 66
103 102 136 160 104 129 181 105 115 175 102 104 1 0 0 0 0
98 100 477 610 107 493 935 140 360 988 201 104 2 0 0 0 0
101 102 180 254 108 223 393 109 211 501 133 104 3 0 0 0 0
97 95 110 115 102 106 117 103 108 107 98 100 4 0 0 0 0
101 105 433 442 108 317 491 117 281 564 138 109 5 0 0 0 0
95 100 227 224 100 205 299 108 208 430 115 99 6 0 0 0 0
97 98 104 107 103 103 107 103 105 102 97 98 7 0 0 0 0
101 102 384 383 102 305 362 104 106 102 99 99 8 0 0 0 0
97 95 265 249 100 300 348 104 104 99 96 103 9 0 0 0 0
104 105 104 111 110 108 108 107 109 106 104 106 10 0 0 0 0
105 105 103 100 107 103 108 102 108 102 96 15000 11 0 0 0 0
Chip#2
106 107 98 97 101 95 100 95 93 96 99 101 0 0 128 129 66
112 109 107 108 107 102 108 106 105 106 104 110 1 0 0 0 0
109 105 103 103 105 104 104 100 102 105 106 108 2 0 0 0 0
114 114 119 219 159 115 228 193 108 173 196 113 3 0 0 0 0
103 103 123 326 212 107 262 215 96 178 191 102 4 0 0 0 0
107 107 104 120 114 106 113 108 101 107 108 108 5 0 0 0 0
104 105 104 145 129 100 320 318 98 275 429 118 6 0 0 0 0
104 112 113 240 191 110 615 626 108 418 647 143 7 0 0 0 0
109 107 105 129 122 105 148 149 105 120 138 108 8 0 0 0 0
104 107 103 101 107 104 203 263 102 200 359 127 9 0 0 0 0
107 109 104 105 110 104 488 677 130 373 696 186 10 0 0 0 0
109 111 105 104 108 101 155 199 99 127 186 15000 11 0 0 0 0
Chip#1
108 107 102 106 107 104 110 107 108 106 104 114 0 0 0 130 66
111 108 142 163 111 136 181 113 120 175 115 111 1 0 0 0 0
104 107 481 612 116 492 934 146 365 985 206 108 2 0 0 0 0
104 105 190 255 110 228 396 115 207 501 134 109 3 0 0 0 0
99 104 116 121 104 104 119 108 106 114 101 102 4 0 0 0 0
99 103 428 440 108 314 483 117 276 554 142 104 5 0 0 0 0
104 110 227 237 111 222 306 112 219 431 127 106 6 0 0 0 0
103 99 104 110 105 108 112 104 106 102 101 100 7 0 0 0 0
99 97 383 386 104 303 365 107 106 99 101 102 8 0 0 0 0
108 104 270 260 111 300 355 112 109 107 102 110 9 0 0 0 0
101 104 102 107 107 108 111 105 108 103 100 103 10 0 0 0 0
111 107 104 109 109 108 108 110 109 107 107 15000 11 0 0 0 0
Chip#2
113 114 107 106 106 105 106 104 101 104 104 110 0 0 0 130 66
108 112 105 103 107 104 106 105 100 104 103 108 1 0 0 0 0
109 106 102 106 107 102 104 107 98 105 103 105 2 0 0 0 0
113 111 118 223 158 110 222 192 106 168 191 112 3 0 0 0 0
114 114 126 331 215 111 258 224 106 182 195 111 4 0 0 0 0
112 115 110 130 119 109 116 111 106 107 111 112 5 0 0 0 0
107 110 105 146 134 105 320 321 104 275 428 123 6 0 0 0 0
108 110 113 243 195 111 605 623 106 412 639 143 7 0 0 0 0
114 115 109 129 125 109 148 151 108 121 145 110 8 0 0 0 0
108 105 104 103 104 102 205 260 102 198 355 123 9 0 0 0 0
114 109 108 110 112 109 487 680 134 374 689 186 10 0 0 0 0
103 105 98 100 103 96 146 192 100 121 183 15000 11 0 0 0 0
Chip#1
110 112 102 110 107 109 112 109 111 109 107 116 0 0 192 130 66
97 100 135 152 102 125 178 100 111 172 104 104 1 0 0 0 0
102 107 482 611 116 491 933 140 368 985 204 105 2 0 0 0 0
96 100 183 250 105 222 390 105 205 501 132 102 3 0 0 0 0
98 102 114 122 105 110 122 107 111 111 105 105 4 0 0 0 0
99 103 427 436 103 313 484 112 276 556 136 106 5 0 0 0 0
101 100 227 229 108 210 302 110 213 435 122 104 6 0 0 0 0
103 104 108 113 107 106 114 105 113 105 105 105 7 0 0 0 0
97 102 383 383 107 300 359 104 105 99 100 103 8 0 0 0 0
107 110 271 257 116 306 352 110 116 110 102 108 9 0 0 0 0
93 102 97 104 98 100 103 98 103 98 100 98 10 0 0 0 0
95 100 97 101 98 102 104 100 101 99 97 15000 11 0 0 0 0
Chip#2
104 106 99 98 103 97 98 95 95 100 98 100 0 0 192 130 66
104 105 100 100 107 100 100 98 100 105 99 102 1 0 0 0 0
107 111 102 105 107 106 106 103 104 109 104 107 2 0 0 0 0
109 110 117 219 153 110 218 189 101 168 189 108 3 0 0 0 0
106 105 128 331 209 107 260 218 104 179 193 107 4 0 0 0 0
115 117 114 140 125 117 124 116 112 118 114 117 5 0 0 0 0
104 103 99 147 128 102 315 315 99 274 424 119 6 0 0 0 0
104 106 113 267 195 114 606 627 110 421 643 141 7 0 0 0 0
109 111 108 131 123 106 143 144 104 121 143 108 8 0 0 0 0
109 107 108 106 106 106 205 262 106 202 361 126 9 0 0 0 0
112 110 105 110 108 109 487 675 129 376 695 183 10 0 0 0 0
112 110 108 105 110 107 155 200 107 131 186 15000 11 0 0 0 0
Chip#1
108 105 103 105 108 103 107 104 106 103 101 109 0 0 128 131 66
107 108 141 160 111 133 178 107 121 180 107 109 1 0 0 0 0
101 103 475 606 116 490 925 141 362 977 204 104 2 0 0 0 0
95 98 180 244 104 222 387 108 202 501 128 99 3 0 0 0 0
98 99 115 115 107 102 119 104 105 111 99 102 4 0 0 0 0
101 100 428 435 104 308 483 113 273 554 139 103 5 0 0 0 0
101 104 227 230 105 209 300 105 208 431 123 103 6 0 0 0 0
96 103 105 107 109 101 108 104 104 102 101 104 7 0 0 0 0
91 99 371 375 101 295 352 98 101 93 94 94 8 0 0 0 0
101 104 265 251 107 295 347 107 109 103 99 105 9 0 0 0 0
105 108 106 107 107 107 111 104 110 105 101 105 10 0 0 0 0
107 105 103 106 108 104 108 104 109 102 98 15000 11 0 0 0 0
Chip#2
114 116 110 109 110 105 106 107 105 111 109 110 0 0 128 131 66
106 106 103 98 104 100 98 98 93 103 99 103 1 0 0 0 0
112 112 107 105 110 105 102 104 99 105 104 110 2 0 0 0 0
106 102 110 213 147 105 214 182 93 162 183 105 3 0 0 0 0
103 109 128 324 213 112 256 218 100 179 191 108 4 0 0 0 0
106 107 103 125 118 104 112 108 106 107 103 106 5 0 0 0 0
98 101 103 136 121 99 301 311 93 266 418 113 6 0 0 0 0
110 115 124 244 199 119 610 623 114 423 644 152 7 0 0 0 0
110 110 110 132 123 109 147 149 110 124 142 112 8 0 0 0 0
107 102 103 99 104 102 199 258 99 198 356 126 9 0 0 0 0
108 107 103 100 105 105 475 664 123 367 680 181 10 0 0 0 0
108 111 109 109 112 110 154 201 108 130 185 15000 11 0 0 0 0
Chip#1
110 100 99 102 100 102 104 100 106 98 99 105 0 0 32 133 66
101 99 133 151 101 122 174 102 114 171 104 102 1 0 0 0 0
101 98 473 597 114 479 915 136 354 964 200 98 2 0 0 0 0
103 108 189 253 105 222 385 116 205 501 139 106 3 0 0 0 0
97 99 113 111 98 101 113 98 105 107 95 99 4 0 0 0 0
95 94 414 426 97 300 470 107 273 546 129 97 5 0 0 0 0
104 107 227 230 108 222 300 109 214 429 123 108 6 0 0 0 0
98 95 101 102 97 101 105 100 103 97 93 97 7 0 0 0 0
108 109 389 383 111 308 364 112 111 111 109 108 8 0 0 0 0
103 105 267 254 110 294 349 108 109 110 99 104 9 0 0 0 0
107 102 104 107 107 107 110 103 109 109 104 106 10 0 0 0 0
111 113 105 110 111 110 114 110 118 105 110 15000 11 0 0 0 0
Chip#2
112 116 109 108 110 106 107 107 101 106 106 112 0 0 32 133 66
114 112 110 110 113 106 107 108 106 107 110 110 1 0 0 0 0
115 116 110 113 111 111 111 111 102 109 109 113 2 0 0 0 0
104 105 113 212 149 109 216 182 100 163 188 106 3 0 0 0 0
106 105 125 328 215 109 260 217 99 178 191 110 4 0 0 0 0
106 112 103 124 118 104 111 107 101 106 106 106 5 0 0 0 0
107 107 103 144 131 102 319 315 100 271 425 122 6 0 0 0 0
109 112 117 267 193 112 606 620 112 418 641 144 7 0 0 0 0
109 112 102 132 124 109 144 148 102 120 140 108 8 0 0 0 0
110 116 107 110 114 109 209 263 108 203 361 128 9 0 0 0 0
117 117 115 114 118 116 489 680 137 380 694 191 10 0 0 0 0
102 103 99 99 106 97 146 194 96 117 180 15000 11 0 0 0 0
Chip#1
113 110 107 109 107 108 114 108 113 105 107 113 0 0 128 133 66
99 105 134 158 103 126 174 104 111 169 102 103 1 0 0 0 0
98 102 469 600 112 482 914 139 356 960 199 103 2 0 0 0 0
96 103 181 243 101 222 376 104 203 501 129 103 3 0 0 0 0
102 105 115 122 108 108 122 110 109 118 105 109 4 0 0 0 0
103 104 421 433 108 309 476 112 277 550 141 104 5 0 0 0 0
99 103 213 225 103 208 299 111 210 427 125 103 6 0 0 0 0
98 99 106 110 102 100 107 101 104 102 97 103 7 0 0 0 0
102 105 381 378 109 299 356 108 109 101 101 99 8 0 0 0 0
99 104 260 248 105 292 342 103 108 101 100 104 9 0 0 0 0
102 104 100 105 104 106 104 100 109 101 99 98 10 0 0 0 0
97 99 97 101 100 101 102 98 104 98 99 15000 11 0 0 0 0
Chip#2
110 111 104 106 104 102 102 104 102 101 103 106 0 0 224 133 66
112 115 108 105 110 107 105 107 105 107 106 111 1 0 0 0 0
107 109 102 103 103 101 101 104 100 105 105 100 2 0 0 0 0
118 114 122 222 162 114 227 192 111 174 195 116 3 0 0 0 0
104 106 124 322 211 110 254 211 99 173 185 103 4 0 0 0 0
106 106 102 125 115 104 110 109 104 106 108 107 5 0 0 0 0
109 111 108 150 132 110 323 322 110 277 430 124 6 0 0 0 0
113 114 120 244 197 119 610 624 114 419 645 147 7 0 0 0 0
106 103 103 127 122 105 142 145 102 116 138 108 8 0 0 0 0
114 110 113 113 114 114 210 265 113 207 367 133 9 0 0 0 0
102 103 102 100 105 101 475 665 123 365 684 176 10 0 0 0 0
117 114 112 108 112 110 157 203 110 129 191 15000 11 0 0 0 0
Chip#1
107 100 101 105 102 98 107 102 108 103 99 103 0 0 160 134 66
99 95 134 147 103 122 172 103 113 168 96 98 1 0 0 0 0
96 97 467 593 111 478 905 140 348 951 195 99 2 0 0 0 0
98 109 185 245 109 222 380 111 201 501 131 102 3 0 0 0 0
101 105 117 122 109 110 121 107 113 118 102 104 4 0 0 0 0
104 103 423 429 111 306 470 112 275 554 134 105 5 0 0 0 0
101 107 227 229 105 207 293 111 207 424 120 104 6 0 0 0 0
104 104 111 111 103 103 110 107 108 105 101 102 7 0 0 0 0
101 105 376 376 104 297 355 108 101 101 101 102 8 0 0 0 0
101 102 260 247 102 288 339 108 106 106 100 102 9 0 0 0 0
98 102 102 100 102 100 104 101 101 101 98 100 10 0 0 0 0
99 104 102 102 102 101 103 102 105 101 95 15000 11 0 0 0 0
Chip#2
110 112 107 105 107 101 105 102 101 105 106 108 0 0 160 134 66
108 111 103 101 106 101 100 101 100 105 100 108 1 0 0 0 0
104 105 102 100 105 99 102 100 98 100 101 103 2 0 0 0 0
104 103 108 210 147 99 210 178 95 165 181 106 3 0 0 0 0
108 110 125 326 210 110 256 215 99 177 191 110 4 0 0 0 0
109 110 108 129 119 106 112 108 102 107 111 110 5 0 0 0 0
107 107 107 146 128 104 319 317 104 278 424 122 6 0 0 0 0
102 103 113 237 190 110 596 609 105 411 632 139 7 0 0 0 0
108 112 104 127 121 101 144 143 99 113 138 110 8 0 0 0 0
114 112 110 110 112 109 209 265 107 204 365 132 9 0 0 0 0
108 103 104 104 110 109 479 661 125 371 684 185 10 0 0 0 0
112 111 108 108 112 106 159 199 107 131 186 15000 11 0 0 0 0
Chip#1
108 105 101 100 104 104 104 102 105 98 101 108 0 0 128 135 66
105 108 138 160 107 131 178 104 118 172 105 105 1 0 0 0 0
98 99 470 597 116 482 908 143 357 954 199 102 2 0 0 0 0
101 104 182 245 104 222 379 107 205 485 128 102 3 0 0 0 0
101 102 115 119 104 109 120 107 113 113 102 104 4 0 0 0 0
104 107 422 432 108 312 476 117 278 552 141 105 5 0 0 0 0
104 102 212 225 110 207 293 110 210 422 125 98 6 0 0 0 0
103 108 111 112 112 109 115 108 113 109 104 105 7 0 0 0 0
98 100 373 376 103 298 350 102 106 99 99 93 8 0 0 0 0
98 102 254 248 107 288 340 104 108 98 101 98 9 0 0 0 0
99 100 100 99 102 102 103 94 103 98 93 97 10 0 0 0 0
104 100 100 107 104 103 107 102 106 103 101 15000 11 0 0 0 0
Chip#2
103 109 99 101 101 97 100 97 98 99 100 100 0 0 128 135 66
114 115 104 105 111 104 105 107 102 104 106 107 1 0 0 0 0
107 103 103 97 106 97 99 98 94 99 103 100 2 0 0 0 0
108 106 112 213 152 106 217 182 99 166 186 110 3 0 0 0 0
102 103 125 320 210 105 250 214 104 177 188 106 4 0 0 0 0
110 114 108 130 121 106 118 109 107 110 111 107 5 0 0 0 0
107 109 105 145 129 106 318 317 102 273 425 119 6 0 0 0 0
107 111 117 237 192 112 603 619 107 416 637 142 7 0 0 0 0
106 106 102 125 119 100 143 139 99 116 135 103 8 0 0 0 0
110 107 105 105 102 104 204 261 106 202 360 124 9 0 0 0 0
112 114 105 106 112 109 483 670 133 374 690 185 10 0 0 0 0
115 114 110 110 116 111 161 203 110 134 189 15000 11 0 0 0 0
Chip#1
102 99 96 101 97 97 100 96 101 99 95 98 0 0 64 136 66
95 95 132 155 100 125 167 102 109 168 104 98 1 0 0 0 0
97 99 461 590 109 478 901 135 350 949 198 98 2 0 0 0 0
95 98 174 241 101 222 371 103 193 485 125 96 3 0 0 0 0
97 103 111 118 103 103 117 98 110 110 98 99 4 0 0 0 0
99 104 416 428 109 306 471 112 271 544 133 99 5 0 0 0 0
99 104 227 227 104 202 297 105 205 419 120 100 6 0 0 0 0
105 109 108 116 109 114 115 111 114 111 105 106 7 0 0 0 0
97 99 370 374 105 298 350 100 108 105 96 99 8 0 0 0 0
96 102 257 241 100 284 337 102 105 99 96 97 9 0 0 0 0
99 107 101 104 105 106 106 107 106 99 102 103 10 0 0 0 0
98 104 99 104 102 102 104 103 105 103 102 15000 11 0 0 0 0
Chip#2
109 110 107 104 106 102 104 104 101 104 104 111 0 0 192 136 66
120 118 114 114 116 111 113 110 110 112 110 117 1 0 0 0 0
102 101 94 97 103 99 99 97 93 99 99 100 2 0 0 0 0
107 110 112 213 153 105 216 183 95 165 186 108 3 0 0 0 0
110 111 129 325 213 115 254 214 101 180 191 112 4 0 0 0 0
109 110 105 126 116 106 117 109 105 109 106 111 5 0 0 0 0
112 109 105 148 133 110 321 321 108 273 426 123 6 0 0 0 0
107 105 117 238 189 110 597 611 106 411 631 139 7 0 0 0 0
113 112 108 134 122 110 149 148 108 122 142 112 8 0 0 0 0
109 109 104 109 108 106 210 258 104 201 356 127 9 0 0 0 0
106 107 103 106 111 107 475 665 125 368 679 177 10 0 0 0 0
107 103 102 100 101 100 147 192 100 122 176 15000 11 0 0 0 0
Chip#1
115 110 107 115 111 112 118 110 114 111 110 111 0 0 32 137 66
95 102 129 155 103 124 172 102 113 171 102 100 1 0 0 0 0
97 104 467 592 112 478 899 134 350 944 198 104 2 0 0 0 0
99 107 181 243 107 222 379 110 201 485 131 102 3 0 0 0 0
99 102 114 118 107 106 119 105 111 115 101 100 4 0 0 0 0
103 105 418 426 112 311 471 117 272 542 139 108 5 0 0 0 0
101 105 227 224 108 202 291 110 207 422 122 100 6 0 0 0 0
99 103 110 110 107 107 107 105 104 105 105 102 7 0 0 0 0
102 105 376 375 109 294 352 109 108 98 104 104 8 0 0 0 0
103 99 261 244 107 291 339 108 105 105 104 100 9 0 0 0 0
104 107 105 106 108 108 111 104 110 105 102 104 10 0 0 0 0
104 103 105 104 107 106 108 108 106 105 99 15000 11 0 0 0 0
Chip#2
112 112 107 109 108 102 107 106 105 105 109 107 0 0 32 137 66
103 105 102 101 104 97 98 101 98 99 100 102 1 0 0 0 0
106 110 104 104 107 101 104 103 105 101 106 106 2 0 0 0 0
93 93 100 200 141 92 202 169 91 155 172 95 3 0 0 0 0
104 107 126 324 213 110 256 218 105 179 189 110 4 0 0 0 0
108 109 105 125 119 104 114 111 105 107 108 110 5 0 0 0 0
115 115 114 156 141 109 321 326 116 283 433 129 6 0 0 0 0
109 112 119 243 196 115 605 621 111 414 639 143 7 0 0 0 0
107 107 105 129 121 102 146 144 104 121 138 106 8 0 0 0 0
102 103 99 98 104 100 199 254 100 194 350 119 9 0 0 0 0
103 103 100 98 104 100 472 661 122 366 677 175 10 0 0 0 0
107 112 105 106 113 104 155 197 108 129 188 15000 11 0 0 0 0
Chip#1
113 110 105 107 109 106 113 109 116 105 112 111 0 0 160 137 66
96 99 131 156 105 126 173 107 118 171 97 104 1 0 0 0 0
99 105 466 590 116 478 899 139 353 945 199 105 2 0 0 0 0
105 108 183 249 109 222 382 109 203 485 132 105 3 0 0 0 0
97 100 114 116 103 106 118 102 106 109 101 102 4 0 0 0 0
99 100 412 418 105 305 465 110 289 542 133 100 5 0 0 0 0
104 109 227 227 111 210 297 111 211 422 123 105 6 0 0 0 0
98 98 104 107 103 103 103 100 104 99 94 96 7 0 0 0 0
98 102 373 373 108 297 351 109 104 99 99 99 8 0 0 0 0
99 107 259 242 104 289 338 105 108 101 99 103 9 0 0 0 0
104 103 102 99 105 106 111 107 109 105 101 103 10 0 0 0 0
98 97 99 96 101 98 103 96 99 97 96 15000 11 0 0 0 0
Chip#2
108 111 107 104 107 99 102 101 98 100 104 107 0 0 160 137 66
111 112 105 108 107 106 102 103 104 103 106 111 1 0 0 0 0
109 106 105 105 108 105 104 103 102 106 104 111 2 0 0 0 0
112 111 117 218 157 112 218 187 106 168 191 114 3 0 0 0 0
103 102 123 317 203 106 248 211 98 168 185 105 4 0 0 0 0
109 111 105 129 119 105 116 111 106 105 111 106 5 0 0 0 0
104 103 107 144 128 105 301 313 100 249 423 123 6 0 0 0 0
106 102 113 234 186 107 597 612 105 404 630 142 7 0 0 0 0
109 111 109 132 123 109 144 145 106 116 140 113 8 0 0 0 0
108 107 105 104 107 104 205 257 107 195 356 127 9 0 0 0 0
102 107 103 101 102 100 469 654 125 364 679 180 10 0 0 0 0
112 109 107 104 111 104 153 194 105 124 183 15000 11 0 0 0 0
Chip#1
111 109 107 112 108 107 115 108 111 110 106 115 0 0 128 138 66
105 104 135 155 111 131 178 107 122 175 107 106 1 0 0 0 0
99 102 460 580 116 478 889 139 350 938 196 104 2 0 0 0 0
102 103 182 242 112 222 373 111 205 485 129 100 3 0 0 0 0
107 107 117 119 111 110 121 109 116 114 102 105 4 0 0 0 0
97 104 411 417 109 300 464 111 273 542 134 99 5 0 0 0 0
107 104 227 221 111 207 293 109 205 419 121 106 6 0 0 0 0
102 99 106 111 102 103 105 102 109 105 99 99 7 0 0 0 0
107 107 376 376 115 305 356 109 111 110 106 104 8 0 0 0 0
99 99 256 242 104 286 334 104 106 99 99 103 9 0 0 0 0
101 103 100 100 104 107 107 101 106 101 99 99 10 0 0 0 0
105 103 99 100 107 104 105 101 104 99 104 15000 11 0 0 0 0
Chip#2
113 111 110 109 108 106 105 108 106 109 106 111 0 0 32 139 66
115 110 109 105 110 104 102 102 100 105 100 106 1 0 0 0 0
114 112 112 110 108 107 108 109 106 111 106 110 2 0 0 0 0
110 107 118 216 153 107 217 184 107 166 186 106 3 0 0 0 0
106 111 126 322 210 109 249 208 100 177 189 110 4 0 0 0 0
101 102 103 116 110 97 104 101 94 99 100 101 5 0 0 0 0
104 109 108 144 127 105 318 314 101 273 420 122 6 0 0 0 0
107 102 115 233 190 111 599 613 107 413 631 141 7 0 0 0 0
110 110 108 127 119 106 147 143 102 120 137 110 8 0 0 0 0
114 110 112 109 108 109 209 262 107 202 364 128 9 0 0 0 0
115 112 117 109 112 112 483 672 135 377 689 188 10 0 0 0 0
108 107 105 104 106 104 154 193 99 127 184 15000 11 0 0 0 0
Chip#1
109 108 98 106 102 102 107 103 106 103 100 109 0 0 160 139 66
101 103 134 159 107 126 176 107 116 175 104 98 1 0 0 0 0
101 100 459 586 112 478 891 140 350 935 198 103 2 0 0 0 0
103 104 181 243 110 222 378 113 203 485 132 108 3 0 0 0 0
99 103 114 117 109 108 119 104 113 111 102 99 4 0 0 0 0
98 104 412 424 104 301 467 116 289 542 138 100 5 0 0 0 0
105 109 227 227 114 204 297 111 211 420 123 105 6 0 0 0 0
101 107 108 113 107 110 111 107 111 105 104 103 7 0 0 0 0
98 100 370 373 108 296 350 104 109 103 99 100 8 0 0 0 0
97 100 253 238 101 284 335 103 106 95 99 97 9 0 0 0 0
108 108 106 109 107 108 113 108 111 109 102 105 10 0 0 0 0
99 102 103 102 103 101 106 104 105 102 100 15000 11 0 0 0 0
Chip#2
117 117 109 113 111 107 108 107 106 110 106 111 0 0 160 139 66
118 116 110 113 107 110 107 108 108 110 110 110 1 0 0 0 0
110 107 104 106 106 105 105 104 100 106 105 107 2 0 0 0 0
112 112 119 215 152 106 217 183 105 168 185 111 3 0 0 0 0
106 109 124 319 203 104 249 211 100 171 182 105 4 0 0 0 0
110 110 108 129 116 106 113 109 102 109 106 108 5 0 0 0 0
110 114 108 147 131 106 322 317 107 275 426 123 6 0 0 0 0
110 114 118 240 196 116 603 619 112 413 636 144 7 0 0 0 0
104 106 103 129 117 102 142 141 102 114 138 103 8 0 0 0 0
108 115 104 106 110 105 208 261 105 201 361 127 9 0 0 0 0
102 102 98 99 102 100 468 655 124 362 673 176 10 0 0 0 0
111 106 100 104 107 102 154 197 102 123 181 15000 11 0 0 0 0
Chip#1
109 105 102 105 108 102 107 103 106 99 105 111 0 0 160 140 66
108 104 137 158 110 127 179 107 115 167 105 106 1 0 0 0 0
96 100 454 578 110 485 879 139 344 923 194 103 2 0 0 0 0
95 98 177 238 104 214 368 105 193 469 129 104 3 0 0 0 0
98 102 113 116 105 106 118 102 108 112 105 102 4 0 0 0 0
107 104 412 424 105 303 462 115 273 542 138 104 5 0 0 0 0
97 102 208 224 111 202 292 105 205 404 120 103 6 0 0 0 0
103 102 112 110 105 106 111 104 109 98 102 100 7 0 0 0 0
103 103 376 375 112 292 354 110 113 105 102 106 8 0 0 0 0
104 108 257 245 108 288 339 109 108 102 105 105 9 0 0 0 0
102 100 103 109 108 103 108 107 103 99 99 102 10 0 0 0 0
107 107 105 106 109 108 110 108 111 105 104 15000 11 0 0 0 0
Chip#2
107 111 104 99 103 102 100 97 98 104 103 103 0 0 160 140 66
114 116 105 103 110 105 104 104 98 105 103 105 1 0 0 0 0
111 109 107 108 108 105 106 103 102 105 105 102 2 0 0 0 0
106 106 115 212 150 106 214 183 102 163 183 107 3 0 0 0 0
104 107 120 317 209 110 249 210 100 177 185 105 4 0 0 0 0
104 106 103 125 112 101 110 106 99 104 105 101 5 0 0 0 0
99 107 103 139 129 104 301 310 102 271 419 118 6 0 0 0 0
108 111 115 233 192 111 596 613 110 412 630 142 7 0 0 0 0
102 105 98 124 113 102 137 139 96 111 133 98 8 0 0 0 0
108 106 102 101 106 106 205 257 104 196 355 123 9 0 0 0 0
103 106 99 100 102 99 467 650 120 358 668 174 10 0 0 0 0
117 116 115 111 118 114 162 207 114 138 196 15000 11 0 0 0 0
Chip#1
105 107 104 109 108 104 110 107 108 106 101 110 0 0 96 141 66
103 104 135 156 109 124 173 105 114 168 102 103 1 0 0 0 0
104 110 463 581 117 478 883 143 351 929 202 108 2 0 0 0 0
95 98 180 237 102 215 366 109 196 469 129 100 3 0 0 0 0
101 100 114 117 105 107 113 104 108 112 100 98 4 0 0 0 0
95 99 411 416 105 300 458 110 273 533 131 99 5 0 0 0 0
97 102 205 219 105 201 286 105 206 406 117 103 6 0 0 0 0
104 103 111 110 108 106 112 107 111 105 102 100 7 0 0 0 0
96 104 370 370 104 290 346 108 105 101 99 99 8 0 0 0 0
102 100 258 244 103 283 333 107 101 99 99 104 9 0 0 0 0
103 108 103 107 108 107 106 107 109 106 101 103 10 0 0 0 0
111 112 111 115 112 110 114 111 115 111 109 15000 11 0 0 0 0
Chip#2
114 117 115 111 111 111 111 111 105 112 110 114 0 0 192 141 66
113 112 110 109 107 107 101 110 104 104 109 111 1 0 0 0 0
107 107 104 100 105 101 98 101 98 103 101 105 2 0 0 0 0
104 105 113 207 147 105 206 175 98 159 177 103 3 0 0 0 0
108 106 133 320 211 112 249 214 107 176 188 110 4 0 0 0 0
103 106 103 122 116 101 106 107 101 100 104 102 5 0 0 0 0
111 110 113 151 135 110 321 321 108 278 429 127 6 0 0 0 0
106 102 118 232 189 111 596 609 107 411 630 138 7 0 0 0 0
112 111 110 127 123 109 148 149 107 121 142 112 8 0 0 0 0
103 102 103 99 101 102 197 256 102 192 354 118 9 0 0 0 0
102 105 103 97 100 101 467 655 122 360 672 176 10 0 0 0 0
108 109 105 105 107 109 155 196 107 128 183 15000 11 0 0 0 0
Chip#1
105 100 98 102 102 101 106 104 100 102 96 105 0 0 32 142 66
99 108 133 155 103 127 172 108 115 164 102 103 1 0 0 0 0
105 104 456 578 118 478 878 145 344 919 198 105 2 0 0 0 0
105 103 181 237 112 222 372 117 202 485 136 105 3 0 0 0 0
103 99 116 119 110 106 119 108 110 114 105 103 4 0 0 0 0
99 105 407 418 111 302 459 112 273 542 136 98 5 0 0 0 0
101 100 227 219 108 203 286 108 202 409 120 100 6 0 0 0 0
102 104 111 112 105 107 111 108 110 109 101 104 7 0 0 0 0
99 103 364 363 105 289 343 107 104 99 96 98 8 0 0 0 0
102 107 259 241 109 288 338 109 111 105 102 102 9 0 0 0 0
107 105 106 105 110 109 113 108 110 106 101 104 10 0 0 0 0
111 108 108 110 116 109 113 112 111 106 106 15000 11 0 0 0 0
Chip#2
113 110 102 108 107 104 106 104 101 106 105 111 0 0 32 142 66
112 109 100 104 107 99 100 104 101 104 100 106 1 0 0 0 0
114 115 107 109 111 109 110 107 110 110 111 108 2 0 0 0 0
106 107 112 210 149 104 209 179 102 163 179 103 3 0 0 0 0
101 102 118 311 203 104 242 206 101 171 181 103 4 0 0 0 0
115 112 107 126 113 109 116 109 108 111 110 113 5 0 0 0 0
99 97 95 137 121 97 301 305 95 266 404 113 6 0 0 0 0
114 115 120 243 196 121 603 613 122 417 632 148 7 0 0 0 0
102 103 102 126 113 100 141 141 101 112 128 103 8 0 0 0 0
108 110 105 106 110 102 204 257 108 196 354 127 9 0 0 0 0
111 107 104 106 108 104 475 659 130 367 678 178 10 0 0 0 0
110 110 104 101 107 105 150 193 106 124 183 15000 11 0 0 0 0
Chip#1
109 108 101 101 102 101 105 103 103 103 101 106 0 0 192 142 66
102 104 132 156 107 126 171 103 114 169 102 102 1 0 0 0 0
102 107 457 579 121 478 879 143 348 923 196 108 2 0 0 0 0
102 107 180 242 108 222 371 113 201 485 134 106 3 0 0 0 0
99 102 111 118 105 110 114 107 106 111 102 98 4 0 0 0 0
102 105 411 419 109 305 462 115 289 542 134 102 5 0 0 0 0
98 104 209 224 110 203 289 109 206 406 118 102 6 0 0 0 0
102 100 111 109 105 106 106 104 104 102 97 102 7 0 0 0 0
92 102 364 364 103 288 339 104 105 98 91 96 8 0 0 0 0
101 105 256 241 108 285 335 105 103 105 96 99 9 0 0 0 0
99 99 99 106 104 100 104 103 104 99 97 102 10 0 0 0 0
111 109 108 113 114 113 114 112 113 110 106 15000 11 0 0 0 0
Chip#2
113 112 107 106 108 106 107 102 106 105 106 110 0 0 192 142 66
114 115 109 109 112 111 105 105 106 107 109 113 1 0 0 0 0
107 107 105 104 106 104 100 101 99 105 103 105 2 0 0 0 0
112 112 113 212 153 111 212 183 104 163 184 108 3 0 0 0 0
101 105 120 315 203 104 247 207 105 172 181 107 4 0 0 0 0
102 102 99 119 110 101 107 105 98 103 100 102 5 0 0 0 0
104 105 104 142 127 105 318 312 102 274 416 121 6 0 0 0 0
110 114 119 239 191 115 599 615 116 413 630 144 7 0 0 0 0
113 116 110 131 123 112 150 150 111 126 140 114 8 0 0 0 0
115 112 112 110 112 111 212 268 112 207 360 130 9 0 0 0 0
102 101 99 100 102 100 468 652 123 358 668 174 10 0 0 0 0
115 117 113 110 112 110 159 200 112 132 186 15000 11 0 0 0 0
Chip#1
105 97 100 100 101 102 103 102 103 98 98 109 0 0 192 143 66
110 108 141 163 111 138 178 116 121 173 110 109 1 0 0 0 0
105 108 456 574 119 478 875 144 346 919 196 114 2 0 0 0 0
92 94 171 227 100 207 358 103 189 453 120 93 3 0 0 0 0
102 105 116 119 109 110 120 108 109 114 102 108 4 0 0 0 0
108 105 414 419 110 305 457 119 273 533 136 108 5 0 0 0 0
96 103 208 220 108 204 285 111 202 401 116 102 6 0 0 0 0
102 98 107 112 105 106 110 104 105 101 94 100 7 0 0 0 0
104 104 366 367 115 294 346 109 105 102 95 108 8 0 0 0 0
101 104 255 241 108 285 333 109 106 101 99 103 9 0 0 0 0
98 98 99 99 101 98 105 101 105 98 96 98 10 0 0 0 0
113 107 105 112 110 109 112 110 109 109 102 15000 11 0 0 0 0
Chip#2
112 112 109 109 104 107 104 105 100 106 103 107 0 0 192 143 66
114 114 112 109 115 109 111 113 105 110 108 113 1 0 0 0 0
114 109 109 111 110 105 105 109 105 111 106 108 2 0 0 0 0
109 109 117 212 150 110 211 179 105 163 185 107 3 0 0 0 0
110 110 131 317 209 115 250 212 108 178 188 113 4 0 0 0 0
104 105 107 125 115 105 113 107 101 105 104 103 5 0 0 0 0
106 101 105 144 127 105 312 316 101 272 416 116 6 0 0 0 0
106 107 119 234 186 116 592 608 110 407 623 138 7 0 0 0 0
107 107 109 130 124 106 146 146 105 120 140 107 8 0 0 0 0
107 107 105 106 108 104 199 257 101 197 351 123 9 0 0 0 0
109 106 105 108 108 107 473 658 126 367 672 180 10 0 0 0 0
115 112 114 113 112 111 160 203 108 133 188 15000 11 0 0 0 0
Chip#1
107 103 104 104 104 102 105 103 105 103 105 106 0 0 224 144 66
93 95 127 146 97 116 167 100 103 159 98 94 1 0 0 0 0
108 107 448 571 117 478 866 144 344 909 198 106 2 0 0 0 0
103 107 183 238 111 222 366 115 201 469 134 105 3 0 0 0 0
103 103 115 122 112 109 120 108 110 109 102 100 4 0 0 0 0
101 103 408 415 110 298 457 116 273 533 134 99 5 0 0 0 0
103 102 208 219 107 202 285 111 205 399 117 104 6 0 0 0 0
92 96 103 105 102 94 104 100 101 94 93 94 7 0 0 0 0
98 102 365 365 100 286 342 107 104 99 95 96 8 0 0 0 0
104 104 257 243 108 286 334 109 106 102 100 102 9 0 0 0 0
102 104 103 101 107 103 107 103 105 97 99 100 10 0 0 0 0
104 107 104 106 105 106 110 105 108 102 105 15000 11 0 0 0 0
Chip#2
108 109 107 104 104 102 99 98 101 104 101 105 0 0 224 144 66
109 111 104 106 108 101 102 102 101 104 104 107 1 0 0 0 0
103 103 103 101 106 101 102 98 96 103 101 102 2 0 0 0 0
104 105 112 209 151 105 208 178 105 162 181 107 3 0 0 0 0
110 109 131 317 207 112 249 208 105 174 188 110 4 0 0 0 0
115 114 110 133 122 111 118 117 111 114 111 114 5 0 0 0 0
106 105 104 145 128 106 301 312 106 249 418 119 6 0 0 0 0
106 107 118 232 187 112 599 608 111 408 627 142 7 0 0 0 0
108 102 102 124 116 104 141 139 101 111 135 103 8 0 0 0 0
104 106 103 106 108 101 202 255 105 196 350 123 9 0 0 0 0
108 112 109 105 108 107 473 658 129 367 679 183 10 0 0 0 0
103 100 102 105 105 101 149 191 104 121 180 15000 11 0 0 0 0
