Chipdp
84 2 37 2 8 3 4 8 5 9 5 8 6 9 6 4 8 3 9 3 8 2 9 2 4 6 6 5 6 6 5 5 5 4 6 2 5 2 6 3 5 3 4 6 8 5 8 6 9 5 9 4 2 8 3 8 2 9 3 9 4 2 5 3 5 2 6 3 6 4 2 2 3 2 2 3 3 3 4 9 7 10 7 9 6 10 6 4 9 10 10 10 9 9 10 9 4 7 7 6 7 7 6 6 6 4 7 10 6 10 7 9 6 9 4 7 3 7 4 6 3 6 4 4 4 4 4 3 3 4 3 3 4 3 7 4 7 3 6 4 6 4 3 10 4 10 3 9 4 9 
Chip#1
110 103 103 101 104 103 105 104 110 101 104 111 0 0 192 123 66
105 103 149 175 112 133 199 108 122 198 110 109 1 0 0 0 0
102 108 594 774 122 614 1203 160 440 1246 240 108 2 0 0 0 0
98 99 227 310 111 261 480 115 257 623 147 103 3 0 0 0 0
95 99 122 123 105 112 121 105 110 113 104 102 4 0 0 0 0
103 102 626 637 112 442 715 119 327 719 147 103 5 0 0 0 0
101 102 300 313 112 272 422 112 257 533 134 105 6 0 0 0 0
97 97 107 111 107 107 105 107 109 97 100 97 7 0 0 0 0
98 100 548 550 107 423 515 104 106 98 102 99 8 0 0 0 0
102 102 370 344 109 415 500 107 109 105 107 102 9 0 0 0 0
99 99 100 101 105 104 110 101 108 101 104 104 10 0 0 0 0
99 99 97 100 103 100 103 101 104 97 96 15000 11 0 0 0 0
Chip#2
113 116 113 108 113 106 110 105 106 106 104 111 0 0 192 123 66
117 114 110 106 110 106 111 108 106 109 108 110 1 0 0 0 0
110 110 104 105 111 105 108 108 100 106 104 106 2 0 0 0 0
108 110 115 219 153 107 223 186 105 169 189 108 3 0 0 0 0
109 107 131 336 219 112 266 224 106 184 199 107 4 0 0 0 0
103 110 104 125 112 104 112 107 100 101 101 105 5 0 0 0 0
99 102 99 142 123 100 329 327 98 280 443 116 6 0 0 0 0
107 107 120 277 199 120 657 669 116 451 695 147 7 0 0 0 0
109 111 108 133 122 109 151 152 106 117 143 112 8 0 0 0 0
108 107 103 104 106 104 211 269 106 203 373 121 9 0 0 0 0
106 103 102 103 102 101 512 710 128 393 734 182 10 0 0 0 0
104 103 98 101 105 97 157 204 101 124 186 15000 11 0 0 0 0
Chip#1
113 102 102 102 107 107 107 103 106 99 104 109 0 0 0 127 66
105 102 150 173 114 135 201 110 120 192 107 105 1 0 0 0 0
105 104 586 768 119 607 1192 158 438 1230 239 106 2 0 0 0 0
103 107 214 303 112 262 480 122 242 615 152 109 3 0 0 0 0
103 102 127 130 114 115 132 112 114 119 109 106 4 0 0 0 0
104 107 620 637 114 439 709 125 329 721 155 106 5 0 0 0 0
103 103 296 311 114 274 421 113 257 533 137 108 6 0 0 0 0
102 99 111 116 110 110 111 108 113 106 105 103 7 0 0 0 0
101 99 543 550 105 417 508 109 106 98 101 100 8 0 0 0 0
114 114 381 349 119 421 505 118 120 114 115 113 9 0 0 0 0
99 97 101 101 107 103 106 101 106 99 99 100 10 0 0 0 0
108 105 104 105 109 107 108 108 106 102 109 15000 11 0 0 0 0
Chip#2
114 105 107 106 107 105 105 102 104 107 108 107 0 0 192 127 66
104 103 100 103 105 99 100 98 100 104 103 98 1 0 0 0 0
109 105 105 108 105 106 110 104 102 107 104 106 2 0 0 0 0
106 105 110 215 149 106 220 185 100 167 185 105 3 0 0 0 0
102 100 124 325 213 109 260 215 99 177 190 101 4 0 0 0 0
108 105 102 130 117 106 112 108 102 107 106 105 5 0 0 0 0
114 110 109 151 135 110 339 334 110 292 454 126 6 0 0 0 0
107 103 117 268 198 114 651 661 116 448 692 142 7 0 0 0 0
114 110 112 139 125 110 159 155 111 124 148 111 8 0 0 0 0
113 110 108 111 111 112 222 276 112 211 379 130 9 0 0 0 0
104 103 99 101 103 101 512 705 128 389 730 180 10 0 0 0 0
107 106 104 104 110 104 161 206 106 131 194 15000 11 0 0 0 0
Chip#1
116 103 105 105 110 108 107 108 108 102 107 113 0 0 160 128 66
104 104 152 181 112 142 203 118 124 203 115 111 1 0 0 0 0
102 100 582 761 124 606 1182 156 430 1227 239 102 2 0 0 0 0
99 99 227 310 111 258 468 117 257 603 147 103 3 0 0 0 0
103 104 123 134 112 115 129 111 116 116 110 108 4 0 0 0 0
105 105 619 628 115 442 705 126 328 717 158 106 5 0 0 0 0
96 98 284 303 108 266 410 109 257 517 131 97 6 0 0 0 0
103 100 114 117 112 106 112 107 110 102 110 106 7 0 0 0 0
102 108 547 550 116 423 510 116 110 101 109 104 8 0 0 0 0
113 114 377 346 121 417 500 122 116 109 115 115 9 0 0 0 0
102 104 101 105 108 103 106 104 108 99 99 104 10 0 0 0 0
102 100 98 101 104 101 100 102 104 95 101 15000 11 0 0 0 0
Chip#2
107 106 105 100 102 102 100 97 102 105 98 103 0 0 0 129 66
108 111 103 104 107 100 102 104 104 100 104 101 1 0 0 0 0
108 105 102 106 105 100 105 103 101 106 104 100 2 0 0 0 0
117 116 124 227 164 117 230 193 114 182 199 118 3 0 0 0 0
108 105 128 328 214 110 259 215 105 184 191 107 4 0 0 0 0
112 111 109 130 116 107 116 110 111 114 110 108 5 0 0 0 0
107 101 107 147 128 104 327 325 104 280 443 116 6 0 0 0 0
108 109 123 270 199 116 645 653 118 448 684 142 7 0 0 0 0
108 109 110 129 124 106 151 149 107 121 143 107 8 0 0 0 0
109 107 107 103 107 101 211 269 110 211 372 124 9 0 0 0 0
102 105 102 100 107 100 503 696 129 387 721 182 10 0 0 0 0
110 112 112 109 111 109 160 207 112 133 195 15000 11 0 0 0 0
Chip#1
110 100 102 102 107 104 108 104 109 99 106 111 0 0 224 129 66
104 102 148 169 107 139 193 105 118 185 105 105 1 0 0 0 0
95 102 571 750 112 596 1167 146 423 1210 229 98 2 0 0 0 0
99 102 207 294 108 256 465 112 231 602 144 104 3 0 0 0 0
102 105 119 128 108 114 126 107 111 114 105 102 4 0 0 0 0
101 100 607 621 105 428 689 120 322 701 147 102 5 0 0 0 0
98 99 290 303 104 263 407 108 239 517 125 100 6 0 0 0 0
98 102 107 115 105 106 104 102 109 99 101 100 7 0 0 0 0
103 103 535 535 105 411 501 107 108 99 98 100 8 0 0 0 0
99 99 359 334 105 401 475 105 103 99 100 99 9 0 0 0 0
99 94 100 99 103 98 103 97 104 94 93 97 10 0 0 0 0
111 108 104 109 108 107 107 107 109 106 105 15000 11 0 0 0 0
Chip#2
101 102 100 98 100 95 95 94 95 95 96 98 0 0 224 129 66
115 115 114 111 110 110 110 108 105 111 104 107 1 0 0 0 0
97 97 98 93 78 90 93 91 90 94 95 90 2 0 0 0 0
98 102 109 211 141 100 209 174 96 160 181 95 3 0 0 0 0
106 110 129 328 210 110 259 217 105 178 191 105 4 0 0 0 0
98 100 102 120 110 99 105 101 98 100 100 97 5 0 0 0 0
107 106 109 145 129 106 327 325 101 283 443 118 6 0 0 0 0
106 111 120 243 191 114 637 649 112 438 674 141 7 0 0 0 0
111 111 110 132 122 105 149 151 111 124 143 108 8 0 0 0 0
102 101 103 100 101 99 206 260 100 202 365 117 9 0 0 0 0
115 114 114 114 113 111 516 705 139 398 734 192 10 0 0 0 0
99 97 102 98 100 96 148 197 94 121 183 15000 11 0 0 0 0
Chip#1
117 107 106 107 108 106 105 107 113 106 105 113 0 0 224 130 66
103 105 151 172 107 132 193 111 121 188 107 105 1 0 0 0 0
101 107 573 750 118 596 1170 156 427 1206 240 105 2 0 0 0 0
101 102 227 294 108 254 463 112 228 598 147 103 3 0 0 0 0
102 100 126 127 108 108 122 111 108 111 107 103 4 0 0 0 0
105 107 612 622 114 431 694 119 327 701 152 109 5 0 0 0 0
104 108 297 312 112 268 409 118 257 517 137 106 6 0 0 0 0
103 103 113 113 112 109 112 110 111 107 107 105 7 0 0 0 0
102 108 536 535 114 413 500 113 111 102 105 106 8 0 0 0 0
95 98 358 329 101 395 478 108 103 99 99 99 9 0 0 0 0
102 104 104 104 110 104 106 104 109 102 102 108 10 0 0 0 0
110 109 111 109 112 107 110 110 115 107 107 15000 11 0 0 0 0
Chip#2
107 101 103 100 101 99 98 101 96 99 99 98 0 0 224 130 66
107 103 103 101 105 100 100 100 96 100 98 101 1 0 0 0 0
112 107 103 106 108 106 105 104 104 107 105 103 2 0 0 0 0
113 107 118 219 155 111 221 187 107 172 190 108 3 0 0 0 0
103 103 126 327 210 109 254 215 100 179 193 105 4 0 0 0 0
107 105 104 127 113 106 113 109 106 107 108 102 5 0 0 0 0
97 98 98 140 119 95 318 319 96 275 433 111 6 0 0 0 0
103 103 115 262 191 114 637 650 110 442 676 141 7 0 0 0 0
108 106 108 132 121 105 149 151 105 121 143 105 8 0 0 0 0
102 105 104 101 107 101 211 270 106 206 369 123 9 0 0 0 0
99 98 99 99 101 100 503 696 124 385 721 177 10 0 0 0 0
108 112 105 106 106 105 161 208 108 129 194 15000 11 0 0 0 0
Chip#1
115 107 106 104 108 109 112 105 110 105 107 113 0 0 32 132 66
101 99 148 171 105 131 193 108 116 189 107 102 1 0 0 0 0
96 99 567 742 116 590 1152 152 421 1191 232 99 2 0 0 0 0
99 99 206 294 109 254 458 113 232 595 143 99 3 0 0 0 0
101 104 123 127 109 109 126 107 110 112 104 100 4 0 0 0 0
113 112 611 621 115 431 693 129 325 702 156 108 5 0 0 0 0
98 99 284 301 105 262 404 108 238 501 126 97 6 0 0 0 0
104 104 117 117 111 108 111 111 108 105 106 104 7 0 0 0 0
104 107 536 550 112 411 500 109 108 102 106 103 8 0 0 0 0
96 99 354 328 103 394 478 102 101 90 102 98 9 0 0 0 0
98 99 102 101 108 104 102 101 104 97 101 102 10 0 0 0 0
103 99 100 99 104 101 99 100 100 95 98 15000 11 0 0 0 0
Chip#2
103 103 94 98 102 92 99 94 94 99 98 98 0 0 128 132 66
104 105 99 101 101 96 98 96 96 101 103 101 1 0 0 0 0
110 106 107 105 107 105 106 103 100 106 103 106 2 0 0 0 0
109 110 117 218 153 107 220 182 101 171 190 111 3 0 0 0 0
107 107 126 327 214 110 258 217 104 184 193 108 4 0 0 0 0
110 110 113 132 121 106 118 113 107 111 111 107 5 0 0 0 0
98 102 100 145 130 100 325 319 100 279 438 121 6 0 0 0 0
109 107 122 270 197 114 637 650 110 441 673 144 7 0 0 0 0
102 102 102 129 121 100 146 142 100 117 142 101 8 0 0 0 0
110 111 110 106 112 106 214 271 105 208 372 128 9 0 0 0 0
103 103 102 103 102 100 500 689 123 385 716 178 10 0 0 0 0
101 101 99 97 99 94 151 199 98 122 184 15000 11 0 0 0 0
Chip#1
111 103 101 102 109 103 102 104 104 101 106 109 0 0 224 132 66
98 100 148 172 108 133 193 109 116 190 104 105 1 0 0 0 0
91 95 563 741 110 586 1148 148 417 1186 227 100 2 0 0 0 0
101 105 213 294 111 256 461 117 235 594 147 106 3 0 0 0 0
98 104 118 129 111 109 126 111 111 114 105 102 4 0 0 0 0
99 104 604 618 111 427 687 123 321 692 150 103 5 0 0 0 0
102 103 288 305 116 264 406 111 242 517 129 106 6 0 0 0 0
102 104 112 116 112 108 113 109 111 101 106 103 7 0 0 0 0
98 104 530 530 109 412 499 111 108 99 99 103 8 0 0 0 0
98 100 358 334 107 400 482 110 106 98 102 99 9 0 0 0 0
98 99 100 100 102 97 103 101 101 98 99 96 10 0 0 0 0
103 100 101 105 102 102 106 100 101 99 99 15000 11 0 0 0 0
Chip#2
107 102 107 106 106 101 105 100 101 103 101 101 0 0 224 132 66
103 100 99 98 102 94 98 98 99 98 96 97 1 0 0 0 0
109 110 105 108 110 102 104 104 104 105 105 103 2 0 0 0 0
118 114 122 223 162 111 223 192 110 176 193 117 3 0 0 0 0
102 105 125 322 208 106 252 212 100 177 189 105 4 0 0 0 0
108 109 107 127 114 102 112 111 102 111 106 106 5 0 0 0 0
98 100 102 137 123 99 320 320 99 275 434 113 6 0 0 0 0
109 114 128 273 198 119 645 659 114 449 680 149 7 0 0 0 0
109 107 110 131 123 109 154 152 106 124 146 110 8 0 0 0 0
107 109 108 106 112 106 215 269 108 206 373 123 9 0 0 0 0
99 98 100 99 101 99 501 696 124 384 720 180 10 0 0 0 0
102 101 105 98 100 99 154 198 99 122 182 15000 11 0 0 0 0
Chip#1
115 108 105 109 109 110 110 111 114 106 106 114 0 0 192 133 66
107 103 149 174 109 137 196 110 120 192 107 108 1 0 0 0 0
102 99 567 744 118 587 1148 155 420 1185 233 106 2 0 0 0 0
98 100 206 294 112 250 458 117 228 589 144 105 3 0 0 0 0
103 97 123 129 109 108 119 105 113 112 104 100 4 0 0 0 0
97 99 595 608 103 419 675 115 316 683 143 94 5 0 0 0 0
108 108 291 310 115 267 409 117 257 517 133 109 6 0 0 0 0
97 98 110 113 104 104 106 103 109 97 99 100 7 0 0 0 0
104 104 533 532 114 410 497 109 110 103 106 106 8 0 0 0 0
96 97 353 327 102 390 472 102 101 94 95 100 9 0 0 0 0
101 99 102 104 102 102 105 100 104 97 98 102 10 0 0 0 0
109 107 108 110 108 110 110 111 114 106 109 15000 11 0 0 0 0
Chip#2
103 105 102 97 82 96 95 94 94 98 98 98 0 0 192 133 66
109 110 104 105 107 104 104 102 106 107 103 106 1 0 0 0 0
102 102 102 101 103 97 98 96 96 98 100 98 2 0 0 0 0
110 110 118 221 157 110 222 185 108 173 191 108 3 0 0 0 0
106 107 131 328 213 111 258 217 104 180 198 107 4 0 0 0 0
109 105 107 129 117 106 114 111 102 107 110 105 5 0 0 0 0
106 103 108 144 127 102 326 326 102 280 438 117 6 0 0 0 0
101 98 112 237 187 104 628 641 106 435 666 135 7 0 0 0 0
103 105 104 126 116 101 147 143 98 117 141 100 8 0 0 0 0
106 101 100 101 106 102 206 261 100 202 366 116 9 0 0 0 0
102 102 98 100 103 101 502 691 124 383 717 178 10 0 0 0 0
113 110 110 110 112 109 161 212 112 134 198 15000 11 0 0 0 0
Chip#1
110 102 102 101 108 102 106 103 108 98 102 110 0 0 96 134 66
98 102 141 166 103 135 189 108 118 186 102 102 1 0 0 0 0
97 102 562 738 115 581 1146 152 415 1183 229 99 2 0 0 0 0
102 104 206 294 111 252 463 117 231 592 149 108 3 0 0 0 0
104 109 125 134 115 116 129 115 114 120 110 108 4 0 0 0 0
103 105 603 614 112 427 682 125 316 689 152 105 5 0 0 0 0
102 105 289 305 110 265 403 113 257 501 132 103 6 0 0 0 0
99 98 111 117 110 106 110 107 105 102 100 103 7 0 0 0 0
98 102 525 530 103 401 492 103 101 99 100 102 8 0 0 0 0
101 100 359 331 110 401 482 110 104 98 101 102 9 0 0 0 0
107 108 106 109 114 110 111 108 114 103 107 105 10 0 0 0 0
105 104 105 107 108 106 110 109 110 101 102 15000 11 0 0 0 0
Chip#2
113 110 112 110 111 105 111 103 105 109 106 110 0 0 192 134 66
109 109 108 106 106 104 102 102 101 105 103 106 1 0 0 0 0
108 105 103 103 107 102 105 101 101 106 108 103 2 0 0 0 0
106 105 109 211 150 102 212 176 104 165 181 107 3 0 0 0 0
109 110 131 325 214 114 255 219 105 182 193 107 4 0 0 0 0
106 105 104 125 114 101 110 104 98 107 106 103 5 0 0 0 0
108 109 110 148 133 107 329 326 105 285 439 122 6 0 0 0 0
107 110 118 243 195 114 632 643 112 438 671 144 7 0 0 0 0
102 101 103 130 117 101 148 144 101 117 137 105 8 0 0 0 0
101 103 99 104 102 100 205 261 101 200 362 122 9 0 0 0 0
98 102 99 100 100 97 499 686 123 380 710 175 10 0 0 0 0
104 103 103 105 105 99 153 204 102 127 185 15000 11 0 0 0 0
Chip#1
113 107 105 105 109 107 111 107 109 102 107 113 0 0 32 135 66
98 98 148 166 105 131 191 107 120 181 105 102 1 0 0 0 0
103 102 563 736 119 581 1143 153 418 1179 237 105 2 0 0 0 0
98 105 207 294 110 248 456 111 228 584 147 108 3 0 0 0 0
101 104 126 130 108 110 129 111 111 116 106 104 4 0 0 0 0
104 107 606 617 117 427 688 125 322 688 155 110 5 0 0 0 0
102 103 289 306 112 266 408 112 257 517 137 110 6 0 0 0 0
102 104 114 115 107 108 113 108 109 105 104 102 7 0 0 0 0
97 98 524 522 102 399 492 104 104 91 99 98 8 0 0 0 0
102 104 363 332 110 398 479 110 109 101 104 105 9 0 0 0 0
103 107 102 106 109 108 110 108 108 101 107 102 10 0 0 0 0
99 102 98 99 98 101 106 101 99 95 97 15000 11 0 0 0 0
Chip#2
110 107 108 106 104 104 107 103 100 106 105 105 0 0 32 135 66
112 111 112 108 111 105 108 104 106 106 109 108 1 0 0 0 0
112 107 104 108 106 104 106 105 101 107 104 106 2 0 0 0 0
106 109 115 211 148 106 214 178 100 165 183 105 3 0 0 0 0
118 115 135 333 218 120 263 225 110 188 198 116 4 0 0 0 0
104 106 107 122 114 101 113 107 102 103 103 101 5 0 0 0 0
102 106 105 145 128 102 327 324 101 282 436 118 6 0 0 0 0
115 116 124 270 199 120 643 652 117 448 678 148 7 0 0 0 0
110 110 112 133 124 111 154 150 108 124 146 111 8 0 0 0 0
99 100 99 99 100 99 205 258 99 197 360 118 9 0 0 0 0
104 103 103 101 107 102 502 694 126 385 717 178 10 0 0 0 0
109 109 108 104 107 104 161 203 107 127 191 15000 11 0 0 0 0
Chip#1
115 107 105 104 108 104 108 105 109 101 106 110 0 0 160 135 66
99 94 141 165 103 128 191 102 113 177 97 98 1 0 0 0 0
98 102 556 730 114 577 1131 146 415 1170 227 104 2 0 0 0 0
98 103 204 294 108 245 451 115 224 580 142 103 3 0 0 0 0
110 110 129 134 115 118 133 115 120 119 110 110 4 0 0 0 0
97 102 594 602 109 419 675 123 315 681 152 104 5 0 0 0 0
99 103 287 294 105 261 398 108 234 501 131 100 6 0 0 0 0
99 98 110 106 105 104 108 104 101 101 99 99 7 0 0 0 0
105 113 529 528 119 411 500 113 116 107 109 109 8 0 0 0 0
101 102 354 327 109 393 476 107 109 99 102 104 9 0 0 0 0
110 102 105 106 109 110 113 108 113 105 106 105 10 0 0 0 0
103 108 103 100 107 106 112 107 111 105 104 15000 11 0 0 0 0
Chip#2
108 109 108 108 107 104 106 107 105 105 104 107 0 0 160 135 66
101 103 100 103 107 97 99 96 96 101 101 97 1 0 0 0 0
103 105 100 103 102 97 99 101 96 100 101 100 2 0 0 0 0
103 101 109 210 147 100 212 179 101 163 180 100 3 0 0 0 0
107 110 128 325 211 111 255 214 105 179 191 106 4 0 0 0 0
110 103 109 131 116 109 113 109 105 111 110 105 5 0 0 0 0
107 109 110 151 132 109 329 328 106 286 440 119 6 0 0 0 0
108 111 115 265 195 115 634 649 113 442 676 142 7 0 0 0 0
110 114 113 139 125 111 153 156 111 128 151 110 8 0 0 0 0
106 102 100 101 104 101 208 264 105 202 364 119 9 0 0 0 0
104 101 102 100 105 101 499 692 124 384 716 180 10 0 0 0 0
108 105 103 108 107 100 155 205 106 127 189 15000 11 0 0 0 0
Chip#1
114 107 106 104 109 104 106 103 109 105 105 108 0 0 128 136 66
103 104 150 171 110 135 196 111 122 189 110 106 1 0 0 0 0
95 99 560 733 119 578 1135 152 416 1172 229 103 2 0 0 0 0
101 98 204 285 103 251 449 108 223 583 142 98 3 0 0 0 0
101 103 124 129 110 107 128 111 111 114 109 103 4 0 0 0 0
109 109 601 611 116 429 681 126 319 688 154 111 5 0 0 0 0
97 100 282 351 107 260 397 108 257 517 128 100 6 0 0 0 0
102 102 114 113 107 109 112 107 106 99 104 100 7 0 0 0 0
96 98 518 516 102 403 482 104 103 89 94 94 8 0 0 0 0
110 115 363 337 114 400 482 116 111 110 112 113 9 0 0 0 0
105 108 105 109 109 109 112 104 108 103 105 103 10 0 0 0 0
110 109 106 105 109 110 110 107 109 102 106 15000 11 0 0 0 0
Chip#2
110 110 108 108 111 107 105 103 105 106 104 107 0 0 32 137 66
101 101 98 99 97 95 95 94 95 95 96 95 1 0 0 0 0
112 110 104 108 110 104 104 101 102 107 104 106 2 0 0 0 0
106 103 112 215 152 107 215 179 105 166 189 106 3 0 0 0 0
113 110 130 327 215 112 254 218 110 182 196 111 4 0 0 0 0
103 106 103 121 113 102 111 104 102 106 104 103 5 0 0 0 0
98 101 98 140 124 101 322 317 98 278 433 113 6 0 0 0 0
101 105 113 238 190 109 628 639 110 437 664 139 7 0 0 0 0
109 107 110 135 123 109 153 152 110 123 146 110 8 0 0 0 0
114 115 113 115 116 114 221 276 116 214 378 133 9 0 0 0 0
112 112 110 110 114 109 505 696 135 389 719 189 10 0 0 0 0
117 114 113 114 116 111 166 214 114 134 196 15000 11 0 0 0 0
Chip#1
118 109 104 106 110 104 108 110 110 107 109 116 0 0 160 137 66
109 104 152 174 114 141 196 113 121 197 115 109 1 0 0 0 0
93 97 550 724 111 569 1123 144 409 1158 223 96 2 0 0 0 0
99 104 207 286 109 251 451 113 224 583 144 106 3 0 0 0 0
103 104 119 126 111 110 126 103 106 114 105 106 4 0 0 0 0
99 95 583 594 104 409 666 112 305 672 143 96 5 0 0 0 0
109 108 289 303 114 266 401 116 238 501 136 106 6 0 0 0 0
108 107 116 115 109 112 117 110 115 107 109 106 7 0 0 0 0
101 100 517 523 111 401 490 107 104 97 99 100 8 0 0 0 0
103 105 353 329 110 394 470 105 108 102 104 104 9 0 0 0 0
105 102 101 104 108 104 104 107 109 101 102 103 10 0 0 0 0
104 103 102 101 107 103 107 104 101 95 104 15000 11 0 0 0 0
Chip#2
110 109 108 105 108 102 102 103 104 110 104 107 0 0 160 137 66
110 107 108 104 105 101 102 101 100 103 103 105 1 0 0 0 0
106 110 107 108 107 104 105 105 101 105 108 107 2 0 0 0 0
98 101 112 210 144 101 209 176 96 157 176 98 3 0 0 0 0
104 103 126 319 208 105 252 211 102 178 190 103 4 0 0 0 0
104 102 105 122 113 100 110 106 99 103 103 100 5 0 0 0 0
99 105 103 142 124 101 321 317 102 280 435 118 6 0 0 0 0
108 112 119 241 196 116 635 643 116 436 676 147 7 0 0 0 0
110 112 113 135 124 107 148 151 106 126 145 111 8 0 0 0 0
106 107 104 104 105 101 205 264 101 202 366 124 9 0 0 0 0
106 103 108 108 106 106 501 695 131 389 716 182 10 0 0 0 0
99 101 99 100 100 94 149 197 95 126 179 15000 11 0 0 0 0
Chip#1
107 104 99 100 104 98 100 102 104 98 101 106 0 0 160 138 66
98 97 139 165 107 129 184 102 111 182 102 103 1 0 0 0 0
99 102 551 723 122 571 1121 151 409 1161 229 110 2 0 0 0 0
102 99 198 279 104 243 441 109 223 573 142 105 3 0 0 0 0
95 99 118 124 103 109 120 107 106 111 100 102 4 0 0 0 0
101 100 587 598 110 413 664 122 311 670 147 102 5 0 0 0 0
101 99 277 294 107 255 390 105 229 485 128 100 6 0 0 0 0
97 100 114 113 107 106 110 107 105 106 101 100 7 0 0 0 0
103 105 518 522 114 405 488 112 109 106 105 106 8 0 0 0 0
99 99 348 328 109 389 470 108 108 101 99 102 9 0 0 0 0
102 97 100 101 103 100 102 102 101 95 98 96 10 0 0 0 0
111 109 105 107 111 110 115 111 109 106 106 15000 11 0 0 0 0
Chip#2
112 109 108 108 111 104 105 104 105 107 108 108 0 0 160 138 66
107 105 105 104 105 95 101 98 98 101 100 101 1 0 0 0 0
109 106 105 104 105 100 101 103 101 104 105 103 2 0 0 0 0
107 107 118 212 156 106 215 184 106 167 188 107 3 0 0 0 0
111 112 134 325 212 112 285 219 106 178 191 113 4 0 0 0 0
110 110 110 130 118 105 114 108 102 109 109 103 5 0 0 0 0
106 105 108 142 127 102 322 320 104 278 435 119 6 0 0 0 0
103 102 115 234 186 110 623 635 105 429 661 137 7 0 0 0 0
108 109 109 132 122 106 150 155 108 123 146 108 8 0 0 0 0
107 101 103 104 101 102 208 265 106 203 365 123 9 0 0 0 0
115 110 109 113 113 111 511 697 140 393 725 194 10 0 0 0 0
113 115 109 111 111 107 163 210 112 136 198 15000 11 0 0 0 0
Chip#1
108 103 102 101 108 102 105 102 106 99 101 110 0 0 128 139 66
103 102 145 167 109 136 191 109 114 184 106 102 1 0 0 0 0
96 100 549 718 117 572 1116 148 409 1151 226 103 2 0 0 0 0
103 102 201 294 111 249 448 111 227 576 142 103 3 0 0 0 0
97 103 119 127 104 110 121 105 111 114 105 102 4 0 0 0 0
102 102 586 600 107 416 667 120 313 672 153 105 5 0 0 0 0
99 99 275 286 103 255 389 105 227 485 125 97 6 0 0 0 0
97 99 110 112 105 106 108 107 101 98 104 100 7 0 0 0 0
101 102 512 516 108 397 482 107 109 102 98 99 8 0 0 0 0
93 98 345 320 104 384 464 101 99 98 97 96 9 0 0 0 0
108 103 104 105 107 108 112 107 113 102 105 104 10 0 0 0 0
108 104 105 102 108 106 108 107 111 103 104 15000 11 0 0 0 0
Chip#2
102 102 102 101 101 96 98 95 98 99 96 98 0 0 128 139 66
108 112 110 108 113 105 107 106 110 109 110 110 1 0 0 0 0
108 109 108 109 112 107 107 104 106 106 108 106 2 0 0 0 0
120 114 126 219 161 117 222 187 113 177 198 119 3 0 0 0 0
107 106 123 317 208 107 253 212 102 173 188 103 4 0 0 0 0
108 111 105 126 122 106 118 110 106 109 108 105 5 0 0 0 0
108 105 112 153 134 107 331 326 107 285 439 123 6 0 0 0 0
99 102 110 233 186 107 622 634 106 430 658 138 7 0 0 0 0
103 105 105 127 119 101 146 150 105 120 140 103 8 0 0 0 0
110 107 105 108 108 104 211 268 110 209 368 127 9 0 0 0 0
106 102 100 99 104 100 495 686 128 382 711 177 10 0 0 0 0
117 110 113 110 117 110 161 212 112 132 195 15000 11 0 0 0 0
Chip#1
117 105 104 107 111 104 112 107 106 105 109 114 0 0 96 140 66
102 98 144 165 107 130 188 104 115 177 104 98 1 0 0 0 0
104 100 553 725 119 572 1118 151 412 1148 232 104 2 0 0 0 0
99 93 202 280 108 241 444 112 221 570 144 99 3 0 0 0 0
107 107 128 133 115 115 127 110 115 119 110 108 4 0 0 0 0
104 107 592 602 116 422 671 126 313 673 153 108 5 0 0 0 0
101 102 282 294 107 257 396 110 235 501 127 104 6 0 0 0 0
97 98 111 110 104 102 107 102 106 99 101 102 7 0 0 0 0
99 103 518 514 110 398 483 110 108 102 105 102 8 0 0 0 0
95 99 346 322 105 384 464 107 101 98 100 97 9 0 0 0 0
105 105 102 105 108 104 112 105 108 103 106 103 10 0 0 0 0
103 105 104 106 108 107 107 104 109 105 104 15000 11 0 0 0 0
Chip#2
107 105 108 105 108 100 101 98 98 103 108 105 0 0 96 140 66
104 97 98 99 101 96 94 95 93 100 98 96 1 0 0 0 0
109 110 105 111 108 104 106 107 104 107 110 107 2 0 0 0 0
112 112 123 215 156 112 216 187 110 169 186 108 3 0 0 0 0
107 107 128 317 209 110 250 210 100 177 186 105 4 0 0 0 0
108 115 112 130 117 109 116 113 108 111 112 110 5 0 0 0 0
106 107 112 150 133 107 325 321 107 285 438 121 6 0 0 0 0
106 106 117 233 187 111 623 635 108 432 658 139 7 0 0 0 0
106 105 105 132 119 104 149 151 106 118 143 102 8 0 0 0 0
101 98 103 104 99 96 202 257 100 196 362 116 9 0 0 0 0
98 100 99 99 102 96 492 680 120 376 705 172 10 0 0 0 0
113 107 110 113 113 109 159 208 108 130 194 15000 11 0 0 0 0
Chip#1
109 104 103 100 107 103 105 105 106 98 102 105 0 0 128 141 66
99 98 144 165 105 131 188 108 111 177 105 102 1 0 0 0 0
99 102 548 714 122 563 1103 153 406 1140 229 104 2 0 0 0 0
103 100 202 279 110 248 444 115 223 565 144 104 3 0 0 0 0
101 102 122 127 110 113 126 112 108 115 106 102 4 0 0 0 0
92 94 574 586 105 404 655 115 300 658 143 99 5 0 0 0 0
104 103 281 326 112 258 392 112 257 501 131 103 6 0 0 0 0
103 99 112 111 107 106 107 104 106 105 102 100 7 0 0 0 0
99 102 514 514 110 394 483 108 103 103 102 103 8 0 0 0 0
107 107 353 327 112 389 465 110 109 105 107 108 9 0 0 0 0
103 103 103 102 108 102 108 103 106 102 100 98 10 0 0 0 0
110 113 108 107 114 110 111 109 110 110 110 15000 11 0 0 0 0
Chip#2
104 102 102 103 102 96 99 97 94 100 99 101 0 0 128 141 66
114 110 110 111 112 107 108 109 104 109 109 110 1 0 0 0 0
104 105 99 103 101 97 98 97 98 103 101 96 2 0 0 0 0
107 106 115 212 150 106 210 177 105 165 185 106 3 0 0 0 0
103 103 125 314 204 109 247 206 99 172 184 102 4 0 0 0 0
115 114 114 134 122 110 119 114 108 116 112 111 5 0 0 0 0
107 110 104 142 130 105 322 319 102 283 434 121 6 0 0 0 0
104 102 115 234 187 112 625 635 110 430 660 138 7 0 0 0 0
101 100 98 120 113 100 142 138 94 115 135 100 8 0 0 0 0
113 109 109 110 113 109 214 269 110 208 368 124 9 0 0 0 0
104 103 103 104 104 102 496 684 126 379 707 181 10 0 0 0 0
107 100 103 103 107 100 153 201 100 127 189 15000 11 0 0 0 0
Chip#1
108 102 99 100 105 98 100 102 105 97 101 105 0 0 160 142 66
102 103 144 161 107 132 186 107 118 184 107 103 1 0 0 0 0
97 98 534 699 111 555 1093 144 398 1125 227 94 2 0 0 0 0
99 99 200 275 108 243 434 111 223 562 143 98 3 0 0 0 0
101 100 119 122 109 109 120 110 113 118 106 102 4 0 0 0 0
95 102 571 586 104 409 655 113 304 655 144 96 5 0 0 0 0
102 104 276 294 105 255 388 109 235 485 128 105 6 0 0 0 0
101 102 107 113 110 106 113 105 109 103 104 99 7 0 0 0 0
98 100 508 506 108 390 475 103 101 99 101 96 8 0 0 0 0
104 107 348 321 111 389 463 111 109 106 105 104 9 0 0 0 0
105 105 103 106 110 104 107 103 109 102 101 102 10 0 0 0 0
108 108 104 104 107 107 106 105 110 101 109 15000 11 0 0 0 0
Chip#2
108 106 105 101 104 100 105 100 99 104 101 101 0 0 32 143 66
104 102 104 104 105 97 101 100 99 101 99 98 1 0 0 0 0
101 97 99 100 103 94 98 94 94 93 100 97 2 0 0 0 0
104 102 113 210 145 106 209 177 100 163 180 103 3 0 0 0 0
112 110 129 319 212 115 285 212 108 179 190 108 4 0 0 0 0
111 110 110 127 119 109 118 115 110 111 112 110 5 0 0 0 0
103 105 102 146 125 100 321 319 101 274 431 118 6 0 0 0 0
113 109 120 240 193 117 628 638 113 432 663 145 7 0 0 0 0
109 112 112 127 121 106 156 146 108 122 142 105 8 0 0 0 0
106 105 102 105 108 105 208 262 104 203 361 123 9 0 0 0 0
109 109 108 109 110 109 501 687 131 383 712 183 10 0 0 0 0
112 110 109 106 108 106 161 205 108 131 193 15000 11 0 0 0 0
Chip#1
109 100 99 99 100 102 105 101 103 99 100 109 0 0 128 143 66
107 108 146 171 109 132 191 110 122 190 110 108 1 0 0 0 0
99 107 544 714 117 562 1100 153 406 1135 231 106 2 0 0 0 0
107 103 204 294 108 248 442 113 226 564 144 108 3 0 0 0 0
101 102 119 123 108 109 125 108 108 111 101 108 4 0 0 0 0
111 110 586 596 116 416 664 127 312 663 153 114 5 0 0 0 0
98 100 273 294 105 251 385 107 226 485 125 100 6 0 0 0 0
95 97 102 111 101 100 105 100 103 98 98 98 7 0 0 0 0
98 100 507 510 107 388 476 103 103 94 97 99 8 0 0 0 0
103 103 350 321 107 380 463 104 105 102 100 102 9 0 0 0 0
101 99 99 105 102 101 104 102 105 97 99 98 10 0 0 0 0
104 100 97 101 101 98 105 100 98 97 100 15000 11 0 0 0 0
Chip#2
106 103 102 103 101 100 100 96 98 103 99 102 0 0 128 143 66
106 103 102 104 106 100 101 100 98 104 100 106 1 0 0 0 0
118 112 115 115 116 109 111 111 111 116 113 112 2 0 0 0 0
104 107 113 212 148 105 209 177 100 166 185 106 3 0 0 0 0
104 105 124 314 207 106 247 206 104 172 188 106 4 0 0 0 0
101 97 99 124 111 102 108 101 96 107 101 100 5 0 0 0 0
107 106 107 145 127 105 326 321 106 280 436 118 6 0 0 0 0
107 110 119 237 190 115 625 636 116 433 663 144 7 0 0 0 0
103 100 99 124 116 99 144 139 100 114 135 101 8 0 0 0 0
108 106 107 104 112 109 209 267 110 206 365 126 9 0 0 0 0
109 107 105 108 110 109 500 689 131 385 714 187 10 0 0 0 0
107 105 104 104 105 101 156 198 104 127 185 15000 11 0 0 0 0
Chip#1
107 99 99 100 105 101 103 100 105 99 93 105 0 0 96 144 66
102 98 139 163 104 130 183 107 113 182 102 102 1 0 0 0 0
98 98 531 701 115 553 1084 147 399 1120 222 100 2 0 0 0 0
98 97 201 272 104 235 430 113 216 554 136 100 3 0 0 0 0
103 102 124 129 111 114 127 113 115 116 109 105 4 0 0 0 0
107 103 577 588 112 411 657 125 308 659 149 105 5 0 0 0 0
107 105 279 294 110 252 391 115 228 485 128 108 6 0 0 0 0
107 103 114 113 107 107 110 105 114 105 102 106 7 0 0 0 0
105 104 508 511 114 392 479 115 109 103 100 104 8 0 0 0 0
105 105 348 322 111 383 458 115 108 98 104 103 9 0 0 0 0
105 108 105 109 114 110 112 110 111 106 106 106 10 0 0 0 0
113 107 101 106 108 106 107 108 106 105 107 15000 11 0 0 0 0
Chip#2
117 110 113 111 112 105 110 109 107 110 108 108 0 0 96 144 66
113 106 104 104 106 101 105 103 98 106 106 103 1 0 0 0 0
107 106 102 109 107 102 102 102 101 104 103 102 2 0 0 0 0
112 109 117 211 156 110 211 179 104 166 186 108 3 0 0 0 0
106 103 125 313 204 104 246 210 102 177 186 107 4 0 0 0 0
115 116 114 133 127 110 119 111 112 113 117 111 5 0 0 0 0
107 106 105 142 127 102 325 319 102 280 430 122 6 0 0 0 0
106 105 115 233 189 106 618 629 110 430 658 138 7 0 0 0 0
102 102 104 125 118 102 146 144 101 118 140 103 8 0 0 0 0
107 103 105 105 110 102 211 264 108 204 362 124 9 0 0 0 0
106 105 103 106 105 100 495 683 128 379 703 181 10 0 0 0 0
108 107 105 108 108 101 156 200 101 132 188 15000 11 0 0 0 0
Chip#1
114 104 105 103 104 104 112 111 110 102 106 114 0 0 32 145 66
108 105 149 167 110 132 190 113 122 188 109 109 1 0 0 0 0
105 104 535 701 119 556 1081 151 403 1120 229 104 2 0 0 0 0
96 97 195 272 100 235 432 108 218 552 134 97 3 0 0 0 0
105 108 127 128 110 115 128 109 115 116 109 109 4 0 0 0 0
105 103 579 589 110 409 655 120 306 654 147 102 5 0 0 0 0
103 103 276 294 108 254 388 112 228 485 131 102 6 0 0 0 0
93 95 101 106 96 101 106 100 103 94 96 98 7 0 0 0 0
101 103 506 506 108 390 476 111 110 102 106 104 8 0 0 0 0
108 110 350 326 114 387 464 113 110 106 105 108 9 0 0 0 0
108 104 105 105 107 104 113 111 111 101 106 105 10 0 0 0 0
111 109 104 104 109 106 106 108 109 105 104 15000 11 0 0 0 0
Chip#2
107 101 105 101 104 99 104 97 99 103 101 100 0 0 96 145 66
104 102 104 101 102 100 104 99 100 101 96 98 1 0 0 0 0
107 105 108 104 106 101 105 101 102 105 101 102 2 0 0 0 0
106 101 112 205 146 101 204 176 99 160 175 101 3 0 0 0 0
103 103 125 306 205 102 243 204 100 173 181 106 4 0 0 0 0
110 109 107 127 119 105 116 110 104 111 109 103 5 0 0 0 0
108 106 108 147 133 109 322 323 107 285 431 118 6 0 0 0 0
102 103 113 229 184 109 619 627 106 427 651 138 7 0 0 0 0
108 105 105 130 122 105 150 146 105 118 141 105 8 0 0 0 0
101 102 98 100 100 97 204 256 101 198 357 119 9 0 0 0 0
109 105 107 103 104 104 495 682 128 383 703 183 10 0 0 0 0
107 105 105 104 108 105 155 200 106 128 185 15000 11 0 0 0 0
Chip#1
111 107 102 105 103 101 107 107 104 103 107 114 0 0 160 145 66
99 100 139 165 105 127 183 102 111 178 102 99 1 0 0 0 0
101 104 536 705 116 555 1085 151 403 1116 229 103 2 0 0 0 0
95 97 197 274 108 243 433 111 216 551 138 102 3 0 0 0 0
101 107 124 129 112 112 126 111 114 116 104 108 4 0 0 0 0
103 105 575 585 112 407 652 119 305 650 147 103 5 0 0 0 0
104 108 281 294 114 257 390 117 257 485 136 108 6 0 0 0 0
99 98 110 113 107 104 107 102 105 102 98 102 7 0 0 0 0
99 104 501 505 108 388 468 104 106 97 101 102 8 0 0 0 0
92 97 340 319 105 375 453 105 101 95 97 98 9 0 0 0 0
107 105 106 110 112 104 111 112 108 103 109 108 10 0 0 0 0
113 112 107 110 111 113 111 112 114 109 107 15000 11 0 0 0 0
Chip#2
107 106 100 100 104 99 100 100 96 101 99 101 0 0 160 145 66
106 105 100 101 100 100 102 98 96 101 100 100 1 0 0 0 0
104 102 99 101 102 99 102 101 93 98 100 98 2 0 0 0 0
108 103 113 210 148 110 209 175 102 163 181 105 3 0 0 0 0
108 102 123 314 199 106 245 204 100 171 184 107 4 0 0 0 0
104 105 104 122 113 102 111 109 101 104 105 102 5 0 0 0 0
109 110 105 148 130 106 328 321 111 285 436 126 6 0 0 0 0
110 112 120 239 192 119 629 636 117 435 661 145 7 0 0 0 0
101 105 100 126 118 101 144 142 98 117 132 102 8 0 0 0 0
101 102 100 103 102 101 201 260 99 197 356 117 9 0 0 0 0
104 106 102 104 110 101 494 680 129 383 700 178 10 0 0 0 0
112 111 110 113 116 110 163 206 110 133 194 15000 11 0 0 0 0
Chip#1
113 107 103 102 110 103 111 108 106 102 106 113 0 0 96 146 66
105 103 142 167 108 133 184 105 120 184 111 104 1 0 0 0 0
93 100 527 689 112 544 1073 144 397 1104 218 99 2 0 0 0 0
107 104 202 278 109 241 439 116 224 561 147 111 3 0 0 0 0
101 102 119 128 109 109 123 103 111 114 107 103 4 0 0 0 0
104 100 569 582 110 404 647 119 306 645 149 102 5 0 0 0 0
99 102 269 284 108 247 383 105 223 469 132 99 6 0 0 0 0
101 103 108 117 109 108 111 104 106 101 105 102 7 0 0 0 0
101 102 502 505 109 387 473 108 109 95 107 103 8 0 0 0 0
92 94 335 310 101 369 446 95 99 91 95 96 9 0 0 0 0
107 98 101 105 102 103 108 105 110 102 100 102 10 0 0 0 0
110 103 104 106 112 107 107 105 109 106 107 15000 11 0 0 0 0
Chip#2
112 109 110 115 110 104 108 104 108 110 105 110 0 0 96 146 66
122 116 113 111 116 110 114 111 113 114 110 112 1 0 0 0 0
109 109 109 109 111 104 107 104 105 106 104 105 2 0 0 0 0
117 115 123 216 158 111 217 179 112 169 186 116 3 0 0 0 0
108 107 129 315 207 114 248 208 106 178 186 106 4 0 0 0 0
109 110 110 125 119 107 113 111 108 110 109 110 5 0 0 0 0
110 105 108 148 128 107 323 323 107 280 430 122 6 0 0 0 0
110 105 119 232 191 111 621 631 110 430 657 141 7 0 0 0 0
108 103 107 130 119 105 148 145 107 121 142 107 8 0 0 0 0
104 105 102 105 107 104 208 257 104 200 360 124 9 0 0 0 0
113 110 109 109 112 109 496 684 133 388 704 191 10 0 0 0 0
113 109 114 113 111 109 163 206 110 133 195 15000 11 0 0 0 0
