Chipdp
65 100 200 4 4 6 9 7 3 7 4 7 5 8 3 8 4 8 5 9 3 9 4 9 5 9 7 7 7 8 7 9 8 7 8 8 8 9 9 7 9 8 9 9 9 3 3 3 4 3 5 4 3 4 4 4 5 5 3 5 4 5 5 9 3 7 3 8 3 9 4 7 4 8 4 9 5 7 5 8 5 9 9 7 3 7 4 7 5 8 3 8 4 8 5 9 3 9 4 9 5 9 7 7 7 8 7 9 8 7 8 8 8 9 9 7 9 8 9 9 9 3 3 3 4 3 5 4 3 4 4 4 5 5 3 5 4 5 5 9 3 7 3 8 3 9 4 7 4 8 4 9 5 7 5 8 5 9 9 4 2 4 3 4 4 6 2 6 3 6 4 5 2 5 3 5 4 9 4 7 4 8 4 9 5 7 5 8 5 9 6 7 6 8 6 9 9 8 2 8 3 8 4 9 2 9 3 9 4 10 2 10 3 10 4 9 8 7 8 8 8 9 9 7 9 8 9 9 10 7 10 8 10 9 9 4 3 4 4 4 5 5 3 5 4 5 5 6 3 6 4 6 5 9 4 7 4 8 4 9 5 7 5 8 5 9 6 7 6 8 6 9 9 8 3 8 4 8 5 9 3 9 4 9 5 10 3 10 4 10 5 9 8 7 8 8 8 9 9 7 9 8 9 9 10 7 10 8 10 9 
Chip#1
111 106 112 107 107 106 106 110 109 107 110 103 0 0 0 171 66
111 101 102 95 97 101 97 97 99 97 101 91 1 0 0 0 0
116 106 112 113 111 111 110 111 113 108 110 102 2 0 0 0 0
108 96 116 544 177 101 101 255 273 103 105 97 3 0 0 0 0
101 98 100 313 102 98 97 191 221 100 101 98 4 0 0 0 0
111 102 108 102 105 109 107 103 107 101 103 98 5 0 0 0 0
103 106 103 99 101 100 102 102 105 98 102 98 6 0 0 0 0
114 107 111 226 143 105 111 189 252 108 106 104 7 0 0 0 0
103 102 107 369 220 101 101 432 326 101 101 95 8 0 0 0 0
106 105 107 107 99 100 107 107 114 102 102 95 9 0 0 0 0
116 107 108 106 108 106 105 107 109 103 106 103 10 0 0 0 0
110 101 99 96 97 98 102 96 94 101 99 15000 11 0 0 0 0
Chip#1
106 103 102 99 99 100 98 97 102 101 99 102 0 0 128 114 66
110 101 106 99 97 101 101 103 106 97 99 103 1 0 0 0 0
106 103 107 104 107 105 106 102 110 104 107 102 2 0 0 0 0
112 107 122 535 180 104 107 259 277 106 106 106 3 0 0 0 0
110 107 109 318 108 109 110 196 229 108 109 99 4 0 0 0 0
106 106 104 104 107 104 105 105 106 103 105 101 5 0 0 0 0
110 106 107 103 101 104 109 102 106 104 105 101 6 0 0 0 0
101 94 104 213 128 97 100 177 238 97 95 95 7 0 0 0 0
108 108 113 368 223 103 103 429 326 106 105 101 8 0 0 0 0
101 96 101 102 94 99 98 97 109 93 99 90 9 0 0 0 0
110 108 106 104 101 111 108 101 107 101 107 104 10 0 0 0 0
115 99 103 103 97 98 103 95 105 103 102 15000 11 0 0 0 0
Chip#1
106 99 98 98 95 99 97 96 101 100 99 102 0 0 64 119 66
106 108 100 95 100 95 103 101 102 100 99 101 1 0 0 0 0
106 97 102 99 97 99 95 97 106 97 95 97 2 0 0 0 0
106 103 116 524 176 103 102 248 269 100 102 95 3 0 0 0 0
103 108 109 310 109 100 105 193 226 103 107 98 4 0 0 0 0
102 106 101 102 99 103 102 98 102 101 97 98 5 0 0 0 0
108 102 102 99 101 100 105 102 102 101 101 99 6 0 0 0 0
106 98 101 217 135 101 102 185 243 102 102 98 7 0 0 0 0
107 101 116 362 226 106 106 433 324 103 103 101 8 0 0 0 0
104 103 107 108 101 101 103 110 115 102 103 101 9 0 0 0 0
112 102 103 101 99 100 101 103 106 101 101 102 10 0 0 0 0
117 103 108 104 108 104 108 102 106 104 109 15000 11 0 0 0 0
Chip#1
108 105 107 104 102 104 106 100 102 98 106 101 0 0 192 119 66
111 106 102 103 99 108 103 100 106 102 105 102 1 0 0 0 0
110 101 106 106 103 101 103 101 106 100 105 95 2 0 0 0 0
106 108 113 531 175 100 102 251 272 96 102 97 3 0 0 0 0
106 99 101 313 102 97 101 188 214 100 98 96 4 0 0 0 0
117 107 115 110 111 109 110 108 113 109 110 106 5 0 0 0 0
108 106 108 107 105 100 106 103 103 106 109 104 6 0 0 0 0
117 107 114 227 145 114 110 195 255 109 113 112 7 0 0 0 0
104 105 113 367 221 101 105 427 325 106 106 98 8 0 0 0 0
103 101 106 103 102 99 102 107 107 98 97 94 9 0 0 0 0
115 107 108 106 108 104 107 111 109 102 106 106 10 0 0 0 0
121 107 112 108 108 104 106 105 109 108 109 15000 11 0 0 0 0
Chip#1
111 108 107 103 106 103 105 102 114 102 109 103 0 0 0 121 66
114 108 111 103 108 100 107 106 107 104 111 107 1 0 0 0 0
108 99 99 98 100 94 100 97 102 101 99 95 2 0 0 0 0
121 108 123 538 186 115 112 261 281 112 111 109 3 0 0 0 0
111 108 112 313 109 106 110 198 224 107 106 102 4 0 0 0 0
110 98 102 98 102 98 101 100 105 101 103 96 5 0 0 0 0
104 102 104 103 106 100 102 101 102 103 101 99 6 0 0 0 0
114 105 108 225 137 105 109 186 246 106 106 104 7 0 0 0 0
104 98 108 362 217 104 102 426 321 100 103 99 8 0 0 0 0
99 99 98 91 95 97 96 108 106 98 90 96 9 0 0 0 0
107 101 103 99 99 97 97 101 99 101 101 101 10 0 0 0 0
117 105 113 106 106 99 107 102 107 106 106 15000 11 0 0 0 0
Chip#1
108 99 99 99 102 99 98 98 105 98 103 96 0 0 0 122 66
104 105 101 101 101 101 98 93 103 102 99 101 1 0 0 0 0
101 98 102 103 99 98 98 92 101 96 98 94 2 0 0 0 0
108 99 115 526 174 98 97 246 269 95 101 94 3 0 0 0 0
98 93 101 304 101 93 95 185 216 91 99 95 4 0 0 0 0
110 108 112 106 106 106 105 106 109 107 105 103 5 0 0 0 0
103 97 99 99 95 97 98 92 97 100 102 91 6 0 0 0 0
115 108 109 221 142 105 107 192 248 107 106 103 7 0 0 0 0
103 106 114 365 218 100 101 429 318 103 103 97 8 0 0 0 0
111 108 108 113 107 105 108 113 117 104 102 103 9 0 0 0 0
108 102 102 99 102 99 103 98 106 100 105 95 10 0 0 0 0
104 94 99 93 94 97 96 93 91 96 94 15000 11 0 0 0 0
Chip#1
108 99 102 97 97 100 103 100 101 97 102 98 0 0 0 123 66
111 106 106 103 103 105 106 103 106 107 102 103 1 0 0 0 0
102 97 102 98 97 99 96 101 99 96 102 93 2 0 0 0 0
112 106 123 527 182 101 103 256 270 104 107 101 3 0 0 0 0
103 99 101 308 100 98 97 189 221 101 101 95 4 0 0 0 0
112 105 112 106 111 106 105 110 110 107 109 101 5 0 0 0 0
108 101 103 104 102 103 105 101 103 101 101 99 6 0 0 0 0
116 107 109 221 143 106 107 191 248 107 109 104 7 0 0 0 0
102 98 104 361 217 99 98 423 318 102 101 98 8 0 0 0 0
107 98 103 108 100 101 105 106 109 98 98 97 9 0 0 0 0
110 105 103 104 97 104 103 102 103 102 98 102 10 0 0 0 0
112 101 106 102 105 100 103 102 103 106 103 15000 11 0 0 0 0
Chip#1
110 103 102 99 103 100 101 101 107 98 103 101 0 0 0 124 66
119 107 109 112 112 109 101 108 114 106 111 109 1 0 0 0 0
110 106 104 107 108 109 108 110 105 104 106 99 2 0 0 0 0
104 108 111 523 174 99 97 247 267 97 103 95 3 0 0 0 0
106 102 102 309 106 99 103 193 217 100 103 97 4 0 0 0 0
110 107 107 106 107 108 106 105 111 107 107 103 5 0 0 0 0
103 102 104 102 103 101 102 102 99 103 99 101 6 0 0 0 0
108 101 103 218 137 106 106 188 244 103 109 102 7 0 0 0 0
101 96 106 355 212 97 95 420 307 95 97 97 8 0 0 0 0
110 105 107 109 106 105 103 116 114 104 110 102 9 0 0 0 0
111 105 104 103 106 104 102 107 103 102 109 101 10 0 0 0 0
114 105 108 104 106 109 101 102 106 103 106 15000 11 0 0 0 0
Chip#1
108 102 104 101 102 99 103 95 105 98 101 101 0 0 0 125 66
112 106 103 106 107 105 105 102 109 101 105 102 1 0 0 0 0
108 106 104 103 102 109 105 105 105 102 102 99 2 0 0 0 0
110 107 117 527 181 106 105 252 273 106 105 102 3 0 0 0 0
119 107 111 313 109 104 115 194 227 106 109 106 4 0 0 0 0
98 98 99 93 99 100 101 96 99 97 95 96 5 0 0 0 0
112 108 109 106 100 106 103 101 105 104 105 102 6 0 0 0 0
112 103 108 222 136 105 107 185 246 102 106 104 7 0 0 0 0
114 108 113 367 223 108 107 424 321 108 106 102 8 0 0 0 0
114 107 113 114 107 109 107 116 119 100 111 103 9 0 0 0 0
115 107 109 107 106 106 109 103 106 104 107 106 10 0 0 0 0
102 94 93 95 95 92 88 88 90 91 90 15000 11 0 0 0 0
Chip#1
111 105 101 98 105 103 101 97 99 97 103 101 0 0 0 126 66
110 99 101 97 96 101 102 101 98 95 99 99 1 0 0 0 0
112 108 106 106 106 109 111 106 111 106 107 106 2 0 0 0 0
110 103 117 523 179 109 107 248 273 103 101 98 3 0 0 0 0
114 107 111 314 114 113 106 199 223 111 110 107 4 0 0 0 0
108 106 106 106 105 106 105 103 106 104 106 97 5 0 0 0 0
104 101 107 103 103 101 102 97 105 104 98 102 6 0 0 0 0
102 108 111 222 134 105 105 181 238 104 103 99 7 0 0 0 0
106 108 114 356 222 109 102 423 321 109 105 101 8 0 0 0 0
102 108 106 106 102 98 102 111 109 100 97 93 9 0 0 0 0
112 101 106 102 101 101 102 101 106 100 101 99 10 0 0 0 0
120 107 103 104 106 108 110 108 107 108 109 15000 11 0 0 0 0
Chip#1
116 108 107 106 109 108 110 102 110 106 105 108 0 0 192 126 66
117 108 112 107 109 111 105 107 110 108 111 108 1 0 0 0 0
106 102 101 101 103 101 101 101 101 103 107 101 2 0 0 0 0
104 98 113 520 176 100 98 243 269 100 101 99 3 0 0 0 0
111 106 111 312 109 101 110 194 221 109 107 101 4 0 0 0 0
107 105 99 101 102 101 96 101 98 100 101 103 5 0 0 0 0
111 102 104 104 102 105 98 100 102 98 101 101 6 0 0 0 0
108 99 109 222 136 103 101 187 237 103 103 99 7 0 0 0 0
110 102 111 358 216 104 102 419 316 100 102 97 8 0 0 0 0
103 102 107 107 103 100 106 112 110 102 102 101 9 0 0 0 0
106 106 106 103 107 104 103 101 106 102 102 103 10 0 0 0 0
115 108 111 102 102 100 102 102 103 104 105 15000 11 0 0 0 0
Chip#1
110 105 108 107 101 104 106 102 107 98 105 106 0 0 192 127 66
111 108 108 106 103 101 101 98 103 100 103 103 1 0 0 0 0
115 102 109 107 107 104 107 101 103 102 105 101 2 0 0 0 0
106 102 118 521 176 104 97 244 268 101 102 103 3 0 0 0 0
111 102 108 307 108 104 107 189 219 103 106 97 4 0 0 0 0
110 108 104 98 103 103 103 101 106 102 99 93 5 0 0 0 0
111 105 103 102 101 101 103 96 101 102 107 99 6 0 0 0 0
104 98 106 213 129 101 101 179 237 98 98 93 7 0 0 0 0
108 98 109 358 216 103 103 422 318 103 102 103 8 0 0 0 0
107 97 104 106 101 101 102 106 109 100 98 96 9 0 0 0 0
107 97 98 92 103 95 100 98 99 97 94 95 10 0 0 0 0
107 99 103 97 100 103 97 98 103 102 102 15000 11 0 0 0 0
Chip#1
107 102 106 102 101 98 103 96 102 101 101 101 0 0 64 128 66
107 102 108 107 103 100 106 100 101 103 105 97 1 0 0 0 0
112 105 109 110 107 104 107 103 111 109 109 103 2 0 0 0 0
110 108 122 522 176 100 102 249 270 101 103 99 3 0 0 0 0
111 102 108 308 107 99 106 187 221 104 105 99 4 0 0 0 0
115 108 114 107 108 109 106 111 114 108 109 106 5 0 0 0 0
111 108 102 108 103 105 107 103 106 100 103 101 6 0 0 0 0
108 102 103 216 134 101 102 182 237 98 105 98 7 0 0 0 0
106 107 113 357 220 104 106 422 318 106 102 99 8 0 0 0 0
112 105 111 109 105 100 106 113 115 102 106 97 9 0 0 0 0
97 97 98 92 92 95 98 92 94 95 91 90 10 0 0 0 0
117 108 108 104 101 101 106 102 106 102 105 15000 11 0 0 0 0
Chip#1
115 107 104 102 101 101 103 100 102 102 103 101 0 0 160 128 66
107 108 104 97 101 98 100 103 110 101 99 101 1 0 0 0 0
112 107 109 106 108 103 105 107 106 107 106 102 2 0 0 0 0
111 107 122 521 179 105 103 253 269 107 103 102 3 0 0 0 0
106 103 108 307 107 103 103 191 218 100 106 101 4 0 0 0 0
111 102 107 97 100 99 103 106 106 98 103 98 5 0 0 0 0
110 102 102 104 103 104 102 102 106 104 107 101 6 0 0 0 0
102 97 101 210 130 101 95 178 231 98 91 91 7 0 0 0 0
107 103 107 352 212 99 100 415 315 101 99 97 8 0 0 0 0
102 106 107 102 99 93 96 105 111 97 94 97 9 0 0 0 0
106 98 97 96 99 95 95 95 91 98 89 95 10 0 0 0 0
114 106 103 104 105 101 101 105 105 106 105 15000 11 0 0 0 0
Chip#1
110 99 99 98 97 95 100 100 97 93 102 99 0 0 32 129 66
110 99 102 101 96 100 100 96 99 97 98 96 1 0 0 0 0
107 108 109 104 105 100 103 102 109 101 101 101 2 0 0 0 0
98 93 111 509 165 94 93 239 257 86 89 90 3 0 0 0 0
111 107 113 312 107 103 110 191 223 109 107 103 4 0 0 0 0
108 103 104 106 107 103 109 102 102 103 102 99 5 0 0 0 0
110 108 102 104 101 100 102 102 105 102 101 98 6 0 0 0 0
102 101 108 220 131 100 98 180 233 100 99 99 7 0 0 0 0
106 103 109 349 212 99 102 419 311 101 103 104 8 0 0 0 0
112 108 109 108 108 108 112 115 118 103 107 103 9 0 0 0 0
103 97 101 98 99 98 101 96 102 92 98 96 10 0 0 0 0
110 97 101 97 95 97 100 92 92 90 95 15000 11 0 0 0 0
Chip#1
110 102 97 99 96 99 98 97 102 98 102 98 0 0 96 129 66
116 107 109 104 103 106 107 102 105 103 102 99 1 0 0 0 0
112 107 103 107 106 106 107 107 103 108 106 101 2 0 0 0 0
101 99 117 515 173 104 102 244 265 97 98 93 3 0 0 0 0
107 99 102 304 102 98 101 186 213 101 95 97 4 0 0 0 0
108 101 102 98 102 103 103 105 102 100 99 101 5 0 0 0 0
108 103 102 102 102 100 105 103 103 102 106 97 6 0 0 0 0
111 102 106 217 135 100 101 185 236 103 99 101 7 0 0 0 0
108 105 116 352 215 101 107 419 318 102 102 103 8 0 0 0 0
110 108 106 107 106 104 103 108 113 101 102 97 9 0 0 0 0
106 99 98 103 100 97 97 102 102 97 99 97 10 0 0 0 0
119 103 108 107 105 104 108 102 105 104 107 15000 11 0 0 0 0
Chip#1
111 103 98 98 95 99 100 91 97 101 98 101 0 0 224 129 66
110 98 99 103 102 100 105 101 103 100 99 99 1 0 0 0 0
110 106 99 107 105 105 102 105 106 103 107 102 2 0 0 0 0
114 107 123 521 180 111 108 252 273 108 110 107 3 0 0 0 0
110 101 107 308 103 105 103 189 214 109 95 101 4 0 0 0 0
114 108 108 109 107 111 111 106 107 107 106 106 5 0 0 0 0
102 96 98 99 97 97 100 95 91 98 94 92 6 0 0 0 0
106 96 101 207 130 98 98 180 234 98 93 93 7 0 0 0 0
112 102 109 356 222 108 105 424 315 104 105 101 8 0 0 0 0
111 105 107 110 107 106 103 113 115 100 105 99 9 0 0 0 0
102 93 98 95 96 97 95 93 95 96 95 91 10 0 0 0 0
124 108 113 109 109 110 111 112 111 108 110 15000 11 0 0 0 0
Chip#1
102 99 101 95 96 98 102 97 95 96 94 102 0 0 96 130 66
107 96 102 97 97 99 97 102 99 93 99 101 1 0 0 0 0
108 108 104 106 111 104 105 105 105 103 105 101 2 0 0 0 0
107 103 114 516 175 103 101 247 268 102 101 102 3 0 0 0 0
108 108 114 307 113 105 106 193 223 108 105 106 4 0 0 0 0
114 107 104 106 109 105 107 107 110 104 106 102 5 0 0 0 0
106 99 106 99 101 103 98 96 98 101 102 99 6 0 0 0 0
111 107 108 218 135 103 106 186 246 104 110 101 7 0 0 0 0
106 103 111 355 217 103 105 420 315 103 101 102 8 0 0 0 0
110 106 106 108 105 105 106 113 109 100 98 97 9 0 0 0 0
112 106 106 106 109 105 107 107 109 102 102 102 10 0 0 0 0
108 103 102 99 100 103 100 106 103 97 101 15000 11 0 0 0 0
Chip#1
121 108 113 109 111 113 111 108 111 111 113 112 0 0 0 131 66
115 107 107 101 105 109 106 105 110 104 109 104 1 0 0 0 0
101 97 95 93 95 95 96 96 94 93 97 93 2 0 0 0 0
114 108 125 516 182 109 103 253 270 107 107 104 3 0 0 0 0
102 99 103 300 102 101 100 187 211 98 98 95 4 0 0 0 0
115 108 113 107 108 106 112 111 111 104 110 103 5 0 0 0 0
104 107 104 98 101 104 108 102 106 102 103 99 6 0 0 0 0
107 105 104 216 131 110 105 188 234 106 105 104 7 0 0 0 0
107 106 109 351 214 105 105 416 312 103 102 98 8 0 0 0 0
111 108 109 108 107 106 110 111 115 104 103 101 9 0 0 0 0
111 108 106 103 106 110 107 111 109 106 102 104 10 0 0 0 0
107 96 98 97 96 100 98 98 97 101 99 15000 11 0 0 0 0
Chip#1
112 101 106 101 109 103 103 103 103 102 102 106 0 0 160 131 66
103 97 101 99 97 94 101 96 97 96 95 99 1 0 0 0 0
110 106 109 103 102 100 105 103 106 102 102 99 2 0 0 0 0
108 107 116 512 174 103 106 244 265 102 98 98 3 0 0 0 0
104 93 103 301 101 100 105 184 213 102 98 96 4 0 0 0 0
112 101 107 106 103 108 106 101 105 100 103 98 5 0 0 0 0
115 106 103 104 107 103 108 105 109 101 107 103 6 0 0 0 0
107 100 106 210 126 104 100 181 232 98 98 93 7 0 0 0 0
111 108 113 356 212 105 103 417 317 107 105 106 8 0 0 0 0
106 105 103 104 100 100 100 103 110 100 97 93 9 0 0 0 0
110 96 103 102 100 105 103 98 101 102 101 101 10 0 0 0 0
112 99 104 99 99 103 103 101 99 102 103 15000 11 0 0 0 0
Chip#1
114 103 104 98 103 105 103 101 106 101 105 106 0 0 32 132 66
110 107 107 103 101 104 105 102 107 102 102 101 1 0 0 0 0
108 102 104 104 102 101 100 101 103 97 99 96 2 0 0 0 0
107 93 112 500 168 97 96 240 262 93 95 96 3 0 0 0 0
111 108 112 307 113 109 106 193 220 107 107 108 4 0 0 0 0
106 100 104 104 101 104 101 100 106 104 97 98 5 0 0 0 0
114 105 106 104 106 103 101 101 109 101 105 99 6 0 0 0 0
111 105 107 216 131 105 102 178 233 96 101 103 7 0 0 0 0
104 103 111 346 215 104 98 412 307 103 97 99 8 0 0 0 0
94 94 92 99 91 92 93 102 101 90 89 85 9 0 0 0 0
112 98 104 99 99 100 98 97 101 98 101 98 10 0 0 0 0
114 102 101 101 100 98 97 97 98 101 102 15000 11 0 0 0 0
Chip#1
111 103 104 102 97 105 105 97 102 101 101 101 0 0 160 132 66
107 98 102 98 94 98 102 98 99 100 102 96 1 0 0 0 0
111 107 107 107 105 110 109 110 109 109 107 99 2 0 0 0 0
110 103 116 507 176 109 105 247 264 102 106 102 3 0 0 0 0
114 106 111 304 111 108 110 192 221 106 102 103 4 0 0 0 0
101 101 101 101 102 104 100 101 101 96 99 101 5 0 0 0 0
104 94 99 101 96 98 100 105 101 103 97 97 6 0 0 0 0
104 94 107 209 132 101 105 183 234 98 102 97 7 0 0 0 0
108 103 116 353 218 105 111 416 314 104 111 102 8 0 0 0 0
98 98 104 104 101 95 100 105 114 101 97 92 9 0 0 0 0
110 101 102 104 103 105 102 103 102 101 102 103 10 0 0 0 0
112 97 103 98 95 98 102 98 98 97 98 15000 11 0 0 0 0
Chip#1
108 101 103 106 105 106 106 103 103 103 101 104 0 0 32 133 66
111 107 111 109 103 108 110 108 110 103 109 104 1 0 0 0 0
111 107 108 108 106 104 110 110 110 106 110 103 2 0 0 0 0
112 107 126 515 177 108 107 248 265 107 109 108 3 0 0 0 0
106 102 111 303 106 104 106 191 216 106 105 98 4 0 0 0 0
108 108 108 103 106 106 108 105 105 103 102 103 5 0 0 0 0
108 101 107 107 106 101 105 103 109 104 102 101 6 0 0 0 0
103 96 103 206 129 99 96 181 231 97 98 95 7 0 0 0 0
112 103 116 349 217 101 106 409 311 104 102 102 8 0 0 0 0
106 98 106 106 100 100 98 111 114 97 97 98 9 0 0 0 0
111 99 102 107 101 100 100 103 102 98 99 99 10 0 0 0 0
115 99 106 102 97 98 102 98 99 100 101 15000 11 0 0 0 0
