Chip#1
104 102 98 106 100 105 100 103 101 100 97 94 0 0 128 114 66
103 101 100 106 103 103 102 105 104 100 100 96 1 0 0 0 0
103 97 111 125 96 116 127 103 113 129 105 99 2 0 0 0 0
106 101 106 110 104 111 115 105 107 118 101 102 3 0 0 0 0
103 104 119 125 101 114 127 107 106 100 101 101 4 0 0 0 0
98 97 556 550 101 605 1008 123 104 122 96 90 5 0 0 0 0
108 104 287 298 108 383 601 116 117 122 103 104 6 0 0 0 0
108 106 118 127 110 111 114 108 111 99 102 104 7 0 0 0 0
105 107 787 738 107 397 466 107 103 101 103 99 8 0 0 0 0
101 105 527 456 103 400 467 109 104 100 98 99 9 0 0 0 0
108 104 105 110 105 104 106 104 106 97 100 99 10 0 0 0 0
110 104 97 99 100 103 105 102 100 97 100 15000 11 0 0 0 0
Chip#1
97 101 95 99 97 95 100 97 94 87 97 89 0 0 64 116 66
100 99 103 104 96 105 107 100 99 103 102 99 1 0 0 0 0
105 102 121 124 102 117 129 107 114 135 107 102 2 0 0 0 0
102 99 105 113 101 103 115 104 108 120 105 98 3 0 0 0 0
104 105 122 129 105 112 130 109 106 100 100 96 4 0 0 0 0
97 97 556 547 101 598 1003 122 108 122 101 95 5 0 0 0 0
115 109 298 303 112 388 612 121 118 125 108 108 6 0 0 0 0
108 106 123 121 109 110 111 111 108 100 105 101 7 0 0 0 0
103 106 782 732 104 401 459 107 101 97 98 99 8 0 0 0 0
101 97 521 447 101 395 464 103 94 95 97 93 9 0 0 0 0
110 106 108 108 102 107 112 109 104 103 106 101 10 0 0 0 0
115 111 104 109 105 105 105 105 103 107 108 15000 11 0 0 0 0
Chip#1
111 111 104 109 107 110 111 109 109 107 109 108 0 0 128 117 66
103 100 94 101 94 98 99 98 97 99 97 90 1 0 0 0 0
104 104 107 120 103 118 128 105 107 125 106 95 2 0 0 0 0
109 104 100 113 105 109 115 104 107 120 103 96 3 0 0 0 0
104 105 118 121 105 118 129 108 102 101 101 99 4 0 0 0 0
98 97 548 542 103 601 998 123 104 121 100 94 5 0 0 0 0
105 106 283 295 105 380 601 115 113 120 102 99 6 0 0 0 0
103 104 118 120 103 109 112 104 102 101 101 95 7 0 0 0 0
108 114 785 730 109 397 464 111 103 99 102 105 8 0 0 0 0
103 106 528 453 105 401 464 104 103 99 101 98 9 0 0 0 0
109 104 104 112 103 105 107 102 109 100 102 100 10 0 0 0 0
116 109 104 112 105 108 109 108 101 107 101 15000 11 0 0 0 0
Chip#1
104 107 104 110 107 106 107 104 103 103 103 102 0 0 64 118 66
110 101 104 114 109 110 112 109 111 105 103 101 1 0 0 0 0
103 100 111 124 102 117 131 107 119 133 101 105 2 0 0 0 0
105 102 106 113 105 112 114 105 112 120 101 99 3 0 0 0 0
108 101 114 121 103 111 125 108 101 97 97 98 4 0 0 0 0
105 101 552 550 107 606 1001 130 116 124 97 101 5 0 0 0 0
109 107 290 300 110 382 601 116 116 124 105 101 6 0 0 0 0
109 102 116 123 107 106 107 107 107 104 98 96 7 0 0 0 0
105 109 774 732 110 395 460 110 106 96 97 101 8 0 0 0 0
106 105 521 452 108 398 460 108 106 100 98 104 9 0 0 0 0
109 104 103 112 102 103 105 101 104 101 97 99 10 0 0 0 0
114 107 104 112 104 108 106 105 107 100 102 15000 11 0 0 0 0
Chip#1
101 104 103 103 103 100 99 103 101 101 103 100 0 0 0 119 66
108 107 105 116 109 106 108 109 107 103 101 102 1 0 0 0 0
105 101 120 126 104 114 129 105 118 134 102 100 2 0 0 0 0
109 106 105 114 105 111 119 109 113 121 98 101 3 0 0 0 0
102 100 119 118 103 111 125 101 104 99 97 98 4 0 0 0 0
103 106 548 543 107 595 995 121 108 121 102 94 5 0 0 0 0
111 106 291 297 109 378 596 117 118 128 105 104 6 0 0 0 0
109 105 120 121 107 110 108 108 108 101 106 101 7 0 0 0 0
102 112 775 722 105 388 454 104 102 97 93 94 8 0 0 0 0
108 106 528 451 108 400 460 112 109 103 101 104 9 0 0 0 0
103 100 102 107 103 100 107 100 104 97 98 95 10 0 0 0 0
117 109 106 109 108 105 107 107 108 104 105 15000 11 0 0 0 0
Chip#1
103 105 102 110 101 108 112 103 106 100 105 100 0 0 192 119 66
96 96 93 102 89 99 99 96 94 89 92 85 1 0 0 0 0
108 106 117 129 105 120 136 114 118 141 108 106 2 0 0 0 0
105 104 106 115 102 107 114 107 107 116 102 100 3 0 0 0 0
104 107 120 131 104 116 131 110 106 103 105 105 4 0 0 0 0
99 102 550 546 108 600 1000 124 112 124 102 102 5 0 0 0 0
105 104 285 294 104 377 596 112 113 122 101 100 6 0 0 0 0
104 105 117 120 107 103 109 105 104 101 100 99 7 0 0 0 0
106 105 774 724 109 396 460 109 109 101 100 101 8 0 0 0 0
102 105 518 448 98 400 461 109 104 99 100 95 9 0 0 0 0
109 107 107 114 104 111 113 107 109 103 105 104 10 0 0 0 0
108 104 105 110 103 103 111 103 102 103 105 15000 11 0 0 0 0
Chip#1
108 106 100 109 107 106 105 104 104 100 100 100 0 0 64 120 66
101 94 97 102 97 98 101 103 97 93 95 92 1 0 0 0 0
109 105 118 120 102 115 128 108 117 128 102 100 2 0 0 0 0
110 104 108 114 103 111 119 116 111 121 103 106 3 0 0 0 0
103 102 121 125 104 112 127 110 104 96 100 99 4 0 0 0 0
105 100 551 543 108 593 989 124 109 121 103 100 5 0 0 0 0
104 99 284 287 105 371 590 113 111 118 101 98 6 0 0 0 0
101 95 115 113 100 103 105 103 102 99 95 93 7 0 0 0 0
96 100 767 716 102 381 450 103 97 90 90 92 8 0 0 0 0
98 94 514 439 97 392 450 104 97 91 91 95 9 0 0 0 0
114 102 107 109 105 105 107 104 106 99 101 100 10 0 0 0 0
115 105 105 109 104 108 105 108 103 99 105 15000 11 0 0 0 0
Chip#1
102 107 106 109 107 104 108 105 108 105 103 102 0 0 192 120 66
99 100 102 107 104 99 102 103 101 101 101 96 1 0 0 0 0
103 104 118 125 104 114 133 108 113 134 103 99 2 0 0 0 0
98 96 98 107 100 104 109 103 107 112 96 93 3 0 0 0 0
104 104 115 127 109 111 130 108 107 103 103 99 4 0 0 0 0
102 100 551 545 107 596 992 130 117 128 103 98 5 0 0 0 0
103 100 285 288 103 372 589 113 112 121 100 98 6 0 0 0 0
106 100 115 116 105 109 105 104 102 100 98 95 7 0 0 0 0
101 105 770 718 107 388 454 103 102 96 101 96 8 0 0 0 0
104 106 521 450 107 395 458 109 103 103 105 99 9 0 0 0 0
106 101 102 109 105 108 105 102 102 103 96 99 10 0 0 0 0
114 107 106 108 108 111 105 109 106 108 106 15000 11 0 0 0 0
Chip#1
99 100 100 102 98 105 100 102 101 95 97 99 0 0 128 121 66
99 97 99 99 101 100 102 98 103 100 95 99 1 0 0 0 0
102 96 108 120 96 108 124 103 111 126 102 95 2 0 0 0 0
105 101 104 109 101 110 113 107 108 118 105 100 3 0 0 0 0
102 101 115 124 104 115 129 110 108 104 100 104 4 0 0 0 0
105 102 551 541 105 596 991 124 114 126 105 101 5 0 0 0 0
106 106 284 294 109 375 595 115 117 125 109 100 6 0 0 0 0
104 102 118 114 107 107 109 105 106 97 100 99 7 0 0 0 0
105 109 770 722 105 386 455 108 108 93 97 100 8 0 0 0 0
104 105 517 443 107 398 458 110 103 100 96 101 9 0 0 0 0
109 101 104 108 100 103 106 101 100 96 96 98 10 0 0 0 0
116 109 102 107 103 105 109 108 106 104 105 15000 11 0 0 0 0
Chip#1
108 100 100 102 101 103 102 102 100 97 100 100 0 0 64 122 66
103 100 99 104 101 100 102 101 101 101 100 98 1 0 0 0 0
108 106 116 126 103 116 130 110 117 136 103 104 2 0 0 0 0
102 100 100 106 101 106 106 104 104 113 95 95 3 0 0 0 0
102 102 119 124 107 111 123 107 108 100 102 98 4 0 0 0 0
102 101 550 545 103 596 992 130 111 126 98 94 5 0 0 0 0
102 95 276 283 100 369 586 110 109 114 97 96 6 0 0 0 0
103 105 118 121 107 106 107 104 107 97 101 100 7 0 0 0 0
106 109 769 723 109 391 454 109 103 100 98 101 8 0 0 0 0
105 104 515 447 101 396 455 107 100 101 98 96 9 0 0 0 0
109 106 105 108 104 105 101 104 101 99 100 98 10 0 0 0 0
116 106 106 112 105 105 107 108 108 107 102 15000 11 0 0 0 0
Chip#1
109 110 100 109 103 106 111 107 107 108 103 105 0 0 128 123 66
102 100 98 106 100 104 105 104 98 101 101 100 1 0 0 0 0
99 94 109 115 96 111 117 104 109 129 98 99 2 0 0 0 0
103 106 106 114 103 111 111 110 106 121 101 102 3 0 0 0 0
111 109 120 132 108 118 133 114 112 111 106 110 4 0 0 0 0
108 105 549 544 107 596 992 126 116 126 106 99 5 0 0 0 0
103 102 281 290 103 375 589 113 112 121 105 104 6 0 0 0 0
117 118 127 130 119 116 121 117 118 113 111 112 7 0 0 0 0
101 102 764 720 104 394 453 108 102 96 98 101 8 0 0 0 0
114 114 522 452 107 402 460 112 111 101 108 108 9 0 0 0 0
105 100 107 109 97 106 108 104 100 97 95 100 10 0 0 0 0
110 109 100 104 97 101 105 104 101 96 101 15000 11 0 0 0 0
Chip#1
99 96 98 98 97 95 98 101 97 99 96 94 0 0 192 124 66
99 99 98 103 103 100 102 97 98 103 95 94 1 0 0 0 0
106 104 116 123 101 116 130 107 113 136 105 99 2 0 0 0 0
103 101 99 107 103 104 107 102 103 116 95 98 3 0 0 0 0
108 102 116 121 107 109 128 105 100 104 97 99 4 0 0 0 0
99 97 538 546 104 592 981 118 108 124 97 95 5 0 0 0 0
101 100 276 284 100 365 584 104 104 117 95 92 6 0 0 0 0
106 104 116 119 105 104 109 107 107 96 96 99 7 0 0 0 0
101 107 763 714 108 385 449 105 101 96 96 98 8 0 0 0 0
104 106 518 446 107 394 454 110 108 101 101 100 9 0 0 0 0
111 104 103 110 107 110 108 105 107 104 100 101 10 0 0 0 0
112 111 105 113 107 110 108 107 107 101 106 15000 11 0 0 0 0
Chip#1
105 100 100 104 104 107 102 104 101 103 101 99 0 0 192 125 66
96 89 96 97 96 97 99 98 94 96 89 98 1 0 0 0 0
99 96 107 118 95 109 124 105 109 125 93 94 2 0 0 0 0
97 99 98 101 100 101 109 105 103 112 96 94 3 0 0 0 0
108 106 122 131 108 117 133 111 109 112 101 108 4 0 0 0 0
102 97 537 530 104 594 982 123 109 121 95 96 5 0 0 0 0
104 104 281 291 98 362 589 113 108 120 97 99 6 0 0 0 0
108 104 118 124 108 109 112 109 112 104 102 100 7 0 0 0 0
109 112 771 719 115 395 454 114 112 108 103 108 8 0 0 0 0
103 105 508 437 102 389 447 107 102 96 97 101 9 0 0 0 0
102 99 99 102 95 100 101 102 101 92 92 99 10 0 0 0 0
118 110 105 108 109 109 111 110 109 107 103 15000 11 0 0 0 0
Chip#1
104 107 103 107 108 106 105 107 108 105 102 102 0 0 192 126 66
106 101 104 110 107 108 114 110 111 103 95 100 1 0 0 0 0
97 97 111 121 100 109 125 107 108 126 98 96 2 0 0 0 0
102 101 105 107 97 106 115 104 108 115 95 99 3 0 0 0 0
104 96 122 124 105 112 127 104 103 100 96 100 4 0 0 0 0
105 109 544 543 109 593 990 126 117 130 100 104 5 0 0 0 0
102 99 276 284 102 367 583 104 108 113 95 92 6 0 0 0 0
97 96 108 114 98 95 100 100 101 92 92 90 7 0 0 0 0
103 106 756 712 103 382 445 107 102 100 97 99 8 0 0 0 0
105 101 508 432 98 385 445 102 102 93 90 93 9 0 0 0 0
104 102 99 101 100 101 105 100 103 95 95 98 10 0 0 0 0
115 107 104 104 105 106 104 103 103 97 100 15000 11 0 0 0 0
Chip#1
106 106 104 112 102 105 108 108 104 103 105 104 0 0 192 127 66
106 109 105 108 107 106 107 107 104 107 102 101 1 0 0 0 0
103 104 109 124 101 114 129 102 116 128 102 100 2 0 0 0 0
99 99 96 109 100 106 113 103 106 115 96 100 3 0 0 0 0
99 97 110 119 96 105 122 101 100 97 94 95 4 0 0 0 0
102 105 538 541 105 593 982 129 114 124 101 100 5 0 0 0 0
108 109 282 293 111 368 584 116 114 121 102 104 6 0 0 0 0
104 102 119 119 105 107 113 107 111 96 103 100 7 0 0 0 0
108 111 755 711 108 389 451 109 109 101 103 101 8 0 0 0 0
103 104 506 437 105 394 449 105 100 99 98 99 9 0 0 0 0
109 107 106 112 107 109 108 107 106 107 102 101 10 0 0 0 0
116 111 107 112 109 111 113 111 107 107 106 15000 11 0 0 0 0
Chip#1
102 102 99 104 104 105 99 103 101 99 103 104 0 0 96 128 66
104 100 102 106 103 105 106 101 100 101 105 98 1 0 0 0 0
102 96 110 120 102 115 127 104 112 132 98 96 2 0 0 0 0
98 95 100 109 100 107 113 105 104 113 97 92 3 0 0 0 0
104 104 117 126 104 112 124 104 107 104 95 98 4 0 0 0 0
102 102 532 530 104 589 977 124 114 125 102 95 5 0 0 0 0
104 102 272 283 105 368 579 108 109 116 96 99 6 0 0 0 0
104 106 114 124 108 108 109 107 100 101 98 98 7 0 0 0 0
97 100 752 698 98 379 436 102 92 90 91 96 8 0 0 0 0
108 102 508 436 104 394 453 110 106 100 98 102 9 0 0 0 0
109 106 106 113 108 109 111 108 104 103 102 107 10 0 0 0 0
114 99 96 106 98 103 101 103 101 93 100 15000 11 0 0 0 0
Chip#1
98 94 91 99 96 98 94 93 93 91 94 90 0 0 0 129 66
96 95 95 107 101 99 105 100 99 97 98 95 1 0 0 0 0
103 96 109 119 98 109 124 101 113 132 97 96 2 0 0 0 0
106 104 104 114 105 112 119 109 113 121 98 104 3 0 0 0 0
105 111 118 129 104 112 132 114 108 107 102 106 4 0 0 0 0
98 100 534 546 105 587 977 121 104 126 98 96 5 0 0 0 0
99 99 271 274 100 363 575 112 106 116 89 93 6 0 0 0 0
97 96 110 113 97 99 99 97 100 88 92 89 7 0 0 0 0
99 105 751 704 103 379 441 105 98 97 95 95 8 0 0 0 0
101 99 499 428 102 383 446 102 99 97 91 98 9 0 0 0 0
114 109 110 112 110 109 108 109 106 108 105 104 10 0 0 0 0
108 101 100 106 102 100 106 104 99 101 97 15000 11 0 0 0 0
Chip#1
98 97 99 99 101 100 104 101 99 93 96 96 0 0 96 129 66
99 101 103 108 102 106 107 103 100 99 101 101 1 0 0 0 0
98 97 107 118 97 112 123 100 103 125 95 96 2 0 0 0 0
104 101 105 110 103 111 115 109 111 121 102 99 3 0 0 0 0
106 105 125 129 105 117 128 112 106 108 102 105 4 0 0 0 0
105 104 538 530 109 590 973 132 118 130 101 100 5 0 0 0 0
99 95 271 280 101 361 575 109 102 116 92 93 6 0 0 0 0
101 97 116 116 100 101 107 104 103 100 96 98 7 0 0 0 0
95 106 747 702 102 382 437 107 101 96 92 94 8 0 0 0 0
99 100 495 425 101 386 445 103 99 95 92 95 9 0 0 0 0
106 102 104 108 104 101 105 102 103 100 98 99 10 0 0 0 0
106 97 97 101 100 99 94 101 97 95 96 15000 11 0 0 0 0
Chip#1
109 102 103 107 103 109 107 104 102 97 103 100 0 0 224 129 66
98 95 98 102 95 95 101 97 97 97 94 95 1 0 0 0 0
102 107 116 126 103 114 131 109 114 136 103 101 2 0 0 0 0
105 105 100 107 103 105 116 105 104 116 102 99 3 0 0 0 0
102 92 112 119 98 104 121 102 96 93 97 95 4 0 0 0 0
109 105 534 546 104 588 970 129 111 128 106 100 5 0 0 0 0
105 102 278 283 104 362 575 118 114 122 101 99 6 0 0 0 0
108 109 118 121 105 104 113 107 106 99 98 99 7 0 0 0 0
105 110 747 703 104 375 445 110 102 101 103 104 8 0 0 0 0
103 107 501 430 100 385 445 104 107 100 97 100 9 0 0 0 0
111 107 107 114 109 106 114 109 111 104 107 106 10 0 0 0 0
112 109 105 112 108 106 108 104 103 107 101 15000 11 0 0 0 0
Chip#1
104 102 100 104 100 101 100 101 99 99 102 94 0 0 64 130 66
110 101 107 112 104 109 109 111 106 105 109 102 1 0 0 0 0
101 97 111 119 95 107 123 98 106 125 97 92 2 0 0 0 0
105 104 106 114 104 115 116 105 112 120 107 105 3 0 0 0 0
103 102 122 121 105 114 125 103 107 103 100 100 4 0 0 0 0
104 102 534 546 109 588 972 124 114 125 105 100 5 0 0 0 0
105 104 276 280 104 366 572 107 107 121 98 100 6 0 0 0 0
105 106 118 116 105 104 108 103 100 103 97 101 7 0 0 0 0
97 104 741 696 98 374 440 102 100 92 97 93 8 0 0 0 0
105 102 503 430 105 383 437 103 103 101 101 96 9 0 0 0 0
108 100 100 108 104 100 112 103 101 97 100 95 10 0 0 0 0
115 110 102 107 107 103 105 105 104 103 101 15000 11 0 0 0 0
Chip#1
106 102 100 109 108 105 104 104 103 103 105 101 0 0 192 130 66
104 104 102 106 102 105 101 102 102 100 98 101 1 0 0 0 0
101 99 107 121 100 109 124 102 106 125 96 93 2 0 0 0 0
106 107 105 112 102 106 116 109 113 118 100 102 3 0 0 0 0
108 106 122 130 112 121 131 112 112 108 105 105 4 0 0 0 0
103 110 532 530 108 586 972 131 116 126 101 102 5 0 0 0 0
103 105 273 285 105 362 571 114 109 122 100 102 6 0 0 0 0
104 106 114 121 109 106 107 103 106 99 101 100 7 0 0 0 0
102 109 742 695 104 379 440 107 99 92 96 95 8 0 0 0 0
99 95 495 429 98 380 436 101 96 96 94 94 9 0 0 0 0
102 100 100 107 103 101 102 105 99 96 95 101 10 0 0 0 0
110 106 103 108 108 109 106 107 99 104 103 15000 11 0 0 0 0
Chip#1
103 97 100 106 104 104 104 103 101 103 97 99 0 0 64 131 66
99 92 99 107 97 101 106 98 97 99 95 95 1 0 0 0 0
108 105 116 126 105 120 132 109 113 130 105 102 2 0 0 0 0
105 101 99 109 105 109 115 108 109 118 105 99 3 0 0 0 0
112 104 119 131 111 116 135 111 111 109 106 106 4 0 0 0 0
103 99 534 530 108 585 966 128 109 125 100 98 5 0 0 0 0
108 101 275 284 104 361 575 113 114 120 101 100 6 0 0 0 0
106 102 118 121 107 109 108 102 103 97 100 98 7 0 0 0 0
109 107 748 696 109 382 444 108 101 96 97 96 8 0 0 0 0
109 106 499 433 107 389 442 107 101 99 100 104 9 0 0 0 0
105 101 100 108 102 101 100 103 98 99 96 99 10 0 0 0 0
114 104 99 106 104 105 107 103 102 99 102 15000 11 0 0 0 0
Chip#1
106 102 105 108 104 105 104 105 106 103 103 102 0 0 160 131 66
101 95 94 101 96 101 101 97 100 103 98 98 1 0 0 0 0
101 100 109 119 94 115 125 103 109 130 100 98 2 0 0 0 0
101 99 97 107 98 105 107 101 104 115 100 100 3 0 0 0 0
108 104 117 124 108 116 128 109 107 96 102 105 4 0 0 0 0
104 102 531 530 110 585 970 129 114 128 103 100 5 0 0 0 0
97 99 271 290 105 359 571 110 108 118 97 95 6 0 0 0 0
102 102 111 118 104 111 104 105 102 100 100 95 7 0 0 0 0
103 107 745 698 109 385 445 113 108 104 103 106 8 0 0 0 0
105 102 499 431 112 385 438 112 106 108 101 102 9 0 0 0 0
104 100 103 104 100 104 106 102 100 100 95 100 10 0 0 0 0
105 104 103 101 107 105 105 101 98 103 96 15000 11 0 0 0 0
Chip#1
103 101 100 103 105 104 108 105 100 103 105 105 0 0 224 131 66
97 94 98 97 98 99 107 97 99 97 92 95 1 0 0 0 0
102 97 109 119 102 111 125 104 108 132 101 100 2 0 0 0 0
106 104 107 113 110 111 116 111 112 125 106 105 3 0 0 0 0
103 102 116 123 104 114 125 108 108 100 96 101 4 0 0 0 0
102 97 524 522 103 577 960 123 109 121 100 99 5 0 0 0 0
105 101 272 285 105 359 577 116 109 121 98 104 6 0 0 0 0
110 100 118 116 107 107 111 107 106 103 101 102 7 0 0 0 0
102 110 736 697 111 374 440 108 104 100 98 102 8 0 0 0 0
106 110 499 430 109 388 440 111 106 101 102 104 9 0 0 0 0
108 101 96 103 101 100 105 100 98 95 91 98 10 0 0 0 0
114 107 105 109 108 101 108 110 107 99 101 15000 11 0 0 0 0
Chip#1
104 100 102 102 103 103 106 105 102 100 101 102 0 0 96 132 66
104 97 103 109 105 101 108 107 100 103 106 102 1 0 0 0 0
105 101 114 129 107 115 129 104 113 137 106 102 2 0 0 0 0
96 93 98 103 98 101 108 96 101 111 95 95 3 0 0 0 0
103 100 118 121 104 112 128 104 103 103 98 95 4 0 0 0 0
101 101 517 530 107 580 958 126 109 125 97 95 5 0 0 0 0
96 96 269 274 101 357 567 112 108 113 95 96 6 0 0 0 0
103 101 114 114 104 104 107 103 103 99 95 94 7 0 0 0 0
99 102 742 695 110 379 441 111 101 99 100 99 8 0 0 0 0
105 105 497 429 107 385 437 110 106 104 100 98 9 0 0 0 0
103 97 97 99 103 100 101 97 98 95 96 96 10 0 0 0 0
117 107 105 110 110 109 112 112 106 108 105 15000 11 0 0 0 0
Chip#1
92 93 93 98 96 94 92 95 94 92 89 90 0 0 160 132 66
102 96 98 103 102 103 105 108 98 97 97 100 1 0 0 0 0
102 100 111 125 100 114 132 109 107 134 96 101 2 0 0 0 0
103 100 102 110 101 108 113 108 103 113 97 100 3 0 0 0 0
104 99 111 119 103 111 122 103 100 95 97 98 4 0 0 0 0
95 91 521 530 97 572 950 121 101 117 94 89 5 0 0 0 0
106 96 270 274 102 359 569 109 106 113 94 93 6 0 0 0 0
109 105 118 124 112 112 115 109 108 108 103 105 7 0 0 0 0
109 116 746 699 115 380 446 116 113 108 103 110 8 0 0 0 0
106 100 496 428 102 378 437 104 102 103 97 102 9 0 0 0 0
109 105 106 114 108 105 111 110 107 104 101 107 10 0 0 0 0
114 101 102 107 107 100 108 102 100 104 105 15000 11 0 0 0 0
Chip#1
102 102 100 107 101 103 104 103 99 103 100 107 0 0 0 133 66
98 97 100 106 96 103 105 101 96 104 98 94 1 0 0 0 0
103 100 114 120 98 116 128 103 113 133 103 104 2 0 0 0 0
101 100 98 107 101 106 113 102 103 117 102 101 3 0 0 0 0
101 102 116 125 102 110 129 105 106 99 100 99 4 0 0 0 0
105 102 525 530 107 587 961 131 114 130 102 99 5 0 0 0 0
96 104 269 274 100 356 565 109 106 120 100 93 6 0 0 0 0
98 94 109 119 102 103 101 103 97 93 97 98 7 0 0 0 0
98 101 740 688 105 378 435 105 98 97 98 99 8 0 0 0 0
110 106 499 429 110 386 444 114 106 111 107 106 9 0 0 0 0
110 111 108 115 108 111 111 108 102 105 103 110 10 0 0 0 0
109 105 100 102 100 103 101 101 104 99 101 15000 11 0 0 0 0
Chip#1
105 100 98 108 101 105 102 104 100 111 102 101 0 0 96 133 66
104 97 97 103 101 104 105 100 99 104 95 101 1 0 0 0 0
102 97 106 118 95 109 123 103 106 132 98 98 2 0 0 0 0
99 96 102 107 103 105 117 104 104 115 101 100 3 0 0 0 0
108 102 125 133 107 121 129 113 109 111 102 109 4 0 0 0 0
108 106 529 530 104 583 958 128 114 130 98 96 5 0 0 0 0
104 99 264 280 103 356 562 111 108 116 98 94 6 0 0 0 0
101 101 115 120 104 109 105 103 106 101 98 99 7 0 0 0 0
103 106 739 696 109 375 441 108 104 100 97 101 8 0 0 0 0
110 105 498 432 108 389 445 113 111 103 102 105 9 0 0 0 0
105 102 103 109 104 106 105 105 106 101 96 101 10 0 0 0 0
106 101 102 103 102 98 101 103 99 100 97 15000 11 0 0 0 0
Chip#1
99 96 97 104 98 100 100 104 94 97 101 100 0 0 192 133 66
102 93 96 99 98 98 99 102 98 99 100 98 1 0 0 0 0
109 102 115 127 103 116 130 111 117 135 107 107 2 0 0 0 0
103 100 104 115 103 109 112 109 104 120 101 107 3 0 0 0 0
105 102 117 124 105 114 127 108 102 100 102 105 4 0 0 0 0
99 104 525 530 109 583 959 124 114 126 100 98 5 0 0 0 0
102 97 265 274 100 355 565 109 108 115 96 93 6 0 0 0 0
104 101 113 124 104 105 109 107 103 99 97 102 7 0 0 0 0
102 105 737 697 103 378 435 110 101 101 97 104 8 0 0 0 0
98 102 489 425 101 379 437 108 100 103 93 104 9 0 0 0 0
105 96 98 103 97 98 101 101 98 96 93 99 10 0 0 0 0
114 109 103 106 107 105 109 107 104 104 102 15000 11 0 0 0 0
Chip#1
103 100 98 107 102 99 104 105 103 100 101 100 0 0 0 134 66
104 97 99 109 101 100 104 109 102 101 101 98 1 0 0 0 0
103 106 110 124 100 116 129 109 113 132 101 101 2 0 0 0 0
98 97 103 103 93 104 111 100 102 111 96 93 3 0 0 0 0
106 102 120 125 107 115 130 108 104 101 100 104 4 0 0 0 0
99 101 521 520 100 576 946 124 107 122 97 94 5 0 0 0 0
106 95 268 274 98 360 563 111 108 120 96 94 6 0 0 0 0
108 101 118 121 108 107 112 109 107 108 100 105 7 0 0 0 0
105 111 733 688 105 378 441 108 104 97 100 101 8 0 0 0 0
108 107 493 429 109 384 441 110 107 101 103 106 9 0 0 0 0
104 99 102 109 100 105 105 104 101 99 98 101 10 0 0 0 0
114 105 105 104 102 106 107 107 103 103 102 15000 11 0 0 0 0
Chip#1
103 107 103 103 105 103 104 103 103 100 102 100 0 0 160 134 66
99 95 96 99 98 101 101 101 101 93 96 94 1 0 0 0 0
103 101 109 120 97 115 130 105 114 129 102 102 2 0 0 0 0
99 100 105 110 103 112 115 107 104 118 101 101 3 0 0 0 0
105 104 118 125 108 115 129 105 108 103 98 105 4 0 0 0 0
103 107 524 530 110 582 952 124 114 125 103 101 5 0 0 0 0
103 101 268 274 101 357 561 111 108 113 97 99 6 0 0 0 0
101 104 111 116 105 109 107 105 107 100 101 96 7 0 0 0 0
101 105 726 687 104 375 430 105 102 96 96 98 8 0 0 0 0
105 110 490 424 105 381 438 107 101 101 102 105 9 0 0 0 0
106 105 102 108 105 106 106 105 100 99 101 102 10 0 0 0 0
112 107 106 104 107 101 106 107 101 103 97 15000 11 0 0 0 0
Chip#1
98 96 95 99 95 97 97 98 100 93 96 93 0 0 32 135 66
101 97 97 104 97 98 105 102 100 101 98 93 1 0 0 0 0
96 97 107 116 97 109 121 101 111 129 95 95 2 0 0 0 0
105 101 103 112 102 103 114 103 108 113 102 100 3 0 0 0 0
101 100 111 123 101 112 124 107 101 97 98 95 4 0 0 0 0
102 102 518 530 103 578 951 122 108 122 101 99 5 0 0 0 0
104 107 271 274 107 357 566 117 112 122 102 102 6 0 0 0 0
105 107 119 124 105 109 108 110 106 100 101 101 7 0 0 0 0
97 107 728 689 104 371 429 108 101 104 93 104 8 0 0 0 0
108 106 492 423 105 378 434 111 106 105 101 105 9 0 0 0 0
108 106 104 114 103 106 108 109 109 108 101 102 10 0 0 0 0
110 102 97 103 98 104 105 102 102 100 101 15000 11 0 0 0 0
Chip#1
108 100 103 103 103 101 102 107 106 101 105 102 0 0 192 135 66
105 104 104 107 105 110 109 105 102 104 108 106 1 0 0 0 0
99 105 113 123 98 112 123 104 112 128 100 100 2 0 0 0 0
108 104 103 112 103 106 114 108 107 118 102 101 3 0 0 0 0
104 102 117 124 104 114 131 109 104 101 103 102 4 0 0 0 0
109 106 528 530 105 580 954 125 118 128 107 102 5 0 0 0 0
102 99 269 274 107 354 560 112 108 118 102 100 6 0 0 0 0
99 101 115 121 104 106 105 104 103 93 103 98 7 0 0 0 0
104 107 726 681 102 369 432 112 104 100 103 100 8 0 0 0 0
103 104 488 419 105 373 429 107 101 99 101 102 9 0 0 0 0
109 101 104 110 101 105 101 103 103 100 97 101 10 0 0 0 0
109 104 99 102 101 103 98 104 100 96 97 15000 11 0 0 0 0
Chip#1
101 99 96 97 100 99 99 100 101 95 96 100 0 0 64 136 66
102 93 100 101 98 100 104 100 98 92 95 96 1 0 0 0 0
108 102 116 124 102 116 133 109 113 137 106 105 2 0 0 0 0
96 95 102 103 95 101 107 102 103 109 92 98 3 0 0 0 0
104 97 118 120 105 111 124 108 101 99 102 99 4 0 0 0 0
104 99 525 530 103 578 940 126 113 124 100 102 5 0 0 0 0
96 91 266 274 95 353 555 104 100 116 95 92 6 0 0 0 0
111 109 126 125 108 112 109 107 109 105 103 107 7 0 0 0 0
105 104 729 678 104 378 433 110 106 103 101 99 8 0 0 0 0
104 107 491 419 108 377 432 108 104 100 102 102 9 0 0 0 0
106 102 106 103 101 104 109 104 103 101 97 99 10 0 0 0 0
111 107 104 106 100 109 109 104 107 107 103 15000 11 0 0 0 0
Chip#1
106 106 102 112 102 106 106 105 106 107 103 102 0 0 160 136 66
102 100 102 103 101 104 106 102 102 99 98 101 1 0 0 0 0
102 102 108 125 100 115 129 104 108 128 101 99 2 0 0 0 0
98 97 98 112 96 103 111 103 104 116 97 101 3 0 0 0 0
106 106 120 126 107 112 127 110 104 105 101 105 4 0 0 0 0
99 102 518 518 105 575 941 124 111 125 98 100 5 0 0 0 0
106 106 272 274 108 355 566 113 111 124 102 102 6 0 0 0 0
99 99 115 115 103 107 106 104 99 103 96 94 7 0 0 0 0
105 107 728 680 112 377 433 113 106 103 107 105 8 0 0 0 0
105 105 486 424 101 377 430 110 104 99 102 101 9 0 0 0 0
114 111 110 119 107 111 114 111 112 108 105 111 10 0 0 0 0
112 101 105 110 104 106 105 107 106 101 106 15000 11 0 0 0 0
Chip#1
103 102 102 107 103 99 101 103 106 99 97 98 0 0 32 137 66
102 100 102 106 104 106 107 101 104 103 98 100 1 0 0 0 0
105 105 114 126 103 117 131 110 121 133 103 98 2 0 0 0 0
102 109 109 113 107 114 117 108 109 125 105 106 3 0 0 0 0
99 97 116 124 103 109 125 104 99 100 98 96 4 0 0 0 0
105 104 524 530 109 575 944 125 112 130 105 104 5 0 0 0 0
104 106 272 280 107 357 562 115 113 121 98 104 6 0 0 0 0
108 106 119 121 108 109 111 104 106 104 98 100 7 0 0 0 0
97 99 726 673 108 369 429 107 101 93 94 96 8 0 0 0 0
99 101 482 415 105 369 425 102 99 95 97 101 9 0 0 0 0
106 99 106 102 103 104 105 100 101 97 94 96 10 0 0 0 0
106 96 103 103 100 98 101 95 98 95 97 15000 11 0 0 0 0
Chip#1
97 100 97 101 102 101 101 107 98 96 100 98 0 0 128 137 66
105 105 103 107 104 110 106 102 107 103 105 100 1 0 0 0 0
105 102 116 124 101 117 127 107 111 136 100 101 2 0 0 0 0
99 102 103 106 104 109 114 105 108 117 97 102 3 0 0 0 0
101 102 117 123 104 111 130 112 101 101 100 100 4 0 0 0 0
106 109 521 530 111 577 941 129 113 130 106 102 5 0 0 0 0
108 101 265 274 102 349 557 111 112 120 97 100 6 0 0 0 0
99 101 114 116 100 104 105 103 101 99 94 94 7 0 0 0 0
102 109 720 677 105 372 427 104 99 97 100 100 8 0 0 0 0
103 104 482 421 105 375 434 107 103 101 100 102 9 0 0 0 0
110 105 108 110 104 106 107 104 106 103 96 105 10 0 0 0 0
120 109 105 109 110 116 109 112 108 112 108 15000 11 0 0 0 0
Chip#1
106 104 100 104 102 106 105 108 106 101 98 98 0 0 0 138 66
110 107 104 110 103 108 111 111 106 109 98 104 1 0 0 0 0
97 96 106 115 94 110 121 100 103 125 92 95 2 0 0 0 0
99 102 104 109 101 109 117 108 106 116 96 99 3 0 0 0 0
97 99 115 121 98 105 123 105 100 103 97 95 4 0 0 0 0
103 105 516 515 107 571 941 121 113 126 102 96 5 0 0 0 0
105 99 271 274 108 355 561 108 109 122 100 95 6 0 0 0 0
106 99 116 119 107 110 109 105 106 99 100 101 7 0 0 0 0
103 104 720 674 103 369 430 104 100 97 101 99 8 0 0 0 0
109 104 485 420 103 369 429 107 106 100 103 102 9 0 0 0 0
103 102 102 106 100 104 109 102 101 99 98 100 10 0 0 0 0
116 111 109 113 107 112 112 109 107 112 109 15000 11 0 0 0 0
Chip#1
104 105 106 109 107 109 112 108 104 109 101 106 0 0 96 138 66
105 105 103 109 105 108 109 107 103 109 98 107 1 0 0 0 0
109 105 118 126 107 118 130 110 113 136 106 106 2 0 0 0 0
95 99 102 108 97 100 108 102 104 112 96 94 3 0 0 0 0
101 95 110 112 100 108 122 103 101 97 96 96 4 0 0 0 0
109 110 521 522 110 571 944 131 117 132 106 104 5 0 0 0 0
104 107 266 274 102 353 554 113 108 121 101 99 6 0 0 0 0
106 100 116 121 107 101 108 107 103 99 101 102 7 0 0 0 0
99 105 720 676 105 371 427 108 98 101 97 99 8 0 0 0 0
106 111 485 422 110 378 434 112 109 111 100 106 9 0 0 0 0
108 100 105 109 104 105 107 105 102 101 97 100 10 0 0 0 0
118 114 109 116 114 114 115 111 108 111 107 15000 11 0 0 0 0
Chip#1
99 100 95 99 98 100 99 100 98 97 97 98 0 0 192 138 66
99 100 96 102 98 101 105 100 93 100 97 94 1 0 0 0 0
95 95 106 119 96 110 124 104 104 126 97 96 2 0 0 0 0
101 99 98 106 98 103 108 102 104 113 95 94 3 0 0 0 0
105 105 116 121 102 110 129 111 108 105 103 102 4 0 0 0 0
101 104 510 512 104 569 937 123 109 125 105 104 5 0 0 0 0
102 101 264 274 103 350 552 110 107 116 95 96 6 0 0 0 0
105 106 120 121 109 106 109 108 107 105 106 102 7 0 0 0 0
96 101 720 665 103 366 420 102 96 90 95 95 8 0 0 0 0
104 104 480 420 103 372 427 107 103 103 98 100 9 0 0 0 0
106 105 102 112 102 105 107 105 102 99 97 101 10 0 0 0 0
114 107 105 110 110 110 109 108 106 103 100 15000 11 0 0 0 0
Chip#1
102 105 100 103 107 103 102 105 100 96 98 98 0 0 32 139 66
101 96 100 110 107 104 106 105 99 104 97 98 1 0 0 0 0
102 99 112 124 98 109 127 105 107 128 97 96 2 0 0 0 0
103 99 99 108 101 106 115 109 102 114 98 99 3 0 0 0 0
106 102 119 125 107 115 129 110 107 100 101 100 4 0 0 0 0
105 96 512 519 103 565 933 123 111 125 96 94 5 0 0 0 0
103 101 262 274 103 348 555 112 108 121 95 98 6 0 0 0 0
102 97 108 118 104 101 105 103 99 92 93 95 7 0 0 0 0
101 106 720 676 107 369 427 109 103 95 97 102 8 0 0 0 0
103 105 480 415 107 369 425 105 102 99 101 99 9 0 0 0 0
110 105 105 114 108 106 109 107 100 101 100 108 10 0 0 0 0
109 104 100 104 104 105 102 108 102 100 97 15000 11 0 0 0 0
Chip#1
102 95 98 99 101 99 99 100 98 92 97 92 0 0 128 139 66
101 99 100 104 102 108 107 104 102 104 95 100 1 0 0 0 0
101 102 111 121 104 110 128 104 107 129 106 104 2 0 0 0 0
108 104 109 115 107 112 120 108 114 118 103 106 3 0 0 0 0
101 106 117 123 105 110 129 105 100 101 98 96 4 0 0 0 0
105 107 514 530 111 571 940 124 114 122 106 101 5 0 0 0 0
106 101 264 274 105 350 552 111 111 121 98 99 6 0 0 0 0
106 101 118 120 109 111 113 110 109 99 97 100 7 0 0 0 0
96 99 719 663 96 362 423 102 98 92 92 95 8 0 0 0 0
108 106 479 414 105 368 429 109 107 103 101 102 9 0 0 0 0
101 99 99 103 96 97 100 100 101 92 90 95 10 0 0 0 0
120 111 108 112 107 109 109 110 109 108 105 15000 11 0 0 0 0
Chip#1
104 107 107 112 102 110 104 109 109 103 103 101 0 0 192 139 66
101 101 104 106 102 106 106 102 103 97 100 101 1 0 0 0 0
105 97 113 119 101 116 123 103 114 128 98 96 2 0 0 0 0
103 100 98 107 103 105 113 102 101 115 100 98 3 0 0 0 0
109 107 120 125 105 117 127 110 108 111 102 99 4 0 0 0 0
101 107 510 505 107 564 935 125 108 126 98 98 5 0 0 0 0
109 104 265 274 108 353 560 115 109 122 106 105 6 0 0 0 0
101 96 110 107 102 101 105 100 99 91 96 92 7 0 0 0 0
96 105 720 661 102 369 419 103 100 92 93 98 8 0 0 0 0
103 110 479 409 103 371 425 107 103 104 100 99 9 0 0 0 0
104 102 106 106 107 105 106 107 102 95 95 96 10 0 0 0 0
116 105 102 107 107 105 101 105 107 100 98 15000 11 0 0 0 0
Chip#1
102 99 99 107 102 101 100 103 98 99 97 92 0 0 64 140 66
101 96 99 107 98 101 104 103 100 105 98 96 1 0 0 0 0
98 99 111 123 98 109 122 102 109 125 98 96 2 0 0 0 0
104 104 107 113 104 109 116 107 109 116 102 100 3 0 0 0 0
102 102 116 124 104 111 125 107 103 107 100 105 4 0 0 0 0
103 101 504 517 104 564 931 124 114 126 96 100 5 0 0 0 0
105 104 263 274 105 349 550 107 109 120 98 96 6 0 0 0 0
105 104 122 124 105 107 109 104 107 100 100 99 7 0 0 0 0
103 109 720 672 107 371 430 110 102 104 103 102 8 0 0 0 0
102 102 472 412 101 366 421 105 102 104 101 100 9 0 0 0 0
108 104 108 116 107 110 108 109 108 107 100 104 10 0 0 0 0
115 109 103 113 108 111 109 107 107 109 100 15000 11 0 0 0 0
Chip#1
96 99 94 97 98 97 96 98 96 93 97 96 0 0 128 140 66
111 106 104 108 101 110 107 109 106 112 107 104 1 0 0 0 0
106 105 112 129 104 122 129 112 116 136 106 107 2 0 0 0 0
99 101 99 104 100 106 109 103 104 109 100 94 3 0 0 0 0
106 105 117 121 104 116 122 107 106 105 103 102 4 0 0 0 0
105 102 510 516 109 568 931 129 118 130 101 104 5 0 0 0 0
105 102 263 274 110 354 548 111 116 122 102 100 6 0 0 0 0
108 106 122 121 110 114 106 111 113 108 106 102 7 0 0 0 0
102 107 720 668 107 371 424 108 101 100 101 99 8 0 0 0 0
102 106 473 406 103 365 419 103 102 99 97 94 9 0 0 0 0
101 97 100 107 101 100 101 102 102 93 97 96 10 0 0 0 0
115 106 102 107 104 105 106 105 102 101 102 15000 11 0 0 0 0
Chip#1
97 97 95 101 96 98 99 98 100 95 90 96 0 0 224 140 66
104 99 105 110 104 105 106 105 101 101 101 104 1 0 0 0 0
103 99 111 120 101 115 127 108 108 133 100 102 2 0 0 0 0
104 102 103 110 105 110 113 109 113 125 102 102 3 0 0 0 0
109 107 115 129 105 117 130 110 103 107 103 101 4 0 0 0 0
102 102 508 512 111 569 928 125 112 128 101 101 5 0 0 0 0
106 109 269 274 112 356 553 116 118 125 101 105 6 0 0 0 0
99 96 108 118 102 101 105 100 102 95 92 93 7 0 0 0 0
105 104 720 662 104 365 426 105 100 107 100 102 8 0 0 0 0
106 106 479 413 110 366 424 108 104 108 103 108 9 0 0 0 0
105 106 103 113 110 109 108 107 108 100 103 105 10 0 0 0 0
110 109 103 103 105 105 101 102 101 104 105 15000 11 0 0 0 0
Chip#1
106 105 103 107 100 104 104 104 106 103 102 100 0 0 96 141 66
106 100 104 110 103 105 106 105 107 104 102 104 1 0 0 0 0
106 99 116 126 104 112 129 105 112 132 103 100 2 0 0 0 0
103 102 100 108 102 103 113 103 103 118 95 100 3 0 0 0 0
101 100 111 115 103 101 123 100 101 95 95 94 4 0 0 0 0
98 97 501 509 100 562 923 123 106 122 100 96 5 0 0 0 0
103 102 262 274 104 348 547 112 109 116 102 100 6 0 0 0 0
104 100 114 118 102 101 107 100 100 97 95 99 7 0 0 0 0
98 105 720 661 104 362 420 103 100 95 97 95 8 0 0 0 0
102 99 470 404 101 363 417 103 99 92 95 95 9 0 0 0 0
101 96 98 101 101 98 102 100 98 97 95 96 10 0 0 0 0
110 102 104 103 100 100 106 103 99 99 100 15000 11 0 0 0 0
Chip#1
99 99 95 101 98 100 96 101 100 95 100 98 0 0 224 141 66
111 106 104 112 107 109 109 112 106 108 106 107 1 0 0 0 0
104 100 111 124 96 112 129 107 113 129 98 99 2 0 0 0 0
105 101 105 110 100 109 114 110 109 120 109 101 3 0 0 0 0
105 102 114 125 104 111 128 108 107 103 103 96 4 0 0 0 0
95 96 499 507 104 554 921 119 106 118 95 95 5 0 0 0 0
111 111 270 279 111 355 554 119 114 126 107 104 6 0 0 0 0
112 110 118 130 110 109 109 112 111 104 105 107 7 0 0 0 0
101 104 712 656 104 363 417 109 102 99 97 99 8 0 0 0 0
95 99 467 405 102 359 412 102 104 96 96 99 9 0 0 0 0
111 109 109 110 112 112 109 112 108 108 102 107 10 0 0 0 0
111 109 106 109 104 104 105 109 109 99 102 15000 11 0 0 0 0
Chip#1
108 105 106 108 101 106 101 105 103 100 102 105 0 0 96 142 66
104 99 104 109 102 106 107 103 103 100 101 95 1 0 0 0 0
105 99 110 120 95 114 124 104 111 132 100 99 2 0 0 0 0
101 99 105 107 102 105 115 103 99 112 100 94 3 0 0 0 0
106 105 116 125 103 111 124 104 103 104 102 99 4 0 0 0 0
104 106 510 510 114 565 923 125 112 132 105 106 5 0 0 0 0
109 105 264 274 107 349 548 116 111 121 102 101 6 0 0 0 0
104 101 113 116 101 101 107 103 99 96 97 99 7 0 0 0 0
106 111 717 664 109 366 425 113 104 108 102 104 8 0 0 0 0
98 99 473 406 96 361 419 105 94 96 92 99 9 0 0 0 0
112 107 107 113 105 106 109 104 104 104 101 104 10 0 0 0 0
116 110 108 112 108 106 109 110 103 109 103 15000 11 0 0 0 0
Chip#1
104 95 100 102 104 101 99 100 98 99 100 98 0 0 224 142 66
105 101 104 110 104 103 112 102 106 101 98 102 1 0 0 0 0
99 101 113 121 102 107 123 103 113 130 98 100 2 0 0 0 0
106 105 105 113 103 109 113 105 106 121 102 106 3 0 0 0 0
105 101 113 124 103 109 125 107 103 95 100 99 4 0 0 0 0
96 94 496 505 102 552 920 118 106 120 101 95 5 0 0 0 0
108 105 262 290 105 347 545 111 109 116 98 101 6 0 0 0 0
97 97 107 116 98 99 106 101 102 95 95 96 7 0 0 0 0
111 111 720 662 112 365 423 107 103 103 106 101 8 0 0 0 0
102 107 470 412 105 363 416 107 106 99 101 104 9 0 0 0 0
104 106 103 110 107 103 107 104 103 103 100 101 10 0 0 0 0
115 107 102 107 108 104 108 105 106 100 101 15000 11 0 0 0 0
Chip#1
97 97 96 97 95 95 94 96 99 91 96 96 0 0 64 143 66
104 96 97 107 101 99 105 105 101 97 98 102 1 0 0 0 0
101 100 110 120 103 106 121 103 109 126 98 101 2 0 0 0 0
101 100 105 113 103 100 112 110 113 115 102 102 3 0 0 0 0
101 100 114 120 100 106 125 101 101 95 98 98 4 0 0 0 0
101 102 503 505 103 556 922 126 109 121 98 98 5 0 0 0 0
104 102 259 274 103 344 544 109 108 117 100 101 6 0 0 0 0
105 102 115 120 109 106 112 105 106 100 102 104 7 0 0 0 0
99 106 703 655 104 357 418 105 101 93 96 98 8 0 0 0 0
102 106 470 408 108 362 418 107 104 100 98 100 9 0 0 0 0
106 102 97 107 103 99 104 104 99 97 96 96 10 0 0 0 0
111 101 100 101 100 100 100 104 100 97 96 15000 11 0 0 0 0
Chip#1
103 101 97 104 100 100 104 101 100 95 95 96 0 0 192 143 66
104 101 106 107 100 105 111 107 97 105 102 96 1 0 0 0 0
114 110 121 135 112 120 134 112 122 142 113 111 2 0 0 0 0
103 101 103 110 100 108 112 103 104 116 100 101 3 0 0 0 0
102 99 113 121 101 111 122 103 100 101 100 100 4 0 0 0 0
99 105 499 502 105 556 913 128 106 121 100 99 5 0 0 0 0
105 100 260 274 103 342 544 113 108 120 100 101 6 0 0 0 0
102 101 117 115 105 105 102 102 106 104 105 100 7 0 0 0 0
102 102 718 656 104 360 419 108 104 99 97 100 8 0 0 0 0
97 99 464 406 102 357 413 102 100 97 96 101 9 0 0 0 0
103 104 104 109 103 103 107 105 99 99 98 101 10 0 0 0 0
114 109 108 112 105 105 107 105 101 105 105 15000 11 0 0 0 0
