Chipdp
84 2 68 4 16 11 4 1 6 2 6 1 7 2 7 4 4 6 5 6 4 7 5 7 4 7 6 8 6 7 7 8 7 4 10 6 11 6 10 7 11 7 4 1 9 2 9 1 10 2 10 4 4 9 5 9 4 10 5 10 4 7 9 8 9 7 10 8 10 4 10 9 11 9 10 10 11 10 4 1 3 2 3 1 4 2 4 4 4 3 5 3 4 4 5 4 4 7 3 8 3 7 4 8 4 4 10 3 11 3 10 4 11 4 4 1 0 2 0 1 1 2 1 4 4 0 5 0 4 1 5 1 4 7 0 8 0 7 1 8 1 4 10 0 11 0 10 1 11 1 4 1 6 2 6 1 7 2 7 4 4 6 5 6 4 7 5 7 4 7 6 8 6 7 7 8 7 4 10 6 11 6 10 7 11 7 4 1 9 2 9 1 10 2 10 4 4 9 5 9 4 10 5 10 4 7 9 8 9 7 10 8 10 4 10 9 11 9 10 10 11 10 4 1 3 2 3 1 4 2 4 4 4 3 5 3 4 4 5 4 4 7 3 8 3 7 4 8 4 4 10 3 11 3 10 4 11 4 4 1 0 2 0 1 1 2 1 4 4 0 5 0 4 1 5 1 4 7 0 8 0 7 1 8 1 4 10 0 11 0 10 1 11 1 4 6 0 7 0 6 1 7 1 4 6 3 7 3 6 4 7 4 4 6 6 7 6 6 7 7 7 4 6 9 7 9 6 10 7 10 4 9 0 10 0 9 1 10 1 4 9 3 10 3 9 4 10 4 4 9 6 10 6 9 7 10 7 4 9 9 10 9 9 10 10 10 4 3 0 4 0 3 1 4 1 4 3 3 4 3 3 4 4 4 4 3 6 4 6 3 7 4 7 4 3 9 4 9 3 10 4 10 4 0 0 1 0 0 1 1 1 4 0 3 1 3 0 4 1 4 4 0 6 1 6 0 7 1 7 4 0 9 1 9 0 10 1 10 4 7 0 8 0 7 1 8 1 4 7 3 8 3 7 4 8 4 4 7 6 8 6 7 7 8 7 4 7 9 8 9 7 10 8 10 4 10 0 11 0 10 1 11 1 4 10 3 11 3 10 4 11 4 4 10 6 11 6 10 7 11 7 4 10 9 11 9 10 10 11 10 4 4 0 5 0 4 1 5 1 4 4 3 5 3 4 4 5 4 4 4 6 5 6 4 7 5 7 4 4 9 5 9 4 10 5 10 4 1 0 2 0 1 1 2 1 4 1 3 2 3 1 4 2 4 4 1 6 2 6 1 7 2 0 0 
Chip#1
103 104 97 109 103 108 136 116 104 134 135 127 0 0 192 73 66
106 107 100 111 109 133 463 367 164 575 440 125 1 0 0 0 0
99 110 97 109 106 131 427 348 175 562 420 113 2 0 0 0 0
100 105 97 105 104 106 216 172 106 175 143 105 3 0 0 0 0
109 106 102 112 112 171 789 657 151 481 407 113 4 0 0 0 0
109 113 103 114 117 138 515 420 138 388 334 114 5 0 0 0 0
100 103 98 105 106 115 213 188 109 185 166 110 6 0 0 0 0
105 111 100 114 114 165 968 883 193 929 790 122 7 0 0 0 0
105 109 99 109 113 133 665 598 150 647 562 115 8 0 0 0 0
99 105 102 108 108 110 218 203 109 168 148 107 9 0 0 0 0
106 113 105 116 115 157 769 740 162 372 330 114 10 0 0 0 0
103 105 97 108 106 121 511 453 123 244 221 15000 11 0 0 0 0
Chip#1
106 109 103 112 112 110 136 119 109 139 142 132 0 0 0 75 66
99 105 97 101 103 130 458 362 160 568 433 117 1 0 0 0 0
109 113 104 111 117 138 431 354 183 570 427 119 2 0 0 0 0
104 107 97 111 108 114 215 178 110 172 142 109 3 0 0 0 0
101 105 99 106 107 162 782 632 148 474 402 110 4 0 0 0 0
110 116 111 117 120 139 516 419 143 387 334 119 5 0 0 0 0
104 107 98 109 108 111 212 187 106 184 169 107 6 0 0 0 0
106 102 98 117 113 163 964 880 189 903 785 117 7 0 0 0 0
105 108 103 112 116 133 665 600 148 643 560 111 8 0 0 0 0
114 114 105 113 120 117 223 207 113 174 152 114 9 0 0 0 0
106 108 100 110 117 153 767 737 159 368 326 117 10 0 0 0 0
105 107 98 105 106 121 508 454 120 245 220 15000 11 0 0 0 0
Chip#1
98 99 97 103 101 104 134 113 104 134 131 120 0 0 192 75 66
103 108 99 109 108 135 460 363 167 577 438 121 1 0 0 0 0
105 107 98 110 108 131 425 347 178 562 422 107 2 0 0 0 0
103 109 100 108 112 108 215 174 111 177 143 107 3 0 0 0 0
109 111 103 111 113 166 779 633 151 474 408 114 4 0 0 0 0
108 113 102 113 112 133 513 414 137 383 331 107 5 0 0 0 0
110 110 107 113 116 118 216 194 118 188 175 110 6 0 0 0 0
103 108 100 113 120 163 957 877 190 903 785 119 7 0 0 0 0
108 109 104 114 114 134 662 593 147 641 561 113 8 0 0 0 0
105 115 102 112 109 108 221 205 114 173 152 110 9 0 0 0 0
106 105 99 108 106 151 765 732 159 366 324 110 10 0 0 0 0
108 108 100 109 109 126 513 456 125 247 223 15000 11 0 0 0 0
Chip#1
100 100 97 106 104 100 135 112 103 129 135 121 0 0 64 76 66
110 110 104 113 114 138 460 369 171 579 443 127 1 0 0 0 0
105 108 97 106 104 123 422 345 173 558 417 107 2 0 0 0 0
106 113 100 112 114 112 221 182 113 182 148 113 3 0 0 0 0
108 116 103 114 117 171 781 657 150 476 407 115 4 0 0 0 0
109 111 104 112 117 134 511 410 139 379 329 110 5 0 0 0 0
109 110 105 116 118 121 222 195 118 191 172 111 6 0 0 0 0
96 104 97 111 107 151 949 867 182 893 773 114 7 0 0 0 0
105 108 99 111 111 127 659 593 147 638 560 110 8 0 0 0 0
98 100 97 101 103 104 209 195 108 167 142 100 9 0 0 0 0
105 108 97 109 108 146 758 727 159 366 322 111 10 0 0 0 0
98 102 97 104 103 112 502 445 115 239 217 15000 11 0 0 0 0
Chip#1
109 109 104 110 111 108 141 119 113 138 139 128 0 0 128 76 66
106 113 99 108 109 134 459 367 167 573 435 125 1 0 0 0 0
100 107 97 106 108 129 421 345 171 554 413 108 2 0 0 0 0
104 111 103 110 108 110 218 179 109 176 145 109 3 0 0 0 0
99 109 100 106 107 161 772 626 150 469 400 110 4 0 0 0 0
108 113 103 109 117 134 509 413 137 381 329 113 5 0 0 0 0
99 108 99 106 106 110 212 188 109 183 168 105 6 0 0 0 0
98 102 97 106 112 158 943 864 184 891 772 111 7 0 0 0 0
99 104 98 108 107 126 649 587 147 637 554 105 8 0 0 0 0
101 102 99 106 104 106 211 197 109 165 145 104 9 0 0 0 0
103 106 98 109 108 147 755 727 155 369 319 109 10 0 0 0 0
101 108 99 108 109 122 506 449 121 244 223 15000 11 0 0 0 0
Chip#1
94 97 97 100 94 100 134 107 97 129 128 116 0 0 128 76 66
99 105 97 105 106 127 458 361 164 566 432 120 1 0 0 0 0
100 104 97 101 107 126 422 343 175 553 414 103 2 0 0 0 0
109 109 105 110 113 112 215 180 114 179 148 111 3 0 0 0 0
101 104 99 105 108 167 775 629 147 468 397 110 4 0 0 0 0
110 114 104 114 120 141 513 413 139 387 331 114 5 0 0 0 0
100 103 98 104 108 110 209 184 108 184 163 102 6 0 0 0 0
109 115 103 118 123 165 950 869 194 899 779 125 7 0 0 0 0
106 109 105 116 117 134 653 588 141 637 557 114 8 0 0 0 0
108 111 105 110 111 111 221 205 113 168 149 111 9 0 0 0 0
106 107 102 109 108 151 757 725 161 368 322 115 10 0 0 0 0
99 105 98 103 106 121 497 445 116 241 216 15000 11 0 0 0 0
Chip#1
103 103 97 103 104 102 134 114 105 132 133 120 0 0 128 76 66
103 109 97 106 108 131 462 363 168 566 433 125 1 0 0 0 0
106 109 99 108 108 131 422 347 176 556 417 110 2 0 0 0 0
104 107 100 106 112 102 211 173 109 173 146 109 3 0 0 0 0
104 107 97 106 111 162 777 629 150 471 398 111 4 0 0 0 0
100 103 97 101 113 129 504 406 130 373 324 104 5 0 0 0 0
100 103 102 105 112 115 213 187 115 183 166 107 6 0 0 0 0
114 113 103 117 122 165 946 868 191 899 780 124 7 0 0 0 0
108 107 102 110 112 127 652 586 141 638 557 113 8 0 0 0 0
98 102 97 103 108 100 212 191 100 165 142 104 9 0 0 0 0
96 104 97 103 106 139 745 716 153 361 319 107 10 0 0 0 0
101 105 97 105 112 119 500 444 119 239 217 15000 11 0 0 0 0
Chip#1
95 103 97 104 101 103 150 107 100 123 131 116 0 0 192 76 66
101 107 100 109 109 137 456 364 166 566 432 122 1 0 0 0 0
103 105 97 108 108 133 421 342 171 557 410 110 2 0 0 0 0
101 108 96 103 106 106 209 166 108 172 142 103 3 0 0 0 0
109 113 103 113 116 167 777 631 151 473 408 114 4 0 0 0 0
103 108 98 109 108 133 508 407 130 379 325 103 5 0 0 0 0
100 104 97 105 110 112 207 185 105 184 168 103 6 0 0 0 0
114 114 108 121 126 169 946 870 197 902 784 130 7 0 0 0 0
109 109 98 113 116 131 646 583 150 633 555 109 8 0 0 0 0
101 107 95 108 106 110 211 193 108 167 148 103 9 0 0 0 0
101 107 99 105 111 153 746 716 159 366 321 113 10 0 0 0 0
98 104 93 105 102 115 492 440 116 243 214 15000 11 0 0 0 0
Chip#1
103 109 102 108 108 111 134 118 109 134 137 124 0 0 192 76 66
109 109 103 109 108 133 456 358 165 565 430 121 1 0 0 0 0
111 113 104 112 113 137 429 350 181 562 420 119 2 0 0 0 0
104 109 103 106 113 110 212 175 110 172 146 108 3 0 0 0 0
106 111 103 109 113 167 775 632 150 471 402 113 4 0 0 0 0
108 109 100 109 115 131 509 410 135 383 329 105 5 0 0 0 0
98 105 96 103 110 110 207 182 108 183 163 108 6 0 0 0 0
103 105 97 110 117 159 934 857 184 893 772 115 7 0 0 0 0
105 110 99 113 115 131 648 583 149 638 556 114 8 0 0 0 0
103 107 97 104 109 111 212 194 108 167 146 105 9 0 0 0 0
108 108 99 113 116 157 750 718 161 369 326 114 10 0 0 0 0
103 102 97 103 108 123 495 438 119 240 216 15000 11 0 0 0 0
Chip#1
106 106 103 109 112 108 150 116 106 134 136 127 0 0 192 76 66
101 104 98 109 106 131 453 360 166 565 429 122 1 0 0 0 0
113 116 107 114 118 142 428 354 185 562 424 116 2 0 0 0 0
99 104 97 105 108 106 209 170 106 171 142 104 3 0 0 0 0
115 115 103 116 117 167 781 636 151 475 404 115 4 0 0 0 0
103 105 97 106 109 127 502 403 125 375 322 103 5 0 0 0 0
106 109 104 113 114 119 216 188 114 187 170 108 6 0 0 0 0
106 109 102 112 118 161 937 856 187 892 773 120 7 0 0 0 0
100 105 99 108 107 125 646 578 142 631 547 107 8 0 0 0 0
108 109 105 111 111 114 214 200 111 169 147 109 9 0 0 0 0
103 108 100 108 110 150 744 711 158 364 322 109 10 0 0 0 0
106 109 100 109 111 123 497 447 124 243 220 15000 11 0 0 0 0
Chip#1
99 103 99 105 107 106 134 110 100 129 137 124 0 0 0 80 66
103 105 97 108 107 131 452 354 161 559 428 121 1 0 0 0 0
100 104 103 105 107 129 419 341 175 549 412 108 2 0 0 0 0
103 104 100 103 106 108 211 169 109 172 136 104 3 0 0 0 0
100 107 97 106 107 165 763 611 145 458 392 105 4 0 0 0 0
109 111 102 108 113 133 500 403 131 373 322 110 5 0 0 0 0
99 102 99 101 103 110 206 180 106 182 165 100 6 0 0 0 0
104 107 102 111 114 159 925 842 182 880 762 120 7 0 0 0 0
104 104 100 105 108 126 668 571 140 622 545 109 8 0 0 0 0
106 108 103 109 111 115 213 198 110 169 152 111 9 0 0 0 0
103 109 98 108 112 147 733 704 153 356 316 113 10 0 0 0 0
109 109 103 110 115 127 498 442 125 241 223 15000 11 0 0 0 0
Chip#1
104 117 104 110 111 114 140 120 111 138 141 128 0 0 64 80 66
101 107 99 105 108 134 451 357 161 558 425 119 1 0 0 0 0
104 108 99 105 107 130 420 338 173 549 410 108 2 0 0 0 0
105 109 102 110 108 108 213 173 113 175 145 109 3 0 0 0 0
106 113 104 110 117 167 768 621 151 465 394 114 4 0 0 0 0
101 109 98 106 117 137 501 401 135 372 320 109 5 0 0 0 0
104 109 102 108 112 111 212 184 113 182 169 108 6 0 0 0 0
104 109 100 116 121 163 930 849 187 877 761 125 7 0 0 0 0
106 111 102 117 117 129 673 580 145 631 550 113 8 0 0 0 0
98 104 100 101 103 103 203 191 105 161 142 103 9 0 0 0 0
103 107 100 105 112 151 735 704 152 350 311 111 10 0 0 0 0
109 114 108 116 117 130 496 446 124 241 223 15000 11 0 0 0 0
Chip#1
104 104 102 103 107 107 134 110 104 130 131 121 0 0 64 80 66
104 105 99 105 107 134 450 354 160 561 424 119 1 0 0 0 0
100 104 97 105 103 129 414 336 167 545 409 105 2 0 0 0 0
99 102 97 97 103 104 206 165 100 166 135 98 3 0 0 0 0
111 109 104 111 120 167 765 618 141 461 394 111 4 0 0 0 0
104 107 100 106 111 130 498 403 132 370 319 108 5 0 0 0 0
101 107 102 106 117 110 210 185 106 183 168 108 6 0 0 0 0
103 105 97 106 114 155 917 839 181 874 754 117 7 0 0 0 0
104 107 100 110 113 129 660 571 150 627 545 109 8 0 0 0 0
113 108 103 109 117 112 216 203 113 167 148 111 9 0 0 0 0
109 110 105 111 111 153 737 704 160 354 314 114 10 0 0 0 0
113 111 111 114 114 126 500 443 128 244 224 15000 11 0 0 0 0
Chip#1
101 105 100 104 107 102 134 116 103 130 136 122 0 0 64 80 66
96 107 97 103 99 125 450 355 159 557 424 119 1 0 0 0 0
103 105 97 104 104 129 419 338 173 551 410 111 2 0 0 0 0
103 104 98 103 107 107 209 168 104 169 139 107 3 0 0 0 0
103 105 98 105 111 167 762 616 150 460 388 111 4 0 0 0 0
105 110 99 106 114 131 501 403 131 371 321 113 5 0 0 0 0
96 102 99 104 104 110 207 179 106 181 165 104 6 0 0 0 0
99 105 99 109 112 154 926 844 182 876 754 114 7 0 0 0 0
99 103 98 106 109 125 669 571 150 622 545 105 8 0 0 0 0
95 102 97 101 102 104 206 188 104 160 137 99 9 0 0 0 0
109 110 103 110 114 154 737 709 159 360 315 115 10 0 0 0 0
108 114 104 109 115 126 495 440 126 243 222 15000 11 0 0 0 0
Chip#1
101 103 98 108 106 106 134 114 105 133 135 119 0 0 64 80 66
109 114 105 111 114 141 457 362 170 568 434 127 1 0 0 0 0
100 105 99 104 106 129 415 336 175 549 412 107 2 0 0 0 0
96 99 97 105 101 104 206 166 103 166 140 98 3 0 0 0 0
103 109 102 110 110 163 764 619 147 459 393 115 4 0 0 0 0
111 114 108 116 129 141 509 411 150 378 324 114 5 0 0 0 0
101 105 100 111 109 114 211 186 111 183 169 108 6 0 0 0 0
103 108 99 117 116 165 925 845 189 877 763 120 7 0 0 0 0
105 111 103 114 112 130 668 576 151 627 549 110 8 0 0 0 0
105 108 103 113 113 116 213 198 111 167 148 109 9 0 0 0 0
104 108 104 111 111 150 739 704 157 354 316 111 10 0 0 0 0
109 113 103 113 115 131 498 439 126 244 217 15000 11 0 0 0 0
Chip#1
104 105 107 111 110 110 135 122 109 140 135 126 0 0 64 80 66
108 105 102 111 112 133 454 360 166 561 428 119 1 0 0 0 0
99 104 98 105 108 129 415 342 173 550 409 109 2 0 0 0 0
95 101 96 105 102 104 205 166 108 167 140 104 3 0 0 0 0
114 114 104 113 120 170 767 624 153 466 397 114 4 0 0 0 0
103 103 98 108 110 130 500 401 134 372 320 103 5 0 0 0 0
99 101 97 97 103 104 199 179 105 175 162 100 6 0 0 0 0
105 110 105 117 117 166 929 847 188 881 759 121 7 0 0 0 0
106 111 108 117 122 138 648 580 152 632 550 115 8 0 0 0 0
106 113 104 108 120 115 215 197 118 169 151 115 9 0 0 0 0
105 111 107 112 116 151 739 704 161 354 317 115 10 0 0 0 0
108 113 104 111 112 126 496 439 124 240 221 15000 11 0 0 0 0
Chip#1
98 103 97 105 103 102 134 108 105 128 134 125 0 0 64 80 66
95 103 94 106 106 129 445 353 161 553 423 117 1 0 0 0 0
103 108 104 109 110 131 420 340 177 551 413 114 2 0 0 0 0
108 107 104 112 111 112 210 173 109 173 146 105 3 0 0 0 0
111 116 109 117 120 173 767 625 152 466 399 117 4 0 0 0 0
106 116 108 113 122 137 508 407 139 379 327 115 5 0 0 0 0
101 104 99 105 113 111 207 179 113 181 166 104 6 0 0 0 0
104 109 102 113 129 159 923 842 185 874 756 120 7 0 0 0 0
103 107 104 111 110 126 666 573 147 623 546 108 8 0 0 0 0
105 109 100 109 110 110 210 195 110 163 147 108 9 0 0 0 0
108 114 109 111 114 157 736 706 161 356 317 117 10 0 0 0 0
106 109 102 111 112 126 494 440 123 240 215 15000 11 0 0 0 0
