Chipdp
65 100 200 4 4 6 9 7 3 7 4 7 5 8 3 8 4 8 5 9 3 9 4 9 5 9 7 7 7 8 7 9 8 7 8 8 8 9 9 7 9 8 9 9 9 3 3 3 4 3 5 4 3 4 4 4 5 5 3 5 4 5 5 9 3 7 3 8 3 9 4 7 4 8 4 9 5 7 5 8 5 9 9 7 3 7 4 7 5 8 3 8 4 8 5 9 3 9 4 9 5 9 7 7 7 8 7 9 8 7 8 8 8 9 9 7 9 8 9 9 9 3 3 3 4 3 5 4 3 4 4 4 5 5 3 5 4 5 5 9 3 7 3 8 3 9 4 7 4 8 4 9 5 7 5 8 5 9 9 4 2 4 3 4 4 6 2 6 3 6 4 5 2 5 3 5 4 9 4 7 4 8 4 9 5 7 5 8 5 9 6 7 6 8 6 9 9 8 2 8 3 8 4 9 2 9 3 9 4 10 2 10 3 10 4 9 8 7 8 8 8 9 9 7 9 8 9 9 10 7 10 8 10 9 9 4 3 4 4 4 5 5 3 5 4 5 5 6 3 6 4 6 5 9 4 7 4 8 4 9 5 7 5 8 5 9 6 7 6 8 6 9 9 8 3 8 4 8 5 9 3 9 4 9 5 10 3 10 4 10 5 9 8 7 8 8 8 9 9 7 9 8 9 9 10 7 10 8 10 9 
Chip#1
106 96 100 98 99 101 102 102 99 102 99 99 0 0 192 112 66
111 108 111 107 108 110 106 107 110 106 111 107 1 0 0 0 0
102 106 103 104 106 109 108 106 106 106 102 98 2 0 0 0 0
103 99 117 547 181 104 103 262 277 106 98 99 3 0 0 0 0
103 97 104 319 103 103 103 200 223 100 102 99 4 0 0 0 0
98 93 98 97 99 94 96 93 92 95 91 88 5 0 0 0 0
104 96 98 102 101 100 105 101 98 97 98 93 6 0 0 0 0
106 98 102 225 137 101 101 185 242 100 102 97 7 0 0 0 0
106 98 109 378 228 101 100 447 327 102 102 101 8 0 0 0 0
106 98 104 110 102 101 107 115 110 103 99 98 9 0 0 0 0
116 105 106 108 105 108 107 106 109 104 106 102 10 0 0 0 0
103 92 95 97 96 98 98 96 91 93 101 15000 11 0 0 0 0
Chip#1
103 96 102 104 95 100 105 97 103 96 99 102 0 0 192 115 66
108 108 104 102 105 106 108 105 103 100 103 97 1 0 0 0 0
120 108 113 118 116 113 119 115 114 114 117 111 2 0 0 0 0
103 97 114 533 179 104 102 255 270 100 102 101 3 0 0 0 0
104 101 108 317 106 100 107 197 227 102 106 99 4 0 0 0 0
101 96 102 98 97 97 101 101 99 98 101 97 5 0 0 0 0
97 96 93 98 101 95 97 96 95 96 98 99 6 0 0 0 0
104 99 102 222 141 101 103 187 244 97 101 98 7 0 0 0 0
102 96 111 373 223 104 106 440 324 104 102 102 8 0 0 0 0
102 99 107 104 97 98 105 111 107 100 97 99 9 0 0 0 0
106 97 101 95 95 94 100 97 98 95 90 97 10 0 0 0 0
111 102 102 101 99 105 105 103 102 104 102 15000 11 0 0 0 0
Chip#1
111 103 103 103 102 101 102 105 102 101 107 103 0 0 0 120 66
108 96 101 101 101 99 103 103 103 102 105 101 1 0 0 0 0
106 101 104 103 101 105 106 105 107 102 106 97 2 0 0 0 0
103 94 112 533 175 95 100 247 268 95 95 97 3 0 0 0 0
99 92 101 309 103 95 101 192 217 98 99 92 4 0 0 0 0
108 103 107 107 109 103 108 107 107 101 101 101 5 0 0 0 0
114 106 107 107 107 108 114 107 106 112 110 104 6 0 0 0 0
103 93 103 217 131 99 105 185 242 98 103 94 7 0 0 0 0
102 97 108 374 222 95 101 434 321 100 95 98 8 0 0 0 0
103 101 97 106 99 99 97 106 109 93 95 95 9 0 0 0 0
108 99 103 104 107 103 109 106 106 106 99 99 10 0 0 0 0
107 97 93 92 94 92 96 95 91 91 95 15000 11 0 0 0 0
Chip#1
104 105 103 103 102 99 102 105 106 98 101 101 0 0 0 122 66
104 98 97 97 96 97 96 92 95 96 95 94 1 0 0 0 0
111 105 112 112 102 104 107 110 107 104 105 104 2 0 0 0 0
111 108 120 537 182 104 102 259 285 106 102 102 3 0 0 0 0
112 108 113 321 111 106 112 199 227 107 105 106 4 0 0 0 0
107 101 108 104 101 103 106 107 105 104 101 102 5 0 0 0 0
114 101 109 107 101 108 107 108 103 106 105 103 6 0 0 0 0
108 102 112 230 139 103 107 188 243 104 107 102 7 0 0 0 0
110 97 116 372 223 104 103 440 326 103 99 99 8 0 0 0 0
107 102 103 103 100 98 101 107 113 95 98 96 9 0 0 0 0
111 105 106 101 105 106 110 105 107 103 106 104 10 0 0 0 0
114 102 103 103 102 105 110 107 101 104 103 15000 11 0 0 0 0
Chip#1
107 96 104 99 97 100 105 101 102 98 98 102 0 0 64 123 66
104 96 99 96 101 99 100 96 98 95 93 98 1 0 0 0 0
108 98 102 103 99 101 101 103 101 102 101 98 2 0 0 0 0
103 96 114 524 170 99 98 249 270 96 98 95 3 0 0 0 0
108 105 112 315 113 106 107 204 228 104 107 106 4 0 0 0 0
107 99 104 102 108 106 106 107 107 100 103 103 5 0 0 0 0
102 99 97 99 99 99 103 103 103 96 97 95 6 0 0 0 0
112 107 112 227 146 110 111 197 246 106 107 109 7 0 0 0 0
103 99 109 365 220 104 103 433 318 100 98 96 8 0 0 0 0
104 96 106 102 103 104 107 112 114 100 103 95 9 0 0 0 0
107 102 107 103 107 104 110 103 107 102 105 102 10 0 0 0 0
106 96 99 98 99 100 103 106 99 101 102 15000 11 0 0 0 0
Chip#1
104 96 103 98 97 95 102 93 94 96 98 98 0 0 192 125 66
111 108 103 103 103 104 102 102 107 107 106 104 1 0 0 0 0
101 102 106 103 100 101 100 103 102 102 99 97 2 0 0 0 0
103 102 113 524 175 105 102 258 272 104 102 101 3 0 0 0 0
94 96 101 304 103 94 100 188 214 95 98 96 4 0 0 0 0
107 108 112 109 112 105 112 110 111 106 110 106 5 0 0 0 0
107 99 108 104 107 106 105 102 106 101 105 102 6 0 0 0 0
106 102 106 223 137 103 105 184 244 106 103 99 7 0 0 0 0
106 94 113 367 221 101 106 427 319 100 102 96 8 0 0 0 0
110 98 106 110 103 104 101 113 113 102 98 99 9 0 0 0 0
111 108 111 106 108 109 106 107 106 103 107 106 10 0 0 0 0
111 102 106 102 108 103 102 102 105 103 103 15000 11 0 0 0 0
Chip#1
108 102 107 106 108 99 100 100 110 106 107 104 0 0 128 127 66
108 98 101 104 101 104 100 102 99 103 99 98 1 0 0 0 0
104 102 106 102 102 101 107 107 105 108 103 95 2 0 0 0 0
112 108 127 531 186 113 111 263 281 113 106 108 3 0 0 0 0
110 105 112 315 113 105 110 200 227 108 109 104 4 0 0 0 0
110 108 109 104 108 105 106 103 110 106 107 101 5 0 0 0 0
108 105 109 106 101 104 107 106 109 107 106 99 6 0 0 0 0
103 102 106 212 135 104 103 186 243 101 102 97 7 0 0 0 0
111 108 114 371 227 108 111 436 326 109 110 103 8 0 0 0 0
107 102 104 109 107 104 106 112 115 106 106 101 9 0 0 0 0
114 106 111 113 108 106 108 110 109 107 109 103 10 0 0 0 0
111 106 108 103 109 99 101 102 101 104 101 15000 11 0 0 0 0
Chip#1
111 101 108 99 101 97 107 101 107 104 107 103 0 0 160 128 66
107 99 102 101 101 104 105 103 102 101 99 99 1 0 0 0 0
95 92 93 91 95 88 92 93 91 88 90 86 2 0 0 0 0
111 99 120 531 182 105 108 259 274 107 102 102 3 0 0 0 0
103 101 103 312 108 103 103 198 222 106 105 99 4 0 0 0 0
104 99 101 99 102 103 107 103 105 102 95 98 5 0 0 0 0
111 106 107 108 108 106 112 106 109 107 110 102 6 0 0 0 0
114 106 113 222 142 113 112 195 249 114 111 109 7 0 0 0 0
104 105 111 361 220 101 102 427 317 107 102 97 8 0 0 0 0
108 106 109 113 106 109 106 115 119 106 105 102 9 0 0 0 0
106 97 99 101 102 98 103 100 107 103 101 101 10 0 0 0 0
112 102 104 98 102 100 107 106 99 98 102 15000 11 0 0 0 0
Chip#1
107 94 98 95 95 97 101 88 94 97 99 95 0 0 160 129 66
111 108 107 106 108 106 111 108 106 107 107 103 1 0 0 0 0
104 103 104 103 102 103 107 103 106 103 101 102 2 0 0 0 0
108 106 118 521 181 110 106 254 268 106 106 106 3 0 0 0 0
102 101 104 307 105 99 103 195 218 106 99 98 4 0 0 0 0
100 108 100 98 105 100 101 101 96 97 98 92 5 0 0 0 0
107 93 100 97 101 103 105 103 99 106 105 101 6 0 0 0 0
106 99 106 222 132 101 101 184 237 102 97 102 7 0 0 0 0
106 99 114 363 216 105 105 425 317 103 99 98 8 0 0 0 0
102 103 104 108 102 101 103 111 113 100 97 97 9 0 0 0 0
112 108 109 109 107 109 110 107 109 103 103 101 10 0 0 0 0
116 108 113 109 113 109 114 111 114 113 111 15000 11 0 0 0 0
Chip#1
107 108 106 106 102 103 105 99 106 106 102 99 0 0 64 130 66
108 98 99 97 102 106 100 100 103 96 97 98 1 0 0 0 0
102 98 102 101 105 99 101 100 105 100 98 99 2 0 0 0 0
107 99 111 515 175 97 102 246 264 97 99 93 3 0 0 0 0
102 94 99 301 105 93 101 188 212 98 99 93 4 0 0 0 0
101 96 98 92 99 93 93 93 98 93 90 90 5 0 0 0 0
106 102 103 99 103 106 106 102 109 103 102 104 6 0 0 0 0
97 93 99 207 129 90 100 178 229 92 97 90 7 0 0 0 0
106 98 107 358 217 99 102 423 318 101 101 97 8 0 0 0 0
107 108 106 109 107 103 107 115 113 100 102 96 9 0 0 0 0
103 108 104 104 103 98 102 101 105 101 105 101 10 0 0 0 0
112 101 108 102 101 101 102 97 98 102 102 15000 11 0 0 0 0
Chip#1
112 107 108 108 106 103 106 106 103 106 107 103 0 0 96 131 66
107 102 103 103 105 98 106 103 107 103 102 99 1 0 0 0 0
100 98 99 106 103 101 101 102 103 106 99 99 2 0 0 0 0
103 99 116 517 176 100 101 249 267 100 97 96 3 0 0 0 0
102 99 107 308 108 104 105 197 222 102 101 99 4 0 0 0 0
99 96 99 99 101 99 100 100 101 97 97 95 5 0 0 0 0
102 97 97 96 101 100 102 101 105 100 95 99 6 0 0 0 0
107 102 108 220 142 104 107 187 238 103 103 102 7 0 0 0 0
106 98 107 358 218 100 105 422 316 100 101 101 8 0 0 0 0
108 103 106 108 107 105 106 116 114 101 101 98 9 0 0 0 0
104 99 104 104 102 101 103 98 101 102 98 97 10 0 0 0 0
106 99 101 96 99 98 100 96 98 97 98 15000 11 0 0 0 0
Chip#1
104 108 104 99 101 100 108 101 103 101 106 103 0 0 0 132 66
107 98 101 97 96 99 100 100 99 96 98 96 1 0 0 0 0
107 99 99 102 100 104 105 102 105 100 101 102 2 0 0 0 0
107 99 121 512 174 101 103 249 267 104 103 99 3 0 0 0 0
112 108 112 309 113 105 110 198 222 108 107 103 4 0 0 0 0
107 102 104 101 101 99 105 103 105 100 101 97 5 0 0 0 0
108 107 111 106 103 105 107 107 111 106 106 103 6 0 0 0 0
111 106 112 221 136 106 109 188 242 106 105 101 7 0 0 0 0
110 103 116 362 222 105 107 429 320 109 107 103 8 0 0 0 0
107 103 106 108 107 105 107 108 114 103 103 96 9 0 0 0 0
106 102 104 99 101 101 106 100 101 101 103 98 10 0 0 0 0
111 97 101 96 95 97 95 97 98 98 98 15000 11 0 0 0 0
Chip#1
114 107 106 106 105 105 107 103 107 104 109 101 0 0 224 132 66
106 105 102 103 103 100 98 101 103 101 98 102 1 0 0 0 0
103 102 98 101 99 99 102 100 103 100 99 98 2 0 0 0 0
104 97 112 510 171 99 97 242 259 96 93 93 3 0 0 0 0
104 99 101 304 105 101 101 189 215 101 98 96 4 0 0 0 0
108 98 106 103 103 103 105 105 103 97 99 99 5 0 0 0 0
108 103 103 104 103 101 101 107 107 102 103 99 6 0 0 0 0
101 102 103 217 135 106 103 187 236 100 99 101 7 0 0 0 0
106 99 109 356 216 100 103 416 314 101 97 99 8 0 0 0 0
108 106 108 112 109 103 103 115 118 100 101 99 9 0 0 0 0
102 101 98 104 97 104 106 101 98 96 97 98 10 0 0 0 0
114 101 107 102 103 103 103 103 105 102 105 15000 11 0 0 0 0
Chip#1
115 103 106 103 105 105 105 107 106 102 109 106 0 0 128 133 66
106 101 103 101 108 99 105 100 99 98 102 99 1 0 0 0 0
111 102 106 104 107 97 101 102 106 102 99 97 2 0 0 0 0
101 98 109 507 171 94 98 245 260 96 98 99 3 0 0 0 0
98 105 107 302 112 103 103 192 218 103 102 97 4 0 0 0 0
107 102 102 106 109 106 107 106 106 104 101 102 5 0 0 0 0
106 102 108 104 103 104 106 103 103 103 103 101 6 0 0 0 0
102 96 101 211 130 100 97 181 232 98 99 97 7 0 0 0 0
103 97 106 351 215 100 102 412 307 98 105 93 8 0 0 0 0
102 96 99 104 101 98 101 110 111 100 95 96 9 0 0 0 0
106 103 103 101 106 103 106 100 102 97 101 101 10 0 0 0 0
110 97 101 101 96 93 103 97 95 97 97 15000 11 0 0 0 0
Chip#1
112 102 111 102 103 104 106 102 107 102 103 107 0 0 96 134 66
106 97 101 93 101 97 100 96 99 97 97 97 1 0 0 0 0
104 94 98 101 96 101 102 102 103 93 98 95 2 0 0 0 0
112 103 123 511 181 106 110 253 272 104 106 101 3 0 0 0 0
104 108 106 302 109 100 106 197 217 100 98 103 4 0 0 0 0
99 93 99 97 99 97 101 100 97 95 94 98 5 0 0 0 0
104 102 101 101 103 100 106 101 103 101 101 102 6 0 0 0 0
108 99 104 216 136 99 105 181 237 102 99 99 7 0 0 0 0
107 102 109 356 212 101 101 418 312 103 98 98 8 0 0 0 0
107 101 102 109 102 100 106 112 111 103 99 99 9 0 0 0 0
99 97 100 95 95 93 98 101 92 92 95 98 10 0 0 0 0
108 99 106 103 100 98 107 101 105 102 98 15000 11 0 0 0 0
Chip#1
110 105 106 104 105 104 107 105 106 101 107 104 0 0 224 134 66
111 108 108 108 107 104 108 107 107 101 106 106 1 0 0 0 0
106 103 106 102 103 101 105 103 105 104 102 101 2 0 0 0 0
102 99 111 506 171 99 105 248 264 100 101 98 3 0 0 0 0
103 96 104 300 103 97 102 194 217 96 102 98 4 0 0 0 0
114 102 107 106 106 99 112 111 106 101 107 107 5 0 0 0 0
104 101 109 106 106 105 106 106 107 102 105 102 6 0 0 0 0
102 97 104 214 132 101 102 185 233 95 101 97 7 0 0 0 0
103 98 107 349 211 98 103 413 309 103 97 97 8 0 0 0 0
111 103 108 112 109 104 110 117 115 101 103 104 9 0 0 0 0
106 96 103 101 101 100 105 102 101 97 102 101 10 0 0 0 0
107 96 103 101 101 104 103 103 103 101 103 15000 11 0 0 0 0
Chip#1
110 108 111 109 108 104 110 107 111 106 109 109 0 0 64 135 66
103 98 104 104 100 100 101 105 105 96 99 99 1 0 0 0 0
104 99 106 104 102 109 107 107 103 107 101 103 2 0 0 0 0
111 106 121 515 177 108 102 253 265 106 102 103 3 0 0 0 0
100 93 108 304 105 97 102 186 217 100 103 99 4 0 0 0 0
104 98 103 99 99 99 100 101 101 100 95 101 5 0 0 0 0
104 99 102 102 101 100 102 102 105 101 102 98 6 0 0 0 0
103 94 104 215 128 101 101 182 233 96 98 93 7 0 0 0 0
102 94 107 350 214 94 95 396 309 98 94 99 8 0 0 0 0
98 97 97 101 106 100 97 110 109 93 98 97 9 0 0 0 0
111 99 102 109 103 104 102 102 103 97 103 106 10 0 0 0 0
112 97 106 99 103 100 102 103 103 98 105 15000 11 0 0 0 0
Chip#1
104 90 102 98 102 95 98 97 98 101 99 102 0 0 224 135 66
107 102 109 106 106 101 102 101 107 103 103 103 1 0 0 0 0
108 99 106 106 106 101 100 105 105 101 99 98 2 0 0 0 0
108 98 112 509 176 100 100 248 264 100 98 98 3 0 0 0 0
102 90 99 302 103 93 101 187 213 98 95 94 4 0 0 0 0
103 94 108 104 101 103 102 103 105 103 105 101 5 0 0 0 0
107 99 106 102 106 104 103 103 106 103 103 97 6 0 0 0 0
107 102 108 221 136 105 103 187 231 104 105 99 7 0 0 0 0
107 108 108 353 217 101 107 417 317 102 103 102 8 0 0 0 0
98 97 106 104 100 97 100 110 107 96 95 96 9 0 0 0 0
103 98 102 103 101 99 100 97 102 103 98 99 10 0 0 0 0
115 106 112 107 107 106 108 106 109 106 111 15000 11 0 0 0 0
Chip#1
111 102 116 107 105 108 108 107 111 107 109 108 0 0 160 136 66
111 103 111 103 105 104 107 101 110 107 110 102 1 0 0 0 0
110 102 106 108 102 105 107 108 107 103 102 102 2 0 0 0 0
103 97 113 496 170 97 97 239 257 95 97 97 3 0 0 0 0
112 101 112 302 109 101 105 193 218 103 103 103 4 0 0 0 0
102 97 104 103 103 100 103 103 103 104 98 98 5 0 0 0 0
104 102 108 106 103 100 101 101 106 102 98 98 6 0 0 0 0
102 101 106 215 128 104 102 182 233 106 101 99 7 0 0 0 0
108 101 117 353 218 106 106 417 310 108 106 102 8 0 0 0 0
102 101 104 107 102 103 103 108 115 101 99 99 9 0 0 0 0
104 97 107 108 101 104 105 103 103 104 101 101 10 0 0 0 0
114 98 102 101 100 99 103 97 97 100 101 15000 11 0 0 0 0
Chip#1
112 103 106 103 106 99 108 103 106 103 99 104 0 0 128 137 66
111 101 106 101 105 103 101 106 107 103 103 98 1 0 0 0 0
101 97 98 95 96 94 100 97 99 101 91 94 2 0 0 0 0
112 107 121 509 174 108 108 249 265 106 106 107 3 0 0 0 0
97 97 97 292 97 90 96 184 210 97 94 93 4 0 0 0 0
98 97 99 93 92 95 96 97 95 98 93 96 5 0 0 0 0
110 96 102 96 100 94 102 95 98 101 101 93 6 0 0 0 0
107 99 109 216 135 103 106 186 232 98 101 99 7 0 0 0 0
101 99 109 342 212 100 102 415 309 103 97 97 8 0 0 0 0
97 93 101 101 96 95 98 105 103 95 94 91 9 0 0 0 0
107 97 104 101 100 100 106 98 98 98 102 103 10 0 0 0 0
110 101 106 103 101 99 103 101 101 107 102 15000 11 0 0 0 0
Chip#1
107 107 106 102 105 106 112 103 103 106 102 106 0 0 32 138 66
102 101 97 101 100 98 101 101 103 102 99 98 1 0 0 0 0
102 108 103 107 101 103 105 101 99 102 95 98 2 0 0 0 0
102 101 120 500 170 104 103 248 260 104 106 103 3 0 0 0 0
99 96 98 299 103 97 102 184 208 100 98 93 4 0 0 0 0
106 102 106 108 103 106 106 100 105 102 98 101 5 0 0 0 0
104 94 102 106 103 101 102 106 102 104 98 99 6 0 0 0 0
107 99 106 218 135 105 107 182 237 103 102 102 7 0 0 0 0
107 98 114 350 215 105 109 410 307 107 103 102 8 0 0 0 0
108 106 109 114 113 108 108 113 121 108 107 106 9 0 0 0 0
112 102 108 108 100 103 107 98 107 103 105 103 10 0 0 0 0
115 107 106 109 106 106 107 106 110 111 109 15000 11 0 0 0 0
Chip#1
106 98 108 106 97 99 102 101 98 104 99 102 0 0 160 138 66
114 105 107 108 106 106 108 111 113 103 103 104 1 0 0 0 0
108 103 107 108 100 101 111 105 111 104 99 101 2 0 0 0 0
107 101 117 495 169 101 103 241 260 102 102 101 3 0 0 0 0
107 101 104 301 108 103 107 192 217 102 103 103 4 0 0 0 0
108 99 103 103 103 108 107 102 106 106 99 102 5 0 0 0 0
106 101 103 101 103 101 105 103 102 102 102 99 6 0 0 0 0
108 108 106 215 137 108 107 184 238 107 107 102 7 0 0 0 0
103 97 104 345 210 100 100 406 304 101 99 95 8 0 0 0 0
107 103 104 110 101 101 102 111 119 102 99 99 9 0 0 0 0
112 105 112 106 100 105 103 106 105 101 102 106 10 0 0 0 0
106 108 99 99 99 97 97 98 96 98 99 15000 11 0 0 0 0
