Chip#1
99 106 102 104 101 101 102 102 101 97 106 101 0 0 0 83 66
102 107 123 130 103 122 143 108 107 129 114 107 1 0 0 0 0
97 96 265 326 100 298 502 116 209 446 145 96 2 0 0 0 0
102 106 147 168 104 169 248 109 150 267 123 109 3 0 0 0 0
109 112 109 112 108 114 112 107 112 105 116 110 4 0 0 0 0
102 107 110 112 100 107 114 108 171 263 119 102 5 0 0 0 0
103 109 110 112 105 109 111 105 150 238 118 104 6 0 0 0 0
104 107 107 107 104 109 114 109 107 100 108 107 7 0 0 0 0
103 105 111 112 103 107 111 104 106 99 107 105 8 0 0 0 0
98 105 106 106 103 109 108 101 104 95 103 102 9 0 0 0 0
98 104 100 102 96 101 100 100 99 93 101 96 10 0 0 0 0
99 101 100 99 96 101 99 103 98 93 102 15000 11 0 0 0 0
Chip#1
98 102 96 99 97 100 97 101 99 93 102 99 0 0 128 87 66
101 99 114 127 102 121 134 110 106 130 106 100 1 0 0 0 0
101 105 263 332 105 303 503 118 212 462 153 100 2 0 0 0 0
98 101 136 161 98 162 238 100 142 263 116 100 3 0 0 0 0
104 104 102 108 103 104 106 108 107 105 106 104 4 0 0 0 0
102 102 108 113 102 107 109 105 170 271 118 102 5 0 0 0 0
102 101 105 106 102 105 108 104 145 222 109 104 6 0 0 0 0
102 109 107 106 109 111 106 107 104 103 105 105 7 0 0 0 0
97 100 108 109 101 103 107 100 101 95 103 99 8 0 0 0 0
105 105 106 109 104 114 113 105 106 105 107 105 9 0 0 0 0
97 102 103 108 98 99 102 100 103 104 103 101 10 0 0 0 0
100 100 98 103 103 103 107 105 101 96 103 15000 11 0 0 0 0
Chip#1
106 109 99 106 108 110 107 105 108 99 108 107 0 0 128 91 66
106 104 116 129 107 112 138 107 106 129 102 102 1 0 0 0 0
95 101 263 321 103 298 490 116 209 446 153 94 2 0 0 0 0
108 110 139 169 105 169 261 111 149 266 124 105 3 0 0 0 0
102 105 99 106 105 103 107 103 106 107 107 107 4 0 0 0 0
101 102 105 112 103 109 116 104 168 263 119 102 5 0 0 0 0
99 101 106 108 107 107 109 108 145 222 111 100 6 0 0 0 0
101 104 104 106 105 104 102 101 108 101 102 99 7 0 0 0 0
97 105 106 110 100 106 111 105 100 97 102 102 8 0 0 0 0
101 104 103 106 102 105 109 109 101 100 102 100 9 0 0 0 0
91 95 92 95 91 92 97 95 97 89 96 92 10 0 0 0 0
101 104 96 102 102 99 104 103 102 99 101 15000 11 0 0 0 0
Chip#1
101 104 98 104 98 100 101 103 102 95 102 100 0 0 0 94 66
98 97 109 123 98 115 134 103 103 121 101 95 1 0 0 0 0
95 96 254 317 100 292 483 117 204 383 146 101 2 0 0 0 0
99 100 138 168 103 164 238 109 144 263 118 107 3 0 0 0 0
103 107 107 112 108 109 115 114 111 109 105 108 4 0 0 0 0
96 100 105 107 95 105 109 101 169 263 112 98 5 0 0 0 0
104 104 106 108 104 111 109 108 147 222 109 105 6 0 0 0 0
99 102 102 106 100 104 108 104 104 97 101 99 7 0 0 0 0
92 97 105 107 97 105 98 100 100 92 98 95 8 0 0 0 0
102 101 99 102 98 101 102 98 97 88 100 96 9 0 0 0 0
97 100 103 101 100 103 101 103 102 93 101 98 10 0 0 0 0
98 99 99 99 97 100 101 101 101 99 102 15000 11 0 0 0 0
Chip#1
105 105 104 104 101 104 106 108 108 99 102 104 0 0 64 96 66
99 100 110 125 102 114 131 101 107 122 105 99 1 0 0 0 0
101 106 265 323 105 293 486 126 211 462 153 102 2 0 0 0 0
93 101 134 159 100 160 233 102 147 263 111 104 3 0 0 0 0
105 105 107 109 104 106 111 108 111 109 109 110 4 0 0 0 0
101 101 108 106 101 105 111 109 168 263 109 100 5 0 0 0 0
103 104 107 114 104 105 112 108 149 222 109 104 6 0 0 0 0
104 104 105 112 107 104 111 107 108 104 106 104 7 0 0 0 0
102 105 110 110 110 112 106 105 107 95 97 99 8 0 0 0 0
99 104 104 108 103 108 112 104 103 100 105 100 9 0 0 0 0
98 96 97 96 91 95 98 94 98 92 97 93 10 0 0 0 0
105 102 100 101 98 104 102 104 103 100 103 15000 11 0 0 0 0
Chip#1
101 101 97 99 97 103 101 102 102 99 103 98 0 0 0 97 66
106 102 121 125 105 120 138 107 107 133 108 104 1 0 0 0 0
104 102 260 321 109 296 483 124 212 462 153 102 2 0 0 0 0
95 101 136 154 96 159 231 100 140 263 111 99 3 0 0 0 0
102 101 102 104 103 106 107 105 104 103 101 101 4 0 0 0 0
97 96 107 102 98 100 107 100 163 254 111 96 5 0 0 0 0
104 107 106 110 105 109 109 107 149 222 109 105 6 0 0 0 0
95 101 99 101 103 104 106 100 102 100 100 95 7 0 0 0 0
101 101 110 106 101 105 115 101 101 95 103 100 8 0 0 0 0
96 96 100 97 93 103 104 98 99 92 95 94 9 0 0 0 0
92 95 98 97 97 99 102 97 98 95 93 96 10 0 0 0 0
96 97 97 99 102 98 105 102 103 95 101 15000 11 0 0 0 0
Chip#1
108 109 107 107 107 106 106 108 109 104 105 106 0 0 192 97 66
96 96 110 125 100 108 132 102 102 118 100 98 1 0 0 0 0
98 101 256 317 102 287 478 118 209 446 145 96 2 0 0 0 0
103 104 139 161 104 165 234 111 147 263 116 101 3 0 0 0 0
92 97 98 101 101 100 101 96 101 95 97 94 4 0 0 0 0
97 105 109 108 105 106 117 107 168 254 114 101 5 0 0 0 0
91 100 98 96 96 99 104 100 139 206 102 94 6 0 0 0 0
104 101 104 104 103 103 106 100 108 96 94 98 7 0 0 0 0
104 109 116 116 109 111 114 109 106 105 108 108 8 0 0 0 0
98 106 105 109 98 105 109 104 107 93 97 100 9 0 0 0 0
92 101 95 97 98 99 98 98 100 91 92 92 10 0 0 0 0
95 96 91 97 95 94 94 96 94 87 95 15000 11 0 0 0 0
Chip#1
105 105 103 106 104 105 108 103 106 100 103 107 0 0 128 98 66
95 100 109 118 96 111 130 97 100 117 101 93 1 0 0 0 0
104 106 258 320 105 293 479 122 210 446 145 101 2 0 0 0 0
101 99 137 164 103 160 233 104 144 263 113 99 3 0 0 0 0
98 99 95 99 102 101 104 105 101 97 102 96 4 0 0 0 0
97 100 105 113 100 103 111 103 163 254 109 96 5 0 0 0 0
99 96 100 108 102 103 108 101 137 206 105 95 6 0 0 0 0
103 105 98 102 103 99 105 101 101 93 100 98 7 0 0 0 0
95 100 104 114 101 104 107 104 100 92 101 100 8 0 0 0 0
97 101 99 104 101 103 111 100 104 93 98 95 9 0 0 0 0
102 111 103 107 102 103 109 103 104 100 101 102 10 0 0 0 0
101 102 98 101 101 103 101 103 99 92 100 15000 11 0 0 0 0
Chip#1
97 94 95 101 97 98 101 103 103 88 96 100 0 0 64 99 66
98 99 110 119 98 108 131 102 102 114 105 96 1 0 0 0 0
95 99 253 316 101 286 477 116 204 446 153 101 2 0 0 0 0
105 104 136 161 102 166 236 110 143 263 118 104 3 0 0 0 0
99 100 97 99 101 101 102 100 102 103 102 100 4 0 0 0 0
103 114 110 110 108 111 115 110 170 263 116 101 5 0 0 0 0
99 99 107 112 105 104 106 107 148 222 107 100 6 0 0 0 0
104 104 102 104 104 101 111 104 109 96 101 100 7 0 0 0 0
99 99 105 108 101 105 107 102 103 100 100 96 8 0 0 0 0
99 97 100 101 100 106 105 101 103 97 97 96 9 0 0 0 0
104 106 104 107 104 109 106 104 106 107 102 104 10 0 0 0 0
93 92 94 93 96 94 97 96 96 89 96 15000 11 0 0 0 0
Chip#1
97 101 94 97 97 98 102 103 97 93 103 95 0 0 0 100 66
91 97 109 123 98 109 129 100 101 120 100 95 1 0 0 0 0
102 109 260 323 108 294 485 129 211 446 153 105 2 0 0 0 0
101 97 129 159 96 154 229 107 139 254 108 94 3 0 0 0 0
97 97 98 102 101 100 102 100 107 100 101 96 4 0 0 0 0
105 105 113 116 109 112 117 109 171 263 121 104 5 0 0 0 0
92 95 97 103 100 100 102 100 137 206 105 93 6 0 0 0 0
93 99 93 101 95 99 98 100 101 90 96 95 7 0 0 0 0
101 101 106 114 100 105 107 105 103 97 102 102 8 0 0 0 0
103 95 104 106 103 108 108 101 101 96 103 99 9 0 0 0 0
97 104 102 104 101 108 105 104 104 103 106 102 10 0 0 0 0
108 102 106 102 102 106 101 105 107 96 103 15000 11 0 0 0 0
Chip#1
104 102 97 103 97 103 104 107 103 93 102 98 0 0 192 100 66
103 104 117 127 103 115 137 107 111 129 106 104 1 0 0 0 0
98 100 253 315 102 287 477 118 205 390 145 100 2 0 0 0 0
99 107 138 164 105 168 232 111 148 254 122 102 3 0 0 0 0
103 104 98 109 107 105 105 103 100 101 102 100 4 0 0 0 0
95 99 103 104 97 108 112 98 160 254 108 94 5 0 0 0 0
104 107 106 110 107 107 111 108 145 222 108 99 6 0 0 0 0
104 100 104 102 102 100 104 102 102 97 96 101 7 0 0 0 0
98 106 111 118 107 110 112 105 107 101 105 102 8 0 0 0 0
97 102 105 102 101 104 109 102 103 97 97 100 9 0 0 0 0
99 97 105 99 101 100 101 102 104 99 96 94 10 0 0 0 0
97 100 102 101 100 101 104 103 99 93 103 15000 11 0 0 0 0
Chip#1
106 102 100 99 101 98 101 103 97 91 101 98 0 0 64 101 66
99 100 111 124 101 114 134 103 101 122 105 94 1 0 0 0 0
105 102 259 321 108 291 481 126 209 446 153 101 2 0 0 0 0
102 104 141 161 105 165 236 107 140 263 118 101 3 0 0 0 0
101 104 105 104 103 104 102 102 102 101 105 98 4 0 0 0 0
96 100 103 108 102 104 108 98 162 254 109 96 5 0 0 0 0
96 99 98 102 100 99 106 100 142 222 106 94 6 0 0 0 0
98 100 100 102 100 103 100 103 100 95 96 99 7 0 0 0 0
103 104 110 115 103 105 111 108 108 100 102 101 8 0 0 0 0
103 97 103 104 102 109 108 100 106 92 101 98 9 0 0 0 0
96 99 94 97 96 98 99 101 101 92 96 95 10 0 0 0 0
101 105 98 104 101 105 106 103 104 100 105 15000 11 0 0 0 0
Chip#1
106 107 103 108 107 105 104 104 103 101 100 106 0 0 192 101 66
99 102 113 125 98 110 135 103 104 118 100 98 1 0 0 0 0
102 104 254 321 110 292 476 119 209 446 153 101 2 0 0 0 0
98 99 127 152 101 156 223 101 142 263 112 99 3 0 0 0 0
103 100 98 101 100 100 101 100 103 99 97 95 4 0 0 0 0
97 101 105 104 101 109 109 101 163 254 111 99 5 0 0 0 0
99 101 99 104 101 101 107 108 140 206 103 100 6 0 0 0 0
102 104 100 104 101 105 108 105 107 100 102 99 7 0 0 0 0
99 101 108 113 103 104 105 105 104 96 101 101 8 0 0 0 0
102 102 102 107 97 99 101 102 100 96 97 96 9 0 0 0 0
103 101 100 104 102 100 102 103 104 96 100 104 10 0 0 0 0
99 100 102 102 98 100 101 102 97 97 100 15000 11 0 0 0 0
Chip#1
104 107 102 107 102 106 108 104 103 100 105 105 0 0 64 102 66
103 102 113 125 109 118 141 108 109 129 107 104 1 0 0 0 0
97 104 257 316 104 293 476 124 206 446 153 101 2 0 0 0 0
106 104 137 161 101 166 230 110 149 263 117 105 3 0 0 0 0
101 106 100 102 104 104 102 105 106 101 102 101 4 0 0 0 0
98 101 106 102 100 104 108 102 162 254 111 94 5 0 0 0 0
93 94 95 98 95 98 100 98 134 206 97 94 6 0 0 0 0
92 94 97 96 94 98 98 101 100 93 96 89 7 0 0 0 0
103 104 107 110 102 114 109 105 100 99 102 102 8 0 0 0 0
104 99 100 106 97 105 106 100 101 96 98 95 9 0 0 0 0
99 100 96 98 98 101 101 97 98 89 96 94 10 0 0 0 0
104 101 97 101 100 103 104 103 100 93 102 15000 11 0 0 0 0
Chip#1
102 104 98 99 101 99 101 102 101 96 101 99 0 0 128 103 66
105 102 121 126 105 116 135 109 106 130 103 102 1 0 0 0 0
99 99 247 310 95 279 463 117 199 444 141 93 2 0 0 0 0
105 99 138 159 100 159 231 104 143 254 112 99 3 0 0 0 0
97 100 99 102 98 100 102 103 100 96 101 98 4 0 0 0 0
104 105 109 108 104 108 111 107 167 263 113 102 5 0 0 0 0
96 99 97 97 95 94 99 105 134 206 98 92 6 0 0 0 0
102 102 100 95 103 100 101 109 107 100 102 100 7 0 0 0 0
100 101 108 110 100 104 107 108 102 100 103 99 8 0 0 0 0
99 99 103 102 97 104 102 101 100 95 97 99 9 0 0 0 0
95 97 99 99 97 99 99 103 100 95 95 98 10 0 0 0 0
105 100 103 107 100 103 105 109 101 103 102 15000 11 0 0 0 0
Chip#1
104 105 102 101 101 98 107 101 102 100 103 102 0 0 192 104 66
104 107 118 131 108 120 137 112 108 130 106 106 1 0 0 0 0
103 102 254 315 104 291 474 122 206 446 153 99 2 0 0 0 0
96 93 127 152 96 150 220 102 136 254 107 92 3 0 0 0 0
102 99 99 102 101 104 105 108 102 103 102 102 4 0 0 0 0
103 104 108 113 105 108 112 107 165 263 116 104 5 0 0 0 0
103 97 99 108 101 108 104 108 138 206 108 94 6 0 0 0 0
99 100 98 103 101 99 102 102 102 95 96 96 7 0 0 0 0
99 101 108 107 100 105 105 107 101 99 102 105 8 0 0 0 0
101 102 103 107 101 104 112 109 104 101 102 101 9 0 0 0 0
97 101 98 102 103 101 105 107 101 97 98 98 10 0 0 0 0
97 100 92 97 101 101 105 102 100 92 101 15000 11 0 0 0 0
Chip#1
106 107 103 106 105 103 104 108 100 103 102 104 0 0 192 105 66
103 104 118 126 102 115 134 109 106 132 100 102 1 0 0 0 0
96 100 252 309 100 279 466 115 200 446 146 99 2 0 0 0 0
96 101 131 154 97 157 226 104 138 254 112 96 3 0 0 0 0
97 96 96 97 101 100 102 101 102 96 93 95 4 0 0 0 0
101 105 109 110 98 108 114 108 159 263 116 102 5 0 0 0 0
97 101 104 107 102 103 105 104 137 222 109 93 6 0 0 0 0
97 104 104 102 105 108 106 105 102 99 100 99 7 0 0 0 0
96 97 106 106 96 105 108 104 100 97 96 96 8 0 0 0 0
106 109 106 113 105 111 116 107 106 105 103 105 9 0 0 0 0
101 101 100 102 101 101 102 100 101 100 102 98 10 0 0 0 0
105 104 97 104 100 98 104 103 101 101 103 15000 11 0 0 0 0
Chip#1
98 100 95 101 95 100 99 101 97 92 97 100 0 0 192 106 66
108 106 119 130 105 115 136 110 109 132 106 104 1 0 0 0 0
105 105 254 314 105 290 470 121 204 446 153 101 2 0 0 0 0
101 102 137 158 101 156 229 104 139 254 113 101 3 0 0 0 0
103 107 99 107 102 105 107 108 104 103 103 100 4 0 0 0 0
101 100 105 108 103 101 111 104 163 254 109 98 5 0 0 0 0
104 102 104 108 100 108 109 108 144 222 105 99 6 0 0 0 0
98 102 103 103 100 104 101 103 103 97 101 101 7 0 0 0 0
101 101 108 110 105 105 107 108 103 99 102 99 8 0 0 0 0
97 104 104 104 101 105 107 105 100 96 101 99 9 0 0 0 0
101 106 107 107 107 108 105 110 104 104 103 100 10 0 0 0 0
97 100 99 95 97 98 97 100 99 96 93 15000 11 0 0 0 0
Chip#1
104 102 99 104 103 99 102 103 98 96 102 105 0 0 0 108 66
104 104 116 131 104 115 137 104 106 126 106 100 1 0 0 0 0
105 104 254 314 105 286 469 122 209 388 144 101 2 0 0 0 0
102 102 136 163 105 156 229 111 143 263 117 101 3 0 0 0 0
100 105 98 99 103 105 107 107 104 105 102 98 4 0 0 0 0
103 105 111 112 107 106 116 109 169 263 114 105 5 0 0 0 0
103 101 105 102 104 106 106 103 143 206 111 101 6 0 0 0 0
109 109 108 109 110 109 109 113 108 99 101 106 7 0 0 0 0
93 96 105 102 93 95 101 100 96 88 90 94 8 0 0 0 0
95 99 102 101 98 100 105 101 98 95 94 94 9 0 0 0 0
102 101 100 104 105 101 104 100 100 96 100 101 10 0 0 0 0
99 99 98 103 98 98 105 107 98 95 97 15000 11 0 0 0 0
Chip#1
106 104 100 104 98 101 107 104 99 99 102 104 0 0 0 109 66
99 101 111 121 103 112 133 107 101 124 100 102 1 0 0 0 0
97 100 252 313 103 281 467 118 201 449 153 101 2 0 0 0 0
104 105 136 163 108 158 230 107 139 263 119 106 3 0 0 0 0
100 98 96 101 102 99 99 102 100 100 95 98 4 0 0 0 0
105 106 110 112 102 107 116 107 167 263 118 106 5 0 0 0 0
98 97 102 104 96 103 106 101 136 222 107 94 6 0 0 0 0
97 93 96 92 98 95 98 97 99 89 91 94 7 0 0 0 0
100 102 104 109 103 101 111 101 98 95 102 100 8 0 0 0 0
98 100 97 101 96 99 101 97 96 95 93 94 9 0 0 0 0
101 101 98 98 102 98 99 101 99 93 95 96 10 0 0 0 0
101 102 97 101 98 101 102 103 98 100 97 15000 11 0 0 0 0
Chip#1
98 96 95 96 97 98 97 101 98 95 93 98 0 0 192 109 66
102 104 118 124 104 112 133 107 104 128 102 101 1 0 0 0 0
97 97 251 306 97 280 455 119 200 444 140 93 2 0 0 0 0
102 101 132 155 105 151 230 103 139 254 112 96 3 0 0 0 0
104 105 104 107 104 105 107 108 103 105 105 102 4 0 0 0 0
103 101 108 109 101 105 112 105 160 263 112 99 5 0 0 0 0
93 95 102 103 101 99 105 103 136 206 106 94 6 0 0 0 0
98 99 99 102 101 104 104 102 99 92 98 96 7 0 0 0 0
102 100 108 109 102 105 106 104 102 100 101 99 8 0 0 0 0
102 99 104 102 100 103 108 101 103 100 97 96 9 0 0 0 0
104 102 100 104 98 100 105 108 102 99 103 98 10 0 0 0 0
102 101 100 99 103 98 102 107 101 97 98 15000 11 0 0 0 0
Chip#1
101 100 94 99 100 95 102 103 101 96 103 100 0 0 192 110 66
98 99 114 125 103 112 136 107 107 128 105 98 1 0 0 0 0
101 107 254 315 105 285 463 125 202 447 153 101 2 0 0 0 0
99 100 133 160 97 156 229 108 137 254 112 96 3 0 0 0 0
104 102 102 108 107 105 108 103 103 104 102 98 4 0 0 0 0
97 96 105 113 102 106 111 105 162 254 109 94 5 0 0 0 0
99 104 98 103 103 103 107 103 134 206 108 98 6 0 0 0 0
98 99 99 100 101 100 102 101 101 97 102 95 7 0 0 0 0
97 94 98 107 97 103 102 104 102 91 93 96 8 0 0 0 0
102 101 103 103 101 104 111 105 102 95 102 98 9 0 0 0 0
101 99 99 106 98 98 104 101 98 96 101 96 10 0 0 0 0
102 101 99 98 98 98 102 100 100 96 106 15000 11 0 0 0 0
Chip#1
99 101 91 95 95 93 98 97 100 89 96 96 0 0 128 111 66
98 96 111 123 101 112 135 104 103 124 103 98 1 0 0 0 0
103 102 250 307 103 279 459 119 202 447 153 100 2 0 0 0 0
104 102 137 164 104 160 231 111 145 254 118 104 3 0 0 0 0
104 107 102 106 105 106 111 114 108 101 108 108 4 0 0 0 0
104 101 106 109 102 106 113 104 163 254 111 99 5 0 0 0 0
93 100 100 103 100 101 106 98 136 206 103 95 6 0 0 0 0
103 104 104 108 109 105 109 108 109 103 106 104 7 0 0 0 0
95 95 100 106 96 100 105 101 98 96 95 95 8 0 0 0 0
99 97 103 104 100 103 108 104 104 92 101 98 9 0 0 0 0
97 104 99 99 98 100 105 104 103 97 95 98 10 0 0 0 0
98 97 98 98 97 94 104 105 97 91 97 15000 11 0 0 0 0
Chip#1
98 97 94 102 95 97 98 101 99 91 100 99 0 0 0 112 66
99 105 113 124 102 112 133 101 108 121 106 100 1 0 0 0 0
95 96 246 305 101 281 460 115 206 440 153 92 2 0 0 0 0
98 96 131 154 96 151 227 104 142 254 109 98 3 0 0 0 0
103 104 100 102 100 98 109 103 104 97 105 100 4 0 0 0 0
99 102 108 104 100 105 113 105 164 254 114 96 5 0 0 0 0
98 100 104 108 102 100 108 105 143 222 112 95 6 0 0 0 0
105 102 99 104 107 101 107 107 107 97 103 99 7 0 0 0 0
95 100 103 103 97 95 106 102 102 93 96 95 8 0 0 0 0
97 97 102 104 96 103 108 102 102 96 101 96 9 0 0 0 0
98 104 99 107 104 100 111 103 104 99 103 101 10 0 0 0 0
102 102 97 101 101 100 106 103 100 99 107 15000 11 0 0 0 0
Chip#1
102 97 94 96 96 95 102 98 98 93 102 99 0 0 192 112 66
97 97 111 124 101 108 131 100 102 124 101 96 1 0 0 0 0
98 97 250 307 103 279 457 115 202 445 153 98 2 0 0 0 0
95 100 125 155 97 151 225 104 139 238 108 98 3 0 0 0 0
96 96 96 103 97 95 105 98 101 99 98 96 4 0 0 0 0
102 99 103 104 100 101 106 105 164 263 112 96 5 0 0 0 0
98 95 97 102 100 103 101 103 136 222 101 94 6 0 0 0 0
103 104 100 102 103 103 107 103 104 97 102 102 7 0 0 0 0
97 102 105 106 101 104 106 103 100 96 100 102 8 0 0 0 0
103 102 109 113 102 107 114 110 111 99 105 104 9 0 0 0 0
91 95 96 98 97 95 98 97 98 91 95 90 10 0 0 0 0
99 95 96 98 98 101 106 104 98 95 101 15000 11 0 0 0 0
Chip#1
102 102 99 104 98 99 102 103 103 96 100 101 0 0 128 113 66
106 107 118 130 103 114 141 109 109 126 108 107 1 0 0 0 0
99 101 254 307 105 282 461 121 209 446 146 100 2 0 0 0 0
101 106 139 165 107 156 229 114 143 263 122 104 3 0 0 0 0
103 96 98 104 103 103 105 104 103 93 102 100 4 0 0 0 0
98 101 107 114 104 104 113 108 164 254 117 101 5 0 0 0 0
99 101 104 104 105 106 107 108 139 206 109 100 6 0 0 0 0
96 101 97 98 97 97 101 102 102 87 94 95 7 0 0 0 0
103 104 112 113 103 104 108 104 104 99 102 102 8 0 0 0 0
99 93 99 95 96 97 104 98 103 92 96 95 9 0 0 0 0
98 100 97 99 102 101 104 102 104 97 98 99 10 0 0 0 0
111 110 106 112 112 105 113 109 112 112 112 15000 11 0 0 0 0
Chip#1
99 100 92 101 95 99 99 97 101 93 95 100 0 0 0 114 66
104 104 116 127 101 115 137 108 111 129 106 104 1 0 0 0 0
102 101 248 305 103 282 462 121 206 440 141 100 2 0 0 0 0
96 95 128 152 96 148 218 101 137 254 107 96 3 0 0 0 0
101 101 100 108 101 103 107 103 107 99 101 98 4 0 0 0 0
97 101 103 109 102 101 111 104 158 254 108 98 5 0 0 0 0
99 97 102 102 102 101 104 105 142 222 107 98 6 0 0 0 0
96 99 96 99 107 100 102 101 101 93 102 96 7 0 0 0 0
97 96 103 112 96 101 104 101 99 91 100 96 8 0 0 0 0
97 104 102 106 98 105 111 104 104 99 101 105 9 0 0 0 0
93 96 104 99 101 98 101 102 106 96 97 99 10 0 0 0 0
96 94 96 98 95 98 97 98 99 96 93 15000 11 0 0 0 0
Chip#1
97 97 93 101 100 95 101 98 94 92 98 100 0 0 0 115 66
96 96 111 123 98 109 133 104 103 122 101 98 1 0 0 0 0
98 96 245 303 105 280 457 119 204 444 141 98 2 0 0 0 0
103 106 131 157 103 156 223 107 143 254 118 99 3 0 0 0 0
108 106 106 109 111 109 117 109 113 107 108 107 4 0 0 0 0
101 97 104 109 103 103 111 101 164 254 109 98 5 0 0 0 0
99 97 99 106 103 101 109 105 139 206 107 98 6 0 0 0 0
99 107 100 102 108 104 105 105 106 99 103 99 7 0 0 0 0
91 93 105 107 97 103 106 100 101 93 94 94 8 0 0 0 0
98 101 103 109 104 107 111 101 106 96 98 104 9 0 0 0 0
96 96 96 101 95 95 100 102 97 91 97 98 10 0 0 0 0
102 105 102 104 103 103 105 105 106 95 101 15000 11 0 0 0 0
Chip#1
104 107 106 108 109 107 109 105 109 103 106 107 0 0 192 115 66
105 107 118 130 112 118 139 109 114 129 108 104 1 0 0 0 0
102 100 248 305 101 273 453 115 205 440 145 98 2 0 0 0 0
102 104 132 159 101 157 229 110 145 254 114 100 3 0 0 0 0
104 107 99 108 107 109 111 110 108 108 105 105 4 0 0 0 0
95 96 104 103 97 98 107 103 157 254 108 92 5 0 0 0 0
96 100 102 103 95 103 107 101 142 206 106 98 6 0 0 0 0
104 101 100 102 105 106 107 108 106 96 103 104 7 0 0 0 0
97 102 105 108 97 104 107 101 101 95 100 100 8 0 0 0 0
102 100 104 109 108 103 111 107 103 99 98 104 9 0 0 0 0
97 104 97 103 97 98 106 96 102 99 97 100 10 0 0 0 0
98 95 97 98 93 94 99 102 100 95 97 15000 11 0 0 0 0
Chip#1
99 104 94 98 104 99 101 104 101 91 103 100 0 0 0 117 66
102 101 115 126 104 115 135 102 106 122 103 99 1 0 0 0 0
99 96 248 306 108 275 457 116 202 436 153 99 2 0 0 0 0
98 106 138 160 104 160 226 103 143 254 117 106 3 0 0 0 0
97 100 99 103 101 101 105 100 101 97 101 95 4 0 0 0 0
99 101 104 106 104 103 109 100 163 263 113 99 5 0 0 0 0
101 97 99 104 102 103 107 105 140 206 106 100 6 0 0 0 0
102 102 105 102 108 104 107 104 107 97 105 100 7 0 0 0 0
91 91 95 101 96 99 100 97 98 89 92 93 8 0 0 0 0
99 95 100 103 101 101 106 100 98 95 95 100 9 0 0 0 0
103 104 106 107 107 100 106 105 103 104 105 105 10 0 0 0 0
99 95 96 98 102 97 104 101 101 95 97 15000 11 0 0 0 0
Chip#1
104 102 100 108 105 103 111 105 108 107 108 106 0 0 64 118 66
97 99 111 118 103 111 131 109 104 114 98 96 1 0 0 0 0
96 102 246 305 102 277 451 118 204 439 141 99 2 0 0 0 0
101 100 136 155 102 154 225 101 140 254 113 102 3 0 0 0 0
98 100 102 99 101 101 105 101 101 104 101 99 4 0 0 0 0
97 97 100 102 96 99 109 100 159 254 113 98 5 0 0 0 0
98 101 99 102 103 103 109 107 139 206 103 99 6 0 0 0 0
98 100 96 99 100 101 105 101 102 93 98 93 7 0 0 0 0
98 101 108 114 105 110 114 103 106 103 98 102 8 0 0 0 0
96 97 103 104 103 104 111 96 106 93 100 98 9 0 0 0 0
96 100 98 104 103 100 107 100 103 92 98 98 10 0 0 0 0
98 96 95 96 98 95 101 97 96 88 100 15000 11 0 0 0 0
Chip#1
104 104 100 101 103 105 108 110 103 99 101 106 0 0 0 119 66
98 101 114 120 102 111 134 105 106 125 103 96 1 0 0 0 0
102 105 251 303 110 277 457 121 209 440 153 100 2 0 0 0 0
97 100 130 154 103 156 225 107 140 254 116 99 3 0 0 0 0
95 101 99 101 100 100 101 98 102 99 100 99 4 0 0 0 0
102 102 105 107 98 101 113 108 168 254 114 93 5 0 0 0 0
102 99 99 102 102 105 107 104 140 222 105 100 6 0 0 0 0
105 104 104 106 107 104 111 108 106 100 103 101 7 0 0 0 0
103 101 111 109 105 106 109 107 106 97 102 102 8 0 0 0 0
93 93 97 95 95 95 105 95 98 83 91 90 9 0 0 0 0
92 94 93 93 96 94 98 95 98 91 94 95 10 0 0 0 0
99 97 95 101 95 99 106 101 101 96 96 15000 11 0 0 0 0
Chip#1
103 102 100 106 101 103 104 107 107 100 103 102 0 0 64 120 66
98 99 111 119 103 109 131 102 104 124 101 98 1 0 0 0 0
98 94 246 299 105 276 450 119 206 440 145 101 2 0 0 0 0
99 102 133 159 108 156 228 105 144 254 114 105 3 0 0 0 0
99 99 95 98 95 103 107 101 98 99 102 98 4 0 0 0 0
95 100 102 106 101 105 112 103 163 254 112 98 5 0 0 0 0
102 99 105 107 101 103 105 105 142 206 107 101 6 0 0 0 0
106 101 102 103 102 105 108 105 103 96 103 102 7 0 0 0 0
97 99 100 108 98 99 111 98 99 95 102 95 8 0 0 0 0
98 96 99 95 97 100 105 101 99 92 96 99 9 0 0 0 0
95 95 94 95 89 92 98 97 93 91 92 93 10 0 0 0 0
99 100 96 99 100 101 104 107 100 96 98 15000 11 0 0 0 0
Chip#1
104 104 100 102 100 100 105 104 102 96 109 106 0 0 64 121 66
105 102 114 121 103 114 134 102 104 122 105 99 1 0 0 0 0
105 107 246 309 105 279 461 118 206 437 153 100 2 0 0 0 0
102 102 137 163 103 159 225 109 144 254 123 106 3 0 0 0 0
93 97 97 97 100 100 108 103 102 100 102 95 4 0 0 0 0
103 101 106 113 102 103 113 103 159 238 113 94 5 0 0 0 0
102 101 99 108 104 106 106 107 142 222 113 104 6 0 0 0 0
103 105 97 99 100 99 106 102 103 92 97 99 7 0 0 0 0
108 110 114 115 107 110 115 110 107 104 101 106 8 0 0 0 0
98 100 102 104 100 99 108 98 102 97 102 96 9 0 0 0 0
103 104 104 109 103 108 107 108 109 105 102 100 10 0 0 0 0
103 99 99 102 98 100 104 103 101 93 103 15000 11 0 0 0 0
Chip#1
104 101 99 101 101 100 105 103 102 97 101 104 0 0 0 122 66
101 96 109 120 97 109 130 103 102 122 97 99 1 0 0 0 0
101 99 245 300 98 270 450 119 200 435 145 104 2 0 0 0 0
104 102 132 155 104 153 220 104 138 254 112 99 3 0 0 0 0
105 99 97 103 103 101 107 107 103 101 102 102 4 0 0 0 0
99 99 102 101 95 98 101 96 155 254 111 95 5 0 0 0 0
104 110 106 113 105 111 119 113 149 222 116 110 6 0 0 0 0
97 95 93 101 100 97 98 98 99 91 95 93 7 0 0 0 0
103 96 111 109 105 104 112 105 104 103 101 102 8 0 0 0 0
99 95 102 104 103 103 108 102 100 95 103 100 9 0 0 0 0
99 102 102 97 101 98 105 105 104 96 106 101 10 0 0 0 0
93 93 93 95 93 94 97 101 98 93 97 15000 11 0 0 0 0
Chip#1
106 104 98 101 101 101 104 101 104 97 98 100 0 0 0 123 66
105 105 114 124 105 117 135 105 107 128 105 102 1 0 0 0 0
98 97 245 302 105 271 452 116 196 431 153 100 2 0 0 0 0
97 94 129 152 97 151 217 104 136 254 113 96 3 0 0 0 0
99 96 94 101 97 100 102 100 101 93 97 95 4 0 0 0 0
103 100 106 109 102 104 113 107 164 254 106 100 5 0 0 0 0
103 106 105 110 104 111 114 112 143 222 111 101 6 0 0 0 0
103 96 99 99 107 101 101 104 102 97 102 102 7 0 0 0 0
95 97 104 110 101 105 105 100 100 95 98 100 8 0 0 0 0
97 100 100 104 101 100 106 102 101 96 98 99 9 0 0 0 0
103 100 102 101 96 101 104 104 101 97 97 95 10 0 0 0 0
102 104 100 104 103 104 108 105 103 96 100 15000 11 0 0 0 0
Chip#1
98 104 96 96 101 95 101 103 102 95 102 100 0 0 128 123 66
97 96 108 119 100 108 129 101 103 120 101 96 1 0 0 0 0
99 100 242 296 103 276 446 117 199 428 141 95 2 0 0 0 0
99 99 133 151 104 150 221 104 138 254 111 100 3 0 0 0 0
102 104 97 103 107 101 107 102 102 103 106 100 4 0 0 0 0
101 105 105 108 103 106 112 107 160 254 113 98 5 0 0 0 0
102 99 99 106 101 97 105 104 137 206 108 98 6 0 0 0 0
98 94 96 96 100 98 101 101 101 92 95 92 7 0 0 0 0
96 104 105 110 102 103 107 100 101 93 100 101 8 0 0 0 0
98 96 102 103 100 101 107 101 100 95 98 99 9 0 0 0 0
101 99 100 102 101 94 106 102 101 93 95 99 10 0 0 0 0
105 105 104 107 107 106 112 107 104 104 108 15000 11 0 0 0 0
Chip#1
106 106 94 106 101 101 99 104 106 95 103 105 0 0 64 124 66
104 104 116 125 102 116 134 104 111 126 103 105 1 0 0 0 0
104 101 247 302 105 279 449 121 199 433 153 102 2 0 0 0 0
90 91 120 147 96 150 213 98 133 238 107 93 3 0 0 0 0
97 97 95 99 98 104 99 104 101 97 100 95 4 0 0 0 0
105 104 107 107 103 101 106 104 162 254 113 98 5 0 0 0 0
101 100 99 98 94 98 102 98 136 206 105 98 6 0 0 0 0
97 99 98 101 102 97 102 100 102 96 97 93 7 0 0 0 0
108 106 109 112 104 110 114 110 103 101 103 99 8 0 0 0 0
99 104 105 106 104 105 111 104 104 96 102 105 9 0 0 0 0
98 99 98 101 101 99 101 104 101 95 105 100 10 0 0 0 0
106 100 100 104 103 104 102 108 106 99 102 15000 11 0 0 0 0
Chip#1
95 96 92 98 98 97 98 98 96 87 98 96 0 0 192 124 66
101 97 114 123 104 114 130 105 106 130 106 101 1 0 0 0 0
102 102 244 302 103 275 449 117 204 431 143 104 2 0 0 0 0
102 100 132 158 101 157 220 109 140 263 122 101 3 0 0 0 0
101 102 97 106 101 100 107 103 104 104 103 102 4 0 0 0 0
103 105 110 112 107 108 119 109 164 254 117 107 5 0 0 0 0
109 97 105 106 104 106 107 103 138 206 107 99 6 0 0 0 0
103 100 98 102 101 98 107 103 102 97 101 96 7 0 0 0 0
96 97 103 104 97 100 107 101 101 92 98 95 8 0 0 0 0
97 100 106 103 105 108 106 102 101 100 100 101 9 0 0 0 0
99 94 94 96 98 95 101 103 98 91 96 98 10 0 0 0 0
105 101 103 104 102 104 108 104 106 104 106 15000 11 0 0 0 0
Chip#1
101 101 98 102 107 100 100 100 102 93 97 98 0 0 128 125 66
96 99 111 119 103 109 130 102 101 116 101 100 1 0 0 0 0
101 99 244 305 104 273 451 118 201 439 144 101 2 0 0 0 0
99 102 134 154 102 153 222 108 138 254 117 102 3 0 0 0 0
97 93 97 101 102 95 101 101 96 95 96 96 4 0 0 0 0
99 97 105 104 102 100 112 104 165 254 113 96 5 0 0 0 0
92 94 97 97 93 98 97 96 133 190 103 90 6 0 0 0 0
99 97 99 102 100 100 105 98 104 96 106 98 7 0 0 0 0
96 97 107 104 96 100 108 102 98 93 96 98 8 0 0 0 0
96 91 103 97 95 99 104 100 100 95 95 99 9 0 0 0 0
102 106 104 104 102 105 107 104 101 101 105 106 10 0 0 0 0
103 102 104 101 105 103 111 109 103 95 103 15000 11 0 0 0 0
Chip#1
99 99 95 97 101 97 104 101 102 92 96 99 0 0 128 126 66
105 105 113 127 105 117 136 109 111 129 105 99 1 0 0 0 0
97 102 248 301 107 275 451 119 202 432 153 105 2 0 0 0 0
104 101 132 154 102 153 222 104 138 254 113 98 3 0 0 0 0
104 101 95 99 100 99 106 107 101 100 100 98 4 0 0 0 0
99 104 105 109 104 105 114 108 164 254 121 102 5 0 0 0 0
103 101 98 103 105 103 108 104 143 206 107 98 6 0 0 0 0
105 99 103 108 103 99 106 107 106 103 103 108 7 0 0 0 0
102 100 108 112 102 110 112 108 104 99 105 101 8 0 0 0 0
104 99 104 108 103 106 112 107 103 101 105 100 9 0 0 0 0
102 101 103 107 104 100 106 107 104 104 107 102 10 0 0 0 0
98 91 96 96 98 94 101 101 99 91 93 15000 11 0 0 0 0
Chip#1
103 105 98 103 101 106 107 107 100 97 106 100 0 0 32 128 66
102 99 113 118 100 110 133 102 106 125 102 98 1 0 0 0 0
104 107 246 306 105 276 449 119 206 439 146 105 2 0 0 0 0
95 97 130 153 101 147 218 104 137 254 112 96 3 0 0 0 0
105 107 106 109 105 105 113 111 109 108 114 107 4 0 0 0 0
98 96 102 106 101 101 109 104 160 238 113 98 5 0 0 0 0
103 101 104 107 100 103 106 104 134 206 107 95 6 0 0 0 0
97 95 100 101 105 99 102 103 103 96 102 96 7 0 0 0 0
99 99 105 106 100 99 108 101 101 96 97 95 8 0 0 0 0
106 106 108 106 102 106 111 108 106 101 102 100 9 0 0 0 0
95 95 95 98 100 99 97 98 96 93 97 94 10 0 0 0 0
97 100 96 96 98 95 99 101 103 95 98 15000 11 0 0 0 0
Chip#1
103 105 100 101 101 106 105 101 104 97 101 100 0 0 128 128 66
97 102 115 120 100 115 136 103 106 121 103 99 1 0 0 0 0
108 109 251 305 109 279 451 124 207 439 153 104 2 0 0 0 0
95 97 131 152 97 150 214 103 139 254 114 94 3 0 0 0 0
103 100 104 102 103 104 108 104 107 105 101 99 4 0 0 0 0
100 97 104 106 98 106 112 104 163 238 109 99 5 0 0 0 0
99 96 102 102 101 99 108 105 138 206 105 94 6 0 0 0 0
93 95 95 95 97 93 93 95 101 89 95 92 7 0 0 0 0
99 99 107 108 97 106 112 100 101 92 100 99 8 0 0 0 0
98 97 103 97 96 101 108 101 100 96 101 100 9 0 0 0 0
102 102 99 104 100 105 108 104 107 104 101 105 10 0 0 0 0
102 104 104 102 97 99 104 104 102 99 100 15000 11 0 0 0 0
Chip#1
106 105 102 108 107 106 109 108 103 105 106 107 0 0 0 129 66
97 91 108 116 95 106 128 97 99 117 96 94 1 0 0 0 0
102 104 247 295 103 271 444 117 202 425 146 100 2 0 0 0 0
97 97 130 153 100 146 214 102 136 254 112 99 3 0 0 0 0
99 107 103 107 108 105 111 109 111 107 103 106 4 0 0 0 0
103 105 110 110 107 106 115 104 165 254 117 102 5 0 0 0 0
102 104 104 110 103 107 113 102 138 222 112 98 6 0 0 0 0
101 102 102 99 104 103 104 101 104 96 102 100 7 0 0 0 0
93 93 102 104 97 98 101 96 99 92 96 95 8 0 0 0 0
101 102 105 109 105 105 106 105 100 99 102 104 9 0 0 0 0
96 102 95 99 101 95 96 94 97 92 92 95 10 0 0 0 0
102 102 98 102 101 100 102 98 100 99 106 15000 11 0 0 0 0
Chip#1
105 106 99 103 102 105 111 104 104 100 105 107 0 0 128 129 66
101 100 117 121 102 115 139 105 107 122 101 100 1 0 0 0 0
106 106 245 300 108 274 442 123 204 427 153 105 2 0 0 0 0
102 100 129 153 107 154 218 104 137 254 112 96 3 0 0 0 0
97 95 96 97 96 97 100 101 102 97 98 94 4 0 0 0 0
97 99 102 103 97 105 109 102 159 254 107 98 5 0 0 0 0
101 100 103 108 98 106 109 103 137 222 108 100 6 0 0 0 0
91 94 93 97 94 92 101 96 97 88 90 93 7 0 0 0 0
103 104 107 113 102 107 114 103 108 96 105 102 8 0 0 0 0
102 101 99 103 100 103 112 101 103 92 102 102 9 0 0 0 0
102 99 99 101 107 101 105 100 100 97 98 99 10 0 0 0 0
99 97 102 101 100 95 104 103 103 92 96 15000 11 0 0 0 0
Chip#1
108 106 97 106 104 105 107 105 109 103 101 106 0 0 0 130 66
99 100 111 121 97 107 133 104 106 124 103 99 1 0 0 0 0
99 99 235 293 101 264 433 113 195 426 141 93 2 0 0 0 0
93 100 128 148 101 151 221 102 136 238 108 96 3 0 0 0 0
98 97 95 101 97 101 107 100 102 101 101 99 4 0 0 0 0
103 95 104 108 100 101 112 104 157 254 109 98 5 0 0 0 0
102 101 103 103 100 104 107 103 143 206 111 101 6 0 0 0 0
104 102 100 98 103 104 107 104 104 99 102 100 7 0 0 0 0
103 104 110 110 105 107 113 108 107 103 106 104 8 0 0 0 0
102 102 107 106 105 107 109 110 106 104 108 108 9 0 0 0 0
101 102 100 102 101 97 105 103 104 92 100 102 10 0 0 0 0
101 101 98 99 102 99 104 107 103 92 100 15000 11 0 0 0 0
Chip#1
108 110 103 103 107 108 108 107 107 100 102 111 0 0 96 130 66
105 101 117 129 107 118 137 108 109 124 102 100 1 0 0 0 0
99 99 238 294 103 267 437 116 197 422 153 101 2 0 0 0 0
103 102 133 160 109 156 224 110 145 254 119 107 3 0 0 0 0
103 106 100 103 107 106 109 105 106 101 106 101 4 0 0 0 0
101 97 103 103 102 105 113 104 160 238 111 93 5 0 0 0 0
103 102 102 109 105 105 108 107 144 222 107 101 6 0 0 0 0
103 104 104 102 108 104 108 107 108 96 101 98 7 0 0 0 0
96 99 102 108 97 100 106 101 102 97 97 98 8 0 0 0 0
102 100 106 109 102 103 111 105 104 95 102 101 9 0 0 0 0
101 104 103 103 105 99 113 103 107 105 105 100 10 0 0 0 0
92 100 95 96 97 93 97 98 98 92 95 15000 11 0 0 0 0
Chip#1
106 102 100 108 100 100 107 104 102 100 105 105 0 0 192 130 66
101 97 115 121 105 111 133 102 103 122 103 102 1 0 0 0 0
104 101 240 297 105 273 442 117 204 426 153 106 2 0 0 0 0
99 100 130 158 101 148 215 107 143 254 113 102 3 0 0 0 0
98 102 98 99 103 100 107 102 108 105 98 98 4 0 0 0 0
108 106 110 108 105 106 117 110 165 254 117 102 5 0 0 0 0
97 97 103 106 100 97 108 100 138 206 105 95 6 0 0 0 0
110 110 110 110 112 109 114 110 112 107 106 106 7 0 0 0 0
99 97 102 103 96 98 108 97 102 91 97 94 8 0 0 0 0
96 99 102 101 97 104 109 101 100 99 100 98 9 0 0 0 0
91 96 96 96 98 97 98 97 99 89 96 98 10 0 0 0 0
101 95 94 99 97 97 99 98 99 93 100 15000 11 0 0 0 0
Chip#1
102 106 97 101 102 101 108 103 104 97 105 104 0 0 32 131 66
102 100 114 125 102 114 134 103 102 120 107 100 1 0 0 0 0
101 101 237 293 104 264 438 115 197 420 140 101 2 0 0 0 0
99 101 130 153 98 148 222 103 139 238 109 100 3 0 0 0 0
102 106 100 103 107 101 107 108 104 104 107 100 4 0 0 0 0
102 97 105 106 97 98 109 100 155 238 111 95 5 0 0 0 0
98 100 97 104 101 99 104 103 137 206 105 94 6 0 0 0 0
91 95 97 93 98 94 99 101 102 93 100 94 7 0 0 0 0
104 111 108 113 105 108 113 105 106 100 103 102 8 0 0 0 0
96 96 99 102 95 98 106 102 100 92 103 96 9 0 0 0 0
95 97 97 97 98 97 100 101 100 92 94 94 10 0 0 0 0
104 104 103 101 102 100 106 103 106 99 102 15000 11 0 0 0 0
Chip#1
102 106 99 101 102 99 105 105 100 99 105 99 0 0 128 131 66
102 100 111 123 102 117 135 103 102 122 101 100 1 0 0 0 0
108 106 244 299 111 275 443 121 206 431 153 105 2 0 0 0 0
93 99 126 148 96 147 215 101 132 254 108 95 3 0 0 0 0
102 104 103 106 104 106 111 104 107 100 102 102 4 0 0 0 0
96 100 106 107 98 99 107 101 157 254 106 90 5 0 0 0 0
98 97 99 103 103 105 111 111 138 206 103 101 6 0 0 0 0
98 101 98 98 100 99 102 98 106 99 97 96 7 0 0 0 0
104 106 110 114 104 103 115 109 106 99 111 104 8 0 0 0 0
95 95 96 104 96 99 108 100 98 96 93 95 9 0 0 0 0
103 101 102 103 103 103 107 103 99 97 103 101 10 0 0 0 0
96 95 96 98 95 94 100 101 99 95 95 15000 11 0 0 0 0
Chip#1
108 112 105 107 110 105 114 109 107 104 111 110 0 0 192 131 66
102 99 110 123 101 111 135 104 103 125 105 98 1 0 0 0 0
103 101 234 295 107 267 436 116 200 425 143 100 2 0 0 0 0
104 107 134 157 105 153 220 110 142 254 121 105 3 0 0 0 0
98 104 97 106 105 104 107 103 107 103 103 102 4 0 0 0 0
104 102 110 109 109 101 113 109 159 254 113 98 5 0 0 0 0
104 100 102 104 100 101 108 107 142 206 108 102 6 0 0 0 0
97 105 95 101 97 95 102 98 100 95 97 95 7 0 0 0 0
98 101 105 108 103 105 113 102 106 95 103 99 8 0 0 0 0
98 97 100 107 100 99 108 102 101 97 97 98 9 0 0 0 0
108 105 105 108 110 105 109 103 104 105 103 105 10 0 0 0 0
104 102 103 102 98 103 108 105 104 93 103 15000 11 0 0 0 0
Chip#1
108 104 97 102 103 103 106 103 101 97 105 101 0 0 32 132 66
97 97 111 116 97 110 127 101 102 118 98 94 1 0 0 0 0
95 100 239 293 100 261 429 115 195 421 140 96 2 0 0 0 0
98 104 131 148 100 151 214 102 138 254 109 108 3 0 0 0 0
99 100 98 102 102 101 102 104 102 101 101 96 4 0 0 0 0
98 104 106 106 105 106 114 109 159 254 116 95 5 0 0 0 0
98 105 103 106 103 104 107 107 142 206 106 99 6 0 0 0 0
98 100 102 101 108 103 107 102 103 97 103 100 7 0 0 0 0
103 109 108 110 107 111 112 109 106 99 107 108 8 0 0 0 0
99 105 105 102 107 106 109 109 103 97 98 96 9 0 0 0 0
102 104 105 103 104 101 109 110 108 95 105 106 10 0 0 0 0
101 100 97 102 102 98 104 101 100 93 101 15000 11 0 0 0 0
Chip#1
109 97 99 102 100 99 106 100 103 93 101 101 0 0 96 132 66
101 100 112 121 103 111 132 104 103 121 100 100 1 0 0 0 0
103 106 245 295 107 271 438 121 204 427 153 104 2 0 0 0 0
99 99 130 154 101 151 215 103 141 238 109 96 3 0 0 0 0
106 105 106 109 109 107 111 108 112 107 107 104 4 0 0 0 0
101 106 109 114 103 106 115 104 163 254 113 101 5 0 0 0 0
103 102 106 107 109 105 112 103 139 206 109 101 6 0 0 0 0
109 110 102 104 110 108 113 105 111 103 98 102 7 0 0 0 0
103 109 106 114 105 110 115 107 106 101 98 101 8 0 0 0 0
93 97 105 99 101 99 109 102 99 95 96 95 9 0 0 0 0
102 101 102 102 105 103 104 105 106 96 97 102 10 0 0 0 0
105 100 103 99 107 101 108 107 102 99 102 15000 11 0 0 0 0
Chip#1
101 101 100 103 104 104 105 103 102 97 102 100 0 0 192 132 66
99 97 108 118 98 110 134 101 104 120 101 98 1 0 0 0 0
98 99 237 293 97 261 428 112 197 423 153 94 2 0 0 0 0
97 101 125 146 101 146 213 101 133 238 107 95 3 0 0 0 0
106 107 103 109 107 106 113 110 111 109 109 106 4 0 0 0 0
99 101 102 110 104 101 112 102 155 254 111 98 5 0 0 0 0
104 106 105 112 105 106 114 110 138 206 109 100 6 0 0 0 0
102 100 98 104 101 99 106 104 106 91 95 98 7 0 0 0 0
106 102 113 114 104 110 111 110 106 100 98 105 8 0 0 0 0
98 100 107 99 97 103 109 101 101 93 97 98 9 0 0 0 0
97 101 95 102 97 99 101 101 101 97 98 96 10 0 0 0 0
104 102 97 101 103 99 102 105 102 93 100 15000 11 0 0 0 0
Chip#1
104 101 97 101 95 100 104 102 101 97 103 104 0 0 64 133 66
96 94 108 121 97 111 129 100 102 116 95 96 1 0 0 0 0
98 99 240 294 101 263 434 115 201 423 140 99 2 0 0 0 0
104 101 128 155 102 154 218 107 140 254 117 104 3 0 0 0 0
97 99 96 97 93 95 106 97 102 89 98 95 4 0 0 0 0
97 99 105 109 102 100 114 104 157 254 113 95 5 0 0 0 0
104 105 105 110 104 107 111 110 142 222 111 101 6 0 0 0 0
101 95 98 104 102 95 107 98 104 96 98 98 7 0 0 0 0
97 99 100 102 97 101 108 103 102 91 93 99 8 0 0 0 0
97 95 103 101 97 100 106 100 98 90 95 96 9 0 0 0 0
105 107 104 104 107 104 107 107 107 97 105 101 10 0 0 0 0
104 101 99 102 105 103 109 105 107 99 103 15000 11 0 0 0 0
Chip#1
102 104 100 95 101 98 101 107 99 96 102 98 0 0 192 133 66
97 99 111 124 103 112 130 103 104 124 101 98 1 0 0 0 0
97 99 237 292 102 262 430 115 194 421 140 98 2 0 0 0 0
96 96 127 147 96 141 210 103 136 254 106 94 3 0 0 0 0
99 104 99 102 98 100 106 103 99 99 103 96 4 0 0 0 0
102 106 104 112 104 101 112 104 162 254 118 99 5 0 0 0 0
91 90 92 92 94 95 101 97 133 206 103 93 6 0 0 0 0
91 95 94 96 97 98 101 101 99 87 92 95 7 0 0 0 0
103 100 110 110 103 103 111 105 109 97 105 101 8 0 0 0 0
97 107 105 106 102 106 114 104 107 97 103 102 9 0 0 0 0
99 99 96 98 100 99 104 98 101 93 93 96 10 0 0 0 0
105 105 104 101 102 101 107 107 106 105 103 15000 11 0 0 0 0
Chip#1
101 106 99 98 104 101 106 105 104 97 100 104 0 0 32 134 66
106 111 116 130 105 116 137 109 109 125 103 105 1 0 0 0 0
101 104 237 294 107 262 429 117 195 420 136 96 2 0 0 0 0
99 100 127 147 100 146 215 103 134 238 109 92 3 0 0 0 0
96 95 95 96 96 98 102 102 100 95 96 96 4 0 0 0 0
104 105 107 107 103 105 114 105 164 254 113 102 5 0 0 0 0
101 100 102 104 101 103 107 102 142 206 105 96 6 0 0 0 0
102 101 100 102 107 99 107 104 107 97 101 100 7 0 0 0 0
87 91 98 99 94 94 99 96 96 80 89 88 8 0 0 0 0
99 99 100 103 104 101 113 101 106 91 98 98 9 0 0 0 0
101 102 105 103 100 104 108 105 104 103 101 105 10 0 0 0 0
104 109 102 109 104 106 109 107 107 96 102 15000 11 0 0 0 0
Chip#1
98 99 97 102 96 100 102 101 102 93 96 93 0 0 160 134 66
95 96 108 119 97 109 132 102 99 121 96 95 1 0 0 0 0
92 96 234 287 100 262 426 113 195 409 139 92 2 0 0 0 0
98 104 125 153 103 152 216 102 137 254 114 95 3 0 0 0 0
99 100 97 96 102 99 105 98 103 100 94 96 4 0 0 0 0
102 106 110 110 104 106 113 111 168 254 114 105 5 0 0 0 0
98 97 98 101 97 100 105 102 138 206 103 98 6 0 0 0 0
106 105 102 110 108 106 109 104 108 96 103 100 7 0 0 0 0
90 96 103 107 98 101 108 94 100 91 95 93 8 0 0 0 0
98 101 104 108 107 111 111 104 100 97 100 99 9 0 0 0 0
104 102 97 102 95 98 105 98 100 91 97 96 10 0 0 0 0
108 102 98 104 102 106 106 101 104 99 102 15000 11 0 0 0 0
Chip#1
105 100 99 107 97 99 106 101 107 97 98 101 0 0 0 135 66
103 102 116 125 108 116 133 109 111 128 106 102 1 0 0 0 0
99 101 234 290 102 264 427 118 197 420 153 96 2 0 0 0 0
91 97 122 143 97 145 208 100 136 238 107 93 3 0 0 0 0
103 105 104 109 107 107 112 111 107 105 108 108 4 0 0 0 0
96 100 102 107 100 104 111 103 158 238 109 93 5 0 0 0 0
101 104 103 106 103 106 113 107 143 206 109 95 6 0 0 0 0
103 105 102 106 104 105 108 108 107 97 100 99 7 0 0 0 0
99 105 106 107 105 106 111 105 104 99 102 99 8 0 0 0 0
104 110 107 112 105 112 111 104 106 104 103 101 9 0 0 0 0
97 99 98 97 100 97 102 98 101 93 94 98 10 0 0 0 0
101 94 95 101 97 98 99 94 99 91 96 15000 11 0 0 0 0
Chip#1
101 102 97 102 101 98 101 100 97 95 96 98 0 0 128 135 66
98 100 111 118 98 110 132 103 100 124 100 100 1 0 0 0 0
102 102 240 297 102 265 426 117 195 416 153 102 2 0 0 0 0
97 104 130 152 100 153 213 104 136 238 113 101 3 0 0 0 0
97 100 96 97 101 101 104 101 106 100 102 98 4 0 0 0 0
96 102 107 113 102 106 113 103 160 238 112 101 5 0 0 0 0
104 101 104 108 102 106 109 108 143 222 108 101 6 0 0 0 0
102 102 104 103 103 103 107 103 104 100 98 100 7 0 0 0 0
101 101 113 112 104 108 114 107 99 99 103 101 8 0 0 0 0
99 105 108 104 103 105 112 104 101 97 95 100 9 0 0 0 0
101 100 99 103 100 99 101 97 101 97 98 100 10 0 0 0 0
99 101 100 101 101 97 101 104 100 100 102 15000 11 0 0 0 0
Chip#1
97 100 98 101 97 100 105 97 101 99 101 100 0 0 0 136 66
96 94 107 116 96 108 131 101 100 113 95 93 1 0 0 0 0
97 97 237 291 104 264 429 118 195 412 138 98 2 0 0 0 0
101 105 130 155 107 154 213 105 143 238 118 100 3 0 0 0 0
101 94 96 98 101 98 97 97 99 92 94 92 4 0 0 0 0
93 96 103 102 100 99 105 101 153 238 108 93 5 0 0 0 0
103 104 106 110 108 105 109 105 138 206 109 105 6 0 0 0 0
102 104 99 107 104 105 107 105 107 97 102 101 7 0 0 0 0
97 97 106 104 97 100 109 102 99 88 91 95 8 0 0 0 0
101 101 106 110 105 104 111 104 106 96 102 104 9 0 0 0 0
98 102 103 108 100 104 109 107 109 99 101 100 10 0 0 0 0
97 99 98 97 98 95 101 97 98 91 94 15000 11 0 0 0 0
Chip#1
114 107 105 108 110 108 115 111 107 103 107 109 0 0 96 136 66
95 93 107 118 97 106 130 102 100 120 96 93 1 0 0 0 0
96 99 237 293 103 262 425 118 199 417 143 98 2 0 0 0 0
103 102 130 151 109 152 212 110 141 238 112 99 3 0 0 0 0
105 106 109 109 111 109 112 112 111 105 112 112 4 0 0 0 0
102 102 107 109 107 103 113 109 162 254 111 98 5 0 0 0 0
98 100 103 107 103 103 109 109 138 206 112 99 6 0 0 0 0
101 100 105 108 108 103 107 107 106 96 102 105 7 0 0 0 0
96 99 104 109 97 103 105 103 99 91 97 98 8 0 0 0 0
101 106 109 110 105 105 111 104 111 99 106 108 9 0 0 0 0
95 95 95 99 100 98 102 103 100 93 97 94 10 0 0 0 0
97 99 96 99 100 94 100 101 101 96 98 15000 11 0 0 0 0
Chip#1
105 101 98 98 102 99 102 103 104 96 100 100 0 0 224 136 66
106 115 121 130 112 118 138 112 111 129 111 109 1 0 0 0 0
98 105 235 288 98 263 424 116 201 409 138 96 2 0 0 0 0
102 100 130 151 97 142 212 105 139 238 112 100 3 0 0 0 0
101 106 104 106 105 104 106 105 106 101 105 105 4 0 0 0 0
101 104 108 109 102 103 113 103 157 238 108 95 5 0 0 0 0
98 100 100 106 103 106 107 105 139 206 107 100 6 0 0 0 0
102 102 100 106 98 101 107 103 107 95 97 96 7 0 0 0 0
106 106 110 118 109 110 115 113 111 107 109 106 8 0 0 0 0
92 99 99 101 94 99 104 97 98 91 97 95 9 0 0 0 0
99 101 100 104 101 99 107 102 101 95 96 95 10 0 0 0 0
102 102 100 99 105 100 108 104 108 99 101 15000 11 0 0 0 0
Chip#1
102 99 100 99 101 98 104 102 104 95 98 98 0 0 64 137 66
108 107 121 127 107 121 136 110 112 130 108 108 1 0 0 0 0
104 101 238 292 104 258 426 117 200 415 141 100 2 0 0 0 0
97 100 129 153 104 152 218 104 139 238 111 100 3 0 0 0 0
103 97 95 98 100 101 105 101 101 99 102 96 4 0 0 0 0
106 105 111 114 104 107 119 108 168 254 116 104 5 0 0 0 0
104 101 102 110 103 107 113 112 140 206 111 100 6 0 0 0 0
101 99 98 96 104 103 107 98 100 99 98 99 7 0 0 0 0
93 97 97 106 96 99 106 98 103 95 96 92 8 0 0 0 0
102 99 108 109 108 107 113 105 108 97 103 101 9 0 0 0 0
103 107 100 106 104 105 108 107 106 101 103 101 10 0 0 0 0
101 97 103 101 101 99 107 104 100 99 102 15000 11 0 0 0 0
Chip#1
99 101 102 101 101 101 100 103 101 97 101 100 0 0 128 137 66
93 95 106 112 98 106 122 103 103 121 96 98 1 0 0 0 0
98 96 235 290 103 258 424 116 196 423 153 99 2 0 0 0 0
96 99 128 149 101 146 210 100 134 238 112 98 3 0 0 0 0
102 100 97 102 104 100 107 104 102 104 98 93 4 0 0 0 0
98 102 106 110 104 105 108 105 159 238 111 101 5 0 0 0 0
97 100 98 104 101 100 107 102 134 206 103 96 6 0 0 0 0
97 100 98 101 103 98 101 108 103 95 97 96 7 0 0 0 0
97 102 106 113 101 104 108 111 104 93 102 98 8 0 0 0 0
93 94 96 98 94 95 105 97 97 92 92 93 9 0 0 0 0
99 102 97 102 102 99 105 104 103 97 97 96 10 0 0 0 0
101 99 93 102 105 100 107 104 102 97 96 15000 11 0 0 0 0
Chip#1
101 102 92 99 97 97 97 96 100 92 97 100 0 0 224 137 66
104 100 115 123 103 114 131 105 104 120 103 99 1 0 0 0 0
99 99 231 291 104 258 419 118 191 413 153 99 2 0 0 0 0
101 101 127 152 98 146 208 101 132 238 108 96 3 0 0 0 0
101 97 98 101 102 100 102 103 104 99 100 98 4 0 0 0 0
102 101 107 116 105 104 114 109 167 254 119 101 5 0 0 0 0
109 102 106 114 109 114 113 113 145 206 118 105 6 0 0 0 0
104 104 100 102 108 103 105 102 109 97 101 99 7 0 0 0 0
98 105 109 108 103 106 108 104 104 100 101 100 8 0 0 0 0
102 99 106 108 100 103 109 103 104 97 98 96 9 0 0 0 0
102 102 103 108 104 103 106 103 106 96 102 101 10 0 0 0 0
97 96 94 97 101 95 99 98 94 91 97 15000 11 0 0 0 0
Chip#1
108 105 102 110 104 108 108 108 107 101 107 107 0 0 32 138 66
101 106 114 123 104 115 134 105 108 126 108 101 1 0 0 0 0
98 101 232 284 97 258 418 110 194 408 139 95 2 0 0 0 0
101 104 130 151 103 150 210 102 141 238 111 99 3 0 0 0 0
103 104 100 103 103 103 105 103 106 108 103 100 4 0 0 0 0
95 96 102 104 96 93 102 100 149 238 100 93 5 0 0 0 0
102 99 99 101 98 101 107 102 137 190 103 98 6 0 0 0 0
103 97 99 102 102 98 106 104 102 99 100 98 7 0 0 0 0
101 104 108 109 104 104 111 104 106 104 102 105 8 0 0 0 0
101 101 103 107 100 101 111 103 106 100 100 98 9 0 0 0 0
104 101 102 104 105 99 106 105 107 97 102 95 10 0 0 0 0
99 100 95 99 100 95 100 101 102 101 100 15000 11 0 0 0 0
Chip#1
101 101 98 98 98 100 102 101 104 95 98 104 0 0 160 138 66
99 99 111 115 101 109 129 102 101 121 102 99 1 0 0 0 0
102 102 233 288 107 264 427 121 200 416 145 102 2 0 0 0 0
102 105 132 151 108 147 214 103 139 254 114 101 3 0 0 0 0
103 100 97 101 103 101 102 105 99 99 98 95 4 0 0 0 0
102 101 103 109 101 99 111 104 158 238 108 95 5 0 0 0 0
98 94 100 102 100 98 107 102 132 206 102 96 6 0 0 0 0
110 111 107 107 110 108 109 112 109 104 111 105 7 0 0 0 0
93 101 102 108 101 105 101 103 102 93 96 101 8 0 0 0 0
90 100 97 97 96 97 104 96 93 88 96 94 9 0 0 0 0
101 100 96 104 101 99 100 101 101 93 98 96 10 0 0 0 0
103 97 97 101 102 99 106 105 104 99 102 15000 11 0 0 0 0
Chip#1
104 99 95 101 104 99 104 103 99 99 101 105 0 0 32 139 66
96 94 110 115 98 110 127 98 100 118 98 96 1 0 0 0 0
99 102 235 290 100 256 423 119 194 412 153 95 2 0 0 0 0
93 106 127 148 97 148 209 103 132 238 107 99 3 0 0 0 0
104 102 102 104 101 106 108 108 106 104 103 99 4 0 0 0 0
98 99 103 107 98 103 112 104 157 238 107 100 5 0 0 0 0
97 99 98 98 97 101 108 101 133 206 100 93 6 0 0 0 0
92 95 93 97 97 95 102 98 99 91 93 93 7 0 0 0 0
101 102 107 112 97 106 109 103 101 95 101 96 8 0 0 0 0
93 91 96 96 98 94 99 96 97 88 92 93 9 0 0 0 0
97 100 99 97 101 104 106 103 102 101 96 102 10 0 0 0 0
101 97 99 101 104 99 105 105 97 99 103 15000 11 0 0 0 0
Chip#1
106 104 104 103 105 99 105 104 104 107 108 107 0 0 160 139 66
99 101 111 119 95 116 129 100 102 122 101 96 1 0 0 0 0
92 96 228 279 98 256 418 114 188 402 153 95 2 0 0 0 0
103 106 128 149 100 150 215 105 140 238 113 101 3 0 0 0 0
97 97 98 102 98 97 105 101 102 101 100 98 4 0 0 0 0
92 95 100 104 97 98 106 98 153 254 106 94 5 0 0 0 0
102 99 100 107 97 103 108 104 140 206 106 100 6 0 0 0 0
102 101 100 102 101 100 106 105 103 100 103 102 7 0 0 0 0
99 101 110 114 103 107 112 108 102 105 100 100 8 0 0 0 0
99 99 107 103 98 103 112 102 99 96 100 98 9 0 0 0 0
99 99 102 102 101 101 108 103 107 96 98 102 10 0 0 0 0
104 100 104 103 101 100 106 110 108 101 105 15000 11 0 0 0 0
Chip#1
99 100 93 104 100 99 100 100 101 100 98 98 0 0 32 140 66
104 96 115 124 101 112 132 102 108 124 101 101 1 0 0 0 0
101 100 232 287 104 261 419 114 192 413 138 101 2 0 0 0 0
98 99 127 151 100 145 207 103 134 254 107 95 3 0 0 0 0
102 104 98 102 102 103 104 104 102 100 97 96 4 0 0 0 0
95 96 105 106 104 100 107 101 155 238 111 98 5 0 0 0 0
102 101 104 107 102 101 104 109 139 206 108 102 6 0 0 0 0
105 104 105 104 107 104 106 105 107 100 100 99 7 0 0 0 0
96 100 107 108 102 108 106 107 102 97 101 101 8 0 0 0 0
102 100 102 103 96 101 108 107 103 99 100 100 9 0 0 0 0
103 104 104 108 111 105 105 110 112 105 103 107 10 0 0 0 0
103 94 94 97 95 94 100 100 99 91 91 15000 11 0 0 0 0
Chip#1
102 106 97 106 108 100 106 103 101 103 106 100 0 0 160 140 66
103 102 113 120 102 112 127 105 103 122 100 99 1 0 0 0 0
99 100 231 286 102 256 419 117 189 407 153 100 2 0 0 0 0
90 97 129 148 97 144 210 103 132 238 111 99 3 0 0 0 0
97 102 96 103 103 98 105 102 103 97 97 100 4 0 0 0 0
96 99 103 107 102 103 106 102 155 254 111 100 5 0 0 0 0
96 100 99 103 100 104 112 108 140 206 107 99 6 0 0 0 0
102 99 93 103 97 100 104 102 102 96 93 98 7 0 0 0 0
101 101 103 104 98 100 107 102 102 96 98 100 8 0 0 0 0
91 90 94 92 89 91 102 95 97 91 92 98 9 0 0 0 0
89 94 91 96 95 87 97 96 93 89 94 92 10 0 0 0 0
98 99 95 104 95 97 101 101 101 99 98 15000 11 0 0 0 0
Chip#1
99 97 98 104 97 97 100 95 98 100 102 99 0 0 32 141 66
97 96 107 120 98 107 125 104 101 117 98 95 1 0 0 0 0
96 95 227 284 95 254 412 112 190 403 135 99 2 0 0 0 0
101 99 131 149 100 146 212 102 139 254 113 105 3 0 0 0 0
98 95 96 101 101 99 102 103 104 93 97 98 4 0 0 0 0
102 99 107 113 101 104 112 107 155 238 112 98 5 0 0 0 0
102 104 104 107 105 106 108 108 139 206 108 99 6 0 0 0 0
99 100 95 98 100 97 99 101 103 95 98 99 7 0 0 0 0
102 105 107 114 102 104 111 103 108 100 100 104 8 0 0 0 0
93 99 99 103 100 101 107 102 100 96 100 102 9 0 0 0 0
96 99 95 95 101 93 98 101 100 91 98 98 10 0 0 0 0
98 101 96 102 103 99 102 101 100 99 103 15000 11 0 0 0 0
Chip#1
97 96 94 106 97 99 102 102 100 95 100 104 0 0 128 141 66
104 100 115 119 103 106 130 107 102 121 105 101 1 0 0 0 0
99 100 228 287 102 253 416 115 194 408 140 100 2 0 0 0 0
108 110 131 159 111 156 219 113 145 238 114 106 3 0 0 0 0
98 96 99 99 97 98 101 102 102 93 91 92 4 0 0 0 0
102 101 108 113 104 106 116 107 160 254 117 102 5 0 0 0 0
97 100 103 107 101 98 108 102 139 206 103 99 6 0 0 0 0
103 100 103 108 107 105 109 112 103 103 105 106 7 0 0 0 0
97 100 107 107 100 99 109 105 102 93 98 99 8 0 0 0 0
97 97 102 100 95 101 107 100 96 90 95 99 9 0 0 0 0
101 96 98 102 105 101 107 107 106 93 101 106 10 0 0 0 0
108 104 105 104 104 103 111 109 106 104 106 15000 11 0 0 0 0
Chip#1
101 100 92 99 101 99 101 101 98 91 97 98 0 0 224 141 66
101 100 111 126 107 112 131 107 106 118 102 100 1 0 0 0 0
101 99 233 285 102 257 416 117 192 403 140 95 2 0 0 0 0
96 95 122 151 101 142 207 100 131 238 108 95 3 0 0 0 0
97 101 96 104 103 103 106 105 102 105 98 98 4 0 0 0 0
103 99 103 113 104 105 115 110 159 254 113 101 5 0 0 0 0
93 93 94 93 94 98 101 98 128 190 98 87 6 0 0 0 0
102 102 98 103 102 103 107 102 107 96 101 96 7 0 0 0 0
103 105 108 115 104 104 112 104 102 100 102 100 8 0 0 0 0
99 100 98 108 103 104 111 103 102 97 96 99 9 0 0 0 0
98 97 99 103 103 104 104 105 102 99 93 93 10 0 0 0 0
101 97 100 102 101 101 105 103 98 97 97 15000 11 0 0 0 0
Chip#1
103 100 95 99 98 101 105 103 101 96 101 99 0 0 96 142 66
105 102 108 123 104 114 133 107 107 125 100 101 1 0 0 0 0
108 106 237 294 108 261 418 125 200 408 153 106 2 0 0 0 0
101 104 123 155 104 144 206 110 138 254 119 100 3 0 0 0 0
104 106 102 107 109 105 112 111 108 104 105 104 4 0 0 0 0
92 89 95 103 95 92 101 96 148 238 98 88 5 0 0 0 0
96 96 98 104 97 98 104 100 133 190 101 93 6 0 0 0 0
93 96 98 98 100 97 100 100 100 92 96 95 7 0 0 0 0
96 95 102 107 102 101 105 102 99 95 97 99 8 0 0 0 0
99 100 106 104 101 101 107 105 106 96 102 100 9 0 0 0 0
102 100 100 106 102 105 105 105 106 96 98 98 10 0 0 0 0
93 93 91 96 100 95 96 100 94 87 94 15000 11 0 0 0 0
Chip#1
105 102 99 99 104 100 101 103 103 96 103 104 0 0 160 142 66
102 100 110 123 103 111 133 108 108 126 101 101 1 0 0 0 0
103 105 233 290 108 252 420 117 191 406 145 101 2 0 0 0 0
95 95 120 141 100 141 207 101 134 238 109 96 3 0 0 0 0
93 89 91 96 98 92 102 94 97 89 94 90 4 0 0 0 0
99 100 109 113 104 105 113 108 157 238 118 99 5 0 0 0 0
104 101 104 108 103 104 109 108 136 206 111 102 6 0 0 0 0
97 97 96 99 101 101 105 101 101 93 100 99 7 0 0 0 0
98 101 104 106 100 105 109 102 99 99 98 100 8 0 0 0 0
101 104 106 107 103 109 113 107 107 100 101 104 9 0 0 0 0
97 99 95 98 97 94 105 100 98 96 101 95 10 0 0 0 0
96 94 95 97 96 98 101 102 100 93 98 15000 11 0 0 0 0
Chip#1
102 101 99 107 101 100 106 105 102 96 102 100 0 0 224 142 66
102 102 111 125 100 111 131 101 104 124 101 100 1 0 0 0 0
95 95 222 274 96 247 403 109 189 396 130 90 2 0 0 0 0
98 100 126 148 98 146 209 100 133 238 107 99 3 0 0 0 0
99 100 96 102 98 97 102 103 101 99 102 98 4 0 0 0 0
105 106 108 114 105 111 117 109 159 238 112 99 5 0 0 0 0
97 94 96 103 98 98 106 101 129 206 100 90 6 0 0 0 0
93 99 97 99 100 97 99 96 101 91 97 93 7 0 0 0 0
102 105 107 113 107 105 111 108 103 108 106 104 8 0 0 0 0
98 99 98 102 98 101 105 101 101 93 98 100 9 0 0 0 0
106 104 103 107 104 101 101 107 101 104 103 101 10 0 0 0 0
102 102 99 102 105 104 107 108 103 101 101 15000 11 0 0 0 0
Chip#1
109 105 102 102 100 101 108 102 99 100 101 105 0 0 96 143 66
98 95 107 118 98 106 128 97 100 121 100 96 1 0 0 0 0
96 95 221 279 102 250 404 112 184 397 135 94 2 0 0 0 0
101 101 134 149 101 148 208 107 138 238 116 99 3 0 0 0 0
103 102 103 104 100 101 107 105 103 100 101 100 4 0 0 0 0
106 107 110 118 109 111 119 111 167 254 122 107 5 0 0 0 0
104 106 103 109 102 108 111 108 136 190 114 106 6 0 0 0 0
104 101 102 102 103 101 106 110 104 100 105 102 7 0 0 0 0
103 102 109 113 105 114 115 105 109 104 105 105 8 0 0 0 0
98 104 102 102 100 98 106 103 98 96 100 99 9 0 0 0 0
93 96 94 93 94 93 97 95 94 89 92 90 10 0 0 0 0
92 90 91 96 95 93 94 94 94 95 95 15000 11 0 0 0 0
Chip#1
93 95 96 96 94 94 99 98 96 96 101 98 0 0 224 143 66
98 93 111 118 96 110 128 100 104 121 101 99 1 0 0 0 0
102 100 233 288 104 259 415 119 194 408 153 104 2 0 0 0 0
99 102 127 148 103 142 207 101 132 238 117 99 3 0 0 0 0
103 104 100 109 102 106 102 105 102 100 101 98 4 0 0 0 0
97 101 103 102 97 100 107 101 157 238 108 96 5 0 0 0 0
98 97 96 99 97 98 100 100 127 190 107 93 6 0 0 0 0
106 101 100 98 95 99 104 98 98 96 100 96 7 0 0 0 0
96 97 98 102 100 95 100 97 97 93 96 93 8 0 0 0 0
101 102 105 106 105 103 108 105 106 97 98 98 9 0 0 0 0
102 100 105 107 104 106 106 105 108 103 101 100 10 0 0 0 0
106 101 102 104 100 100 107 104 99 99 106 15000 11 0 0 0 0
Chip#1
98 96 94 97 100 97 98 97 98 91 97 96 0 0 96 144 66
97 100 111 119 101 105 131 101 102 124 103 98 1 0 0 0 0
104 101 227 284 109 253 416 117 192 407 139 105 2 0 0 0 0
109 109 136 153 110 156 215 112 143 238 117 102 3 0 0 0 0
102 107 97 101 105 104 107 104 107 100 105 105 4 0 0 0 0
105 104 109 113 104 110 116 109 159 254 113 105 5 0 0 0 0
99 101 96 102 102 103 109 102 136 206 106 104 6 0 0 0 0
103 102 98 106 105 100 109 102 108 96 98 100 7 0 0 0 0
93 97 104 109 98 100 111 98 98 95 95 98 8 0 0 0 0
97 96 100 103 100 100 104 100 100 91 98 99 9 0 0 0 0
105 104 105 107 109 104 108 105 103 104 105 102 10 0 0 0 0
102 97 97 93 102 99 100 101 100 92 96 15000 11 0 0 0 0
Chip#1
109 105 104 110 108 101 111 109 102 103 107 111 0 0 0 145 66
99 97 106 115 98 109 131 100 100 111 96 96 1 0 0 0 0
103 102 231 284 107 254 412 118 191 402 153 101 2 0 0 0 0
102 102 129 148 102 145 210 103 132 238 107 101 3 0 0 0 0
97 95 94 103 96 98 102 98 94 96 102 94 4 0 0 0 0
97 104 106 110 105 103 109 102 154 238 114 100 5 0 0 0 0
106 104 102 107 107 103 111 105 138 206 106 100 6 0 0 0 0
97 99 98 98 103 97 102 100 99 95 98 100 7 0 0 0 0
96 96 103 109 95 99 106 103 98 92 98 98 8 0 0 0 0
101 102 105 108 102 106 112 108 106 101 102 102 9 0 0 0 0
95 107 97 101 93 94 106 105 101 96 97 100 10 0 0 0 0
98 100 99 103 100 95 105 101 98 93 100 15000 11 0 0 0 0
Chip#1
108 111 108 107 104 105 113 107 106 100 109 110 0 0 96 145 66
99 99 113 121 103 110 134 102 101 118 101 104 1 0 0 0 0
95 96 226 280 104 253 407 116 188 397 130 100 2 0 0 0 0
102 102 132 154 105 150 209 103 136 238 112 102 3 0 0 0 0
101 100 99 102 103 101 108 104 100 105 98 99 4 0 0 0 0
102 100 105 110 101 100 111 101 155 238 113 99 5 0 0 0 0
102 104 105 110 101 103 112 105 136 206 102 98 6 0 0 0 0
103 102 103 109 105 109 109 108 108 96 105 101 7 0 0 0 0
102 104 111 109 103 111 112 108 107 103 100 105 8 0 0 0 0
93 95 98 98 91 97 105 94 99 89 92 96 9 0 0 0 0
98 97 96 103 96 95 102 98 97 95 97 98 10 0 0 0 0
105 99 98 99 101 98 106 102 102 91 100 15000 11 0 0 0 0
Chip#1
99 96 92 98 97 98 98 97 97 93 100 95 0 0 0 146 66
96 96 106 121 96 103 125 97 97 115 93 94 1 0 0 0 0
108 102 231 285 104 258 410 119 200 404 153 104 2 0 0 0 0
99 101 128 152 101 147 213 107 131 254 114 94 3 0 0 0 0
104 106 104 106 104 100 107 108 109 108 105 105 4 0 0 0 0
95 97 102 108 100 97 108 100 152 238 106 94 5 0 0 0 0
108 102 107 112 104 106 112 107 139 190 111 105 6 0 0 0 0
104 105 100 107 102 101 112 104 103 103 102 99 7 0 0 0 0
101 105 108 114 100 105 111 98 100 101 101 101 8 0 0 0 0
97 97 103 107 103 99 108 101 104 93 96 96 9 0 0 0 0
98 101 100 103 96 97 105 102 99 95 98 99 10 0 0 0 0
102 99 96 102 98 99 106 101 103 97 98 15000 11 0 0 0 0
Chip#1
102 101 96 103 94 99 102 103 99 90 101 101 0 0 96 146 66
98 99 109 118 100 109 128 102 100 115 95 98 1 0 0 0 0
99 97 227 286 103 248 407 115 186 401 138 99 2 0 0 0 0
104 100 128 148 103 141 213 103 136 238 111 105 3 0 0 0 0
99 102 102 103 101 97 107 107 99 96 101 98 4 0 0 0 0
99 104 106 109 102 109 112 108 155 238 112 104 5 0 0 0 0
99 100 105 108 104 105 112 105 137 206 105 100 6 0 0 0 0
102 109 103 108 107 109 108 109 106 101 105 105 7 0 0 0 0
90 94 100 106 94 92 105 96 93 88 95 93 8 0 0 0 0
98 101 102 107 101 100 104 101 102 100 103 102 9 0 0 0 0
96 100 96 107 95 95 104 102 98 96 95 100 10 0 0 0 0
103 100 100 107 104 99 106 102 102 97 100 15000 11 0 0 0 0
Chip#1
105 102 98 104 104 105 109 111 100 100 102 104 0 0 224 146 66
102 96 108 119 102 109 131 104 103 120 100 96 1 0 0 0 0
104 97 231 285 107 253 409 119 195 403 145 102 2 0 0 0 0
99 97 127 148 97 146 202 100 128 238 109 95 3 0 0 0 0
105 104 103 104 102 99 106 104 104 103 106 102 4 0 0 0 0
103 105 113 109 108 106 116 103 160 238 112 99 5 0 0 0 0
106 107 108 113 104 110 114 107 142 206 111 104 6 0 0 0 0
104 110 104 110 110 106 109 105 107 100 103 104 7 0 0 0 0
105 106 109 118 105 109 117 111 108 107 103 106 8 0 0 0 0
102 104 104 112 104 105 115 103 102 101 98 104 9 0 0 0 0
106 111 106 110 109 104 112 113 106 101 103 106 10 0 0 0 0
102 99 96 97 102 98 106 103 100 95 98 15000 11 0 0 0 0
Chip#1
104 102 99 106 101 103 102 101 104 101 102 104 0 0 32 147 66
98 100 114 116 107 109 129 104 104 118 102 98 1 0 0 0 0
101 104 233 283 108 254 404 122 192 399 141 105 2 0 0 0 0
101 106 128 151 104 146 209 105 139 238 117 104 3 0 0 0 0
103 100 103 102 101 103 106 102 106 104 103 99 4 0 0 0 0
96 100 106 106 103 101 108 102 154 238 108 99 5 0 0 0 0
104 101 102 102 102 105 109 104 136 190 108 96 6 0 0 0 0
104 104 99 104 110 103 111 104 103 97 103 99 7 0 0 0 0
103 104 108 114 103 103 111 107 106 103 101 102 8 0 0 0 0
99 99 108 107 100 104 113 103 107 101 106 105 9 0 0 0 0
104 106 106 107 108 105 108 111 106 101 105 106 10 0 0 0 0
95 94 99 99 96 95 101 102 100 95 98 15000 11 0 0 0 0
Chip#1
108 111 105 110 105 106 111 109 108 101 107 104 0 0 192 147 66
110 110 118 131 110 121 138 111 109 129 107 105 1 0 0 0 0
99 104 232 281 105 257 404 116 190 397 141 100 2 0 0 0 0
96 100 125 146 101 142 201 98 137 254 108 96 3 0 0 0 0
103 105 104 106 108 106 112 108 103 108 108 104 4 0 0 0 0
102 101 108 110 102 97 111 101 154 238 114 98 5 0 0 0 0
99 100 102 104 102 105 108 104 136 206 106 98 6 0 0 0 0
111 110 106 112 108 106 111 111 112 108 108 104 7 0 0 0 0
97 102 106 110 100 106 109 107 103 100 100 100 8 0 0 0 0
99 99 103 101 97 100 102 102 98 96 97 96 9 0 0 0 0
98 104 95 98 100 101 107 102 98 99 98 98 10 0 0 0 0
104 101 97 101 104 95 106 107 99 100 107 15000 11 0 0 0 0
Chip#1
97 97 94 101 93 92 102 103 101 95 97 96 0 0 96 148 66
96 102 113 115 102 109 129 107 104 121 103 100 1 0 0 0 0
99 97 225 280 102 246 401 114 188 392 138 100 2 0 0 0 0
101 105 129 151 103 152 206 111 136 238 117 104 3 0 0 0 0
97 100 97 102 104 99 108 108 108 103 101 104 4 0 0 0 0
91 96 100 104 96 97 108 101 149 238 106 93 5 0 0 0 0
97 102 105 102 101 104 111 107 136 206 107 101 6 0 0 0 0
99 100 100 103 100 100 107 102 101 93 103 95 7 0 0 0 0
98 101 106 110 96 100 107 107 99 100 102 100 8 0 0 0 0
93 94 103 98 94 95 102 98 98 90 98 94 9 0 0 0 0
98 95 102 103 102 103 106 104 99 95 98 105 10 0 0 0 0
101 100 99 101 102 100 107 105 101 97 103 15000 11 0 0 0 0
Chip#1
99 100 97 98 96 99 104 96 100 99 106 104 0 0 224 148 66
99 100 113 123 101 111 131 107 107 118 107 101 1 0 0 0 0
99 96 228 274 98 246 396 113 184 390 133 93 2 0 0 0 0
103 100 130 152 103 152 204 109 143 238 117 101 3 0 0 0 0
103 99 100 104 103 104 106 104 103 96 98 100 4 0 0 0 0
97 97 104 102 97 104 106 98 148 238 109 95 5 0 0 0 0
97 94 98 102 95 100 105 104 131 190 100 98 6 0 0 0 0
102 97 94 98 97 95 102 102 100 93 97 93 7 0 0 0 0
98 101 109 112 101 104 112 108 104 97 102 102 8 0 0 0 0
102 94 102 106 101 101 108 101 102 93 100 95 9 0 0 0 0
99 104 106 104 103 105 108 103 104 107 98 104 10 0 0 0 0
101 97 98 98 97 100 102 102 101 93 101 15000 11 0 0 0 0
Chip#1
104 102 102 101 101 104 106 104 100 100 102 104 0 0 128 149 66
99 105 114 126 102 116 132 104 104 125 105 102 1 0 0 0 0
99 97 221 274 103 246 399 114 189 394 136 95 2 0 0 0 0
101 101 126 148 101 148 205 103 131 238 109 95 3 0 0 0 0
92 95 92 96 98 99 102 100 93 95 97 95 4 0 0 0 0
103 104 106 112 105 106 115 108 149 238 114 99 5 0 0 0 0
104 104 106 107 103 106 108 109 139 206 109 104 6 0 0 0 0
104 105 99 108 107 105 106 108 107 96 102 100 7 0 0 0 0
92 94 99 107 98 103 106 97 99 93 98 96 8 0 0 0 0
93 95 96 102 95 97 105 98 100 93 95 95 9 0 0 0 0
98 99 98 103 98 99 106 98 99 92 97 95 10 0 0 0 0
101 104 97 104 104 101 104 104 107 97 98 15000 11 0 0 0 0
Chip#1
102 105 95 102 100 98 101 102 106 99 102 96 0 0 224 149 66
103 101 112 123 105 116 135 109 109 130 106 101 1 0 0 0 0
103 104 220 280 103 251 400 115 188 397 141 104 2 0 0 0 0
96 97 125 147 100 140 199 101 134 238 106 95 3 0 0 0 0
99 105 103 106 104 104 108 105 101 107 105 98 4 0 0 0 0
92 97 103 107 98 100 109 98 150 222 105 98 5 0 0 0 0
103 100 102 109 100 105 108 107 140 206 109 101 6 0 0 0 0
108 107 104 108 110 108 111 109 107 105 105 104 7 0 0 0 0
101 101 106 108 103 105 109 103 103 95 103 100 8 0 0 0 0
97 95 103 108 101 99 107 102 100 96 95 98 9 0 0 0 0
101 100 100 103 102 100 100 100 98 96 101 100 10 0 0 0 0
99 99 94 98 97 94 104 98 100 93 97 15000 11 0 0 0 0
Chip#1
96 107 102 106 103 106 112 107 100 100 100 106 0 0 128 150 66
97 99 109 119 100 108 131 103 99 122 96 100 1 0 0 0 0
96 97 225 274 101 246 398 117 186 391 135 100 2 0 0 0 0
98 97 127 146 97 146 205 103 134 222 111 100 3 0 0 0 0
102 100 102 104 98 101 106 102 103 100 100 99 4 0 0 0 0
92 99 99 101 100 101 108 100 149 238 109 95 5 0 0 0 0
98 104 105 106 102 105 109 104 138 190 108 100 6 0 0 0 0
105 100 100 103 104 103 106 104 103 101 106 98 7 0 0 0 0
92 95 100 101 95 93 100 100 100 90 91 90 8 0 0 0 0
98 105 105 107 100 109 109 103 103 101 100 101 9 0 0 0 0
101 94 99 99 97 95 100 101 100 95 100 98 10 0 0 0 0
101 99 99 101 100 97 104 109 101 96 100 15000 11 0 0 0 0
Chip#1
101 99 97 102 101 99 105 101 100 93 100 100 0 0 224 150 66
93 94 105 115 98 109 124 100 101 120 97 92 1 0 0 0 0
99 105 223 281 107 250 407 118 192 399 144 101 2 0 0 0 0
99 99 125 145 97 145 199 102 134 238 109 95 3 0 0 0 0
99 100 99 103 104 101 107 103 101 100 103 99 4 0 0 0 0
106 105 114 114 114 108 116 110 162 238 116 106 5 0 0 0 0
99 99 100 106 96 101 105 104 132 190 102 93 6 0 0 0 0
98 101 99 99 100 99 102 102 102 95 98 98 7 0 0 0 0
101 97 105 108 103 103 112 103 103 100 96 99 8 0 0 0 0
97 95 102 108 95 103 107 98 98 97 100 95 9 0 0 0 0
101 99 102 103 101 97 111 102 101 96 98 100 10 0 0 0 0
103 99 100 103 97 99 105 107 102 99 100 15000 11 0 0 0 0
