Chipdp
84 2 37 2 8 3 4 8 5 9 5 8 6 9 6 4 8 3 9 3 8 2 9 2 4 6 6 5 6 6 5 5 5 4 6 2 5 2 6 3 5 3 4 6 8 5 8 6 9 5 9 4 2 8 3 8 2 9 3 9 4 2 5 3 5 2 6 3 6 4 2 2 3 2 2 3 3 3 4 9 7 10 7 9 6 10 6 4 9 10 10 10 9 9 10 9 4 7 7 6 7 7 6 6 6 4 7 10 6 10 7 9 6 9 4 7 3 7 4 6 3 6 4 4 4 4 4 3 3 4 3 3 4 3 7 4 7 3 6 4 6 4 3 10 4 10 3 9 4 9 
Chip#1
113 103 103 105 108 106 106 104 108 103 105 111 0 0 64 115 66
105 104 152 178 107 137 203 110 118 198 106 103 1 0 0 0 0
102 103 607 806 118 644 1261 154 456 1301 244 99 2 0 0 0 0
105 107 227 311 114 274 498 116 257 652 148 106 3 0 0 0 0
99 99 114 127 104 109 121 107 110 111 101 98 4 0 0 0 0
97 103 541 550 104 397 630 115 333 741 147 98 5 0 0 0 0
99 103 265 278 108 249 378 107 273 542 133 103 6 0 0 0 0
99 100 108 115 105 106 111 105 110 106 104 100 7 0 0 0 0
107 110 488 492 112 387 464 111 109 109 106 104 8 0 0 0 0
103 108 334 313 112 381 447 112 109 103 104 104 9 0 0 0 0
105 105 103 109 107 104 110 110 109 103 104 100 10 0 0 0 0
114 111 107 112 111 112 113 109 110 110 106 15000 11 0 0 0 0
Chip#2
110 112 109 106 106 105 105 105 104 104 106 110 0 0 64 117 66
104 103 103 99 102 100 100 103 101 99 99 105 1 0 0 0 0
110 109 105 105 105 102 102 103 101 103 104 108 2 0 0 0 0
111 109 118 229 159 107 230 197 105 171 196 110 3 0 0 0 0
111 109 131 349 223 111 301 235 107 185 203 111 4 0 0 0 0
108 103 103 124 115 101 111 109 101 104 104 105 5 0 0 0 0
102 105 107 151 130 102 328 329 101 283 438 124 6 0 0 0 0
103 98 117 273 199 110 631 646 110 429 663 143 7 0 0 0 0
107 107 109 132 122 106 150 149 106 118 141 108 8 0 0 0 0
107 106 105 103 108 101 210 268 110 205 370 122 9 0 0 0 0
102 102 103 101 105 101 491 687 125 379 709 182 10 0 0 0 0
110 109 110 106 110 110 161 205 107 130 191 15000 11 0 0 0 0
Chip#1
111 105 102 106 100 103 105 104 104 102 104 110 0 0 0 119 66
115 114 156 184 116 149 213 118 129 207 115 113 1 0 0 0 0
91 99 592 777 111 626 1232 147 444 1251 236 97 2 0 0 0 0
102 103 215 305 110 269 490 110 239 633 144 104 3 0 0 0 0
96 98 112 122 103 106 119 101 105 111 99 98 4 0 0 0 0
109 108 534 550 112 394 625 126 339 725 154 106 5 0 0 0 0
104 104 264 294 110 251 374 112 257 542 128 102 6 0 0 0 0
105 105 114 121 110 110 114 108 114 109 107 105 7 0 0 0 0
101 105 483 483 109 378 453 110 109 102 97 104 8 0 0 0 0
104 107 332 310 110 368 439 111 110 105 101 106 9 0 0 0 0
102 100 99 107 103 103 107 102 101 101 97 102 10 0 0 0 0
105 103 105 105 103 107 105 104 106 99 100 15000 11 0 0 0 0
Chip#2
111 110 107 106 106 104 105 103 102 106 104 108 0 0 0 119 66
118 117 114 113 114 111 110 111 108 112 111 113 1 0 0 0 0
114 111 104 110 108 105 108 107 102 106 109 108 2 0 0 0 0
110 111 119 228 158 112 229 193 105 177 194 110 3 0 0 0 0
106 109 130 338 219 106 301 225 101 182 192 110 4 0 0 0 0
110 114 109 127 122 107 113 110 105 107 108 108 5 0 0 0 0
108 110 108 150 133 107 327 325 102 278 433 122 6 0 0 0 0
110 109 120 275 203 112 625 641 112 429 657 143 7 0 0 0 0
109 110 110 133 124 107 148 149 105 121 140 111 8 0 0 0 0
112 114 113 111 114 110 215 272 108 209 370 132 9 0 0 0 0
113 115 112 110 113 109 500 688 134 383 710 191 10 0 0 0 0
111 107 110 108 111 104 156 205 107 129 185 15000 11 0 0 0 0
Chip#1
116 100 104 107 101 101 107 103 106 105 104 113 0 0 0 121 66
98 100 149 173 105 135 202 105 116 195 104 103 1 0 0 0 0
102 102 599 786 119 632 1235 153 446 1241 238 102 2 0 0 0 0
103 104 213 308 109 266 488 115 240 632 144 103 3 0 0 0 0
105 108 121 132 109 114 126 110 116 118 106 105 4 0 0 0 0
98 103 530 550 109 388 616 116 334 725 153 103 5 0 0 0 0
102 102 258 269 104 244 362 107 257 533 129 102 6 0 0 0 0
98 98 107 111 101 103 107 100 109 95 96 98 7 0 0 0 0
107 112 483 481 110 377 451 115 111 109 105 104 8 0 0 0 0
105 103 323 307 107 365 428 108 108 102 101 102 9 0 0 0 0
98 98 98 102 97 101 102 96 99 94 94 96 10 0 0 0 0
101 104 102 107 102 102 106 105 106 101 98 15000 11 0 0 0 0
Chip#2
103 105 100 97 102 96 100 98 99 99 99 106 0 0 0 121 66
111 111 104 100 107 102 104 105 102 101 105 111 1 0 0 0 0
113 109 103 104 105 105 104 107 104 105 106 111 2 0 0 0 0
103 103 110 218 146 104 216 187 99 166 188 107 3 0 0 0 0
107 101 124 331 220 109 263 224 102 183 196 108 4 0 0 0 0
110 105 103 127 114 106 111 110 105 109 111 107 5 0 0 0 0
107 106 102 148 131 104 322 323 102 277 431 123 6 0 0 0 0
109 111 119 276 204 117 619 641 116 429 657 148 7 0 0 0 0
104 103 103 130 117 105 140 145 101 116 136 108 8 0 0 0 0
109 114 108 108 110 109 214 269 107 206 365 133 9 0 0 0 0
103 105 102 101 102 101 480 674 126 370 694 182 10 0 0 0 0
106 106 103 101 107 102 149 199 101 120 183 15000 11 0 0 0 0
Chip#1
110 103 99 102 98 98 105 102 104 101 98 103 0 0 0 123 66
105 104 148 177 105 138 203 109 119 197 105 103 1 0 0 0 0
104 107 596 780 122 633 1228 160 450 1242 247 106 2 0 0 0 0
105 108 227 303 110 266 485 115 257 632 149 105 3 0 0 0 0
101 107 117 127 105 112 122 107 109 118 101 102 4 0 0 0 0
105 112 525 550 110 387 610 123 333 727 152 100 5 0 0 0 0
101 102 258 269 109 245 364 110 257 533 129 100 6 0 0 0 0
102 102 106 116 105 102 108 103 108 103 102 97 7 0 0 0 0
101 108 483 472 111 371 442 109 113 106 101 102 8 0 0 0 0
104 110 326 305 110 364 428 112 110 109 106 103 9 0 0 0 0
108 108 105 106 104 110 111 108 111 110 102 100 10 0 0 0 0
114 114 106 110 108 113 110 108 114 109 107 15000 11 0 0 0 0
Chip#2
115 109 109 108 102 102 106 103 102 106 106 108 0 0 192 123 66
104 105 102 98 105 99 98 100 95 99 100 107 1 0 0 0 0
108 105 105 109 108 106 108 108 102 107 105 110 2 0 0 0 0
103 102 108 221 149 102 221 185 99 169 189 105 3 0 0 0 0
119 119 139 348 230 120 278 238 117 194 210 119 4 0 0 0 0
112 112 112 134 119 109 117 111 107 110 110 111 5 0 0 0 0
108 105 104 147 130 99 322 319 101 275 428 119 6 0 0 0 0
110 106 119 273 201 115 618 635 116 427 655 143 7 0 0 0 0
109 106 108 135 119 107 147 148 107 122 140 110 8 0 0 0 0
107 106 103 106 104 104 206 264 102 202 359 126 9 0 0 0 0
117 116 113 114 113 111 496 686 137 385 706 192 10 0 0 0 0
118 115 117 113 112 109 159 206 112 131 190 15000 11 0 0 0 0
Chip#1
115 109 107 105 111 107 113 108 114 107 109 113 0 0 0 125 66
102 102 151 173 105 137 202 107 120 194 109 102 1 0 0 0 0
102 107 593 774 119 625 1212 156 445 1269 243 109 2 0 0 0 0
99 99 206 294 104 261 476 112 235 612 144 100 3 0 0 0 0
99 100 115 122 103 110 119 105 110 111 100 99 4 0 0 0 0
98 100 518 550 108 382 601 117 328 722 148 102 5 0 0 0 0
99 100 252 263 101 239 359 107 242 517 126 99 6 0 0 0 0
108 108 118 122 115 118 121 113 115 112 112 108 7 0 0 0 0
99 105 477 468 110 365 440 109 106 106 100 100 8 0 0 0 0
96 95 312 294 105 351 423 102 103 99 98 100 9 0 0 0 0
105 102 104 106 107 104 111 103 105 103 99 104 10 0 0 0 0
105 102 101 105 109 107 107 104 111 105 102 15000 11 0 0 0 0
Chip#2
107 105 102 99 104 96 98 95 96 95 98 102 0 0 0 125 66
109 111 104 101 107 101 102 100 104 104 105 102 1 0 0 0 0
115 112 107 109 110 107 107 106 106 106 105 113 2 0 0 0 0
111 110 117 224 159 111 225 189 106 174 195 116 3 0 0 0 0
106 109 124 335 214 109 261 220 99 179 191 110 4 0 0 0 0
106 107 107 127 114 101 108 102 104 105 103 106 5 0 0 0 0
112 114 115 158 138 109 333 326 113 284 439 128 6 0 0 0 0
106 107 119 268 201 111 616 627 108 421 648 142 7 0 0 0 0
108 106 107 132 121 102 143 145 104 116 142 108 8 0 0 0 0
108 107 104 101 106 102 202 258 102 200 362 124 9 0 0 0 0
109 107 104 103 105 106 487 677 133 374 698 188 10 0 0 0 0
113 114 107 109 111 106 155 200 107 126 186 15000 11 0 0 0 0
Chip#1
110 99 97 100 103 103 104 104 104 102 97 105 0 0 192 126 66
99 103 145 174 107 137 198 105 115 192 104 102 1 0 0 0 0
105 108 587 765 122 617 1209 155 440 1250 240 100 2 0 0 0 0
105 109 227 301 109 263 481 115 257 618 149 103 3 0 0 0 0
102 104 118 127 108 114 127 109 118 116 105 102 4 0 0 0 0
103 104 518 550 108 378 600 123 331 721 152 104 5 0 0 0 0
105 103 255 266 110 241 358 107 247 517 126 102 6 0 0 0 0
103 97 110 112 104 109 113 105 109 102 101 97 7 0 0 0 0
102 104 469 459 110 363 437 108 111 101 101 99 8 0 0 0 0
104 105 314 301 104 353 421 109 106 98 101 105 9 0 0 0 0
105 104 102 102 104 103 107 105 108 103 100 103 10 0 0 0 0
102 102 99 101 101 101 104 101 106 97 97 15000 11 0 0 0 0
Chip#2
114 112 107 105 105 101 105 101 99 103 105 108 0 0 192 126 66
108 107 102 100 105 99 100 97 94 101 104 105 1 0 0 0 0
108 106 100 105 107 106 104 101 100 107 106 111 2 0 0 0 0
110 109 115 222 153 110 224 190 104 176 195 111 3 0 0 0 0
106 106 125 336 213 106 262 220 101 175 193 108 4 0 0 0 0
114 112 108 127 118 107 117 113 105 112 110 111 5 0 0 0 0
107 109 109 148 130 109 325 320 101 278 430 122 6 0 0 0 0
110 111 123 273 198 120 616 627 114 429 650 148 7 0 0 0 0
113 114 110 132 121 109 149 148 106 124 142 112 8 0 0 0 0
101 106 102 99 101 99 202 258 99 197 355 121 9 0 0 0 0
108 111 109 105 108 106 487 675 130 376 695 186 10 0 0 0 0
107 110 103 103 106 105 154 196 102 124 186 15000 11 0 0 0 0
Chip#1
115 107 104 104 105 108 107 105 110 106 102 109 0 0 64 128 66
102 105 145 173 102 133 198 107 114 192 100 100 1 0 0 0 0
102 103 586 760 117 615 1203 153 440 1244 234 99 2 0 0 0 0
101 105 208 294 108 263 476 111 257 615 147 102 3 0 0 0 0
101 100 118 122 104 110 126 107 109 115 102 100 4 0 0 0 0
96 93 507 523 101 369 586 111 322 707 143 86 5 0 0 0 0
102 103 256 265 110 239 355 110 257 517 126 100 6 0 0 0 0
96 95 105 111 102 107 111 103 106 101 99 97 7 0 0 0 0
103 105 473 460 107 360 433 105 105 102 96 98 8 0 0 0 0
105 102 312 294 105 352 416 109 105 106 97 100 9 0 0 0 0
108 105 102 111 108 110 112 107 110 105 104 103 10 0 0 0 0
101 97 96 100 100 100 103 96 100 97 98 15000 11 0 0 0 0
Chip#2
108 109 105 103 106 101 100 100 101 104 104 105 0 0 128 128 66
113 114 110 109 108 107 106 109 106 105 105 108 1 0 0 0 0
109 109 102 103 105 100 99 101 102 104 108 103 2 0 0 0 0
106 109 112 217 151 105 217 182 99 165 189 106 3 0 0 0 0
110 107 131 336 213 111 260 222 104 183 196 111 4 0 0 0 0
117 116 114 133 125 110 120 116 110 117 116 114 5 0 0 0 0
106 107 105 146 127 104 320 319 101 275 428 121 6 0 0 0 0
108 110 119 270 198 114 610 622 112 424 646 140 7 0 0 0 0
104 101 102 124 113 99 140 141 99 114 137 105 8 0 0 0 0
103 102 102 101 104 100 202 261 102 198 356 126 9 0 0 0 0
115 112 108 111 108 111 488 675 131 376 693 188 10 0 0 0 0
107 107 102 100 103 99 148 193 100 123 181 15000 11 0 0 0 0
Chip#1
114 108 102 109 104 109 110 107 108 105 105 114 0 0 224 128 66
105 99 147 172 109 138 199 108 119 197 106 106 1 0 0 0 0
102 100 587 765 121 620 1205 156 442 1246 240 105 2 0 0 0 0
104 104 227 310 111 261 474 113 257 615 150 106 3 0 0 0 0
103 108 122 129 109 113 126 108 116 116 106 110 4 0 0 0 0
110 110 522 538 115 387 601 122 335 723 156 111 5 0 0 0 0
101 103 252 265 102 235 354 108 257 517 126 103 6 0 0 0 0
103 105 108 117 107 108 111 107 109 98 101 99 7 0 0 0 0
105 105 473 461 110 365 433 111 113 103 107 108 8 0 0 0 0
93 97 306 294 96 341 409 100 103 93 94 90 9 0 0 0 0
105 103 106 106 107 110 111 107 108 106 104 103 10 0 0 0 0
105 104 104 105 107 108 108 105 109 105 102 15000 11 0 0 0 0
Chip#2
118 116 113 114 115 114 110 113 110 110 111 113 0 0 224 128 66
113 111 105 105 105 104 105 103 100 105 103 107 1 0 0 0 0
115 112 110 110 110 107 107 104 104 110 109 108 2 0 0 0 0
108 106 110 219 152 105 220 186 101 166 189 107 3 0 0 0 0
109 106 128 332 214 107 259 218 101 178 193 111 4 0 0 0 0
113 111 110 130 117 107 114 113 100 107 112 111 5 0 0 0 0
107 103 105 146 128 105 320 317 99 277 425 121 6 0 0 0 0
109 112 123 270 197 115 608 623 111 418 646 148 7 0 0 0 0
114 106 110 129 119 105 144 146 105 120 143 108 8 0 0 0 0
110 106 109 108 105 105 203 263 104 200 360 127 9 0 0 0 0
109 107 108 109 107 106 482 674 130 376 694 186 10 0 0 0 0
101 100 100 100 100 99 148 192 92 120 181 15000 11 0 0 0 0
Chip#1
113 100 100 100 102 102 107 104 103 101 102 109 0 0 128 129 66
104 98 144 171 104 136 196 101 116 193 105 103 1 0 0 0 0
102 100 577 757 112 610 1192 150 434 1230 234 100 2 0 0 0 0
101 105 209 294 103 262 471 116 238 609 145 103 3 0 0 0 0
102 104 116 122 104 109 120 108 114 112 101 100 4 0 0 0 0
108 108 509 528 109 376 588 120 325 711 149 102 5 0 0 0 0
105 108 254 267 108 243 356 115 257 517 131 102 6 0 0 0 0
98 98 101 111 102 101 104 98 100 93 95 97 7 0 0 0 0
101 103 468 459 107 360 430 110 108 101 104 100 8 0 0 0 0
101 98 307 294 102 348 412 104 103 95 99 97 9 0 0 0 0
105 105 103 105 105 104 108 105 105 101 97 98 10 0 0 0 0
105 103 101 104 101 103 103 101 108 99 102 15000 11 0 0 0 0
Chip#2
113 112 109 108 108 104 102 105 104 104 103 110 0 0 128 129 66
114 115 113 105 108 105 107 102 107 107 109 111 1 0 0 0 0
112 112 108 105 107 101 105 103 102 107 106 107 2 0 0 0 0
113 107 114 221 156 106 224 189 104 169 191 108 3 0 0 0 0
104 100 122 321 209 105 256 218 101 174 189 105 4 0 0 0 0
101 102 100 118 110 95 106 103 99 101 100 98 5 0 0 0 0
113 115 110 151 135 110 325 325 110 282 431 128 6 0 0 0 0
112 111 120 267 202 115 610 617 114 421 643 144 7 0 0 0 0
103 107 99 121 113 100 140 143 98 110 136 100 8 0 0 0 0
109 110 105 103 110 105 208 267 105 201 361 126 9 0 0 0 0
108 112 108 104 105 106 479 669 131 367 689 186 10 0 0 0 0
106 107 103 99 105 100 151 194 100 126 181 15000 11 0 0 0 0
Chip#1
116 109 101 107 107 103 110 107 114 105 105 111 0 0 64 130 66
109 109 155 184 115 142 206 116 124 203 111 111 1 0 0 0 0
101 102 580 756 116 610 1189 153 435 1229 234 100 2 0 0 0 0
104 107 227 310 109 262 471 117 257 612 144 104 3 0 0 0 0
99 100 116 124 107 108 121 107 110 116 102 100 4 0 0 0 0
104 112 512 528 111 378 594 119 329 716 153 106 5 0 0 0 0
101 104 247 265 108 238 351 109 257 517 127 99 6 0 0 0 0
96 100 100 106 98 101 105 101 103 97 100 97 7 0 0 0 0
102 103 461 455 109 360 427 107 105 97 99 98 8 0 0 0 0
102 102 306 294 105 346 410 104 106 102 102 99 9 0 0 0 0
104 105 101 107 104 107 106 104 108 103 101 103 10 0 0 0 0
103 102 98 101 103 101 104 101 104 99 97 15000 11 0 0 0 0
Chip#2
117 115 108 109 111 107 106 104 106 109 108 111 0 0 128 130 66
109 107 102 100 99 100 100 97 101 103 99 106 1 0 0 0 0
107 103 102 98 101 100 98 98 99 99 99 103 2 0 0 0 0
102 103 108 211 146 99 212 180 100 161 184 103 3 0 0 0 0
102 103 119 324 204 106 253 213 96 176 186 102 4 0 0 0 0
113 109 110 129 116 107 116 109 107 107 112 108 5 0 0 0 0
112 110 109 151 135 110 321 321 107 278 431 126 6 0 0 0 0
114 114 123 268 198 119 609 622 117 423 645 149 7 0 0 0 0
108 109 107 126 119 101 141 144 102 114 137 106 8 0 0 0 0
114 115 110 108 112 110 209 270 112 209 366 133 9 0 0 0 0
114 110 110 109 111 109 483 673 131 374 689 187 10 0 0 0 0
108 105 102 100 101 102 149 193 100 121 180 15000 11 0 0 0 0
Chip#1
110 98 97 99 98 100 104 102 100 95 99 104 0 0 0 131 66
101 97 144 167 102 132 198 103 113 190 102 100 1 0 0 0 0
101 107 580 755 119 611 1192 156 436 1228 238 105 2 0 0 0 0
102 100 205 285 109 258 466 110 232 598 143 104 3 0 0 0 0
98 102 117 122 105 110 121 105 111 112 104 104 4 0 0 0 0
102 98 504 520 102 365 585 113 323 699 139 99 5 0 0 0 0
99 95 250 261 102 233 348 108 257 517 123 102 6 0 0 0 0
107 107 113 121 110 110 117 110 115 106 107 110 7 0 0 0 0
102 102 460 455 107 358 430 109 108 98 101 98 8 0 0 0 0
104 110 314 301 114 356 420 112 115 110 106 102 9 0 0 0 0
108 103 103 107 112 107 112 109 113 106 101 103 10 0 0 0 0
105 103 103 104 108 106 108 105 110 101 102 15000 11 0 0 0 0
Chip#2
112 110 107 106 107 104 102 102 106 105 106 110 0 0 0 131 66
114 114 110 106 107 106 108 107 104 103 108 110 1 0 0 0 0
111 109 107 100 110 106 105 106 104 103 105 105 2 0 0 0 0
110 110 117 218 151 109 220 185 101 166 194 107 3 0 0 0 0
112 110 131 332 218 115 262 222 108 182 199 111 4 0 0 0 0
109 109 107 124 116 107 110 109 102 106 109 105 5 0 0 0 0
113 112 113 155 134 111 323 324 110 280 433 127 6 0 0 0 0
102 102 115 234 187 110 592 612 105 408 635 140 7 0 0 0 0
113 110 114 133 124 107 146 152 111 121 148 113 8 0 0 0 0
112 109 105 101 108 106 204 264 105 201 361 128 9 0 0 0 0
109 107 105 103 102 105 479 667 126 368 685 178 10 0 0 0 0
118 115 112 109 112 107 156 205 108 128 194 15000 11 0 0 0 0
Chip#1
116 108 99 110 105 108 108 105 106 101 102 110 0 0 32 132 66
111 113 152 181 117 147 205 118 125 205 111 116 1 0 0 0 0
101 103 571 746 123 604 1178 155 432 1218 232 105 2 0 0 0 0
101 99 203 294 107 255 465 111 228 598 138 98 3 0 0 0 0
99 103 116 126 110 112 125 104 110 116 100 102 4 0 0 0 0
104 105 508 524 109 374 587 118 325 701 150 105 5 0 0 0 0
99 97 244 261 107 230 348 103 257 517 123 99 6 0 0 0 0
102 97 106 116 108 101 108 108 109 101 100 102 7 0 0 0 0
99 102 457 453 108 354 425 103 104 98 98 99 8 0 0 0 0
97 100 300 284 98 340 405 104 103 93 96 96 9 0 0 0 0
110 112 107 113 114 110 115 111 115 106 104 109 10 0 0 0 0
102 104 95 101 103 100 102 101 103 97 100 15000 11 0 0 0 0
Chip#2
113 112 109 105 108 104 101 105 100 107 103 107 0 0 32 132 66
110 107 105 100 105 104 99 100 98 101 101 102 1 0 0 0 0
104 106 104 94 102 100 98 96 96 101 99 98 2 0 0 0 0
104 105 112 213 146 105 215 183 99 163 185 105 3 0 0 0 0
104 102 123 317 211 101 254 211 96 173 185 100 4 0 0 0 0
114 111 105 130 118 110 113 109 106 109 110 106 5 0 0 0 0
102 105 100 141 128 105 315 315 101 272 423 117 6 0 0 0 0
113 115 124 268 198 121 605 620 118 422 642 147 7 0 0 0 0
112 112 109 130 119 109 144 148 110 121 141 110 8 0 0 0 0
103 106 103 98 102 99 197 256 96 194 352 122 9 0 0 0 0
113 116 114 111 112 115 486 672 136 380 690 186 10 0 0 0 0
110 107 107 101 106 104 150 196 105 124 180 15000 11 0 0 0 0
Chip#1
116 105 105 111 109 107 111 109 118 109 107 116 0 0 32 133 66
102 103 148 172 108 135 201 110 121 194 110 104 1 0 0 0 0
98 100 568 740 114 602 1173 150 428 1200 231 97 2 0 0 0 0
101 100 204 294 105 251 457 109 228 588 142 97 3 0 0 0 0
110 109 125 130 111 116 128 110 115 119 109 105 4 0 0 0 0
98 104 503 519 108 370 581 117 325 696 145 104 5 0 0 0 0
102 100 248 259 108 237 349 112 240 517 127 103 6 0 0 0 0
98 99 105 109 102 100 103 97 104 98 96 94 7 0 0 0 0
104 108 462 450 112 354 428 110 110 103 107 108 8 0 0 0 0
105 104 312 294 110 348 414 110 110 109 106 109 9 0 0 0 0
105 99 104 102 105 101 105 103 108 102 97 102 10 0 0 0 0
103 103 103 105 105 107 108 107 108 99 101 15000 11 0 0 0 0
Chip#2
117 110 109 106 108 104 106 102 102 109 104 106 0 0 128 133 66
106 103 99 97 99 101 96 96 94 95 99 101 1 0 0 0 0
110 112 104 105 106 106 102 100 100 101 105 106 2 0 0 0 0
102 105 105 210 146 102 212 179 94 155 180 105 3 0 0 0 0
109 106 124 322 209 111 255 214 100 174 188 107 4 0 0 0 0
112 109 107 125 116 106 114 107 101 107 108 106 5 0 0 0 0
103 105 103 145 127 105 315 314 104 271 419 121 6 0 0 0 0
114 110 119 272 193 117 604 617 116 419 640 144 7 0 0 0 0
112 110 112 130 121 109 146 145 104 118 137 111 8 0 0 0 0
107 109 103 104 105 106 202 258 101 198 356 126 9 0 0 0 0
114 111 112 109 111 111 485 668 135 373 689 191 10 0 0 0 0
101 101 98 95 102 99 142 186 95 117 176 15000 11 0 0 0 0
Chip#1
105 102 98 101 103 102 110 101 105 99 99 110 0 0 192 133 66
107 100 147 169 107 135 201 110 119 192 106 103 1 0 0 0 0
102 102 568 742 117 602 1168 153 429 1205 231 102 2 0 0 0 0
105 104 208 294 108 261 464 117 234 595 148 104 3 0 0 0 0
109 108 126 138 115 118 136 116 120 123 111 111 4 0 0 0 0
95 97 499 514 101 365 575 110 313 689 143 93 5 0 0 0 0
104 105 253 262 111 234 349 112 257 517 129 104 6 0 0 0 0
104 107 107 115 109 108 110 107 113 107 104 100 7 0 0 0 0
104 110 461 456 112 360 424 110 109 102 101 104 8 0 0 0 0
105 108 313 294 114 349 415 115 109 105 109 106 9 0 0 0 0
103 102 100 105 105 102 108 103 108 102 101 98 10 0 0 0 0
114 107 103 102 103 104 106 104 109 101 102 15000 11 0 0 0 0
Chip#2
112 111 105 100 105 100 99 102 98 103 101 105 0 0 192 133 66
118 116 112 104 113 106 104 103 106 106 106 108 1 0 0 0 0
113 106 109 103 105 104 106 101 102 105 104 106 2 0 0 0 0
110 110 117 216 153 110 218 185 104 166 186 111 3 0 0 0 0
104 101 120 317 210 104 252 210 96 169 184 105 4 0 0 0 0
107 107 109 126 114 107 111 107 104 104 105 102 5 0 0 0 0
110 115 113 152 134 111 325 325 108 282 433 129 6 0 0 0 0
112 112 122 245 195 115 606 620 111 419 644 144 7 0 0 0 0
112 107 109 131 118 109 147 144 106 118 138 107 8 0 0 0 0
109 106 108 104 106 104 202 258 105 197 356 126 9 0 0 0 0
109 110 105 106 107 107 480 665 129 371 684 182 10 0 0 0 0
112 112 109 110 110 106 154 199 106 130 189 15000 11 0 0 0 0
Chip#1
108 100 98 100 100 101 103 95 104 97 100 105 0 0 160 134 66
102 100 146 166 107 131 193 105 114 185 104 102 1 0 0 0 0
98 102 564 735 119 596 1158 148 423 1197 232 102 2 0 0 0 0
102 98 204 285 105 256 458 110 228 584 143 99 3 0 0 0 0
101 99 115 121 105 113 120 109 111 109 99 100 4 0 0 0 0
107 104 501 518 111 369 578 124 322 689 150 108 5 0 0 0 0
104 99 245 256 107 233 344 108 238 501 129 102 6 0 0 0 0
103 102 111 115 109 106 112 108 110 103 104 100 7 0 0 0 0
99 105 459 449 105 351 423 105 106 101 100 98 8 0 0 0 0
102 107 306 294 110 344 408 104 108 97 102 100 9 0 0 0 0
104 105 107 106 108 108 112 107 110 106 105 104 10 0 0 0 0
107 110 105 106 111 107 113 105 109 102 107 15000 11 0 0 0 0
Chip#2
114 116 110 114 114 110 107 110 107 109 106 111 0 0 160 134 66
113 112 108 106 108 106 104 105 102 106 103 108 1 0 0 0 0
104 102 99 100 105 100 101 102 102 104 98 102 2 0 0 0 0
104 105 112 215 150 104 211 178 98 166 185 103 3 0 0 0 0
108 111 128 325 212 112 254 213 102 173 188 110 4 0 0 0 0
113 110 108 125 118 106 112 111 101 107 104 108 5 0 0 0 0
106 105 103 142 122 97 301 312 96 271 418 116 6 0 0 0 0
107 105 110 234 186 110 594 607 107 410 627 138 7 0 0 0 0
104 102 104 125 114 104 140 142 101 117 135 101 8 0 0 0 0
113 110 109 110 110 106 209 263 108 206 361 124 9 0 0 0 0
112 112 107 105 110 105 480 664 131 371 685 181 10 0 0 0 0
109 109 110 105 106 105 151 196 104 128 181 15000 11 0 0 0 0
Chip#1
121 112 103 107 109 107 111 107 113 103 107 114 0 0 160 135 66
105 100 146 172 107 135 197 111 121 190 106 100 1 0 0 0 0
102 103 560 733 119 595 1154 146 426 1192 227 102 2 0 0 0 0
104 102 202 294 105 254 456 113 233 585 141 104 3 0 0 0 0
104 107 123 129 110 114 127 112 116 118 104 106 4 0 0 0 0
103 103 496 515 109 368 578 117 321 689 148 106 5 0 0 0 0
96 97 242 253 100 223 341 102 228 501 122 97 6 0 0 0 0
105 108 113 119 109 110 114 108 114 107 106 104 7 0 0 0 0
107 110 463 450 108 356 429 112 110 106 106 106 8 0 0 0 0
109 110 308 294 110 346 406 111 111 106 105 109 9 0 0 0 0
104 105 105 107 108 106 108 103 109 103 101 103 10 0 0 0 0
107 103 98 100 103 102 106 98 109 94 99 15000 11 0 0 0 0
Chip#2
102 103 94 97 100 95 95 93 92 94 98 102 0 0 32 136 66
117 117 109 105 110 105 106 105 106 105 109 113 1 0 0 0 0
113 106 103 103 108 102 102 102 100 106 106 108 2 0 0 0 0
114 116 118 223 157 114 222 185 108 171 194 116 3 0 0 0 0
114 111 131 324 211 112 255 220 106 178 195 113 4 0 0 0 0
110 107 107 126 116 104 110 108 104 106 104 108 5 0 0 0 0
103 103 100 139 129 102 314 312 100 266 419 119 6 0 0 0 0
114 112 125 266 195 120 601 616 114 418 640 149 7 0 0 0 0
101 103 99 122 116 101 140 138 100 112 132 102 8 0 0 0 0
110 111 109 104 110 106 209 262 108 201 361 130 9 0 0 0 0
109 107 104 104 108 104 479 658 130 366 683 182 10 0 0 0 0
112 112 109 108 110 105 155 201 107 126 186 15000 11 0 0 0 0
Chip#1
110 102 99 107 104 103 104 103 105 99 99 110 0 0 160 136 66
102 99 147 171 104 138 197 108 119 192 106 104 1 0 0 0 0
102 103 566 738 122 597 1157 154 424 1192 234 105 2 0 0 0 0
98 95 193 278 102 245 450 109 222 576 136 99 3 0 0 0 0
105 104 122 124 111 118 123 111 116 116 109 108 4 0 0 0 0
104 105 503 520 115 371 579 122 323 692 149 104 5 0 0 0 0
102 98 246 254 108 232 347 112 257 517 129 99 6 0 0 0 0
102 103 110 115 109 109 111 111 110 105 107 104 7 0 0 0 0
102 107 454 450 110 357 424 113 110 103 105 102 8 0 0 0 0
99 99 301 294 101 338 401 105 105 98 97 94 9 0 0 0 0
104 99 102 109 108 104 108 109 110 103 104 103 10 0 0 0 0
103 99 100 104 102 102 105 102 103 98 99 15000 11 0 0 0 0
Chip#2
108 109 104 99 104 102 101 100 101 101 101 105 0 0 160 136 66
114 114 113 108 111 104 106 103 108 110 105 110 1 0 0 0 0
109 112 107 105 107 104 106 104 101 106 104 110 2 0 0 0 0
107 105 112 209 148 104 215 177 99 166 181 107 3 0 0 0 0
112 112 128 325 212 111 256 217 105 177 189 112 4 0 0 0 0
108 107 104 119 112 104 111 107 100 111 105 105 5 0 0 0 0
108 109 105 141 125 102 301 314 104 275 420 118 6 0 0 0 0
113 116 124 268 197 119 605 615 117 420 635 148 7 0 0 0 0
102 106 99 122 114 99 136 138 99 113 135 102 8 0 0 0 0
109 114 110 108 111 107 210 268 111 204 361 132 9 0 0 0 0
99 103 100 95 99 96 468 653 122 361 672 172 10 0 0 0 0
110 112 107 104 108 107 154 197 108 128 185 15000 11 0 0 0 0
Chip#1
113 109 103 105 109 110 111 105 110 107 107 111 0 0 160 137 66
105 102 147 177 109 141 197 108 115 192 110 105 1 0 0 0 0
98 99 556 726 115 587 1141 151 417 1178 229 99 2 0 0 0 0
99 98 202 294 102 246 450 111 226 575 141 102 3 0 0 0 0
93 102 112 118 101 108 117 102 105 105 98 96 4 0 0 0 0
99 102 493 515 109 363 571 116 317 676 144 99 5 0 0 0 0
104 107 248 263 111 237 342 113 257 501 131 108 6 0 0 0 0
105 108 113 116 112 110 112 108 114 107 104 103 7 0 0 0 0
98 100 450 444 107 351 416 109 106 101 101 98 8 0 0 0 0
96 98 301 294 103 340 400 103 105 95 99 96 9 0 0 0 0
108 103 107 111 109 106 113 105 106 101 105 102 10 0 0 0 0
108 104 103 110 108 107 112 105 104 106 104 15000 11 0 0 0 0
Chip#2
115 118 112 108 111 109 107 107 110 111 106 112 0 0 160 137 66
107 107 105 100 107 101 102 100 100 104 100 105 1 0 0 0 0
112 111 109 105 107 102 101 104 105 107 104 107 2 0 0 0 0
112 111 117 217 153 109 215 185 106 171 188 108 3 0 0 0 0
102 105 129 316 207 106 249 213 102 172 186 102 4 0 0 0 0
111 109 109 126 117 106 114 110 107 111 110 108 5 0 0 0 0
104 107 109 144 128 106 318 315 104 274 423 121 6 0 0 0 0
103 101 112 230 187 105 591 611 108 410 625 135 7 0 0 0 0
109 109 110 130 122 107 146 145 104 123 137 108 8 0 0 0 0
108 110 108 105 108 104 199 258 106 202 357 127 9 0 0 0 0
99 103 103 100 101 101 468 657 123 364 671 174 10 0 0 0 0
104 102 105 100 105 104 147 194 101 122 177 15000 11 0 0 0 0
Chip#1
114 108 103 106 105 107 111 104 104 103 105 109 0 0 128 138 66
105 102 145 168 108 138 196 108 119 194 106 106 1 0 0 0 0
104 103 556 723 114 589 1137 148 420 1173 231 104 2 0 0 0 0
102 102 203 294 109 251 451 111 227 578 143 103 3 0 0 0 0
107 104 122 128 112 115 126 110 116 118 101 108 4 0 0 0 0
104 104 491 510 104 366 568 113 313 674 147 99 5 0 0 0 0
105 104 246 257 111 237 343 115 234 501 128 104 6 0 0 0 0
105 104 113 116 112 110 114 105 114 109 106 105 7 0 0 0 0
103 105 453 449 110 352 419 109 110 101 104 102 8 0 0 0 0
105 109 303 286 109 344 405 111 113 107 104 105 9 0 0 0 0
103 95 98 106 102 101 106 102 103 98 95 97 10 0 0 0 0
101 102 101 101 103 101 103 97 105 97 99 15000 11 0 0 0 0
Chip#2
109 109 107 101 106 101 98 100 100 104 101 103 0 0 224 138 66
114 111 112 106 110 107 106 107 107 111 106 108 1 0 0 0 0
113 111 109 108 108 109 106 105 101 107 104 110 2 0 0 0 0
113 111 123 222 156 112 221 191 110 174 191 116 3 0 0 0 0
110 114 131 324 209 112 255 217 108 185 194 113 4 0 0 0 0
110 109 109 127 116 104 112 108 104 111 110 108 5 0 0 0 0
109 110 109 150 132 109 319 319 111 279 424 128 6 0 0 0 0
107 106 122 238 192 114 595 611 112 411 627 141 7 0 0 0 0
110 116 112 131 122 110 144 153 112 122 140 116 8 0 0 0 0
109 107 107 106 110 106 206 261 110 202 360 130 9 0 0 0 0
107 105 104 98 103 100 471 653 126 362 674 181 10 0 0 0 0
106 107 107 103 104 102 151 194 102 124 179 15000 11 0 0 0 0
Chip#1
116 108 107 107 108 106 111 110 109 105 107 111 0 0 64 139 66
108 104 147 175 110 139 196 110 120 189 106 105 1 0 0 0 0
103 102 555 724 109 587 1136 151 412 1168 227 102 2 0 0 0 0
97 102 202 283 105 251 447 110 224 574 139 99 3 0 0 0 0
104 107 116 129 109 112 121 105 114 115 102 104 4 0 0 0 0
97 103 489 507 104 360 567 112 311 677 143 96 5 0 0 0 0
101 100 239 253 102 232 338 108 232 501 122 98 6 0 0 0 0
103 102 107 117 109 107 107 108 108 102 102 102 7 0 0 0 0
103 104 451 445 105 348 419 107 103 101 98 97 8 0 0 0 0
104 108 309 294 112 349 407 113 114 107 106 106 9 0 0 0 0
107 104 101 106 105 108 108 104 106 101 99 100 10 0 0 0 0
99 95 94 101 100 96 97 97 101 93 95 15000 11 0 0 0 0
Chip#2
106 106 103 103 100 100 96 100 101 100 99 105 0 0 64 139 66
108 111 107 104 103 104 101 102 102 105 105 107 1 0 0 0 0
108 110 103 104 101 102 102 102 102 105 103 105 2 0 0 0 0
108 111 115 213 151 109 215 185 106 167 186 107 3 0 0 0 0
107 110 130 322 205 111 253 213 108 178 189 111 4 0 0 0 0
102 107 102 117 112 101 104 103 101 103 103 103 5 0 0 0 0
109 111 112 146 133 110 321 324 112 279 425 124 6 0 0 0 0
99 100 109 229 179 102 586 601 106 404 624 132 7 0 0 0 0
109 112 107 129 121 107 143 145 112 121 137 108 8 0 0 0 0
96 97 94 93 97 95 195 254 98 191 349 116 9 0 0 0 0
95 97 97 93 96 92 461 646 119 353 663 169 10 0 0 0 0
115 114 110 113 112 109 159 203 110 133 191 15000 11 0 0 0 0
Chip#1
114 107 103 105 107 104 111 105 110 107 107 110 0 0 64 140 66
103 99 144 166 105 131 191 103 120 185 99 102 1 0 0 0 0
103 105 555 719 119 590 1135 153 422 1169 232 109 2 0 0 0 0
97 97 194 277 102 245 439 109 221 565 133 98 3 0 0 0 0
103 104 121 123 108 108 125 108 110 113 101 103 4 0 0 0 0
98 99 488 505 107 358 564 117 311 667 143 98 5 0 0 0 0
109 108 250 262 110 238 347 115 243 501 131 105 6 0 0 0 0
99 104 107 112 105 108 111 102 106 98 102 102 7 0 0 0 0
97 102 443 436 104 344 414 104 105 95 94 97 8 0 0 0 0
96 104 303 294 107 336 400 108 108 101 102 102 9 0 0 0 0
111 110 108 112 111 110 112 110 115 106 109 106 10 0 0 0 0
104 104 100 101 103 100 106 103 110 101 100 15000 11 0 0 0 0
Chip#2
113 116 113 104 111 105 104 104 108 107 108 110 0 0 64 140 66
108 110 107 105 105 104 101 100 104 105 104 106 1 0 0 0 0
109 109 105 101 106 105 105 102 102 104 100 102 2 0 0 0 0
108 110 115 211 150 110 210 180 105 161 184 111 3 0 0 0 0
107 110 126 316 210 110 247 210 104 176 185 110 4 0 0 0 0
104 103 104 121 111 100 104 104 99 101 101 102 5 0 0 0 0
108 115 108 147 133 109 318 319 110 277 423 126 6 0 0 0 0
106 111 117 232 185 115 592 613 113 411 629 142 7 0 0 0 0
108 106 107 125 118 101 144 145 105 117 137 111 8 0 0 0 0
108 109 107 103 106 106 206 262 108 202 356 128 9 0 0 0 0
112 116 109 110 113 110 474 662 134 371 682 189 10 0 0 0 0
104 106 102 100 105 99 143 187 99 121 177 15000 11 0 0 0 0
Chip#1
108 97 94 94 101 97 98 96 103 91 99 100 0 0 160 141 66
103 103 146 169 110 133 191 111 118 192 106 104 1 0 0 0 0
99 99 543 710 116 575 1116 146 416 1151 223 100 2 0 0 0 0
102 104 200 294 110 251 445 113 226 569 141 102 3 0 0 0 0
108 104 119 130 110 114 127 111 111 120 101 105 4 0 0 0 0
101 100 486 508 110 359 565 118 315 667 148 104 5 0 0 0 0
101 100 240 249 108 229 335 109 232 501 128 102 6 0 0 0 0
102 103 110 112 107 108 108 109 111 102 100 98 7 0 0 0 0
105 105 449 443 112 350 412 112 109 103 102 103 8 0 0 0 0
103 108 300 294 107 337 398 108 109 103 102 100 9 0 0 0 0
101 95 98 100 102 100 106 100 103 95 96 96 10 0 0 0 0
102 99 97 101 101 100 100 102 98 99 97 15000 11 0 0 0 0
Chip#2
108 111 105 103 104 99 100 98 102 100 99 102 0 0 32 142 66
110 114 112 108 112 107 106 105 105 106 104 107 1 0 0 0 0
108 109 107 101 111 105 101 104 105 105 105 106 2 0 0 0 0
110 111 117 212 155 110 217 182 110 165 188 112 3 0 0 0 0
106 106 124 315 209 107 248 211 102 172 186 106 4 0 0 0 0
115 115 115 133 124 112 117 113 114 112 113 112 5 0 0 0 0
104 100 103 141 127 105 301 311 100 267 418 118 6 0 0 0 0
113 111 119 233 191 116 594 607 114 411 626 142 7 0 0 0 0
113 114 108 130 127 107 143 145 110 121 138 111 8 0 0 0 0
114 116 112 108 117 111 210 263 113 204 364 132 9 0 0 0 0
106 103 102 97 104 104 466 651 125 361 668 172 10 0 0 0 0
108 111 109 104 108 105 151 196 106 127 179 15000 11 0 0 0 0
Chip#1
114 107 100 110 105 107 106 107 106 106 102 110 0 0 128 142 66
105 105 145 173 111 136 194 109 120 195 106 105 1 0 0 0 0
91 93 533 704 108 568 1107 143 405 1142 217 94 2 0 0 0 0
99 103 201 275 104 247 445 113 226 568 138 103 3 0 0 0 0
107 108 122 129 111 113 127 113 113 120 107 110 4 0 0 0 0
99 104 491 507 112 359 565 120 313 669 150 104 5 0 0 0 0
103 100 239 251 108 227 339 109 232 485 123 102 6 0 0 0 0
99 99 103 110 104 104 107 104 108 99 102 104 7 0 0 0 0
109 112 447 447 111 351 415 112 111 105 105 105 8 0 0 0 0
101 100 296 294 107 334 393 107 104 94 99 98 9 0 0 0 0
98 94 97 102 100 98 100 98 101 91 93 96 10 0 0 0 0
105 102 101 102 104 107 106 102 106 102 98 15000 11 0 0 0 0
Chip#2
115 116 110 110 112 107 107 107 108 110 106 113 0 0 128 142 66
109 110 105 103 102 102 99 101 102 101 99 103 1 0 0 0 0
117 112 109 106 110 110 107 107 106 112 106 110 2 0 0 0 0
108 109 115 212 147 110 212 178 104 160 181 106 3 0 0 0 0
99 101 118 308 199 104 239 201 99 165 175 102 4 0 0 0 0
113 114 110 126 119 111 116 108 107 109 109 107 5 0 0 0 0
111 111 108 152 132 112 316 318 108 274 419 124 6 0 0 0 0
108 107 118 235 190 115 595 608 116 410 625 142 7 0 0 0 0
115 116 107 130 124 110 147 146 110 121 142 112 8 0 0 0 0
106 110 104 106 106 106 201 257 102 201 351 121 9 0 0 0 0
114 111 109 111 112 112 476 660 131 371 678 183 10 0 0 0 0
109 110 108 106 111 106 153 197 105 128 184 15000 11 0 0 0 0
Chip#1
109 103 98 107 103 103 107 103 108 101 99 105 0 0 128 143 66
98 99 139 166 102 131 190 105 118 181 99 100 1 0 0 0 0
104 102 540 708 119 574 1112 150 410 1139 226 105 2 0 0 0 0
96 102 195 274 103 244 436 110 219 564 136 102 3 0 0 0 0
103 103 116 126 110 110 126 112 110 116 104 102 4 0 0 0 0
104 109 491 513 117 366 567 120 313 667 150 106 5 0 0 0 0
98 99 238 254 105 227 331 103 232 485 122 100 6 0 0 0 0
110 104 112 123 112 113 112 111 115 107 106 106 7 0 0 0 0
104 99 444 436 111 349 410 108 109 102 104 102 8 0 0 0 0
103 104 298 294 109 334 397 108 109 99 101 100 9 0 0 0 0
111 104 108 112 111 107 111 112 114 106 104 106 10 0 0 0 0
115 113 106 116 115 115 114 112 113 111 107 15000 11 0 0 0 0
Chip#2
110 107 105 103 101 100 99 97 99 104 101 102 0 0 128 143 66
107 105 102 99 100 100 95 97 98 103 96 100 1 0 0 0 0
112 109 103 106 106 106 104 102 98 105 103 108 2 0 0 0 0
108 107 114 209 147 106 210 178 100 162 179 107 3 0 0 0 0
113 109 126 317 209 114 250 210 105 179 188 112 4 0 0 0 0
108 109 104 120 110 104 111 105 101 105 105 102 5 0 0 0 0
109 111 107 146 131 109 318 315 111 277 421 127 6 0 0 0 0
108 110 114 237 189 112 590 606 113 411 626 143 7 0 0 0 0
112 110 108 129 123 107 143 144 106 121 138 110 8 0 0 0 0
112 110 104 106 108 105 201 262 108 201 355 124 9 0 0 0 0
110 107 103 103 107 104 466 652 130 360 669 178 10 0 0 0 0
114 111 108 110 111 109 154 197 107 129 182 15000 11 0 0 0 0
Chip#1
109 103 99 104 103 107 108 105 109 101 104 110 0 0 96 144 66
102 100 142 169 105 133 191 108 116 185 104 103 1 0 0 0 0
107 105 546 708 122 578 1111 158 412 1143 232 110 2 0 0 0 0
104 103 198 274 112 247 439 112 223 559 142 106 3 0 0 0 0
97 94 112 116 104 104 119 101 104 109 96 98 4 0 0 0 0
104 100 484 503 107 358 558 115 306 659 144 103 5 0 0 0 0
104 103 241 257 109 229 338 112 234 485 128 106 6 0 0 0 0
97 94 103 110 101 100 106 98 104 97 95 96 7 0 0 0 0
107 108 447 441 109 349 414 111 113 109 107 105 8 0 0 0 0
95 93 290 274 98 326 388 104 101 93 94 97 9 0 0 0 0
97 97 95 101 98 100 99 98 101 90 94 98 10 0 0 0 0
108 108 104 109 105 104 107 105 111 107 102 15000 11 0 0 0 0
Chip#2
109 111 104 99 105 104 101 98 102 100 103 106 0 0 160 144 66
113 112 112 104 108 107 105 108 105 107 106 110 1 0 0 0 0
102 103 98 98 101 100 99 98 99 100 100 97 2 0 0 0 0
110 112 120 210 152 110 211 180 104 163 185 113 3 0 0 0 0
107 103 124 315 207 114 247 208 105 173 188 107 4 0 0 0 0
109 110 109 126 114 106 111 107 105 107 106 108 5 0 0 0 0
106 109 105 145 125 106 301 314 104 268 418 117 6 0 0 0 0
113 115 124 239 192 116 595 609 117 412 629 144 7 0 0 0 0
112 111 108 127 121 107 143 145 110 121 138 105 8 0 0 0 0
107 102 103 101 104 104 196 254 100 195 349 121 9 0 0 0 0
106 109 108 100 106 106 466 652 123 364 667 177 10 0 0 0 0
107 107 105 101 104 105 149 191 105 127 179 15000 11 0 0 0 0
Chip#1
116 105 103 106 108 107 108 105 110 105 106 114 0 0 224 144 66
99 94 139 158 100 127 187 101 114 178 99 99 1 0 0 0 0
97 104 534 701 114 567 1103 146 405 1136 218 99 2 0 0 0 0
101 104 198 277 109 243 439 111 222 557 144 104 3 0 0 0 0
101 103 115 124 105 108 121 108 109 115 100 100 4 0 0 0 0
103 98 483 503 108 352 562 118 311 655 145 98 5 0 0 0 0
105 103 241 256 108 233 339 111 234 485 126 104 6 0 0 0 0
103 105 111 119 109 107 114 107 114 106 102 102 7 0 0 0 0
107 105 448 441 111 350 416 113 111 109 107 109 8 0 0 0 0
105 105 300 294 109 335 398 110 113 103 105 106 9 0 0 0 0
103 103 103 105 108 104 110 105 108 97 99 102 10 0 0 0 0
104 107 102 105 105 103 110 105 108 105 104 15000 11 0 0 0 0
Chip#2
111 110 107 101 104 102 99 103 102 103 105 108 0 0 224 144 66
109 109 105 101 105 104 102 102 102 104 103 105 1 0 0 0 0
106 109 104 101 101 104 100 102 100 105 103 103 2 0 0 0 0
108 111 117 211 150 109 210 180 102 163 183 106 3 0 0 0 0
110 114 126 316 209 112 248 211 108 176 188 112 4 0 0 0 0
109 112 112 129 117 111 114 113 110 112 110 107 5 0 0 0 0
109 109 105 145 127 105 315 317 106 272 418 119 6 0 0 0 0
110 111 122 240 191 121 597 613 117 413 629 149 7 0 0 0 0
109 106 99 125 118 104 137 141 101 115 133 101 8 0 0 0 0
109 110 107 105 108 106 203 263 107 201 356 124 9 0 0 0 0
108 112 109 106 110 110 475 658 132 368 677 183 10 0 0 0 0
113 115 110 108 111 110 154 197 107 129 189 15000 11 0 0 0 0
Chip#1
110 105 102 106 104 103 110 107 108 103 106 110 0 0 160 145 66
104 109 147 169 112 136 196 109 123 190 107 106 1 0 0 0 0
99 103 533 699 112 563 1097 147 406 1129 221 102 2 0 0 0 0
93 97 189 266 97 239 431 103 212 547 129 97 3 0 0 0 0
98 98 116 121 108 108 117 107 108 111 101 99 4 0 0 0 0
105 104 483 503 110 359 565 122 308 655 149 104 5 0 0 0 0
101 103 239 249 105 224 334 111 228 485 123 100 6 0 0 0 0
99 100 108 111 108 106 111 107 105 101 101 102 7 0 0 0 0
98 105 441 433 107 341 412 109 106 102 101 102 8 0 0 0 0
101 102 297 294 103 330 391 107 103 103 101 99 9 0 0 0 0
104 102 105 106 108 106 107 105 108 101 102 105 10 0 0 0 0
104 107 101 106 107 102 108 107 106 103 102 15000 11 0 0 0 0
Chip#2
101 105 100 97 77 95 96 95 94 95 96 101 0 0 160 145 66
113 112 104 108 112 106 104 104 106 103 106 111 1 0 0 0 0
106 107 102 98 102 100 99 97 95 100 100 103 2 0 0 0 0
107 107 114 207 151 105 205 179 104 159 181 108 3 0 0 0 0
106 107 125 306 203 106 243 207 102 169 181 107 4 0 0 0 0
110 114 112 125 116 107 113 109 107 109 106 106 5 0 0 0 0
104 109 108 141 125 106 301 311 106 269 414 121 6 0 0 0 0
110 110 117 230 186 116 588 605 112 408 624 142 7 0 0 0 0
118 119 114 134 125 114 148 149 113 122 145 117 8 0 0 0 0
112 115 109 109 111 109 204 261 107 195 352 128 9 0 0 0 0
104 107 104 105 105 101 463 647 123 358 664 177 10 0 0 0 0
102 106 100 99 103 99 142 186 99 120 178 15000 11 0 0 0 0
Chip#1
107 102 99 100 100 101 99 101 101 98 98 108 0 0 128 146 66
104 103 146 169 104 133 191 105 111 189 104 104 1 0 0 0 0
93 97 531 694 112 559 1093 147 402 1118 218 96 2 0 0 0 0
102 97 194 266 105 235 429 110 216 550 134 100 3 0 0 0 0
99 99 115 119 104 107 120 103 106 113 101 98 4 0 0 0 0
105 107 484 500 110 356 558 123 313 655 152 108 5 0 0 0 0
109 107 244 253 112 233 335 112 257 485 129 104 6 0 0 0 0
98 97 106 112 100 100 103 101 101 97 96 96 7 0 0 0 0
101 104 438 435 110 343 408 112 109 107 104 104 8 0 0 0 0
105 107 302 278 111 330 398 110 110 109 102 103 9 0 0 0 0
110 110 110 115 115 110 114 111 109 111 107 113 10 0 0 0 0
109 107 104 104 109 108 108 107 111 102 101 15000 11 0 0 0 0
Chip#2
108 111 103 103 103 102 99 101 101 99 103 103 0 0 128 146 66
110 110 107 106 106 106 104 104 105 104 106 107 1 0 0 0 0
110 109 107 105 104 106 104 103 100 105 104 108 2 0 0 0 0
110 111 114 210 149 110 211 180 105 162 177 108 3 0 0 0 0
108 111 128 311 208 114 247 211 106 174 189 110 4 0 0 0 0
102 102 98 114 104 100 102 100 98 99 101 101 5 0 0 0 0
102 105 102 140 124 106 301 293 100 266 413 121 6 0 0 0 0
106 111 109 227 184 116 586 599 110 402 619 138 7 0 0 0 0
102 105 98 121 113 101 136 138 98 113 132 103 8 0 0 0 0
103 106 100 103 104 104 199 255 104 195 346 121 9 0 0 0 0
114 115 109 114 112 114 474 653 135 368 673 186 10 0 0 0 0
112 114 105 105 110 107 153 194 106 126 179 15000 11 0 0 0 0
Chip#1
113 104 100 101 105 101 105 104 105 102 99 109 0 0 96 147 66
108 104 146 167 110 132 191 109 120 188 105 103 1 0 0 0 0
98 102 528 690 109 557 1084 145 400 1119 220 99 2 0 0 0 0
102 104 201 277 110 240 436 117 222 554 142 105 3 0 0 0 0
101 98 116 122 107 109 121 107 110 114 101 100 4 0 0 0 0
110 110 485 502 117 357 553 123 311 654 149 105 5 0 0 0 0
103 103 241 253 109 228 333 112 232 485 126 103 6 0 0 0 0
93 95 99 109 100 94 106 98 101 95 93 98 7 0 0 0 0
97 97 435 427 103 335 400 104 103 94 95 96 8 0 0 0 0
101 103 291 273 105 328 391 108 108 102 100 100 9 0 0 0 0
101 99 100 104 105 101 105 101 105 101 101 100 10 0 0 0 0
113 110 110 109 114 110 111 112 109 109 106 15000 11 0 0 0 0
Chip#2
108 111 104 101 107 104 104 102 102 103 103 105 0 0 96 147 66
113 111 102 103 107 105 101 101 106 103 103 108 1 0 0 0 0
108 109 103 101 106 104 101 103 101 106 101 106 2 0 0 0 0
103 107 108 201 146 102 202 174 99 155 174 105 3 0 0 0 0
112 105 124 305 202 112 239 205 104 168 180 112 4 0 0 0 0
114 109 105 124 112 104 113 109 108 109 109 108 5 0 0 0 0
104 105 100 139 123 101 301 305 100 266 403 119 6 0 0 0 0
107 110 113 224 180 111 537 589 107 396 605 138 7 0 0 0 0
110 111 105 124 114 105 141 139 106 116 135 106 8 0 0 0 0
117 114 109 111 111 111 206 257 113 202 352 128 9 0 0 0 0
104 106 93 99 100 99 454 635 123 349 650 174 10 0 0 0 0
108 109 103 104 102 104 149 190 105 124 175 15000 11 0 0 0 0
Chip#1
105 99 96 99 101 96 103 96 101 95 96 105 0 0 96 148 66
104 98 144 168 104 130 190 103 116 181 101 104 1 0 0 0 0
104 105 529 692 122 561 1086 153 403 1114 228 106 2 0 0 0 0
103 102 198 272 109 241 430 110 219 546 138 103 3 0 0 0 0
102 102 116 119 108 110 120 110 108 111 99 100 4 0 0 0 0
101 99 483 490 108 349 549 117 301 638 139 99 5 0 0 0 0
96 97 234 243 98 222 326 101 219 469 116 96 6 0 0 0 0
107 107 111 117 107 109 117 112 110 110 104 103 7 0 0 0 0
104 102 440 431 111 343 408 110 109 105 101 105 8 0 0 0 0
104 104 294 275 109 326 391 108 101 102 101 100 9 0 0 0 0
113 107 106 110 114 108 112 108 111 106 109 111 10 0 0 0 0
107 104 101 107 103 103 110 104 108 102 100 15000 11 0 0 0 0
Chip#2
113 111 109 104 108 102 104 102 104 104 101 105 0 0 96 148 66
113 118 109 109 112 105 106 107 107 105 104 108 1 0 0 0 0
109 110 104 104 102 101 102 104 101 104 105 106 2 0 0 0 0
110 110 117 212 150 107 214 180 105 162 181 108 3 0 0 0 0
107 111 125 304 205 110 243 207 107 173 183 111 4 0 0 0 0
111 110 108 127 117 109 114 109 111 109 109 111 5 0 0 0 0
110 111 107 144 131 109 301 314 108 274 415 124 6 0 0 0 0
104 106 112 223 182 111 584 596 108 400 615 138 7 0 0 0 0
104 102 99 121 112 99 137 142 102 112 132 103 8 0 0 0 0
108 107 105 104 107 100 201 256 105 195 351 122 9 0 0 0 0
114 116 109 108 116 112 473 654 135 368 672 187 10 0 0 0 0
108 112 108 108 111 107 154 194 106 126 184 15000 11 0 0 0 0
Chip#1
113 109 102 106 105 104 110 108 108 105 101 108 0 0 64 149 66
102 102 136 161 105 130 186 105 116 184 104 100 1 0 0 0 0
102 97 522 683 114 551 1072 150 398 1100 221 103 2 0 0 0 0
108 105 197 278 112 243 433 120 227 549 142 111 3 0 0 0 0
109 105 123 128 115 114 128 116 115 122 107 110 4 0 0 0 0
107 110 483 497 112 354 551 126 305 645 148 108 5 0 0 0 0
102 103 233 249 107 224 330 112 226 469 125 98 6 0 0 0 0
101 99 107 115 109 102 107 105 106 101 96 98 7 0 0 0 0
101 95 430 423 104 336 399 108 101 94 95 98 8 0 0 0 0
103 103 295 275 107 326 388 109 108 102 98 103 9 0 0 0 0
109 103 103 105 105 106 110 107 103 105 104 102 10 0 0 0 0
115 108 107 109 110 108 115 112 109 105 104 15000 11 0 0 0 0
Chip#2
108 111 108 103 107 105 102 102 105 106 103 107 0 0 64 149 66
111 109 103 104 106 102 100 106 101 103 101 107 1 0 0 0 0
110 110 105 104 107 102 104 103 102 107 105 106 2 0 0 0 0
102 105 112 199 144 102 203 173 96 154 174 103 3 0 0 0 0
104 103 120 300 199 105 241 201 98 166 177 105 4 0 0 0 0
109 105 105 124 116 102 111 105 100 105 105 105 5 0 0 0 0
106 110 105 146 133 109 301 312 106 275 415 122 6 0 0 0 0
109 110 115 233 186 114 591 605 112 408 622 143 7 0 0 0 0
101 106 100 124 117 101 138 137 101 116 131 103 8 0 0 0 0
110 111 107 109 112 105 205 262 107 202 354 127 9 0 0 0 0
113 112 108 108 110 107 473 651 134 367 672 183 10 0 0 0 0
115 116 110 109 111 109 153 197 110 129 185 15000 11 0 0 0 0
Chip#1
110 105 103 105 105 102 104 107 108 105 102 111 0 0 0 150 66
101 100 139 167 105 128 186 102 113 181 101 100 1 0 0 0 0
103 107 528 689 124 557 1081 154 404 1109 222 109 2 0 0 0 0
105 107 198 278 112 245 433 118 222 546 141 110 3 0 0 0 0
103 107 116 126 110 110 122 108 110 116 110 106 4 0 0 0 0
103 99 483 492 109 353 548 116 301 640 143 104 5 0 0 0 0
110 105 239 251 110 228 337 117 231 485 132 109 6 0 0 0 0
104 103 111 115 109 106 113 109 110 105 102 102 7 0 0 0 0
102 103 438 433 110 337 405 110 108 101 101 105 8 0 0 0 0
102 104 292 274 112 328 390 115 106 101 101 104 9 0 0 0 0
103 99 100 101 102 100 104 104 101 98 95 100 10 0 0 0 0
101 94 95 101 102 94 98 96 98 93 93 15000 11 0 0 0 0
Chip#2
112 112 109 106 107 104 105 102 106 107 106 108 0 0 0 150 66
110 107 103 101 107 106 102 102 101 103 99 107 1 0 0 0 0
109 110 107 101 110 107 106 105 101 105 104 106 2 0 0 0 0
115 114 123 212 156 115 215 187 113 173 189 114 3 0 0 0 0
109 114 129 304 203 111 242 205 102 171 184 111 4 0 0 0 0
108 114 108 121 117 106 111 110 106 105 109 107 5 0 0 0 0
106 111 110 142 130 106 315 311 106 274 415 122 6 0 0 0 0
107 111 113 226 185 115 590 601 112 408 617 141 7 0 0 0 0
103 106 102 121 117 105 136 138 102 114 132 106 8 0 0 0 0
106 105 102 104 106 101 202 255 104 194 345 123 9 0 0 0 0
109 110 105 108 110 106 473 652 131 365 669 182 10 0 0 0 0
110 115 108 104 112 107 151 196 104 126 184 15000 11 0 0 0 0
Chip#1
110 105 100 104 104 97 107 101 99 106 100 109 0 0 160 150 66
107 105 146 166 105 132 193 110 119 186 107 103 1 0 0 0 0
104 107 527 685 121 557 1071 153 400 1099 223 108 2 0 0 0 0
102 104 194 268 109 240 425 116 219 542 139 104 3 0 0 0 0
108 105 121 127 111 114 122 115 116 118 105 105 4 0 0 0 0
101 103 483 489 108 344 542 116 300 637 143 98 5 0 0 0 0
105 104 240 251 110 227 332 113 232 485 126 106 6 0 0 0 0
111 112 114 121 118 113 121 115 115 112 106 106 7 0 0 0 0
103 107 431 426 108 337 406 109 108 103 102 103 8 0 0 0 0
104 110 294 278 104 326 387 111 111 107 104 109 9 0 0 0 0
104 102 98 105 105 101 106 104 105 102 96 102 10 0 0 0 0
103 99 98 96 101 101 102 103 103 95 96 15000 11 0 0 0 0
Chip#2
112 114 107 103 108 106 101 103 105 104 103 108 0 0 160 150 66
114 115 109 110 110 109 108 110 107 106 108 110 1 0 0 0 0
99 98 94 95 100 96 93 97 93 95 94 97 2 0 0 0 0
106 103 113 201 141 104 203 177 99 159 179 100 3 0 0 0 0
111 110 128 311 207 114 243 212 107 172 186 110 4 0 0 0 0
114 112 112 127 121 110 114 113 111 112 114 108 5 0 0 0 0
110 106 109 142 128 109 314 314 106 272 415 124 6 0 0 0 0
109 111 114 227 184 112 588 601 110 404 619 139 7 0 0 0 0
109 105 104 124 118 105 140 144 104 117 137 106 8 0 0 0 0
109 109 105 109 107 106 202 258 105 198 351 124 9 0 0 0 0
112 111 108 106 111 109 468 652 132 365 667 182 10 0 0 0 0
114 114 112 105 110 109 157 200 112 129 186 15000 11 0 0 0 0
Chip#1
111 103 100 102 107 101 106 105 108 99 101 106 0 0 64 151 66
101 99 138 161 103 125 183 103 113 176 101 100 1 0 0 0 0
102 103 518 677 121 549 1065 148 397 1088 218 102 2 0 0 0 0
109 108 200 272 114 245 431 118 221 545 147 111 3 0 0 0 0
101 98 111 121 102 106 120 105 106 107 100 98 4 0 0 0 0
105 107 482 489 111 350 549 122 301 634 147 108 5 0 0 0 0
109 109 240 251 115 229 338 117 232 469 136 108 6 0 0 0 0
98 100 102 107 105 102 107 104 106 98 98 98 7 0 0 0 0
105 107 429 427 107 337 407 110 105 103 101 103 8 0 0 0 0
109 108 296 277 108 328 388 111 110 110 104 109 9 0 0 0 0
104 107 103 105 108 107 112 108 111 107 101 105 10 0 0 0 0
108 107 102 105 104 104 110 108 106 99 102 15000 11 0 0 0 0
Chip#2
118 116 114 114 113 111 112 114 114 115 109 114 0 0 128 151 66
106 105 102 103 102 100 99 101 98 100 99 100 1 0 0 0 0
112 109 104 103 108 105 101 103 104 106 103 107 2 0 0 0 0
112 111 115 211 153 112 214 180 106 166 183 112 3 0 0 0 0
106 109 122 305 197 109 236 201 100 167 177 107 4 0 0 0 0
108 103 102 121 112 102 108 104 99 107 101 103 5 0 0 0 0
109 105 108 144 128 107 301 297 106 267 416 123 6 0 0 0 0
108 105 118 228 184 112 588 600 112 402 616 143 7 0 0 0 0
98 101 97 117 108 95 134 134 94 110 126 101 8 0 0 0 0
106 103 99 100 104 101 201 253 102 194 345 119 9 0 0 0 0
104 102 104 104 104 101 461 642 124 354 657 176 10 0 0 0 0
110 110 110 105 107 106 150 197 106 127 180 15000 11 0 0 0 0
Chip#1
120 112 106 113 112 108 117 113 115 111 109 117 0 0 96 152 66
103 100 142 163 109 132 186 110 115 181 105 105 1 0 0 0 0
97 97 511 673 111 538 1053 144 388 1076 211 99 2 0 0 0 0
101 104 195 268 110 241 427 115 222 542 138 108 3 0 0 0 0
99 105 115 126 108 109 128 109 109 114 102 106 4 0 0 0 0
99 98 474 482 105 337 538 110 293 624 138 99 5 0 0 0 0
104 105 239 247 109 224 327 111 227 469 127 102 6 0 0 0 0
102 103 107 110 104 103 111 107 106 105 98 100 7 0 0 0 0
97 103 424 421 103 331 395 105 103 97 99 96 8 0 0 0 0
111 107 296 294 116 329 389 115 115 109 109 109 9 0 0 0 0
107 102 100 105 108 101 106 108 106 103 100 98 10 0 0 0 0
107 102 99 104 108 101 106 100 108 98 95 15000 11 0 0 0 0
Chip#2
110 110 104 104 105 102 102 98 104 100 100 108 0 0 96 152 66
110 110 102 103 104 105 104 104 102 104 103 111 1 0 0 0 0
114 110 109 106 110 106 105 103 106 109 106 108 2 0 0 0 0
112 109 113 208 147 110 210 177 106 160 179 111 3 0 0 0 0
102 105 120 300 195 107 234 199 99 165 176 106 4 0 0 0 0
107 105 107 125 115 109 113 111 104 107 109 112 5 0 0 0 0
108 110 107 146 130 110 318 317 111 273 419 127 6 0 0 0 0
117 112 125 237 190 125 595 606 118 408 624 149 7 0 0 0 0
98 98 93 117 108 99 134 135 95 109 127 97 8 0 0 0 0
107 110 105 104 108 109 203 256 108 196 349 127 9 0 0 0 0
117 116 114 110 113 115 472 653 137 367 674 187 10 0 0 0 0
112 109 107 106 107 107 153 193 104 126 183 15000 11 0 0 0 0
Chip#1
114 107 106 112 112 106 115 112 109 110 106 117 0 0 96 153 66
96 94 136 160 102 125 184 108 106 175 100 98 1 0 0 0 0
102 103 514 671 114 542 1056 151 398 1082 216 104 2 0 0 0 0
98 97 186 262 100 233 419 111 210 542 129 94 3 0 0 0 0
104 103 121 124 105 109 122 111 110 120 106 102 4 0 0 0 0
105 107 477 487 110 348 542 123 299 632 145 104 5 0 0 0 0
104 113 239 250 110 227 335 119 231 469 129 105 6 0 0 0 0
105 99 108 112 104 108 113 111 105 107 102 105 7 0 0 0 0
104 107 429 424 109 336 403 115 108 106 104 102 8 0 0 0 0
97 100 284 265 103 320 379 105 100 98 100 98 9 0 0 0 0
104 102 106 109 108 104 112 107 110 105 101 103 10 0 0 0 0
107 104 104 105 109 100 107 108 104 102 97 15000 11 0 0 0 0
Chip#2
107 105 103 101 102 99 98 100 101 101 100 103 0 0 96 153 66
109 111 103 103 105 102 101 101 101 100 101 106 1 0 0 0 0
112 111 105 108 110 105 107 105 105 104 108 110 2 0 0 0 0
113 109 117 204 146 110 209 177 107 163 179 111 3 0 0 0 0
108 106 124 303 197 111 240 205 107 169 182 105 4 0 0 0 0
108 107 103 120 111 104 105 105 98 101 103 100 5 0 0 0 0
112 111 109 147 131 111 301 311 110 274 414 124 6 0 0 0 0
107 106 117 224 179 112 581 594 107 399 607 140 7 0 0 0 0
106 105 104 125 111 105 141 139 100 114 131 105 8 0 0 0 0
106 102 100 103 100 101 196 249 101 190 345 122 9 0 0 0 0
110 114 108 106 107 109 463 646 130 362 658 180 10 0 0 0 0
110 110 107 104 107 106 149 193 106 126 181 15000 11 0 0 0 0
Chip#1
114 103 99 100 101 100 104 101 103 102 99 105 0 0 32 154 66
102 107 144 169 108 136 191 110 120 186 110 105 1 0 0 0 0
105 107 518 675 121 547 1038 152 398 1077 228 108 2 0 0 0 0
102 102 195 267 105 237 424 113 218 542 139 105 3 0 0 0 0
111 108 121 134 112 116 128 113 113 119 110 105 4 0 0 0 0
103 105 475 483 105 348 538 117 294 622 139 103 5 0 0 0 0
105 108 238 248 109 229 330 113 226 469 128 108 6 0 0 0 0
99 98 108 109 98 102 107 96 101 101 97 99 7 0 0 0 0
104 104 428 419 107 334 398 110 108 106 105 102 8 0 0 0 0
107 103 290 271 108 323 382 108 106 101 106 104 9 0 0 0 0
107 105 101 106 107 104 107 107 109 102 101 103 10 0 0 0 0
105 107 103 107 107 102 106 105 104 101 105 15000 11 0 0 0 0
Chip#2
99 102 95 98 99 95 98 95 94 96 98 98 0 0 160 154 66
109 109 102 100 105 105 102 102 100 100 104 107 1 0 0 0 0
109 111 103 106 106 105 102 104 99 106 106 110 2 0 0 0 0
115 115 115 207 155 109 209 178 106 163 184 116 3 0 0 0 0
103 105 118 294 193 106 228 198 98 162 172 105 4 0 0 0 0
109 105 99 116 110 105 106 101 102 100 105 103 5 0 0 0 0
118 115 109 147 134 111 315 315 110 274 414 129 6 0 0 0 0
113 107 117 228 185 119 584 596 114 404 616 142 7 0 0 0 0
103 102 95 116 110 100 136 137 98 111 132 100 8 0 0 0 0
113 110 104 105 107 109 203 258 107 196 351 126 9 0 0 0 0
120 118 112 113 115 115 471 650 139 367 666 188 10 0 0 0 0
104 105 100 101 102 104 146 189 102 124 174 15000 11 0 0 0 0
Chip#1
117 108 103 109 103 106 106 108 111 109 107 114 0 0 0 155 66
108 103 140 161 108 132 183 105 115 185 105 104 1 0 0 0 0
103 104 509 667 115 537 1050 145 391 1070 214 103 2 0 0 0 0
97 98 185 259 104 232 410 103 213 533 128 96 3 0 0 0 0
105 107 119 127 108 114 123 112 116 119 107 106 4 0 0 0 0
103 102 483 483 105 346 538 115 296 625 142 104 5 0 0 0 0
98 102 229 242 105 222 323 109 221 470 123 99 6 0 0 0 0
104 104 110 112 102 107 108 108 108 105 102 100 7 0 0 0 0
105 107 430 424 105 334 399 112 109 105 105 103 8 0 0 0 0
102 104 282 266 103 318 376 105 104 99 96 99 9 0 0 0 0
103 100 101 107 102 104 108 101 104 102 100 102 10 0 0 0 0
108 105 107 109 108 106 108 107 106 106 102 15000 11 0 0 0 0
Chip#2
107 111 100 99 104 99 96 97 98 100 99 102 0 0 0 155 66
110 110 105 103 106 105 102 104 104 107 104 106 1 0 0 0 0
109 107 103 104 107 104 101 104 105 104 105 107 2 0 0 0 0
117 114 123 212 157 115 210 185 111 163 183 116 3 0 0 0 0
107 105 117 295 197 109 231 199 101 161 177 105 4 0 0 0 0
104 105 102 115 111 102 102 104 99 99 106 102 5 0 0 0 0
107 105 103 141 127 104 301 309 100 267 409 119 6 0 0 0 0
112 109 114 223 184 112 583 600 112 400 615 142 7 0 0 0 0
107 106 103 125 114 102 140 143 102 116 138 103 8 0 0 0 0
104 107 98 98 101 100 193 255 101 188 344 119 9 0 0 0 0
112 109 107 104 105 102 461 646 128 356 660 177 10 0 0 0 0
113 109 103 100 104 104 150 191 102 127 179 15000 11 0 0 0 0
Chip#1
117 108 103 106 104 109 111 109 108 103 105 108 0 0 160 155 66
103 99 138 158 102 127 180 105 114 181 101 99 1 0 0 0 0
102 105 507 664 115 533 1025 147 385 1062 212 103 2 0 0 0 0
101 98 191 261 105 233 415 113 212 542 138 99 3 0 0 0 0
104 103 115 121 103 106 118 107 106 114 101 102 4 0 0 0 0
104 104 474 482 108 346 538 117 294 620 147 108 5 0 0 0 0
98 100 229 241 102 222 323 104 216 461 121 100 6 0 0 0 0
108 105 111 118 108 108 111 110 109 109 100 103 7 0 0 0 0
101 102 423 416 107 328 392 108 105 94 99 99 8 0 0 0 0
102 105 284 269 107 321 375 107 105 99 99 102 9 0 0 0 0
109 108 108 110 110 110 114 111 110 106 104 105 10 0 0 0 0
107 108 107 106 105 106 110 107 105 106 102 15000 11 0 0 0 0
Chip#2
107 107 100 101 106 99 102 101 101 98 100 103 0 0 160 155 66
115 112 107 106 111 107 106 107 105 107 108 110 1 0 0 0 0
103 103 98 99 100 100 100 101 100 100 101 101 2 0 0 0 0
110 115 112 204 151 107 204 178 106 160 180 111 3 0 0 0 0
115 118 128 309 208 115 241 210 111 177 186 113 4 0 0 0 0
112 111 107 125 117 106 110 109 106 110 109 105 5 0 0 0 0
112 107 104 145 130 107 301 313 107 269 411 123 6 0 0 0 0
115 112 119 228 184 120 586 596 116 400 617 144 7 0 0 0 0
108 107 103 124 119 107 140 145 106 116 137 110 8 0 0 0 0
112 107 102 104 107 106 201 256 107 195 346 128 9 0 0 0 0
109 107 104 104 108 109 461 639 126 359 660 176 10 0 0 0 0
107 103 97 99 104 102 146 186 98 122 172 15000 11 0 0 0 0
Chip#1
114 109 105 107 107 107 113 110 110 105 105 111 0 0 96 156 66
98 103 135 163 105 126 181 102 114 181 102 99 1 0 0 0 0
101 105 508 662 115 537 1024 148 392 1064 217 105 2 0 0 0 0
105 103 193 267 108 237 416 116 216 542 141 105 3 0 0 0 0
98 100 115 119 104 108 120 107 104 112 105 100 4 0 0 0 0
103 105 473 482 111 346 538 118 299 617 145 104 5 0 0 0 0
101 102 228 236 105 222 321 107 216 460 117 94 6 0 0 0 0
102 103 108 111 109 107 112 107 106 106 101 103 7 0 0 0 0
102 102 423 416 108 330 396 112 103 103 95 103 8 0 0 0 0
99 98 282 263 102 313 376 105 101 101 95 97 9 0 0 0 0
104 105 104 107 109 106 111 107 108 103 102 103 10 0 0 0 0
105 103 103 101 107 104 107 105 104 98 99 15000 11 0 0 0 0
Chip#2
117 112 107 106 108 109 107 107 105 112 108 114 0 0 192 156 66
103 96 93 94 97 96 95 94 95 96 94 97 1 0 0 0 0
104 101 94 98 100 99 98 100 99 101 100 101 2 0 0 0 0
113 110 119 210 150 115 209 180 110 167 182 117 3 0 0 0 0
109 109 122 305 198 110 236 201 107 174 181 110 4 0 0 0 0
107 106 100 120 108 104 106 103 100 105 104 103 5 0 0 0 0
107 102 103 140 124 107 301 292 106 269 408 119 6 0 0 0 0
110 106 110 226 179 115 583 592 111 402 610 140 7 0 0 0 0
106 102 93 120 111 101 130 137 96 112 131 101 8 0 0 0 0
109 106 107 106 108 106 202 257 106 200 346 127 9 0 0 0 0
109 109 105 106 108 106 461 641 126 359 662 177 10 0 0 0 0
114 110 107 110 110 110 149 196 108 132 185 15000 11 0 0 0 0
Chip#1
107 105 101 104 102 98 104 104 104 101 96 108 0 0 64 157 66
105 109 142 165 105 130 189 111 118 188 109 106 1 0 0 0 0
99 104 510 661 115 537 1023 151 387 1062 215 108 2 0 0 0 0
102 104 193 266 108 233 416 113 216 542 136 104 3 0 0 0 0
96 99 111 118 107 109 117 104 105 112 99 102 4 0 0 0 0
97 104 473 479 107 340 529 118 291 617 143 104 5 0 0 0 0
102 98 232 241 104 222 321 109 221 464 122 105 6 0 0 0 0
102 99 111 112 107 107 110 107 109 106 102 105 7 0 0 0 0
101 105 423 420 111 336 399 109 110 105 99 104 8 0 0 0 0
101 102 287 268 109 318 380 104 105 101 99 105 9 0 0 0 0
101 102 101 100 105 103 110 107 104 99 102 102 10 0 0 0 0
104 109 103 105 105 103 107 108 110 101 104 15000 11 0 0 0 0
Chip#2
113 112 105 106 108 106 104 105 105 104 105 106 0 0 64 157 66
112 116 108 106 106 106 102 107 104 109 104 108 1 0 0 0 0
109 111 103 106 107 106 102 104 96 107 103 108 2 0 0 0 0
108 109 110 204 145 109 202 174 104 157 177 110 3 0 0 0 0
113 109 124 299 201 109 236 203 104 169 181 106 4 0 0 0 0
113 114 109 129 118 110 116 111 106 111 110 111 5 0 0 0 0
104 107 105 139 127 109 301 309 104 266 410 124 6 0 0 0 0
101 105 110 217 175 109 557 590 102 398 605 134 7 0 0 0 0
112 115 107 127 119 105 144 143 107 120 140 111 8 0 0 0 0
106 107 100 101 104 106 195 251 102 192 345 122 9 0 0 0 0
109 105 102 104 104 104 462 642 125 356 655 175 10 0 0 0 0
117 119 113 114 113 114 157 199 111 133 185 15000 11 0 0 0 0
Chip#1
113 107 103 106 101 104 108 102 106 98 105 108 0 0 32 158 66
105 104 148 167 108 136 191 109 118 184 111 105 1 0 0 0 0
99 102 505 658 115 531 1015 148 385 1054 215 103 2 0 0 0 0
99 95 192 259 103 234 410 112 212 533 133 94 3 0 0 0 0
98 97 112 118 100 104 120 104 106 107 96 98 4 0 0 0 0
104 102 469 474 105 338 529 117 292 610 138 100 5 0 0 0 0
102 104 234 244 105 222 326 110 219 463 125 103 6 0 0 0 0
105 104 113 117 108 110 117 109 109 102 107 106 7 0 0 0 0
101 107 424 420 107 330 397 107 106 103 100 100 8 0 0 0 0
103 104 287 269 104 314 379 104 106 99 99 103 9 0 0 0 0
102 100 101 106 98 107 110 107 105 99 96 102 10 0 0 0 0
105 104 105 106 101 106 111 105 105 98 100 15000 11 0 0 0 0
Chip#2
119 117 110 110 114 112 112 111 110 111 110 111 0 0 32 158 66
113 114 109 108 110 107 107 108 105 107 104 108 1 0 0 0 0
112 107 105 105 105 104 102 105 105 105 105 103 2 0 0 0 0
112 112 114 206 152 111 206 180 108 166 176 112 3 0 0 0 0
112 112 123 300 203 112 235 205 106 169 176 111 4 0 0 0 0
110 112 107 124 113 110 113 110 104 110 106 108 5 0 0 0 0
106 109 105 141 128 106 301 311 106 271 408 122 6 0 0 0 0
110 111 117 224 180 117 583 597 114 402 611 142 7 0 0 0 0
110 109 109 126 118 106 144 148 102 120 135 108 8 0 0 0 0
106 110 104 104 110 106 199 254 105 200 346 122 9 0 0 0 0
114 111 105 106 110 106 461 641 129 358 657 180 10 0 0 0 0
114 114 108 109 113 110 154 194 110 129 186 15000 11 0 0 0 0
Chip#1
109 104 104 106 105 104 108 110 105 99 101 111 0 0 0 159 66
108 108 148 165 109 137 187 112 122 184 109 108 1 0 0 0 0
105 109 508 652 117 535 1013 151 391 1054 221 111 2 0 0 0 0
101 104 194 260 107 233 415 111 216 533 137 108 3 0 0 0 0
98 99 117 116 96 106 117 105 108 110 101 100 4 0 0 0 0
98 100 461 467 101 332 522 111 289 600 137 98 5 0 0 0 0
101 103 234 239 103 222 321 110 222 460 125 104 6 0 0 0 0
103 105 113 113 107 108 111 109 110 101 101 103 7 0 0 0 0
103 109 427 416 112 329 392 112 110 103 102 108 8 0 0 0 0
103 105 283 268 108 317 375 111 109 99 104 99 9 0 0 0 0
103 105 105 104 107 108 113 109 109 102 101 104 10 0 0 0 0
109 108 108 109 108 103 111 107 111 101 100 15000 11 0 0 0 0
Chip#2
112 110 104 105 105 105 105 103 105 105 101 105 0 0 0 159 66
107 109 103 103 105 101 101 103 101 104 101 107 1 0 0 0 0
110 106 104 100 108 101 99 102 100 103 100 101 2 0 0 0 0
104 103 112 195 141 105 198 171 100 150 170 105 3 0 0 0 0
109 111 124 300 199 110 235 203 108 171 179 111 4 0 0 0 0
114 110 110 122 117 107 114 111 107 110 106 108 5 0 0 0 0
106 106 102 136 125 104 301 291 100 249 400 118 6 0 0 0 0
113 110 118 221 185 112 581 592 114 399 606 141 7 0 0 0 0
114 112 113 132 127 111 146 148 110 118 141 113 8 0 0 0 0
108 110 108 106 107 102 202 257 110 197 345 124 9 0 0 0 0
110 106 104 105 108 109 462 637 133 358 650 178 10 0 0 0 0
103 105 102 101 105 100 144 184 102 121 170 15000 11 0 0 0 0
Chip#1
111 103 101 105 105 104 110 108 106 103 105 110 0 0 192 159 66
102 100 144 162 104 129 187 109 116 181 105 103 1 0 0 0 0
101 103 501 652 114 526 1008 147 384 1054 215 102 2 0 0 0 0
102 102 192 260 108 232 413 117 211 533 137 103 3 0 0 0 0
103 105 121 124 109 112 125 113 111 116 104 105 4 0 0 0 0
97 93 462 468 103 330 538 111 285 602 136 94 5 0 0 0 0
103 103 229 239 109 222 323 113 216 458 126 100 6 0 0 0 0
104 98 112 111 104 100 113 108 106 103 101 102 7 0 0 0 0
99 99 418 412 104 323 390 105 100 98 99 97 8 0 0 0 0
108 107 285 269 109 318 375 107 106 102 104 106 9 0 0 0 0
103 99 106 107 104 103 107 103 105 101 102 104 10 0 0 0 0
104 102 103 101 101 100 106 104 103 103 102 15000 11 0 0 0 0
Chip#2
113 115 110 110 112 105 110 109 108 109 104 113 0 0 192 159 66
108 110 107 101 107 102 102 104 102 104 103 110 1 0 0 0 0
112 111 107 104 107 106 104 107 106 109 105 103 2 0 0 0 0
113 112 119 205 149 114 205 176 110 163 180 114 3 0 0 0 0
101 103 122 290 190 102 231 193 99 163 171 102 4 0 0 0 0
104 107 104 120 107 104 108 102 102 106 104 103 5 0 0 0 0
103 102 103 135 121 102 301 293 100 250 403 118 6 0 0 0 0
107 111 119 224 182 116 585 592 114 402 614 139 7 0 0 0 0
113 112 110 130 122 111 149 149 110 123 142 112 8 0 0 0 0
102 106 100 101 104 102 201 249 107 192 344 118 9 0 0 0 0
106 106 102 104 106 104 461 636 128 358 653 176 10 0 0 0 0
113 112 109 109 112 109 153 198 110 127 184 15000 11 0 0 0 0
Chip#1
113 107 103 106 105 104 114 107 109 102 100 110 0 0 224 160 66
103 105 144 161 107 132 189 109 119 181 105 105 1 0 0 0 0
109 109 499 651 118 527 1002 154 382 1054 215 103 2 0 0 0 0
107 108 192 262 109 233 413 115 216 533 136 105 3 0 0 0 0
103 99 117 123 103 107 121 107 111 113 102 98 4 0 0 0 0
99 105 466 471 107 337 530 120 290 599 141 100 5 0 0 0 0
103 104 233 238 103 222 319 108 214 454 122 103 6 0 0 0 0
101 97 105 113 104 104 110 108 109 102 96 100 7 0 0 0 0
102 104 414 414 108 319 389 110 105 99 99 99 8 0 0 0 0
99 102 284 265 105 313 375 115 104 99 99 103 9 0 0 0 0
102 108 105 110 107 103 113 108 109 103 104 105 10 0 0 0 0
111 113 106 107 112 108 117 112 109 109 102 15000 11 0 0 0 0
Chip#2
112 110 104 104 111 104 105 107 99 107 99 111 0 0 224 160 66
117 116 114 114 110 114 111 111 108 111 112 114 1 0 0 0 0
99 103 99 98 102 99 93 97 93 100 98 97 2 0 0 0 0
102 101 109 194 141 104 191 169 98 153 169 102 3 0 0 0 0
112 110 125 297 198 107 231 201 99 163 175 111 4 0 0 0 0
110 114 109 126 117 107 112 109 107 110 108 110 5 0 0 0 0
112 111 108 145 129 109 301 296 107 255 406 123 6 0 0 0 0
109 106 110 218 179 114 557 593 106 395 602 139 7 0 0 0 0
104 106 99 120 113 100 137 139 100 111 131 102 8 0 0 0 0
109 111 107 109 112 107 204 255 105 196 345 123 9 0 0 0 0
107 105 104 101 104 102 456 637 124 354 650 177 10 0 0 0 0
113 114 108 109 112 109 149 196 104 128 184 15000 11 0 0 0 0
Chip#1
115 105 103 112 107 106 112 111 111 106 104 110 0 0 0 162 66
98 100 135 159 102 129 180 102 111 175 98 102 1 0 0 0 0
103 107 497 649 119 524 998 146 381 1045 212 105 2 0 0 0 0
105 103 189 260 110 233 408 113 213 517 137 108 3 0 0 0 0
108 103 118 127 115 112 128 113 115 119 105 108 4 0 0 0 0
99 103 462 470 104 335 524 113 283 594 138 100 5 0 0 0 0
107 109 232 249 110 222 325 115 218 460 126 105 6 0 0 0 0
103 103 111 111 105 104 113 109 105 106 101 102 7 0 0 0 0
98 99 417 411 105 323 390 107 109 101 99 97 8 0 0 0 0
102 103 282 268 104 313 374 109 105 102 101 103 9 0 0 0 0
105 99 105 111 110 103 111 108 106 106 100 102 10 0 0 0 0
109 105 103 109 109 108 113 107 108 102 101 15000 11 0 0 0 0
Chip#2
110 107 102 103 101 101 101 101 102 103 101 103 0 0 128 162 66
109 107 104 104 105 96 101 102 99 101 103 102 1 0 0 0 0
104 101 97 95 100 97 94 96 93 96 96 98 2 0 0 0 0
107 109 112 200 145 106 199 173 100 159 175 107 3 0 0 0 0
112 107 122 294 196 109 231 199 102 166 176 107 4 0 0 0 0
106 105 100 116 106 100 104 104 95 101 103 101 5 0 0 0 0
106 107 104 140 127 106 301 310 106 268 404 121 6 0 0 0 0
110 111 117 222 180 116 557 592 110 396 607 143 7 0 0 0 0
110 110 103 125 116 106 144 144 107 116 138 110 8 0 0 0 0
119 114 112 117 117 111 205 262 113 203 349 130 9 0 0 0 0
106 102 99 103 105 102 454 630 122 347 648 169 10 0 0 0 0
109 111 107 105 112 107 151 194 108 128 184 15000 11 0 0 0 0
Chip#1
119 108 104 106 109 108 110 111 109 110 105 113 0 0 224 162 66
109 107 146 168 107 137 188 115 116 186 109 109 1 0 0 0 0
101 105 493 646 114 523 995 146 382 1045 212 100 2 0 0 0 0
109 113 194 263 112 230 417 118 217 542 139 110 3 0 0 0 0
102 103 116 122 104 113 122 108 110 116 101 99 4 0 0 0 0
109 109 464 470 111 342 525 119 294 603 141 104 5 0 0 0 0
102 100 229 236 103 222 317 112 219 453 121 102 6 0 0 0 0
103 103 107 109 104 104 110 103 109 106 100 102 7 0 0 0 0
104 107 417 413 108 326 390 112 109 103 97 102 8 0 0 0 0
97 98 277 257 100 307 367 103 101 98 91 94 9 0 0 0 0
104 100 101 105 101 103 108 103 105 101 99 103 10 0 0 0 0
111 113 110 113 111 112 118 111 111 106 106 15000 11 0 0 0 0
Chip#2
112 110 107 106 107 106 101 103 102 103 104 105 0 0 224 162 66
108 109 104 105 106 106 105 103 104 107 104 106 1 0 0 0 0
115 117 115 109 113 112 111 109 106 111 109 112 2 0 0 0 0
107 106 113 199 146 110 201 171 107 161 172 110 3 0 0 0 0
110 112 124 295 197 115 235 199 106 167 179 108 4 0 0 0 0
99 100 97 114 108 99 104 96 95 99 100 96 5 0 0 0 0
108 105 104 136 124 107 301 289 99 253 404 119 6 0 0 0 0
99 96 104 206 169 105 557 579 101 389 596 130 7 0 0 0 0
112 112 108 127 117 112 142 145 105 120 135 108 8 0 0 0 0
107 105 104 104 106 102 197 251 105 192 341 121 9 0 0 0 0
108 105 103 105 107 109 459 636 125 352 648 177 10 0 0 0 0
117 112 108 109 112 112 157 198 110 133 182 15000 11 0 0 0 0
Chip#1
110 105 102 106 104 102 111 107 110 110 100 108 0 0 192 163 66
103 104 144 165 110 133 186 110 118 180 105 100 1 0 0 0 0
104 104 492 644 121 521 991 152 382 1045 214 106 2 0 0 0 0
97 100 183 254 105 224 401 109 202 533 129 96 3 0 0 0 0
93 100 114 118 101 106 119 107 103 110 95 94 4 0 0 0 0
97 98 455 466 101 331 518 115 283 588 133 97 5 0 0 0 0
102 100 227 237 104 222 317 108 214 446 123 99 6 0 0 0 0
104 104 112 119 109 108 113 108 110 106 104 102 7 0 0 0 0
98 99 414 407 104 320 384 110 103 102 98 96 8 0 0 0 0
99 100 277 266 104 313 372 111 101 103 96 103 9 0 0 0 0
101 100 99 105 103 104 106 102 105 99 98 96 10 0 0 0 0
101 99 102 106 102 101 106 108 105 101 99 15000 11 0 0 0 0
Chip#2
108 103 103 99 101 100 94 96 99 99 98 100 0 0 192 163 66
104 105 102 100 100 100 96 97 98 100 94 98 1 0 0 0 0
113 111 110 109 107 106 106 107 106 105 105 108 2 0 0 0 0
114 115 119 206 153 112 208 178 113 161 177 114 3 0 0 0 0
108 109 124 290 195 110 229 197 108 165 174 107 4 0 0 0 0
109 111 109 121 115 106 113 107 106 106 111 107 5 0 0 0 0
99 101 104 136 119 102 301 285 99 247 398 116 6 0 0 0 0
108 112 115 217 179 115 575 589 112 395 604 141 7 0 0 0 0
107 109 105 125 117 105 142 143 105 118 137 107 8 0 0 0 0
108 110 103 104 107 106 198 253 107 196 341 123 9 0 0 0 0
106 107 104 105 106 104 460 632 131 356 646 177 10 0 0 0 0
110 107 107 108 110 105 150 189 108 127 176 15000 11 0 0 0 0
Chip#1
115 105 104 107 102 108 111 110 111 103 102 111 0 0 160 164 66
108 104 143 163 104 135 188 111 116 182 104 106 1 0 0 0 0
108 107 493 644 117 517 987 150 378 1029 212 108 2 0 0 0 0
102 104 191 259 107 234 406 113 208 517 136 102 3 0 0 0 0
109 109 122 128 111 110 128 113 118 119 105 111 4 0 0 0 0
105 109 463 464 109 337 522 123 288 589 139 106 5 0 0 0 0
101 102 227 237 104 222 311 108 214 445 121 99 6 0 0 0 0
107 105 107 118 108 109 115 105 113 107 101 105 7 0 0 0 0
103 108 415 412 111 328 389 115 106 107 102 106 8 0 0 0 0
107 109 282 266 107 313 373 109 108 109 101 102 9 0 0 0 0
103 102 103 107 105 106 110 107 106 105 98 104 10 0 0 0 0
108 110 105 110 107 109 110 112 111 105 102 15000 11 0 0 0 0
Chip#2
112 111 107 100 105 104 100 102 102 100 103 111 0 0 224 164 66
110 111 107 106 107 106 105 102 106 103 101 108 1 0 0 0 0
102 101 94 95 100 99 94 95 95 94 98 98 2 0 0 0 0
102 103 108 188 140 100 189 165 101 149 166 101 3 0 0 0 0
103 109 123 286 193 107 228 200 104 162 176 107 4 0 0 0 0
109 111 109 125 114 107 110 110 105 105 108 107 5 0 0 0 0
106 106 105 139 127 104 301 291 104 261 403 121 6 0 0 0 0
112 109 115 217 181 115 557 590 113 394 605 142 7 0 0 0 0
109 110 108 125 118 102 146 144 106 115 135 110 8 0 0 0 0
113 114 109 113 112 110 205 257 118 201 350 133 9 0 0 0 0
104 109 103 101 106 101 454 634 129 352 645 175 10 0 0 0 0
109 107 108 106 108 107 150 196 112 128 180 15000 11 0 0 0 0
Chip#1
110 107 103 105 104 108 110 105 109 107 101 108 0 0 64 165 66
107 105 144 165 105 135 187 109 120 185 105 105 1 0 0 0 0
105 108 492 641 118 520 987 147 381 1045 215 106 2 0 0 0 0
104 100 190 265 103 227 403 113 211 533 134 106 3 0 0 0 0
104 105 117 127 109 107 122 109 111 118 100 103 4 0 0 0 0
102 103 460 465 105 334 517 115 285 593 138 102 5 0 0 0 0
103 102 229 238 110 222 313 105 213 450 118 99 6 0 0 0 0
104 108 113 115 111 107 112 109 109 111 104 108 7 0 0 0 0
107 114 418 415 110 328 391 112 114 105 105 106 8 0 0 0 0
98 102 278 262 102 309 367 108 105 102 99 102 9 0 0 0 0
102 102 99 105 107 102 106 103 105 103 98 94 10 0 0 0 0
107 109 103 106 107 107 110 109 109 105 100 15000 11 0 0 0 0
Chip#2
103 100 103 94 101 100 99 95 96 98 95 100 0 0 64 165 66
103 103 99 99 97 95 95 95 93 100 95 98 1 0 0 0 0
114 110 108 105 110 109 107 108 105 109 106 110 2 0 0 0 0
109 110 114 198 144 109 201 170 104 156 170 103 3 0 0 0 0
110 112 129 292 198 115 237 203 107 169 181 112 4 0 0 0 0
99 101 100 113 106 96 101 100 94 100 96 96 5 0 0 0 0
115 115 114 147 134 117 318 312 113 271 411 127 6 0 0 0 0
109 110 115 218 179 115 576 589 114 398 605 143 7 0 0 0 0
109 106 107 126 118 106 146 143 105 122 136 105 8 0 0 0 0
108 107 105 104 107 109 201 254 106 197 344 126 9 0 0 0 0
112 109 110 109 107 109 456 635 130 356 648 178 10 0 0 0 0
106 106 102 100 107 102 150 190 100 123 175 15000 11 0 0 0 0
Chip#1
116 112 106 109 109 108 114 109 111 109 105 111 0 0 96 166 66
98 100 138 156 98 126 181 103 111 173 97 100 1 0 0 0 0
103 108 485 633 117 511 974 150 377 1013 209 104 2 0 0 0 0
101 99 185 251 109 224 398 110 207 517 127 102 3 0 0 0 0
102 102 115 123 112 109 127 110 114 115 105 102 4 0 0 0 0
104 110 460 463 109 335 521 120 289 590 144 104 5 0 0 0 0
93 95 213 230 97 207 306 103 206 435 114 93 6 0 0 0 0
101 98 102 110 104 101 110 104 108 103 97 100 7 0 0 0 0
101 100 403 401 103 318 383 108 106 98 100 102 8 0 0 0 0
104 105 278 263 111 313 370 112 110 105 104 103 9 0 0 0 0
103 98 99 105 103 100 110 104 105 101 96 102 10 0 0 0 0
99 97 94 96 97 96 104 98 101 94 96 15000 11 0 0 0 0
Chip#2
107 107 104 101 100 100 101 101 100 103 99 105 0 0 96 166 66
107 105 105 103 105 101 102 98 102 101 101 103 1 0 0 0 0
112 112 108 106 106 104 104 104 104 104 106 110 2 0 0 0 0
109 107 118 202 147 109 197 173 104 157 172 111 3 0 0 0 0
109 109 126 292 196 107 231 197 107 165 175 116 4 0 0 0 0
112 111 109 124 116 109 114 113 105 107 109 110 5 0 0 0 0
103 102 104 133 121 102 301 303 98 262 399 118 6 0 0 0 0
113 112 122 223 179 115 579 593 117 401 606 144 7 0 0 0 0
110 110 109 129 117 107 143 141 106 117 136 110 8 0 0 0 0
112 111 107 106 111 106 202 253 105 195 341 129 9 0 0 0 0
114 110 109 108 110 111 462 641 129 356 656 182 10 0 0 0 0
117 114 109 108 111 107 154 194 105 128 180 15000 11 0 0 0 0
Chip#1
111 103 102 107 103 104 107 104 106 103 102 106 0 0 64 167 66
105 105 145 163 112 137 189 115 119 178 106 109 1 0 0 0 0
101 104 483 627 116 511 966 146 374 1013 206 105 2 0 0 0 0
104 108 192 260 108 234 405 117 210 517 139 105 3 0 0 0 0
99 99 113 117 108 110 122 109 105 114 105 100 4 0 0 0 0
102 98 450 457 107 330 509 116 282 578 137 98 5 0 0 0 0
104 105 232 243 110 222 318 118 218 445 126 109 6 0 0 0 0
99 98 106 111 107 103 112 110 104 105 100 102 7 0 0 0 0
95 100 403 402 109 313 381 110 100 98 96 98 8 0 0 0 0
99 99 271 256 104 306 363 109 99 98 95 97 9 0 0 0 0
103 105 101 104 102 104 111 105 100 102 99 100 10 0 0 0 0
109 110 107 111 108 106 112 110 109 106 105 15000 11 0 0 0 0
Chip#2
101 101 98 99 95 95 94 93 92 98 95 101 0 0 64 167 66
109 106 108 104 106 105 104 101 102 103 104 107 1 0 0 0 0
109 109 110 105 104 104 106 107 102 107 101 106 2 0 0 0 0
108 109 115 196 139 110 195 170 102 153 170 107 3 0 0 0 0
108 107 123 286 189 109 227 194 104 166 174 108 4 0 0 0 0
112 111 112 122 116 105 112 107 104 111 106 110 5 0 0 0 0
103 107 105 137 123 100 301 282 105 248 397 118 6 0 0 0 0
106 106 118 216 175 111 534 581 112 387 597 139 7 0 0 0 0
106 107 107 125 117 106 144 138 106 120 133 110 8 0 0 0 0
110 109 110 108 106 105 199 250 106 198 342 127 9 0 0 0 0
109 109 113 109 107 107 459 628 128 354 645 177 10 0 0 0 0
112 107 109 105 108 109 149 189 104 123 176 15000 11 0 0 0 0
Chip#1
110 104 102 105 107 106 108 103 110 106 102 105 0 0 32 168 66
107 105 144 166 107 133 185 110 120 182 102 104 1 0 0 0 0
102 108 483 634 118 511 965 145 375 1013 209 105 2 0 0 0 0
99 100 180 248 103 223 392 108 200 517 126 97 3 0 0 0 0
105 102 118 123 104 112 125 110 116 115 105 108 4 0 0 0 0
98 102 451 458 102 329 509 113 282 579 137 100 5 0 0 0 0
101 103 228 238 108 222 316 111 219 445 120 104 6 0 0 0 0
104 100 106 111 105 102 113 104 106 101 97 98 7 0 0 0 0
99 105 407 404 109 319 385 111 104 105 102 103 8 0 0 0 0
104 110 281 267 114 314 373 110 111 110 100 106 9 0 0 0 0
111 108 105 111 109 113 115 109 111 107 104 105 10 0 0 0 0
111 104 107 112 108 103 112 108 106 107 102 15000 11 0 0 0 0
Chip#2
117 114 114 111 116 114 110 110 111 110 114 114 0 0 32 168 66
115 111 112 110 108 107 108 105 108 110 110 110 1 0 0 0 0
110 110 107 103 105 102 104 104 106 103 106 108 2 0 0 0 0
109 109 113 195 144 109 196 170 105 157 175 107 3 0 0 0 0
109 105 125 290 196 110 227 197 106 166 177 112 4 0 0 0 0
106 105 107 119 110 104 108 104 100 106 106 102 5 0 0 0 0
107 106 107 140 129 106 301 293 105 265 404 124 6 0 0 0 0
109 105 118 218 179 115 557 589 114 394 602 143 7 0 0 0 0
114 114 110 132 124 112 147 149 110 121 143 114 8 0 0 0 0
106 105 109 108 110 105 198 250 106 196 345 126 9 0 0 0 0
104 103 102 99 105 101 453 623 126 347 645 178 10 0 0 0 0
107 107 105 103 105 105 148 189 101 122 177 15000 11 0 0 0 0
Chip#1
111 107 101 104 104 104 108 102 109 107 100 109 0 0 224 168 66
103 105 141 166 107 132 185 109 116 178 109 104 1 0 0 0 0
105 105 483 628 116 507 958 147 372 1013 210 106 2 0 0 0 0
109 108 190 255 110 227 400 117 208 533 137 103 3 0 0 0 0
98 99 111 118 102 106 117 104 105 112 99 99 4 0 0 0 0
105 103 448 460 109 329 509 120 282 578 137 103 5 0 0 0 0
107 104 227 241 110 222 317 117 218 438 125 105 6 0 0 0 0
105 105 113 113 111 112 115 111 110 110 99 100 7 0 0 0 0
105 109 407 406 110 318 383 111 108 106 102 100 8 0 0 0 0
103 105 275 263 107 306 364 111 108 106 102 100 9 0 0 0 0
108 105 107 112 105 109 112 113 109 106 105 109 10 0 0 0 0
109 107 104 109 107 101 108 107 108 103 99 15000 11 0 0 0 0
Chip#2
108 106 109 101 106 105 101 102 99 103 101 105 0 0 224 168 66
113 112 108 105 110 105 108 108 105 105 104 110 1 0 0 0 0
111 103 108 104 105 105 104 104 105 107 105 103 2 0 0 0 0
101 100 105 188 135 102 190 163 95 149 164 100 3 0 0 0 0
101 97 115 275 182 99 217 187 96 154 161 94 4 0 0 0 0
112 107 109 125 112 107 113 109 108 107 110 105 5 0 0 0 0
104 107 103 133 122 102 301 290 101 250 400 116 6 0 0 0 0
110 110 119 218 180 115 533 589 116 396 597 140 7 0 0 0 0
101 109 102 120 117 102 134 141 100 111 131 98 8 0 0 0 0
108 109 108 105 106 102 196 255 108 197 342 123 9 0 0 0 0
108 101 103 99 104 101 452 622 126 346 640 174 10 0 0 0 0
118 116 117 111 112 115 159 203 114 133 184 15000 11 0 0 0 0
