Chip#1
98 97 94 103 97 99 98 100 97 92 97 96 0 0 128 114 66
103 97 96 103 98 106 104 102 100 96 98 98 1 0 0 0 0
104 100 107 120 102 116 128 102 113 132 101 101 2 0 0 0 0
109 102 104 114 103 114 114 105 108 117 100 100 3 0 0 0 0
108 105 118 129 108 118 128 110 107 99 103 110 4 0 0 0 0
103 106 557 554 107 623 1019 125 117 125 106 100 5 0 0 0 0
109 106 287 297 108 380 612 112 111 122 105 101 6 0 0 0 0
110 109 119 123 104 110 112 108 109 101 101 100 7 0 0 0 0
103 102 787 737 107 397 459 104 103 93 98 101 8 0 0 0 0
108 102 525 458 110 407 460 107 101 96 102 101 9 0 0 0 0
103 101 95 107 95 100 104 100 96 92 92 93 10 0 0 0 0
111 105 99 107 100 100 100 100 100 97 98 15000 11 0 0 0 0
Chip#1
102 94 93 103 97 94 100 100 100 93 93 95 0 0 64 117 66
101 93 95 103 96 101 102 100 99 92 97 93 1 0 0 0 0
106 102 110 131 103 117 132 107 119 132 105 106 2 0 0 0 0
103 101 106 112 105 112 119 108 111 121 103 104 3 0 0 0 0
106 100 114 124 104 111 127 101 107 92 103 96 4 0 0 0 0
102 97 552 550 103 613 1012 118 109 122 100 98 5 0 0 0 0
97 97 281 291 100 379 607 109 106 109 102 99 6 0 0 0 0
102 105 111 121 105 105 108 104 107 100 100 101 7 0 0 0 0
102 107 787 741 108 394 457 111 102 97 98 99 8 0 0 0 0
103 104 522 449 105 397 454 102 103 96 97 95 9 0 0 0 0
102 101 98 107 98 104 105 100 103 95 96 96 10 0 0 0 0
111 102 98 104 102 106 101 98 101 95 102 15000 11 0 0 0 0
Chip#1
106 102 99 113 105 107 105 111 108 95 105 102 0 0 64 118 66
104 100 99 104 103 109 106 104 101 95 98 99 1 0 0 0 0
105 102 112 125 103 115 130 105 116 128 106 98 2 0 0 0 0
104 102 104 108 102 110 116 105 111 111 98 100 3 0 0 0 0
106 100 114 118 103 116 127 109 107 93 100 98 4 0 0 0 0
97 97 548 547 108 607 1003 122 113 121 100 99 5 0 0 0 0
98 101 277 286 100 374 596 113 108 112 97 99 6 0 0 0 0
101 99 111 120 105 106 108 100 106 96 97 96 7 0 0 0 0
97 105 768 724 103 385 447 102 98 87 92 98 8 0 0 0 0
98 101 510 444 97 391 445 97 99 91 92 95 9 0 0 0 0
112 110 104 114 110 111 113 107 107 100 101 104 10 0 0 0 0
111 105 98 101 102 98 104 102 103 97 98 15000 11 0 0 0 0
Chip#1
105 106 102 107 104 105 107 103 107 96 103 106 0 0 64 119 66
102 104 100 110 107 108 106 109 103 99 102 101 1 0 0 0 0
99 100 109 118 100 117 128 103 113 128 97 100 2 0 0 0 0
102 97 98 110 101 107 113 104 109 105 98 100 3 0 0 0 0
101 100 114 120 105 114 127 107 103 93 97 99 4 0 0 0 0
98 102 545 542 104 608 1000 118 109 116 93 95 5 0 0 0 0
106 104 279 292 107 377 598 114 113 118 103 102 6 0 0 0 0
102 99 110 120 102 105 108 104 103 90 98 99 7 0 0 0 0
104 109 769 730 108 391 449 105 103 96 98 104 8 0 0 0 0
106 109 519 451 108 397 458 112 107 99 106 105 9 0 0 0 0
110 107 103 113 107 104 108 109 106 103 100 106 10 0 0 0 0
120 112 108 118 112 114 108 113 109 107 111 15000 11 0 0 0 0
Chip#1
101 101 98 104 104 103 108 101 104 99 100 99 0 0 192 119 66
96 94 94 102 102 100 102 98 100 93 96 98 1 0 0 0 0
93 90 100 115 90 104 121 97 103 120 92 85 2 0 0 0 0
102 101 97 108 101 107 114 104 107 109 102 99 3 0 0 0 0
97 95 107 119 96 109 120 103 96 92 97 95 4 0 0 0 0
101 102 543 546 105 606 1005 124 118 126 102 99 5 0 0 0 0
101 105 281 291 104 379 599 111 113 121 95 105 6 0 0 0 0
102 100 110 118 102 103 106 101 102 91 97 98 7 0 0 0 0
109 115 777 731 111 396 455 110 104 104 102 105 8 0 0 0 0
108 104 516 448 107 397 455 109 106 100 101 108 9 0 0 0 0
110 109 105 108 107 110 111 104 104 100 103 104 10 0 0 0 0
114 109 102 106 104 104 105 108 107 95 98 15000 11 0 0 0 0
Chip#1
104 99 96 101 100 101 99 102 101 90 101 100 0 0 192 120 66
98 91 93 102 95 104 101 98 100 93 96 93 1 0 0 0 0
106 110 120 131 110 123 135 112 121 140 109 104 2 0 0 0 0
102 105 97 114 104 112 115 110 111 118 103 101 3 0 0 0 0
106 101 119 124 104 117 129 108 109 100 101 101 4 0 0 0 0
104 105 550 548 109 608 1005 130 113 124 102 98 5 0 0 0 0
99 97 275 288 103 373 591 112 111 113 98 96 6 0 0 0 0
102 102 118 119 105 111 112 107 106 101 101 98 7 0 0 0 0
101 106 766 726 101 385 447 104 104 95 97 101 8 0 0 0 0
103 107 518 446 105 395 453 107 103 96 98 101 9 0 0 0 0
103 102 102 106 102 106 106 104 102 99 97 100 10 0 0 0 0
106 102 98 102 102 105 104 101 101 97 100 15000 11 0 0 0 0
Chip#1
103 101 97 101 103 105 102 105 106 95 98 99 0 0 128 121 66
101 96 95 103 102 98 101 101 98 96 98 94 1 0 0 0 0
104 96 115 123 101 115 127 105 112 130 103 99 2 0 0 0 0
105 104 105 116 109 115 117 110 108 121 106 107 3 0 0 0 0
103 105 117 125 105 118 130 109 106 99 103 100 4 0 0 0 0
104 100 547 542 105 602 1002 129 113 121 100 100 5 0 0 0 0
104 102 277 291 109 375 599 116 113 121 106 106 6 0 0 0 0
105 101 113 119 104 110 107 107 104 93 100 100 7 0 0 0 0
110 112 773 727 109 396 454 115 108 104 107 108 8 0 0 0 0
105 105 515 443 104 392 453 105 106 92 98 104 9 0 0 0 0
114 107 108 112 109 115 113 113 112 104 108 105 10 0 0 0 0
111 105 103 107 104 109 102 108 103 101 105 15000 11 0 0 0 0
Chip#1
93 95 91 97 89 93 98 96 93 90 91 92 0 0 0 122 66
103 95 97 106 101 104 106 101 100 95 98 96 1 0 0 0 0
103 101 111 127 100 115 129 107 114 129 103 99 2 0 0 0 0
108 109 109 119 110 115 121 109 116 124 112 108 3 0 0 0 0
110 106 121 132 105 117 130 112 108 103 102 101 4 0 0 0 0
102 104 542 550 110 606 1002 122 117 126 100 96 5 0 0 0 0
101 99 278 287 103 373 589 111 108 118 97 99 6 0 0 0 0
110 100 109 119 104 106 106 105 103 96 98 98 7 0 0 0 0
103 111 764 723 110 388 452 110 104 99 100 102 8 0 0 0 0
102 105 512 442 107 394 447 104 104 96 96 94 9 0 0 0 0
117 101 106 110 105 107 112 110 104 103 103 102 10 0 0 0 0
111 101 95 103 98 104 102 100 99 95 97 15000 11 0 0 0 0
Chip#1
102 104 96 107 104 104 104 103 104 95 103 99 0 0 192 122 66
102 102 102 103 102 109 112 103 99 99 105 100 1 0 0 0 0
104 102 114 124 100 116 131 109 118 126 102 96 2 0 0 0 0
106 101 103 112 102 107 117 105 109 116 101 101 3 0 0 0 0
103 102 114 125 102 112 130 105 104 96 101 99 4 0 0 0 0
105 104 544 543 104 606 1003 129 112 128 101 98 5 0 0 0 0
105 101 278 288 103 374 592 112 109 118 102 96 6 0 0 0 0
106 106 117 123 103 110 114 108 108 101 106 102 7 0 0 0 0
106 112 769 723 105 391 453 110 106 97 101 102 8 0 0 0 0
105 102 515 444 108 394 453 107 107 96 102 105 9 0 0 0 0
106 104 102 107 98 106 107 103 102 95 98 98 10 0 0 0 0
105 100 96 99 98 99 100 97 99 91 95 15000 11 0 0 0 0
Chip#1
95 90 91 96 93 94 93 94 98 87 89 90 0 0 128 123 66
104 100 96 107 103 105 109 103 106 100 103 100 1 0 0 0 0
104 101 110 123 102 120 132 103 114 133 102 102 2 0 0 0 0
103 100 102 109 103 105 113 104 108 115 100 92 3 0 0 0 0
109 104 114 125 107 118 128 105 104 100 98 99 4 0 0 0 0
103 109 549 546 107 607 1004 129 117 122 105 104 5 0 0 0 0
96 97 274 284 98 373 583 110 107 113 97 98 6 0 0 0 0
104 104 113 120 108 106 106 105 109 97 100 102 7 0 0 0 0
97 102 761 713 98 382 441 101 101 91 94 92 8 0 0 0 0
96 97 504 441 94 383 445 100 96 93 97 96 9 0 0 0 0
99 104 97 99 93 98 101 96 98 90 93 96 10 0 0 0 0
112 101 98 106 102 101 105 102 101 96 103 15000 11 0 0 0 0
Chip#1
105 101 98 106 102 105 104 102 102 97 98 94 0 0 0 124 66
108 104 96 107 100 109 107 108 106 99 105 102 1 0 0 0 0
106 102 116 124 103 116 128 107 117 134 103 98 2 0 0 0 0
96 96 96 101 95 101 109 100 102 107 95 90 3 0 0 0 0
111 102 125 132 109 120 130 112 113 105 106 105 4 0 0 0 0
109 109 547 546 110 607 1000 128 114 128 107 101 5 0 0 0 0
115 107 285 299 112 380 597 118 119 129 102 101 6 0 0 0 0
108 101 115 121 104 108 111 104 104 99 101 100 7 0 0 0 0
105 110 764 720 105 391 452 110 104 100 106 101 8 0 0 0 0
101 99 511 440 101 389 446 109 101 96 101 98 9 0 0 0 0
111 107 103 110 107 106 107 104 108 99 102 100 10 0 0 0 0
111 111 102 108 107 109 107 105 107 104 106 15000 11 0 0 0 0
Chip#1
102 102 98 104 100 104 104 105 104 99 102 100 0 0 0 125 66
101 95 95 106 101 104 101 101 98 93 97 94 1 0 0 0 0
109 107 112 131 109 124 131 111 119 137 109 102 2 0 0 0 0
106 99 99 108 97 109 108 105 107 112 100 99 3 0 0 0 0
97 100 111 120 102 111 123 105 98 93 97 95 4 0 0 0 0
104 100 543 541 104 606 997 124 109 129 100 98 5 0 0 0 0
110 112 289 295 114 378 594 117 118 124 106 105 6 0 0 0 0
111 107 119 124 109 110 112 111 104 100 106 106 7 0 0 0 0
101 111 762 715 102 390 443 108 106 99 97 93 8 0 0 0 0
92 102 501 431 96 384 441 98 94 95 96 95 9 0 0 0 0
110 106 103 106 102 106 108 105 107 96 100 101 10 0 0 0 0
116 107 102 109 108 108 106 110 103 101 106 15000 11 0 0 0 0
Chip#1
103 104 95 109 102 108 102 104 102 92 102 100 0 0 128 125 66
106 104 98 109 108 108 106 108 103 101 103 98 1 0 0 0 0
96 99 107 119 97 114 127 104 107 128 98 93 2 0 0 0 0
109 106 103 114 102 114 115 108 109 113 102 99 3 0 0 0 0
109 105 117 129 104 116 129 105 111 100 100 105 4 0 0 0 0
105 101 543 530 107 606 997 118 112 122 103 101 5 0 0 0 0
109 102 278 289 102 374 589 113 111 116 100 94 6 0 0 0 0
103 99 115 121 101 105 109 103 102 92 98 99 7 0 0 0 0
106 101 761 715 107 391 447 108 104 100 102 99 8 0 0 0 0
104 102 510 438 101 394 447 105 106 95 100 99 9 0 0 0 0
109 105 100 108 104 108 107 104 106 95 97 98 10 0 0 0 0
115 104 100 107 104 106 106 105 106 99 98 15000 11 0 0 0 0
Chip#1
99 97 95 107 100 99 101 104 104 96 98 101 0 0 64 126 66
95 90 92 102 95 99 94 96 96 93 92 93 1 0 0 0 0
108 100 113 129 103 117 128 105 114 135 107 102 2 0 0 0 0
101 101 98 108 94 109 114 104 111 116 98 96 3 0 0 0 0
111 109 123 132 109 124 132 110 111 104 109 107 4 0 0 0 0
105 104 541 540 104 599 990 123 117 126 103 99 5 0 0 0 0
105 105 279 292 111 375 591 117 111 121 102 107 6 0 0 0 0
106 104 117 123 105 111 113 107 108 100 100 100 7 0 0 0 0
102 104 757 710 103 385 440 105 101 87 97 95 8 0 0 0 0
98 101 502 439 100 386 441 104 104 93 101 99 9 0 0 0 0
102 93 92 102 93 97 98 98 97 89 91 92 10 0 0 0 0
112 105 99 108 103 104 105 104 104 95 103 15000 11 0 0 0 0
Chip#1
99 95 93 99 95 103 99 97 97 92 96 94 0 0 192 126 66
104 99 100 109 102 109 106 105 107 99 103 101 1 0 0 0 0
97 96 110 119 95 114 125 101 111 122 97 95 2 0 0 0 0
101 101 106 109 100 109 112 103 111 118 102 96 3 0 0 0 0
110 109 120 124 108 120 133 110 108 103 105 107 4 0 0 0 0
102 99 537 546 101 600 983 118 116 121 100 95 5 0 0 0 0
99 95 272 283 97 369 588 104 107 115 96 95 6 0 0 0 0
101 100 109 120 100 106 102 104 104 89 97 100 7 0 0 0 0
99 104 759 716 103 389 440 101 101 90 96 100 8 0 0 0 0
104 106 506 436 104 391 441 107 107 96 101 102 9 0 0 0 0
101 95 98 103 98 103 100 98 100 88 92 90 10 0 0 0 0
114 105 102 109 105 106 113 107 109 96 106 15000 11 0 0 0 0
Chip#1
104 105 100 108 103 108 107 105 103 92 107 101 0 0 128 127 66
110 104 104 109 108 112 112 109 109 103 106 106 1 0 0 0 0
102 102 113 126 100 120 130 110 117 132 105 106 2 0 0 0 0
103 104 104 114 98 112 113 108 109 118 102 101 3 0 0 0 0
102 99 117 124 101 110 125 105 104 96 96 96 4 0 0 0 0
106 106 541 543 108 607 995 129 116 132 105 104 5 0 0 0 0
102 107 278 287 108 371 586 112 108 117 100 101 6 0 0 0 0
109 104 114 124 105 111 112 105 104 101 100 100 7 0 0 0 0
109 112 767 718 109 392 450 115 111 101 108 102 8 0 0 0 0
104 106 504 439 105 384 443 105 108 100 100 99 9 0 0 0 0
110 107 107 114 107 116 113 112 108 105 106 108 10 0 0 0 0
116 110 102 106 104 110 108 108 103 101 97 15000 11 0 0 0 0
Chip#1
103 104 98 103 98 103 106 100 103 95 96 100 0 0 32 128 66
97 96 95 101 96 104 104 97 100 90 95 95 1 0 0 0 0
104 105 114 129 102 121 134 111 117 128 107 99 2 0 0 0 0
101 97 100 104 101 111 114 102 103 114 97 98 3 0 0 0 0
104 107 121 131 108 116 132 110 108 107 107 100 4 0 0 0 0
102 107 543 546 107 606 994 126 116 126 101 101 5 0 0 0 0
106 109 276 287 103 372 589 110 114 118 105 98 6 0 0 0 0
103 106 113 120 103 111 108 105 107 93 97 99 7 0 0 0 0
104 106 764 714 103 389 446 113 106 97 98 102 8 0 0 0 0
99 101 505 433 103 384 442 104 102 95 97 98 9 0 0 0 0
108 106 105 112 108 107 107 105 111 101 101 105 10 0 0 0 0
110 101 96 102 100 104 105 98 101 93 98 15000 11 0 0 0 0
Chip#1
105 102 98 108 101 103 105 107 103 95 106 101 0 0 96 128 66
103 99 99 109 100 106 102 103 103 97 105 98 1 0 0 0 0
101 95 106 119 95 114 125 100 109 124 96 93 2 0 0 0 0
102 97 98 104 98 108 116 102 106 109 92 99 3 0 0 0 0
105 102 109 121 102 112 124 104 106 93 96 98 4 0 0 0 0
98 96 532 546 101 602 989 124 111 120 96 94 5 0 0 0 0
106 105 279 287 102 375 590 116 112 117 103 102 6 0 0 0 0
98 100 110 123 102 109 107 103 102 92 100 98 7 0 0 0 0
99 102 748 705 102 384 442 107 100 91 95 95 8 0 0 0 0
105 106 508 441 102 389 444 110 104 99 98 101 9 0 0 0 0
110 102 102 106 102 106 108 102 104 95 98 99 10 0 0 0 0
106 97 93 102 100 97 101 102 99 91 98 15000 11 0 0 0 0
Chip#1
106 104 102 110 103 105 100 104 103 96 105 101 0 0 192 128 66
108 102 108 114 104 110 111 109 111 103 108 106 1 0 0 0 0
101 99 109 121 101 116 125 103 107 129 101 95 2 0 0 0 0
103 102 100 115 104 111 114 103 113 113 103 96 3 0 0 0 0
103 105 114 121 104 117 127 110 109 101 100 102 4 0 0 0 0
109 107 538 541 108 600 995 131 119 125 101 104 5 0 0 0 0
99 95 269 280 100 369 584 111 104 114 96 93 6 0 0 0 0
104 105 119 130 111 114 115 110 113 103 108 107 7 0 0 0 0
98 110 759 707 103 389 441 110 109 96 101 102 8 0 0 0 0
103 109 505 433 108 385 440 108 106 93 103 98 9 0 0 0 0
111 105 104 108 105 105 109 105 106 96 102 102 10 0 0 0 0
112 105 103 106 108 107 111 104 103 97 102 15000 11 0 0 0 0
Chip#1
109 107 103 107 105 106 106 111 104 100 102 99 0 0 64 129 66
103 99 99 107 102 103 102 105 102 99 100 98 1 0 0 0 0
101 94 110 124 98 111 129 107 109 124 98 96 2 0 0 0 0
103 99 99 115 103 112 112 107 109 120 102 99 3 0 0 0 0
109 105 116 125 108 117 129 108 103 99 100 100 4 0 0 0 0
98 97 529 530 100 593 982 117 111 116 95 89 5 0 0 0 0
102 96 273 283 103 368 578 113 109 111 100 96 6 0 0 0 0
109 105 115 124 109 110 111 110 108 93 98 100 7 0 0 0 0
106 107 749 707 105 380 441 109 107 97 98 99 8 0 0 0 0
105 107 503 432 102 384 442 107 106 97 96 98 9 0 0 0 0
109 101 99 110 108 103 104 103 100 92 98 100 10 0 0 0 0
111 106 103 104 104 106 106 107 107 101 103 15000 11 0 0 0 0
Chip#1
102 96 94 101 96 98 100 103 102 87 97 98 0 0 192 129 66
106 99 99 107 103 107 106 109 103 101 101 102 1 0 0 0 0
103 102 115 127 101 116 130 112 116 130 103 104 2 0 0 0 0
103 101 97 107 101 111 112 103 111 111 101 98 3 0 0 0 0
103 99 110 125 100 109 124 105 101 97 98 101 4 0 0 0 0
102 102 536 546 103 598 983 129 109 120 103 99 5 0 0 0 0
98 100 273 290 104 366 575 111 109 116 96 96 6 0 0 0 0
105 105 112 121 108 107 109 104 104 96 96 104 7 0 0 0 0
108 110 756 714 112 385 444 115 108 101 106 105 8 0 0 0 0
104 104 501 435 109 385 441 109 106 95 101 101 9 0 0 0 0
105 105 99 109 98 101 105 103 104 99 97 101 10 0 0 0 0
109 104 100 108 103 105 112 104 104 95 105 15000 11 0 0 0 0
Chip#1
99 95 94 101 95 100 96 98 97 90 98 94 0 0 96 130 66
102 95 92 101 100 100 104 100 103 93 97 94 1 0 0 0 0
104 104 114 129 101 117 131 107 117 133 107 105 2 0 0 0 0
106 104 105 113 103 109 119 107 114 118 101 100 3 0 0 0 0
103 102 111 123 104 116 129 105 109 96 100 99 4 0 0 0 0
104 106 532 546 107 598 981 126 116 121 102 101 5 0 0 0 0
103 100 272 279 104 368 577 111 107 111 97 98 6 0 0 0 0
106 99 105 113 102 111 104 102 104 92 97 98 7 0 0 0 0
104 111 756 706 104 382 443 109 106 99 103 106 8 0 0 0 0
108 107 503 431 105 385 437 109 107 100 103 102 9 0 0 0 0
109 101 99 110 102 105 107 104 104 100 103 101 10 0 0 0 0
111 100 96 101 103 104 105 107 103 92 101 15000 11 0 0 0 0
Chip#1
104 101 96 104 102 104 107 103 99 97 96 99 0 0 224 130 66
103 100 100 104 104 106 109 108 106 100 100 101 1 0 0 0 0
106 99 111 123 101 116 127 110 117 129 106 99 2 0 0 0 0
110 107 105 116 107 111 119 111 113 121 111 102 3 0 0 0 0
104 102 116 123 104 112 127 105 104 96 100 98 4 0 0 0 0
102 101 527 530 103 598 982 121 109 121 100 96 5 0 0 0 0
105 102 272 285 105 368 578 114 111 111 101 95 6 0 0 0 0
98 99 110 115 98 106 104 100 106 90 93 95 7 0 0 0 0
96 99 741 695 97 375 433 104 100 92 98 94 8 0 0 0 0
103 110 499 431 105 384 437 110 112 93 98 101 9 0 0 0 0
110 100 102 106 103 103 104 105 106 97 103 102 10 0 0 0 0
108 102 95 103 97 104 104 103 103 95 100 15000 11 0 0 0 0
Chip#1
102 100 98 104 98 103 104 101 101 91 98 98 0 0 96 131 66
105 102 100 110 103 105 106 105 106 97 105 100 1 0 0 0 0
104 99 109 120 100 117 124 102 114 125 98 99 2 0 0 0 0
97 94 100 101 95 104 112 98 104 112 95 98 3 0 0 0 0
99 104 114 121 101 111 124 98 106 93 97 100 4 0 0 0 0
101 101 529 546 102 598 979 124 114 117 100 102 5 0 0 0 0
106 99 276 281 101 374 580 112 113 117 103 101 6 0 0 0 0
106 100 111 118 102 107 107 101 101 92 95 94 7 0 0 0 0
103 109 746 705 111 382 438 109 102 99 100 102 8 0 0 0 0
105 105 502 430 102 381 432 107 108 97 106 100 9 0 0 0 0
110 107 104 110 105 109 108 104 108 96 103 101 10 0 0 0 0
108 102 96 103 101 100 100 102 100 93 100 15000 11 0 0 0 0
Chip#1
102 99 97 104 97 104 100 101 99 89 97 95 0 0 192 131 66
105 100 102 109 103 107 106 105 103 95 103 101 1 0 0 0 0
101 97 111 121 98 116 128 103 108 125 100 101 2 0 0 0 0
111 112 109 125 109 120 119 113 117 125 107 111 3 0 0 0 0
105 102 112 123 105 110 122 103 101 97 96 98 4 0 0 0 0
99 101 535 546 104 594 979 123 111 121 100 96 5 0 0 0 0
104 102 271 280 105 376 575 114 109 117 103 99 6 0 0 0 0
99 96 111 115 103 103 106 102 103 91 95 90 7 0 0 0 0
103 109 742 701 109 380 434 108 103 96 102 102 8 0 0 0 0
99 100 491 428 101 378 428 102 99 91 94 98 9 0 0 0 0
111 109 107 110 104 114 115 108 106 101 108 108 10 0 0 0 0
115 107 100 104 104 106 105 105 106 100 103 15000 11 0 0 0 0
Chip#1
104 101 97 108 100 104 101 107 102 96 100 101 0 0 32 132 66
97 93 99 101 98 103 100 102 98 93 97 96 1 0 0 0 0
104 95 113 127 103 115 130 108 114 130 102 104 2 0 0 0 0
115 111 111 125 110 122 122 110 117 126 108 107 3 0 0 0 0
105 104 120 130 104 117 127 111 108 97 102 106 4 0 0 0 0
105 105 532 530 108 595 978 126 118 130 103 102 5 0 0 0 0
99 99 270 279 102 363 574 109 106 118 100 98 6 0 0 0 0
106 101 113 121 110 110 111 108 111 99 100 101 7 0 0 0 0
99 102 741 693 102 376 432 104 101 92 94 94 8 0 0 0 0
103 106 496 429 105 378 432 104 106 95 98 98 9 0 0 0 0
111 104 104 110 104 110 106 108 107 99 101 106 10 0 0 0 0
111 105 104 109 104 110 104 107 107 100 107 15000 11 0 0 0 0
Chip#1
102 101 98 106 101 104 101 104 103 96 102 101 0 0 160 132 66
99 94 95 102 97 104 98 102 99 95 95 96 1 0 0 0 0
101 97 108 121 100 111 125 103 113 124 101 95 2 0 0 0 0
99 101 102 107 101 105 111 102 106 115 100 101 3 0 0 0 0
103 102 111 125 102 112 127 109 108 95 98 101 4 0 0 0 0
103 109 529 530 102 594 974 125 113 120 103 98 5 0 0 0 0
106 105 271 284 109 368 572 112 114 117 102 98 6 0 0 0 0
110 107 118 127 108 110 114 111 112 99 103 106 7 0 0 0 0
105 110 748 697 108 380 435 105 108 93 98 98 8 0 0 0 0
97 105 496 429 101 378 429 105 100 96 98 99 9 0 0 0 0
99 99 95 102 96 101 104 98 96 93 94 92 10 0 0 0 0
108 100 92 103 96 100 102 103 98 95 98 15000 11 0 0 0 0
Chip#1
101 99 99 108 101 103 104 103 103 93 100 102 0 0 32 133 66
98 94 95 99 97 100 107 101 97 95 97 96 1 0 0 0 0
103 99 117 126 101 120 129 111 123 128 105 104 2 0 0 0 0
101 100 102 107 101 104 112 102 106 108 97 96 3 0 0 0 0
102 94 114 123 97 109 121 104 102 88 97 94 4 0 0 0 0
98 101 528 530 101 588 961 123 113 121 98 93 5 0 0 0 0
104 100 268 274 101 357 566 107 108 112 97 95 6 0 0 0 0
101 100 114 116 103 100 102 105 102 90 97 98 7 0 0 0 0
101 106 737 694 107 373 434 110 104 96 100 99 8 0 0 0 0
103 100 491 425 98 374 432 103 103 91 95 102 9 0 0 0 0
104 106 105 112 103 108 107 107 102 95 103 102 10 0 0 0 0
111 107 103 108 103 107 106 107 106 95 105 15000 11 0 0 0 0
Chip#1
110 106 107 110 105 107 111 109 113 97 107 104 0 0 128 133 66
102 101 98 109 104 104 102 104 107 96 100 98 1 0 0 0 0
99 99 114 119 101 115 124 101 113 126 98 99 2 0 0 0 0
102 105 105 106 100 109 114 108 108 116 101 100 3 0 0 0 0
102 100 115 124 102 115 127 105 107 95 96 96 4 0 0 0 0
103 102 527 530 102 588 966 124 116 118 102 98 5 0 0 0 0
103 104 268 290 109 363 573 112 113 117 101 98 6 0 0 0 0
99 95 113 115 98 101 105 97 101 87 94 92 7 0 0 0 0
110 114 742 701 111 380 436 108 106 97 105 105 8 0 0 0 0
99 102 490 421 101 378 429 101 102 92 97 96 9 0 0 0 0
104 102 103 106 97 103 104 101 101 90 96 98 10 0 0 0 0
115 114 109 110 109 112 109 110 114 105 111 15000 11 0 0 0 0
Chip#1
103 102 99 109 102 104 108 105 104 97 102 100 0 0 224 133 66
95 96 95 102 100 101 111 101 102 95 101 98 1 0 0 0 0
98 100 114 124 101 117 129 103 114 128 102 102 2 0 0 0 0
95 95 98 107 94 104 108 101 104 107 92 96 3 0 0 0 0
101 100 117 121 103 118 127 107 106 97 100 93 4 0 0 0 0
101 99 521 530 103 594 968 125 111 124 102 95 5 0 0 0 0
101 101 272 281 104 362 569 114 109 115 98 94 6 0 0 0 0
102 100 111 120 102 104 107 102 103 93 100 94 7 0 0 0 0
97 102 734 691 101 374 435 108 100 93 97 96 8 0 0 0 0
106 107 491 428 109 383 436 109 111 97 106 106 9 0 0 0 0
101 101 100 107 97 108 108 105 106 92 97 96 10 0 0 0 0
108 101 100 104 101 104 104 109 100 99 101 15000 11 0 0 0 0
Chip#1
105 100 99 106 104 104 101 105 104 92 102 101 0 0 32 134 66
98 95 95 102 100 104 105 96 94 88 98 92 1 0 0 0 0
112 112 115 124 105 122 132 111 117 135 106 105 2 0 0 0 0
102 104 102 110 98 105 114 108 102 111 105 98 3 0 0 0 0
109 104 118 127 103 121 129 107 108 101 107 102 4 0 0 0 0
103 101 529 530 104 593 971 123 113 125 103 98 5 0 0 0 0
103 104 270 279 105 366 569 112 109 112 98 104 6 0 0 0 0
105 101 113 118 101 104 107 102 103 87 100 93 7 0 0 0 0
101 106 736 693 105 377 436 109 102 97 98 98 8 0 0 0 0
98 104 489 417 100 373 426 104 99 95 101 100 9 0 0 0 0
99 100 99 106 100 97 102 95 97 92 98 94 10 0 0 0 0
111 107 103 112 105 106 109 107 107 100 108 15000 11 0 0 0 0
Chip#1
104 104 100 102 101 105 106 101 99 95 102 102 0 0 160 134 66
104 101 99 109 102 109 105 103 103 99 105 98 1 0 0 0 0
102 105 116 127 101 118 127 108 116 133 103 101 2 0 0 0 0
99 102 102 112 100 109 115 103 102 111 96 100 3 0 0 0 0
101 101 114 123 102 112 122 108 107 97 97 99 4 0 0 0 0
105 106 524 530 103 588 969 124 116 126 102 102 5 0 0 0 0
99 101 273 281 98 359 566 107 113 113 98 99 6 0 0 0 0
99 100 107 119 102 106 104 105 102 92 97 96 7 0 0 0 0
99 104 733 685 103 377 428 107 102 91 97 100 8 0 0 0 0
101 105 486 421 101 372 427 104 99 91 93 93 9 0 0 0 0
106 100 98 102 97 99 106 101 99 92 96 101 10 0 0 0 0
101 99 97 96 95 97 92 100 99 95 97 15000 11 0 0 0 0
Chip#1
106 104 103 107 102 106 108 104 107 97 108 100 0 0 224 134 66
103 104 103 108 102 107 107 103 104 100 103 100 1 0 0 0 0
104 104 113 123 98 120 125 107 113 125 103 99 2 0 0 0 0
102 104 104 109 100 110 113 105 108 112 102 105 3 0 0 0 0
104 101 119 125 107 116 127 107 109 99 105 104 4 0 0 0 0
103 104 523 522 108 592 962 126 116 122 105 102 5 0 0 0 0
99 97 264 274 98 355 562 108 109 112 97 96 6 0 0 0 0
99 96 108 115 98 100 102 95 103 88 95 93 7 0 0 0 0
105 111 737 689 107 379 438 108 112 92 106 105 8 0 0 0 0
105 105 488 424 105 378 432 109 107 95 102 106 9 0 0 0 0
109 105 105 110 102 106 111 103 103 95 105 105 10 0 0 0 0
110 105 99 102 100 99 101 102 104 95 100 15000 11 0 0 0 0
Chip#1
112 107 105 113 100 106 108 109 108 97 102 104 0 0 64 135 66
102 92 95 107 98 103 105 98 103 92 100 96 1 0 0 0 0
102 100 115 123 102 114 124 105 116 129 105 99 2 0 0 0 0
103 104 102 108 101 109 113 102 104 112 101 95 3 0 0 0 0
101 100 116 120 98 115 127 108 107 92 101 98 4 0 0 0 0
102 104 518 530 104 590 963 125 108 117 100 96 5 0 0 0 0
108 104 269 290 104 360 564 113 111 113 98 98 6 0 0 0 0
97 100 108 114 98 103 100 102 100 86 97 92 7 0 0 0 0
103 105 730 686 108 371 430 105 102 95 97 98 8 0 0 0 0
103 97 480 415 98 369 419 105 102 92 100 95 9 0 0 0 0
104 104 99 107 102 99 101 102 98 93 97 99 10 0 0 0 0
115 104 100 112 103 110 105 110 103 93 100 15000 11 0 0 0 0
