Chip#1
106 104 102 107 104 107 101 102 102 96 103 100 0 0 64 115 66
101 97 102 106 103 104 106 105 102 99 100 98 1 0 0 0 0
109 105 121 129 105 124 137 111 121 137 114 106 2 0 0 0 0
101 96 99 109 98 106 108 98 98 104 97 96 3 0 0 0 0
101 100 116 124 98 112 128 105 101 91 102 95 4 0 0 0 0
103 101 551 549 105 617 1024 124 117 128 105 96 5 0 0 0 0
108 109 288 295 109 385 608 116 117 125 106 106 6 0 0 0 0
105 107 120 127 111 114 113 110 106 97 102 101 7 0 0 0 0
99 102 790 732 101 391 453 105 100 92 98 96 8 0 0 0 0
104 107 532 455 103 403 455 110 101 95 98 101 9 0 0 0 0
101 102 102 108 97 104 108 102 100 95 100 102 10 0 0 0 0
111 109 106 112 108 110 111 107 103 104 109 15000 11 0 0 0 0
Chip#1
111 105 106 110 107 110 108 109 106 99 108 102 0 0 192 117 66
105 102 102 109 100 111 108 104 106 103 106 102 1 0 0 0 0
104 101 114 125 94 116 129 108 114 133 105 95 2 0 0 0 0
104 99 106 110 98 108 116 103 103 116 98 96 3 0 0 0 0
98 100 114 119 96 112 124 103 98 95 101 93 4 0 0 0 0
104 106 549 546 105 613 1035 126 111 124 100 96 5 0 0 0 0
105 104 281 288 100 380 597 111 109 109 102 99 6 0 0 0 0
109 106 116 126 104 112 113 108 104 96 101 94 7 0 0 0 0
102 104 782 730 101 389 453 107 101 91 102 95 8 0 0 0 0
101 100 515 445 98 396 450 102 97 91 97 99 9 0 0 0 0
114 112 109 119 107 110 111 105 108 100 109 106 10 0 0 0 0
114 110 103 109 107 106 104 102 102 101 106 15000 11 0 0 0 0
Chip#1
99 93 95 104 95 97 104 100 98 92 94 94 0 0 64 119 66
105 106 100 109 103 105 107 105 103 101 103 100 1 0 0 0 0
106 102 114 127 100 120 129 109 114 132 106 101 2 0 0 0 0
97 95 97 103 94 105 108 102 104 109 97 98 3 0 0 0 0
110 106 123 130 103 118 129 107 109 100 103 102 4 0 0 0 0
104 101 536 538 104 607 1001 126 113 122 102 96 5 0 0 0 0
102 101 275 284 97 373 588 108 103 115 101 93 6 0 0 0 0
106 106 114 125 104 110 112 104 108 95 105 99 7 0 0 0 0
101 107 773 722 105 388 451 104 100 96 101 94 8 0 0 0 0
106 102 516 445 107 394 450 109 100 92 102 98 9 0 0 0 0
112 110 105 110 104 108 114 104 111 100 103 106 10 0 0 0 0
115 106 96 106 95 105 105 102 101 96 98 15000 11 0 0 0 0
Chip#1
98 97 95 108 97 98 104 104 101 96 101 93 0 0 64 120 66
101 95 96 104 97 103 106 98 98 93 96 95 1 0 0 0 0
112 112 116 132 105 120 136 110 119 136 114 107 2 0 0 0 0
101 105 97 113 96 104 113 107 106 113 101 98 3 0 0 0 0
101 97 108 120 100 109 123 100 98 89 96 98 4 0 0 0 0
108 107 542 542 109 610 1000 129 118 125 107 102 5 0 0 0 0
103 101 270 290 103 377 587 115 111 111 105 101 6 0 0 0 0
110 100 116 119 101 107 111 109 107 95 101 104 7 0 0 0 0
110 114 780 730 107 392 452 111 107 96 109 106 8 0 0 0 0
103 105 515 443 103 394 449 108 103 99 102 100 9 0 0 0 0
106 105 103 110 103 106 106 109 106 99 101 101 10 0 0 0 0
112 107 100 107 102 103 107 101 101 93 97 15000 11 0 0 0 0
Chip#1
104 102 98 104 104 101 104 104 102 96 103 95 0 0 128 121 66
105 97 98 103 98 103 104 100 103 97 97 99 1 0 0 0 0
102 100 114 121 100 114 125 105 114 128 106 99 2 0 0 0 0
106 101 99 109 102 107 115 107 108 116 105 99 3 0 0 0 0
110 110 121 133 109 115 136 113 111 105 109 107 4 0 0 0 0
109 107 542 546 108 607 998 129 118 129 106 101 5 0 0 0 0
110 107 281 290 107 380 592 116 113 122 106 106 6 0 0 0 0
102 102 107 115 98 105 106 102 101 92 100 96 7 0 0 0 0
106 111 768 722 108 390 451 111 107 96 103 99 8 0 0 0 0
106 112 518 448 104 398 449 112 107 95 108 106 9 0 0 0 0
106 105 100 106 103 101 102 102 101 93 101 94 10 0 0 0 0
114 105 102 109 105 106 111 105 103 104 105 15000 11 0 0 0 0
Chip#1
109 107 102 113 105 108 108 110 108 105 107 108 0 0 128 122 66
109 101 106 119 107 109 114 110 104 107 109 104 1 0 0 0 0
109 101 114 127 101 116 129 109 117 126 101 101 2 0 0 0 0
108 105 105 114 104 111 116 109 109 120 107 101 3 0 0 0 0
101 99 116 123 103 109 127 103 102 96 100 93 4 0 0 0 0
98 99 534 530 98 602 991 122 111 128 103 98 5 0 0 0 0
103 97 276 283 101 371 586 114 107 116 101 96 6 0 0 0 0
106 104 114 125 107 106 112 108 104 99 102 99 7 0 0 0 0
108 105 769 714 108 384 443 109 104 97 97 98 8 0 0 0 0
101 102 512 439 98 377 443 104 99 92 97 92 9 0 0 0 0
106 96 98 106 97 99 102 100 99 93 93 94 10 0 0 0 0
111 105 100 106 98 104 106 102 102 97 105 15000 11 0 0 0 0
Chip#1
106 102 100 107 102 103 101 110 104 100 105 107 0 0 128 123 66
103 99 100 107 100 107 107 103 103 101 103 102 1 0 0 0 0
99 102 109 126 98 114 128 105 111 126 103 96 2 0 0 0 0
106 106 103 114 101 114 114 109 112 113 101 106 3 0 0 0 0
106 104 121 127 105 116 128 111 111 101 102 102 4 0 0 0 0
103 109 538 546 105 605 995 128 116 128 105 105 5 0 0 0 0
104 99 273 281 102 369 586 110 108 115 98 96 6 0 0 0 0
108 102 116 123 103 104 108 109 103 100 98 98 7 0 0 0 0
103 106 767 719 105 384 443 109 104 95 103 102 8 0 0 0 0
98 102 512 440 103 388 443 105 101 92 98 98 9 0 0 0 0
112 110 105 119 104 107 106 110 111 100 106 106 10 0 0 0 0
109 102 98 103 103 105 106 105 104 97 103 15000 11 0 0 0 0
Chip#1
101 102 96 108 97 104 99 100 104 96 100 98 0 0 128 124 66
103 100 104 110 103 106 111 103 104 97 102 96 1 0 0 0 0
104 101 116 124 102 121 129 109 119 133 108 104 2 0 0 0 0
103 104 104 112 100 108 113 103 107 120 102 102 3 0 0 0 0
102 104 113 124 102 121 125 108 101 97 100 96 4 0 0 0 0
104 102 537 530 107 601 991 122 114 125 106 100 5 0 0 0 0
111 111 282 288 112 378 594 117 117 128 108 105 6 0 0 0 0
106 100 113 123 98 103 109 104 108 99 100 98 7 0 0 0 0
109 112 766 722 111 389 453 111 113 101 107 104 8 0 0 0 0
102 101 506 438 97 385 442 101 106 88 98 94 9 0 0 0 0
112 109 103 108 101 106 109 107 107 96 102 100 10 0 0 0 0
111 107 97 109 104 104 107 107 103 100 102 15000 11 0 0 0 0
Chip#1
104 101 94 104 94 101 99 104 99 97 102 99 0 0 64 125 66
103 105 102 114 101 105 109 108 104 97 103 104 1 0 0 0 0
105 104 117 129 98 116 129 108 121 135 103 106 2 0 0 0 0
106 107 107 114 104 110 120 111 112 120 106 106 3 0 0 0 0
105 102 116 126 103 115 125 110 103 104 102 100 4 0 0 0 0
97 101 532 546 96 596 984 122 109 125 102 94 5 0 0 0 0
106 101 278 284 100 371 586 113 109 118 106 98 6 0 0 0 0
114 112 122 130 108 107 113 111 112 104 109 104 7 0 0 0 0
108 115 769 716 107 394 447 111 107 104 108 106 8 0 0 0 0
109 110 510 441 101 392 451 113 106 104 106 105 9 0 0 0 0
105 106 99 108 98 103 108 104 99 100 100 100 10 0 0 0 0
114 106 102 106 103 104 113 109 103 97 102 15000 11 0 0 0 0
Chip#1
99 102 102 101 96 99 101 100 99 96 102 96 0 0 0 126 66
102 102 100 104 102 103 105 107 102 97 98 99 1 0 0 0 0
95 101 110 124 97 115 127 108 111 130 103 96 2 0 0 0 0
99 97 100 104 96 104 112 103 104 107 97 93 3 0 0 0 0
109 104 120 126 103 114 125 108 107 103 106 102 4 0 0 0 0
110 111 538 546 108 606 999 134 118 132 111 101 5 0 0 0 0
102 101 270 283 100 367 578 109 104 117 101 94 6 0 0 0 0
102 100 113 114 96 100 101 105 101 90 98 94 7 0 0 0 0
96 102 761 712 98 380 441 109 103 100 100 98 8 0 0 0 0
103 102 503 437 100 388 441 105 98 97 96 98 9 0 0 0 0
109 110 106 104 101 105 107 104 102 96 103 104 10 0 0 0 0
109 104 97 104 96 106 104 104 99 93 101 15000 11 0 0 0 0
Chip#1
108 106 102 109 104 103 108 101 103 96 107 101 0 0 0 127 66
104 105 100 110 105 106 113 105 107 99 102 102 1 0 0 0 0
101 100 109 121 91 115 131 101 111 125 105 98 2 0 0 0 0
104 104 103 114 101 107 114 104 106 116 103 104 3 0 0 0 0
101 102 113 121 98 115 129 100 106 95 101 95 4 0 0 0 0
105 104 532 530 103 600 991 124 113 117 102 98 5 0 0 0 0
110 107 277 288 110 382 587 115 118 122 105 102 6 0 0 0 0
103 107 117 119 107 106 111 101 106 96 105 101 7 0 0 0 0
109 110 768 714 110 384 446 116 107 99 102 105 8 0 0 0 0
109 107 509 439 107 388 442 109 108 97 106 105 9 0 0 0 0
106 102 105 107 103 104 111 107 102 93 101 98 10 0 0 0 0
116 112 110 113 112 105 113 112 109 107 114 15000 11 0 0 0 0
Chip#1
99 106 99 104 98 104 104 103 101 93 101 96 0 0 192 127 66
102 99 99 109 102 111 104 105 101 97 101 98 1 0 0 0 0
102 93 109 115 95 109 120 101 108 125 98 94 2 0 0 0 0
106 104 102 112 101 107 113 105 102 116 105 100 3 0 0 0 0
108 102 119 125 101 115 127 109 101 96 101 101 4 0 0 0 0
105 104 531 546 104 600 981 129 114 125 103 98 5 0 0 0 0
103 104 274 283 101 371 583 111 109 120 105 99 6 0 0 0 0
108 105 119 124 103 105 109 111 103 96 101 99 7 0 0 0 0
102 104 756 710 102 381 440 102 98 92 102 99 8 0 0 0 0
106 106 510 439 104 385 440 107 104 104 103 102 9 0 0 0 0
110 106 104 113 105 108 108 108 102 96 100 104 10 0 0 0 0
118 106 102 107 103 108 107 110 104 97 103 15000 11 0 0 0 0
Chip#1
106 109 100 109 108 109 106 110 103 105 102 101 0 0 96 128 66
106 101 98 104 101 104 109 105 103 99 106 99 1 0 0 0 0
99 91 106 123 97 115 124 102 107 124 98 96 2 0 0 0 0
106 102 105 109 103 112 117 110 112 113 101 102 3 0 0 0 0
104 100 114 121 98 107 125 107 102 95 100 94 4 0 0 0 0
109 105 537 546 108 601 989 131 119 130 105 105 5 0 0 0 0
98 101 269 274 98 365 583 112 114 113 100 100 6 0 0 0 0
112 114 118 125 112 117 116 112 112 104 107 106 7 0 0 0 0
103 105 756 704 105 383 442 109 107 97 97 100 8 0 0 0 0
110 105 506 438 105 385 442 109 104 91 100 105 9 0 0 0 0
115 109 109 115 110 110 109 111 111 107 107 107 10 0 0 0 0
112 109 105 110 104 107 105 110 109 100 106 15000 11 0 0 0 0
Chip#1
104 105 102 110 101 104 104 109 106 99 102 99 0 0 160 128 66
102 99 95 104 103 106 102 107 103 95 100 95 1 0 0 0 0
103 104 111 125 103 122 128 110 114 132 106 100 2 0 0 0 0
105 102 100 118 104 111 113 108 112 116 102 100 3 0 0 0 0
98 102 110 121 97 106 120 101 101 91 96 93 4 0 0 0 0
106 106 528 530 108 601 980 119 113 129 103 100 5 0 0 0 0
102 99 265 274 102 368 578 109 106 115 98 92 6 0 0 0 0
109 105 117 124 105 110 109 107 104 99 103 95 7 0 0 0 0
102 107 755 712 105 383 442 109 103 95 97 98 8 0 0 0 0
105 100 502 435 98 380 436 108 103 92 97 93 9 0 0 0 0
108 109 103 113 104 110 111 109 107 97 103 100 10 0 0 0 0
109 107 96 106 97 99 102 107 100 93 102 15000 11 0 0 0 0
Chip#1
108 105 104 106 98 107 106 107 102 95 100 100 0 0 32 129 66
104 102 98 107 100 107 107 103 101 99 100 95 1 0 0 0 0
99 106 110 123 102 115 131 105 112 128 105 98 2 0 0 0 0
98 100 99 108 102 104 112 100 104 109 98 94 3 0 0 0 0
109 107 120 126 107 120 129 112 106 99 103 102 4 0 0 0 0
102 101 523 530 104 595 982 122 109 124 101 96 5 0 0 0 0
103 99 264 274 100 369 575 107 108 116 100 93 6 0 0 0 0
105 107 119 125 109 110 112 111 104 93 103 105 7 0 0 0 0
103 106 755 707 109 379 438 103 102 95 101 100 8 0 0 0 0
109 112 508 437 108 394 438 115 104 105 103 104 9 0 0 0 0
110 109 106 114 104 107 112 112 107 101 101 98 10 0 0 0 0
109 105 103 110 104 105 109 104 101 99 105 15000 11 0 0 0 0
Chip#1
108 110 105 114 104 112 108 112 108 105 107 105 0 0 96 129 66
103 97 99 108 101 106 106 102 101 99 101 98 1 0 0 0 0
110 107 115 126 105 121 135 110 121 133 105 101 2 0 0 0 0
105 106 102 112 100 110 115 107 107 115 102 99 3 0 0 0 0
105 101 114 129 98 115 124 108 103 103 101 98 4 0 0 0 0
104 107 528 530 108 596 978 130 116 124 107 104 5 0 0 0 0
102 102 268 284 104 371 578 116 107 122 105 98 6 0 0 0 0
106 110 119 127 110 112 116 110 109 103 105 101 7 0 0 0 0
101 102 750 704 100 383 434 105 100 92 95 98 8 0 0 0 0
103 101 496 429 98 385 435 108 99 97 100 100 9 0 0 0 0
108 105 104 108 100 103 107 104 100 97 98 99 10 0 0 0 0
109 101 94 102 101 103 99 102 96 92 98 15000 11 0 0 0 0
Chip#1
102 105 96 104 104 99 98 102 98 91 98 94 0 0 192 129 66
104 99 96 108 104 106 111 109 106 97 102 102 1 0 0 0 0
104 101 111 126 98 115 132 108 117 125 108 99 2 0 0 0 0
105 100 103 107 102 110 117 107 107 111 102 102 3 0 0 0 0
103 100 113 125 101 111 130 105 106 100 102 99 4 0 0 0 0
110 109 537 530 112 599 983 131 116 129 109 109 5 0 0 0 0
106 99 270 274 98 363 571 110 106 113 93 96 6 0 0 0 0
105 102 114 120 105 110 104 109 103 95 100 98 7 0 0 0 0
108 109 749 707 105 385 442 109 103 96 105 101 8 0 0 0 0
104 104 497 431 100 380 433 109 100 90 101 104 9 0 0 0 0
106 104 99 107 100 106 107 103 102 96 101 99 10 0 0 0 0
115 106 98 107 100 100 104 110 101 97 100 15000 11 0 0 0 0
Chip#1
99 94 94 107 95 97 101 97 96 93 97 95 0 0 32 130 66
109 97 103 114 107 108 111 104 108 103 108 104 1 0 0 0 0
99 102 113 125 100 116 133 108 117 132 103 95 2 0 0 0 0
111 104 105 112 102 114 115 109 111 121 106 101 3 0 0 0 0
106 106 115 125 107 120 130 109 107 100 107 101 4 0 0 0 0
108 106 530 530 110 601 985 129 118 126 106 104 5 0 0 0 0
99 102 266 274 98 365 570 110 104 116 97 94 6 0 0 0 0
105 104 118 126 105 107 112 108 104 96 102 99 7 0 0 0 0
98 106 746 698 104 373 434 107 99 89 96 92 8 0 0 0 0
103 107 498 428 101 380 434 103 100 103 96 95 9 0 0 0 0
103 101 98 103 98 101 104 101 102 92 98 95 10 0 0 0 0
112 106 100 109 108 103 105 108 103 99 105 15000 11 0 0 0 0
Chip#1
99 104 94 103 98 95 100 102 100 93 96 92 0 0 96 130 66
99 100 99 106 101 104 107 102 101 105 101 98 1 0 0 0 0
111 110 117 129 105 120 133 114 116 137 109 102 2 0 0 0 0
99 102 104 109 104 112 120 105 108 120 100 99 3 0 0 0 0
101 106 119 127 103 114 130 111 106 103 105 101 4 0 0 0 0
106 109 532 546 111 600 983 131 119 133 107 104 5 0 0 0 0
106 109 272 281 105 367 574 116 114 118 101 96 6 0 0 0 0
108 106 118 125 104 107 113 109 104 99 101 99 7 0 0 0 0
101 109 748 699 104 384 441 111 109 100 102 98 8 0 0 0 0
105 114 502 433 110 385 441 114 107 104 103 111 9 0 0 0 0
105 100 105 109 100 105 106 107 99 104 100 100 10 0 0 0 0
109 97 94 104 100 101 105 102 97 96 96 15000 11 0 0 0 0
Chip#1
104 101 98 103 101 105 106 105 99 93 101 96 0 0 192 130 66
109 105 105 116 107 110 111 115 104 104 109 105 1 0 0 0 0
104 101 114 125 101 118 130 108 113 133 108 101 2 0 0 0 0
109 105 105 115 107 112 117 111 111 120 106 100 3 0 0 0 0
108 104 119 124 108 118 129 111 107 104 103 102 4 0 0 0 0
103 106 527 546 103 594 977 129 113 128 103 98 5 0 0 0 0
105 102 270 274 108 363 575 113 114 121 105 99 6 0 0 0 0
104 106 115 120 107 107 109 107 101 91 98 95 7 0 0 0 0
99 109 742 701 102 377 434 109 101 91 97 92 8 0 0 0 0
111 116 505 438 117 392 440 114 109 107 109 107 9 0 0 0 0
105 104 100 106 102 105 108 104 100 97 101 98 10 0 0 0 0
112 109 104 110 107 105 114 107 104 100 103 15000 11 0 0 0 0
Chip#1
105 107 106 107 104 106 107 108 104 100 107 99 0 0 0 131 66
104 104 106 114 107 108 109 109 103 101 105 104 1 0 0 0 0
102 99 105 120 93 109 127 102 109 128 101 95 2 0 0 0 0
102 105 106 116 98 106 115 105 109 117 103 102 3 0 0 0 0
102 101 116 123 101 111 125 109 98 97 101 96 4 0 0 0 0
102 101 528 530 105 592 973 124 113 128 102 94 5 0 0 0 0
108 107 276 283 107 368 578 116 114 120 108 100 6 0 0 0 0
103 99 111 121 96 100 105 107 101 96 97 95 7 0 0 0 0
105 111 749 710 105 385 446 112 103 99 106 100 8 0 0 0 0
105 105 499 427 102 382 434 107 103 101 100 98 9 0 0 0 0
109 107 107 115 109 111 109 113 108 108 108 101 10 0 0 0 0
108 107 104 108 108 106 109 104 99 100 105 15000 11 0 0 0 0
Chip#1
98 102 96 101 104 99 106 102 99 93 102 101 0 0 96 131 66
108 105 98 113 105 104 113 107 106 107 106 100 1 0 0 0 0
108 104 115 133 102 120 132 110 117 135 107 102 2 0 0 0 0
105 106 103 109 101 109 115 103 106 115 102 99 3 0 0 0 0
105 109 119 131 109 117 135 113 106 101 107 100 4 0 0 0 0
110 106 523 530 108 598 973 129 111 130 107 101 5 0 0 0 0
105 102 274 280 107 369 577 117 108 122 105 99 6 0 0 0 0
109 106 116 120 104 106 108 105 102 97 97 98 7 0 0 0 0
98 104 741 694 98 372 434 108 97 92 97 93 8 0 0 0 0
104 112 496 433 107 385 442 109 104 103 108 104 9 0 0 0 0
115 110 107 112 104 106 112 110 104 107 103 105 10 0 0 0 0
105 101 94 99 94 103 99 102 97 92 95 15000 11 0 0 0 0
Chip#1
106 106 98 108 103 110 106 109 103 97 105 100 0 0 32 132 66
109 105 104 113 107 106 107 111 107 107 108 99 1 0 0 0 0
106 105 117 130 104 120 133 112 112 132 105 99 2 0 0 0 0
103 102 104 112 102 108 115 101 111 115 105 98 3 0 0 0 0
95 97 109 116 97 109 123 100 99 95 97 93 4 0 0 0 0
102 101 522 522 103 590 972 123 109 124 102 96 5 0 0 0 0
102 100 266 274 104 366 569 112 109 120 98 94 6 0 0 0 0
103 102 115 116 101 104 109 104 101 95 96 95 7 0 0 0 0
99 107 741 695 102 380 430 108 101 93 98 94 8 0 0 0 0
102 106 497 431 107 381 433 107 103 101 102 101 9 0 0 0 0
106 101 100 103 104 105 108 102 103 100 97 99 10 0 0 0 0
106 102 97 104 100 103 104 104 102 97 101 15000 11 0 0 0 0
Chip#1
102 101 95 106 98 99 101 104 97 96 100 95 0 0 96 132 66
105 100 102 115 104 106 107 105 102 103 102 95 1 0 0 0 0
98 96 107 116 96 106 124 98 104 128 100 90 2 0 0 0 0
111 110 110 118 105 116 122 111 113 124 112 109 3 0 0 0 0
101 102 110 121 96 114 125 105 102 95 97 94 4 0 0 0 0
108 110 525 530 108 595 973 131 116 129 109 101 5 0 0 0 0
105 102 270 274 103 366 572 115 111 122 103 104 6 0 0 0 0
105 107 118 125 105 105 113 108 102 99 103 106 7 0 0 0 0
104 111 746 699 110 380 433 109 108 100 106 100 8 0 0 0 0
108 110 497 428 107 380 433 110 104 100 105 104 9 0 0 0 0
111 107 107 104 102 109 108 105 103 101 100 101 10 0 0 0 0
103 97 94 104 96 98 105 100 99 95 98 15000 11 0 0 0 0
Chip#1
106 104 98 102 103 107 108 101 101 95 102 100 0 0 160 132 66
104 102 102 110 101 108 109 109 101 103 106 101 1 0 0 0 0
99 99 110 123 100 117 128 105 106 128 105 95 2 0 0 0 0
106 104 99 107 103 115 119 107 109 120 101 105 3 0 0 0 0
104 96 111 120 94 108 122 103 102 93 97 92 4 0 0 0 0
95 101 515 522 104 587 969 121 109 124 102 96 5 0 0 0 0
96 97 260 274 98 356 563 105 103 109 98 94 6 0 0 0 0
108 110 117 126 109 109 113 110 108 99 103 102 7 0 0 0 0
99 102 739 694 101 374 430 103 96 90 92 94 8 0 0 0 0
102 107 493 427 104 379 428 109 101 93 100 95 9 0 0 0 0
103 102 102 110 102 104 109 101 101 99 101 98 10 0 0 0 0
116 107 103 109 103 108 107 110 106 100 108 15000 11 0 0 0 0
Chip#1
109 107 106 110 102 106 105 105 106 104 106 104 0 0 0 133 66
108 104 103 109 103 110 113 110 109 107 107 108 1 0 0 0 0
105 104 111 124 102 122 129 104 116 129 107 100 2 0 0 0 0
101 101 98 109 97 105 112 102 106 109 97 96 3 0 0 0 0
105 101 116 125 101 115 129 107 107 103 105 102 4 0 0 0 0
105 106 519 520 103 593 969 126 114 126 103 95 5 0 0 0 0
108 101 270 290 104 366 572 114 113 120 101 98 6 0 0 0 0
101 107 113 123 102 109 109 105 106 99 101 104 7 0 0 0 0
104 105 741 693 102 379 435 109 109 103 98 100 8 0 0 0 0
101 104 493 424 101 379 426 107 101 97 103 98 9 0 0 0 0
105 109 103 106 103 106 108 107 107 99 105 100 10 0 0 0 0
115 104 97 108 103 104 109 107 101 97 105 15000 11 0 0 0 0
Chip#1
109 104 100 110 108 105 106 103 107 101 103 96 0 0 128 133 66
99 101 98 109 105 109 109 105 103 103 102 96 1 0 0 0 0
101 96 110 121 101 117 129 104 107 129 102 98 2 0 0 0 0
105 106 103 113 102 111 119 104 109 118 101 102 3 0 0 0 0
101 104 115 123 102 115 127 109 107 99 102 96 4 0 0 0 0
106 105 521 522 104 596 965 125 117 125 102 100 5 0 0 0 0
102 102 262 274 100 360 566 107 108 116 100 95 6 0 0 0 0
106 109 122 126 110 115 115 112 108 105 112 101 7 0 0 0 0
104 107 740 685 104 378 432 107 100 99 103 95 8 0 0 0 0
108 115 496 429 111 386 436 111 108 107 108 102 9 0 0 0 0
103 104 100 107 103 107 106 105 103 95 101 96 10 0 0 0 0
117 107 105 113 108 110 111 109 109 105 107 15000 11 0 0 0 0
Chip#1
101 102 96 102 102 101 101 104 103 93 102 98 0 0 224 133 66
108 101 104 109 103 105 106 108 104 101 103 99 1 0 0 0 0
97 100 109 125 96 112 123 105 111 128 98 95 2 0 0 0 0
108 105 100 109 100 110 114 107 102 117 103 100 3 0 0 0 0
99 101 112 120 102 112 122 104 104 99 103 94 4 0 0 0 0
98 100 516 517 104 587 961 125 107 118 101 92 5 0 0 0 0
102 106 270 274 107 367 567 112 106 120 103 101 6 0 0 0 0
106 104 118 120 103 111 112 112 109 99 106 102 7 0 0 0 0
99 104 733 680 101 375 427 110 101 95 98 94 8 0 0 0 0
101 102 489 423 103 372 425 103 98 97 97 96 9 0 0 0 0
108 110 105 107 103 103 111 111 106 101 103 101 10 0 0 0 0
110 107 102 107 102 106 105 105 101 101 100 15000 11 0 0 0 0
