Chipdp
84 2 37 2 8 3 4 8 5 9 5 8 6 9 6 4 8 3 9 3 8 2 9 2 4 6 6 5 6 6 5 5 5 4 6 2 5 2 6 3 5 3 4 6 8 5 8 6 9 5 9 4 2 8 3 8 2 9 3 9 4 2 5 3 5 2 6 3 6 4 2 2 3 2 2 3 3 3 4 9 7 10 7 9 6 10 6 4 9 10 10 10 9 9 10 9 4 7 7 6 7 7 6 6 6 4 7 10 6 10 7 9 6 9 4 7 3 7 4 6 3 6 4 4 4 4 4 3 3 4 3 3 4 3 7 4 7 3 6 4 6 4 3 10 4 10 3 9 4 9 
Chip#1
117 109 107 107 107 102 111 107 105 105 107 110 0 0 128 116 66
104 99 141 168 105 130 196 107 116 188 101 98 1 0 0 0 0
98 95 575 753 112 601 1182 151 424 1223 231 96 2 0 0 0 0
105 105 212 294 109 257 476 111 257 614 143 105 3 0 0 0 0
101 102 122 124 104 107 125 102 103 113 100 102 4 0 0 0 0
103 105 583 597 109 412 668 120 323 713 153 102 5 0 0 0 0
97 102 276 294 105 249 393 109 257 517 125 97 6 0 0 0 0
107 105 114 119 114 108 115 112 110 109 105 104 7 0 0 0 0
103 102 510 518 110 390 480 107 104 101 100 98 8 0 0 0 0
98 105 345 323 105 388 466 110 104 105 95 102 9 0 0 0 0
107 107 104 111 107 104 111 108 111 103 97 103 10 0 0 0 0
102 105 101 101 105 103 106 104 103 107 101 15000 11 0 0 0 0
Chip#2
107 111 108 108 113 102 105 104 105 105 105 108 0 0 128 116 66
104 103 102 99 110 101 101 104 96 100 101 103 1 0 0 0 0
107 106 105 103 108 101 101 102 99 105 108 105 2 0 0 0 0
108 106 115 226 153 107 227 194 104 172 196 108 3 0 0 0 0
109 107 134 344 223 117 272 226 108 189 200 113 4 0 0 0 0
108 107 110 130 119 107 117 114 106 111 111 110 5 0 0 0 0
98 96 97 141 125 104 329 324 94 278 441 116 6 0 0 0 0
103 110 120 277 203 114 648 661 113 447 685 144 7 0 0 0 0
104 103 105 130 122 105 150 149 102 121 140 105 8 0 0 0 0
106 107 108 106 110 107 211 270 104 208 375 132 9 0 0 0 0
109 109 108 106 112 110 511 711 137 395 736 191 10 0 0 0 0
106 107 107 105 110 104 155 201 100 127 190 15000 11 0 0 0 0
Chip#1
107 100 99 104 102 98 104 103 101 94 98 104 0 0 64 167 66
98 99 138 156 104 126 171 105 109 173 100 100 1 0 0 0 0
99 107 483 612 116 491 923 148 364 981 207 103 2 0 0 0 0
102 98 184 249 110 222 382 111 205 517 164 102 3 0 0 0 0
92 98 112 118 102 104 113 109 101 110 102 99 4 0 0 0 0
105 105 483 494 114 348 539 120 277 559 140 106 5 0 0 0 0
102 100 234 241 102 222 323 105 202 426 120 99 6 0 0 0 0
97 100 108 113 102 106 110 104 104 98 97 99 7 0 0 0 0
101 102 428 419 108 330 395 104 104 99 98 99 8 0 0 0 0
102 100 290 273 103 323 381 110 106 101 101 102 9 0 0 0 0
104 100 104 107 105 106 107 109 106 99 101 103 10 0 0 0 0
101 100 100 101 100 100 100 102 104 101 96 15000 11 0 0 0 0
Chip#2
114 110 112 111 113 106 108 108 104 105 106 112 0 0 64 167 66
112 111 109 108 110 106 106 104 106 106 103 106 1 0 0 0 0
109 107 108 108 110 106 107 106 106 104 105 108 2 0 0 0 0
108 109 113 199 146 111 193 173 105 155 171 111 3 0 0 0 0
108 106 122 286 193 111 223 193 102 163 170 107 4 0 0 0 0
106 105 108 124 114 106 110 109 104 105 101 107 5 0 0 0 0
108 107 108 139 125 107 301 292 106 268 405 123 6 0 0 0 0
103 106 113 215 175 109 577 591 108 399 610 137 7 0 0 0 0
109 112 112 129 122 107 149 148 108 118 138 112 8 0 0 0 0
107 103 105 105 108 106 198 254 102 192 342 124 9 0 0 0 0
112 112 108 109 112 110 466 642 128 359 663 185 10 0 0 0 0
103 102 107 100 105 101 150 191 100 122 176 15000 11 0 0 0 0
Chip#1
111 107 104 111 109 108 111 109 109 105 106 111 0 0 192 168 66
108 108 144 166 115 135 183 115 123 175 110 106 1 0 0 0 0
104 104 479 608 122 486 915 146 360 971 205 108 2 0 0 0 0
99 98 182 245 103 222 382 109 202 501 132 100 3 0 0 0 0
101 97 114 121 104 102 115 104 106 107 99 97 4 0 0 0 0
105 102 483 492 111 344 538 117 275 545 139 102 5 0 0 0 0
99 100 233 248 108 222 321 108 206 420 117 103 6 0 0 0 0
105 105 110 119 112 112 115 105 114 105 101 103 7 0 0 0 0
95 95 421 417 105 323 385 103 100 95 95 93 8 0 0 0 0
107 107 287 277 109 321 384 110 109 105 105 100 9 0 0 0 0
107 98 101 107 107 104 104 104 108 103 95 98 10 0 0 0 0
104 104 103 104 107 102 105 102 103 101 101 15000 11 0 0 0 0
Chip#2
112 111 113 110 113 106 101 108 102 106 108 110 0 0 192 168 66
110 111 113 109 111 107 105 107 104 106 108 110 1 0 0 0 0
110 111 109 108 113 109 108 108 104 109 109 108 2 0 0 0 0
104 105 110 189 141 104 190 165 98 149 162 105 3 0 0 0 0
104 106 123 286 189 107 222 193 99 160 171 111 4 0 0 0 0
102 106 105 119 110 101 111 105 94 103 99 103 5 0 0 0 0
109 109 112 144 128 109 301 310 108 266 409 127 6 0 0 0 0
107 109 118 210 178 112 557 590 110 400 609 141 7 0 0 0 0
106 109 112 129 123 105 147 144 100 118 137 108 8 0 0 0 0
108 106 108 106 108 102 199 248 107 194 342 126 9 0 0 0 0
109 110 109 110 108 107 465 637 128 359 660 178 10 0 0 0 0
104 102 103 101 103 100 149 186 100 121 176 15000 11 0 0 0 0
Chip#1
110 105 102 104 100 106 104 105 109 105 104 106 0 0 96 169 66
103 99 139 158 102 130 170 107 115 165 101 100 1 0 0 0 0
99 103 469 600 111 479 905 144 354 964 199 102 2 0 0 0 0
105 107 190 255 112 228 385 117 208 501 138 105 3 0 0 0 0
93 99 112 119 102 108 115 100 104 105 98 96 4 0 0 0 0
101 102 475 482 109 341 524 116 271 542 133 99 5 0 0 0 0
96 98 238 249 105 222 318 109 207 420 116 98 6 0 0 0 0
97 95 106 110 100 104 104 101 104 95 95 93 7 0 0 0 0
104 108 433 420 112 330 397 111 111 105 104 106 8 0 0 0 0
99 99 285 273 103 315 376 104 101 95 97 96 9 0 0 0 0
102 102 104 104 103 106 103 105 110 99 100 97 10 0 0 0 0
105 103 104 102 104 101 108 107 106 98 99 15000 11 0 0 0 0
Chip#2
103 109 103 101 103 99 100 101 98 98 101 103 0 0 224 169 66
104 105 100 101 107 99 99 98 99 101 100 105 1 0 0 0 0
98 100 94 98 100 96 94 95 91 98 99 98 2 0 0 0 0
106 103 109 189 144 105 190 166 102 153 169 105 3 0 0 0 0
104 103 118 282 191 104 220 190 98 159 172 106 4 0 0 0 0
109 111 110 125 119 110 114 111 107 111 110 111 5 0 0 0 0
106 111 107 137 124 109 301 293 106 267 409 119 6 0 0 0 0
113 115 120 217 184 115 585 597 111 405 617 144 7 0 0 0 0
109 114 108 127 121 107 148 148 108 122 143 110 8 0 0 0 0
112 112 109 109 115 109 205 257 110 200 347 126 9 0 0 0 0
108 112 110 108 112 109 466 639 128 359 660 182 10 0 0 0 0
117 115 110 113 116 112 155 197 108 131 186 15000 11 0 0 0 0
Chip#1
105 102 102 106 105 103 107 103 108 101 102 105 0 0 128 170 66
108 99 141 160 108 130 178 108 118 171 101 103 1 0 0 0 0
99 99 466 594 109 478 899 140 350 953 199 96 2 0 0 0 0
99 100 184 247 105 222 378 109 203 501 134 100 3 0 0 0 0
102 104 118 126 105 110 121 109 110 112 101 97 4 0 0 0 0
95 103 468 475 104 335 526 113 273 542 132 97 5 0 0 0 0
99 98 235 247 104 222 321 109 205 415 118 99 6 0 0 0 0
97 94 105 107 102 95 107 103 101 95 98 92 7 0 0 0 0
98 100 423 413 108 324 389 105 100 98 96 98 8 0 0 0 0
101 100 285 271 105 318 376 107 106 99 99 97 9 0 0 0 0
102 97 101 101 101 97 105 102 100 95 94 93 10 0 0 0 0
107 97 102 104 105 100 105 101 104 97 95 15000 11 0 0 0 0
Chip#2
108 111 105 103 106 97 101 102 99 105 105 107 0 0 128 170 66
108 110 105 105 106 104 102 107 102 103 105 111 1 0 0 0 0
109 105 108 105 107 107 104 109 101 109 104 107 2 0 0 0 0
110 111 114 194 146 111 192 171 105 157 174 113 3 0 0 0 0
107 106 126 279 190 107 221 189 99 161 171 107 4 0 0 0 0
111 114 113 129 117 109 116 114 105 111 112 111 5 0 0 0 0
103 103 105 132 125 101 301 291 101 267 400 119 6 0 0 0 0
108 109 115 215 176 115 581 593 112 396 607 144 7 0 0 0 0
114 112 117 133 122 110 149 153 106 123 146 112 8 0 0 0 0
110 109 110 105 110 107 198 255 104 198 345 129 9 0 0 0 0
114 114 117 111 114 114 466 647 134 370 666 187 10 0 0 0 0
108 109 108 105 111 101 153 194 105 130 180 15000 11 0 0 0 0
Chip#1
104 99 99 100 102 101 102 103 104 95 100 102 0 0 64 171 66
107 103 139 159 109 128 178 110 119 175 107 104 1 0 0 0 0
104 99 469 597 111 478 905 143 356 955 201 102 2 0 0 0 0
89 91 177 238 98 211 373 103 195 485 122 90 3 0 0 0 0
104 99 114 121 108 109 123 105 109 112 100 102 4 0 0 0 0
99 95 468 479 105 337 538 113 289 542 137 99 5 0 0 0 0
98 99 234 243 107 222 322 108 206 419 120 100 6 0 0 0 0
99 97 108 110 105 102 103 101 101 95 100 93 7 0 0 0 0
97 103 422 417 105 325 391 109 108 103 104 102 8 0 0 0 0
98 103 283 267 101 311 376 105 100 101 94 98 9 0 0 0 0
105 95 100 104 103 100 106 103 105 99 97 98 10 0 0 0 0
107 105 107 109 107 106 112 108 111 103 105 15000 11 0 0 0 0
Chip#2
117 114 110 111 113 107 108 109 105 116 108 111 0 0 64 171 66
108 111 104 106 108 106 108 103 102 109 105 105 1 0 0 0 0
107 105 103 106 106 107 108 105 101 107 105 107 2 0 0 0 0
107 103 107 189 135 102 189 165 96 151 164 108 3 0 0 0 0
111 110 125 287 192 109 225 198 105 168 174 110 4 0 0 0 0
108 111 109 127 121 106 114 114 102 114 110 111 5 0 0 0 0
107 107 104 141 127 109 301 290 100 267 405 124 6 0 0 0 0
102 102 108 209 168 109 557 585 104 395 604 135 7 0 0 0 0
111 117 110 131 124 112 153 151 108 126 145 114 8 0 0 0 0
110 112 105 109 112 110 203 255 107 202 346 128 9 0 0 0 0
112 112 108 109 106 106 462 642 123 359 660 180 10 0 0 0 0
118 111 109 109 113 110 155 197 105 136 181 15000 11 0 0 0 0
Chip#1
109 105 105 107 108 107 107 108 106 103 102 109 0 0 0 172 66
99 100 132 157 109 127 170 105 114 167 100 100 1 0 0 0 0
101 104 463 592 115 478 893 140 350 944 199 104 2 0 0 0 0
101 99 179 242 102 222 372 110 196 485 129 99 3 0 0 0 0
93 99 113 122 105 104 118 108 110 106 100 99 4 0 0 0 0
102 107 471 481 111 341 538 119 273 542 141 104 5 0 0 0 0
97 98 228 242 103 222 316 107 203 413 117 99 6 0 0 0 0
99 97 106 111 103 98 105 101 106 95 96 98 7 0 0 0 0
97 100 414 413 103 320 383 104 104 95 99 98 8 0 0 0 0
101 100 282 265 105 314 372 104 104 95 96 98 9 0 0 0 0
105 109 103 109 108 109 108 107 109 101 102 102 10 0 0 0 0
104 104 102 106 105 103 106 108 105 98 99 15000 11 0 0 0 0
Chip#2
110 112 108 109 108 107 107 107 108 111 109 108 0 0 96 172 66
103 106 105 103 107 102 101 101 99 105 100 102 1 0 0 0 0
107 109 107 108 107 106 105 109 104 105 104 105 2 0 0 0 0
111 111 120 196 146 110 197 172 110 160 175 112 3 0 0 0 0
108 111 126 286 191 111 226 196 108 167 174 107 4 0 0 0 0
108 110 108 124 116 104 110 108 101 106 105 102 5 0 0 0 0
102 102 103 135 123 102 301 284 98 249 398 114 6 0 0 0 0
103 109 114 212 175 111 576 585 111 396 606 139 7 0 0 0 0
111 111 109 130 119 109 147 146 106 124 140 110 8 0 0 0 0
104 107 103 105 106 105 198 248 102 191 337 118 9 0 0 0 0
108 110 108 106 108 107 460 635 130 360 655 177 10 0 0 0 0
108 103 108 100 107 105 150 192 105 127 181 15000 11 0 0 0 0
Chip#1
99 98 97 100 100 96 99 101 101 94 94 104 0 0 224 172 66
96 94 133 150 104 124 168 104 111 160 96 99 1 0 0 0 0
97 99 463 588 116 478 893 140 350 945 200 97 2 0 0 0 0
99 95 180 244 108 222 375 109 200 485 126 99 3 0 0 0 0
101 102 117 121 108 110 120 108 109 111 102 102 4 0 0 0 0
99 103 470 476 112 338 523 118 273 542 138 105 5 0 0 0 0
92 94 227 238 101 222 315 101 196 409 113 94 6 0 0 0 0
97 97 104 105 105 101 102 103 100 94 95 96 7 0 0 0 0
101 99 414 412 107 320 389 108 106 98 98 100 8 0 0 0 0
96 94 281 263 101 311 370 103 99 95 95 94 9 0 0 0 0
99 95 102 104 107 97 103 96 101 98 96 98 10 0 0 0 0
108 107 105 106 107 102 107 109 104 101 102 15000 11 0 0 0 0
Chip#2
110 111 112 110 112 107 105 111 106 106 108 112 0 0 224 172 66
103 105 103 103 102 100 94 100 95 103 99 100 1 0 0 0 0
104 107 103 104 110 102 104 102 94 101 104 105 2 0 0 0 0
108 114 115 194 147 111 192 171 107 154 172 112 3 0 0 0 0
110 112 126 286 195 111 223 196 108 166 172 112 4 0 0 0 0
103 103 102 117 111 101 104 102 100 106 103 103 5 0 0 0 0
104 106 104 135 125 106 301 287 99 250 403 121 6 0 0 0 0
106 105 117 210 175 115 535 590 111 396 609 141 7 0 0 0 0
104 106 110 127 115 105 142 144 104 120 135 107 8 0 0 0 0
106 107 107 105 106 105 196 249 105 192 344 124 9 0 0 0 0
104 106 105 103 107 104 453 631 123 352 650 174 10 0 0 0 0
107 107 109 104 112 105 151 193 104 126 183 15000 11 0 0 0 0
Chip#1
108 102 104 104 107 104 108 104 106 101 100 104 0 0 192 173 66
108 109 146 165 116 135 186 111 125 180 112 110 1 0 0 0 0
104 98 461 585 114 478 888 141 347 944 196 99 2 0 0 0 0
101 99 180 243 107 222 376 109 198 485 129 99 3 0 0 0 0
105 112 124 127 117 114 125 110 116 115 105 109 4 0 0 0 0
102 108 471 476 115 341 527 120 273 542 142 105 5 0 0 0 0
101 99 230 237 107 222 317 107 203 411 122 99 6 0 0 0 0
105 102 112 115 112 107 114 108 110 105 101 100 7 0 0 0 0
99 102 414 411 105 318 384 105 106 98 95 99 8 0 0 0 0
98 102 284 266 108 311 373 104 104 101 98 99 9 0 0 0 0
105 108 108 109 111 108 114 107 108 103 101 103 10 0 0 0 0
104 105 108 102 110 108 110 107 104 105 105 15000 11 0 0 0 0
Chip#2
112 110 108 104 111 105 105 105 102 107 106 107 0 0 192 173 66
106 105 108 100 107 102 101 102 101 109 103 100 1 0 0 0 0
104 109 105 101 107 101 99 105 99 105 101 105 2 0 0 0 0
98 98 109 185 136 99 184 159 94 146 160 97 3 0 0 0 0
110 103 123 282 192 111 222 194 105 166 174 110 4 0 0 0 0
109 111 113 127 121 110 116 115 108 115 111 111 5 0 0 0 0
117 114 115 141 134 112 301 315 111 274 410 126 6 0 0 0 0
106 107 117 210 172 111 557 587 107 393 609 138 7 0 0 0 0
106 109 109 127 119 106 144 142 104 121 141 106 8 0 0 0 0
109 112 113 110 116 109 204 258 110 198 349 128 9 0 0 0 0
109 110 109 108 112 107 462 638 132 360 658 181 10 0 0 0 0
112 110 109 108 111 105 149 194 106 131 183 15000 11 0 0 0 0
Chip#1
108 100 99 101 103 100 105 98 100 97 98 102 0 0 0 175 66
101 103 137 156 105 124 175 107 115 167 100 102 1 0 0 0 0
97 98 457 584 111 476 877 133 345 930 194 94 2 0 0 0 0
98 102 179 239 109 213 372 109 196 469 122 100 3 0 0 0 0
97 94 114 117 102 104 111 101 104 106 93 96 4 0 0 0 0
96 95 462 470 108 329 518 111 273 542 133 100 5 0 0 0 0
104 103 233 245 111 222 324 109 208 413 123 103 6 0 0 0 0
98 97 103 106 104 102 106 101 101 98 95 96 7 0 0 0 0
101 99 410 409 107 317 383 103 106 97 96 93 8 0 0 0 0
102 98 281 262 102 308 371 101 108 97 94 98 9 0 0 0 0
99 95 100 100 98 97 106 102 101 98 94 97 10 0 0 0 0
109 108 107 110 114 104 111 110 109 107 104 15000 11 0 0 0 0
Chip#2
106 110 105 104 104 105 102 104 100 106 103 103 0 0 0 175 66
107 110 107 108 106 105 106 107 102 106 104 105 1 0 0 0 0
109 115 107 109 108 107 106 110 105 110 110 107 2 0 0 0 0
107 112 117 195 146 109 191 171 107 157 171 107 3 0 0 0 0
112 112 129 288 191 116 224 199 107 169 176 112 4 0 0 0 0
108 110 104 120 117 105 111 111 101 110 108 105 5 0 0 0 0
110 111 110 140 129 109 310 309 107 271 406 123 6 0 0 0 0
107 111 118 211 176 115 578 590 110 400 611 140 7 0 0 0 0
109 111 112 129 117 110 147 150 106 124 140 112 8 0 0 0 0
108 110 108 105 110 105 197 251 105 195 342 124 9 0 0 0 0
103 110 103 100 107 106 455 632 125 353 648 171 10 0 0 0 0
107 106 107 106 107 106 150 190 100 127 180 15000 11 0 0 0 0
Chip#1
114 112 106 106 110 109 108 112 110 103 107 113 0 0 192 175 66
99 98 129 151 100 124 170 102 110 164 98 98 1 0 0 0 0
103 100 457 582 107 478 880 136 350 933 195 99 2 0 0 0 0
98 97 177 239 105 222 366 108 197 485 123 98 3 0 0 0 0
101 108 119 123 112 113 123 111 115 114 104 99 4 0 0 0 0
101 100 460 472 111 328 516 113 273 542 134 98 5 0 0 0 0
103 109 236 247 114 224 322 113 211 412 122 106 6 0 0 0 0
105 107 111 119 114 109 117 108 114 105 100 103 7 0 0 0 0
101 103 415 409 104 318 388 108 106 97 95 96 8 0 0 0 0
104 107 288 274 111 317 372 109 114 103 104 105 9 0 0 0 0
105 103 102 112 107 104 113 107 109 99 102 102 10 0 0 0 0
105 102 106 105 108 104 107 104 106 99 101 15000 11 0 0 0 0
Chip#2
112 106 107 105 108 101 106 103 105 106 104 105 0 0 192 175 66
101 102 97 99 80 97 96 96 93 98 96 100 1 0 0 0 0
111 110 105 104 107 102 105 107 100 106 108 108 2 0 0 0 0
108 110 114 189 144 110 192 166 105 154 166 110 3 0 0 0 0
99 95 114 270 179 101 210 180 93 153 156 98 4 0 0 0 0
106 106 105 119 114 106 107 110 99 111 108 106 5 0 0 0 0
107 105 102 134 122 102 301 284 102 265 398 122 6 0 0 0 0
97 98 104 200 162 105 534 576 100 386 590 129 7 0 0 0 0
103 103 102 121 115 106 142 142 101 115 136 105 8 0 0 0 0
119 116 114 114 116 114 202 258 113 201 349 133 9 0 0 0 0
97 101 98 99 102 100 446 621 114 346 637 166 10 0 0 0 0
113 111 112 113 113 114 155 198 106 131 182 15000 11 0 0 0 0
Chip#1
107 102 103 101 104 102 106 104 106 103 101 108 0 0 128 176 66
108 105 139 156 107 131 173 110 119 167 104 106 1 0 0 0 0
101 102 456 580 115 478 879 140 348 927 196 100 2 0 0 0 0
102 105 179 247 114 222 375 112 205 485 136 108 3 0 0 0 0
99 107 116 126 104 110 122 109 110 113 102 100 4 0 0 0 0
99 104 461 466 103 329 511 115 273 542 131 100 5 0 0 0 0
101 103 228 237 105 222 315 108 201 403 120 103 6 0 0 0 0
104 105 108 115 107 102 108 108 114 103 101 103 7 0 0 0 0
107 105 411 412 109 321 383 111 109 106 102 102 8 0 0 0 0
99 104 279 266 105 311 371 108 106 99 100 102 9 0 0 0 0
114 114 112 115 118 118 120 115 120 110 110 109 10 0 0 0 0
105 104 101 104 104 103 112 105 109 101 101 15000 11 0 0 0 0
Chip#2
104 105 102 100 101 97 99 97 96 99 99 103 0 0 128 176 66
109 111 109 105 108 106 106 107 102 110 108 106 1 0 0 0 0
98 102 102 101 103 101 99 100 95 101 101 106 2 0 0 0 0
113 115 122 193 147 114 195 172 107 161 172 116 3 0 0 0 0
112 107 129 284 195 115 222 193 110 171 177 116 4 0 0 0 0
101 106 103 119 110 100 107 108 99 105 103 103 5 0 0 0 0
107 106 107 139 128 109 301 305 107 265 401 119 6 0 0 0 0
104 102 112 208 172 111 569 586 108 395 604 138 7 0 0 0 0
107 106 108 124 118 102 141 142 105 121 136 107 8 0 0 0 0
103 103 104 108 106 104 191 243 100 195 336 119 9 0 0 0 0
103 102 103 103 106 102 450 628 123 352 645 174 10 0 0 0 0
101 105 100 103 104 97 144 186 96 123 171 15000 11 0 0 0 0
Chip#1
114 110 106 107 111 108 107 110 114 105 105 113 0 0 96 177 66
105 103 136 157 109 129 173 111 115 167 105 103 1 0 0 0 0
97 99 454 577 109 468 869 137 341 919 195 98 2 0 0 0 0
98 105 178 239 104 222 364 112 196 485 127 102 3 0 0 0 0
104 107 119 124 110 112 120 110 113 116 106 104 4 0 0 0 0
105 105 460 470 110 331 513 115 289 542 134 103 5 0 0 0 0
97 99 230 239 109 222 314 110 206 406 118 98 6 0 0 0 0
101 105 111 113 108 103 106 107 109 105 100 99 7 0 0 0 0
99 105 410 404 108 317 380 105 105 99 98 98 8 0 0 0 0
101 100 278 260 102 306 359 103 101 95 96 97 9 0 0 0 0
114 115 112 112 116 110 115 115 114 110 109 109 10 0 0 0 0
95 98 98 96 98 94 99 97 100 91 95 15000 11 0 0 0 0
Chip#2
106 110 109 106 107 106 104 106 100 105 109 108 0 0 192 177 66
102 106 104 101 102 101 102 103 96 100 100 101 1 0 0 0 0
101 101 97 99 97 97 99 100 91 98 96 101 2 0 0 0 0
113 111 118 198 146 114 191 172 110 154 171 114 3 0 0 0 0
110 109 122 279 189 111 223 191 104 161 174 110 4 0 0 0 0
114 112 112 127 118 112 118 115 112 115 113 113 5 0 0 0 0
109 107 108 140 125 110 301 291 108 255 405 124 6 0 0 0 0
106 102 112 202 170 115 537 583 106 388 597 139 7 0 0 0 0
104 103 105 124 114 106 144 143 100 118 133 107 8 0 0 0 0
110 107 107 110 112 105 198 251 107 196 341 127 9 0 0 0 0
107 103 104 105 106 104 454 628 125 352 650 180 10 0 0 0 0
104 103 103 103 104 97 147 187 99 122 176 15000 11 0 0 0 0
