Chipdp
84 2 68 4 16 11 4 1 6 2 6 1 7 2 7 4 4 6 5 6 4 7 5 7 4 7 6 8 6 7 7 8 7 4 10 6 11 6 10 7 11 7 4 1 9 2 9 1 10 2 10 4 4 9 5 9 4 10 5 10 4 7 9 8 9 7 10 8 10 4 10 9 11 9 10 10 11 10 4 1 3 2 3 1 4 2 4 4 4 3 5 3 4 4 5 4 4 7 3 8 3 7 4 8 4 4 10 3 11 3 10 4 11 4 4 1 0 2 0 1 1 2 1 4 4 0 5 0 4 1 5 1 4 7 0 8 0 7 1 8 1 4 10 0 11 0 10 1 11 1 4 1 6 2 6 1 7 2 7 4 4 6 5 6 4 7 5 7 4 7 6 8 6 7 7 8 7 4 10 6 11 6 10 7 11 7 4 1 9 2 9 1 10 2 10 4 4 9 5 9 4 10 5 10 4 7 9 8 9 7 10 8 10 4 10 9 11 9 10 10 11 10 4 1 3 2 3 1 4 2 4 4 4 3 5 3 4 4 5 4 4 7 3 8 3 7 4 8 4 4 10 3 11 3 10 4 11 4 4 1 0 2 0 1 1 2 1 4 4 0 5 0 4 1 5 1 4 7 0 8 0 7 1 8 1 4 10 0 11 0 10 1 11 1 4 6 0 7 0 6 1 7 1 4 6 3 7 3 6 4 7 4 4 6 6 7 6 6 7 7 7 4 6 9 7 9 6 10 7 10 4 9 0 10 0 9 1 10 1 4 9 3 10 3 9 4 10 4 4 9 6 10 6 9 7 10 7 4 9 9 10 9 9 10 10 10 4 3 0 4 0 3 1 4 1 4 3 3 4 3 3 4 4 4 4 3 6 4 6 3 7 4 7 4 3 9 4 9 3 10 4 10 4 0 0 1 0 0 1 1 1 4 0 3 1 3 0 4 1 4 4 0 6 1 6 0 7 1 7 4 0 9 1 9 0 10 1 10 4 7 0 8 0 7 1 8 1 4 7 3 8 3 7 4 8 4 4 7 6 8 6 7 7 8 7 4 7 9 8 9 7 10 8 10 4 10 0 11 0 10 1 11 1 4 10 3 11 3 10 4 11 4 4 10 6 11 6 10 7 11 7 4 10 9 11 9 10 10 11 10 4 4 0 5 0 4 1 5 1 4 4 3 5 3 4 4 5 4 4 4 6 5 6 4 7 5 7 4 4 9 5 9 4 10 5 10 4 1 0 2 0 1 1 2 1 4 1 3 2 3 1 4 2 4 4 1 6 2 6 1 7 2 0 0 
Chip#1
100 104 98 106 107 103 160 110 104 123 125 121 0 0 64 74 66
99 103 103 105 108 123 361 296 153 489 375 117 1 0 0 0 0
104 105 104 109 106 126 341 287 162 482 360 110 2 0 0 0 0
101 104 99 106 102 103 186 155 104 157 130 107 3 0 0 0 0
105 107 102 109 108 150 614 505 134 363 322 108 4 0 0 0 0
106 104 99 108 109 122 411 348 124 304 268 109 5 0 0 0 0
90 96 90 97 98 98 181 162 96 161 146 98 6 0 0 0 0
104 105 105 109 114 149 802 739 172 733 647 119 7 0 0 0 0
108 107 104 114 116 130 564 514 140 532 462 114 8 0 0 0 0
104 100 99 104 101 108 193 182 105 145 130 109 9 0 0 0 0
110 113 109 116 113 146 649 618 148 283 256 116 10 0 0 0 0
104 102 98 106 103 118 439 401 114 195 184 15000 11 0 0 0 0
Chip#1
105 109 105 110 111 108 134 117 106 132 134 124 0 0 192 75 66
109 110 110 111 111 127 368 297 159 490 382 122 1 0 0 0 0
109 105 108 111 107 126 342 284 162 482 362 111 2 0 0 0 0
106 105 102 108 108 107 193 163 109 163 135 108 3 0 0 0 0
103 99 97 105 108 142 611 498 133 360 316 102 4 0 0 0 0
111 110 104 108 117 129 420 353 128 313 269 114 5 0 0 0 0
104 102 102 106 111 107 194 172 108 168 153 107 6 0 0 0 0
106 108 109 116 120 153 805 744 172 736 645 125 7 0 0 0 0
101 99 102 108 113 119 558 504 137 524 458 108 8 0 0 0 0
108 108 107 109 111 111 200 190 111 157 133 111 9 0 0 0 0
104 104 100 106 107 141 648 610 144 277 248 109 10 0 0 0 0
100 102 100 106 107 119 438 392 118 196 181 15000 11 0 0 0 0
Chip#1
103 104 100 108 103 104 134 116 104 127 124 121 0 0 0 76 66
106 115 103 109 108 126 364 300 153 489 377 126 1 0 0 0 0
108 111 102 111 116 129 343 289 166 483 363 117 2 0 0 0 0
104 105 104 105 108 111 188 163 109 161 136 109 3 0 0 0 0
98 105 97 100 107 150 607 498 134 361 322 108 4 0 0 0 0
108 110 107 112 117 129 414 351 129 309 268 115 5 0 0 0 0
101 103 102 106 107 107 193 173 108 167 152 102 6 0 0 0 0
100 105 98 111 108 147 791 732 168 721 636 116 7 0 0 0 0
104 105 103 105 113 129 556 506 138 526 457 114 8 0 0 0 0
104 110 105 106 106 108 197 188 110 146 134 108 9 0 0 0 0
106 109 104 108 112 141 646 611 144 278 243 114 10 0 0 0 0
106 108 108 108 108 122 440 401 119 201 181 15000 11 0 0 0 0
Chip#1
101 105 102 105 104 106 134 114 101 127 126 122 0 0 64 76 66
103 107 102 105 106 125 363 295 155 485 374 121 1 0 0 0 0
98 102 98 101 101 117 332 280 158 472 353 108 2 0 0 0 0
103 104 103 108 107 108 186 157 106 158 134 109 3 0 0 0 0
96 102 97 101 106 142 604 493 130 359 315 107 4 0 0 0 0
106 109 102 110 111 127 408 348 123 305 263 114 5 0 0 0 0
98 105 99 109 109 112 191 174 105 167 153 111 6 0 0 0 0
111 110 104 119 116 151 797 738 174 726 641 124 7 0 0 0 0
101 105 100 109 109 125 551 504 138 516 455 110 8 0 0 0 0
103 107 99 105 106 103 194 182 109 147 131 107 9 0 0 0 0
104 110 104 111 111 143 646 610 149 278 248 114 10 0 0 0 0
108 114 108 116 116 122 445 401 125 204 189 15000 11 0 0 0 0
Chip#1
100 103 103 103 102 100 134 106 104 126 128 119 0 0 64 76 66
106 108 110 112 112 130 365 296 155 488 372 125 1 0 0 0 0
100 104 102 109 107 122 332 280 162 473 350 113 2 0 0 0 0
100 104 96 108 108 106 183 136 106 153 133 108 3 0 0 0 0
101 102 100 108 107 146 607 497 133 363 321 110 4 0 0 0 0
106 113 107 112 114 126 408 347 129 308 266 111 5 0 0 0 0
104 104 102 110 110 110 188 176 111 169 154 110 6 0 0 0 0
99 102 95 110 108 143 788 725 166 717 630 113 7 0 0 0 0
106 106 102 112 111 125 553 501 138 519 460 110 8 0 0 0 0
100 103 100 104 104 106 194 181 108 141 130 105 9 0 0 0 0
98 104 95 105 106 135 633 599 140 269 240 108 10 0 0 0 0
101 108 103 104 107 120 435 401 122 196 182 15000 11 0 0 0 0
Chip#1
95 99 95 96 98 96 117 106 99 123 124 115 0 0 0 77 66
104 104 98 108 103 127 357 294 155 484 370 119 1 0 0 0 0
101 105 100 108 103 120 337 280 159 476 354 110 2 0 0 0 0
99 103 96 99 103 100 183 136 105 153 128 99 3 0 0 0 0
103 104 95 103 107 147 604 494 135 361 315 107 4 0 0 0 0
101 103 102 108 107 122 403 341 124 300 259 107 5 0 0 0 0
104 109 107 110 110 116 195 175 113 171 156 109 6 0 0 0 0
109 109 107 116 122 153 791 726 177 725 638 121 7 0 0 0 0
100 103 104 110 108 120 551 496 137 520 455 108 8 0 0 0 0
104 108 105 106 106 108 194 182 110 146 134 105 9 0 0 0 0
100 104 99 104 103 133 633 601 142 275 244 103 10 0 0 0 0
105 107 105 109 110 119 433 392 123 197 186 15000 11 0 0 0 0
Chip#1
94 101 91 101 98 96 113 105 101 123 127 117 0 0 0 78 66
99 104 102 105 104 123 363 293 141 480 367 121 1 0 0 0 0
104 107 104 105 112 126 336 285 164 477 359 114 2 0 0 0 0
103 100 99 100 106 102 180 155 101 156 130 104 3 0 0 0 0
101 107 102 108 110 147 604 494 135 360 320 111 4 0 0 0 0
100 107 100 108 112 123 405 343 125 304 263 110 5 0 0 0 0
104 105 103 109 112 114 194 172 113 168 151 110 6 0 0 0 0
104 104 99 109 116 147 783 722 168 715 633 119 7 0 0 0 0
101 107 104 113 114 123 550 497 134 518 453 111 8 0 0 0 0
105 107 103 109 111 108 197 182 109 149 133 114 9 0 0 0 0
101 105 104 108 107 142 636 602 145 275 247 116 10 0 0 0 0
100 107 96 105 108 118 429 390 113 191 181 15000 11 0 0 0 0
Chip#1
101 104 98 101 106 100 134 116 105 126 128 122 0 0 128 79 66
100 108 100 108 104 122 358 291 154 478 368 117 1 0 0 0 0
101 107 104 106 108 125 336 281 164 472 355 108 2 0 0 0 0
105 110 104 109 111 108 186 159 111 164 137 109 3 0 0 0 0
108 110 103 112 112 150 606 493 140 364 324 111 4 0 0 0 0
101 107 100 108 112 120 407 343 126 302 262 105 5 0 0 0 0
105 108 100 110 112 111 193 175 111 172 158 113 6 0 0 0 0
106 113 103 117 121 153 784 724 172 718 635 122 7 0 0 0 0
98 97 97 104 103 115 535 485 125 510 440 105 8 0 0 0 0
96 107 96 108 111 108 188 183 106 147 130 107 9 0 0 0 0
101 103 97 100 108 137 631 589 144 272 244 109 10 0 0 0 0
109 111 107 110 112 123 434 401 120 201 186 15000 11 0 0 0 0
Chip#1
96 98 98 103 104 100 134 112 103 124 125 119 0 0 192 80 66
99 105 100 104 111 122 358 287 152 476 360 119 1 0 0 0 0
106 103 98 105 107 122 332 281 160 472 352 110 2 0 0 0 0
98 103 99 101 101 99 182 156 103 153 130 105 3 0 0 0 0
99 105 95 104 104 146 598 489 132 356 315 107 4 0 0 0 0
103 108 100 108 116 123 407 338 125 308 263 109 5 0 0 0 0
91 98 95 100 104 103 186 166 100 153 148 100 6 0 0 0 0
105 108 103 113 118 149 778 720 171 717 628 116 7 0 0 0 0
104 105 103 113 114 125 546 496 135 519 454 114 8 0 0 0 0
103 101 98 106 103 104 191 178 106 141 126 104 9 0 0 0 0
105 109 96 109 113 141 633 601 141 277 249 116 10 0 0 0 0
109 108 108 109 117 127 434 392 120 199 187 15000 11 0 0 0 0
Chip#1
100 102 100 103 104 102 134 113 108 127 126 120 0 0 128 81 66
104 104 102 106 111 122 358 293 152 477 362 120 1 0 0 0 0
108 107 103 105 107 122 335 281 160 474 352 109 2 0 0 0 0
105 108 108 110 109 108 185 165 113 167 133 113 3 0 0 0 0
106 107 102 104 112 146 600 487 135 360 316 105 4 0 0 0 0
110 107 103 106 111 127 407 342 129 305 263 109 5 0 0 0 0
99 99 100 105 106 107 187 169 108 165 151 103 6 0 0 0 0
101 107 98 108 109 143 772 709 167 711 625 115 7 0 0 0 0
103 104 96 109 112 122 543 493 137 514 447 109 8 0 0 0 0
101 105 97 105 104 107 192 182 108 161 129 104 9 0 0 0 0
110 107 103 110 111 141 625 593 148 277 245 111 10 0 0 0 0
106 105 103 108 108 115 428 401 120 195 182 15000 11 0 0 0 0
Chip#1
106 102 104 105 107 104 134 112 106 129 129 117 0 0 0 83 66
101 102 98 101 106 123 357 293 151 475 365 116 1 0 0 0 0
100 104 103 100 107 121 333 278 159 469 353 108 2 0 0 0 0
98 97 98 103 97 99 176 151 105 156 129 102 3 0 0 0 0
108 107 105 109 111 151 603 494 140 361 317 109 4 0 0 0 0
106 109 96 108 112 122 405 341 125 308 258 107 5 0 0 0 0
105 105 107 108 108 111 193 172 110 166 156 107 6 0 0 0 0
105 107 107 109 116 146 775 713 168 711 627 121 7 0 0 0 0
103 102 99 106 109 122 541 486 134 510 448 108 8 0 0 0 0
103 110 108 110 111 110 197 186 110 146 139 110 9 0 0 0 0
106 104 104 105 110 138 629 594 149 272 244 108 10 0 0 0 0
103 103 102 108 107 116 423 390 116 195 182 15000 11 0 0 0 0
Chip#1
100 98 96 100 106 103 114 111 101 121 128 120 0 0 192 83 66
95 98 97 99 101 119 350 281 145 469 357 114 1 0 0 0 0
101 99 97 94 103 115 327 274 155 459 343 105 2 0 0 0 0
94 100 99 100 104 100 180 155 104 153 129 100 3 0 0 0 0
106 113 107 108 110 151 605 494 135 360 320 113 4 0 0 0 0
101 103 98 106 107 120 401 336 120 297 257 103 5 0 0 0 0
104 107 107 110 116 110 195 173 111 166 157 110 6 0 0 0 0
99 103 102 109 113 139 770 709 164 708 620 113 7 0 0 0 0
108 111 105 112 118 127 546 493 140 516 448 115 8 0 0 0 0
99 98 99 101 106 103 191 184 105 140 128 105 9 0 0 0 0
105 105 104 103 107 135 624 590 144 270 242 109 10 0 0 0 0
106 108 105 110 112 123 431 395 122 196 183 15000 11 0 0 0 0
Chip#1
99 99 98 100 103 100 166 110 104 123 126 117 0 0 192 84 66
111 110 107 111 115 131 361 294 161 480 368 120 1 0 0 0 0
94 100 97 99 102 118 325 272 157 463 342 105 2 0 0 0 0
103 108 100 105 109 107 183 156 111 156 134 107 3 0 0 0 0
99 109 100 104 110 146 598 487 137 354 314 108 4 0 0 0 0
96 102 95 100 104 115 396 335 119 295 256 102 5 0 0 0 0
103 104 105 104 115 112 188 172 110 169 151 107 6 0 0 0 0
101 104 100 108 115 145 765 703 166 708 620 113 7 0 0 0 0
103 105 100 106 110 120 541 490 133 509 444 109 8 0 0 0 0
101 107 104 106 109 104 189 179 109 147 130 107 9 0 0 0 0
98 107 96 103 103 135 619 587 140 268 239 107 10 0 0 0 0
105 109 104 108 114 121 427 394 120 195 183 15000 11 0 0 0 0
Chip#1
100 105 100 104 107 106 114 111 106 127 129 124 0 0 192 85 66
99 104 99 100 104 121 352 287 151 473 360 116 1 0 0 0 0
101 107 99 103 108 116 332 277 162 468 352 111 2 0 0 0 0
100 107 102 105 104 104 182 155 106 157 131 103 3 0 0 0 0
105 108 103 108 112 150 599 490 139 359 315 108 4 0 0 0 0
100 107 99 105 111 120 401 336 126 299 259 104 5 0 0 0 0
103 108 104 105 110 112 191 176 109 169 156 108 6 0 0 0 0
103 107 104 112 116 147 769 708 171 711 626 115 7 0 0 0 0
101 104 99 105 111 121 537 486 137 509 439 109 8 0 0 0 0
106 110 104 110 110 110 198 188 114 154 136 110 9 0 0 0 0
100 104 102 105 108 137 623 588 143 268 244 107 10 0 0 0 0
101 107 102 104 104 112 422 392 123 191 180 15000 11 0 0 0 0
Chip#1
103 105 105 105 110 108 165 116 111 130 134 130 0 0 128 86 66
104 108 100 105 111 125 352 287 113 471 360 120 1 0 0 0 0
101 104 100 105 103 119 329 274 161 465 348 110 2 0 0 0 0
95 97 95 101 99 102 176 141 101 149 128 100 3 0 0 0 0
98 103 98 103 104 139 589 479 129 347 306 107 4 0 0 0 0
100 104 103 103 110 120 398 337 121 293 257 108 5 0 0 0 0
101 103 102 105 111 111 191 172 110 165 150 105 6 0 0 0 0
96 103 95 106 108 145 762 701 162 697 612 115 7 0 0 0 0
100 104 103 108 107 117 533 486 134 505 440 111 8 0 0 0 0
95 103 97 100 103 102 186 176 108 140 124 105 9 0 0 0 0
101 104 100 108 113 139 623 588 143 270 240 113 10 0 0 0 0
103 108 104 111 112 126 426 392 120 192 183 15000 11 0 0 0 0
Chip#1
108 108 104 105 107 107 165 116 104 130 131 124 0 0 64 87 66
105 107 107 109 110 126 356 288 141 472 364 121 1 0 0 0 0
111 115 108 112 114 129 338 280 165 473 355 116 2 0 0 0 0
104 109 110 104 111 110 186 160 105 153 133 108 3 0 0 0 0
108 110 105 111 112 147 593 485 135 353 316 111 4 0 0 0 0
105 111 103 110 113 125 403 338 121 299 262 109 5 0 0 0 0
108 108 109 109 113 114 191 173 109 166 157 109 6 0 0 0 0
106 109 102 111 113 145 763 704 165 700 616 115 7 0 0 0 0
106 110 108 113 116 127 540 490 138 510 445 114 8 0 0 0 0
106 108 108 110 111 112 195 185 110 147 134 113 9 0 0 0 0
110 111 104 112 110 146 620 585 144 270 240 116 10 0 0 0 0
104 105 100 110 112 120 422 390 119 193 178 15000 11 0 0 0 0
Chip#1
109 113 105 108 108 110 165 119 106 128 130 126 0 0 0 88 66
101 102 100 101 106 118 349 285 141 473 358 115 1 0 0 0 0
109 109 104 108 107 123 331 282 162 469 350 113 2 0 0 0 0
105 108 103 105 111 106 182 161 109 160 134 105 3 0 0 0 0
104 105 99 105 104 146 589 480 132 352 305 107 4 0 0 0 0
108 108 103 109 117 127 397 340 125 297 257 108 5 0 0 0 0
109 114 109 112 114 115 192 181 115 173 157 110 6 0 0 0 0
106 109 99 108 114 149 762 701 166 700 610 117 7 0 0 0 0
101 100 100 104 108 117 532 483 131 505 437 108 8 0 0 0 0
109 110 108 110 108 115 197 187 110 150 134 110 9 0 0 0 0
109 110 108 109 113 143 620 588 147 271 245 116 10 0 0 0 0
105 109 107 104 107 120 425 389 115 196 183 15000 11 0 0 0 0
Chip#1
104 103 102 106 106 104 163 112 106 127 126 124 0 0 192 88 66
94 101 96 101 106 116 345 283 141 467 353 111 1 0 0 0 0
105 105 102 106 110 119 329 277 165 467 349 110 2 0 0 0 0
105 109 96 111 110 108 180 160 110 153 135 109 3 0 0 0 0
106 113 107 108 117 154 590 487 143 356 314 116 4 0 0 0 0
105 108 105 105 114 123 398 338 129 297 256 110 5 0 0 0 0
103 104 103 109 116 114 189 170 113 168 151 108 6 0 0 0 0
110 108 109 116 121 154 764 709 170 707 622 122 7 0 0 0 0
101 105 96 111 113 122 532 484 135 505 437 109 8 0 0 0 0
108 107 107 108 108 107 191 181 110 146 129 108 9 0 0 0 0
98 99 97 100 104 126 609 576 138 262 230 105 10 0 0 0 0
110 109 107 111 112 122 420 390 118 192 181 15000 11 0 0 0 0
Chip#1
99 99 100 101 103 106 163 111 109 124 128 119 0 0 128 89 66
105 108 102 103 106 123 350 289 110 472 360 116 1 0 0 0 0
103 102 103 105 102 120 324 276 161 465 345 110 2 0 0 0 0
110 107 104 110 111 111 187 163 111 161 136 111 3 0 0 0 0
106 109 96 113 110 147 587 485 138 351 309 109 4 0 0 0 0
106 103 102 105 108 122 393 336 123 295 254 107 5 0 0 0 0
109 108 108 109 113 116 192 179 116 172 156 111 6 0 0 0 0
111 108 105 114 118 153 764 705 173 706 617 120 7 0 0 0 0
106 105 103 110 113 126 534 485 137 506 438 110 8 0 0 0 0
101 105 100 105 104 106 192 186 108 142 131 105 9 0 0 0 0
104 105 105 106 109 138 620 583 145 268 239 108 10 0 0 0 0
110 114 108 110 112 126 426 394 125 197 183 15000 11 0 0 0 0
Chip#1
101 94 94 101 102 100 113 105 98 122 123 114 0 0 64 90 66
100 105 96 105 103 123 349 284 141 472 360 120 1 0 0 0 0
100 100 98 99 101 117 319 273 157 458 342 107 2 0 0 0 0
106 107 103 105 108 107 186 161 109 159 135 105 3 0 0 0 0
109 111 104 111 111 154 590 484 142 350 310 114 4 0 0 0 0
103 104 98 103 108 122 392 333 121 292 249 100 5 0 0 0 0
101 103 102 106 109 107 191 173 111 164 149 105 6 0 0 0 0
103 102 99 110 109 146 756 697 167 694 611 114 7 0 0 0 0
96 96 97 101 102 116 526 476 124 494 433 102 8 0 0 0 0
101 106 105 108 109 108 194 182 106 147 130 108 9 0 0 0 0
105 109 105 108 111 138 617 582 144 265 242 109 10 0 0 0 0
106 105 100 106 111 120 421 390 119 196 177 15000 11 0 0 0 0
Chip#1
103 104 104 108 107 103 116 119 106 129 131 120 0 0 64 91 66
104 110 103 106 109 125 350 285 155 472 359 119 1 0 0 0 0
99 108 103 104 107 123 324 274 162 466 348 109 2 0 0 0 0
106 107 104 108 108 106 185 160 110 158 134 104 3 0 0 0 0
103 107 102 108 108 146 584 479 133 345 305 107 4 0 0 0 0
109 113 108 113 118 134 399 341 134 301 259 110 5 0 0 0 0
105 108 105 110 113 116 192 175 114 167 152 108 6 0 0 0 0
99 104 99 108 113 141 755 695 164 692 606 113 7 0 0 0 0
99 99 102 106 103 118 522 477 132 499 432 102 8 0 0 0 0
98 101 95 101 103 98 185 175 104 137 124 98 9 0 0 0 0
108 111 103 111 112 139 617 583 149 268 239 113 10 0 0 0 0
106 107 105 109 110 122 421 389 123 192 180 15000 11 0 0 0 0
Chip#1
103 98 103 105 109 104 164 114 105 126 131 117 0 0 0 92 66
95 98 99 103 101 115 344 277 141 467 352 114 1 0 0 0 0
108 109 107 108 110 127 330 283 162 468 349 113 2 0 0 0 0
100 98 100 105 103 103 177 155 106 155 130 104 3 0 0 0 0
105 105 96 105 112 143 583 479 137 345 307 108 4 0 0 0 0
103 107 102 105 109 123 390 333 124 293 254 108 5 0 0 0 0
104 104 100 103 109 107 188 172 113 164 151 104 6 0 0 0 0
95 101 93 104 103 138 749 689 158 687 604 110 7 0 0 0 0
109 109 105 110 111 127 534 481 138 505 443 115 8 0 0 0 0
104 110 105 108 108 104 192 180 108 161 133 104 9 0 0 0 0
106 105 105 100 107 135 613 576 142 262 234 108 10 0 0 0 0
105 105 100 106 107 116 422 385 116 188 178 15000 11 0 0 0 0
Chip#1
100 105 96 99 103 103 117 112 105 127 128 124 0 0 0 93 66
105 103 100 105 103 126 348 282 150 466 360 113 1 0 0 0 0
95 103 96 100 103 115 318 269 141 453 342 107 2 0 0 0 0
109 111 108 112 113 112 189 160 115 153 135 114 3 0 0 0 0
103 108 102 104 111 146 580 477 133 345 306 110 4 0 0 0 0
103 102 99 103 107 122 392 328 123 289 247 105 5 0 0 0 0
99 104 96 99 107 108 185 161 108 153 148 105 6 0 0 0 0
101 107 103 109 116 146 756 695 162 692 609 115 7 0 0 0 0
104 109 105 111 107 123 529 483 140 502 434 111 8 0 0 0 0
104 105 105 106 106 104 194 181 109 145 131 110 9 0 0 0 0
103 105 102 111 112 135 615 580 143 264 235 110 10 0 0 0 0
101 104 102 106 107 118 417 384 118 188 177 15000 11 0 0 0 0
Chip#1
101 105 103 108 103 103 160 114 106 123 131 120 0 0 0 94 66
109 110 105 109 113 125 351 288 157 471 360 124 1 0 0 0 0
104 109 102 105 106 120 327 275 159 464 347 111 2 0 0 0 0
100 104 103 104 107 110 182 159 108 153 131 105 3 0 0 0 0
110 110 108 108 110 153 586 480 142 347 311 113 4 0 0 0 0
103 108 99 105 111 119 393 330 126 292 252 108 5 0 0 0 0
103 105 107 108 110 108 188 167 110 166 150 109 6 0 0 0 0
113 116 110 117 120 154 760 703 173 701 616 124 7 0 0 0 0
96 103 99 104 104 115 526 472 133 497 432 105 8 0 0 0 0
95 103 100 103 106 103 187 173 104 140 129 105 9 0 0 0 0
99 105 102 104 107 134 611 575 143 260 235 108 10 0 0 0 0
101 104 97 105 106 119 416 385 119 191 172 15000 11 0 0 0 0
Chip#1
106 108 108 108 112 107 159 117 110 130 134 121 0 0 192 94 66
95 102 97 99 102 115 342 277 149 464 354 109 1 0 0 0 0
101 114 103 109 111 123 324 274 165 464 352 111 2 0 0 0 0
108 114 110 110 113 110 187 161 115 159 141 110 3 0 0 0 0
104 111 105 110 112 151 583 478 139 346 311 113 4 0 0 0 0
106 108 107 105 111 123 406 330 128 291 253 114 5 0 0 0 0
101 107 103 109 108 110 183 170 109 163 152 109 6 0 0 0 0
106 110 105 111 114 149 758 699 167 693 610 117 7 0 0 0 0
105 110 105 111 113 126 532 485 138 501 439 111 8 0 0 0 0
108 110 107 108 112 114 192 182 114 145 135 109 9 0 0 0 0
108 110 104 110 108 142 615 581 145 265 239 111 10 0 0 0 0
101 105 102 103 106 118 420 384 118 185 178 15000 11 0 0 0 0
Chip#1
98 102 97 103 103 102 157 113 104 126 125 117 0 0 128 95 66
108 109 104 109 113 122 349 284 153 469 359 117 1 0 0 0 0
106 109 104 112 109 126 327 273 163 465 348 113 2 0 0 0 0
98 100 99 103 103 100 179 151 103 200 130 100 3 0 0 0 0
104 105 103 104 110 149 576 471 132 344 300 108 4 0 0 0 0
101 102 102 105 111 115 390 328 121 286 248 102 5 0 0 0 0
101 100 102 104 107 108 186 169 106 165 145 103 6 0 0 0 0
101 107 96 110 112 146 752 694 141 689 606 114 7 0 0 0 0
108 108 103 111 111 126 528 479 135 501 435 110 8 0 0 0 0
100 98 96 103 106 102 189 176 106 139 128 103 9 0 0 0 0
98 99 97 99 101 133 605 572 139 261 228 102 10 0 0 0 0
105 107 98 106 107 116 420 383 116 189 175 15000 11 0 0 0 0
Chip#1
98 101 96 97 102 99 115 108 99 121 119 119 0 0 64 96 66
108 109 104 105 109 123 348 284 153 468 353 121 1 0 0 0 0
101 103 96 103 102 116 321 272 141 459 340 110 2 0 0 0 0
104 110 107 106 110 108 183 160 109 159 133 110 3 0 0 0 0
103 105 96 105 108 139 573 470 130 343 304 113 4 0 0 0 0
100 105 98 103 108 114 390 325 120 288 248 104 5 0 0 0 0
105 107 96 111 112 108 187 173 114 153 151 113 6 0 0 0 0
104 107 103 108 116 143 749 689 165 691 601 120 7 0 0 0 0
100 104 100 108 108 115 524 476 132 497 432 108 8 0 0 0 0
105 104 103 110 112 107 191 181 109 144 134 108 9 0 0 0 0
104 105 103 109 108 135 610 579 145 265 231 114 10 0 0 0 0
103 105 107 103 106 118 417 382 114 189 174 15000 11 0 0 0 0
Chip#1
99 103 96 103 104 103 116 108 103 129 128 117 0 0 0 97 66
100 102 99 103 99 119 342 277 150 463 353 119 1 0 0 0 0
106 108 98 106 108 119 325 272 160 461 345 111 2 0 0 0 0
108 105 107 110 111 110 183 161 110 159 134 109 3 0 0 0 0
99 108 98 101 102 143 574 471 130 338 297 108 4 0 0 0 0
95 98 97 101 107 114 390 324 111 285 242 98 5 0 0 0 0
103 105 104 112 108 108 188 170 108 166 149 107 6 0 0 0 0
104 105 104 114 112 151 753 692 166 692 605 121 7 0 0 0 0
99 100 100 103 106 118 525 471 133 497 427 107 8 0 0 0 0
100 104 103 106 107 103 189 178 108 142 133 105 9 0 0 0 0
103 110 105 109 111 142 613 579 150 265 232 113 10 0 0 0 0
104 107 102 108 108 116 421 385 123 189 176 15000 11 0 0 0 0
Chip#1
106 108 108 109 106 108 153 118 110 133 133 124 0 0 128 97 66
99 102 99 99 103 118 339 275 148 461 348 111 1 0 0 0 0
99 107 96 106 108 127 324 275 148 459 342 113 2 0 0 0 0
96 103 99 101 103 100 177 155 104 150 125 100 3 0 0 0 0
105 105 103 108 111 146 577 469 135 339 302 110 4 0 0 0 0
100 107 104 105 108 123 390 329 127 287 250 103 5 0 0 0 0
104 108 107 109 113 108 189 174 111 165 153 108 6 0 0 0 0
100 109 103 113 115 150 750 690 166 684 600 116 7 0 0 0 0
108 113 109 114 116 127 531 481 139 499 442 111 8 0 0 0 0
98 104 98 105 106 106 187 175 104 140 129 104 9 0 0 0 0
100 105 103 106 104 139 609 575 147 260 235 109 10 0 0 0 0
96 103 100 99 107 112 411 383 114 185 176 15000 11 0 0 0 0
Chip#1
103 105 104 101 102 100 154 110 103 124 128 119 0 0 128 98 66
110 111 105 106 110 130 346 283 141 472 365 124 1 0 0 0 0
100 108 102 101 111 125 315 272 158 459 342 114 2 0 0 0 0
105 109 105 110 113 110 181 161 110 158 135 109 3 0 0 0 0
104 109 107 105 111 146 577 473 139 342 302 111 4 0 0 0 0
98 107 96 104 108 120 382 322 118 285 247 103 5 0 0 0 0
101 107 107 105 113 110 187 169 113 166 152 110 6 0 0 0 0
104 107 103 109 118 145 750 693 167 688 605 117 7 0 0 0 0
101 105 99 103 106 118 520 473 135 495 432 109 8 0 0 0 0
104 109 96 106 107 107 189 179 113 145 134 107 9 0 0 0 0
96 103 99 101 107 133 606 576 139 257 231 109 10 0 0 0 0
98 102 105 105 102 118 415 383 119 184 176 15000 11 0 0 0 0
Chip#1
98 101 98 101 102 100 109 112 103 125 122 116 0 0 0 99 66
98 102 95 97 99 116 337 280 141 459 352 114 1 0 0 0 0
98 99 100 101 103 112 315 270 157 451 338 104 2 0 0 0 0
101 101 96 104 104 99 175 136 105 147 125 105 3 0 0 0 0
109 113 96 110 115 147 576 470 138 346 304 117 4 0 0 0 0
104 106 103 110 108 123 390 333 123 291 250 108 5 0 0 0 0
104 102 103 104 107 107 181 169 109 160 145 108 6 0 0 0 0
108 113 108 113 120 147 746 692 172 689 610 122 7 0 0 0 0
101 103 100 108 103 123 527 473 138 498 428 110 8 0 0 0 0
114 113 113 116 113 115 197 186 113 161 137 114 9 0 0 0 0
103 107 107 109 108 138 606 580 147 259 233 111 10 0 0 0 0
108 109 109 111 110 123 420 388 118 191 180 15000 11 0 0 0 0
Chip#1
99 103 96 105 104 102 116 111 101 125 126 119 0 0 192 99 66
100 105 97 103 104 117 336 278 151 461 349 115 1 0 0 0 0
110 110 103 109 111 122 323 276 160 463 343 115 2 0 0 0 0
101 102 99 104 104 106 177 155 104 152 129 108 3 0 0 0 0
108 108 98 106 112 143 571 472 132 342 298 113 4 0 0 0 0
106 111 108 108 114 123 391 330 125 289 248 111 5 0 0 0 0
100 100 99 106 104 104 181 168 106 161 145 107 6 0 0 0 0
98 105 96 110 113 142 745 687 162 683 599 119 7 0 0 0 0
104 105 102 106 111 123 522 473 134 498 428 111 8 0 0 0 0
100 105 103 110 108 110 192 183 108 143 130 107 9 0 0 0 0
103 110 102 109 106 137 606 573 138 259 233 113 10 0 0 0 0
105 111 107 108 111 125 419 385 122 191 178 15000 11 0 0 0 0
Chip#1
98 100 104 103 103 99 116 110 104 124 126 117 0 0 64 100 66
104 105 107 111 110 122 339 281 141 468 357 124 1 0 0 0 0
98 105 96 104 107 119 320 270 141 458 338 109 2 0 0 0 0
101 110 104 106 111 103 181 151 111 153 136 108 3 0 0 0 0
113 119 113 116 120 153 578 474 144 347 309 117 4 0 0 0 0
104 105 103 108 111 123 390 326 123 289 250 107 5 0 0 0 0
100 109 103 109 108 107 186 168 111 165 150 108 6 0 0 0 0
104 107 103 108 113 145 744 686 164 685 600 116 7 0 0 0 0
99 104 102 108 107 120 524 474 133 491 430 109 8 0 0 0 0
96 103 99 103 104 103 185 176 103 138 128 104 9 0 0 0 0
108 114 108 110 112 143 609 578 150 260 235 115 10 0 0 0 0
101 108 102 106 108 115 416 382 115 187 176 15000 11 0 0 0 0
Chip#1
105 110 105 110 107 108 159 116 109 127 131 122 0 0 192 100 66
106 109 102 105 106 120 342 277 110 466 350 119 1 0 0 0 0
104 105 99 106 103 121 317 269 157 459 340 110 2 0 0 0 0
101 104 100 106 103 104 176 155 104 150 131 104 3 0 0 0 0
101 105 99 106 107 145 569 464 129 335 297 107 4 0 0 0 0
100 108 102 106 108 121 390 328 124 285 250 109 5 0 0 0 0
99 102 104 105 106 108 186 167 109 164 147 105 6 0 0 0 0
105 110 103 112 117 146 746 689 165 685 602 117 7 0 0 0 0
103 103 96 108 106 122 519 470 130 490 428 105 8 0 0 0 0
94 102 100 104 106 106 183 176 105 138 124 100 9 0 0 0 0
101 107 98 105 109 131 605 569 140 256 226 104 10 0 0 0 0
98 102 98 101 102 111 410 372 111 182 170 15000 11 0 0 0 0
Chip#1
98 103 102 104 107 100 153 110 103 123 128 121 0 0 128 101 66
101 108 99 110 110 123 339 276 141 465 354 119 1 0 0 0 0
99 104 104 106 108 119 320 264 155 458 343 109 2 0 0 0 0
105 107 104 110 110 107 180 156 105 156 135 102 3 0 0 0 0
103 109 105 110 114 146 572 463 137 342 298 109 4 0 0 0 0
108 113 104 110 117 122 390 327 125 291 249 113 5 0 0 0 0
100 105 103 105 111 107 185 165 109 160 151 103 6 0 0 0 0
95 104 96 104 107 137 742 678 110 665 592 109 7 0 0 0 0
94 103 99 105 106 119 519 470 134 493 427 108 8 0 0 0 0
98 99 98 100 107 99 183 173 104 137 124 102 9 0 0 0 0
103 107 103 108 111 138 606 568 143 255 229 113 10 0 0 0 0
100 101 97 101 104 107 413 377 114 182 170 15000 11 0 0 0 0
Chip#1
104 109 103 106 107 107 162 118 108 128 131 120 0 0 64 102 66
104 110 104 105 104 126 339 278 109 465 352 121 1 0 0 0 0
103 104 102 106 106 116 316 268 159 455 340 109 2 0 0 0 0
101 105 98 104 104 103 177 153 103 147 128 103 3 0 0 0 0
103 107 103 106 108 145 570 463 133 335 293 110 4 0 0 0 0
96 100 97 99 103 114 380 317 113 277 243 96 5 0 0 0 0
101 108 107 109 112 116 189 172 114 163 154 109 6 0 0 0 0
106 106 107 112 129 146 745 686 163 681 601 115 7 0 0 0 0
100 105 105 104 108 122 521 470 132 490 427 109 8 0 0 0 0
98 103 100 103 102 96 182 178 103 138 125 104 9 0 0 0 0
103 105 104 106 104 137 605 571 142 257 225 109 10 0 0 0 0
105 105 104 105 109 114 415 379 113 188 177 15000 11 0 0 0 0
Chip#1
106 110 108 111 111 108 158 118 109 129 131 127 0 0 64 103 66
100 104 102 105 101 116 336 274 149 458 353 115 1 0 0 0 0
101 103 100 104 101 115 317 266 158 456 342 110 2 0 0 0 0
95 103 96 99 97 102 173 142 100 145 123 100 3 0 0 0 0
105 108 98 111 108 143 564 459 134 335 296 108 4 0 0 0 0
100 107 100 103 111 120 390 321 122 285 247 107 5 0 0 0 0
101 104 103 106 109 108 185 169 108 159 149 109 6 0 0 0 0
108 110 103 112 114 146 744 682 166 681 599 119 7 0 0 0 0
99 108 102 109 104 122 519 472 129 491 428 108 8 0 0 0 0
103 109 100 106 104 104 188 178 109 141 129 107 9 0 0 0 0
96 102 97 103 99 129 598 564 135 253 219 104 10 0 0 0 0
98 104 96 103 103 112 410 378 114 180 165 15000 11 0 0 0 0
Chip#1
98 102 102 101 99 102 153 106 103 122 126 117 0 0 192 103 66
100 105 102 101 104 120 338 276 148 461 352 117 1 0 0 0 0
100 105 99 106 107 119 318 264 157 453 339 109 2 0 0 0 0
103 103 105 103 106 103 175 155 106 157 131 107 3 0 0 0 0
105 107 102 105 106 143 561 460 130 335 295 109 4 0 0 0 0
106 110 104 108 111 123 382 323 123 286 248 110 5 0 0 0 0
99 100 99 101 102 104 180 163 101 158 141 99 6 0 0 0 0
104 109 98 110 112 143 742 681 165 685 590 115 7 0 0 0 0
108 113 107 113 116 130 529 478 139 497 432 114 8 0 0 0 0
96 107 96 105 106 103 186 179 105 138 124 105 9 0 0 0 0
105 108 104 106 112 134 605 573 138 257 229 109 10 0 0 0 0
100 103 97 108 102 112 411 379 113 182 170 15000 11 0 0 0 0
Chip#1
98 102 104 103 104 102 158 111 103 121 124 120 0 0 192 104 66
103 108 102 106 106 119 339 275 141 460 348 120 1 0 0 0 0
100 108 96 106 111 122 318 268 141 456 339 110 2 0 0 0 0
104 107 102 101 108 103 179 155 105 155 126 102 3 0 0 0 0
104 107 102 110 113 146 566 462 134 333 295 113 4 0 0 0 0
101 103 102 106 108 121 390 323 119 283 242 104 5 0 0 0 0
106 108 104 108 113 107 189 170 110 166 153 109 6 0 0 0 0
101 113 105 111 113 149 742 685 162 665 595 121 7 0 0 0 0
106 108 104 116 115 125 525 474 135 497 428 113 8 0 0 0 0
105 111 110 111 113 110 193 182 111 146 131 110 9 0 0 0 0
100 104 103 108 104 139 602 569 140 256 224 113 10 0 0 0 0
100 109 96 108 107 112 415 378 116 183 172 15000 11 0 0 0 0
Chip#1
98 99 94 103 103 103 120 111 100 120 126 114 0 0 64 105 66
104 110 107 109 112 126 343 280 155 466 354 120 1 0 0 0 0
96 100 99 101 103 119 314 262 153 449 334 107 2 0 0 0 0
91 98 98 97 102 100 174 149 99 139 124 103 3 0 0 0 0
109 114 107 112 117 151 567 467 137 338 301 120 4 0 0 0 0
105 113 105 114 117 123 390 328 124 284 249 110 5 0 0 0 0
104 109 107 108 117 112 191 174 110 167 148 110 6 0 0 0 0
106 108 107 110 114 149 744 684 166 694 596 120 7 0 0 0 0
101 108 105 108 110 118 522 472 135 489 427 113 8 0 0 0 0
98 104 100 103 106 103 187 175 104 135 128 105 9 0 0 0 0
104 110 102 110 118 142 606 572 144 259 228 109 10 0 0 0 0
106 109 103 105 107 119 415 382 115 185 170 15000 11 0 0 0 0
Chip#1
104 105 99 103 107 102 156 113 104 126 128 119 0 0 192 105 66
98 99 97 100 101 114 329 270 143 455 339 109 1 0 0 0 0
109 114 107 111 112 126 319 272 161 460 342 114 2 0 0 0 0
100 107 96 104 103 106 177 136 109 153 131 105 3 0 0 0 0
104 108 103 106 112 142 561 458 133 330 291 111 4 0 0 0 0
104 108 102 106 112 123 390 325 121 282 243 105 5 0 0 0 0
105 104 103 106 111 111 185 172 110 165 148 104 6 0 0 0 0
108 108 103 112 116 146 739 681 164 692 592 117 7 0 0 0 0
98 104 97 104 107 116 515 466 129 483 419 102 8 0 0 0 0
104 105 100 108 107 107 189 183 108 141 128 104 9 0 0 0 0
100 107 100 103 104 137 602 568 138 253 224 108 10 0 0 0 0
105 111 96 108 108 123 416 384 119 189 174 15000 11 0 0 0 0
Chip#1
98 105 104 104 107 108 159 112 105 129 133 122 0 0 128 106 66
108 108 109 112 110 122 339 281 155 465 357 124 1 0 0 0 0
98 102 96 99 98 111 307 256 141 450 332 102 2 0 0 0 0
103 115 109 110 113 113 182 161 113 161 134 108 3 0 0 0 0
98 103 98 103 103 139 556 450 129 326 286 105 4 0 0 0 0
99 104 103 106 107 122 390 317 115 279 243 105 5 0 0 0 0
106 109 107 109 113 114 191 172 109 167 154 109 6 0 0 0 0
93 103 99 103 107 138 732 676 157 694 582 111 7 0 0 0 0
99 104 99 105 106 119 518 467 129 488 423 107 8 0 0 0 0
94 102 98 100 103 100 182 170 101 134 118 100 9 0 0 0 0
100 107 102 104 104 133 602 567 139 252 221 110 10 0 0 0 0
106 111 107 110 113 122 416 385 123 188 176 15000 11 0 0 0 0
Chip#1
91 96 93 96 96 91 111 104 96 117 118 110 0 0 128 107 66
101 105 102 105 108 125 337 276 141 458 349 120 1 0 0 0 0
104 110 104 109 113 125 314 268 141 456 342 114 2 0 0 0 0
91 96 94 101 97 103 170 139 101 145 124 99 3 0 0 0 0
104 107 102 105 112 145 560 459 135 332 292 113 4 0 0 0 0
101 105 97 105 106 121 379 318 115 279 238 107 5 0 0 0 0
99 102 96 99 107 104 177 160 101 153 143 102 6 0 0 0 0
104 105 99 110 112 143 739 678 162 665 590 116 7 0 0 0 0
98 104 102 106 113 118 518 467 130 486 423 108 8 0 0 0 0
111 111 109 112 116 116 193 185 115 146 133 113 9 0 0 0 0
105 109 105 109 113 139 604 571 142 256 226 115 10 0 0 0 0
96 105 96 100 106 116 408 377 111 179 170 15000 11 0 0 0 0
Chip#1
98 103 96 103 103 108 118 110 101 126 127 116 0 0 64 108 66
96 103 95 103 103 120 333 272 145 457 349 115 1 0 0 0 0
106 108 105 108 109 126 315 265 158 456 338 114 2 0 0 0 0
105 108 107 110 111 110 180 157 110 153 131 109 3 0 0 0 0
101 105 97 104 109 142 556 456 129 327 286 109 4 0 0 0 0
98 103 98 104 108 120 376 317 118 280 238 105 5 0 0 0 0
103 108 102 105 110 108 185 166 106 163 147 107 6 0 0 0 0
99 104 97 103 106 138 731 670 159 657 582 109 7 0 0 0 0
105 107 107 111 112 122 520 466 130 489 424 108 8 0 0 0 0
106 109 109 109 111 111 192 181 113 149 131 109 9 0 0 0 0
104 109 104 104 114 143 600 567 144 255 225 109 10 0 0 0 0
100 107 102 105 104 114 411 375 110 182 168 15000 11 0 0 0 0
Chip#1
103 105 103 106 104 103 154 113 105 124 125 121 0 0 64 109 66
108 105 108 109 108 123 339 278 141 460 350 122 1 0 0 0 0
100 103 100 106 104 121 309 263 157 450 335 107 2 0 0 0 0
103 102 102 106 109 104 179 155 104 156 131 105 3 0 0 0 0
110 110 104 110 111 141 559 460 130 332 293 113 4 0 0 0 0
101 103 102 106 106 116 379 322 119 280 243 105 5 0 0 0 0
104 108 109 111 116 114 185 173 111 166 156 108 6 0 0 0 0
109 109 107 116 118 150 742 681 169 693 594 120 7 0 0 0 0
96 99 99 106 106 115 514 465 128 482 419 103 8 0 0 0 0
108 107 103 109 110 110 186 180 106 142 133 110 9 0 0 0 0
104 110 109 109 112 138 605 572 143 255 226 111 10 0 0 0 0
106 108 105 112 112 119 411 378 118 184 174 15000 11 0 0 0 0
Chip#1
103 102 100 101 109 103 157 108 104 124 125 119 0 0 0 110 66
101 108 99 101 107 122 333 274 141 455 348 117 1 0 0 0 0
99 105 103 101 108 116 312 263 155 450 335 108 2 0 0 0 0
101 110 104 104 106 107 176 155 108 154 130 108 3 0 0 0 0
105 107 104 106 113 143 552 452 130 329 290 107 4 0 0 0 0
106 110 108 111 118 130 382 325 125 285 250 114 5 0 0 0 0
98 105 103 106 109 106 183 167 109 163 147 102 6 0 0 0 0
103 109 103 111 118 145 736 676 162 663 586 116 7 0 0 0 0
109 113 108 113 117 127 524 474 139 488 428 114 8 0 0 0 0
100 104 104 104 107 104 185 174 104 139 124 102 9 0 0 0 0
99 105 103 108 107 133 599 565 138 249 220 109 10 0 0 0 0
103 104 102 105 109 112 409 379 113 181 169 15000 11 0 0 0 0
Chip#1
101 107 105 104 107 106 152 114 108 124 126 124 0 0 128 110 66
106 107 103 105 108 125 337 276 109 458 349 122 1 0 0 0 0
109 113 105 108 111 125 314 269 164 453 339 113 2 0 0 0 0
104 107 105 108 108 108 177 155 109 151 130 108 3 0 0 0 0
110 114 107 109 112 147 561 459 135 333 293 113 4 0 0 0 0
100 104 99 106 108 119 371 314 118 273 235 103 5 0 0 0 0
96 99 97 100 102 103 177 160 103 156 140 98 6 0 0 0 0
105 107 102 109 113 143 737 674 164 663 584 113 7 0 0 0 0
98 98 98 101 108 118 511 464 130 481 412 105 8 0 0 0 0
95 103 97 99 102 99 185 176 104 134 120 105 9 0 0 0 0
100 104 96 104 103 138 599 566 138 249 224 109 10 0 0 0 0
109 111 104 108 113 121 415 379 118 188 175 15000 11 0 0 0 0
Chip#1
96 99 96 104 107 99 115 110 101 123 128 120 0 0 128 111 66
101 103 99 101 106 116 331 270 141 456 345 119 1 0 0 0 0
110 113 108 112 117 125 317 269 165 457 344 116 2 0 0 0 0
100 99 98 104 104 99 173 153 103 192 123 104 3 0 0 0 0
103 104 100 100 103 137 553 449 130 324 285 109 4 0 0 0 0
105 109 102 105 112 122 377 318 125 281 244 109 5 0 0 0 0
105 105 100 101 107 106 185 167 108 160 146 108 6 0 0 0 0
106 109 105 112 121 142 739 680 165 687 587 117 7 0 0 0 0
103 107 99 108 109 125 522 471 133 483 420 111 8 0 0 0 0
104 108 96 104 112 107 191 178 110 141 130 111 9 0 0 0 0
105 107 103 103 107 134 600 566 137 253 224 111 10 0 0 0 0
105 105 102 108 111 115 411 383 122 184 174 15000 11 0 0 0 0
Chip#1
104 105 98 103 106 100 152 112 101 126 125 120 0 0 64 112 66
103 109 103 106 111 120 339 275 141 457 348 124 1 0 0 0 0
101 108 102 105 113 118 312 262 158 451 338 110 2 0 0 0 0
100 103 102 104 104 106 173 153 105 146 129 104 3 0 0 0 0
106 110 100 108 111 141 553 452 133 326 286 109 4 0 0 0 0
105 110 104 108 116 123 390 316 128 280 240 109 5 0 0 0 0
100 104 100 105 107 108 188 165 108 161 148 110 6 0 0 0 0
105 113 107 113 118 145 739 675 165 689 586 120 7 0 0 0 0
109 109 103 108 112 122 519 465 135 483 425 114 8 0 0 0 0
99 101 93 101 105 103 185 173 104 139 123 104 9 0 0 0 0
101 110 104 105 111 138 602 566 144 253 223 113 10 0 0 0 0
104 105 102 110 108 115 417 378 114 183 175 15000 11 0 0 0 0
Chip#1
105 108 105 103 108 104 160 112 106 128 128 121 0 0 0 113 66
106 108 105 106 107 129 332 273 141 459 352 124 1 0 0 0 0
105 110 107 109 111 123 313 264 160 452 340 115 2 0 0 0 0
100 103 99 103 103 102 173 150 106 149 128 104 3 0 0 0 0
108 110 96 111 110 146 552 452 134 326 288 115 4 0 0 0 0
109 115 109 110 116 129 390 323 128 286 247 114 5 0 0 0 0
100 105 105 106 110 110 183 168 110 161 147 107 6 0 0 0 0
106 107 103 112 116 143 736 677 165 660 580 119 7 0 0 0 0
101 98 97 101 107 114 511 463 129 481 414 104 8 0 0 0 0
104 104 100 103 107 110 191 176 110 135 130 107 9 0 0 0 0
109 109 109 113 116 143 606 569 149 256 230 119 10 0 0 0 0
104 104 97 109 110 117 414 377 113 183 170 15000 11 0 0 0 0
Chip#1
103 103 103 101 103 104 116 108 108 126 124 115 0 0 0 114 66
108 109 104 109 110 120 333 276 149 456 345 120 1 0 0 0 0
109 108 107 109 111 125 314 264 162 452 340 111 2 0 0 0 0
103 103 102 108 103 102 176 151 108 155 128 105 3 0 0 0 0
106 105 102 106 112 143 551 450 132 324 283 109 4 0 0 0 0
106 103 103 105 107 116 374 317 119 275 237 104 5 0 0 0 0
109 107 104 104 111 107 181 168 111 160 146 107 6 0 0 0 0
103 103 98 106 112 143 729 670 159 657 575 111 7 0 0 0 0
98 99 98 99 104 110 509 459 126 474 413 103 8 0 0 0 0
106 107 105 108 112 108 189 179 109 141 128 110 9 0 0 0 0
101 105 104 104 108 138 599 565 139 249 219 107 10 0 0 0 0
104 105 103 104 106 116 408 377 115 182 170 15000 11 0 0 0 0
Chip#1
100 99 102 101 98 99 114 110 101 122 125 119 0 0 0 115 66
104 107 104 108 108 125 333 274 149 458 349 121 1 0 0 0 0
104 109 100 105 110 119 310 262 155 448 338 111 2 0 0 0 0
100 104 97 104 106 104 173 151 106 183 125 107 3 0 0 0 0
110 110 105 108 111 145 548 449 133 324 287 113 4 0 0 0 0
110 111 108 113 115 127 390 320 128 280 247 109 5 0 0 0 0
101 109 102 106 108 108 183 172 108 161 151 107 6 0 0 0 0
101 103 97 105 112 143 730 673 161 654 582 113 7 0 0 0 0
109 113 107 112 120 127 526 472 142 488 428 117 8 0 0 0 0
99 103 98 100 104 102 183 168 104 133 124 103 9 0 0 0 0
103 110 107 109 112 141 600 571 143 252 224 110 10 0 0 0 0
104 105 102 104 111 118 410 378 114 180 171 15000 11 0 0 0 0
Chip#1
90 96 97 94 99 95 106 101 96 115 119 110 0 0 0 116 66
103 108 105 108 111 123 330 271 150 456 348 119 1 0 0 0 0
103 107 96 104 103 114 307 261 154 444 337 108 2 0 0 0 0
105 109 105 108 106 110 177 153 108 157 134 107 3 0 0 0 0
103 105 100 105 109 137 541 442 130 319 285 105 4 0 0 0 0
103 109 105 108 112 123 372 318 122 277 240 109 5 0 0 0 0
103 108 109 110 113 118 185 175 113 164 150 108 6 0 0 0 0
101 108 104 110 115 145 730 673 162 652 585 116 7 0 0 0 0
99 105 100 105 111 123 516 465 130 478 415 110 8 0 0 0 0
105 107 103 106 112 112 188 178 111 139 128 109 9 0 0 0 0
105 109 105 106 113 142 600 568 140 251 221 115 10 0 0 0 0
106 114 109 111 116 125 417 384 124 185 175 15000 11 0 0 0 0
Chip#1
101 107 103 105 106 107 160 113 110 129 129 120 0 0 128 116 66
104 105 102 105 110 120 330 272 111 452 348 117 1 0 0 0 0
104 108 97 101 106 120 307 264 158 449 334 110 2 0 0 0 0
101 101 97 101 102 102 171 142 108 149 126 103 3 0 0 0 0
109 111 103 111 112 143 544 447 137 325 285 111 4 0 0 0 0
101 104 100 104 108 121 369 314 121 277 235 104 5 0 0 0 0
103 105 103 108 116 110 187 167 115 163 147 108 6 0 0 0 0
108 109 104 116 117 150 737 676 164 656 585 120 7 0 0 0 0
94 101 93 99 104 115 512 460 129 476 412 103 8 0 0 0 0
101 104 100 104 108 106 188 175 108 143 125 108 9 0 0 0 0
103 103 100 101 108 137 599 564 140 246 219 107 10 0 0 0 0
108 110 104 110 116 125 417 384 120 185 177 15000 11 0 0 0 0
Chip#1
101 103 100 104 106 100 117 111 103 127 125 119 0 0 128 117 66
99 104 100 104 106 118 327 265 145 452 345 114 1 0 0 0 0
101 105 103 106 110 118 312 261 159 448 334 108 2 0 0 0 0
99 102 100 104 107 103 175 136 106 147 128 103 3 0 0 0 0
108 109 104 109 113 145 546 443 130 322 287 111 4 0 0 0 0
104 109 96 108 111 119 373 310 122 272 238 105 5 0 0 0 0
100 104 105 103 110 107 185 162 104 161 146 107 6 0 0 0 0
105 107 100 110 116 147 732 674 161 654 579 120 7 0 0 0 0
95 97 96 101 103 112 510 458 124 473 410 103 8 0 0 0 0
96 102 100 103 107 102 185 172 99 135 124 102 9 0 0 0 0
104 108 108 109 113 138 599 565 142 246 221 110 10 0 0 0 0
108 107 102 106 112 118 413 377 118 180 172 15000 11 0 0 0 0
Chip#1
98 98 97 97 96 96 113 105 97 116 120 115 0 0 128 118 66
104 107 104 106 109 125 332 270 141 453 352 120 1 0 0 0 0
103 104 100 100 102 116 300 252 153 440 330 107 2 0 0 0 0
104 107 103 108 107 108 173 156 110 176 130 109 3 0 0 0 0
105 107 104 103 109 145 539 439 129 317 282 108 4 0 0 0 0
105 111 107 109 116 126 374 314 123 275 240 109 5 0 0 0 0
108 105 108 104 109 108 183 168 109 160 149 105 6 0 0 0 0
104 102 104 110 113 141 729 667 161 649 574 114 7 0 0 0 0
104 107 104 109 114 127 515 464 135 477 415 109 8 0 0 0 0
101 100 100 103 104 107 183 175 103 138 125 104 9 0 0 0 0
105 107 102 104 107 137 593 562 143 245 219 109 10 0 0 0 0
104 99 100 104 109 115 408 375 113 175 170 15000 11 0 0 0 0
Chip#1
109 105 108 110 111 106 151 117 110 127 131 125 0 0 128 119 66
105 108 104 111 110 122 330 269 155 456 349 121 1 0 0 0 0
106 108 103 109 106 118 306 259 158 449 335 111 2 0 0 0 0
98 98 97 97 102 99 170 136 101 144 123 103 3 0 0 0 0
106 110 103 109 109 139 540 446 130 318 281 109 4 0 0 0 0
103 102 104 106 110 119 369 310 121 270 233 104 5 0 0 0 0
100 102 103 103 110 102 183 168 109 160 146 105 6 0 0 0 0
101 103 98 108 112 135 727 667 161 647 569 113 7 0 0 0 0
95 105 97 104 102 115 506 457 124 469 412 105 8 0 0 0 0
95 99 95 103 101 98 182 169 101 134 122 99 9 0 0 0 0
105 107 107 106 112 135 595 562 142 249 223 111 10 0 0 0 0
96 102 98 104 106 114 405 374 114 180 166 15000 11 0 0 0 0
Chip#1
101 103 100 101 104 98 111 107 103 123 123 115 0 0 64 120 66
99 105 100 104 104 116 324 264 148 450 340 116 1 0 0 0 0
98 100 98 101 104 115 302 256 152 444 332 108 2 0 0 0 0
105 105 105 109 110 110 175 156 104 151 134 109 3 0 0 0 0
106 105 102 109 110 138 540 440 134 319 282 110 4 0 0 0 0
110 111 107 113 120 122 374 314 128 277 237 111 5 0 0 0 0
96 102 100 105 113 107 176 163 105 153 145 107 6 0 0 0 0
104 110 104 112 120 143 727 668 161 649 575 113 7 0 0 0 0
101 99 98 108 108 116 508 458 130 475 412 107 8 0 0 0 0
96 99 102 101 103 102 185 170 105 132 122 102 9 0 0 0 0
105 107 99 105 112 137 592 560 142 241 220 111 10 0 0 0 0
105 107 102 105 111 119 410 374 119 179 171 15000 11 0 0 0 0
Chip#1
99 104 98 101 102 103 110 110 105 122 124 117 0 0 64 121 66
100 107 96 103 106 120 326 266 141 451 343 117 1 0 0 0 0
105 107 104 104 109 118 301 257 155 446 333 108 2 0 0 0 0
100 103 98 100 106 104 169 136 100 149 122 98 3 0 0 0 0
111 115 107 116 118 151 543 440 138 318 285 111 4 0 0 0 0
100 108 99 104 113 119 368 310 120 268 230 105 5 0 0 0 0
103 105 109 109 114 111 187 167 110 161 151 108 6 0 0 0 0
100 103 98 108 114 138 722 661 160 648 567 111 7 0 0 0 0
104 105 103 110 111 123 514 460 133 477 417 109 8 0 0 0 0
101 105 96 106 107 104 188 172 106 141 125 107 9 0 0 0 0
100 108 103 106 106 135 591 558 142 244 214 108 10 0 0 0 0
103 105 104 104 112 120 409 376 119 180 171 15000 11 0 0 0 0
Chip#1
96 102 97 103 101 102 110 108 99 125 124 114 0 0 0 122 66
103 107 99 108 103 118 323 268 150 449 338 115 1 0 0 0 0
108 109 104 108 111 123 305 258 158 446 334 114 2 0 0 0 0
100 105 105 106 106 107 173 150 105 152 130 105 3 0 0 0 0
109 109 105 110 114 146 541 444 135 320 285 111 4 0 0 0 0
101 103 103 105 110 122 363 307 118 270 234 103 5 0 0 0 0
103 102 103 105 112 108 185 163 106 160 146 105 6 0 0 0 0
96 100 98 104 107 137 718 659 153 641 565 108 7 0 0 0 0
95 102 98 99 108 119 508 457 128 471 410 103 8 0 0 0 0
100 102 100 106 107 104 186 174 108 139 122 105 9 0 0 0 0
106 109 105 108 110 139 593 565 140 247 217 113 10 0 0 0 0
96 103 98 103 106 115 402 375 111 177 162 15000 11 0 0 0 0
Chip#1
101 100 100 103 107 102 114 111 100 121 125 120 0 0 128 122 66
103 102 98 100 102 116 320 262 147 448 342 115 1 0 0 0 0
108 110 105 106 112 125 306 256 159 444 337 115 2 0 0 0 0
105 108 105 105 106 103 174 151 106 151 135 108 3 0 0 0 0
104 105 96 104 108 138 529 436 128 313 274 107 4 0 0 0 0
106 109 105 105 107 118 367 306 119 268 231 105 5 0 0 0 0
105 103 102 104 108 106 185 166 108 158 143 105 6 0 0 0 0
99 103 98 104 104 138 718 657 154 638 564 114 7 0 0 0 0
103 108 99 108 110 119 511 458 130 472 410 107 8 0 0 0 0
101 108 102 104 111 107 186 176 109 136 125 105 9 0 0 0 0
101 104 99 105 108 133 591 554 132 240 211 107 10 0 0 0 0
90 97 94 94 99 110 399 365 106 168 162 15000 11 0 0 0 0
Chip#1
99 103 96 97 103 103 114 106 101 122 124 117 0 0 64 123 66
103 104 103 108 106 119 327 265 149 450 344 122 1 0 0 0 0
100 107 99 101 106 116 302 255 149 443 330 110 2 0 0 0 0
103 104 102 101 106 108 173 136 108 149 129 105 3 0 0 0 0
106 110 100 110 114 141 537 442 138 319 278 114 4 0 0 0 0
98 103 98 103 104 116 362 307 116 265 226 107 5 0 0 0 0
100 105 103 106 111 107 187 169 108 161 150 108 6 0 0 0 0
104 110 104 111 122 147 729 669 166 649 575 119 7 0 0 0 0
104 111 103 106 113 125 516 465 137 480 417 115 8 0 0 0 0
106 109 99 109 112 107 192 178 109 140 126 113 9 0 0 0 0
106 116 104 106 116 143 595 562 144 244 216 111 10 0 0 0 0
106 110 105 108 110 120 407 377 118 180 166 15000 11 0 0 0 0
Chip#1
98 101 102 101 106 102 117 111 104 123 128 117 0 0 64 124 66
96 103 97 99 104 115 319 259 141 446 337 113 1 0 0 0 0
105 104 102 109 111 123 306 256 159 444 331 111 2 0 0 0 0
100 108 96 106 110 108 174 136 109 149 131 107 3 0 0 0 0
106 116 105 112 113 147 539 440 138 319 282 114 4 0 0 0 0
103 105 102 106 111 123 367 310 120 268 231 109 5 0 0 0 0
101 104 99 106 108 107 181 168 111 159 142 104 6 0 0 0 0
98 99 97 104 108 138 715 661 155 637 559 107 7 0 0 0 0
104 109 105 114 112 127 515 463 135 477 412 114 8 0 0 0 0
94 99 97 101 101 99 181 170 103 130 119 97 9 0 0 0 0
99 104 96 103 103 134 590 553 135 238 209 104 10 0 0 0 0
103 107 96 105 110 118 407 375 115 181 168 15000 11 0 0 0 0
Chip#1
99 100 99 97 101 98 111 107 104 117 119 116 0 0 64 125 66
104 108 105 110 113 120 324 266 154 452 340 121 1 0 0 0 0
99 103 102 100 102 112 298 250 153 439 331 109 2 0 0 0 0
101 108 103 106 109 107 171 155 111 152 130 108 3 0 0 0 0
101 107 100 108 111 139 529 431 133 312 275 107 4 0 0 0 0
101 108 107 111 113 118 365 311 126 269 234 111 5 0 0 0 0
99 100 102 108 107 107 180 165 106 155 146 108 6 0 0 0 0
99 103 100 109 112 139 720 662 159 640 562 115 7 0 0 0 0
106 111 104 112 114 123 511 464 137 473 414 116 8 0 0 0 0
110 113 110 113 113 112 194 185 114 142 133 114 9 0 0 0 0
109 110 109 111 118 142 597 562 147 246 219 113 10 0 0 0 0
96 102 97 100 103 110 398 370 113 174 162 15000 11 0 0 0 0
Chip#1
98 98 97 96 97 98 110 106 94 118 119 114 0 0 64 126 66
108 111 107 111 114 129 323 272 154 451 345 122 1 0 0 0 0
108 107 102 106 104 122 299 256 155 441 332 109 2 0 0 0 0
103 104 100 100 104 99 174 136 104 147 129 108 3 0 0 0 0
110 111 108 111 113 142 537 436 135 318 281 111 4 0 0 0 0
101 109 100 104 112 119 362 308 123 268 231 109 5 0 0 0 0
94 98 97 100 99 103 175 160 105 157 142 102 6 0 0 0 0
113 116 111 114 129 154 726 671 170 647 575 124 7 0 0 0 0
108 111 105 109 116 125 513 462 138 474 413 113 8 0 0 0 0
104 103 97 101 104 103 182 174 103 134 122 103 9 0 0 0 0
100 107 97 104 106 134 585 553 139 238 211 108 10 0 0 0 0
109 111 107 111 113 123 407 375 121 180 169 15000 11 0 0 0 0
Chip#1
95 102 95 100 101 96 111 107 96 116 120 113 0 0 64 127 66
100 103 96 99 106 120 317 261 141 442 339 116 1 0 0 0 0
100 104 100 99 104 112 298 253 152 439 329 104 2 0 0 0 0
95 108 103 103 104 104 169 153 108 149 128 104 3 0 0 0 0
106 108 100 103 112 139 525 430 128 312 274 109 4 0 0 0 0
104 113 105 108 117 121 363 304 123 268 233 105 5 0 0 0 0
94 107 99 100 112 106 180 164 105 153 142 104 6 0 0 0 0
103 108 104 110 117 141 718 662 161 638 564 116 7 0 0 0 0
106 111 108 109 120 123 513 463 139 474 414 115 8 0 0 0 0
101 104 97 100 103 100 180 172 101 135 119 103 9 0 0 0 0
101 109 103 106 111 138 591 558 139 240 215 110 10 0 0 0 0
100 111 103 104 112 117 405 375 116 180 166 15000 11 0 0 0 0
Chip#1
108 105 102 108 108 107 148 112 110 127 125 124 0 0 192 127 66
106 105 109 108 111 127 321 265 111 452 344 124 1 0 0 0 0
104 104 99 106 107 116 299 252 157 436 330 111 2 0 0 0 0
103 105 103 105 107 103 168 149 109 173 128 107 3 0 0 0 0
103 108 96 100 107 137 526 424 125 307 271 107 4 0 0 0 0
101 107 103 105 110 122 358 301 120 264 224 107 5 0 0 0 0
103 108 107 106 107 112 187 165 110 158 147 109 6 0 0 0 0
104 106 104 111 118 146 718 662 163 636 566 116 7 0 0 0 0
110 111 110 116 116 129 514 460 138 473 412 115 8 0 0 0 0
105 108 107 109 104 107 191 179 111 135 129 109 9 0 0 0 0
103 109 102 108 108 137 591 554 143 241 216 114 10 0 0 0 0
101 108 99 108 107 116 405 371 120 176 166 15000 11 0 0 0 0
Chip#1
108 108 104 104 106 103 117 110 104 124 123 116 0 0 64 128 66
103 109 96 106 108 123 320 263 141 448 339 117 1 0 0 0 0
108 110 105 108 114 122 300 258 159 442 332 113 2 0 0 0 0
104 109 100 101 110 106 171 142 109 146 124 105 3 0 0 0 0
104 105 100 106 106 138 522 424 128 308 267 107 4 0 0 0 0
104 109 100 104 111 119 362 305 120 264 229 107 5 0 0 0 0
103 105 99 105 110 107 183 162 109 157 146 105 6 0 0 0 0
109 114 103 114 118 150 720 659 162 639 567 121 7 0 0 0 0
104 109 100 108 113 126 508 458 135 468 408 109 8 0 0 0 0
101 105 96 100 102 107 181 170 109 134 122 103 9 0 0 0 0
103 104 105 104 111 135 586 554 140 238 211 111 10 0 0 0 0
105 103 99 101 102 115 402 367 114 175 159 15000 11 0 0 0 0
Chip#1
98 98 98 99 101 96 114 110 104 118 123 114 0 0 160 128 66
101 104 102 106 107 116 314 261 149 443 335 114 1 0 0 0 0
101 104 100 100 101 115 299 252 153 436 326 102 2 0 0 0 0
101 101 96 101 102 100 171 136 108 147 125 103 3 0 0 0 0
114 111 110 112 114 142 526 432 134 314 276 111 4 0 0 0 0
105 109 103 109 113 118 361 304 122 263 230 108 5 0 0 0 0
108 109 107 110 116 110 188 169 111 163 153 109 6 0 0 0 0
105 111 108 112 114 146 720 662 165 639 561 117 7 0 0 0 0
101 102 103 108 107 119 504 453 129 463 400 104 8 0 0 0 0
101 105 96 109 107 106 188 176 106 141 125 109 9 0 0 0 0
106 109 103 108 112 134 585 552 143 238 210 108 10 0 0 0 0
104 103 100 104 110 116 399 371 111 173 162 15000 11 0 0 0 0
Chip#1
99 103 98 103 103 100 114 113 104 124 130 115 0 0 224 128 66
103 103 102 106 107 121 317 262 141 444 339 120 1 0 0 0 0
96 103 98 100 101 116 298 249 152 435 322 108 2 0 0 0 0
99 103 97 105 106 100 170 139 106 147 123 104 3 0 0 0 0
106 110 104 109 116 141 520 430 133 311 273 111 4 0 0 0 0
101 105 98 106 108 114 357 302 118 263 223 102 5 0 0 0 0
104 103 100 105 110 107 177 166 111 158 143 108 6 0 0 0 0
106 109 103 113 121 146 722 662 166 636 562 120 7 0 0 0 0
104 104 100 108 107 120 507 458 132 468 402 110 8 0 0 0 0
106 109 103 108 108 104 187 175 108 136 122 108 9 0 0 0 0
103 105 100 104 110 133 583 551 138 232 210 109 10 0 0 0 0
103 104 98 105 103 115 399 370 113 175 164 15000 11 0 0 0 0
Chip#1
101 102 97 104 103 99 115 113 104 118 125 115 0 0 64 129 66
110 109 105 108 114 126 321 265 141 449 347 124 1 0 0 0 0
110 109 103 106 111 120 300 256 158 440 330 113 2 0 0 0 0
104 104 100 106 107 103 169 136 106 151 124 105 3 0 0 0 0
109 113 105 110 117 145 525 432 137 312 275 111 4 0 0 0 0
100 105 98 101 113 122 356 300 116 262 223 107 5 0 0 0 0
103 107 103 101 111 111 186 166 110 159 145 108 6 0 0 0 0
100 108 100 108 116 142 714 657 160 629 557 119 7 0 0 0 0
104 108 102 109 115 122 509 457 133 466 409 109 8 0 0 0 0
104 108 103 105 112 111 187 178 114 139 128 111 9 0 0 0 0
105 107 100 101 109 133 585 553 137 235 212 109 10 0 0 0 0
114 109 110 111 116 122 411 378 124 181 169 15000 11 0 0 0 0
Chip#1
104 109 105 104 107 110 154 112 106 122 130 120 0 0 160 129 66
106 107 102 103 107 120 321 259 141 441 334 115 1 0 0 0 0
113 113 112 112 112 126 302 258 161 444 332 116 2 0 0 0 0
108 110 108 105 111 106 176 154 113 152 130 108 3 0 0 0 0
109 115 108 112 116 145 521 430 135 312 276 109 4 0 0 0 0
105 113 104 101 111 122 360 307 121 267 229 107 5 0 0 0 0
100 104 102 105 108 104 183 168 109 157 145 104 6 0 0 0 0
106 107 107 112 117 147 720 661 166 638 565 116 7 0 0 0 0
105 110 105 109 117 126 513 458 137 467 409 113 8 0 0 0 0
100 107 105 106 111 111 186 174 108 132 125 105 9 0 0 0 0
104 108 100 99 107 135 583 547 135 232 210 109 10 0 0 0 0
94 103 97 96 101 110 396 363 110 168 156 15000 11 0 0 0 0
Chip#1
108 105 100 106 108 110 139 114 108 128 126 120 0 0 32 130 66
106 110 104 109 107 123 323 263 109 448 340 120 1 0 0 0 0
108 110 103 108 113 123 301 252 157 442 332 111 2 0 0 0 0
105 103 99 105 108 107 174 136 104 151 129 110 3 0 0 0 0
105 105 100 104 110 139 519 426 128 304 269 108 4 0 0 0 0
103 107 99 104 110 119 355 301 118 261 228 107 5 0 0 0 0
100 105 103 106 108 107 181 166 108 157 146 110 6 0 0 0 0
98 108 98 103 116 139 711 657 155 629 555 115 7 0 0 0 0
105 104 103 108 107 120 503 457 129 464 405 109 8 0 0 0 0
101 105 99 105 107 107 185 178 104 138 125 108 9 0 0 0 0
106 110 103 106 113 143 587 552 144 238 214 111 10 0 0 0 0
104 109 103 108 108 122 405 374 116 177 165 15000 11 0 0 0 0
Chip#1
105 107 104 104 103 103 115 111 104 122 122 120 0 0 128 130 66
104 107 102 108 104 121 317 262 141 443 333 120 1 0 0 0 0
99 102 99 105 104 119 293 249 141 432 324 107 2 0 0 0 0
98 101 96 104 102 102 167 137 104 145 119 97 3 0 0 0 0
109 113 104 111 112 145 520 424 134 305 269 110 4 0 0 0 0
96 103 97 103 103 115 349 295 118 259 220 103 5 0 0 0 0
101 102 96 108 108 103 181 163 105 153 145 102 6 0 0 0 0
99 105 100 106 110 143 707 640 154 623 550 111 7 0 0 0 0
99 108 100 108 106 118 503 452 128 460 394 109 8 0 0 0 0
99 103 102 103 106 107 187 174 106 135 124 107 9 0 0 0 0
100 100 96 103 104 131 582 550 137 230 204 108 10 0 0 0 0
109 109 105 108 108 121 407 371 120 179 165 15000 11 0 0 0 0
Chip#1
99 101 96 101 104 98 116 107 101 118 123 117 0 0 224 130 66
109 108 105 106 110 122 320 263 141 444 339 119 1 0 0 0 0
104 103 102 106 109 116 294 253 157 436 326 111 2 0 0 0 0
100 99 99 106 107 102 171 136 105 150 125 104 3 0 0 0 0
104 107 100 109 110 141 518 425 129 301 268 108 4 0 0 0 0
101 107 102 105 108 116 354 298 121 260 229 108 5 0 0 0 0
96 101 99 103 108 102 181 163 108 153 145 107 6 0 0 0 0
108 109 102 112 117 143 716 657 164 629 564 117 7 0 0 0 0
98 102 97 106 106 119 502 450 132 460 398 108 8 0 0 0 0
101 105 107 106 108 106 189 174 111 135 126 107 9 0 0 0 0
100 104 96 105 110 134 582 550 137 233 207 109 10 0 0 0 0
105 105 103 103 111 121 402 374 118 176 166 15000 11 0 0 0 0
Chip#1
100 108 96 103 103 106 115 115 108 125 129 121 0 0 64 131 66
96 104 96 100 104 118 310 252 144 436 334 111 1 0 0 0 0
101 99 99 96 103 116 294 248 153 429 326 104 2 0 0 0 0
96 100 97 95 104 100 169 145 101 144 124 104 3 0 0 0 0
98 98 97 101 101 130 509 413 125 295 261 104 4 0 0 0 0
96 102 97 103 106 112 350 293 115 257 224 102 5 0 0 0 0
103 106 107 105 116 107 185 168 115 160 148 105 6 0 0 0 0
101 102 97 105 107 138 704 657 157 621 550 110 7 0 0 0 0
101 104 102 110 111 119 504 452 132 461 403 108 8 0 0 0 0
104 104 100 105 103 102 183 170 106 133 125 102 9 0 0 0 0
101 107 104 104 106 134 584 548 142 233 210 113 10 0 0 0 0
100 102 97 101 107 116 398 365 114 174 162 15000 11 0 0 0 0
Chip#1
101 104 100 106 104 102 141 111 103 124 126 119 0 0 160 131 66
103 108 102 104 110 120 316 261 141 441 337 119 1 0 0 0 0
103 109 102 103 107 119 298 248 158 435 329 110 2 0 0 0 0
101 111 104 106 111 108 174 152 110 172 133 113 3 0 0 0 0
113 116 113 111 116 147 522 427 138 309 277 116 4 0 0 0 0
104 109 105 108 112 122 358 298 120 262 228 110 5 0 0 0 0
96 104 96 101 107 103 180 164 103 153 145 102 6 0 0 0 0
104 107 99 111 117 147 711 646 158 624 557 115 7 0 0 0 0
101 107 98 108 112 121 504 457 131 463 402 109 8 0 0 0 0
100 100 99 103 103 104 181 172 106 134 124 104 9 0 0 0 0
104 109 99 108 110 135 585 546 137 238 207 114 10 0 0 0 0
104 108 104 103 115 119 410 370 118 176 170 15000 11 0 0 0 0
Chip#1
95 104 98 96 103 98 111 106 105 118 123 114 0 0 0 132 66
96 100 100 103 103 115 311 257 149 435 332 114 1 0 0 0 0
104 105 100 104 106 115 292 246 153 431 320 111 2 0 0 0 0
108 104 105 105 108 107 174 148 108 167 126 107 3 0 0 0 0
104 103 99 105 109 134 510 416 126 297 266 104 4 0 0 0 0
110 114 108 116 116 125 361 300 128 262 229 115 5 0 0 0 0
94 99 102 105 111 108 183 163 109 153 142 102 6 0 0 0 0
95 101 98 110 110 139 707 638 110 618 549 108 7 0 0 0 0
99 104 100 105 108 122 503 449 130 459 395 104 8 0 0 0 0
95 101 96 96 99 102 182 168 101 132 117 102 9 0 0 0 0
101 100 102 103 106 134 580 546 137 231 204 107 10 0 0 0 0
101 108 104 103 106 122 401 364 114 176 164 15000 11 0 0 0 0
Chip#1
105 104 96 103 108 104 118 115 106 123 128 117 0 0 64 132 66
103 102 104 105 104 122 311 256 149 439 333 114 1 0 0 0 0
101 104 98 103 106 115 290 248 150 430 322 108 2 0 0 0 0
105 107 105 109 106 108 170 151 110 150 130 105 3 0 0 0 0
98 103 99 104 107 139 508 412 123 295 263 104 4 0 0 0 0
109 109 104 110 118 125 357 302 126 261 229 108 5 0 0 0 0
104 107 102 101 110 110 185 167 113 157 146 105 6 0 0 0 0
104 103 99 109 110 141 705 638 157 619 550 110 7 0 0 0 0
101 103 104 108 111 123 500 452 131 459 397 108 8 0 0 0 0
98 107 99 103 107 102 182 172 104 134 123 104 9 0 0 0 0
95 103 99 101 99 133 577 540 132 227 203 105 10 0 0 0 0
111 109 105 110 114 123 407 374 121 177 169 15000 11 0 0 0 0
Chip#1
100 100 103 103 108 104 150 110 104 121 126 114 0 0 128 132 66
103 104 100 101 104 121 312 255 150 438 333 113 1 0 0 0 0
106 110 105 109 113 123 296 253 160 435 330 113 2 0 0 0 0
100 104 96 99 102 104 168 142 106 145 125 100 3 0 0 0 0
105 108 104 109 111 139 512 418 132 302 266 107 4 0 0 0 0
100 103 97 101 106 114 348 294 116 257 224 100 5 0 0 0 0
103 107 103 103 112 110 186 167 111 158 148 110 6 0 0 0 0
114 113 109 118 122 150 718 661 169 628 561 120 7 0 0 0 0
101 107 100 109 104 120 501 450 133 458 395 110 8 0 0 0 0
101 103 96 103 103 102 182 174 108 133 125 100 9 0 0 0 0
105 107 108 109 114 137 585 547 139 232 211 114 10 0 0 0 0
108 105 103 106 111 119 404 368 121 176 166 15000 11 0 0 0 0
Chip#1
110 110 109 106 113 108 141 117 111 128 130 126 0 0 224 132 66
103 105 102 105 111 121 307 257 149 435 337 120 1 0 0 0 0
108 110 107 110 112 118 296 250 158 433 325 111 2 0 0 0 0
105 105 108 106 108 108 171 151 108 147 129 110 3 0 0 0 0
103 109 105 105 111 139 508 416 129 296 266 110 4 0 0 0 0
104 103 107 105 108 116 346 295 120 259 226 108 5 0 0 0 0
105 108 104 109 112 114 186 169 118 160 152 111 6 0 0 0 0
106 105 105 112 120 141 710 640 159 620 551 111 7 0 0 0 0
105 105 108 108 110 120 496 452 132 459 397 109 8 0 0 0 0
105 108 96 103 110 104 186 178 109 135 125 107 9 0 0 0 0
103 104 102 108 112 134 579 544 135 231 206 107 10 0 0 0 0
105 108 107 104 108 116 401 369 118 173 166 15000 11 0 0 0 0
Chip#1
98 98 99 103 101 102 144 108 99 121 120 116 0 0 64 133 66
100 103 102 105 110 119 308 256 149 436 335 117 1 0 0 0 0
101 107 103 103 108 119 292 250 153 433 330 113 2 0 0 0 0
95 98 93 96 98 100 162 139 101 140 123 102 3 0 0 0 0
110 109 104 110 112 146 513 420 134 302 266 113 4 0 0 0 0
106 110 107 110 117 126 356 300 125 261 225 111 5 0 0 0 0
105 108 103 104 111 107 181 167 111 159 146 109 6 0 0 0 0
100 103 104 110 113 142 706 640 159 619 550 111 7 0 0 0 0
108 110 105 110 113 126 502 456 137 461 403 111 8 0 0 0 0
104 104 102 105 104 107 185 176 109 135 125 107 9 0 0 0 0
103 107 105 105 109 135 582 550 138 235 209 110 10 0 0 0 0
105 107 103 99 110 119 401 364 118 176 164 15000 11 0 0 0 0
Chip#1
99 102 102 99 104 96 114 104 99 116 125 120 0 0 160 133 66
104 108 108 110 111 122 310 259 149 436 340 121 1 0 0 0 0
104 105 103 105 102 115 289 248 158 432 325 110 2 0 0 0 0
104 108 103 106 107 106 171 141 109 145 130 111 3 0 0 0 0
100 103 95 103 102 127 503 409 127 293 261 104 4 0 0 0 0
106 109 104 111 112 119 350 296 121 259 223 108 5 0 0 0 0
104 106 105 106 112 107 186 168 109 155 146 108 6 0 0 0 0
101 109 100 111 117 139 706 638 160 616 550 116 7 0 0 0 0
105 103 103 110 114 121 501 451 133 457 402 113 8 0 0 0 0
108 108 107 114 114 111 191 181 113 136 134 111 9 0 0 0 0
109 110 105 108 112 139 578 543 139 228 210 110 10 0 0 0 0
103 107 107 109 108 115 396 363 118 173 164 15000 11 0 0 0 0
Chip#1
94 101 97 100 99 98 110 107 100 117 125 115 0 0 0 134 66
104 105 105 110 108 126 312 257 141 438 338 119 1 0 0 0 0
101 108 102 109 110 123 288 246 141 434 325 111 2 0 0 0 0
105 103 104 103 107 106 169 148 111 154 129 108 3 0 0 0 0
105 109 105 108 110 141 504 414 128 299 266 109 4 0 0 0 0
101 105 103 106 111 119 350 295 123 256 221 109 5 0 0 0 0
96 103 103 103 108 107 182 165 108 158 142 105 6 0 0 0 0
91 96 91 100 107 134 697 633 109 609 536 107 7 0 0 0 0
98 107 99 108 108 120 496 449 133 451 392 105 8 0 0 0 0
99 105 100 105 104 104 182 172 106 133 120 105 9 0 0 0 0
96 105 100 101 102 133 574 539 135 228 204 105 10 0 0 0 0
103 105 105 108 106 119 397 364 116 173 163 15000 11 0 0 0 0
Chip#1
96 103 97 100 102 103 110 106 101 122 123 113 0 0 96 134 66
98 104 98 104 107 116 307 253 147 433 331 113 1 0 0 0 0
99 107 102 108 111 116 288 246 159 430 326 110 2 0 0 0 0
101 108 104 106 108 104 170 150 109 166 126 105 3 0 0 0 0
105 107 105 113 113 141 508 416 132 299 263 110 4 0 0 0 0
106 108 103 110 113 125 350 297 125 257 224 104 5 0 0 0 0
100 104 97 105 108 102 179 161 106 153 141 103 6 0 0 0 0
93 100 87 101 107 135 696 629 141 609 537 105 7 0 0 0 0
98 105 96 104 108 112 496 449 130 449 393 103 8 0 0 0 0
96 100 100 99 106 102 180 170 109 132 124 105 9 0 0 0 0
103 108 100 109 112 133 579 545 143 231 207 110 10 0 0 0 0
96 104 99 97 102 111 393 360 110 166 156 15000 11 0 0 0 0
Chip#1
96 102 103 99 104 98 113 106 103 123 125 119 0 0 192 134 66
99 107 103 106 106 115 308 253 148 434 332 121 1 0 0 0 0
104 108 104 106 104 116 287 246 155 430 325 111 2 0 0 0 0
100 105 103 101 104 100 169 148 108 146 125 105 3 0 0 0 0
101 103 100 103 104 137 498 409 125 294 258 105 4 0 0 0 0
103 107 102 106 113 121 346 295 119 256 220 107 5 0 0 0 0
100 107 104 104 109 107 181 166 108 158 147 108 6 0 0 0 0
103 108 104 110 114 142 704 639 162 616 544 116 7 0 0 0 0
99 103 98 101 107 116 494 444 121 451 390 104 8 0 0 0 0
96 103 99 101 101 99 179 174 100 133 118 103 9 0 0 0 0
108 111 107 108 113 141 578 547 142 235 209 110 10 0 0 0 0
98 104 100 100 106 112 395 362 114 169 159 15000 11 0 0 0 0
Chip#1
100 104 100 101 103 102 114 108 103 118 125 111 0 0 0 135 66
106 108 107 105 112 120 308 255 153 434 333 120 1 0 0 0 0
106 111 107 110 113 122 290 246 158 431 327 111 2 0 0 0 0
98 103 99 97 99 100 160 145 104 141 124 97 3 0 0 0 0
104 107 104 110 111 141 506 416 132 300 264 109 4 0 0 0 0
104 107 102 106 108 118 344 295 123 254 224 104 5 0 0 0 0
105 109 104 111 110 112 182 166 110 157 147 105 6 0 0 0 0
108 105 102 113 115 145 705 640 158 618 546 113 7 0 0 0 0
104 105 102 103 108 116 498 445 133 453 398 107 8 0 0 0 0
101 105 99 106 107 107 181 172 104 132 123 103 9 0 0 0 0
105 107 103 108 107 135 576 545 138 231 206 108 10 0 0 0 0
98 103 100 103 102 111 392 364 114 168 160 15000 11 0 0 0 0
Chip#1
100 103 96 106 108 102 117 108 105 126 125 115 0 0 96 135 66
100 102 108 104 108 119 310 252 141 433 333 116 1 0 0 0 0
101 104 100 106 108 110 282 242 154 429 317 107 2 0 0 0 0
104 104 96 101 106 104 168 142 108 147 128 103 3 0 0 0 0
103 108 99 105 109 135 500 407 130 294 257 107 4 0 0 0 0
104 105 102 105 108 116 345 291 123 253 219 105 5 0 0 0 0
101 102 100 103 106 103 180 160 106 156 142 103 6 0 0 0 0
110 110 108 116 120 147 704 641 162 618 546 119 7 0 0 0 0
103 105 102 108 115 119 496 449 134 452 394 111 8 0 0 0 0
98 101 96 103 101 102 180 173 104 130 119 100 9 0 0 0 0
98 103 98 101 101 127 569 534 134 224 211 107 10 0 0 0 0
104 108 103 109 112 118 398 367 119 175 165 15000 11 0 0 0 0
Chip#1
99 104 99 104 103 103 141 111 104 122 126 117 0 0 192 135 66
99 102 98 103 106 119 301 249 147 434 329 115 1 0 0 0 0
104 105 98 108 107 118 288 246 157 427 321 110 2 0 0 0 0
105 107 107 106 109 107 174 154 111 164 129 110 3 0 0 0 0
109 111 104 108 113 143 504 413 130 297 264 108 4 0 0 0 0
105 107 99 105 110 119 342 293 118 248 223 103 5 0 0 0 0
101 103 94 106 106 104 180 162 109 153 145 105 6 0 0 0 0
104 108 104 111 115 143 702 632 162 613 542 115 7 0 0 0 0
108 109 102 111 113 127 498 451 135 453 395 109 8 0 0 0 0
104 107 104 111 113 114 186 178 111 139 126 110 9 0 0 0 0
100 104 98 101 103 134 570 537 137 227 204 108 10 0 0 0 0
106 110 104 109 107 116 396 367 115 173 163 15000 11 0 0 0 0
Chip#1
101 103 100 101 99 100 139 107 103 121 122 117 0 0 32 136 66
103 105 96 104 102 115 299 249 143 431 330 114 1 0 0 0 0
101 107 100 106 103 114 282 240 153 425 319 108 2 0 0 0 0
96 104 96 103 101 100 167 137 104 144 120 100 3 0 0 0 0
111 114 108 106 112 139 501 412 134 300 262 111 4 0 0 0 0
99 103 97 100 107 112 339 285 114 252 215 104 5 0 0 0 0
103 106 103 105 111 106 176 165 111 158 146 104 6 0 0 0 0
100 104 100 106 113 137 697 630 153 605 536 107 7 0 0 0 0
94 99 97 103 106 111 488 438 126 447 387 100 8 0 0 0 0
104 107 98 106 111 106 182 172 105 136 128 104 9 0 0 0 0
110 114 107 109 116 138 578 544 140 231 209 114 10 0 0 0 0
101 104 99 104 106 110 392 357 111 168 157 15000 11 0 0 0 0
Chip#1
98 104 97 100 107 96 109 105 100 115 122 111 0 0 128 136 66
95 104 94 103 106 108 296 244 144 425 325 108 1 0 0 0 0
103 110 104 109 112 117 286 246 155 427 322 108 2 0 0 0 0
104 107 98 104 110 102 164 141 106 145 128 105 3 0 0 0 0
103 105 100 105 108 130 495 406 126 287 254 104 4 0 0 0 0
104 108 105 109 111 119 343 294 123 255 221 108 5 0 0 0 0
104 108 103 110 112 110 182 168 111 153 146 105 6 0 0 0 0
101 107 98 109 110 137 691 626 159 606 536 111 7 0 0 0 0
104 109 102 109 113 122 494 449 133 450 392 108 8 0 0 0 0
103 108 102 108 110 106 181 174 111 140 128 110 9 0 0 0 0
100 105 98 101 106 129 565 536 134 222 211 107 10 0 0 0 0
106 109 105 106 114 118 398 365 119 171 164 15000 11 0 0 0 0
Chip#1
103 102 99 105 110 100 117 110 105 128 123 121 0 0 224 136 66
106 109 103 105 113 122 305 253 150 434 332 119 1 0 0 0 0
106 107 108 110 111 120 287 245 158 432 321 110 2 0 0 0 0
96 99 97 99 101 96 163 145 101 144 122 100 3 0 0 0 0
104 107 103 108 112 141 496 410 134 293 254 110 4 0 0 0 0
110 111 108 114 121 127 349 296 129 256 223 115 5 0 0 0 0
98 98 100 103 104 102 177 160 104 147 140 102 6 0 0 0 0
109 110 109 116 121 146 698 636 164 613 542 119 7 0 0 0 0
105 109 105 110 112 122 500 449 135 451 392 110 8 0 0 0 0
100 104 96 104 110 104 182 172 103 130 120 105 9 0 0 0 0
100 108 100 108 107 135 567 538 137 225 203 108 10 0 0 0 0
106 108 109 111 113 121 398 371 123 171 164 15000 11 0 0 0 0
Chip#1
93 94 91 97 97 92 107 98 99 116 119 110 0 0 64 137 66
105 108 104 110 107 125 306 251 141 434 334 119 1 0 0 0 0
108 109 104 111 111 120 288 246 158 427 322 110 2 0 0 0 0
99 103 96 106 103 103 164 136 109 145 125 105 3 0 0 0 0
110 111 105 112 110 142 498 406 132 295 261 111 4 0 0 0 0
105 109 104 112 114 122 343 293 124 254 219 107 5 0 0 0 0
104 105 100 110 111 107 182 164 111 157 145 110 6 0 0 0 0
106 108 105 112 116 145 698 636 161 607 536 119 7 0 0 0 0
105 105 104 111 113 122 493 444 133 450 387 107 8 0 0 0 0
104 108 105 109 111 107 185 174 115 134 123 107 9 0 0 0 0
103 102 102 105 108 131 567 533 140 229 211 109 10 0 0 0 0
100 100 98 101 103 110 390 358 115 167 157 15000 11 0 0 0 0
Chip#1
96 102 96 100 101 98 113 110 99 117 118 113 0 0 160 137 66
101 103 98 101 99 111 295 246 148 425 324 110 1 0 0 0 0
105 109 105 108 111 118 283 245 154 425 322 110 2 0 0 0 0
103 107 102 105 107 106 168 136 109 145 126 107 3 0 0 0 0
100 109 98 103 108 130 489 401 126 286 252 98 4 0 0 0 0
100 103 94 100 104 116 336 289 114 244 214 99 5 0 0 0 0
95 105 99 105 106 103 176 163 103 153 137 102 6 0 0 0 0
99 103 99 111 108 137 687 624 154 602 531 110 7 0 0 0 0
86 94 87 95 96 107 478 433 122 433 374 96 8 0 0 0 0
100 105 98 103 107 99 182 169 104 130 117 102 9 0 0 0 0
108 111 104 105 111 135 566 537 138 224 204 109 10 0 0 0 0
104 102 97 104 104 111 390 358 114 166 151 15000 11 0 0 0 0
Chip#1
98 99 97 100 103 99 111 108 105 122 123 117 0 0 224 137 66
101 103 96 105 111 115 302 251 141 425 327 119 1 0 0 0 0
101 103 98 106 112 114 283 244 153 419 317 108 2 0 0 0 0
100 102 99 104 110 102 167 136 110 145 125 105 3 0 0 0 0
111 113 107 106 113 139 494 406 130 294 254 113 4 0 0 0 0
101 104 99 105 112 115 341 289 115 249 216 108 5 0 0 0 0
104 108 103 105 112 107 180 169 106 158 143 107 6 0 0 0 0
105 105 100 112 116 139 694 631 160 604 536 114 7 0 0 0 0
113 113 104 114 120 125 501 452 142 455 395 114 8 0 0 0 0
100 99 93 100 103 96 176 164 103 125 116 100 9 0 0 0 0
105 107 99 108 110 133 569 538 137 225 211 108 10 0 0 0 0
106 109 103 105 112 112 406 364 118 166 163 15000 11 0 0 0 0
Chip#1
105 107 105 106 108 107 120 113 109 124 127 117 0 0 64 138 66
105 108 104 108 112 123 301 251 150 429 330 121 1 0 0 0 0
105 108 107 109 113 123 283 248 158 426 324 113 2 0 0 0 0
101 104 100 105 107 102 168 145 106 141 123 105 3 0 0 0 0
105 108 104 106 113 141 495 403 129 289 256 111 4 0 0 0 0
108 115 103 109 120 126 343 293 125 253 223 114 5 0 0 0 0
98 104 102 105 106 108 180 164 106 154 139 105 6 0 0 0 0
103 107 102 110 117 141 691 629 160 605 531 110 7 0 0 0 0
105 104 103 108 111 119 494 446 129 450 384 113 8 0 0 0 0
103 108 103 106 111 107 185 174 110 135 126 109 9 0 0 0 0
99 100 99 104 106 129 560 530 133 221 211 104 10 0 0 0 0
99 104 98 100 106 115 390 357 109 165 156 15000 11 0 0 0 0
Chip#1
100 107 103 108 109 106 134 113 108 129 122 120 0 0 192 138 66
100 104 99 106 103 115 296 250 147 428 324 114 1 0 0 0 0
103 109 107 108 110 120 284 243 147 423 317 109 2 0 0 0 0
110 114 109 110 112 110 173 150 115 153 130 110 3 0 0 0 0
99 105 98 108 104 134 487 401 126 286 247 104 4 0 0 0 0
99 107 99 103 110 118 338 284 120 246 214 107 5 0 0 0 0
99 105 100 104 107 107 176 162 110 154 140 104 6 0 0 0 0
110 111 102 114 121 145 697 634 164 605 537 116 7 0 0 0 0
96 103 96 105 113 119 489 443 129 444 380 107 8 0 0 0 0
96 105 103 104 107 104 180 172 110 127 122 105 9 0 0 0 0
101 108 104 106 107 133 560 533 134 222 200 107 10 0 0 0 0
101 109 104 106 112 122 392 367 118 168 158 15000 11 0 0 0 0
Chip#1
100 102 104 101 104 103 116 112 105 123 122 115 0 0 32 139 66
101 108 103 105 110 118 298 248 141 425 324 116 1 0 0 0 0
110 114 108 113 116 123 287 249 160 428 322 116 2 0 0 0 0
103 107 105 109 106 106 165 147 108 149 126 108 3 0 0 0 0
104 110 105 108 112 141 485 401 132 287 252 111 4 0 0 0 0
101 104 105 109 108 122 339 287 118 249 217 113 5 0 0 0 0
100 108 104 106 108 110 177 166 109 159 143 108 6 0 0 0 0
103 109 103 116 116 146 691 629 158 601 531 115 7 0 0 0 0
104 109 109 114 117 122 494 445 137 446 388 109 8 0 0 0 0
100 103 102 104 108 103 176 167 104 135 114 104 9 0 0 0 0
99 99 99 105 108 135 560 530 134 222 198 104 10 0 0 0 0
105 103 103 108 112 115 406 358 119 169 162 15000 11 0 0 0 0
Chip#1
105 105 105 109 111 106 134 113 109 124 125 122 0 0 128 139 66
96 104 98 103 104 116 296 248 143 423 322 111 1 0 0 0 0
101 105 102 109 106 116 278 240 152 423 316 109 2 0 0 0 0
115 115 113 112 121 114 174 156 114 153 136 113 3 0 0 0 0
105 113 102 109 111 138 487 402 129 287 254 110 4 0 0 0 0
106 110 103 109 113 119 342 291 124 248 216 109 5 0 0 0 0
100 99 107 109 112 108 180 163 108 156 142 107 6 0 0 0 0
103 107 104 111 118 141 689 629 159 598 527 114 7 0 0 0 0
99 98 97 108 103 114 484 433 124 435 378 103 8 0 0 0 0
101 105 99 105 107 106 179 169 108 133 123 105 9 0 0 0 0
105 110 102 108 116 134 561 531 138 224 204 110 10 0 0 0 0
99 102 100 106 104 115 390 357 113 167 154 15000 11 0 0 0 0
Chip#1
108 104 103 109 111 107 138 118 108 130 129 124 0 0 0 140 66
104 107 102 104 111 119 301 250 150 430 327 116 1 0 0 0 0
101 105 102 108 106 115 278 239 141 421 314 108 2 0 0 0 0
100 104 102 106 107 106 169 136 105 147 122 107 3 0 0 0 0
106 109 107 109 112 141 487 401 126 287 252 111 4 0 0 0 0
106 108 104 108 111 116 338 285 119 249 211 107 5 0 0 0 0
98 99 97 103 102 103 174 157 104 147 136 102 6 0 0 0 0
113 111 109 114 118 147 692 630 163 603 532 119 7 0 0 0 0
96 102 102 103 111 115 488 442 126 438 378 105 8 0 0 0 0
99 101 100 104 101 99 176 168 104 129 119 99 9 0 0 0 0
103 104 105 106 113 138 566 532 138 222 203 108 10 0 0 0 0
110 111 108 110 113 123 390 363 118 173 164 15000 11 0 0 0 0
Chip#1
95 99 96 96 101 95 109 105 101 116 118 115 0 0 160 140 66
103 104 96 106 106 115 293 248 144 425 322 116 1 0 0 0 0
105 108 103 108 110 116 278 238 154 422 316 113 2 0 0 0 0
105 109 109 108 112 111 170 140 110 149 125 109 3 0 0 0 0
111 113 108 109 114 138 489 401 135 287 257 115 4 0 0 0 0
101 104 99 109 108 116 332 281 119 244 214 107 5 0 0 0 0
96 99 98 100 102 102 173 156 103 161 135 102 6 0 0 0 0
104 103 98 110 112 134 683 618 154 592 526 114 7 0 0 0 0
110 113 105 113 113 127 494 445 135 447 388 115 8 0 0 0 0
99 100 99 104 107 102 180 170 101 129 119 105 9 0 0 0 0
103 104 100 109 106 133 558 527 135 217 198 105 10 0 0 0 0
103 108 103 106 112 114 390 360 116 166 162 15000 11 0 0 0 0
Chip#1
105 109 107 108 108 111 134 116 111 128 130 121 0 0 32 141 66
104 107 102 108 112 115 295 248 113 424 325 117 1 0 0 0 0
104 103 103 103 108 118 276 237 154 418 314 103 2 0 0 0 0
99 107 105 106 108 106 165 146 109 145 128 107 3 0 0 0 0
103 107 102 106 108 135 482 401 129 284 247 110 4 0 0 0 0
103 108 103 105 112 118 335 282 119 246 212 108 5 0 0 0 0
100 105 99 108 111 106 176 161 106 156 139 103 6 0 0 0 0
104 107 105 108 116 142 685 622 158 593 521 113 7 0 0 0 0
108 108 104 109 117 122 490 442 134 444 385 110 8 0 0 0 0
104 104 105 105 111 106 180 173 108 134 125 108 9 0 0 0 0
109 109 108 111 113 138 560 529 138 223 204 108 10 0 0 0 0
105 105 103 110 112 115 390 354 118 169 157 15000 11 0 0 0 0
Chip#1
101 100 103 101 107 99 115 108 106 121 122 117 0 0 128 141 66
105 104 107 109 108 121 299 248 150 427 327 121 1 0 0 0 0
100 105 97 99 99 108 274 232 148 401 306 105 2 0 0 0 0
94 94 97 97 98 98 158 129 99 138 114 100 3 0 0 0 0
104 108 95 110 107 137 479 382 128 285 247 107 4 0 0 0 0
104 107 105 108 113 122 335 285 121 249 214 109 5 0 0 0 0
103 109 105 109 113 110 179 163 109 157 141 111 6 0 0 0 0
99 103 98 109 110 138 683 618 110 589 521 113 7 0 0 0 0
110 110 110 114 118 123 493 445 139 449 387 119 8 0 0 0 0
93 97 93 99 102 91 174 164 101 124 114 103 9 0 0 0 0
105 108 104 108 111 134 556 522 137 220 211 105 10 0 0 0 0
104 102 98 104 106 114 382 349 110 163 151 15000 11 0 0 0 0
Chip#1
96 99 97 100 104 98 113 108 100 118 116 114 0 0 0 142 66
105 107 104 112 113 118 300 251 141 423 325 121 1 0 0 0 0
100 97 97 99 102 107 269 231 150 423 304 99 2 0 0 0 0
104 105 105 106 107 108 165 149 109 147 122 107 3 0 0 0 0
106 108 100 106 112 138 478 392 124 282 249 109 4 0 0 0 0
103 111 105 109 117 126 336 285 124 247 210 109 5 0 0 0 0
99 103 104 101 108 104 177 167 108 161 137 105 6 0 0 0 0
100 101 103 106 111 137 683 618 109 588 517 113 7 0 0 0 0
106 107 102 111 114 120 489 439 129 434 377 111 8 0 0 0 0
103 103 103 108 107 107 181 173 105 132 120 108 9 0 0 0 0
101 103 100 108 104 135 556 527 129 219 197 103 10 0 0 0 0
101 102 98 105 108 112 390 355 111 165 156 15000 11 0 0 0 0
Chip#1
103 103 99 106 108 103 134 110 104 123 124 117 0 0 96 142 66
106 107 108 108 114 122 296 249 141 426 326 121 1 0 0 0 0
100 104 99 106 103 114 272 232 150 426 309 108 2 0 0 0 0
106 105 107 106 108 103 168 151 109 146 124 109 3 0 0 0 0
109 113 99 109 111 137 481 392 126 282 248 109 4 0 0 0 0
105 111 107 109 118 123 336 289 126 246 215 110 5 0 0 0 0
96 102 99 104 108 99 171 160 104 152 137 103 6 0 0 0 0
100 102 100 106 112 135 680 617 153 584 516 110 7 0 0 0 0
104 107 103 108 107 115 483 436 128 436 374 105 8 0 0 0 0
96 97 94 103 101 100 179 167 101 126 116 99 9 0 0 0 0
98 102 96 103 107 126 548 521 134 215 193 105 10 0 0 0 0
109 110 105 109 113 116 390 354 116 171 154 15000 11 0 0 0 0
