Chip#1
113 104 110 109 100 99 96 97 101 101 104 101 0
115 110 105 108 95 99 98 102 103 103 106 106 1
119 114 149 127 114 156 136 111 164 158 112 109 2
108 152 545 408 140 614 522 143 553 509 120 106 3
103 146 547 413 134 550 433 125 485 410 114 107 4
109 104 145 126 108 138 134 109 133 136 108 104 5
97 125 600 521 120 617 584 130 486 502 124 96 6
106 140 702 622 140 626 593 130 458 487 130 106 7
109 104 155 138 111 138 140 106 117 120 108 105 8
105 115 504 523 132 582 686 144 104 100 102 103 9
102 123 619 639 137 672 784 147 102 103 98 99 10
105 101 151 160 105 135 143 100 103 104 103 15000 11
Chip#2
110 119 107 106 114 108 108 107 109 115 111 115 0
113 119 108 110 114 110 106 101 111 114 118 121 1
101 119 101 129 135 102 122 125 98 119 144 112 2
103 119 125 332 316 125 313 340 130 288 364 162 3
105 119 122 285 274 125 276 294 128 249 321 146 4
103 119 107 124 130 108 154 126 114 122 144 114 5
109 119 131 310 283 125 335 382 158 290 398 177 6
101 119 131 305 270 114 315 362 137 254 360 161 7
99 98 101 113 113 95 113 117 104 112 149 105 8
108 119 108 106 110 115 315 341 130 250 318 152 9
106 98 107 110 114 108 345 380 141 291 363 167 10
107 119 107 106 113 108 154 133 109 127 147 15000 11
Chip#3
0 0 0 12 0 0 0 0 0 0 0 0 241
0 0 0 12 0 0 0 0 0 0 0 0 241
0 0 0 12 0 0 0 0 0 0 0 0 241
0 0 0 12 0 0 0 0 0 0 0 0 241
0 0 0 12 0 0 0 0 0 0 0 0 241
0 0 0 12 0 0 0 0 0 0 0 0 241
0 0 0 12 0 0 0 0 0 0 0 0 241
0 0 0 12 0 0 0 0 0 0 0 0 241
0 0 0 12 0 0 0 0 0 0 0 0 241
0 0 0 12 0 0 0 0 0 0 0 0 241
0 0 0 12 0 0 0 0 0 0 0 15000 241
Chip#4
0 0 0 0 0 0 0 0 0 0 0 0 241
0 0 0 0 0 0 0 0 0 0 0 0 241
0 0 0 0 0 0 0 0 0 0 0 0 241
0 0 0 0 0 0 0 0 0 0 0 0 241
0 0 0 0 0 0 0 0 0 0 0 0 241
0 0 0 0 0 0 0 0 0 0 0 0 241
0 0 0 0 0 0 0 0 0 0 0 0 241
0 0 0 0 0 0 0 0 0 0 0 0 241
0 0 0 0 0 0 0 0 0 0 0 0 241
0 0 0 0 0 0 0 0 0 0 0 0 241
0 0 0 0 0 0 0 0 0 0 0 0 241
0 0 0 0 0 0 0 0 0 0 0 15000 241
Chip#1
109 108 105 98 99 96 99 97 100 98 103 101 0
118 109 105 99 103 98 98 102 99 103 101 103 1
116 107 138 113 103 147 128 98 156 156 102 102 2
108 164 562 419 149 621 512 146 566 524 124 102 3
97 146 555 416 132 561 434 120 485 412 105 98 4
100 95 135 116 105 132 125 95 125 132 99 95 5
99 127 606 524 129 629 595 126 505 519 127 100 6
108 142 708 617 139 634 603 135 469 519 127 103 7
101 98 143 127 103 126 130 97 111 111 97 95 8
108 109 504 518 127 583 687 142 105 103 101 100 9
103 121 618 629 139 678 787 153 104 103 102 99 10
105 101 154 150 104 130 141 99 102 101 103 15000 11
Chip#2
103 119 105 103 105 95 101 100 109 104 106 112 0
101 119 102 103 103 95 102 99 106 104 108 114 1
106 98 103 137 135 98 127 132 104 118 148 113 2
113 119 135 375 342 129 351 380 144 311 401 180 3
101 119 121 309 290 116 298 320 126 266 347 151 4
101 98 104 127 124 96 118 129 108 119 146 110 5
99 98 126 334 294 117 353 412 158 296 406 177 6
104 119 129 330 284 111 339 388 141 263 406 167 7
105 98 105 117 118 97 117 130 107 112 133 110 8
101 119 104 98 108 105 331 366 128 257 338 148 9
101 119 108 105 107 111 372 417 158 290 385 166 10
101 119 105 105 108 99 130 143 106 124 148 15000 11
Chip#3
0 0 0 12 0 0 0 0 0 0 0 0 241
0 0 0 12 0 0 0 0 0 0 0 0 241
0 0 0 12 0 0 0 0 0 0 0 0 241
0 0 0 12 0 0 0 0 0 0 0 0 241
0 0 0 12 0 0 0 0 0 0 0 0 241
0 0 0 12 0 0 0 0 0 0 0 0 241
0 0 0 12 0 0 0 0 0 0 0 0 241
0 0 0 12 0 0 0 0 0 0 0 0 241
0 0 0 12 0 0 0 0 0 0 0 0 241
0 0 0 12 0 0 0 0 0 0 0 0 241
0 0 0 12 0 0 0 0 0 0 0 0 241
0 0 0 12 0 0 0 0 0 0 0 15000 241
Chip#4
0 0 0 0 0 0 0 0 0 0 0 0 241
0 0 0 0 0 0 0 0 0 0 0 0 241
0 0 0 0 0 0 0 0 0 0 0 0 241
0 0 0 0 0 0 0 0 0 0 0 0 241
0 0 0 0 0 0 0 0 0 0 0 0 241
0 0 0 0 0 0 0 0 0 0 0 0 241
0 0 0 0 0 0 0 0 0 0 0 0 241
0 0 0 0 0 0 0 0 0 0 0 0 241
0 0 0 0 0 0 0 0 0 0 0 0 241
0 0 0 0 0 0 0 0 0 0 0 0 241
0 0 0 0 0 0 0 0 0 0 0 0 241
0 0 0 0 0 0 0 0 0 0 0 15000 241
Chip#1
117 114 112 105 105 104 99 105 107 109 109 109 0
123 109 107 99 100 102 98 100 105 106 104 104 1
117 107 147 122 107 153 133 102 160 155 105 103 2
103 157 563 419 147 627 510 143 572 524 125 103 3
105 152 570 428 132 572 441 126 485 422 111 98 4
104 101 142 115 108 135 130 105 131 139 105 105 5
101 129 608 527 130 629 593 129 506 525 127 99 6
100 135 705 615 133 629 600 128 469 494 123 96 7
103 107 147 129 109 136 141 108 115 115 104 106 8
97 104 504 514 128 583 685 141 98 93 96 95 9
108 126 621 644 140 687 788 157 106 106 109 106 10
114 107 158 152 113 136 146 105 107 101 102 15000 11
Chip#2
112 119 114 112 114 104 111 105 107 114 112 114 0
103 98 103 102 108 98 105 101 102 104 102 113 1
104 98 101 145 141 101 128 137 105 125 153 112 2
106 119 139 393 364 133 364 395 158 319 422 179 3
103 98 121 326 300 115 307 334 129 320 356 151 4
100 98 104 133 132 104 124 137 111 121 147 113 5
110 119 137 359 315 126 378 436 158 319 436 188 6
100 119 128 344 300 112 358 413 158 320 403 166 7
95 98 99 114 118 92 113 120 98 104 130 105 8
104 119 108 106 110 107 354 392 132 273 360 153 9
101 98 109 106 112 109 410 441 148 308 403 173 10
106 119 107 106 108 99 154 144 110 127 151 15000 11
Chip#3
0 0 0 12 0 0 0 0 0 0 0 0 241
0 0 0 12 0 0 0 0 0 0 0 0 241
0 0 0 12 0 0 0 0 0 0 0 0 241
0 0 0 12 0 0 0 0 0 0 0 0 241
0 0 0 12 0 0 0 0 0 0 0 0 241
0 0 0 12 0 0 0 0 0 0 0 0 241
0 0 0 12 0 0 0 0 0 0 0 0 241
0 0 0 12 0 0 0 0 0 0 0 0 241
0 0 0 12 0 0 0 0 0 0 0 0 241
0 0 0 12 0 0 0 0 0 0 0 0 241
0 0 0 12 0 0 0 0 0 0 0 0 241
0 0 0 12 0 0 0 0 0 0 0 15000 241
Chip#4
0 0 0 0 0 0 0 0 0 0 0 0 241
0 0 0 0 0 0 0 0 0 0 0 0 241
0 0 0 0 0 0 0 0 0 0 0 0 241
0 0 0 0 0 0 0 0 0 0 0 0 241
0 0 0 0 0 0 0 0 0 0 0 0 241
0 0 0 0 0 0 0 0 0 0 0 0 241
0 0 0 0 0 0 0 0 0 0 0 0 241
0 0 0 0 0 0 0 0 0 0 0 0 241
0 0 0 0 0 0 0 0 0 0 0 0 241
0 0 0 0 0 0 0 0 0 0 0 0 241
0 0 0 0 0 0 0 0 0 0 0 0 241
0 0 0 0 0 0 0 0 0 0 0 15000 241
Chip#1
120 116 112 105 105 105 104 104 107 107 109 109 0
142 115 107 111 107 109 108 108 106 109 108 114 1
113 104 143 112 103 145 129 100 156 153 103 102 2
99 160 573 417 149 629 510 137 571 520 119 96 3
95 145 573 429 132 569 443 119 501 416 108 96 4
108 110 152 129 110 141 136 109 135 141 110 108 5
105 135 611 530 132 637 593 133 520 528 134 106 6
102 142 708 620 134 634 609 132 469 498 128 102 7
106 101 148 132 106 136 135 102 114 113 106 108 8
102 104 504 517 123 584 681 136 100 92 95 99 9
104 125 622 632 137 674 787 144 107 99 102 104 10
103 99 156 150 105 131 146 102 102 103 96 15000 11
Chip#2
106 98 104 101 104 102 101 96 101 103 100 106 0
107 119 103 103 112 98 105 105 108 104 107 114 1
98 98 97 139 135 93 128 131 104 115 146 110 2
105 119 135 398 370 131 375 403 158 323 429 178 3
102 98 123 332 309 116 316 343 127 276 368 152 4
104 119 108 133 136 107 154 139 114 125 152 114 5
105 119 133 371 320 119 388 450 158 318 446 184 6
101 119 129 357 314 116 365 425 143 286 414 167 7
105 119 105 124 124 104 154 132 113 114 142 114 8
101 119 105 101 113 108 359 399 132 291 364 148 9
98 98 102 102 107 105 410 449 144 312 411 173 10
107 119 104 112 114 103 154 149 108 125 153 15000 11
Chip#3
0 0 0 12 0 0 0 0 0 0 0 0 241
0 0 0 12 0 0 0 0 0 0 0 0 241
0 0 0 12 0 0 0 0 0 0 0 0 241
0 0 0 12 0 0 0 0 0 0 0 0 241
0 0 0 12 0 0 0 0 0 0 0 0 241
0 0 0 12 0 0 0 0 0 0 0 0 241
0 0 0 12 0 0 0 0 0 0 0 0 241
0 0 0 12 0 0 0 0 0 0 0 0 241
0 0 0 12 0 0 0 0 0 0 0 0 241
0 0 0 12 0 0 0 0 0 0 0 0 241
0 0 0 12 0 0 0 0 0 0 0 0 241
0 0 0 12 0 0 0 0 0 0 0 15000 241
Chip#4
0 0 0 0 0 0 0 0 0 0 0 0 241
0 0 0 0 0 0 0 0 0 0 0 0 241
0 0 0 0 0 0 0 0 0 0 0 0 241
0 0 0 0 0 0 0 0 0 0 0 0 241
0 0 0 0 0 0 0 0 0 0 0 0 241
0 0 0 0 0 0 0 0 0 0 0 0 241
0 0 0 0 0 0 0 0 0 0 0 0 241
0 0 0 0 0 0 0 0 0 0 0 0 241
0 0 0 0 0 0 0 0 0 0 0 0 241
0 0 0 0 0 0 0 0 0 0 0 0 241
0 0 0 0 0 0 0 0 0 0 0 0 241
0 0 0 0 0 0 0 0 0 0 0 15000 241
Chip#1
120 114 117 104 105 104 101 106 108 109 110 109 0
120 113 104 98 99 97 103 97 102 100 105 108 1
142 109 140 115 105 150 135 95 158 160 105 106 2
112 167 581 431 149 636 517 148 575 521 123 108 3
103 157 589 436 133 580 445 124 501 422 117 105 4
103 101 139 118 101 132 131 100 132 134 101 103 5
105 132 605 524 123 637 593 132 514 535 128 98 6
108 141 704 615 132 631 598 133 469 536 124 104 7
102 97 131 126 95 122 131 93 106 102 96 98 8
109 114 504 518 128 585 689 144 106 103 105 106 9
104 124 618 628 137 676 780 148 104 100 99 103 10
104 97 147 147 103 128 137 100 105 99 95 15000 11
Chip#2
111 119 109 103 113 98 105 102 105 102 107 114 0
110 119 108 106 109 100 107 105 105 109 108 113 1
103 98 103 144 142 99 154 137 104 122 152 113 2
101 98 132 393 367 128 382 416 139 322 428 178 3
109 119 121 337 313 121 327 351 131 323 372 153 4
104 119 107 136 135 105 154 137 111 121 152 113 5
100 98 131 365 320 120 384 453 158 313 443 182 6
101 98 137 367 317 113 366 435 148 290 419 173 7
100 98 104 122 119 94 121 126 102 109 164 109 8
103 98 103 101 105 103 360 400 132 291 362 152 9
100 98 102 103 105 109 401 455 145 310 408 172 10
103 119 105 106 109 100 154 141 102 125 153 15000 11
Chip#3
0 0 0 12 0 0 0 0 0 0 0 0 241
0 0 0 12 0 0 0 0 0 0 0 0 241
0 0 0 12 0 0 0 0 0 0 0 0 241
0 0 0 12 0 0 0 0 0 0 0 0 241
0 0 0 12 0 0 0 0 0 0 0 0 241
0 0 0 12 0 0 0 0 0 0 0 0 241
0 0 0 12 0 0 0 0 0 0 0 0 241
0 0 0 12 0 0 0 0 0 0 0 0 241
0 0 0 12 0 0 0 0 0 0 0 0 241
0 0 0 12 0 0 0 0 0 0 0 0 241
0 0 0 12 0 0 0 0 0 0 0 0 241
0 0 0 12 0 0 0 0 0 0 0 15000 241
Chip#4
0 0 0 0 0 0 0 0 0 0 0 0 241
0 0 0 0 0 0 0 0 0 0 0 0 241
0 0 0 0 0 0 0 0 0 0 0 0 241
0 0 0 0 0 0 0 0 0 0 0 0 241
0 0 0 0 0 0 0 0 0 0 0 0 241
0 0 0 0 0 0 0 0 0 0 0 0 241
0 0 0 0 0 0 0 0 0 0 0 0 241
0 0 0 0 0 0 0 0 0 0 0 0 241
0 0 0 0 0 0 0 0 0 0 0 0 241
0 0 0 0 0 0 0 0 0 0 0 0 241
0 0 0 0 0 0 0 0 0 0 0 0 241
0 0 0 0 0 0 0 0 0 0 0 15000 241
Chip#1
123 120 117 108 106 104 103 104 107 109 109 111 0
123 113 110 104 104 104 102 103 106 103 106 110 1
126 112 144 124 108 158 136 106 164 165 112 110 2
105 162 577 429 149 638 513 146 573 526 126 99 3
104 154 580 440 137 575 446 127 501 426 116 104 4
103 98 140 122 106 137 137 105 133 132 103 104 5
105 128 600 519 131 634 591 137 519 531 131 104 6
103 144 700 609 133 632 600 129 519 531 125 105 7
103 102 148 132 107 135 137 108 115 116 104 102 8
106 110 504 513 128 575 672 141 98 99 98 96 9
106 125 613 626 140 665 775 152 98 100 101 98 10
101 96 149 141 101 124 140 94 97 95 97 15000 11
Chip#2
104 98 99 100 104 94 98 97 100 94 103 107 0
110 119 103 103 108 96 103 97 105 107 108 114 1
115 119 113 155 150 108 154 149 108 132 163 115 2
105 119 137 407 378 133 381 419 152 334 437 185 3
103 119 119 334 310 121 321 345 128 335 370 154 4
104 119 107 135 132 103 154 135 105 117 147 114 5
112 98 135 375 326 125 393 462 156 326 447 190 6
98 98 129 361 315 114 367 429 141 290 411 176 7
101 119 109 127 127 108 154 133 115 119 142 114 8
100 98 103 103 107 103 360 399 130 291 365 148 9
106 119 108 103 109 110 410 459 158 317 416 170 10
104 119 103 105 104 102 154 147 106 127 147 15000 11
Chip#3
0 0 0 12 0 0 0 0 0 0 0 0 241
0 0 0 12 0 0 0 0 0 0 0 0 241
0 0 0 12 0 0 0 0 0 0 0 0 241
0 0 0 12 0 0 0 0 0 0 0 0 241
0 0 0 12 0 0 0 0 0 0 0 0 241
0 0 0 12 0 0 0 0 0 0 0 0 241
0 0 0 12 0 0 0 0 0 0 0 0 241
0 0 0 12 0 0 0 0 0 0 0 0 241
0 0 0 12 0 0 0 0 0 0 0 0 241
0 0 0 12 0 0 0 0 0 0 0 0 241
0 0 0 12 0 0 0 0 0 0 0 0 241
0 0 0 12 0 0 0 0 0 0 0 15000 241
Chip#4
0 0 0 0 0 0 0 0 0 0 0 0 241
0 0 0 0 0 0 0 0 0 0 0 0 241
0 0 0 0 0 0 0 0 0 0 0 0 241
0 0 0 0 0 0 0 0 0 0 0 0 241
0 0 0 0 0 0 0 0 0 0 0 0 241
0 0 0 0 0 0 0 0 0 0 0 0 241
0 0 0 0 0 0 0 0 0 0 0 0 241
0 0 0 0 0 0 0 0 0 0 0 0 241
0 0 0 0 0 0 0 0 0 0 0 0 241
0 0 0 0 0 0 0 0 0 0 0 0 241
0 0 0 0 0 0 0 0 0 0 0 0 241
0 0 0 0 0 0 0 0 0 0 0 15000 241
Chip#1
117 112 113 106 101 103 102 105 106 107 108 112 0
120 103 105 102 103 103 97 103 106 105 106 112 1
118 104 140 119 106 148 129 108 156 150 105 105 2
110 161 581 431 154 632 517 151 571 521 125 106 3
103 150 582 435 135 569 439 129 485 420 111 105 4
102 100 145 117 104 135 136 102 132 133 99 106 5
105 134 599 514 131 631 582 135 521 529 135 106 6
104 137 691 599 135 622 591 131 469 498 121 106 7
108 98 143 131 106 127 130 104 110 110 98 104 8
103 109 504 511 131 573 672 147 104 106 101 103 9
98 114 609 614 131 658 758 146 100 93 95 98 10
110 95 153 145 108 123 141 102 106 101 99 15000 11
Chip#2
112 119 109 107 110 100 107 101 108 109 107 114 0
111 119 107 108 107 98 105 103 106 104 106 113 1
104 119 108 147 148 94 154 142 106 127 158 114 2
98 119 128 401 366 126 375 408 158 325 431 183 3
95 119 117 326 303 110 313 343 128 325 363 145 4
100 98 103 132 127 100 121 133 102 117 149 110 5
104 98 134 372 321 115 388 453 148 323 440 183 6
107 119 137 375 322 122 372 435 158 290 418 177 7
107 119 110 129 124 108 127 133 113 121 142 111 8
106 119 110 111 110 110 364 399 137 291 369 156 9
109 119 111 106 109 110 410 460 158 318 414 180 10
101 98 102 97 105 91 154 140 100 121 148 15000 11
Chip#3
0 0 0 12 0 0 0 0 0 0 0 0 241
0 0 0 12 0 0 0 0 0 0 0 0 241
0 0 0 12 0 0 0 0 0 0 0 0 241
0 0 0 12 0 0 0 0 0 0 0 0 241
0 0 0 12 0 0 0 0 0 0 0 0 241
0 0 0 12 0 0 0 0 0 0 0 0 241
0 0 0 12 0 0 0 0 0 0 0 0 241
0 0 0 12 0 0 0 0 0 0 0 0 241
0 0 0 12 0 0 0 0 0 0 0 0 241
0 0 0 12 0 0 0 0 0 0 0 0 241
0 0 0 12 0 0 0 0 0 0 0 0 241
0 0 0 12 0 0 0 0 0 0 0 15000 241
Chip#4
0 0 0 0 0 0 0 0 0 0 0 0 241
0 0 0 0 0 0 0 0 0 0 0 0 241
0 0 0 0 0 0 0 0 0 0 0 0 241
0 0 0 0 0 0 0 0 0 0 0 0 241
0 0 0 0 0 0 0 0 0 0 0 0 241
0 0 0 0 0 0 0 0 0 0 0 0 241
0 0 0 0 0 0 0 0 0 0 0 0 241
0 0 0 0 0 0 0 0 0 0 0 0 241
0 0 0 0 0 0 0 0 0 0 0 0 241
0 0 0 0 0 0 0 0 0 0 0 0 241
0 0 0 0 0 0 0 0 0 0 0 0 241
0 0 0 0 0 0 0 0 0 0 0 15000 241
Chip#1
113 114 113 105 108 103 104 102 108 105 105 108 0
121 114 112 104 106 103 105 102 107 106 108 111 1
115 105 142 115 104 148 134 100 157 159 103 104 2
106 166 586 429 152 631 515 146 574 525 121 102 3
111 162 587 443 140 576 456 133 484 429 113 111 4
104 104 140 122 107 134 134 101 132 138 102 104 5
113 142 605 528 135 639 598 140 523 543 135 115 6
99 138 691 602 132 628 600 130 524 543 120 103 7
105 101 147 131 105 130 137 104 111 111 102 103 8
106 110 488 517 130 579 677 144 107 100 103 105 9
101 115 609 616 132 664 771 142 99 95 97 102 10
108 96 148 146 98 121 140 93 98 94 92 15000 11
Chip#2
115 119 108 105 108 102 103 106 105 103 110 114 0
108 119 109 105 105 98 105 101 106 108 109 114 1
104 119 108 141 143 95 154 140 101 123 157 114 2
107 119 137 406 378 134 385 419 158 332 445 185 3
109 119 127 341 317 121 328 356 136 287 380 158 4
105 98 107 133 129 102 126 134 109 124 148 109 5
99 98 128 370 321 111 382 449 158 314 440 180 6
98 98 129 365 319 115 361 430 143 315 412 167 7
102 119 103 123 120 99 154 128 108 115 142 114 8
110 119 110 111 116 110 367 403 136 291 374 154 9
101 119 104 107 108 111 410 454 144 312 413 172 10
98 119 101 100 102 95 154 138 106 120 149 15000 11
Chip#3
0 0 0 12 0 0 0 0 0 0 0 0 241
0 0 0 12 0 0 0 0 0 0 0 0 241
0 0 0 12 0 0 0 0 0 0 0 0 241
0 0 0 12 0 0 0 0 0 0 0 0 241
0 0 0 12 0 0 0 0 0 0 0 0 241
0 0 0 12 0 0 0 0 0 0 0 0 241
0 0 0 12 0 0 0 0 0 0 0 0 241
0 0 0 12 0 0 0 0 0 0 0 0 241
0 0 0 12 0 0 0 0 0 0 0 0 241
0 0 0 12 0 0 0 0 0 0 0 0 241
0 0 0 12 0 0 0 0 0 0 0 0 241
0 0 0 12 0 0 0 0 0 0 0 15000 241
Chip#4
0 0 0 0 0 0 0 0 0 0 0 0 241
0 0 0 0 0 0 0 0 0 0 0 0 241
0 0 0 0 0 0 0 0 0 0 0 0 241
0 0 0 0 0 0 0 0 0 0 0 0 241
0 0 0 0 0 0 0 0 0 0 0 0 241
0 0 0 0 0 0 0 0 0 0 0 0 241
0 0 0 0 0 0 0 0 0 0 0 0 241
0 0 0 0 0 0 0 0 0 0 0 0 241
0 0 0 0 0 0 0 0 0 0 0 0 241
0 0 0 0 0 0 0 0 0 0 0 0 241
0 0 0 0 0 0 0 0 0 0 0 0 241
0 0 0 0 0 0 0 0 0 0 0 15000 241
Chip#1
118 112 110 104 105 105 102 102 105 104 103 107 0
118 108 104 98 100 100 96 99 102 101 101 104 1
116 104 148 115 105 155 133 101 158 158 102 107 2
99 156 581 424 143 631 510 142 568 524 117 99 3
106 157 589 436 140 573 448 131 501 420 117 110 4
106 106 149 117 108 140 137 103 137 139 101 105 5
111 138 605 520 133 631 594 137 526 535 132 111 6
104 140 699 599 136 624 594 128 469 498 124 105 7
112 106 156 133 116 138 147 105 120 122 109 110 8
100 111 504 512 123 575 674 143 103 103 103 101 9
98 116 602 616 133 654 760 140 97 94 96 96 10
100 90 144 136 98 118 130 92 95 90 91 15000 11
Chip#2
115 119 111 111 113 103 108 106 110 111 112 115 0
104 98 105 102 104 98 98 97 102 101 106 111 1
101 119 105 149 140 102 154 143 104 120 157 113 2
103 119 137 403 377 131 381 419 158 332 439 186 3
106 98 126 337 313 127 327 353 136 283 380 157 4
100 98 104 130 128 104 121 138 108 119 146 105 5
104 98 129 372 327 117 393 455 160 321 446 189 6
103 119 133 365 323 116 370 434 158 322 420 170 7
107 119 108 123 123 107 154 139 113 115 142 114 8
98 98 100 97 103 101 360 395 129 273 364 147 9
103 119 107 107 108 108 410 449 158 309 408 177 10
104 98 107 105 109 103 154 144 107 122 153 15000 11
Chip#3
0 0 0 12 0 0 0 0 0 0 0 0 241
0 0 0 12 0 0 0 0 0 0 0 0 241
0 0 0 12 0 0 0 0 0 0 0 0 241
0 0 0 12 0 0 0 0 0 0 0 0 241
0 0 0 12 0 0 0 0 0 0 0 0 241
0 0 0 12 0 0 0 0 0 0 0 0 241
0 0 0 12 0 0 0 0 0 0 0 0 241
0 0 0 12 0 0 0 0 0 0 0 0 241
0 0 0 12 0 0 0 0 0 0 0 0 241
0 0 0 12 0 0 0 0 0 0 0 0 241
0 0 0 12 0 0 0 0 0 0 0 0 241
0 0 0 12 0 0 0 0 0 0 0 15000 241
Chip#4
0 0 0 0 0 0 0 0 0 0 0 0 241
0 0 0 0 0 0 0 0 0 0 0 0 241
0 0 0 0 0 0 0 0 0 0 0 0 241
0 0 0 0 0 0 0 0 0 0 0 0 241
0 0 0 0 0 0 0 0 0 0 0 0 241
0 0 0 0 0 0 0 0 0 0 0 0 241
0 0 0 0 0 0 0 0 0 0 0 0 241
0 0 0 0 0 0 0 0 0 0 0 0 241
0 0 0 0 0 0 0 0 0 0 0 0 241
0 0 0 0 0 0 0 0 0 0 0 0 241
0 0 0 0 0 0 0 0 0 0 0 0 241
0 0 0 0 0 0 0 0 0 0 0 15000 241
Chip#1
142 115 114 111 110 103 108 109 107 106 110 112 0
117 106 99 98 100 99 95 98 104 100 102 109 1
121 112 144 123 108 153 135 105 164 160 108 110 2
113 167 581 433 152 637 520 154 584 527 127 109 3
105 156 586 437 137 571 444 131 485 418 114 104 4
104 98 143 120 105 133 133 104 130 134 102 107 5
104 129 595 514 126 626 585 133 522 531 125 102 6
103 136 687 593 132 624 592 126 469 496 124 104 7
104 104 147 129 110 131 140 102 113 111 102 103 8
100 107 488 515 127 562 667 136 104 100 97 98 9
99 116 601 615 130 658 759 143 102 99 94 99 10
100 98 143 140 99 116 135 94 99 90 90 15000 11
Chip#2
100 98 104 101 101 97 98 94 98 97 104 104 0
109 119 114 111 113 100 105 108 112 107 106 113 1
100 119 102 148 144 99 154 135 104 122 155 114 2
110 119 143 406 379 134 385 421 158 336 443 186 3
90 98 113 329 306 109 313 339 119 275 364 144 4
104 119 111 134 131 105 154 134 108 122 149 114 5
104 119 135 377 331 125 394 455 158 318 447 189 6
91 98 133 365 314 114 358 424 137 319 410 167 7
101 98 108 121 123 101 125 132 106 117 142 113 8
101 98 105 110 109 111 364 396 140 275 370 151 9
106 119 109 110 113 109 410 461 158 317 417 180 10
104 98 108 102 110 102 132 140 101 126 152 15000 11
Chip#3
0 0 0 12 0 0 0 0 0 0 0 0 241
0 0 0 12 0 0 0 0 0 0 0 0 241
0 0 0 12 0 0 0 0 0 0 0 0 241
0 0 0 12 0 0 0 0 0 0 0 0 241
0 0 0 12 0 0 0 0 0 0 0 0 241
0 0 0 12 0 0 0 0 0 0 0 0 241
0 0 0 12 0 0 0 0 0 0 0 0 241
0 0 0 12 0 0 0 0 0 0 0 0 241
0 0 0 12 0 0 0 0 0 0 0 0 241
0 0 0 12 0 0 0 0 0 0 0 0 241
0 0 0 12 0 0 0 0 0 0 0 0 241
0 0 0 12 0 0 0 0 0 0 0 15000 241
Chip#4
0 0 0 0 0 0 0 0 0 0 0 0 241
0 0 0 0 0 0 0 0 0 0 0 0 241
0 0 0 0 0 0 0 0 0 0 0 0 241
0 0 0 0 0 0 0 0 0 0 0 0 241
0 0 0 0 0 0 0 0 0 0 0 0 241
0 0 0 0 0 0 0 0 0 0 0 0 241
0 0 0 0 0 0 0 0 0 0 0 0 241
0 0 0 0 0 0 0 0 0 0 0 0 241
0 0 0 0 0 0 0 0 0 0 0 0 241
0 0 0 0 0 0 0 0 0 0 0 0 241
0 0 0 0 0 0 0 0 0 0 0 0 241
0 0 0 0 0 0 0 0 0 0 0 15000 241
Chip#1
110 108 107 99 97 98 97 99 105 101 103 102 0
116 109 104 105 103 102 102 97 100 100 104 103 1
116 107 142 119 104 157 135 102 158 154 112 104 2
105 161 574 426 150 630 506 144 568 515 120 109 3
109 102 151 147 104 128 142 100 106 104 99 15000 11
Chip#2
111 119 113 108 112 99 107 105 111 108 111 113 0
103 98 104 129 132 101 127 134 109 117 147 111 5
103 119 134 365 325 116 385 454 158 317 441 185 6
104 119 134 371 323 117 375 430 158 318 418 176 7
103 119 114 123 126 104 125 132 109 112 142 113 8
107 119 110 107 114 114 365 402 135 291 370 159 9
98 119 105 101 104 104 410 449 158 308 405 169 10
91 98 96 91 99 89 120 132 97 110 143 15000 11
Chip#3
0 0 0 12 0 0 0 0 0 0 0 0 241
0 0 0 12 0 0 0 0 0 0 0 0 241
0 0 0 12 0 0 0 0 0 0 0 0 241
0 0 0 12 0 0 0 0 0 0 0 0 241
0 0 0 12 0 0 0 0 0 0 0 0 241
0 0 0 12 0 0 0 0 0 0 0 0 241
0 0 0 12 0 0 0 0 0 0 0 0 241
0 0 0 12 0 0 0 0 0 0 0 0 241
0 0 0 12 0 0 0 0 0 0 0 0 241
0 0 0 12 0 0 0 0 0 0 0 0 241
0 0 0 12 0 0 0 0 0 0 0 0 241
0 0 0 12 0 0 0 0 0 0 0 15000 241
Chip#4
0 0 0 0 0 0 0 0 0 0 0 0 241
0 0 0 0 0 0 0 0 0 0 0 0 241
0 0 0 0 0 0 0 0 0 0 0 0 241
0 0 0 0 0 0 0 0 0 0 0 0 241
0 0 0 0 0 0 0 0 0 0 0 0 241
0 0 0 0 0 0 0 0 0 0 0 0 241
0 0 0 0 0 0 0 0 0 0 0 0 241
0 0 0 0 0 0 0 0 0 0 0 0 241
0 0 0 0 0 0 0 0 0 0 0 0 241
0 0 0 0 0 0 0 0 0 0 0 0 241
0 0 0 0 0 0 0 0 0 0 0 15000 241
Chip#1
110 112 114 104 104 103 96 103 107 103 103 106 0
123 113 109 108 108 107 111 105 108 107 106 116 1
123 113 149 124 107 153 136 110 158 164 108 109 2
113 163 579 430 154 634 513 148 571 520 126 111 3
106 154 579 431 138 566 434 127 485 412 113 106 4
109 103 145 124 104 143 134 106 135 139 103 105 5
106 132 599 511 132 627 583 136 509 526 131 102 6
100 141 684 593 133 619 581 129 469 490 120 98 7
94 95 142 129 105 123 129 97 107 109 97 97 8
99 113 488 515 126 565 659 142 108 100 103 100 9
100 122 603 610 134 649 762 141 101 103 98 110 10
109 103 151 143 105 130 140 104 102 100 99 15000 11
Chip#2
114 119 109 107 115 104 101 103 107 109 111 114 0
108 119 105 106 109 99 96 99 105 103 106 114 1
109 119 111 154 149 110 154 141 112 128 160 119 2
94 98 126 390 369 120 372 407 141 321 431 172 3
109 119 126 339 313 124 318 351 133 322 380 154 4
109 119 108 134 135 103 125 135 111 117 149 111 5
103 98 131 365 322 115 384 446 158 319 436 184 6
102 98 128 360 316 118 361 426 142 320 411 171 7
105 119 111 129 126 103 120 134 109 116 155 114 8
110 119 114 110 119 114 366 403 158 307 376 162 9
104 119 102 105 112 106 410 449 158 312 410 176 10
104 119 105 102 111 98 154 147 108 127 151 15000 11
Chip#3
0 0 0 12 0 0 0 0 0 0 0 0 241
0 0 0 12 0 0 0 0 0 0 0 0 241
0 0 0 12 0 0 0 0 0 0 0 0 241
0 0 0 12 0 0 0 0 0 0 0 0 241
0 0 0 12 0 0 0 0 0 0 0 0 241
0 0 0 12 0 0 0 0 0 0 0 0 241
0 0 0 12 0 0 0 0 0 0 0 0 241
0 0 0 12 0 0 0 0 0 0 0 0 241
0 0 0 12 0 0 0 0 0 0 0 0 241
0 0 0 12 0 0 0 0 0 0 0 0 241
0 0 0 12 0 0 0 0 0 0 0 0 241
0 0 0 12 0 0 0 0 0 0 0 15000 241
Chip#4
0 0 0 0 0 0 0 0 0 0 0 0 241
0 0 0 0 0 0 0 0 0 0 0 0 241
0 0 0 0 0 0 0 0 0 0 0 0 241
0 0 0 0 0 0 0 0 0 0 0 0 241
0 0 0 0 0 0 0 0 0 0 0 0 241
0 0 0 0 0 0 0 0 0 0 0 0 241
0 0 0 0 0 0 0 0 0 0 0 0 241
0 0 0 0 0 0 0 0 0 0 0 0 241
0 0 0 0 0 0 0 0 0 0 0 0 241
0 0 0 0 0 0 0 0 0 0 0 0 241
0 0 0 0 0 0 0 0 0 0 0 0 241
0 0 0 0 0 0 0 0 0 0 0 15000 241
Chip#1
106 107 100 99 99 94 97 94 97 99 101 101 0
142 114 108 105 105 103 102 100 107 107 105 109 1
120 104 149 119 107 148 139 105 159 158 106 109 2
114 169 580 429 156 622 512 149 570 522 130 105 3
105 155 573 430 137 559 444 124 469 409 110 105 4
108 104 145 124 110 138 133 105 139 137 104 105 5
102 135 589 510 127 622 585 133 513 523 130 104 6
103 136 677 588 132 614 585 129 469 485 119 102 7
109 103 144 134 109 126 141 105 114 116 104 105 8
105 112 488 515 130 561 653 143 104 100 101 106 9
99 118 594 606 134 639 746 142 105 97 98 97 10
112 97 149 141 101 124 137 92 101 99 99 15000 11
Chip#2
111 119 105 103 105 95 101 99 102 99 106 114 0
112 119 105 108 108 100 102 100 107 108 110 114 1
103 119 109 149 147 100 154 142 108 124 158 114 2
100 119 139 401 372 133 372 410 158 328 437 186 3
97 98 116 327 306 111 310 339 127 270 369 150 4
98 119 98 128 126 99 154 129 99 116 143 104 5
99 119 131 368 317 114 384 448 158 309 439 184 6
101 119 131 360 317 114 354 428 136 310 410 167 7
101 119 105 125 116 104 120 126 101 108 142 114 8
113 119 110 113 114 115 363 400 144 281 370 160 9
105 119 111 113 110 116 410 451 158 312 412 178 10
106 119 108 106 110 105 154 146 107 124 148 15000 11
Chip#3
0 0 0 12 0 0 0 0 0 0 0 0 241
0 0 0 12 0 0 0 0 0 0 0 0 241
0 0 0 12 0 0 0 0 0 0 0 0 241
0 0 0 12 0 0 0 0 0 0 0 0 241
0 0 0 12 0 0 0 0 0 0 0 0 241
0 0 0 12 0 0 0 0 0 0 0 0 241
0 0 0 12 0 0 0 0 0 0 0 0 241
0 0 0 12 0 0 0 0 0 0 0 0 241
0 0 0 12 0 0 0 0 0 0 0 0 241
0 0 0 12 0 0 0 0 0 0 0 0 241
0 0 0 12 0 0 0 0 0 0 0 0 241
0 0 0 12 0 0 0 0 0 0 0 15000 241
Chip#4
0 0 0 0 0 0 0 0 0 0 0 0 241
0 0 0 0 0 0 0 0 0 0 0 0 241
0 0 0 0 0 0 0 0 0 0 0 0 241
0 0 0 0 0 0 0 0 0 0 0 0 241
0 0 0 0 0 0 0 0 0 0 0 0 241
0 0 0 0 0 0 0 0 0 0 0 0 241
0 0 0 0 0 0 0 0 0 0 0 0 241
0 0 0 0 0 0 0 0 0 0 0 0 241
0 0 0 0 0 0 0 0 0 0 0 0 241
0 0 0 0 0 0 0 0 0 0 0 0 241
0 0 0 0 0 0 0 0 0 0 0 0 241
0 0 0 0 0 0 0 0 0 0 0 15000 241
Chip#1
113 106 113 104 99 102 102 99 106 109 102 104 0
116 112 105 102 99 99 98 97 109 105 108 112 1
121 112 145 125 105 150 135 106 163 160 109 112 2
101 162 574 423 148 623 506 148 564 509 121 105 3
106 152 574 428 139 557 440 131 485 416 112 104 4
104 101 143 122 106 131 135 103 132 134 102 104 5
99 131 586 515 124 620 572 129 508 518 126 105 6
102 138 682 585 128 610 578 124 461 482 125 99 7
105 98 143 131 108 130 134 104 111 115 102 102 8
102 114 488 531 129 565 652 144 107 101 99 105 9
105 125 600 615 137 647 762 147 107 105 102 109 10
104 96 154 143 104 122 138 94 104 101 97 15000 11
Chip#2
106 98 107 107 110 97 98 96 100 103 103 110 0
111 98 110 111 114 103 106 102 108 105 110 113 1
106 119 108 150 147 102 154 139 104 119 157 114 2
104 119 132 398 366 126 369 408 158 324 430 183 3
111 119 133 339 316 127 325 354 138 325 376 159 4
109 119 137 371 322 126 389 452 158 318 442 189 6
107 119 127 359 317 110 363 429 158 319 408 172 7
101 119 109 122 123 103 120 131 108 115 153 107 8
105 98 105 106 110 114 353 391 137 275 365 151 9
111 119 115 119 118 122 410 459 159 317 414 185 10
101 98 105 107 113 103 154 146 106 124 151 15000 11
Chip#3
0 0 0 12 0 0 0 0 0 0 0 0 241
0 0 0 12 0 0 0 0 0 0 0 0 241
0 0 0 12 0 0 0 0 0 0 0 0 241
0 0 0 12 0 0 0 0 0 0 0 0 241
0 0 0 12 0 0 0 0 0 0 0 0 241
0 0 0 12 0 0 0 0 0 0 0 0 241
0 0 0 12 0 0 0 0 0 0 0 0 241
0 0 0 12 0 0 0 0 0 0 0 0 241
0 0 0 12 0 0 0 0 0 0 0 0 241
0 0 0 12 0 0 0 0 0 0 0 0 241
0 0 0 12 0 0 0 0 0 0 0 0 241
0 0 0 12 0 0 0 0 0 0 0 15000 241
Chip#4
0 0 0 0 0 0 0 0 0 0 0 0 241
0 0 0 0 0 0 0 0 0 0 0 0 241
0 0 0 0 0 0 0 0 0 0 0 0 241
0 0 0 0 0 0 0 0 0 0 0 0 241
0 0 0 0 0 0 0 0 0 0 0 0 241
0 0 0 0 0 0 0 0 0 0 0 0 241
0 0 0 0 0 0 0 0 0 0 0 0 241
0 0 0 0 0 0 0 0 0 0 0 0 241
0 0 0 0 0 0 0 0 0 0 0 0 241
0 0 0 0 0 0 0 0 0 0 0 0 241
0 0 0 0 0 0 0 0 0 0 0 0 241
0 0 0 0 0 0 0 0 0 0 0 15000 241
Chip#1
108 108 101 96 99 97 98 98 101 96 103 102 0
108 106 101 98 96 97 98 92 100 95 102 102 1
116 109 145 122 105 150 135 102 161 153 108 106 2
110 164 573 425 147 621 508 147 562 514 126 108 3
102 155 576 425 134 556 439 127 485 404 110 105 4
98 101 136 116 100 129 127 99 130 133 96 100 5
104 135 589 510 127 620 581 131 508 519 127 106 6
109 140 680 592 139 617 588 128 469 485 121 108 7
105 103 145 129 105 130 133 99 108 106 101 99 8
109 116 488 515 128 564 662 143 109 105 104 105 9
104 121 601 608 137 649 762 149 106 103 103 106 10
102 97 148 145 102 124 141 95 101 100 98 15000 11
Chip#2
109 119 109 105 110 100 101 102 112 105 108 114 0
105 98 101 101 102 98 99 95 100 101 99 113 1
110 119 105 147 145 105 154 140 111 120 160 120 2
100 98 126 386 361 128 366 403 139 316 428 180 3
103 119 119 327 305 119 316 340 128 317 365 151 4
103 119 108 130 127 105 124 138 109 122 147 114 5
106 119 134 368 322 119 385 449 158 319 442 192 6
100 98 126 354 309 112 357 428 143 320 407 166 7
109 98 108 122 120 103 121 132 112 115 142 113 8
104 119 105 100 108 108 352 390 132 270 368 147 9
101 98 104 103 107 110 393 447 148 310 408 172 10
111 98 113 110 115 105 154 148 112 133 157 15000 11
Chip#3
0 0 0 12 0 0 0 0 0 0 0 0 241
0 0 0 12 0 0 0 0 0 0 0 0 241
0 0 0 12 0 0 0 0 0 0 0 0 241
0 0 0 12 0 0 0 0 0 0 0 0 241
0 0 0 12 0 0 0 0 0 0 0 0 241
0 0 0 12 0 0 0 0 0 0 0 0 241
0 0 0 12 0 0 0 0 0 0 0 0 241
0 0 0 12 0 0 0 0 0 0 0 0 241
0 0 0 12 0 0 0 0 0 0 0 0 241
0 0 0 12 0 0 0 0 0 0 0 0 241
0 0 0 12 0 0 0 0 0 0 0 0 241
0 0 0 12 0 0 0 0 0 0 0 15000 241
Chip#4
0 0 0 0 0 0 0 0 0 0 0 0 241
0 0 0 0 0 0 0 0 0 0 0 0 241
0 0 0 0 0 0 0 0 0 0 0 0 241
0 0 0 0 0 0 0 0 0 0 0 0 241
0 0 0 0 0 0 0 0 0 0 0 0 241
0 0 0 0 0 0 0 0 0 0 0 0 241
0 0 0 0 0 0 0 0 0 0 0 0 241
0 0 0 0 0 0 0 0 0 0 0 0 241
0 0 0 0 0 0 0 0 0 0 0 0 241
0 0 0 0 0 0 0 0 0 0 0 0 241
0 0 0 0 0 0 0 0 0 0 0 0 241
0 0 0 0 0 0 0 0 0 0 0 15000 241
Chip#1
116 110 114 103 104 108 105 103 106 103 105 108 0
116 113 100 99 101 102 95 99 103 104 103 105 1
110 100 139 113 98 143 123 98 150 151 101 98 2
106 157 568 415 147 620 506 144 558 505 121 101 3
105 150 570 426 131 557 434 126 469 407 105 104 4
103 104 145 118 104 136 131 105 131 133 103 105 5
102 128 585 515 130 620 575 133 502 514 125 101 6
96 131 679 578 127 608 579 126 457 476 117 104 7
103 104 145 133 109 131 138 106 115 107 103 104 8
110 121 488 515 136 570 657 146 105 101 108 103 9
102 120 602 602 138 644 746 149 102 99 95 97 10
111 101 147 146 99 125 138 95 104 100 101 15000 11
Chip#2
104 98 101 105 102 92 103 97 101 100 102 106 0
104 98 102 98 103 94 100 95 102 102 102 105 1
104 98 103 140 140 98 129 132 101 119 151 110 2
101 98 135 390 367 130 370 406 144 326 434 180 3
98 98 122 327 300 116 309 340 129 269 367 146 4
99 119 105 134 129 99 154 135 108 114 148 114 5
99 98 127 361 311 111 382 444 145 307 434 182 6
105 119 132 360 319 119 369 426 144 308 411 170 7
104 98 103 119 118 99 122 127 105 112 142 106 8
105 119 108 105 112 109 361 397 132 273 369 148 9
107 119 108 105 112 114 410 444 158 312 406 180 10
106 98 109 106 114 102 154 146 109 120 154 15000 11
Chip#3
0 0 0 12 0 0 0 0 0 0 0 0 241
0 0 0 12 0 0 0 0 0 0 0 0 241
0 0 0 12 0 0 0 0 0 0 0 0 241
0 0 0 12 0 0 0 0 0 0 0 0 241
0 0 0 12 0 0 0 0 0 0 0 0 241
0 0 0 12 0 0 0 0 0 0 0 0 241
0 0 0 12 0 0 0 0 0 0 0 0 241
0 0 0 12 0 0 0 0 0 0 0 0 241
0 0 0 12 0 0 0 0 0 0 0 0 241
0 0 0 12 0 0 0 0 0 0 0 0 241
0 0 0 12 0 0 0 0 0 0 0 0 241
0 0 0 12 0 0 0 0 0 0 0 15000 241
Chip#4
0 0 0 0 0 0 0 0 0 0 0 0 241
0 0 0 0 0 0 0 0 0 0 0 0 241
0 0 0 0 0 0 0 0 0 0 0 0 241
0 0 0 0 0 0 0 0 0 0 0 0 241
0 0 0 0 0 0 0 0 0 0 0 0 241
0 0 0 0 0 0 0 0 0 0 0 0 241
0 0 0 0 0 0 0 0 0 0 0 0 241
0 0 0 0 0 0 0 0 0 0 0 0 241
0 0 0 0 0 0 0 0 0 0 0 0 241
0 0 0 0 0 0 0 0 0 0 0 0 241
0 0 0 0 0 0 0 0 0 0 0 0 241
0 0 0 0 0 0 0 0 0 0 0 15000 241
Chip#1
109 104 105 98 100 103 99 95 104 106 97 103 0
117 115 112 99 105 102 103 99 104 104 106 106 1
110 103 145 115 104 151 128 97 157 158 104 98 2
107 164 568 418 146 617 522 143 555 506 118 104 3
101 150 570 417 133 549 421 121 469 407 105 98 4
101 101 143 117 106 135 130 103 130 140 98 98 5
99 129 587 515 129 620 578 133 503 520 127 97 6
95 132 674 578 131 611 576 126 469 481 114 96 7
102 102 145 129 108 131 130 102 114 113 97 98 8
102 116 504 515 132 561 655 142 110 107 102 106 9
96 117 599 609 139 642 746 144 102 101 97 101 10
104 100 147 140 105 119 133 95 101 98 96 15000 11
Chip#2
104 98 102 103 105 96 105 95 102 98 98 110 0
108 119 105 106 110 97 100 102 102 103 103 114 1
99 119 107 145 141 98 154 133 105 116 147 114 2
110 119 134 393 365 134 372 408 158 328 430 190 3
103 98 117 327 302 113 313 340 130 275 365 151 4
106 119 107 139 126 102 124 139 112 116 149 114 5
109 119 141 370 323 125 410 454 164 322 442 194 6
101 119 135 365 313 119 367 432 158 323 412 169 7
101 98 103 123 120 98 118 133 107 111 142 110 8
109 119 107 108 108 110 359 395 138 279 367 153 9
103 98 105 107 105 108 391 449 149 307 408 172 10
108 119 110 111 112 103 170 150 109 128 157 15000 11
Chip#3
0 0 0 12 0 0 0 0 0 0 0 0 241
0 0 0 12 0 0 0 0 0 0 0 0 241
0 0 0 12 0 0 0 0 0 0 0 0 241
0 0 0 12 0 0 0 0 0 0 0 0 241
0 0 0 12 0 0 0 0 0 0 0 0 241
0 0 0 12 0 0 0 0 0 0 0 0 241
0 0 0 12 0 0 0 0 0 0 0 0 241
0 0 0 12 0 0 0 0 0 0 0 0 241
0 0 0 12 0 0 0 0 0 0 0 0 241
0 0 0 12 0 0 0 0 0 0 0 0 241
0 0 0 12 0 0 0 0 0 0 0 0 241
0 0 0 12 0 0 0 0 0 0 0 15000 241
Chip#4
0 0 0 0 0 0 0 0 0 0 0 0 241
0 0 0 0 0 0 0 0 0 0 0 0 241
0 0 0 0 0 0 0 0 0 0 0 0 241
0 0 0 0 0 0 0 0 0 0 0 0 241
0 0 0 0 0 0 0 0 0 0 0 0 241
0 0 0 0 0 0 0 0 0 0 0 0 241
0 0 0 0 0 0 0 0 0 0 0 0 241
0 0 0 0 0 0 0 0 0 0 0 0 241
0 0 0 0 0 0 0 0 0 0 0 0 241
0 0 0 0 0 0 0 0 0 0 0 0 241
0 0 0 0 0 0 0 0 0 0 0 0 241
0 0 0 0 0 0 0 0 0 0 0 15000 241
Chip#1
109 102 100 95 97 98 96 99 100 100 102 101 0
124 115 107 105 106 108 103 108 114 105 108 112 1
120 102 140 113 101 153 134 102 160 154 101 99 2
105 165 570 423 147 615 522 144 554 505 124 106 3
104 157 574 426 139 555 436 128 485 407 112 104 4
103 102 144 120 103 136 134 108 132 132 96 107 5
105 138 595 512 134 628 580 143 514 521 137 108 6
97 129 671 579 126 611 577 126 451 481 114 95 7
100 103 147 131 107 138 141 108 115 113 102 105 8
103 114 488 515 127 561 657 142 106 103 101 102 9
102 126 599 609 135 648 746 152 106 106 104 106 10
105 101 155 139 105 127 142 99 105 100 95 15000 11
Chip#2
110 119 111 111 107 100 103 101 106 105 110 114 0
107 98 103 102 103 97 102 96 100 97 102 111 1
101 119 105 144 142 99 129 133 107 117 153 113 2
99 98 132 385 361 125 365 405 142 316 424 183 3
107 119 123 330 311 120 317 338 132 276 369 156 4
103 119 104 136 130 98 154 134 111 116 148 114 5
112 119 143 375 323 126 391 459 166 319 448 197 6
97 98 129 352 309 111 360 423 139 320 406 164 7
99 119 104 123 121 100 154 129 105 109 142 114 8
109 119 109 112 110 112 357 390 136 271 363 152 9
105 119 104 108 105 110 410 443 158 309 407 177 10
107 119 111 110 114 104 154 145 106 126 152 15000 11
Chip#3
0 0 0 12 0 0 0 0 0 0 0 0 241
0 0 0 12 0 0 0 0 0 0 0 0 241
0 0 0 12 0 0 0 0 0 0 0 0 241
0 0 0 12 0 0 0 0 0 0 0 0 241
0 0 0 12 0 0 0 0 0 0 0 0 241
0 0 0 12 0 0 0 0 0 0 0 0 241
0 0 0 12 0 0 0 0 0 0 0 0 241
0 0 0 12 0 0 0 0 0 0 0 0 241
0 0 0 12 0 0 0 0 0 0 0 0 241
0 0 0 12 0 0 0 0 0 0 0 0 241
0 0 0 12 0 0 0 0 0 0 0 0 241
0 0 0 12 0 0 0 0 0 0 0 15000 241
Chip#4
0 0 0 0 0 0 0 0 0 0 0 0 241
0 0 0 0 0 0 0 0 0 0 0 0 241
0 0 0 0 0 0 0 0 0 0 0 0 241
0 0 0 0 0 0 0 0 0 0 0 0 241
0 0 0 0 0 0 0 0 0 0 0 0 241
0 0 0 0 0 0 0 0 0 0 0 0 241
0 0 0 0 0 0 0 0 0 0 0 0 241
0 0 0 0 0 0 0 0 0 0 0 0 241
0 0 0 0 0 0 0 0 0 0 0 0 241
0 0 0 0 0 0 0 0 0 0 0 0 241
0 0 0 0 0 0 0 0 0 0 0 0 241
0 0 0 0 0 0 0 0 0 0 0 15000 241
Chip#1
111 107 104 102 95 94 95 97 102 104 96 103 0
125 116 114 110 105 109 107 106 115 107 105 118 1
111 103 140 118 100 151 133 99 155 151 105 100 2
108 158 567 417 147 614 506 141 551 500 120 97 3
103 149 570 428 136 556 430 127 469 405 116 106 4
106 108 149 127 110 142 136 111 140 143 111 110 5
105 135 587 515 129 620 579 137 503 517 135 101 6
100 134 671 585 131 609 579 128 457 477 119 99 7
100 96 136 123 103 131 133 99 110 110 98 99 8
102 110 488 499 128 562 654 144 108 100 103 104 9
102 120 599 607 134 639 746 148 107 98 98 105 10
101 98 147 142 102 127 137 102 104 93 98 15000 11
Chip#2
111 119 108 110 113 103 106 101 106 99 103 114 0
111 119 115 110 113 104 108 108 109 110 112 117 1
103 98 103 148 139 95 154 134 100 117 154 113 2
100 98 132 383 360 128 369 399 141 316 426 182 3
98 98 119 327 296 115 309 333 126 270 359 147 4
103 98 109 133 126 104 121 131 108 115 149 113 5
104 119 131 361 315 120 382 446 158 309 431 184 6
99 98 127 346 306 107 354 421 138 270 402 164 7
105 119 111 125 125 107 124 131 111 113 142 113 8
105 98 108 107 110 104 351 386 133 274 365 153 9
105 119 111 112 112 109 410 447 158 311 411 182 10
112 119 113 113 120 109 154 151 115 127 155 15000 11
Chip#3
0 0 0 12 0 0 0 0 0 0 0 0 241
0 0 0 12 0 0 0 0 0 0 0 0 241
0 0 0 12 0 0 0 0 0 0 0 0 241
0 0 0 12 0 0 0 0 0 0 0 0 241
0 0 0 12 0 0 0 0 0 0 0 0 241
0 0 0 12 0 0 0 0 0 0 0 0 241
0 0 0 12 0 0 0 0 0 0 0 0 241
0 0 0 12 0 0 0 0 0 0 0 0 241
0 0 0 12 0 0 0 0 0 0 0 0 241
0 0 0 12 0 0 0 0 0 0 0 0 241
0 0 0 12 0 0 0 0 0 0 0 0 241
0 0 0 12 0 0 0 0 0 0 0 15000 241
Chip#4
0 0 0 0 0 0 0 0 0 0 0 0 241
0 0 0 0 0 0 0 0 0 0 0 0 241
0 0 0 0 0 0 0 0 0 0 0 0 241
0 0 0 0 0 0 0 0 0 0 0 0 241
0 0 0 0 0 0 0 0 0 0 0 0 241
0 0 0 0 0 0 0 0 0 0 0 0 241
0 0 0 0 0 0 0 0 0 0 0 0 241
0 0 0 0 0 0 0 0 0 0 0 0 241
0 0 0 0 0 0 0 0 0 0 0 0 241
0 0 0 0 0 0 0 0 0 0 0 0 241
0 0 0 0 0 0 0 0 0 0 0 0 241
0 0 0 0 0 0 0 0 0 0 0 15000 241
Chip#1
113 112 104 99 98 98 103 102 107 101 102 105 0
121 114 104 105 104 104 102 105 110 105 105 105 1
111 100 131 108 101 142 121 97 153 152 97 99 2
110 161 569 424 145 612 506 147 549 506 123 102 3
102 149 563 416 131 548 432 122 469 399 111 97 4
96 94 135 115 104 130 124 98 130 132 96 101 5
106 130 588 515 129 619 577 138 507 512 128 101 6
102 136 673 582 133 613 577 127 455 470 123 105 7
103 101 142 129 106 132 135 106 116 110 102 101 8
101 114 488 515 129 558 653 143 106 104 102 104 9
104 122 594 602 133 643 746 147 104 98 94 103 10
109 103 152 145 103 128 137 103 106 100 99 15000 11
Chip#2
100 98 105 100 101 94 101 96 100 101 101 111 0
103 119 104 106 107 94 100 96 102 102 103 114 1
107 98 108 144 140 98 127 138 105 121 155 113 2
106 119 135 387 367 134 372 404 158 325 430 189 3
98 98 114 315 295 112 307 338 121 268 360 145 4
101 98 105 129 129 98 121 135 109 120 149 107 5
104 119 134 364 316 116 388 453 158 317 436 185 6
95 98 121 347 298 110 359 416 137 274 402 160 7
104 119 105 119 116 102 154 129 103 114 147 114 8
109 119 111 110 113 110 357 400 135 279 368 158 9
111 119 114 112 116 117 410 459 158 321 417 185 10
101 98 102 94 105 95 154 140 99 120 151 15000 11
Chip#3
0 0 0 12 0 0 0 0 0 0 0 0 241
0 0 0 12 0 0 0 0 0 0 0 0 241
0 0 0 12 0 0 0 0 0 0 0 0 241
0 0 0 12 0 0 0 0 0 0 0 0 241
0 0 0 12 0 0 0 0 0 0 0 0 241
0 0 0 12 0 0 0 0 0 0 0 0 241
0 0 0 12 0 0 0 0 0 0 0 0 241
0 0 0 12 0 0 0 0 0 0 0 0 241
0 0 0 12 0 0 0 0 0 0 0 0 241
0 0 0 12 0 0 0 0 0 0 0 0 241
0 0 0 12 0 0 0 0 0 0 0 0 241
0 0 0 12 0 0 0 0 0 0 0 15000 241
Chip#4
0 0 0 0 0 0 0 0 0 0 0 0 241
0 0 0 0 0 0 0 0 0 0 0 0 241
0 0 0 0 0 0 0 0 0 0 0 0 241
0 0 0 0 0 0 0 0 0 0 0 0 241
0 0 0 0 0 0 0 0 0 0 0 0 241
0 0 0 0 0 0 0 0 0 0 0 0 241
0 0 0 0 0 0 0 0 0 0 0 0 241
0 0 0 0 0 0 0 0 0 0 0 0 241
0 0 0 0 0 0 0 0 0 0 0 0 241
0 0 0 0 0 0 0 0 0 0 0 0 241
0 0 0 0 0 0 0 0 0 0 0 0 241
0 0 0 0 0 0 0 0 0 0 0 15000 241
Chip#1
118 115 110 105 108 105 105 110 113 110 112 110 0
118 112 107 101 104 98 101 103 109 103 104 105 1
125 113 147 118 108 152 135 108 164 162 109 106 2
107 165 567 419 153 617 522 149 558 501 124 106 3
103 150 562 423 132 548 427 122 469 395 106 104 4
102 104 142 116 107 136 134 109 137 139 105 102 5
105 134 585 515 132 623 578 136 502 512 125 101 6
110 140 674 586 135 614 574 133 469 479 131 108 7
99 94 138 125 101 126 130 100 112 107 99 97 8
108 119 488 515 131 563 657 147 109 107 104 104 9
108 121 593 602 140 643 746 148 107 104 103 105 10
106 98 148 140 97 118 136 102 99 98 98 15000 11
Chip#2
100 98 102 95 102 93 97 95 98 98 102 104 0
106 98 104 100 103 99 99 95 102 102 105 109 1
105 119 103 144 142 100 154 139 106 121 158 114 2
104 119 138 383 359 129 370 402 146 321 430 183 3
101 119 119 324 302 122 317 344 126 322 367 154 4
107 119 113 141 131 107 130 139 115 121 151 114 5
105 98 132 355 307 116 378 443 148 309 431 183 6
99 119 132 350 310 115 361 420 158 309 406 170 7
110 119 114 128 130 112 154 139 115 120 143 114 8
104 119 111 107 107 109 352 389 133 275 363 151 9
111 119 114 107 112 115 426 453 158 314 417 179 10
105 98 110 106 105 96 154 139 104 127 152 15000 11
Chip#3
0 0 0 12 0 0 0 0 0 0 0 0 241
0 0 0 12 0 0 0 0 0 0 0 0 241
0 0 0 12 0 0 0 0 0 0 0 0 241
0 0 0 12 0 0 0 0 0 0 0 0 241
0 0 0 12 0 0 0 0 0 0 0 0 241
0 0 0 12 0 0 0 0 0 0 0 0 241
0 0 0 12 0 0 0 0 0 0 0 0 241
0 0 0 12 0 0 0 0 0 0 0 0 241
0 0 0 12 0 0 0 0 0 0 0 0 241
0 0 0 12 0 0 0 0 0 0 0 0 241
0 0 0 12 0 0 0 0 0 0 0 0 241
0 0 0 12 0 0 0 0 0 0 0 15000 241
Chip#4
0 0 0 0 0 0 0 0 0 0 0 0 241
0 0 0 0 0 0 0 0 0 0 0 0 241
0 0 0 0 0 0 0 0 0 0 0 0 241
0 0 0 0 0 0 0 0 0 0 0 0 241
0 0 0 0 0 0 0 0 0 0 0 0 241
0 0 0 0 0 0 0 0 0 0 0 0 241
0 0 0 0 0 0 0 0 0 0 0 0 241
0 0 0 0 0 0 0 0 0 0 0 0 241
0 0 0 0 0 0 0 0 0 0 0 0 241
0 0 0 0 0 0 0 0 0 0 0 0 241
0 0 0 0 0 0 0 0 0 0 0 0 241
0 0 0 0 0 0 0 0 0 0 0 15000 241
Chip#1
116 114 109 105 107 104 101 102 107 109 108 110 0
117 109 107 97 102 103 101 99 108 106 104 105 1
112 102 144 116 100 151 131 100 160 157 105 103 2
104 158 564 416 145 610 506 141 545 500 119 101 3
104 158 569 426 139 554 433 128 469 408 114 111 4
102 102 143 117 109 138 135 99 132 132 102 103 5
104 131 585 515 128 619 571 130 498 506 127 102 6
97 131 661 573 127 607 572 125 448 469 119 101 7
104 96 144 128 106 132 134 104 111 109 101 101 8
102 108 488 499 127 558 650 136 106 107 98 98 9
106 121 588 598 139 643 746 144 105 101 105 102 10
103 98 145 143 99 122 136 93 100 94 97 15000 11
Chip#2
98 98 91 96 97 83 96 89 94 92 93 99 0
111 119 108 105 110 100 100 106 111 102 107 114 1
114 119 111 154 144 103 154 144 113 127 160 115 2
103 119 132 387 363 129 366 401 145 321 428 182 3
100 98 121 325 301 115 311 336 124 275 358 151 4
93 98 97 124 120 94 117 124 97 109 142 99 5
107 119 129 361 316 126 381 449 158 314 430 183 6
104 119 132 354 309 119 363 421 158 315 406 169 7
103 119 105 121 121 100 154 126 108 111 142 114 8
110 119 104 106 110 114 352 394 138 276 367 157 9
99 119 109 102 110 109 389 441 148 307 410 171 10
100 119 104 102 105 98 154 143 105 127 152 15000 11
Chip#3
0 0 0 12 0 0 0 0 0 0 0 0 241
0 0 0 12 0 0 0 0 0 0 0 0 241
0 0 0 12 0 0 0 0 0 0 0 0 241
0 0 0 12 0 0 0 0 0 0 0 0 241
0 0 0 12 0 0 0 0 0 0 0 0 241
0 0 0 12 0 0 0 0 0 0 0 0 241
0 0 0 12 0 0 0 0 0 0 0 0 241
0 0 0 12 0 0 0 0 0 0 0 0 241
0 0 0 12 0 0 0 0 0 0 0 0 241
0 0 0 12 0 0 0 0 0 0 0 0 241
0 0 0 12 0 0 0 0 0 0 0 0 241
0 0 0 12 0 0 0 0 0 0 0 15000 241
Chip#4
0 0 0 0 0 0 0 0 0 0 0 0 241
0 0 0 0 0 0 0 0 0 0 0 0 241
0 0 0 0 0 0 0 0 0 0 0 0 241
0 0 0 0 0 0 0 0 0 0 0 0 241
0 0 0 0 0 0 0 0 0 0 0 0 241
0 0 0 0 0 0 0 0 0 0 0 0 241
0 0 0 0 0 0 0 0 0 0 0 0 241
0 0 0 0 0 0 0 0 0 0 0 0 241
0 0 0 0 0 0 0 0 0 0 0 0 241
0 0 0 0 0 0 0 0 0 0 0 0 241
0 0 0 0 0 0 0 0 0 0 0 0 241
0 0 0 0 0 0 0 0 0 0 0 15000 241
Chip#1
119 115 117 108 110 102 99 105 112 111 110 109 0
111 101 101 102 99 97 91 95 100 101 96 103 1
111 104 132 110 101 143 123 94 151 151 97 96 2
110 164 575 423 148 620 506 148 558 508 124 100 3
96 145 570 417 128 546 419 117 469 394 101 97 4
102 103 145 118 109 132 129 105 135 139 104 103 5
108 134 589 510 132 625 574 135 506 519 127 104 6
102 135 671 586 131 607 576 131 458 471 120 103 7
100 96 140 126 105 122 124 98 109 106 99 98 8
103 114 488 515 131 564 654 147 111 105 104 99 9
108 127 596 615 140 652 762 151 110 105 104 108 10
104 102 149 142 103 124 135 98 98 97 97 15000 11
Chip#2
114 119 110 108 107 98 103 105 109 105 107 113 0
110 98 108 110 110 97 103 102 108 105 106 113 1
110 119 109 151 142 107 154 143 108 129 157 115 2
100 98 129 383 358 121 360 397 139 321 426 180 3
101 119 121 326 305 116 311 343 129 322 372 152 4
103 119 105 125 124 95 117 135 104 115 147 107 5
106 98 132 369 321 120 387 454 161 317 439 190 6
106 119 135 357 315 119 369 428 158 289 413 177 7
107 98 107 125 120 98 124 133 112 122 142 113 8
100 98 102 101 104 99 351 385 130 265 357 148 9
98 119 105 100 103 102 410 440 158 301 401 171 10
106 98 104 106 112 104 154 145 107 126 152 15000 11
Chip#3
0 0 0 12 0 0 0 0 0 0 0 0 241
0 0 0 12 0 0 0 0 0 0 0 0 241
0 0 0 12 0 0 0 0 0 0 0 0 241
0 0 0 12 0 0 0 0 0 0 0 0 241
0 0 0 12 0 0 0 0 0 0 0 0 241
0 0 0 12 0 0 0 0 0 0 0 0 241
0 0 0 12 0 0 0 0 0 0 0 0 241
0 0 0 12 0 0 0 0 0 0 0 0 241
0 0 0 12 0 0 0 0 0 0 0 0 241
0 0 0 12 0 0 0 0 0 0 0 0 241
0 0 0 12 0 0 0 0 0 0 0 0 241
0 0 0 12 0 0 0 0 0 0 0 15000 241
Chip#4
0 0 0 0 0 0 0 0 0 0 0 0 241
0 0 0 0 0 0 0 0 0 0 0 0 241
0 0 0 0 0 0 0 0 0 0 0 0 241
0 0 0 0 0 0 0 0 0 0 0 0 241
0 0 0 0 0 0 0 0 0 0 0 0 241
0 0 0 0 0 0 0 0 0 0 0 0 241
0 0 0 0 0 0 0 0 0 0 0 0 241
0 0 0 0 0 0 0 0 0 0 0 0 241
0 0 0 0 0 0 0 0 0 0 0 0 241
0 0 0 0 0 0 0 0 0 0 0 0 241
0 0 0 0 0 0 0 0 0 0 0 0 241
0 0 0 0 0 0 0 0 0 0 0 15000 241
Chip#1
110 110 104 99 97 96 98 100 102 100 105 106 0
117 110 103 101 100 96 98 95 107 95 103 102 1
117 107 145 124 108 150 135 100 159 158 105 102 2
103 160 570 425 147 614 506 141 558 507 119 99 3
100 154 569 423 129 546 427 119 485 400 103 96 4
102 104 142 123 109 138 137 105 139 138 102 106 5
101 128 587 499 129 623 576 131 501 506 131 96 6
97 135 672 583 128 611 577 122 451 474 116 96 7
99 96 138 124 104 126 133 98 106 107 97 95 8
100 117 488 515 131 566 661 144 109 105 106 103 9
101 117 596 613 133 642 762 142 103 99 98 102 10
100 96 144 142 100 121 130 95 98 88 96 15000 11
Chip#2
108 98 110 107 108 101 102 99 103 107 106 113 0
105 119 109 103 110 99 100 97 108 107 105 106 1
111 98 114 155 149 109 154 142 107 128 165 119 2
107 119 139 393 369 133 373 410 158 328 434 190 3
101 98 114 321 298 109 306 327 123 271 368 145 4
109 119 114 136 139 104 154 135 114 125 151 114 5
105 119 131 366 322 121 384 447 158 313 440 188 6
102 98 132 356 308 118 361 421 146 314 410 170 7
104 119 109 122 123 104 121 127 112 113 142 114 8
106 119 107 106 112 110 354 389 135 274 368 152 9
105 119 111 106 109 110 388 442 158 309 411 175 10
101 119 104 105 112 99 154 144 107 130 148 15000 11
Chip#3
0 0 0 12 0 0 0 0 0 0 0 0 241
0 0 0 12 0 0 0 0 0 0 0 0 241
0 0 0 12 0 0 0 0 0 0 0 0 241
0 0 0 12 0 0 0 0 0 0 0 0 241
0 0 0 12 0 0 0 0 0 0 0 0 241
0 0 0 12 0 0 0 0 0 0 0 0 241
0 0 0 12 0 0 0 0 0 0 0 0 241
0 0 0 12 0 0 0 0 0 0 0 0 241
0 0 0 12 0 0 0 0 0 0 0 0 241
0 0 0 12 0 0 0 0 0 0 0 0 241
0 0 0 12 0 0 0 0 0 0 0 0 241
0 0 0 12 0 0 0 0 0 0 0 15000 241
Chip#4
0 0 0 0 0 0 0 0 0 0 0 0 241
0 0 0 0 0 0 0 0 0 0 0 0 241
0 0 0 0 0 0 0 0 0 0 0 0 241
0 0 0 0 0 0 0 0 0 0 0 0 241
0 0 0 0 0 0 0 0 0 0 0 0 241
0 0 0 0 0 0 0 0 0 0 0 0 241
0 0 0 0 0 0 0 0 0 0 0 0 241
0 0 0 0 0 0 0 0 0 0 0 0 241
0 0 0 0 0 0 0 0 0 0 0 0 241
0 0 0 0 0 0 0 0 0 0 0 0 241
0 0 0 0 0 0 0 0 0 0 0 0 241
0 0 0 0 0 0 0 0 0 0 0 15000 241
Chip#1
112 108 101 98 99 98 95 95 105 104 104 99 0
117 113 107 101 106 99 98 102 109 101 104 105 1
116 108 147 118 106 153 134 102 166 160 110 104 2
104 168 583 426 149 626 507 142 557 513 121 103 3
105 158 582 435 137 568 436 129 485 407 113 105 4
106 106 143 123 111 137 134 105 135 138 105 104 5
104 141 603 520 133 639 591 142 513 524 133 101 6
103 141 692 600 132 623 597 132 469 485 121 104 7
92 93 130 122 99 118 128 89 102 103 89 92 8
99 111 504 511 123 569 669 140 108 95 94 99 9
99 122 603 614 136 659 760 149 106 105 103 99 10
111 106 157 151 111 132 144 102 106 106 104 15000 11
Chip#2
110 119 107 107 105 99 103 96 111 103 106 113 0
108 119 108 111 110 103 107 103 107 107 108 114 1
112 119 113 155 152 106 170 146 110 128 162 115 2
105 119 132 388 365 127 370 408 143 325 433 182 3
104 119 123 327 302 119 315 339 126 327 371 150 4
110 119 114 139 136 109 154 145 114 128 157 117 5
110 119 137 369 319 122 388 450 158 316 441 190 6
99 98 126 350 302 111 360 426 138 317 407 165 7
109 119 113 130 126 109 127 133 115 119 142 114 8
105 119 108 107 108 110 351 389 137 291 365 152 9
104 119 108 107 105 109 410 446 158 308 406 173 10
115 119 110 113 116 107 150 151 115 132 159 15000 11
Chip#3
0 0 0 12 0 0 0 0 0 0 0 0 241
0 0 0 12 0 0 0 0 0 0 0 0 241
0 0 0 12 0 0 0 0 0 0 0 0 241
0 0 0 12 0 0 0 0 0 0 0 0 241
0 0 0 12 0 0 0 0 0 0 0 0 241
0 0 0 12 0 0 0 0 0 0 0 0 241
0 0 0 12 0 0 0 0 0 0 0 0 241
0 0 0 12 0 0 0 0 0 0 0 0 241
0 0 0 12 0 0 0 0 0 0 0 0 241
0 0 0 12 0 0 0 0 0 0 0 0 241
0 0 0 12 0 0 0 0 0 0 0 0 241
0 0 0 12 0 0 0 0 0 0 0 15000 241
Chip#4
0 0 0 0 0 0 0 0 0 0 0 0 241
0 0 0 0 0 0 0 0 0 0 0 0 241
0 0 0 0 0 0 0 0 0 0 0 0 241
0 0 0 0 0 0 0 0 0 0 0 0 241
0 0 0 0 0 0 0 0 0 0 0 0 241
0 0 0 0 0 0 0 0 0 0 0 0 241
0 0 0 0 0 0 0 0 0 0 0 0 241
0 0 0 0 0 0 0 0 0 0 0 0 241
0 0 0 0 0 0 0 0 0 0 0 0 241
0 0 0 0 0 0 0 0 0 0 0 0 241
0 0 0 0 0 0 0 0 0 0 0 0 241
0 0 0 0 0 0 0 0 0 0 0 15000 241
Chip#1
109 107 104 99 103 96 98 98 104 101 99 99 0
119 112 108 109 104 102 101 100 109 105 108 106 1
116 104 148 117 107 157 133 102 166 160 108 106 2
101 161 590 436 149 638 515 140 579 521 119 98 3
109 161 598 449 142 580 450 130 486 419 117 109 4
100 99 138 120 103 136 131 100 133 135 102 98 5
99 133 616 525 132 650 601 128 521 526 126 98 6
93 132 697 607 125 631 603 122 469 484 117 95 7
102 98 143 131 106 128 132 99 111 107 97 98 8
104 108 504 525 130 585 691 138 107 97 97 96 9
102 120 621 635 137 673 778 141 103 94 98 99 10
106 98 151 149 104 126 141 95 102 99 97 15000 11
Chip#2
104 119 105 102 104 93 100 91 100 98 101 114 0
109 119 108 108 108 100 100 99 105 105 108 114 1
108 119 110 146 149 103 170 139 110 125 163 120 2
107 119 137 400 371 131 379 417 158 325 443 188 3
105 119 121 331 311 120 318 340 131 327 377 152 4
105 119 105 135 131 104 127 131 112 124 151 110 5
103 98 135 367 328 124 391 451 158 316 440 190 6
102 98 139 366 319 120 370 432 149 289 416 177 7
105 119 107 125 125 105 128 132 112 117 142 114 8
107 119 113 111 115 110 359 400 139 281 369 159 9
98 119 103 103 105 105 393 446 158 311 406 171 10
106 119 110 112 115 104 170 143 107 127 154 15000 11
Chip#3
0 0 0 12 0 0 0 0 0 0 0 0 241
0 0 0 12 0 0 0 0 0 0 0 0 241
0 0 0 12 0 0 0 0 0 0 0 0 241
0 0 0 12 0 0 0 0 0 0 0 0 241
0 0 0 12 0 0 0 0 0 0 0 0 241
0 0 0 12 0 0 0 0 0 0 0 0 241
0 0 0 12 0 0 0 0 0 0 0 0 241
0 0 0 12 0 0 0 0 0 0 0 0 241
0 0 0 12 0 0 0 0 0 0 0 0 241
0 0 0 12 0 0 0 0 0 0 0 0 241
0 0 0 12 0 0 0 0 0 0 0 0 241
0 0 0 12 0 0 0 0 0 0 0 15000 241
Chip#4
0 0 0 0 0 0 0 0 0 0 0 0 241
0 0 0 0 0 0 0 0 0 0 0 0 241
0 0 0 0 0 0 0 0 0 0 0 0 241
0 0 0 0 0 0 0 0 0 0 0 0 241
0 0 0 0 0 0 0 0 0 0 0 0 241
0 0 0 0 0 0 0 0 0 0 0 0 241
0 0 0 0 0 0 0 0 0 0 0 0 241
0 0 0 0 0 0 0 0 0 0 0 0 241
0 0 0 0 0 0 0 0 0 0 0 0 241
0 0 0 0 0 0 0 0 0 0 0 0 241
0 0 0 0 0 0 0 0 0 0 0 0 241
0 0 0 0 0 0 0 0 0 0 0 15000 241
Chip#1
119 116 112 116 108 108 108 110 111 112 116 114 0
125 119 110 109 104 109 108 109 110 110 105 115 1
112 102 148 118 106 161 133 103 161 163 101 101 2
99 168 619 457 151 664 540 147 604 543 120 103 3
106 167 627 470 141 606 468 135 505 441 117 108 4
101 101 142 124 107 136 133 102 137 138 102 104 5
105 144 654 564 139 687 635 146 550 560 137 106 6
102 141 740 646 132 672 638 136 485 499 123 101 7
102 100 152 133 108 132 137 106 116 115 101 102 8
104 121 536 555 134 622 722 151 110 109 103 104 9
95 120 648 665 133 702 812 148 100 92 101 95 10
108 104 157 154 103 132 141 106 106 104 101 15000 11
Chip#2
112 119 110 110 109 103 109 101 108 104 109 114 0
117 119 114 110 110 103 107 102 108 104 108 114 1
107 119 109 152 145 104 154 143 106 124 159 114 2
110 119 141 407 384 137 387 428 158 339 458 194 3
104 98 122 340 314 112 323 353 128 340 386 152 4
104 119 110 134 135 107 154 139 112 119 154 112 5
101 119 129 365 321 114 410 456 158 311 443 179 6
104 98 129 364 319 115 369 436 158 312 417 169 7
99 119 104 116 112 98 116 119 100 103 162 105 8
104 119 105 106 112 106 360 400 135 291 368 154 9
107 119 114 114 114 115 410 459 158 317 420 182 10
95 98 98 97 102 92 126 134 97 109 142 15000 11
Chip#3
0 0 0 12 0 0 0 0 0 0 0 0 241
0 0 0 12 0 0 0 0 0 0 0 0 241
0 0 0 12 0 0 0 0 0 0 0 0 241
0 0 0 12 0 0 0 0 0 0 0 0 241
0 0 0 12 0 0 0 0 0 0 0 0 241
0 0 0 12 0 0 0 0 0 0 0 0 241
0 0 0 12 0 0 0 0 0 0 0 0 241
0 0 0 12 0 0 0 0 0 0 0 0 241
0 0 0 12 0 0 0 0 0 0 0 0 241
0 0 0 12 0 0 0 0 0 0 0 0 241
0 0 0 12 0 0 0 0 0 0 0 0 241
0 0 0 12 0 0 0 0 0 0 0 15000 241
Chip#4
0 0 0 0 0 0 0 0 0 0 0 0 241
0 0 0 0 0 0 0 0 0 0 0 0 241
0 0 0 0 0 0 0 0 0 0 0 0 241
0 0 0 0 0 0 0 0 0 0 0 0 241
0 0 0 0 0 0 0 0 0 0 0 0 241
0 0 0 0 0 0 0 0 0 0 0 0 241
0 0 0 0 0 0 0 0 0 0 0 0 241
0 0 0 0 0 0 0 0 0 0 0 0 241
0 0 0 0 0 0 0 0 0 0 0 0 241
0 0 0 0 0 0 0 0 0 0 0 0 241
0 0 0 0 0 0 0 0 0 0 0 0 241
0 0 0 0 0 0 0 0 0 0 0 15000 241
Chip#1
110 112 108 105 103 97 99 98 104 103 104 100 0
142 116 109 109 108 107 102 106 113 110 114 116 1
125 115 153 128 107 168 142 104 173 175 110 111 2
106 176 674 499 158 726 589 159 657 597 127 104 3
104 167 672 499 142 654 506 131 537 470 109 103 4
99 102 152 123 101 138 134 100 139 142 104 99 5
104 137 691 595 137 735 680 141 585 597 134 104 6
104 150 801 691 139 722 687 135 506 539 128 103 7
99 100 145 134 105 133 141 100 118 109 96 100 8
88 105 545 574 123 639 764 136 94 92 88 88 9
106 128 702 712 145 759 875 158 106 101 105 101 10
101 99 158 154 103 132 146 97 102 100 102 15000 11
Chip#2
105 119 102 105 104 96 103 96 99 99 110 109 0
106 119 97 97 104 92 101 95 99 102 100 114 1
110 119 111 157 152 105 153 147 110 130 170 122 2
93 119 131 412 387 123 410 431 158 339 460 183 3
101 119 122 354 328 119 336 363 129 295 401 159 4
106 119 102 135 130 104 154 135 106 117 151 110 5
112 119 141 397 351 129 410 480 166 336 468 197 6
106 119 137 387 339 122 390 458 158 297 434 182 7
106 119 113 130 129 104 126 135 108 115 142 112 8
107 119 113 111 115 112 367 413 139 291 381 161 9
109 119 111 111 112 111 409 467 158 314 420 177 10
108 119 107 110 114 102 152 149 108 126 154 15000 11
Chip#3
0 0 0 12 0 0 0 0 0 0 0 0 241
0 0 0 12 0 0 0 0 0 0 0 0 241
0 0 0 12 0 0 0 0 0 0 0 0 241
0 0 0 12 0 0 0 0 0 0 0 0 241
0 0 0 12 0 0 0 0 0 0 0 0 241
0 0 0 12 0 0 0 0 0 0 0 0 241
0 0 0 12 0 0 0 0 0 0 0 0 241
0 0 0 12 0 0 0 0 0 0 0 0 241
0 0 0 12 0 0 0 0 0 0 0 0 241
0 0 0 12 0 0 0 0 0 0 0 0 241
0 0 0 12 0 0 0 0 0 0 0 0 241
0 0 0 12 0 0 0 0 0 0 0 15000 241
Chip#4
0 0 0 0 0 0 0 0 0 0 0 0 241
0 0 0 0 0 0 0 0 0 0 0 0 241
0 0 0 0 0 0 0 0 0 0 0 0 241
0 0 0 0 0 0 0 0 0 0 0 0 241
0 0 0 0 0 0 0 0 0 0 0 0 241
0 0 0 0 0 0 0 0 0 0 0 0 241
0 0 0 0 0 0 0 0 0 0 0 0 241
0 0 0 0 0 0 0 0 0 0 0 0 241
0 0 0 0 0 0 0 0 0 0 0 0 241
0 0 0 0 0 0 0 0 0 0 0 0 241
0 0 0 0 0 0 0 0 0 0 0 0 241
0 0 0 0 0 0 0 0 0 0 0 15000 241
Chip#1
120 120 116 110 106 104 108 102 109 109 111 114 0
123 119 108 103 103 102 99 99 108 101 98 108 1
117 109 153 122 108 168 142 109 179 172 108 106 2
106 194 732 517 172 781 635 163 725 646 131 104 3
104 169 726 520 150 706 528 138 587 506 118 106 4
104 101 149 126 108 146 145 103 145 143 99 103 5
108 147 776 655 142 804 762 149 640 653 141 109 6
103 157 876 755 145 795 762 143 549 581 131 108 7
101 101 153 133 108 138 141 103 115 111 104 103 8
103 121 600 639 137 711 839 151 106 101 102 102 9
105 134 760 771 152 831 957 168 108 105 104 103 10
103 98 158 154 103 137 147 95 100 94 97 15000 11
Chip#2
107 98 105 103 105 97 102 99 101 105 106 111 0
111 119 109 108 113 103 103 107 108 112 113 114 1
115 119 115 161 153 105 154 149 111 132 173 119 2
104 119 145 438 411 142 409 453 159 366 491 199 3
110 119 131 367 346 120 351 380 137 314 420 167 4
109 119 109 145 140 109 154 144 110 127 163 114 5
100 98 137 408 356 120 413 496 161 341 477 199 6
112 119 144 404 358 125 413 480 161 307 447 185 7
99 119 105 127 121 97 157 131 101 109 142 114 8
100 98 103 102 108 101 371 413 136 291 381 154 9
100 98 104 106 108 107 412 480 146 317 425 180 10
112 119 109 105 113 100 156 147 109 128 157 15000 11
Chip#3
0 0 0 12 0 0 0 0 0 0 0 0 241
0 0 0 12 0 0 0 0 0 0 0 0 241
0 0 0 12 0 0 0 0 0 0 0 0 241
0 0 0 12 0 0 0 0 0 0 0 0 241
0 0 0 12 0 0 0 0 0 0 0 0 241
0 0 0 12 0 0 0 0 0 0 0 0 241
0 0 0 12 0 0 0 0 0 0 0 0 241
0 0 0 12 0 0 0 0 0 0 0 0 241
0 0 0 12 0 0 0 0 0 0 0 0 241
0 0 0 12 0 0 0 0 0 0 0 0 241
0 0 0 12 0 0 0 0 0 0 0 0 241
0 0 0 12 0 0 0 0 0 0 0 15000 241
Chip#4
0 0 0 0 0 0 0 0 0 0 0 0 241
0 0 0 0 0 0 0 0 0 0 0 0 241
0 0 0 0 0 0 0 0 0 0 0 0 241
0 0 0 0 0 0 0 0 0 0 0 0 241
0 0 0 0 0 0 0 0 0 0 0 0 241
0 0 0 0 0 0 0 0 0 0 0 0 241
0 0 0 0 0 0 0 0 0 0 0 0 241
0 0 0 0 0 0 0 0 0 0 0 0 241
0 0 0 0 0 0 0 0 0 0 0 0 241
0 0 0 0 0 0 0 0 0 0 0 0 241
0 0 0 0 0 0 0 0 0 0 0 0 241
0 0 0 0 0 0 0 0 0 0 0 15000 241
Chip#1
116 115 110 106 101 100 105 103 108 112 110 106 0
142 115 105 105 103 102 104 102 110 111 109 113 1
114 108 156 126 99 171 142 101 183 182 103 100 2
109 210 808 567 172 880 700 170 788 715 130 102 3
99 173 805 566 150 773 581 135 644 539 109 99 4
106 102 164 132 113 156 155 110 148 158 102 106 5
112 160 848 717 158 894 828 165 725 728 149 109 6
101 151 961 813 150 868 816 140 602 637 127 98 7
101 102 156 141 109 143 153 104 116 115 96 104 8
100 120 661 694 141 781 924 157 107 101 105 96 9
104 134 839 833 155 914 1040 170 108 105 103 104 10
113 104 175 170 105 141 163 106 107 106 103 15000 11
Chip#2
117 119 121 116 118 108 109 104 108 106 118 118 0
106 119 105 107 109 95 102 100 100 102 106 114 1
106 119 108 161 157 103 154 152 105 128 173 115 2
107 119 139 455 434 133 429 480 158 381 514 204 3
103 119 126 383 360 117 354 397 135 322 433 163 4
110 119 110 141 142 109 154 150 112 127 168 116 5
97 98 137 427 376 116 422 505 158 342 487 191 6
98 119 133 420 370 114 421 505 158 305 457 178 7
103 98 104 128 121 99 122 132 109 115 142 111 8
103 119 101 106 112 104 385 435 137 291 398 158 9
98 98 102 101 104 102 425 480 158 322 435 184 10
101 98 105 106 108 103 168 150 101 128 158 15000 11
Chip#3
0 0 0 12 0 0 0 0 0 0 0 0 241
0 0 0 12 0 0 0 0 0 0 0 0 241
0 0 0 12 0 0 0 0 0 0 0 0 241
0 0 0 12 0 0 0 0 0 0 0 0 241
0 0 0 12 0 0 0 0 0 0 0 0 241
0 0 0 12 0 0 0 0 0 0 0 0 241
0 0 0 12 0 0 0 0 0 0 0 0 241
0 0 0 12 0 0 0 0 0 0 0 0 241
0 0 0 12 0 0 0 0 0 0 0 0 241
0 0 0 12 0 0 0 0 0 0 0 0 241
0 0 0 12 0 0 0 0 0 0 0 0 241
0 0 0 12 0 0 0 0 0 0 0 15000 241
Chip#4
0 0 0 0 0 0 0 0 0 0 0 0 241
0 0 0 0 0 0 0 0 0 0 0 0 241
0 0 0 0 0 0 0 0 0 0 0 0 241
0 0 0 0 0 0 0 0 0 0 0 0 241
0 0 0 0 0 0 0 0 0 0 0 0 241
0 0 0 0 0 0 0 0 0 0 0 0 241
0 0 0 0 0 0 0 0 0 0 0 0 241
0 0 0 0 0 0 0 0 0 0 0 0 241
0 0 0 0 0 0 0 0 0 0 0 0 241
0 0 0 0 0 0 0 0 0 0 0 0 241
0 0 0 0 0 0 0 0 0 0 0 0 241
0 0 0 0 0 0 0 0 0 0 0 15000 241
Chip#1
121 115 112 104 104 104 102 103 110 111 110 108 0
142 115 104 104 107 96 102 98 107 107 108 106 1
121 110 166 124 108 177 156 104 198 189 108 104 2
106 194 875 605 175 954 759 171 860 772 131 98 3
108 210 885 620 172 846 632 151 725 589 121 106 4
109 106 166 136 114 158 158 110 155 160 110 106 5
106 155 910 771 150 967 889 160 767 781 147 104 6
100 157 1048 879 152 952 891 144 657 698 130 93 7
108 104 167 148 112 152 161 111 122 118 105 105 8
106 122 718 755 145 863 1018 165 109 104 103 99 9
103 135 906 908 157 993 1136 173 105 101 95 100 10
111 97 179 170 103 147 162 100 108 104 104 15000 11
Chip#2
119 119 107 107 109 105 110 105 106 109 111 114 0
110 119 107 97 110 98 99 103 102 105 108 115 1
110 119 117 166 154 104 154 157 112 137 184 123 2
100 98 141 473 466 134 443 498 158 391 541 204 3
105 119 122 401 376 122 375 416 132 332 457 164 4
107 119 108 140 137 104 154 143 110 121 165 114 5
99 119 139 446 391 119 441 522 164 354 509 196 6
104 119 136 441 387 117 419 506 158 318 477 182 7
100 119 104 121 121 103 124 134 106 114 142 107 8
110 119 116 112 119 120 410 458 158 305 410 170 9
97 119 98 97 104 107 432 499 158 332 446 176 10
103 119 102 94 103 90 176 147 100 127 153 15000 11
Chip#3
0 0 0 12 0 0 0 0 0 0 0 0 241
0 0 0 12 0 0 0 0 0 0 0 0 241
0 0 0 12 0 0 0 0 0 0 0 0 241
0 0 0 12 0 0 0 0 0 0 0 0 241
0 0 0 12 0 0 0 0 0 0 0 0 241
0 0 0 12 0 0 0 0 0 0 0 0 241
0 0 0 12 0 0 0 0 0 0 0 0 241
0 0 0 12 0 0 0 0 0 0 0 0 241
0 0 0 12 0 0 0 0 0 0 0 0 241
0 0 0 12 0 0 0 0 0 0 0 0 241
0 0 0 12 0 0 0 0 0 0 0 0 241
0 0 0 12 0 0 0 0 0 0 0 15000 241
Chip#4
0 0 0 0 0 0 0 0 0 0 0 0 241
0 0 0 0 0 0 0 0 0 0 0 0 241
0 0 0 0 0 0 0 0 0 0 0 0 241
0 0 0 0 0 0 0 0 0 0 0 0 241
0 0 0 0 0 0 0 0 0 0 0 0 241
0 0 0 0 0 0 0 0 0 0 0 0 241
0 0 0 0 0 0 0 0 0 0 0 0 241
0 0 0 0 0 0 0 0 0 0 0 0 241
0 0 0 0 0 0 0 0 0 0 0 0 241
0 0 0 0 0 0 0 0 0 0 0 0 241
0 0 0 0 0 0 0 0 0 0 0 0 241
0 0 0 0 0 0 0 0 0 0 0 15000 241
Chip#1
123 116 116 106 108 98 102 104 108 105 113 108 0
142 119 107 99 99 100 98 99 108 106 110 109 1
126 114 171 131 108 193 160 106 213 200 116 108 2
106 210 945 659 186 1033 821 180 932 835 142 105 3
109 194 949 665 172 926 675 151 762 639 124 109 4
103 102 167 136 114 162 160 110 158 162 111 101 5
108 158 985 822 156 1037 958 163 832 843 156 109 6
97 167 1090 954 152 1021 955 146 725 762 132 101 7
104 101 173 148 110 153 160 103 124 120 105 98 8
98 115 760 792 142 916 1067 158 104 95 98 91 9
105 144 977 983 172 1047 1222 181 113 109 108 104 10
110 101 184 177 108 143 163 100 104 101 105 15000 11
Chip#2
109 119 107 107 100 98 100 97 101 98 105 109 0
112 119 111 106 111 100 106 102 106 105 111 114 1
101 119 102 158 151 97 154 153 100 130 174 114 2
106 98 142 501 488 141 461 524 159 415 566 211 3
103 119 126 421 387 122 395 436 142 348 476 171 4
104 98 108 141 137 103 154 151 106 122 168 111 5
109 119 143 474 418 126 462 559 171 376 528 209 6
98 98 138 455 398 119 432 526 158 328 489 183 7
101 98 99 124 123 99 119 131 100 115 142 107 8
105 119 108 107 110 109 410 456 158 300 406 159 9
104 119 105 105 112 115 452 513 160 341 457 186 10
101 119 108 103 108 97 195 149 106 127 160 15000 11
Chip#3
0 0 0 12 0 0 0 0 0 0 0 0 241
0 0 0 12 0 0 0 0 0 0 0 0 241
0 0 0 12 0 0 0 0 0 0 0 0 241
0 0 0 12 0 0 0 0 0 0 0 0 241
0 0 0 12 0 0 0 0 0 0 0 0 241
0 0 0 12 0 0 0 0 0 0 0 0 241
0 0 0 12 0 0 0 0 0 0 0 0 241
0 0 0 12 0 0 0 0 0 0 0 0 241
0 0 0 12 0 0 0 0 0 0 0 0 241
0 0 0 12 0 0 0 0 0 0 0 0 241
0 0 0 12 0 0 0 0 0 0 0 0 241
0 0 0 12 0 0 0 0 0 0 0 15000 241
Chip#4
0 0 0 0 0 0 0 0 0 0 0 0 241
0 0 0 0 0 0 0 0 0 0 0 0 241
0 0 0 0 0 0 0 0 0 0 0 0 241
0 0 0 0 0 0 0 0 0 0 0 0 241
0 0 0 0 0 0 0 0 0 0 0 0 241
0 0 0 0 0 0 0 0 0 0 0 0 241
0 0 0 0 0 0 0 0 0 0 0 0 241
0 0 0 0 0 0 0 0 0 0 0 0 241
0 0 0 0 0 0 0 0 0 0 0 0 241
0 0 0 0 0 0 0 0 0 0 0 0 241
0 0 0 0 0 0 0 0 0 0 0 0 241
0 0 0 0 0 0 0 0 0 0 0 15000 241
Chip#1
142 116 112 105 108 103 100 98 109 107 114 112 0
127 115 103 103 106 97 96 102 108 106 109 103 1
129 113 183 131 106 196 162 104 213 204 111 109 2
112 226 1000 701 194 1082 880 193 1007 892 145 108 3
110 210 1000 711 172 981 713 151 814 676 124 108 4
110 106 183 141 117 176 162 111 166 169 108 108 5
105 163 1032 877 157 1092 1018 170 884 901 156 104 6
104 194 1170 1043 172 1071 1010 160 754 802 145 105 7
99 97 177 151 111 151 159 104 117 117 98 98 8
103 123 818 848 155 979 1134 180 107 103 104 104 9
103 137 1016 1039 163 1107 1299 187 107 101 104 101 10
109 101 196 185 109 153 172 104 107 98 99 15000 11
Chip#2
122 119 120 116 120 109 115 108 118 115 121 119 0
109 119 108 111 114 100 108 105 107 107 111 114 1
105 98 111 170 160 101 156 157 107 133 181 116 2
104 98 152 529 514 148 488 550 170 435 600 224 3
100 98 131 444 405 127 410 456 142 360 498 172 4
97 119 101 145 137 98 154 143 105 122 165 114 5
100 98 141 491 427 125 471 574 174 379 549 209 6
105 119 166 477 449 125 455 556 166 340 512 198 7
102 119 111 135 131 98 199 138 108 117 146 114 8
101 119 108 102 105 108 409 480 139 305 417 163 9
98 98 102 100 107 107 454 528 158 342 469 188 10
104 119 104 112 108 102 197 156 107 129 162 15000 11
Chip#3
0 0 0 12 0 0 0 0 0 0 0 0 241
0 0 0 12 0 0 0 0 0 0 0 0 241
0 0 0 12 0 0 0 0 0 0 0 0 241
0 0 0 12 0 0 0 0 0 0 0 0 241
0 0 0 12 0 0 0 0 0 0 0 0 241
0 0 0 12 0 0 0 0 0 0 0 0 241
0 0 0 12 0 0 0 0 0 0 0 0 241
0 0 0 12 0 0 0 0 0 0 0 0 241
0 0 0 12 0 0 0 0 0 0 0 0 241
0 0 0 12 0 0 0 0 0 0 0 0 241
0 0 0 12 0 0 0 0 0 0 0 0 241
0 0 0 12 0 0 0 0 0 0 0 15000 241
Chip#4
0 0 0 0 0 0 0 0 0 0 0 0 241
0 0 0 0 0 0 0 0 0 0 0 0 241
0 0 0 0 0 0 0 0 0 0 0 0 241
0 0 0 0 0 0 0 0 0 0 0 0 241
0 0 0 0 0 0 0 0 0 0 0 0 241
0 0 0 0 0 0 0 0 0 0 0 0 241
0 0 0 0 0 0 0 0 0 0 0 0 241
0 0 0 0 0 0 0 0 0 0 0 0 241
0 0 0 0 0 0 0 0 0 0 0 0 241
0 0 0 0 0 0 0 0 0 0 0 0 241
0 0 0 0 0 0 0 0 0 0 0 0 241
0 0 0 0 0 0 0 0 0 0 0 15000 241
Chip#1
126 121 120 98 107 102 99 102 109 109 112 106 0
142 121 105 104 104 98 99 102 108 106 111 112 1
129 112 183 134 111 202 168 106 213 216 108 111 2
106 226 1048 728 195 1133 914 191 1064 939 142 103 3
104 226 1057 755 172 1029 778 157 852 705 123 104 4
108 107 179 136 120 174 168 109 164 170 108 105 5
105 169 1074 922 161 1141 1064 168 925 946 162 101 6
97 169 1224 1057 159 1116 1051 148 785 826 134 93 7
103 97 179 156 113 161 166 105 119 116 103 101 8
99 117 850 878 149 1024 1189 170 100 97 97 93 9
111 148 1057 1083 172 1172 1370 196 109 110 108 106 10
117 104 199 187 115 160 178 102 106 104 103 15000 11
Chip#2
110 119 111 103 104 98 100 97 104 102 105 113 0
110 119 107 106 107 100 103 101 111 107 108 116 1
103 119 105 166 163 103 157 157 108 133 181 114 2
103 119 148 539 525 144 491 565 170 443 614 223 3
106 98 131 454 422 127 409 472 142 370 512 177 4
107 119 110 150 145 109 152 152 115 132 170 114 5
98 119 166 503 454 125 482 583 171 384 559 210 6
100 119 144 484 430 122 456 558 164 338 520 192 7
103 119 105 129 124 100 200 138 108 117 142 114 8
106 119 102 103 107 107 423 496 143 311 424 163 9
103 119 103 101 104 108 471 541 166 353 478 190 10
103 98 105 105 107 103 154 155 106 130 160 15000 11
Chip#3
0 0 0 12 0 0 0 0 0 0 0 0 241
0 0 0 12 0 0 0 0 0 0 0 0 241
0 0 0 12 0 0 0 0 0 0 0 0 241
0 0 0 12 0 0 0 0 0 0 0 0 241
0 0 0 12 0 0 0 0 0 0 0 0 241
0 0 0 12 0 0 0 0 0 0 0 0 241
0 0 0 12 0 0 0 0 0 0 0 0 241
0 0 0 12 0 0 0 0 0 0 0 0 241
0 0 0 12 0 0 0 0 0 0 0 0 241
0 0 0 12 0 0 0 0 0 0 0 0 241
0 0 0 12 0 0 0 0 0 0 0 0 241
0 0 0 12 0 0 0 0 0 0 0 15000 241
Chip#4
0 0 0 0 0 0 0 0 0 0 0 0 241
0 0 0 0 0 0 0 0 0 0 0 0 241
0 0 0 0 0 0 0 0 0 0 0 0 241
0 0 0 0 0 0 0 0 0 0 0 0 241
0 0 0 0 0 0 0 0 0 0 0 0 241
0 0 0 0 0 0 0 0 0 0 0 0 241
0 0 0 0 0 0 0 0 0 0 0 0 241
0 0 0 0 0 0 0 0 0 0 0 0 241
0 0 0 0 0 0 0 0 0 0 0 0 241
0 0 0 0 0 0 0 0 0 0 0 0 241
0 0 0 0 0 0 0 0 0 0 0 0 241
0 0 0 0 0 0 0 0 0 0 0 15000 241
Chip#1
142 116 112 104 98 94 98 103 104 105 111 108 0
142 122 107 108 101 102 106 103 111 110 113 114 1
127 110 182 133 106 200 162 100 229 211 102 104 2
110 242 1066 771 205 1183 954 201 1108 982 142 102 3
108 226 1074 787 172 1059 789 162 895 762 121 108 4
101 107 186 141 114 175 168 106 170 176 106 103 5
115 194 1119 961 172 1198 1119 187 997 993 167 104 6
103 178 1304 1108 163 1171 1108 154 826 876 140 103 7
101 98 183 162 113 162 175 110 124 124 98 103 8
103 121 883 917 158 1048 1258 181 108 105 102 100 9
108 142 1088 1123 172 1212 1424 191 106 105 102 101 10
111 98 201 188 109 157 184 103 106 105 98 15000 11
Chip#2
113 119 109 103 105 99 103 100 105 104 110 112 0
107 98 104 100 104 92 97 100 104 103 103 113 1
109 98 107 173 162 98 160 159 105 136 188 119 2
99 119 146 555 543 139 505 579 164 450 627 227 3
101 119 128 458 431 131 423 496 158 381 524 179 4
106 119 110 150 148 102 166 152 108 126 174 113 5
100 98 150 519 464 126 492 604 174 395 570 210 6
99 98 142 503 454 116 471 573 158 348 528 188 7
105 119 107 133 126 106 154 144 112 119 146 114 8
100 98 104 100 108 104 422 496 158 314 426 162 9
101 98 105 103 102 113 474 553 160 358 482 189 10
106 98 111 105 108 102 152 161 104 132 162 15000 11
Chip#3
0 0 0 12 0 0 0 0 0 0 0 0 241
0 0 0 12 0 0 0 0 0 0 0 0 241
0 0 0 12 0 0 0 0 0 0 0 0 241
0 0 0 12 0 0 0 0 0 0 0 0 241
0 0 0 12 0 0 0 0 0 0 0 0 241
0 0 0 12 0 0 0 0 0 0 0 0 241
0 0 0 12 0 0 0 0 0 0 0 0 241
0 0 0 12 0 0 0 0 0 0 0 0 241
0 0 0 12 0 0 0 0 0 0 0 0 241
0 0 0 12 0 0 0 0 0 0 0 0 241
0 0 0 12 0 0 0 0 0 0 0 0 241
0 0 0 12 0 0 0 0 0 0 0 15000 241
Chip#4
0 0 0 0 0 0 0 0 0 0 0 0 241
0 0 0 0 0 0 0 0 0 0 0 0 241
0 0 0 0 0 0 0 0 0 0 0 0 241
0 0 0 0 0 0 0 0 0 0 0 0 241
0 0 0 0 0 0 0 0 0 0 0 0 241
0 0 0 0 0 0 0 0 0 0 0 0 241
0 0 0 0 0 0 0 0 0 0 0 0 241
0 0 0 0 0 0 0 0 0 0 0 0 241
0 0 0 0 0 0 0 0 0 0 0 0 241
0 0 0 0 0 0 0 0 0 0 0 0 241
0 0 0 0 0 0 0 0 0 0 0 0 241
0 0 0 0 0 0 0 0 0 0 0 15000 241
Chip#1
142 114 105 96 98 99 97 97 99 102 104 104 0
158 124 113 110 110 109 110 108 112 111 116 117 1
142 121 189 142 110 216 175 108 229 224 114 111 2
115 242 1111 786 208 1238 1002 207 1151 1022 149 108 3
108 210 1103 783 176 1089 806 159 922 757 123 105 4
104 106 186 141 114 182 171 110 170 180 105 105 5
103 167 1154 985 161 1233 1148 175 1015 1028 160 105 6
101 194 1328 1143 172 1209 1141 164 852 905 144 103 7
105 108 192 169 119 171 183 114 130 128 109 105 8
101 119 910 939 151 1077 1281 177 102 98 97 97 9
106 142 1116 1148 172 1248 1467 196 106 100 102 105 10
117 103 205 195 104 162 184 108 109 105 102 15000 11
Chip#2
112 119 109 108 109 103 99 103 104 104 103 114 0
98 119 97 97 102 91 94 92 95 98 96 114 1
106 119 110 174 170 104 161 168 108 138 196 121 2
104 119 166 582 569 150 533 603 176 476 654 234 3
100 98 131 474 461 127 436 493 143 392 542 182 4
106 119 107 152 148 103 179 153 106 127 171 114 5
108 119 166 546 488 131 513 628 182 411 584 223 6
101 119 151 530 475 127 483 591 171 358 551 201 7
101 119 107 132 129 103 154 139 106 116 142 110 8
101 119 104 105 104 115 433 500 144 318 433 167 9
107 119 110 114 113 119 486 569 174 367 494 203 10
103 98 102 100 108 96 154 155 101 122 151 15000 11
Chip#3
0 0 0 12 0 0 0 0 0 0 0 0 241
0 0 0 12 0 0 0 0 0 0 0 0 241
0 0 0 12 0 0 0 0 0 0 0 0 241
0 0 0 12 0 0 0 0 0 0 0 0 241
0 0 0 12 0 0 0 0 0 0 0 0 241
0 0 0 12 0 0 0 0 0 0 0 0 241
0 0 0 12 0 0 0 0 0 0 0 0 241
0 0 0 12 0 0 0 0 0 0 0 0 241
0 0 0 12 0 0 0 0 0 0 0 0 241
0 0 0 12 0 0 0 0 0 0 0 0 241
0 0 0 12 0 0 0 0 0 0 0 0 241
0 0 0 12 0 0 0 0 0 0 0 15000 241
Chip#4
0 0 0 0 0 0 0 0 0 0 0 0 241
0 0 0 0 0 0 0 0 0 0 0 0 241
0 0 0 0 0 0 0 0 0 0 0 0 241
0 0 0 0 0 0 0 0 0 0 0 0 241
0 0 0 0 0 0 0 0 0 0 0 0 241
0 0 0 0 0 0 0 0 0 0 0 0 241
0 0 0 0 0 0 0 0 0 0 0 0 241
0 0 0 0 0 0 0 0 0 0 0 0 241
0 0 0 0 0 0 0 0 0 0 0 0 241
0 0 0 0 0 0 0 0 0 0 0 0 241
0 0 0 0 0 0 0 0 0 0 0 0 241
0 0 0 0 0 0 0 0 0 0 0 15000 241
Chip#1
123 123 114 104 103 97 104 99 110 111 112 106 0
142 127 116 106 110 105 103 109 115 111 117 117 1
142 118 191 135 111 216 170 104 233 228 112 106 2
115 247 1147 811 216 1278 1012 212 1193 1059 155 109 3
108 247 1146 812 186 1131 840 168 953 792 127 109 4
99 96 183 140 110 176 168 104 170 177 105 101 5
102 175 1188 1027 172 1280 1180 179 1051 1056 167 108 6
109 194 1383 1190 176 1260 1185 171 887 941 155 109 7
109 104 193 165 118 171 180 110 131 128 105 100 8
104 129 946 972 158 1121 1327 193 111 107 103 105 9
99 143 1156 1195 179 1302 1514 199 108 104 103 101 10
106 98 204 192 104 156 186 99 102 99 97 15000 11
Chip#2
114 119 113 103 109 96 106 101 105 105 108 114 0
115 119 105 106 107 98 101 102 102 104 106 114 1
111 119 109 175 169 104 161 165 108 143 193 115 2
101 98 152 596 573 149 534 606 166 475 660 233 3
113 119 137 497 475 134 453 511 158 409 561 191 4
98 98 105 151 142 98 196 151 111 126 168 107 5
98 98 146 546 489 121 516 635 172 405 588 212 6
95 119 152 543 477 120 491 608 167 358 549 197 7
99 98 104 134 129 103 154 142 102 117 143 106 8
103 119 107 106 109 112 441 504 158 326 440 165 9
99 98 102 99 105 109 490 574 165 364 496 190 10
101 119 102 103 112 94 154 159 104 130 162 15000 11
Chip#3
0 0 0 12 0 0 0 0 0 0 0 0 241
0 0 0 12 0 0 0 0 0 0 0 0 241
0 0 0 12 0 0 0 0 0 0 0 0 241
0 0 0 12 0 0 0 0 0 0 0 0 241
0 0 0 12 0 0 0 0 0 0 0 0 241
0 0 0 12 0 0 0 0 0 0 0 0 241
0 0 0 12 0 0 0 0 0 0 0 0 241
0 0 0 12 0 0 0 0 0 0 0 0 241
0 0 0 12 0 0 0 0 0 0 0 0 241
0 0 0 12 0 0 0 0 0 0 0 0 241
0 0 0 12 0 0 0 0 0 0 0 0 241
0 0 0 12 0 0 0 0 0 0 0 15000 241
Chip#4
0 0 0 0 0 0 0 0 0 0 0 0 241
0 0 0 0 0 0 0 0 0 0 0 0 241
0 0 0 0 0 0 0 0 0 0 0 0 241
0 0 0 0 0 0 0 0 0 0 0 0 241
0 0 0 0 0 0 0 0 0 0 0 0 241
0 0 0 0 0 0 0 0 0 0 0 0 241
0 0 0 0 0 0 0 0 0 0 0 0 241
0 0 0 0 0 0 0 0 0 0 0 0 241
0 0 0 0 0 0 0 0 0 0 0 0 241
0 0 0 0 0 0 0 0 0 0 0 0 241
0 0 0 0 0 0 0 0 0 0 0 0 241
0 0 0 0 0 0 0 0 0 0 0 15000 241
Chip#1
142 131 125 113 111 108 109 110 118 121 121 118 0
142 125 110 111 108 104 101 106 114 107 119 110 1
142 116 192 137 115 216 172 108 233 229 113 108 2
108 242 1172 820 215 1303 1030 221 1205 1081 155 104 3
99 242 1170 830 180 1153 853 166 997 799 126 101 4
106 112 191 147 117 180 176 116 180 184 110 104 5
104 194 1208 1032 172 1310 1208 182 1067 1085 166 104 6
102 194 1412 1216 172 1286 1213 166 895 958 147 97 7
104 107 193 168 116 167 180 115 125 124 106 101 8
102 129 954 994 157 1140 1351 190 106 98 103 98 9
103 144 1179 1217 178 1324 1534 198 109 105 102 103 10
110 101 204 194 108 158 189 97 105 93 98 15000 11
Chip#2
116 119 113 111 110 98 102 103 106 110 110 114 0
107 98 105 102 103 96 100 101 101 106 105 113 1
105 98 110 177 173 103 160 168 109 139 200 117 2
95 98 146 608 579 139 541 623 169 483 675 237 3
104 119 129 492 479 121 447 513 158 402 568 184 4
100 119 108 154 147 99 190 156 107 128 174 114 5
110 119 166 576 512 134 539 654 187 422 611 224 6
105 119 161 562 505 135 508 623 176 375 571 210 7
111 119 109 140 135 105 127 146 111 124 151 109 8
96 119 103 96 107 103 437 508 158 319 440 162 9
109 119 117 113 116 116 505 591 174 374 506 201 10
105 119 105 107 112 99 157 164 111 131 169 15000 11
Chip#3
0 0 0 12 0 0 0 0 0 0 0 0 241
0 0 0 12 0 0 0 0 0 0 0 0 241
0 0 0 12 0 0 0 0 0 0 0 0 241
0 0 0 12 0 0 0 0 0 0 0 0 241
0 0 0 12 0 0 0 0 0 0 0 0 241
0 0 0 12 0 0 0 0 0 0 0 0 241
0 0 0 12 0 0 0 0 0 0 0 0 241
0 0 0 12 0 0 0 0 0 0 0 0 241
0 0 0 12 0 0 0 0 0 0 0 0 241
0 0 0 12 0 0 0 0 0 0 0 0 241
0 0 0 12 0 0 0 0 0 0 0 0 241
0 0 0 12 0 0 0 0 0 0 0 15000 241
Chip#4
0 0 0 0 0 0 0 0 0 0 0 0 241
0 0 0 0 0 0 0 0 0 0 0 0 241
0 0 0 0 0 0 0 0 0 0 0 0 241
0 0 0 0 0 0 0 0 0 0 0 0 241
0 0 0 0 0 0 0 0 0 0 0 0 241
0 0 0 0 0 0 0 0 0 0 0 0 241
0 0 0 0 0 0 0 0 0 0 0 0 241
0 0 0 0 0 0 0 0 0 0 0 0 241
0 0 0 0 0 0 0 0 0 0 0 0 241
0 0 0 0 0 0 0 0 0 0 0 0 241
0 0 0 0 0 0 0 0 0 0 0 0 241
0 0 0 0 0 0 0 0 0 0 0 15000 241
Chip#1
142 123 118 105 105 102 99 103 106 109 117 110 0
158 131 116 106 106 109 108 105 113 109 118 118 1
126 113 187 135 105 217 172 97 237 225 103 104 2
111 242 1201 832 219 1328 1048 213 1252 1094 148 105 3
101 242 1194 839 181 1172 867 160 1001 812 119 101 4
106 103 192 152 113 188 177 111 179 187 113 102 5
106 176 1244 1061 174 1338 1234 185 1096 1107 171 106 6
100 194 1432 1236 176 1312 1258 164 925 980 147 101 7
95 97 184 155 107 161 169 100 117 116 97 91 8
108 132 985 1027 172 1166 1391 201 109 111 110 110 9
101 143 1209 1242 181 1353 1571 221 106 101 103 98 10
109 100 211 200 104 160 188 97 101 103 102 15000 11
Chip#2
108 119 109 106 105 100 98 99 102 107 108 114 0
104 98 103 101 102 94 98 94 101 98 100 111 1
98 98 100 172 164 98 156 156 100 132 186 113 2
101 119 155 630 603 149 557 640 176 506 696 244 3
98 98 132 504 488 130 465 526 158 415 583 183 4
104 119 113 158 153 109 152 157 113 132 181 113 5
103 98 161 588 521 136 544 669 186 427 616 228 6
106 119 166 570 514 127 510 632 172 383 576 209 7
101 98 105 135 126 97 154 146 108 114 149 105 8
107 119 109 107 113 113 453 517 158 332 448 165 9
106 119 110 111 113 114 513 595 170 377 517 202 10
99 98 101 103 105 94 154 157 101 124 163 15000 11
Chip#3
0 0 0 12 0 0 0 0 0 0 0 0 241
0 0 0 12 0 0 0 0 0 0 0 0 241
0 0 0 12 0 0 0 0 0 0 0 0 241
0 0 0 12 0 0 0 0 0 0 0 0 241
0 0 0 12 0 0 0 0 0 0 0 0 241
0 0 0 12 0 0 0 0 0 0 0 0 241
0 0 0 12 0 0 0 0 0 0 0 0 241
0 0 0 12 0 0 0 0 0 0 0 0 241
0 0 0 12 0 0 0 0 0 0 0 0 241
0 0 0 12 0 0 0 0 0 0 0 0 241
0 0 0 12 0 0 0 0 0 0 0 0 241
0 0 0 12 0 0 0 0 0 0 0 15000 241
Chip#4
0 0 0 0 0 0 0 0 0 0 0 0 241
0 0 0 0 0 0 0 0 0 0 0 0 241
0 0 0 0 0 0 0 0 0 0 0 0 241
0 0 0 0 0 0 0 0 0 0 0 0 241
0 0 0 0 0 0 0 0 0 0 0 0 241
0 0 0 0 0 0 0 0 0 0 0 0 241
0 0 0 0 0 0 0 0 0 0 0 0 241
0 0 0 0 0 0 0 0 0 0 0 0 241
0 0 0 0 0 0 0 0 0 0 0 0 241
0 0 0 0 0 0 0 0 0 0 0 0 241
0 0 0 0 0 0 0 0 0 0 0 0 241
0 0 0 0 0 0 0 0 0 0 0 15000 241
Chip#1
142 122 120 105 106 102 105 102 111 110 112 109 0
146 128 114 110 109 104 109 103 115 111 119 116 1
146 115 200 140 108 223 174 109 243 230 113 109 2
115 251 1218 854 226 1352 1069 221 1249 1123 157 110 3
105 252 1216 855 190 1192 877 169 1018 828 127 111 4
106 103 193 143 115 188 182 113 180 186 108 102 5
101 176 1272 1070 172 1353 1258 180 1107 1115 163 100 6
104 194 1472 1267 178 1334 1265 173 936 995 148 105 7
102 104 197 168 113 172 187 109 129 124 106 103 8
102 127 992 1023 159 1179 1405 192 105 103 101 101 9
102 149 1233 1279 183 1379 1596 208 108 100 101 96 10
121 110 222 213 118 171 205 109 115 110 106 15000 11
Chip#2
120 119 113 107 107 103 106 101 107 109 110 114 0
115 119 109 108 113 98 107 99 104 107 107 116 1
107 119 105 182 173 102 159 174 101 143 203 114 2
109 119 166 648 617 156 577 658 177 518 713 249 3
101 98 137 517 499 125 470 535 158 423 590 184 4
103 119 105 155 152 104 154 158 108 132 180 114 5
110 119 163 600 529 134 552 678 188 436 640 230 6
103 119 154 583 524 124 519 640 174 379 586 208 7
101 98 104 138 132 95 154 145 113 119 152 104 8
105 119 109 105 112 117 453 526 158 332 457 172 9
106 98 105 105 109 111 508 597 166 381 511 196 10
100 98 102 102 109 102 153 159 102 132 164 15000 11
Chip#3
0 0 0 12 0 0 0 0 0 0 0 0 241
0 0 0 12 0 0 0 0 0 0 0 0 241
0 0 0 12 0 0 0 0 0 0 0 0 241
0 0 0 12 0 0 0 0 0 0 0 0 241
0 0 0 12 0 0 0 0 0 0 0 0 241
0 0 0 12 0 0 0 0 0 0 0 0 241
0 0 0 12 0 0 0 0 0 0 0 0 241
0 0 0 12 0 0 0 0 0 0 0 0 241
0 0 0 12 0 0 0 0 0 0 0 0 241
0 0 0 12 0 0 0 0 0 0 0 0 241
0 0 0 12 0 0 0 0 0 0 0 0 241
0 0 0 12 0 0 0 0 0 0 0 15000 241
Chip#4
0 0 0 0 0 0 0 0 0 0 0 0 241
0 0 0 0 0 0 0 0 0 0 0 0 241
0 0 0 0 0 0 0 0 0 0 0 0 241
0 0 0 0 0 0 0 0 0 0 0 0 241
0 0 0 0 0 0 0 0 0 0 0 0 241
0 0 0 0 0 0 0 0 0 0 0 0 241
0 0 0 0 0 0 0 0 0 0 0 0 241
0 0 0 0 0 0 0 0 0 0 0 0 241
0 0 0 0 0 0 0 0 0 0 0 0 241
0 0 0 0 0 0 0 0 0 0 0 0 241
0 0 0 0 0 0 0 0 0 0 0 0 241
0 0 0 0 0 0 0 0 0 0 0 15000 241
Chip#1
142 126 122 103 106 104 102 104 115 110 116 116 0
142 126 113 104 105 104 104 99 109 111 113 113 1
142 116 192 135 108 224 177 106 245 250 111 109 2
119 256 1245 872 229 1380 1094 221 1280 1137 160 110 3
106 256 1230 874 189 1213 901 168 1034 843 125 104 4
107 108 196 150 117 193 184 114 179 189 110 104 5
102 194 1304 1090 172 1384 1277 188 1127 1142 170 103 6
102 194 1485 1283 176 1361 1278 171 953 1015 152 108 7
102 100 192 169 115 172 181 109 126 123 99 98 8
109 138 1000 1044 172 1205 1435 201 107 106 108 106 9
100 150 1247 1274 187 1402 1624 213 109 99 103 98 10
119 105 219 206 110 173 196 113 110 110 106 15000 11
Chip#2
120 119 113 107 110 100 102 101 112 105 111 114 0
104 98 99 97 103 97 97 94 98 98 100 111 1
107 119 103 180 174 99 161 170 107 137 205 114 2
111 98 160 657 625 154 583 668 182 523 726 254 3
109 119 137 533 512 137 486 555 158 436 612 197 4
101 119 105 158 150 99 154 158 111 131 179 114 5
99 98 157 601 537 131 550 688 186 436 635 233 6
98 98 150 583 526 127 523 649 170 379 588 209 7
100 119 104 139 131 99 154 145 104 117 151 101 8
109 119 108 108 118 116 462 528 158 334 458 172 9
99 119 105 100 107 109 516 604 170 378 514 195 10
100 98 103 103 107 97 153 162 104 128 166 15000 11
Chip#3
0 0 0 12 0 0 0 0 0 0 0 0 241
0 0 0 12 0 0 0 0 0 0 0 0 241
0 0 0 12 0 0 0 0 0 0 0 0 241
0 0 0 12 0 0 0 0 0 0 0 0 241
0 0 0 12 0 0 0 0 0 0 0 0 241
0 0 0 12 0 0 0 0 0 0 0 0 241
0 0 0 12 0 0 0 0 0 0 0 0 241
0 0 0 12 0 0 0 0 0 0 0 0 241
0 0 0 12 0 0 0 0 0 0 0 0 241
0 0 0 12 0 0 0 0 0 0 0 0 241
0 0 0 12 0 0 0 0 0 0 0 0 241
0 0 0 12 0 0 0 0 0 0 0 15000 241
Chip#4
0 0 0 0 0 0 0 0 0 0 0 0 241
0 0 0 0 0 0 0 0 0 0 0 0 241
0 0 0 0 0 0 0 0 0 0 0 0 241
0 0 0 0 0 0 0 0 0 0 0 0 241
0 0 0 0 0 0 0 0 0 0 0 0 241
0 0 0 0 0 0 0 0 0 0 0 0 241
0 0 0 0 0 0 0 0 0 0 0 0 241
0 0 0 0 0 0 0 0 0 0 0 0 241
0 0 0 0 0 0 0 0 0 0 0 0 241
0 0 0 0 0 0 0 0 0 0 0 0 241
0 0 0 0 0 0 0 0 0 0 0 0 241
0 0 0 0 0 0 0 0 0 0 0 15000 241
Chip#1
158 128 127 111 111 107 104 104 115 116 120 115 0
142 123 107 102 102 105 101 100 102 103 108 111 1
142 113 197 139 106 222 177 99 242 235 105 108 2
115 248 1244 878 225 1385 1105 221 1291 1149 155 110 3
106 248 1245 883 189 1223 911 162 1046 850 121 103 4
106 103 196 147 114 186 178 110 175 186 108 104 5
102 180 1313 1105 173 1401 1292 184 1138 1145 167 99 6
97 194 1499 1291 174 1372 1297 168 957 1019 148 98 7
100 104 200 168 111 173 186 110 124 127 101 97 8
106 135 1016 1058 172 1222 1449 202 111 107 102 104 9
100 146 1288 1297 186 1411 1642 221 102 103 103 98 10
117 108 223 212 110 173 196 102 108 105 98 15000 11
Chip#2
121 119 116 111 115 104 107 102 109 112 116 122 0
110 98 102 100 105 96 98 96 100 96 103 114 1
106 119 107 185 173 102 161 173 101 137 205 114 2
101 98 166 665 639 155 591 677 179 530 738 252 3
107 119 144 544 530 136 492 557 158 442 621 201 4
106 119 110 156 151 105 154 158 106 131 181 114 5
106 119 166 614 550 136 566 689 185 445 644 234 6
99 98 149 597 532 122 531 653 175 384 589 209 7
103 98 108 139 136 103 154 152 107 119 153 112 8
96 98 100 103 107 103 455 528 142 327 457 164 9
100 119 103 108 107 116 523 608 167 383 521 199 10
105 98 109 105 113 103 157 163 111 135 173 15000 11
Chip#3
0 0 0 12 0 0 0 0 0 0 0 0 241
0 0 0 12 0 0 0 0 0 0 0 0 241
0 0 0 12 0 0 0 0 0 0 0 0 241
0 0 0 12 0 0 0 0 0 0 0 0 241
0 0 0 12 0 0 0 0 0 0 0 0 241
0 0 0 12 0 0 0 0 0 0 0 0 241
0 0 0 12 0 0 0 0 0 0 0 0 241
0 0 0 12 0 0 0 0 0 0 0 0 241
0 0 0 12 0 0 0 0 0 0 0 0 241
0 0 0 12 0 0 0 0 0 0 0 0 241
0 0 0 12 0 0 0 0 0 0 0 0 241
0 0 0 12 0 0 0 0 0 0 0 15000 241
Chip#4
0 0 0 0 0 0 0 0 0 0 0 0 241
0 0 0 0 0 0 0 0 0 0 0 0 241
0 0 0 0 0 0 0 0 0 0 0 0 241
0 0 0 0 0 0 0 0 0 0 0 0 241
0 0 0 0 0 0 0 0 0 0 0 0 241
0 0 0 0 0 0 0 0 0 0 0 0 241
0 0 0 0 0 0 0 0 0 0 0 0 241
0 0 0 0 0 0 0 0 0 0 0 0 241
0 0 0 0 0 0 0 0 0 0 0 0 241
0 0 0 0 0 0 0 0 0 0 0 0 241
0 0 0 0 0 0 0 0 0 0 0 0 241
0 0 0 0 0 0 0 0 0 0 0 15000 241
Chip#1
142 122 117 101 105 100 98 102 105 105 110 112 0
142 128 110 102 107 105 107 103 108 107 111 120 1
158 119 199 142 114 226 183 106 246 250 111 109 2
109 251 1272 877 221 1399 1107 214 1300 1157 149 105 3
104 252 1272 890 193 1238 916 169 1058 855 120 104 4
110 114 206 151 120 195 188 114 182 194 108 112 5
108 194 1319 1120 176 1416 1311 191 1146 1165 171 105 6
108 194 1544 1305 185 1391 1312 175 997 1038 152 106 7
103 103 196 171 121 176 190 111 130 127 103 105 8
102 132 1032 1070 172 1231 1464 199 107 101 103 103 9
105 149 1304 1311 192 1435 1666 221 107 104 101 103 10
113 105 219 208 109 167 200 102 107 101 102 15000 11
Chip#2
115 119 114 108 114 102 103 105 108 114 113 121 0
115 98 104 105 109 102 101 101 106 105 108 113 1
100 98 102 180 174 94 161 170 107 137 199 114 2
100 98 157 673 649 154 595 689 180 538 743 257 3
98 98 132 546 525 127 489 561 158 443 620 191 4
97 119 102 154 148 97 170 158 107 124 179 114 5
103 119 166 625 553 134 575 708 188 448 654 233 6
104 119 166 614 549 134 547 677 186 395 610 214 7
109 98 114 140 139 107 153 153 115 125 162 116 8
110 119 114 117 120 121 478 547 160 347 469 179 9
99 119 101 102 103 109 522 616 170 386 517 194 10
103 98 105 103 104 92 154 165 104 128 168 15000 11
Chip#3
0 0 0 12 0 0 0 0 0 0 0 0 241
0 0 0 12 0 0 0 0 0 0 0 0 241
0 0 0 12 0 0 0 0 0 0 0 0 241
0 0 0 12 0 0 0 0 0 0 0 0 241
0 0 0 12 0 0 0 0 0 0 0 0 241
0 0 0 12 0 0 0 0 0 0 0 0 241
0 0 0 12 0 0 0 0 0 0 0 0 241
0 0 0 12 0 0 0 0 0 0 0 0 241
0 0 0 12 0 0 0 0 0 0 0 0 241
0 0 0 12 0 0 0 0 0 0 0 0 241
0 0 0 12 0 0 0 0 0 0 0 0 241
0 0 0 12 0 0 0 0 0 0 0 15000 241
Chip#4
0 0 0 0 0 0 0 0 0 0 0 0 241
0 0 0 0 0 0 0 0 0 0 0 0 241
0 0 0 0 0 0 0 0 0 0 0 0 241
0 0 0 0 0 0 0 0 0 0 0 0 241
0 0 0 0 0 0 0 0 0 0 0 0 241
0 0 0 0 0 0 0 0 0 0 0 0 241
0 0 0 0 0 0 0 0 0 0 0 0 241
0 0 0 0 0 0 0 0 0 0 0 0 241
0 0 0 0 0 0 0 0 0 0 0 0 241
0 0 0 0 0 0 0 0 0 0 0 0 241
0 0 0 0 0 0 0 0 0 0 0 0 241
0 0 0 0 0 0 0 0 0 0 0 15000 241
Chip#1
142 123 109 103 100 99 97 99 102 105 109 110 0
142 126 109 106 100 99 101 100 107 105 113 112 1
142 117 201 141 108 229 180 109 254 250 106 108 2
111 252 1272 885 225 1410 1110 213 1302 1161 150 104 3
107 252 1288 893 194 1247 924 173 1068 873 120 108 4
102 102 193 146 114 186 180 109 174 184 105 104 5
102 194 1316 1129 173 1425 1320 191 1159 1173 164 103 6
111 194 1544 1314 192 1416 1331 181 994 1049 161 114 7
111 109 201 175 123 182 190 119 133 130 110 109 8
109 135 1048 1083 172 1250 1482 203 115 106 104 104 9
103 149 1304 1325 192 1442 1683 213 109 99 102 101 10
115 98 217 213 110 168 194 99 102 97 99 15000 11
Chip#2
117 119 114 111 112 110 108 108 113 110 108 116 0
105 119 98 103 99 98 98 96 106 101 99 114 1
110 98 108 186 178 102 163 180 107 146 208 119 2
103 119 166 685 652 155 611 696 182 547 750 260 3
105 119 143 563 533 138 508 575 159 453 634 198 4
110 119 110 165 159 109 151 162 114 134 186 116 5
107 119 166 638 569 140 584 720 195 455 658 241 6
99 119 166 619 546 129 547 675 180 397 608 211 7
105 119 108 138 132 103 154 152 106 114 148 114 8
105 98 105 108 109 111 471 543 158 336 464 173 9
101 119 105 107 105 111 534 624 170 388 523 201 10
100 119 103 105 102 97 155 162 100 127 165 15000 11
Chip#3
0 0 0 12 0 0 0 0 0 0 0 0 241
0 0 0 12 0 0 0 0 0 0 0 0 241
0 0 0 12 0 0 0 0 0 0 0 0 241
0 0 0 12 0 0 0 0 0 0 0 0 241
0 0 0 12 0 0 0 0 0 0 0 0 241
0 0 0 12 0 0 0 0 0 0 0 0 241
0 0 0 12 0 0 0 0 0 0 0 0 241
0 0 0 12 0 0 0 0 0 0 0 0 241
0 0 0 12 0 0 0 0 0 0 0 0 241
0 0 0 12 0 0 0 0 0 0 0 0 241
0 0 0 12 0 0 0 0 0 0 0 0 241
0 0 0 12 0 0 0 0 0 0 0 15000 241
Chip#4
0 0 0 0 0 0 0 0 0 0 0 0 241
0 0 0 0 0 0 0 0 0 0 0 0 241
0 0 0 0 0 0 0 0 0 0 0 0 241
0 0 0 0 0 0 0 0 0 0 0 0 241
0 0 0 0 0 0 0 0 0 0 0 0 241
0 0 0 0 0 0 0 0 0 0 0 0 241
0 0 0 0 0 0 0 0 0 0 0 0 241
0 0 0 0 0 0 0 0 0 0 0 0 241
0 0 0 0 0 0 0 0 0 0 0 0 241
0 0 0 0 0 0 0 0 0 0 0 0 241
0 0 0 0 0 0 0 0 0 0 0 0 241
0 0 0 0 0 0 0 0 0 0 0 15000 241
Chip#1
133 126 121 108 106 104 104 106 113 118 117 115 0
144 132 118 106 107 105 108 109 116 112 113 114 1
144 119 201 141 113 233 182 111 251 243 109 105 2
111 249 1304 892 220 1415 1122 214 1314 1176 147 96 3
106 249 1304 901 188 1248 932 171 1074 875 123 102 4
108 112 206 153 116 197 192 117 186 193 110 109 5
106 194 1345 1142 178 1441 1335 198 1169 1197 176 105 6
108 194 1544 1331 182 1418 1338 176 998 1057 152 104 7
109 113 204 172 123 185 190 113 127 129 105 99 8
103 130 1048 1089 172 1254 1514 202 107 104 98 98 9
104 158 1313 1339 192 1469 1701 214 108 110 104 103 10
115 100 219 211 106 172 200 105 102 98 103 15000 11
Chip#2
105 98 101 101 101 87 98 93 96 100 103 109 0
116 98 108 108 113 94 103 102 108 105 106 113 1
119 119 119 199 193 116 182 193 119 153 220 131 2
100 98 162 694 663 151 615 709 185 539 767 262 3
106 98 134 564 543 131 511 582 160 458 646 201 4
101 119 104 162 157 105 155 166 110 125 181 114 5
110 119 166 649 575 143 594 728 198 462 666 242 6
101 119 166 631 560 127 556 693 181 405 623 211 7
96 98 102 138 131 96 126 150 111 114 143 107 8
105 98 107 105 115 111 482 556 160 341 474 179 9
101 119 105 107 110 109 543 632 174 390 533 204 10
97 98 101 100 103 97 156 168 100 127 159 15000 11
Chip#3
0 0 0 12 0 0 0 0 0 0 0 0 241
0 0 0 12 0 0 0 0 0 0 0 0 241
0 0 0 12 0 0 0 0 0 0 0 0 241
0 0 0 12 0 0 0 0 0 0 0 0 241
0 0 0 12 0 0 0 0 0 0 0 0 241
0 0 0 12 0 0 0 0 0 0 0 0 241
0 0 0 12 0 0 0 0 0 0 0 0 241
0 0 0 12 0 0 0 0 0 0 0 0 241
0 0 0 12 0 0 0 0 0 0 0 0 241
0 0 0 12 0 0 0 0 0 0 0 0 241
0 0 0 12 0 0 0 0 0 0 0 0 241
0 0 0 12 0 0 0 0 0 0 0 15000 241
Chip#4
0 0 0 0 0 0 0 0 0 0 0 0 241
0 0 0 0 0 0 0 0 0 0 0 0 241
0 0 0 0 0 0 0 0 0 0 0 0 241
0 0 0 0 0 0 0 0 0 0 0 0 241
0 0 0 0 0 0 0 0 0 0 0 0 241
0 0 0 0 0 0 0 0 0 0 0 0 241
0 0 0 0 0 0 0 0 0 0 0 0 241
0 0 0 0 0 0 0 0 0 0 0 0 241
0 0 0 0 0 0 0 0 0 0 0 0 241
0 0 0 0 0 0 0 0 0 0 0 0 241
0 0 0 0 0 0 0 0 0 0 0 0 241
0 0 0 0 0 0 0 0 0 0 0 15000 241
Chip#1
142 126 120 111 107 104 104 113 111 113 117 115 0
146 131 116 108 110 109 104 105 115 113 116 119 1
146 120 209 145 111 231 176 109 250 250 108 106 2
112 257 1304 902 225 1428 1133 214 1325 1183 154 108 3
108 226 1288 907 193 1257 933 171 1074 881 125 104 4
111 114 202 153 120 198 186 114 190 195 112 112 5
100 181 1339 1142 176 1448 1339 188 1164 1179 170 99 6
100 194 1560 1327 179 1425 1341 169 1000 1049 146 101 7
108 109 208 175 121 180 189 111 131 129 104 101 8
106 134 1057 1103 172 1263 1530 209 114 106 102 104 9
108 156 1321 1349 194 1477 1708 214 111 101 104 103 10
118 104 223 214 110 176 201 105 110 105 101 15000 11
Chip#2
117 119 110 107 108 100 105 100 104 109 111 115 0
116 119 115 108 116 100 107 107 109 113 118 119 1
104 98 104 188 176 99 166 174 106 146 213 117 2
101 119 166 701 670 157 618 713 185 563 776 261 3
107 119 136 575 539 134 511 590 158 458 654 197 4
105 119 102 154 148 103 154 160 105 132 186 114 5
110 119 166 650 577 137 595 736 196 466 673 246 6
109 119 166 634 569 134 564 698 186 411 629 223 7
100 98 99 138 130 98 154 150 105 115 148 103 8
99 98 103 103 108 107 474 553 146 342 465 172 9
105 119 104 105 105 110 544 636 174 392 529 205 10
98 98 97 100 101 92 170 163 100 132 166 15000 11
Chip#3
0 0 0 12 0 0 0 0 0 0 0 0 241
0 0 0 12 0 0 0 0 0 0 0 0 241
0 0 0 12 0 0 0 0 0 0 0 0 241
0 0 0 12 0 0 0 0 0 0 0 0 241
0 0 0 12 0 0 0 0 0 0 0 0 241
0 0 0 12 0 0 0 0 0 0 0 0 241
0 0 0 12 0 0 0 0 0 0 0 0 241
0 0 0 12 0 0 0 0 0 0 0 0 241
0 0 0 12 0 0 0 0 0 0 0 0 241
0 0 0 12 0 0 0 0 0 0 0 0 241
0 0 0 12 0 0 0 0 0 0 0 0 241
0 0 0 12 0 0 0 0 0 0 0 15000 241
Chip#4
0 0 0 0 0 0 0 0 0 0 0 0 241
0 0 0 0 0 0 0 0 0 0 0 0 241
0 0 0 0 0 0 0 0 0 0 0 0 241
0 0 0 0 0 0 0 0 0 0 0 0 241
0 0 0 0 0 0 0 0 0 0 0 0 241
0 0 0 0 0 0 0 0 0 0 0 0 241
0 0 0 0 0 0 0 0 0 0 0 0 241
0 0 0 0 0 0 0 0 0 0 0 0 241
0 0 0 0 0 0 0 0 0 0 0 0 241
0 0 0 0 0 0 0 0 0 0 0 0 241
0 0 0 0 0 0 0 0 0 0 0 0 241
0 0 0 0 0 0 0 0 0 0 0 15000 241
Chip#1
142 132 125 111 110 107 107 114 113 117 118 117 0
158 129 114 104 107 102 98 103 106 107 110 113 1
146 129 222 155 119 242 191 117 261 248 119 118 2
119 265 1304 911 235 1451 1140 221 1335 1197 157 108 3
108 265 1313 914 193 1273 947 174 1088 885 125 104 4
102 109 199 148 119 192 178 110 175 186 106 100 5
104 194 1352 1155 181 1466 1349 190 1172 1196 167 106 6
103 210 1569 1344 188 1445 1359 175 1013 1065 154 101 7
101 102 196 174 111 177 186 105 124 122 99 96 8
106 137 1057 1107 172 1278 1530 203 109 98 99 102 9
103 151 1336 1354 193 1486 1726 214 107 99 99 101 10
116 104 219 213 111 173 199 109 106 103 103 15000 11
Chip#2
117 119 114 108 114 103 106 102 108 108 107 114 0
110 119 104 103 107 98 107 103 105 107 107 114 1
105 119 107 192 183 100 170 181 107 143 208 119 2
106 98 166 711 679 160 636 736 190 540 784 265 3
104 98 135 583 550 133 520 594 158 465 655 198 4
106 119 113 162 154 109 158 173 115 138 187 114 5
98 98 152 653 576 131 596 736 190 466 670 236 6
101 119 166 642 570 129 571 709 183 405 632 221 7
103 98 107 140 130 105 154 152 106 121 154 107 8
107 98 107 106 113 111 489 565 159 345 478 175 9
105 98 105 112 108 115 551 656 177 400 540 209 10
104 119 103 110 107 94 157 166 100 133 171 15000 11
Chip#3
0 0 0 12 0 0 0 0 0 0 0 0 241
0 0 0 12 0 0 0 0 0 0 0 0 241
0 0 0 12 0 0 0 0 0 0 0 0 241
0 0 0 12 0 0 0 0 0 0 0 0 241
0 0 0 12 0 0 0 0 0 0 0 0 241
0 0 0 12 0 0 0 0 0 0 0 0 241
0 0 0 12 0 0 0 0 0 0 0 0 241
0 0 0 12 0 0 0 0 0 0 0 0 241
0 0 0 12 0 0 0 0 0 0 0 0 241
0 0 0 12 0 0 0 0 0 0 0 0 241
0 0 0 12 0 0 0 0 0 0 0 0 241
0 0 0 12 0 0 0 0 0 0 0 15000 241
Chip#4
0 0 0 0 0 0 0 0 0 0 0 0 241
0 0 0 0 0 0 0 0 0 0 0 0 241
0 0 0 0 0 0 0 0 0 0 0 0 241
0 0 0 0 0 0 0 0 0 0 0 0 241
0 0 0 0 0 0 0 0 0 0 0 0 241
0 0 0 0 0 0 0 0 0 0 0 0 241
0 0 0 0 0 0 0 0 0 0 0 0 241
0 0 0 0 0 0 0 0 0 0 0 0 241
0 0 0 0 0 0 0 0 0 0 0 0 241
0 0 0 0 0 0 0 0 0 0 0 0 241
0 0 0 0 0 0 0 0 0 0 0 0 241
0 0 0 0 0 0 0 0 0 0 0 15000 241
Chip#1
142 127 118 110 107 105 105 108 111 111 118 113 0
142 128 110 106 107 108 102 103 111 116 113 117 1
142 121 206 142 113 231 186 117 253 243 112 111 2
113 257 1313 910 232 1446 1145 214 1338 1196 156 104 3
104 258 1313 917 195 1281 950 174 1087 890 130 104 4
100 103 201 146 111 192 183 110 180 189 106 98 5
100 194 1362 1161 172 1468 1350 192 1181 1195 166 93 6
112 210 1571 1359 188 1443 1366 181 1016 1067 163 111 7
102 98 199 170 116 175 192 109 124 124 99 98 8
108 138 1048 1118 170 1287 1522 206 113 111 111 106 9
108 158 1339 1371 193 1503 1739 215 115 106 110 110 10
114 103 223 213 107 173 202 110 106 101 104 15000 11
Chip#2
111 119 110 105 103 97 102 100 98 103 102 111 0
116 119 109 108 113 108 103 109 109 108 107 115 1
99 119 101 188 180 97 162 180 102 140 209 114 2
98 119 166 711 686 160 634 736 186 542 796 267 3
106 119 149 597 566 141 529 611 166 481 664 207 4
102 98 104 158 149 100 153 164 105 133 186 110 5
106 98 166 666 590 137 608 752 195 473 684 241 6
107 98 166 653 576 136 575 718 191 415 639 221 7
112 119 117 152 142 115 157 160 121 132 165 115 8
106 98 110 107 113 119 495 573 159 352 481 176 9
104 119 107 105 112 111 553 648 177 404 539 204 10
104 98 104 105 108 102 162 166 102 134 170 15000 11
Chip#3
0 0 0 12 0 0 0 0 0 0 0 0 241
0 0 0 12 0 0 0 0 0 0 0 0 241
0 0 0 12 0 0 0 0 0 0 0 0 241
0 0 0 12 0 0 0 0 0 0 0 0 241
0 0 0 12 0 0 0 0 0 0 0 0 241
0 0 0 12 0 0 0 0 0 0 0 0 241
0 0 0 12 0 0 0 0 0 0 0 0 241
0 0 0 12 0 0 0 0 0 0 0 0 241
0 0 0 12 0 0 0 0 0 0 0 0 241
0 0 0 12 0 0 0 0 0 0 0 0 241
0 0 0 12 0 0 0 0 0 0 0 0 241
0 0 0 12 0 0 0 0 0 0 0 15000 241
Chip#4
0 0 0 0 0 0 0 0 0 0 0 0 241
0 0 0 0 0 0 0 0 0 0 0 0 241
0 0 0 0 0 0 0 0 0 0 0 0 241
0 0 0 0 0 0 0 0 0 0 0 0 241
0 0 0 0 0 0 0 0 0 0 0 0 241
0 0 0 0 0 0 0 0 0 0 0 0 241
0 0 0 0 0 0 0 0 0 0 0 0 241
0 0 0 0 0 0 0 0 0 0 0 0 241
0 0 0 0 0 0 0 0 0 0 0 0 241
0 0 0 0 0 0 0 0 0 0 0 0 241
0 0 0 0 0 0 0 0 0 0 0 0 241
0 0 0 0 0 0 0 0 0 0 0 15000 241
Chip#1
132 125 114 105 103 103 99 102 106 111 111 112 0
144 132 113 110 106 107 106 106 111 112 114 115 1
144 120 201 143 110 236 183 108 249 242 112 114 2
109 257 1313 908 227 1446 1142 221 1337 1195 154 102 3
100 226 1304 919 190 1277 946 162 1098 885 124 100 4
101 105 193 147 108 191 187 114 179 187 102 103 5
108 194 1368 1167 180 1476 1369 195 1189 1204 176 104 6
101 210 1572 1352 177 1440 1364 171 1006 1065 150 98 7
108 107 204 182 121 182 195 115 130 128 109 105 8
105 135 1057 1118 172 1302 1524 204 110 103 103 106 9
103 152 1342 1367 190 1495 1738 221 103 101 102 102 10
116 107 224 217 114 177 203 105 101 101 105 15000 11
Chip#2
119 119 111 105 107 102 106 106 106 105 110 119 0
110 119 107 100 104 95 102 99 105 100 105 115 1
94 98 99 185 171 90 160 171 104 135 205 114 2
101 119 166 717 697 160 643 736 196 549 804 271 3
104 98 135 588 565 133 532 609 160 476 667 198 4
110 119 110 169 156 110 160 175 116 139 190 114 5
103 119 166 676 591 136 611 768 195 474 683 240 6
109 119 166 664 588 140 582 736 190 422 654 227 7
101 119 102 139 131 98 154 151 107 116 153 105 8
98 98 105 101 108 105 489 570 158 343 476 169 9
102 119 101 106 104 112 554 655 175 400 540 204 10
105 119 108 110 112 103 162 173 109 140 175 15000 11
Chip#3
0 0 0 12 0 0 0 0 0 0 0 0 241
0 0 0 12 0 0 0 0 0 0 0 0 241
0 0 0 12 0 0 0 0 0 0 0 0 241
0 0 0 12 0 0 0 0 0 0 0 0 241
0 0 0 12 0 0 0 0 0 0 0 0 241
0 0 0 12 0 0 0 0 0 0 0 0 241
0 0 0 12 0 0 0 0 0 0 0 0 241
0 0 0 12 0 0 0 0 0 0 0 0 241
0 0 0 12 0 0 0 0 0 0 0 0 241
0 0 0 12 0 0 0 0 0 0 0 0 241
0 0 0 12 0 0 0 0 0 0 0 0 241
0 0 0 12 0 0 0 0 0 0 0 15000 241
Chip#4
0 0 0 0 0 0 0 0 0 0 0 0 241
0 0 0 0 0 0 0 0 0 0 0 0 241
0 0 0 0 0 0 0 0 0 0 0 0 241
0 0 0 0 0 0 0 0 0 0 0 0 241
0 0 0 0 0 0 0 0 0 0 0 0 241
0 0 0 0 0 0 0 0 0 0 0 0 241
0 0 0 0 0 0 0 0 0 0 0 0 241
0 0 0 0 0 0 0 0 0 0 0 0 241
0 0 0 0 0 0 0 0 0 0 0 0 241
0 0 0 0 0 0 0 0 0 0 0 0 241
0 0 0 0 0 0 0 0 0 0 0 0 241
0 0 0 0 0 0 0 0 0 0 0 15000 241
Chip#1
142 131 118 110 107 100 107 105 110 113 116 112 0
148 132 116 110 106 103 105 105 110 110 114 116 1
148 119 199 143 111 230 178 106 251 241 109 108 2
119 263 1319 921 238 1469 1156 217 1355 1214 161 111 3
104 240 1313 924 195 1281 953 171 1097 893 121 105 4
108 106 205 153 118 200 189 113 188 195 110 106 5
108 194 1373 1177 182 1485 1372 196 1194 1216 176 105 6
105 210 1583 1378 190 1465 1379 180 1025 1081 157 110 7
110 104 201 177 118 185 195 111 129 132 106 101 8
108 131 1057 1127 169 1302 1534 204 107 101 102 98 9
100 154 1347 1377 187 1509 1787 214 101 99 98 97 10
116 108 224 220 111 172 202 113 108 105 103 15000 11
Chip#2
120 119 114 112 115 110 109 106 110 106 113 116 0
111 98 104 107 108 97 102 102 109 103 106 115 1
109 119 109 198 184 99 172 184 105 147 215 120 2
105 98 166 726 701 163 685 752 192 558 811 273 3
104 98 139 604 572 134 539 616 160 481 681 205 4
107 119 107 169 163 111 162 175 115 143 196 114 5
109 98 166 680 596 139 618 754 200 477 696 248 6
105 98 166 672 595 137 588 728 193 421 654 222 7
106 98 107 144 137 103 154 158 114 122 158 111 8
104 119 104 107 110 110 490 573 158 348 482 172 9
103 119 109 108 113 117 565 664 182 407 547 209 10
106 119 109 111 110 100 166 177 109 137 176 15000 11
Chip#3
0 0 0 12 0 0 0 0 0 0 0 0 241
0 0 0 12 0 0 0 0 0 0 0 0 241
0 0 0 12 0 0 0 0 0 0 0 0 241
0 0 0 12 0 0 0 0 0 0 0 0 241
0 0 0 12 0 0 0 0 0 0 0 0 241
0 0 0 12 0 0 0 0 0 0 0 0 241
0 0 0 12 0 0 0 0 0 0 0 0 241
0 0 0 12 0 0 0 0 0 0 0 0 241
0 0 0 12 0 0 0 0 0 0 0 0 241
0 0 0 12 0 0 0 0 0 0 0 0 241
0 0 0 12 0 0 0 0 0 0 0 0 241
0 0 0 12 0 0 0 0 0 0 0 15000 241
Chip#4
0 0 0 0 0 0 0 0 0 0 0 0 241
0 0 0 0 0 0 0 0 0 0 0 0 241
0 0 0 0 0 0 0 0 0 0 0 0 241
0 0 0 0 0 0 0 0 0 0 0 0 241
0 0 0 0 0 0 0 0 0 0 0 0 241
0 0 0 0 0 0 0 0 0 0 0 0 241
0 0 0 0 0 0 0 0 0 0 0 0 241
0 0 0 0 0 0 0 0 0 0 0 0 241
0 0 0 0 0 0 0 0 0 0 0 0 241
0 0 0 0 0 0 0 0 0 0 0 0 241
0 0 0 0 0 0 0 0 0 0 0 0 241
0 0 0 0 0 0 0 0 0 0 0 15000 241
